511.000000 1 2.000000 0.584409 11.562779 -2.077950 2.232418 9.301568 9.301568 
511.000000 2 2.000000 0.822754 10.452129 4.070541 -0.874065 17.333296 17.333296 
511.000000 3 2.000000 0.809838 5.274223 2.313821 -2.804910 13.221284 13.221284 
511.000000 4 2.000000 0.000001 12.764493 2.557049 -2.932230 15.136472 15.136472 
511.000000 5 2.000000 0.437001 17.578582 0.154816 -8.071391 65.171317 65.171317 
511.000000 6 2.000000 0.389479 19.182563 -4.070136 -1.362393 18.422124 18.422124 
511.000000 7 2.000000 0.903484 2.165827 3.011609 1.054321 10.181380 10.181380 
511.000000 8 2.000000 0.275780 18.724401 -2.414064 7.444883 61.253987 61.253987 
511.000000 9 2.000000 0.794618 6.946215 5.297449 6.020965 64.314981 64.314981 
511.000000 10 2.000000 0.086264 4.734513 0.862633 0.928000 1.605320 1.605320 
511.000000 11 2.000000 0.637713 17.646364 -1.207621 -7.845451 63.009447 63.009447 
511.000000 12 2.000000 0.999999 2.256980 -8.329702 -7.242049 121.831195 121.831195 
511.000000 13 2.000000 0.215805 18.610538 -0.784194 5.015749 25.772695 25.772695 
511.000000 14 2.000000 0.197684 16.678325 -2.005786 7.559850 61.174512 61.174512 
511.000000 15 2.000000 0.938174 6.988222 -0.412169 -2.175931 4.904558 4.904558 
511.000000 16 2.000000 0.784839 16.492210 5.232256 -5.011127 52.487890 52.487890 
511.000000 17 2.000000 0.317554 2.834965 -0.161644 -6.377432 40.697762 40.697762 
511.000000 18 2.000000 0.372962 1.626815 -4.180248 -2.486633 23.657820 23.657820 
511.000000 19 2.000000 0.462656 5.707197 -1.194096 0.184234 1.459807 1.459807 
511.000000 20 2.000000 0.584321 9.565416 -1.168121 4.391937 20.653614 20.653614 
511.000000 21 2.000000 0.000001 3.666013 3.045995 -3.922264 24.662241 24.662241 
511.000000 22 2.000000 0.438850 2.753860 -5.611495 2.203087 36.342466 36.342466 
511.000000 23 2.000000 0.819706 0.865332 3.268173 -0.667778 11.126886 11.126886 
511.000000 24 2.000000 0.492225 10.388020 1.968895 2.252719 8.951291 8.951291 
511.000000 25 2.000000 0.831172 8.001209 1.385286 -0.495729 2.164764 2.164764 
511.000000 26 2.000000 0.164133 13.789027 -4.179330 0.061075 17.470531 17.470531 
511.000000 27 2.000000 0.164409 11.404179 -0.782868 -0.245401 0.673104 0.673104 
511.000000 28 2.000000 0.257598 13.367935 5.151939 -4.145040 43.723832 43.723832 
511.000000 29 2.000000 0.488509 13.489065 3.256719 -2.323019 16.002636 16.002636 
511.000000 30 2.000000 0.498455 1.358553 0.768496 1.633304 3.258267 3.258267 
511.000000 31 2.000000 0.523425 5.673022 2.617119 -3.016206 15.946810 15.946810 
511.000000 32 2.000000 0.716229 0.979665 -5.675395 -1.735450 35.221901 35.221901 
511.000000 33 2.000000 0.044966 3.875831 -3.183442 -3.514998 22.489519 22.489519 
511.000000 34 2.000000 0.999999 2.017573 -1.620919 -2.125396 7.144685 7.144685 
511.000000 35 2.000000 0.972538 7.981135 0.879572 -2.418405 6.622330 6.622330 
511.000000 36 2.000000 0.049512 8.215784 -2.715676 4.324096 26.072704 26.072704 
511.000000 37 2.000000 0.964007 12.179055 2.754303 -2.311728 12.930270 12.930270 
511.000000 38 2.000000 0.999999 4.475837 -3.407283 -1.147085 12.925381 12.925381 
511.000000 39 2.000000 0.640152 7.392143 4.267674 1.426817 20.248851 20.248851 
511.000000 40 2.000000 0.718422 13.237304 -5.631544 -1.442046 33.793787 33.793787 
511.000000 41 2.000000 0.728048 12.363723 1.456093 -1.234935 3.645272 3.645272 
511.000000 42 2.000000 0.276598 15.423425 2.765967 -2.473824 13.770376 13.770376 
511.000000 43 2.000000 0.144587 5.744710 2.891726 -2.447023 14.350001 14.350001 
511.000000 44 2.000000 0.999999 11.082297 -3.398407 6.838240 58.310703 58.310703 
511.000000 45 2.000000 0.091789 7.061487 1.835764 -3.282316 14.143626 14.143626 
511.000000 46 2.000000 0.344785 9.647148 1.379137 -3.267703 12.579902 12.579902 
511.000000 47 2.000000 0.830601 7.753466 2.768665 -1.488363 9.880733 9.880733 
511.000000 48 2.000000 0.191701 0.696181 -1.469633 1.989085 6.116278 6.116278 
511.000000 49 2.000000 0.656165 16.730705 -2.292225 2.753291 12.834907 12.834907 
511.000000 50 2.000000 0.579687 4.847340 5.796858 -0.368162 33.739106 33.739106 
511.000000 51 2.000000 0.999999 16.438095 -6.257689 -2.305978 44.476213 44.476213 
511.000000 52 2.000000 0.160370 12.263829 -1.199470 -3.630623 14.620153 14.620153 
511.000000 53 2.000000 0.119647 11.946963 -1.354388 -0.337221 1.948085 1.948085 
511.000000 54 2.000000 0.534552 11.090688 -1.861788 2.245295 8.507604 8.507604 
511.000000 55 2.000000 0.418135 16.059804 4.181339 3.626013 30.631570 30.631570 
511.000000 56 2.000000 0.739135 14.839757 -1.739095 -1.424530 5.053737 5.053737 
511.000000 57 2.000000 0.320910 19.952868 0.713132 1.468912 2.666261 2.666261 
511.000000 58 2.000000 0.974106 7.789160 4.386885 0.412048 19.414540 19.414540 
511.000000 59 2.000000 0.700914 3.381655 4.672756 -4.683179 43.766813 43.766813 
511.000000 60 2.000000 0.626822 5.676471 1.567053 8.733030 78.721473 78.721473 
511.000000 61 2.000000 0.514354 11.964010 -1.875250 -1.023429 4.563970 4.563970 
511.000000 62 2.000000 0.779157 8.689514 0.916654 -1.959350 4.679305 4.679305 
511.000000 63 2.000000 0.999999 2.436091 -8.736636 -0.059695 76.332378 76.332378 
511.000000 64 2.000000 0.999999 5.393000 -4.318525 4.111128 35.551034 35.551034 
511.000000 65 2.000000 0.110202 6.767295 -5.931981 2.293998 40.450822 40.450822 
511.000000 66 2.000000 0.191526 11.737149 0.031204 -2.489776 6.199958 6.199958 
511.000000 67 2.000000 0.773458 3.654576 -1.510272 -3.254778 12.874499 12.874499 
511.000000 68 2.000000 0.652781 10.912920 -3.472178 -2.864825 20.263236 20.263236 
511.000000 69 2.000000 0.783810 17.176679 -4.323783 -8.066628 83.765587 83.765587 
511.000000 70 2.000000 0.870865 5.715264 1.161152 4.082330 18.013696 18.013696 
511.000000 71 2.000000 0.780417 15.419811 -4.391648 -2.954960 28.018360 28.018360 
511.000000 72 2.000000 0.245958 9.297136 0.307446 0.008752 0.094599 0.094599 
511.000000 73 2.000000 0.403231 5.040565 0.620354 -5.028770 25.673370 25.673370 
511.000000 74 2.000000 0.116489 15.338203 -1.963355 -4.445392 23.616269 23.616269 
511.000000 75 2.000000 0.681490 13.237954 -6.370180 -1.980285 44.500727 44.500727 
511.000000 76 2.000000 0.700869 19.595423 -2.991298 0.704461 9.444132 9.444132 
511.000000 77 2.000000 0.999999 17.327205 -5.621398 3.271300 42.301518 42.301518 
511.000000 78 2.000000 0.000001 3.615068 1.273019 -5.359849 30.348562 30.348562 
511.000000 79 2.000000 0.345270 12.122924 6.905378 3.190393 57.862849 57.862849 
511.000000 80 2.000000 0.733587 12.708816 -2.664121 2.491543 13.305329 13.305329 
511.000000 81 2.000000 0.177639 7.684573 0.592127 1.578970 2.843762 2.843762 
511.000000 82 2.000000 0.942349 8.941770 6.282317 -0.452189 39.671978 39.671978 
511.000000 83 2.000000 0.750020 14.141275 1.500037 1.328723 4.015617 4.015617 
511.000000 84 2.000000 0.505901 0.084292 3.372669 -8.359216 81.251386 81.251386 
511.000000 85 2.000000 0.856624 16.800538 8.566232 1.631893 76.043404 76.043404 
511.000000 86 2.000000 0.999999 8.696824 -3.458284 3.865902 26.904930 26.904930 
511.000000 87 2.000000 0.236009 4.849844 -3.055961 -7.553338 66.391810 66.391810 
511.000000 88 2.000000 0.412070 6.791577 4.120689 -5.505405 47.289555 47.289555 
511.000000 89 2.000000 0.647530 2.936809 -0.332291 -6.344431 40.362218 40.362218 
511.000000 90 2.000000 0.657386 18.240439 -6.852268 0.525072 47.229283 47.229283 
511.000000 91 2.000000 0.499606 12.028110 -10.007868 -0.476462 100.384429 100.384429 
511.000000 92 2.000000 0.154626 15.899751 3.092493 2.835760 17.605043 17.605043 
511.000000 93 2.000000 0.128164 9.959070 2.563259 -3.809883 21.085505 21.085505 
511.000000 94 2.000000 0.622353 8.433469 -7.552915 -4.596646 78.175681 78.175681 
511.000000 95 2.000000 0.884116 5.404091 -1.158829 -1.720907 4.304405 4.304405 
511.000000 96 2.000000 0.313230 11.575026 -2.747076 0.692048 8.025358 8.025358 
511.000000 97 2.000000 0.176563 1.551712 3.531235 1.410647 14.459547 14.459547 
511.000000 98 2.000000 0.130916 16.593977 -2.172708 -1.885366 8.275264 8.275264 
511.000000 99 2.000000 0.044204 3.174666 -0.455140 0.109813 0.219212 0.219212 
511.000000 100 2.000000 0.785956 8.293368 -4.280861 -5.751801 51.408990 51.408990 
511.000000 101 2.000000 0.283399 3.870261 5.667951 -2.234219 37.117404 37.117404 
511.000000 102 2.000000 0.251061 17.737689 -0.369514 5.052076 25.660012 25.660012 
511.000000 103 2.000000 0.401042 13.476955 2.673604 4.493570 27.340336 27.340336 
511.000000 104 2.000000 0.999999 0.668368 -1.537466 2.227890 7.327294 7.327294 
511.000000 105 2.000000 0.764522 8.545555 3.058085 7.699095 68.627941 68.627941 
511.000000 106 2.000000 0.000001 5.745918 4.548930 -6.953210 69.039892 69.039892 
511.000000 107 2.000000 0.138082 2.716252 2.761614 3.621668 20.742986 20.742986 
511.000000 108 2.000000 0.523873 9.292659 -3.334064 -3.252873 21.697167 21.697167 
511.000000 109 2.000000 0.000001 0.275639 2.123579 5.512765 34.900162 34.900162 
511.000000 110 2.000000 0.948795 3.649268 1.897589 2.703161 10.907920 10.907920 
511.000000 111 2.000000 0.573142 18.674265 3.820943 2.313167 19.950350 19.950350 
511.000000 112 2.000000 0.000001 16.004667 3.301015 2.652402 17.931934 17.931934 
511.000000 113 2.000000 0.828287 5.226866 -0.621791 -3.549555 12.985967 12.985967 
511.000000 114 2.000000 0.534068 3.287220 1.519076 2.737664 9.802397 9.802397 
511.000000 115 2.000000 0.653142 19.999999 6.531412 -6.203654 81.144672 81.144672 
511.000000 116 2.000000 0.457225 15.772405 3.048159 1.957971 13.124925 13.124925 
511.000000 117 2.000000 0.779198 17.251180 -4.416025 -0.605480 19.867882 19.867882 
511.000000 118 2.000000 0.999999 18.425057 -5.664139 -3.945474 47.649240 47.649240 
511.000000 119 2.000000 0.334753 3.065871 6.695041 3.828263 59.479170 59.479170 
511.000000 120 2.000000 0.307522 0.000001 0.279565 2.022593 4.169039 4.169039 
511.000000 121 2.000000 0.780301 7.787029 3.901499 0.317715 15.322638 15.322638 
511.000000 122 2.000000 0.062533 4.843860 -1.442256 -3.306994 13.016310 13.016310 
511.000000 123 2.000000 0.000001 14.752728 4.640624 -1.566960 23.990752 23.990752 
511.000000 124 2.000000 0.477662 0.339387 0.868475 -1.941746 4.524627 4.524627 
511.000000 125 2.000000 0.501928 13.727200 -3.320476 -0.536207 11.313078 11.313078 
511.000000 126 2.000000 0.896813 13.879159 -2.063726 4.673151 26.097306 26.097306 
511.000000 127 2.000000 0.000001 17.019982 2.497495 -0.695072 6.720607 6.720607 
511.000000 128 2.000000 0.000001 0.639196 5.256781 2.130649 32.173407 32.173407 
511.000000 129 2.000000 0.564948 18.348365 0.488132 2.797760 8.065733 8.065733 
511.000000 130 2.000000 0.784404 8.160471 7.844027 1.163452 62.882373 62.882373 
511.000000 131 2.000000 0.686687 8.703775 -6.266246 -2.443459 45.236334 45.236334 
511.000000 132 2.000000 0.000001 14.422851 4.349873 -3.014675 28.009659 28.009659 
511.000000 133 2.000000 0.558361 13.133738 1.552820 -6.157372 40.324486 40.324486 
511.000000 134 2.000000 0.466451 8.279975 -5.335484 -3.842631 43.233199 43.233199 
511.000000 135 2.000000 0.362228 9.157059 -3.188854 -7.587804 67.743551 67.743551 
511.000000 136 2.000000 0.000001 19.596300 2.225145 -2.691325 12.194502 12.194502 
511.000000 137 2.000000 0.998395 4.252974 2.218653 -0.846961 5.639765 5.639765 
511.000000 138 2.000000 0.427190 12.943030 -2.864047 -2.619957 15.066942 15.066942 
511.000000 139 2.000000 0.463664 7.604214 1.545543 1.085188 3.566338 3.566338 
511.000000 140 2.000000 0.580292 19.810681 5.802910 -3.786352 48.010220 48.010220 
511.000000 141 2.000000 0.790453 14.127779 -0.726309 2.598692 7.280727 7.280727 
511.000000 142 2.000000 0.053728 18.090892 0.537266 -2.727295 7.726795 7.726795 
511.000000 143 2.000000 0.565306 8.049595 -0.174050 6.999647 49.025352 49.025352 
511.000000 144 2.000000 0.381545 17.957497 0.586991 -2.440009 6.298203 6.298203 
511.000000 145 2.000000 0.947189 18.465009 3.157295 -2.718219 17.357224 17.357224 
511.000000 146 2.000000 0.245437 16.951148 2.454364 0.367088 6.158658 6.158658 
511.000000 147 2.000000 0.905614 7.445845 -1.887695 0.743704 4.116489 4.116489 
511.000000 148 2.000000 0.203255 4.641068 1.355025 -3.896876 17.021739 17.021739 
511.000000 149 2.000000 0.441002 3.888288 1.470003 -1.163751 3.515225 3.515225 
511.000000 150 2.000000 0.999999 6.941366 -7.645452 1.436595 60.516739 60.516739 
511.000000 151 2.000000 0.249918 11.296416 -3.000324 -1.957943 12.835485 12.835485 
511.000000 152 2.000000 0.223879 6.196092 0.746261 1.365134 2.420497 2.420497 
511.000000 153 2.000000 0.446866 10.330550 -3.674373 -3.321657 24.534420 24.534420 
511.000000 154 2.000000 0.999999 7.573955 -1.572402 -4.130513 19.533588 19.533588 
511.000000 155 2.000000 0.699352 8.483277 -6.012946 -3.067459 45.564829 45.564829 
511.000000 156 2.000000 0.728284 3.034152 1.618407 1.071141 3.766584 3.766584 
511.000000 157 2.000000 0.629398 4.558967 -0.673819 3.647173 13.755904 13.755904 
511.000000 158 2.000000 0.887549 18.522418 2.535851 0.141284 6.450501 6.450501 
511.000000 159 2.000000 0.701628 16.041772 -1.193485 -3.166582 11.451649 11.451649 
511.000000 160 2.000000 0.517157 1.352800 -1.238949 0.391560 1.688314 1.688314 
511.000000 161 2.000000 0.071705 3.464723 -9.282942 6.299495 125.856654 125.856654 
511.000000 162 2.000000 0.482972 12.794780 -2.585135 1.717102 9.631364 9.631364 
511.000000 163 2.000000 0.999999 17.738021 -3.058967 1.747721 12.411810 12.411810 
511.000000 164 2.000000 0.010989 15.471616 -0.865137 2.361784 6.326484 6.326484 
511.000000 165 2.000000 0.000001 3.859202 2.421703 -3.240857 16.367798 16.367798 
511.000000 166 2.000000 0.999999 16.659063 -3.190635 -3.740971 24.175015 24.175015 
511.000000 167 2.000000 0.999999 15.384773 -3.473898 1.598471 14.623074 14.623074 
511.000000 168 2.000000 0.999999 15.762667 -0.261532 3.261386 10.705038 10.705038 
511.000000 169 2.000000 0.566824 13.385111 1.619495 1.889178 6.191757 6.191757 
511.000000 170 2.000000 0.000001 6.648534 3.214947 2.023092 14.428786 14.428786 
511.000000 171 2.000000 0.102474 14.364232 -0.249313 -1.295579 1.740681 1.740681 
511.000000 172 2.000000 0.543319 4.220040 1.552338 -0.664649 2.851512 2.851512 
511.000000 173 2.000000 0.925127 16.614729 4.625630 0.142418 21.416740 21.416740 
511.000000 174 2.000000 0.999999 12.124565 -7.971283 3.277682 74.284554 74.284554 
511.000000 175 2.000000 0.148001 1.598053 -1.310766 -4.332339 20.487264 20.487264 
511.000000 176 2.000000 0.730061 14.190008 -2.104190 4.139817 21.565703 21.565703 
511.000000 177 2.000000 0.854860 3.129282 -2.902775 6.953957 56.783622 56.783622 
511.000000 178 2.000000 0.794870 18.861213 3.974346 -1.748455 18.852518 18.852518 
511.000000 179 2.000000 0.586703 13.014996 1.955673 1.439667 5.897299 5.897299 
511.000000 180 2.000000 0.331907 13.630794 -2.226975 0.967843 5.896137 5.896137 
511.000000 181 2.000000 0.799473 16.197820 1.998679 0.169802 4.023551 4.023551 
511.000000 182 2.000000 0.999999 16.910822 -2.784722 1.844746 11.157766 11.157766 
511.000000 183 2.000000 0.052769 11.594872 -6.314865 1.540105 42.249447 42.249447 
511.000000 184 2.000000 0.766016 1.962831 -4.679664 5.608087 53.349889 53.349889 
511.000000 185 2.000000 0.961284 11.601527 3.204276 -3.732654 24.200096 24.200096 
511.000000 186 2.000000 0.762112 19.909157 -2.094033 0.216591 4.431884 4.431884 
511.000000 187 2.000000 0.940960 5.883823 6.273060 1.500529 41.602871 41.602871 
511.000000 188 2.000000 0.221971 14.601526 4.439409 2.093923 24.092869 24.092869 
511.000000 189 2.000000 0.706282 15.847417 -0.734293 -0.400021 0.699202 0.699202 
511.000000 190 2.000000 0.519814 2.351815 -3.201237 4.287914 28.634121 28.634121 
511.000000 191 2.000000 0.094133 17.182152 -2.264664 1.421757 7.150097 7.150097 
511.000000 192 2.000000 0.000001 11.818391 2.795616 1.092761 9.009596 9.009596 
511.000000 193 2.000000 0.369842 14.837236 -1.400349 3.231207 12.401678 12.401678 
511.000000 194 2.000000 0.691996 3.220222 2.306651 5.854948 39.601057 39.601057 
511.000000 195 2.000000 0.000001 1.925728 12.020634 2.187034 149.278752 149.278752 
511.000000 196 2.000000 0.999999 6.033476 -5.303285 -0.659721 28.560063 28.560063 
511.000000 197 2.000000 0.530580 8.487912 -0.221823 0.721710 0.570070 0.570070 
511.000000 198 2.000000 0.338235 9.014776 -4.411763 -0.176639 19.494855 19.494855 
511.000000 199 2.000000 0.970990 0.966339 1.941977 2.760966 11.394208 11.394208 
511.000000 200 2.000000 0.255740 10.546989 -4.961728 -1.257144 26.199156 26.199156 
511.000000 201 2.000000 0.000001 3.556767 8.888451 -0.408701 79.171595 79.171595 
511.000000 202 2.000000 0.975624 10.472610 1.219529 -3.123734 11.244964 11.244964 
511.000000 203 2.000000 0.487831 0.718630 9.756604 4.790858 118.143647 118.143647 
511.000000 204 2.000000 0.464339 13.114102 -2.918636 0.270545 8.591631 8.591631 
511.000000 205 2.000000 0.897838 18.179185 -2.043216 1.761940 7.279166 7.279166 
511.000000 206 2.000000 0.897881 9.539063 8.978804 3.162405 90.619719 90.619719 
511.000000 207 2.000000 0.293021 12.087275 2.930204 -3.699067 22.269196 22.269196 
511.000000 208 2.000000 0.050638 1.880867 -2.712460 -6.681067 51.994096 51.994096 
511.000000 209 2.000000 0.606274 2.564005 0.586364 4.273339 18.605251 18.605251 
511.000000 210 2.000000 0.315686 0.375923 6.313704 -4.510145 60.204263 60.204263 
511.000000 211 2.000000 0.000001 15.269611 8.366714 -2.226948 74.961210 74.961210 
511.000000 212 2.000000 0.182057 4.376447 3.641116 0.955638 14.170973 14.170973 
511.000000 213 2.000000 0.749792 19.975057 -2.120976 1.769727 7.630471 7.630471 
511.000000 214 2.000000 0.438493 3.515357 -2.807529 -1.430185 9.927649 9.927649 
511.000000 215 2.000000 0.999999 5.412193 -3.019816 -0.819732 9.791252 9.791252 
511.000000 216 2.000000 0.475908 10.858018 -2.096365 0.087609 4.402422 4.402422 
511.000000 217 2.000000 0.591378 2.742949 0.190767 -5.309862 28.231021 28.231021 
511.000000 218 2.000000 0.209150 9.758095 -7.908489 -0.194101 62.581879 62.581879 
511.000000 219 2.000000 0.278499 11.232486 2.784978 -0.177559 7.787629 7.787629 
511.000000 220 2.000000 0.502205 2.936449 -0.892854 -2.967934 9.605819 9.605819 
511.000000 221 2.000000 0.999999 17.445432 -5.617019 1.784922 34.736845 34.736845 
511.000000 222 2.000000 0.201297 1.219016 4.025915 -8.000312 80.212974 80.212974 
511.000000 223 2.000000 0.611412 0.547980 -3.885868 5.479786 45.128020 45.128020 
511.000000 224 2.000000 0.236675 1.613339 -0.562860 -2.347546 5.827783 5.827783 
511.000000 225 2.000000 0.425419 10.651621 -0.332406 0.384774 0.258545 0.258545 
511.000000 226 2.000000 0.483219 3.799818 -1.291950 -1.157682 3.009362 3.009362 
511.000000 227 2.000000 0.523505 12.768306 0.068818 5.674802 32.208118 32.208118 
511.000000 228 2.000000 0.363917 0.977318 -5.794288 1.453847 35.687443 35.687443 
511.000000 229 2.000000 0.572327 0.238970 -2.138360 1.194844 6.000236 6.000236 
511.000000 230 2.000000 0.262654 16.577068 -2.949380 -0.688920 9.173455 9.173455 
511.000000 231 2.000000 0.597691 13.903187 -2.682050 -0.389126 7.344813 7.344813 
511.000000 232 2.000000 0.239857 19.518097 -7.601422 -4.819023 81.004595 81.004595 
511.000000 233 2.000000 0.831964 17.574410 -3.360700 -1.433016 13.347841 13.347841 
511.000000 234 2.000000 0.209351 15.600241 -3.953239 -0.198048 15.667323 15.667323 
511.000000 235 2.000000 0.204894 1.654093 4.097860 -0.610422 17.165070 17.165070 
511.000000 236 2.000000 0.820749 2.178960 -3.585008 4.842132 36.298528 36.298528 
511.000000 237 2.000000 0.594948 8.703867 1.100493 -5.077650 26.993610 26.993610 
511.000000 238 2.000000 0.417024 2.811858 -2.914877 1.814101 11.787471 11.787471 
511.000000 239 2.000000 0.257389 11.017622 -1.187129 2.177820 6.152175 6.152175 
511.000000 240 2.000000 0.326392 6.289852 -6.736071 -3.584787 58.225356 58.225356 
511.000000 241 2.000000 0.235261 11.574829 4.705199 0.908026 22.963412 22.963412 
511.000000 242 2.000000 0.777355 16.274337 -2.226443 1.556124 7.378571 7.378571 
511.000000 243 2.000000 0.780897 4.430203 -2.191016 -0.610129 5.172809 5.172809 
511.000000 244 2.000000 0.851502 14.955185 8.515006 -0.569366 72.829506 72.829506 
511.000000 245 2.000000 0.671305 19.843500 1.220553 -3.129975 11.286496 11.286496 
511.000000 246 2.000000 0.305481 1.864850 -1.157530 4.662123 23.075267 23.075267 
511.000000 247 2.000000 0.000001 18.742450 2.096764 -1.479469 6.585249 6.585249 
511.000000 248 2.000000 0.795775 3.394560 1.768387 -1.695773 6.002839 6.002839 
511.000000 249 2.000000 0.601143 19.512891 6.011418 -2.435538 42.068985 42.068985 
511.000000 250 2.000000 0.857396 14.036606 -2.852054 0.653007 8.560632 8.560632 
511.000000 251 2.000000 0.154354 1.103489 -1.879211 -3.142851 13.408947 13.408947 
511.000000 252 2.000000 0.115256 1.241934 -2.527837 -4.142349 23.549011 23.549011 
511.000000 253 2.000000 0.211218 19.766836 4.224335 -4.663262 39.591013 39.591013 
511.000000 254 2.000000 0.291048 15.941308 1.164190 -5.073364 27.094360 27.094360 
511.000000 255 2.000000 0.693385 18.294966 -3.066138 0.122088 9.416109 9.416109 
511.000000 256 2.000000 0.979381 4.484024 3.264600 -0.974189 11.606658 11.606658 
511.000000 257 2.000000 0.395158 16.364565 -1.209682 -3.832605 16.152190 16.152190 
511.000000 258 2.000000 0.523201 19.634890 0.697599 -1.460437 2.619522 2.619522 
511.000000 259 2.000000 0.999999 4.998667 -2.603592 -3.246540 17.318715 17.318715 
511.000000 260 2.000000 0.673174 16.970730 -2.178832 6.171174 42.830699 42.830699 
511.000000 261 2.000000 0.540747 18.106679 1.351866 1.920245 5.514882 5.514882 
511.000000 262 2.000000 0.172485 3.458110 0.862419 -3.837950 15.473625 15.473625 
511.000000 263 2.000000 0.000001 7.568592 4.965585 -4.691861 46.670596 46.670596 
511.000000 264 2.000000 0.910777 0.765460 -1.784437 5.103058 29.225411 29.225411 
511.000000 265 2.000000 0.999999 11.252894 -0.518565 -0.131723 0.286261 0.286261 
511.000000 266 2.000000 0.111398 13.344259 -1.367078 -0.804028 2.515363 2.515363 
511.000000 267 2.000000 0.412128 6.595013 1.648509 -1.645912 5.426606 5.426606 
511.000000 268 2.000000 0.829028 16.163761 -0.341941 -5.480340 30.151056 30.151056 
511.000000 269 2.000000 0.976583 13.193356 -0.234161 4.530518 20.580425 20.580425 
511.000000 270 2.000000 0.393675 9.424329 0.015307 -1.542606 2.379867 2.379867 
511.000000 271 2.000000 0.221397 12.189554 -5.190678 -4.110760 43.841490 43.841490 
511.000000 272 2.000000 0.727964 5.917901 -5.440703 3.382532 41.042766 41.042766 
511.000000 273 2.000000 0.000001 16.733224 8.592952 -5.015723 98.996293 98.996293 
511.000000 274 2.000000 0.000001 5.878105 2.706537 -2.565073 13.904943 13.904943 
511.000000 275 2.000000 0.870136 3.810729 -1.298628 1.229267 3.197533 3.197533 
511.000000 276 2.000000 0.353922 10.040009 -0.071498 -1.444970 2.093050 2.093050 
511.000000 277 2.000000 0.399249 15.854104 -2.402998 1.265778 7.376595 7.376595 
511.000000 278 2.000000 0.855091 11.184873 3.420362 -0.885284 12.482603 12.482603 
511.000000 279 2.000000 0.345666 8.619999 6.913308 -0.957467 48.710567 48.710567 
511.000000 280 2.000000 0.865991 0.000001 -2.680162 7.119875 57.875891 57.875891 
511.000000 281 2.000000 0.032331 8.051899 -0.441204 10.018104 100.557062 100.557062 
511.000000 282 2.000000 0.344609 3.114814 0.071793 -2.263936 5.130559 5.130559 
511.000000 283 2.000000 0.252817 18.757012 -0.088791 -3.107469 9.664245 9.664245 
511.000000 284 2.000000 0.235154 0.699503 0.015274 -1.125728 1.267496 1.267496 
511.000000 285 2.000000 0.389473 8.288403 -0.355364 -5.805410 33.829072 33.829072 
511.000000 286 2.000000 0.889343 17.424681 -2.213118 -2.252189 9.970247 9.970247 
511.000000 287 2.000000 0.485586 1.242646 -2.572063 1.308047 8.326496 8.326496 
511.000000 288 2.000000 0.611323 8.850236 2.445286 -0.522628 6.252565 6.252565 
511.000000 289 2.000000 0.246204 0.962573 -1.076850 -1.733852 4.165848 4.165848 
511.000000 290 2.000000 0.999999 9.007728 -3.862642 4.639111 36.441358 36.441358 
511.000000 291 2.000000 0.239208 4.797148 1.594716 1.872004 6.047516 6.047516 
511.000000 292 2.000000 0.817739 15.928390 0.775705 -2.208800 5.480515 5.480515 
511.000000 293 2.000000 0.977599 0.784980 3.910393 -1.011323 16.313945 16.313945 
511.000000 294 2.000000 0.616281 3.024686 4.108532 5.041142 42.293147 42.293147 
511.000000 295 2.000000 0.477210 7.494778 -5.227889 -0.816954 27.998237 27.998237 
511.000000 296 2.000000 0.487384 2.074659 4.873832 1.804051 27.008833 27.008833 
511.000000 297 2.000000 0.789966 18.115684 7.899650 0.145364 62.425593 62.425593 
511.000000 298 2.000000 0.441442 9.758587 4.414408 2.192941 24.295985 24.295985 
511.000000 299 2.000000 0.999999 7.795566 -4.828532 -3.137685 33.159792 33.159792 
511.000000 300 2.000000 0.880869 19.749301 2.936227 -0.835660 9.319757 9.319757 
511.000000 301 2.000000 0.969859 19.311169 1.046867 2.924845 9.650648 9.650648 
511.000000 302 2.000000 0.007500 7.984824 -1.240624 3.645351 14.827731 14.827731 
511.000000 303 2.000000 0.999999 18.424100 -5.978511 -1.657834 38.491006 38.491006 
511.000000 304 2.000000 0.891516 17.700466 -1.084832 2.922024 9.715087 9.715087 
511.000000 305 2.000000 0.912198 7.926488 -1.756028 -1.680965 5.909280 5.909280 
511.000000 306 2.000000 0.999999 17.760397 -2.888861 0.564949 8.664684 8.664684 
511.000000 307 2.000000 0.065871 12.806626 -2.668937 -3.344455 18.308606 18.308606 
511.000000 308 2.000000 0.998281 19.311517 1.535816 -2.753929 9.942856 9.942856 
511.000000 309 2.000000 0.032947 3.735300 0.082364 0.589220 0.353964 0.353964 
511.000000 310 2.000000 0.347289 12.642907 -2.175701 -4.111404 21.637317 21.637317 
511.000000 311 2.000000 0.999999 9.103327 -4.193358 -3.923941 32.981567 32.981567 
511.000000 312 2.000000 0.999999 1.446675 -2.243631 2.212811 9.930410 9.930410 
511.000000 313 2.000000 0.999999 2.461571 -2.462336 4.326933 24.785446 24.785446 
511.000000 314 2.000000 0.441047 6.428849 1.470154 -6.168704 40.214266 40.214266 
511.000000 315 2.000000 0.444461 17.912210 2.963066 -0.250922 8.842722 8.842722 
511.000000 316 2.000000 0.586114 2.979122 0.544987 -1.880772 3.834315 3.834315 
511.000000 317 2.000000 0.771576 1.610596 -0.193196 0.596990 0.393721 0.393721 
511.000000 318 2.000000 0.371743 4.301830 3.717422 1.010218 14.839768 14.839768 
511.000000 319 2.000000 0.759103 13.333116 -4.817912 -3.251549 33.784847 33.784847 
511.000000 320 2.000000 0.385785 6.982703 -3.071071 3.561039 22.112476 22.112476 
511.000000 321 2.000000 0.109396 14.695217 -2.968678 1.547078 11.206502 11.206502 
511.000000 322 2.000000 0.896869 12.357592 4.484341 -4.930585 44.419982 44.419982 
511.000000 323 2.000000 0.415031 4.465726 -2.339872 -0.075963 5.480773 5.480773 
511.000000 324 2.000000 0.616026 13.235861 -7.679457 -6.442036 100.473893 100.473893 
511.000000 325 2.000000 0.000001 13.283175 2.166249 1.171490 6.065023 6.065023 
511.000000 326 2.000000 0.695732 8.833951 -3.042672 -2.017839 13.329530 13.329530 
511.000000 327 2.000000 0.560807 16.336966 5.608058 -8.140074 97.711112 97.711112 
511.000000 328 2.000000 0.320405 0.212660 1.281616 0.607598 2.011714 2.011714 
511.000000 329 2.000000 0.142043 16.755325 -0.746049 1.704975 3.463528 3.463528 
511.000000 330 2.000000 0.097536 1.823370 1.950691 -1.215487 5.282605 5.282605 
511.000000 331 2.000000 0.150314 4.930096 1.503131 1.510113 4.539844 4.539844 
511.000000 332 2.000000 0.349289 3.502699 -2.602840 -5.054059 32.318291 32.318291 
511.000000 333 2.000000 0.148128 13.339918 -8.518713 2.546091 79.051049 79.051049 
511.000000 334 2.000000 0.129052 2.101816 -0.561901 0.367721 0.450952 0.450952 
511.000000 335 2.000000 0.356969 16.878126 3.569679 5.646261 44.622872 44.622872 
511.000000 336 2.000000 0.352015 14.491584 3.520139 -2.977522 21.257016 21.257016 
511.000000 337 2.000000 0.322551 9.754632 3.225498 3.002340 19.417879 19.417879 
511.000000 338 2.000000 0.999999 4.351364 -8.153284 -1.775852 69.629687 69.629687 
511.000000 339 2.000000 0.358964 9.599260 -0.801294 -2.391332 6.360542 6.360542 
511.000000 340 2.000000 0.281483 15.331686 -3.592582 -3.461864 24.891148 24.891148 
511.000000 341 2.000000 0.684041 8.498038 -6.319155 -0.534741 40.217666 40.217666 
511.000000 342 2.000000 0.712761 4.431802 1.295927 2.648504 8.693998 8.693998 
511.000000 343 2.000000 0.282157 11.331347 0.108522 3.187585 10.172473 10.172473 
511.000000 344 2.000000 0.614939 9.657285 1.756965 5.403174 32.281217 32.281217 
511.000000 345 2.000000 0.504294 11.562990 -3.304698 -4.017623 27.062329 27.062329 
511.000000 346 2.000000 0.935700 7.049794 1.336712 0.737694 2.330992 2.330992 
511.000000 347 2.000000 0.247332 11.722619 -2.150477 1.617958 7.242341 7.242341 
511.000000 348 2.000000 0.000001 3.585506 4.914327 -0.188574 24.186170 24.186170 
511.000000 349 2.000000 0.330954 4.371986 1.654764 -4.268146 20.955313 20.955313 
511.000000 350 2.000000 0.211777 9.293633 4.235511 -0.069016 17.944318 17.944318 
511.000000 351 2.000000 0.936474 14.006025 4.682365 0.737395 22.468293 22.468293 
511.000000 352 2.000000 0.908372 15.448342 1.402057 -2.012846 6.017313 6.017313 
511.000000 353 2.000000 0.873376 11.156892 -2.532461 -4.460991 26.313797 26.313797 
511.000000 354 2.000000 0.670754 10.593213 0.789121 0.266418 0.693690 0.693690 
511.000000 355 2.000000 0.127882 7.448887 -8.721173 0.703394 76.553630 76.553630 
511.000000 356 2.000000 0.874555 9.012644 -0.836293 2.261932 5.815721 5.815721 
511.000000 357 2.000000 0.719552 15.291155 1.027930 -2.551984 7.569265 7.569265 
511.000000 358 2.000000 0.857442 17.675226 -0.950381 -3.576574 13.695108 13.695108 
511.000000 359 2.000000 0.121958 7.644715 -1.756081 -0.754014 3.652359 3.652359 
511.000000 360 2.000000 0.923822 0.082588 -0.126962 1.651745 2.744381 2.744381 
511.000000 361 2.000000 0.170160 8.747825 -1.844087 -2.165144 8.088506 8.088506 
511.000000 362 2.000000 0.591306 11.419285 0.215450 0.529959 0.327275 0.327275 
511.000000 363 2.000000 0.327719 2.482915 0.136549 0.480520 0.249545 0.249545 
511.000000 364 2.000000 0.999999 4.651892 -3.784505 0.338614 14.437135 14.437135 
511.000000 365 2.000000 0.127453 6.172437 2.549033 -2.424844 12.377439 12.377439 
511.000000 366 2.000000 0.000001 2.808118 6.358583 2.555797 46.963673 46.963673 
511.000000 367 2.000000 0.423117 9.251197 -1.648233 6.623575 46.588415 46.588415 
511.000000 368 2.000000 0.176568 15.422074 3.531343 2.218967 17.394196 17.394196 
511.000000 369 2.000000 0.000001 12.825981 7.177873 3.783339 65.835509 65.835509 
511.000000 370 2.000000 0.068105 3.331428 1.362075 -2.592002 8.573722 8.573722 
511.000000 371 2.000000 0.000001 10.021877 6.242830 0.849832 39.695139 39.695139 
511.000000 372 2.000000 0.449462 6.865123 -0.846981 0.129377 0.734115 0.734115 
511.000000 373 2.000000 0.893436 1.465245 4.467174 -0.845992 20.671348 20.671348 
511.000000 374 2.000000 0.308623 18.175543 3.086224 1.914909 13.191658 13.191658 
511.000000 375 2.000000 0.176097 10.669674 3.521928 9.277976 98.484823 98.484823 
511.000000 376 2.000000 0.375865 19.913203 -3.120672 -0.867965 10.491955 10.491955 
511.000000 377 2.000000 0.567300 9.483110 2.269197 -5.029128 30.441383 30.441383 
511.000000 378 2.000000 0.635986 9.361965 -0.431180 3.162534 10.187536 10.187536 
511.000000 379 2.000000 0.628523 10.240073 -3.714761 -0.215656 13.845958 13.845958 
511.000000 380 2.000000 0.636731 18.988179 -0.786065 -1.276733 2.247944 2.247944 
511.000000 381 2.000000 0.999999 1.823797 -5.022906 -1.389452 27.160160 27.160160 
511.000000 382 2.000000 0.293437 5.896250 0.244530 2.948124 8.751233 8.751233 
511.000000 383 2.000000 0.828793 17.419032 0.671068 9.716973 94.869901 94.869901 
511.000000 384 2.000000 0.730765 18.440103 -1.794891 0.966864 4.156460 4.156460 
511.000000 385 2.000000 0.460922 13.109763 1.117418 -1.311352 2.968268 2.968268 
511.000000 386 2.000000 0.310795 13.996378 -1.392599 3.552402 14.558895 14.558895 
511.000000 387 2.000000 0.525388 9.617484 -3.119896 2.979972 18.613989 18.613989 
511.000000 388 2.000000 0.594477 18.788371 3.963174 -0.725492 16.233084 16.233084 
511.000000 389 2.000000 0.630970 16.233458 -2.923061 3.614598 21.609608 21.609608 
511.000000 390 2.000000 0.042453 14.441545 -4.787730 0.378467 23.065600 23.065600 
511.000000 391 2.000000 0.999999 1.527985 -2.085683 -2.465364 10.428094 10.428094 
511.000000 392 2.000000 0.826945 8.187956 8.269439 0.257287 68.449818 68.449818 
511.000000 393 2.000000 0.825554 16.882993 -1.744450 0.147812 3.064952 3.064952 
511.000000 394 2.000000 0.823526 19.810200 5.490167 -0.210888 30.186405 30.186405 
511.000000 395 2.000000 0.156426 18.957066 3.128498 0.008853 9.787580 9.787580 
511.000000 396 2.000000 0.696250 14.648231 1.547220 1.731470 5.391878 5.391878 
511.000000 397 2.000000 0.851717 6.431491 -0.423662 1.139015 1.476845 1.476845 
511.000000 398 2.000000 0.514691 9.785039 1.286724 -3.106408 11.305430 11.305430 
511.000000 399 2.000000 0.440309 11.566528 -0.922929 4.213413 18.604644 18.604644 
511.000000 400 2.000000 0.557517 17.802699 -2.949881 1.490568 10.923591 10.923591 
511.000000 401 2.000000 0.360471 5.228970 1.029914 -5.162537 27.712515 27.712515 
511.000000 402 2.000000 0.279356 2.048554 0.931183 4.097105 17.653374 17.653374 
511.000000 403 2.000000 0.129413 15.044216 0.431374 1.157985 1.527012 1.527012 
511.000000 404 2.000000 0.081095 18.826734 -2.625441 -5.866323 41.306680 41.306680 
511.000000 405 2.000000 0.000001 19.861872 3.029420 -0.690636 9.654365 9.654365 
511.000000 406 2.000000 0.074354 4.192662 1.487064 0.422485 2.389853 2.389853 
511.000000 407 2.000000 0.559949 0.488393 -1.760198 -9.075166 85.456928 85.456928 
511.000000 408 2.000000 0.416380 0.000001 -0.778158 4.921950 24.831124 24.831124 
511.000000 409 2.000000 0.783153 4.494998 1.444613 8.999026 83.069383 83.069383 
511.000000 410 2.000000 0.000001 0.000001 3.264375 4.661240 32.383305 32.383305 
511.000000 411 2.000000 0.733781 5.890470 0.714155 -5.072993 26.245276 26.245276 
511.000000 412 2.000000 0.565048 13.130302 0.725749 -6.444516 42.058494 42.058494 
511.000000 413 2.000000 0.217138 14.811031 -3.914305 -2.025154 19.423036 19.423036 
511.000000 414 2.000000 0.327716 9.219162 -1.214125 -9.263170 87.280422 87.280422 
511.000000 415 2.000000 0.999999 8.159864 -6.079672 1.522407 39.280137 39.280137 
511.000000 416 2.000000 0.999999 15.038298 -2.170678 -0.523032 4.985404 4.985404 
511.000000 417 2.000000 0.350605 12.796153 2.337361 2.090096 9.831756 9.831756 
511.000000 418 2.000000 0.999999 17.679176 -1.538549 -5.299032 30.446870 30.446870 
511.000000 419 2.000000 0.806452 13.882963 8.064512 0.663125 65.476090 65.476090 
511.000000 420 2.000000 0.872767 1.603492 1.342717 -2.599106 8.558243 8.558243 
511.000000 421 2.000000 0.669004 15.994759 3.345015 3.586340 24.050966 24.050966 
511.000000 422 2.000000 0.999999 18.629704 -2.695630 -0.134650 7.284554 7.284554 
511.000000 423 2.000000 0.028617 17.987656 -1.214227 -1.490624 3.696309 3.696309 
511.000000 424 2.000000 0.000001 16.663921 8.938098 -0.207924 79.932830 79.932830 
511.000000 425 2.000000 0.268645 15.027954 -1.329735 7.909449 64.327580 64.327580 
511.000000 426 2.000000 0.051081 10.119037 0.063850 1.572299 2.476202 2.476202 
511.000000 427 2.000000 0.365765 7.393004 -6.342336 -4.860693 63.851564 63.851564 
511.000000 428 2.000000 0.105089 2.403830 2.101760 0.561702 4.732906 4.732906 
511.000000 429 2.000000 0.685656 11.540606 1.054854 -2.133098 5.662824 5.662824 
511.000000 430 2.000000 0.999999 19.442463 -0.951073 5.353486 29.564353 29.564353 
511.000000 431 2.000000 0.903455 6.647124 -1.930874 -0.221821 3.777477 3.777477 
511.000000 432 2.000000 0.520719 4.328597 0.175625 0.386323 0.180090 0.180090 
511.000000 433 2.000000 0.675102 6.557796 -3.248966 -4.715465 32.791386 32.791386 
511.000000 434 2.000000 0.854992 11.852592 -2.900147 3.570963 21.162624 21.162624 
511.000000 435 2.000000 0.626031 12.111888 -7.479362 0.412733 56.111210 56.111210 
511.000000 436 2.000000 0.777778 19.797583 -0.164608 3.124355 9.788688 9.788688 
511.000000 437 2.000000 0.702575 3.011437 4.664130 -2.838521 29.811306 29.811306 
511.000000 438 2.000000 0.510781 12.795766 1.135066 1.244550 2.837280 2.837280 
511.000000 439 2.000000 0.412311 15.196804 -2.350752 2.140708 10.108666 10.108666 
511.000000 440 2.000000 0.718490 11.361943 -0.067784 3.848264 14.813731 14.813731 
511.000000 441 2.000000 0.575499 15.244209 3.836654 1.296826 16.401674 16.401674 
511.000000 442 2.000000 0.116367 0.553781 2.327319 3.691865 19.046281 19.046281 
511.000000 443 2.000000 0.168754 17.303762 -0.257914 -2.344554 5.563453 5.563453 
511.000000 444 2.000000 0.948057 1.491868 2.106792 4.262478 22.607289 22.607289 
511.000000 445 2.000000 0.408422 6.060141 0.907602 -0.698520 1.311673 1.311673 
511.000000 446 2.000000 0.999999 19.805377 -4.193149 -3.892437 32.733560 32.733560 
511.000000 447 2.000000 0.228663 17.476709 1.524415 -0.721081 2.843799 2.843799 
511.000000 448 2.000000 0.902412 0.455183 -0.390347 1.820728 3.467420 3.467420 
511.000000 449 2.000000 0.243874 8.037762 4.877460 1.737275 26.807740 26.807740 
511.000000 450 2.000000 0.925841 10.006264 0.451629 -0.997658 1.199291 1.199291 
511.000000 451 2.000000 0.255581 19.865712 2.057816 -1.228122 5.742890 5.742890 
511.000000 452 2.000000 0.248102 2.852072 -7.518971 -4.235661 74.475748 74.475748 
511.000000 453 2.000000 0.000001 1.596578 5.505995 -3.070028 39.741053 39.741053 
511.000000 454 2.000000 0.550715 14.217155 1.223808 -3.855229 16.360500 16.360500 
511.000000 455 2.000000 0.478493 10.130277 -5.215057 3.165711 37.218542 37.218542 
511.000000 456 2.000000 0.525123 7.536691 0.309245 2.551272 6.604623 6.604623 
511.000000 457 2.000000 0.228167 10.147263 2.281658 0.936970 6.083875 6.083875 
511.000000 458 2.000000 0.571007 5.657013 3.806707 2.213595 19.391018 19.391018 
511.000000 459 2.000000 0.999999 8.821762 -5.295769 3.385705 39.508169 39.508169 
511.000000 460 2.000000 0.230275 7.868214 -1.184190 2.520151 7.753467 7.753467 
511.000000 461 2.000000 0.630959 5.141876 2.523831 2.779392 14.094742 14.094742 
511.000000 462 2.000000 0.303095 9.461994 0.378867 2.720920 7.546944 7.546944 
511.000000 463 2.000000 0.808971 8.063639 3.235881 7.011859 59.637091 59.637091 
511.000000 464 2.000000 0.000001 4.707321 1.446500 -5.937168 37.342325 37.342325 
511.000000 465 2.000000 0.999999 5.039618 -5.225315 1.061733 28.431196 28.431196 
511.000000 466 2.000000 0.999999 15.784037 -1.670074 2.912767 11.273362 11.273362 
511.000000 467 2.000000 0.340849 17.546660 -1.098583 -3.504770 13.490296 13.490296 
511.000000 468 2.000000 0.990058 7.699719 6.600383 -3.846844 58.363256 58.363256 
511.000000 469 2.000000 0.239134 2.728624 -1.690811 1.085396 4.036925 4.036925 
511.000000 470 2.000000 0.372342 8.345347 2.482276 -0.387118 6.311552 6.311552 
511.000000 471 2.000000 0.575883 9.564647 -4.048949 2.936508 25.017068 25.017068 
511.000000 472 2.000000 0.980389 7.803533 3.284750 2.211669 15.681060 15.681060 
511.000000 473 2.000000 0.000001 2.477150 7.218286 5.079887 77.908908 77.908908 
511.000000 474 2.000000 0.548808 13.635784 1.190632 -1.647504 4.131875 4.131875 
511.000000 475 2.000000 0.633213 5.242953 -3.667862 2.606915 20.249218 20.249218 
511.000000 476 2.000000 0.560293 9.987158 0.539742 1.836721 3.664866 3.664866 
511.000000 477 2.000000 0.071259 11.177116 -3.714961 5.070961 39.515585 39.515585 
511.000000 478 2.000000 0.014579 19.727107 -6.569469 2.075012 47.463594 47.463594 
511.000000 479 2.000000 0.635279 18.671177 4.235185 -0.820610 18.610191 18.610191 
511.000000 480 2.000000 0.486886 14.495471 -0.279450 3.081514 9.573818 9.573818 
511.000000 481 2.000000 0.535562 3.856411 2.677803 -4.226443 25.033447 25.033447 
511.000000 482 2.000000 0.408862 17.380291 2.044305 1.105457 5.401217 5.401217 
511.000000 483 2.000000 0.427537 13.733678 8.550723 5.008179 98.196711 98.196711 
511.000000 484 2.000000 0.751900 6.163506 3.007597 0.046628 9.047815 9.047815 
511.000000 485 2.000000 0.721098 17.115983 2.884388 0.047515 8.321950 8.321950 
511.000000 486 2.000000 0.659664 12.395472 -1.701677 4.860969 26.524722 26.524722 
511.000000 487 2.000000 0.253831 18.895220 -2.984672 -1.578256 11.399160 11.399160 
511.000000 488 2.000000 0.176480 5.787428 0.045175 -3.887090 15.111512 15.111512 
511.000000 489 2.000000 0.504559 4.734871 -4.954404 2.737653 32.040867 32.040867 
511.000000 490 2.000000 0.000001 13.883132 7.460545 -3.271214 66.360574 66.360574 
511.000000 491 2.000000 0.396567 11.625324 -4.022879 -6.442057 57.683658 57.683658 
511.000000 492 2.000000 0.457220 12.954973 3.048126 0.988641 10.268484 10.268484 
511.000000 493 2.000000 0.563429 13.458706 -0.441395 -1.188575 1.607540 1.607540 
511.000000 494 2.000000 0.445916 15.747442 1.486382 -7.883291 64.355614 64.355614 
511.000000 495 2.000000 0.714215 12.472601 3.571072 0.142056 12.772732 12.772732 
511.000000 496 2.000000 0.898014 2.125288 -2.039693 0.713684 4.669693 4.669693 
511.000000 497 2.000000 0.770577 0.384319 5.137173 3.843176 41.160546 41.160546 
511.000000 498 2.000000 0.867389 10.769529 -0.884064 -4.205068 18.464168 18.464168 
511.000000 499 2.000000 0.486833 18.122768 3.245549 3.415894 22.201917 22.201917 
511.000000 500 2.000000 0.771313 14.727192 3.085249 1.377668 11.416730 11.416730 
