806.500000 1 2.000000 0.316183 16.843803 6.323646 -3.156196 49.950067 49.950067 
806.500000 2 2.000000 0.185443 2.100844 1.854424 -5.423986 32.858518 32.858518 
806.500000 3 2.000000 0.086794 11.828134 1.735859 2.957033 11.757253 11.757253 
806.500000 4 2.000000 0.656310 5.873115 -6.873786 0.253888 47.313390 47.313390 
806.500000 5 2.000000 0.033522 5.640960 0.670412 0.055460 0.452528 0.452528 
806.500000 6 2.000000 0.477702 8.201225 -3.481978 5.282560 40.029616 40.029616 
806.500000 7 2.000000 0.839978 7.675898 -3.200426 -3.049632 19.542981 19.542981 
806.500000 8 2.000000 0.977450 3.555185 -0.450976 4.443980 19.952339 19.952339 
806.500000 9 2.000000 0.317234 14.851643 -4.551764 -2.101370 25.134311 25.134311 
806.500000 10 2.000000 0.919842 12.757896 3.066138 8.712075 85.301455 85.301455 
806.500000 11 2.000000 0.623060 9.774225 2.076864 2.196455 9.137777 9.137777 
806.500000 12 2.000000 0.125964 18.417874 -4.370174 -2.636875 26.051532 26.051532 
806.500000 13 2.000000 0.707350 3.914904 -2.926489 -3.098944 18.167791 18.167791 
806.500000 14 2.000000 0.228682 19.123220 -0.207475 0.747260 0.601443 0.601443 
806.500000 15 2.000000 0.127591 9.252279 -2.908028 -2.074641 12.760761 12.760761 
806.500000 16 2.000000 0.129160 14.125166 2.583185 2.706083 13.995732 13.995732 
806.500000 17 2.000000 0.119358 2.289456 -0.838706 -2.558643 7.250081 7.250081 
806.500000 18 2.000000 0.000001 12.238292 2.461711 3.411152 17.695979 17.695979 
806.500000 19 2.000000 0.102548 11.941060 -3.003652 -1.965545 12.885291 12.885291 
806.500000 20 2.000000 0.024629 12.993316 -2.269217 -0.457188 5.358366 5.358366 
806.500000 21 2.000000 0.557574 15.825856 -4.424253 -6.421759 60.813006 60.813006 
806.500000 22 2.000000 0.015236 7.337456 -3.066079 0.679285 9.862267 9.862267 
806.500000 23 2.000000 0.642680 8.584869 4.824951 -3.390699 34.776987 34.776987 
806.500000 24 2.000000 0.182942 11.166908 0.079402 -4.229532 17.895250 17.895250 
806.500000 25 2.000000 0.546953 19.919106 4.071223 -2.975193 25.426628 25.426628 
806.500000 26 2.000000 0.012040 6.694098 -0.286365 -0.283989 0.162655 0.162655 
806.500000 27 2.000000 0.299700 8.861648 1.395192 -3.327745 13.020447 13.020447 
806.500000 28 2.000000 0.270337 4.587439 7.295036 1.362816 55.074825 55.074825 
806.500000 29 2.000000 0.999999 15.623904 -2.350271 4.752707 28.111998 28.111998 
806.500000 30 2.000000 0.166494 17.613445 3.329863 2.750413 18.652758 18.652758 
806.500000 31 2.000000 0.146769 11.257589 -5.688202 -0.944602 33.247921 33.247921 
806.500000 32 2.000000 0.000001 5.525595 1.482461 4.250457 20.264071 20.264071 
806.500000 33 2.000000 0.407737 17.917096 2.718243 -1.893549 10.974370 10.974370 
806.500000 34 2.000000 0.000001 6.295067 4.802311 2.678751 30.237897 30.237897 
806.500000 35 2.000000 0.000001 10.725417 1.086964 6.139164 38.870826 38.870826 
806.500000 36 2.000000 0.359473 7.976648 -2.562105 1.291934 8.233475 8.233475 
806.500000 37 2.000000 0.337949 19.051463 -0.430999 -3.794143 14.581280 14.581280 
806.500000 38 2.000000 0.626711 4.496714 -1.022476 -7.024844 50.393893 50.393893 
806.500000 39 2.000000 0.573508 16.525661 2.867537 -0.897307 9.027932 9.027932 
806.500000 40 2.000000 0.922200 15.646959 -1.555989 1.023882 3.469436 3.469436 
806.500000 41 2.000000 0.999999 14.251871 -1.991573 3.432529 15.748615 15.748615 
806.500000 42 2.000000 0.228655 8.739778 -0.317760 -0.141244 0.120922 0.120922 
806.500000 43 2.000000 0.409580 19.500603 2.730526 -9.987929 107.214509 107.214509 
806.500000 44 2.000000 0.636922 7.072976 0.521393 -0.268990 0.344207 0.344207 
806.500000 45 2.000000 0.266325 19.404554 -3.668372 2.105402 17.889674 17.889674 
806.500000 46 2.000000 0.347193 3.831877 -4.352037 3.315842 29.935033 29.935033 
806.500000 47 2.000000 0.085226 8.314168 0.852249 -6.631074 44.697465 44.697465 
806.500000 48 2.000000 0.373990 11.709445 3.739892 5.100350 40.000359 40.000359 
806.500000 49 2.000000 0.999999 7.483579 -7.215157 0.366585 52.192871 52.192871 
806.500000 50 2.000000 0.222701 10.352034 -5.181985 2.195657 31.673879 31.673879 
806.500000 51 2.000000 0.924687 4.476257 -0.753122 -0.738265 1.112228 1.112228 
806.500000 52 2.000000 0.076157 13.361178 -0.393124 -3.404524 11.745328 11.745328 
806.500000 53 2.000000 0.483755 16.253421 0.517237 5.196951 27.275837 27.275837 
806.500000 54 2.000000 0.825968 10.704766 -0.267740 4.978961 24.861733 24.861733 
806.500000 55 2.000000 0.485998 12.932660 -5.140006 -2.399125 32.175466 32.175466 
806.500000 56 2.000000 0.199238 17.669494 -4.003805 -3.585392 28.885493 28.885493 
806.500000 57 2.000000 0.000001 7.745260 4.563315 -0.388788 20.975003 20.975003 
806.500000 58 2.000000 0.999999 16.185469 -3.527142 -2.181567 17.199970 17.199970 
806.500000 59 2.000000 0.543624 19.057792 5.436232 -6.281382 69.008380 69.008380 
806.500000 60 2.000000 0.599102 16.366295 -2.672648 6.546518 49.999940 49.999940 
806.500000 61 2.000000 0.641287 1.194108 -1.793562 -2.053401 7.433321 7.433321 
806.500000 62 2.000000 0.669704 15.856505 1.030312 4.397202 20.396931 20.396931 
806.500000 63 2.000000 0.424029 16.745899 0.424028 -1.972182 4.069302 4.069302 
806.500000 64 2.000000 0.999999 12.283116 -4.753686 -0.613213 22.973556 22.973556 
806.500000 65 2.000000 0.000001 0.183009 1.326107 -1.638458 4.443105 4.443105 
806.500000 66 2.000000 0.380198 8.285393 -0.774752 -3.640780 13.855522 13.855522 
806.500000 67 2.000000 0.955339 19.967564 3.711177 5.591420 45.036814 45.036814 
806.500000 68 2.000000 0.695320 4.843088 2.781277 -2.279309 12.930749 12.930749 
806.500000 69 2.000000 0.798032 15.060592 -2.019669 1.949742 7.880556 7.880556 
806.500000 70 2.000000 0.103529 2.711290 0.050501 -1.425767 2.035363 2.035363 
806.500000 71 2.000000 0.014788 14.030418 -0.293526 3.970744 15.852968 15.852968 
806.500000 72 2.000000 0.885752 0.470652 -1.142468 -6.563802 44.388734 44.388734 
806.500000 73 2.000000 0.709024 5.736308 -0.549188 1.202337 1.747221 1.747221 
806.500000 74 2.000000 0.368644 10.011695 3.686428 0.882997 14.369434 14.369434 
806.500000 75 2.000000 0.456351 12.602937 -5.436476 0.756394 30.127404 30.127404 
806.500000 76 2.000000 0.574816 2.758159 2.299261 7.880451 67.388111 67.388111 
806.500000 77 2.000000 0.193097 14.494624 3.861918 -4.587813 35.962433 35.962433 
806.500000 78 2.000000 0.294555 19.478611 -7.054435 -2.606940 56.561195 56.561195 
806.500000 79 2.000000 0.266098 3.028629 2.660966 6.730284 52.377462 52.377462 
806.500000 80 2.000000 0.888514 16.513842 -0.557424 1.101384 1.523768 1.523768 
806.500000 81 2.000000 0.222933 7.190408 -1.554132 4.452594 22.240919 22.240919 
806.500000 82 2.000000 0.577257 14.126831 -0.765717 2.365213 6.180556 6.180556 
806.500000 83 2.000000 0.493444 12.006196 -5.065553 1.360750 27.511464 27.511464 
806.500000 84 2.000000 0.389958 8.621980 -0.464633 -2.817258 8.152827 8.152827 
806.500000 85 2.000000 0.135142 14.485004 -4.324284 2.467334 24.787172 24.787172 
806.500000 86 2.000000 0.263587 12.523424 5.271717 -3.882754 42.866784 42.866784 
806.500000 87 2.000000 0.935853 8.432887 0.496386 -3.574728 13.025078 13.025078 
806.500000 88 2.000000 0.194291 6.709263 0.424927 -0.686353 0.651644 0.651644 
806.500000 89 2.000000 0.069086 0.048158 0.153521 -1.922615 3.720016 3.720016 
806.500000 90 2.000000 0.722915 1.449502 1.807286 -4.861523 26.900693 26.900693 
806.500000 91 2.000000 0.371433 19.676193 2.476211 5.698345 38.602753 38.602753 
806.500000 92 2.000000 0.144763 1.764974 -1.900524 0.700674 4.102934 4.102934 
806.500000 93 2.000000 0.236395 1.699319 -7.636042 1.788756 61.508793 61.508793 
806.500000 94 2.000000 0.973126 4.674372 6.487500 -3.766004 56.270438 56.270438 
806.500000 95 2.000000 0.540781 3.376139 -3.061452 2.240748 14.393443 14.393443 
806.500000 96 2.000000 0.488398 10.018459 -10.232022 -1.870855 108.194366 108.194366 
806.500000 97 2.000000 0.760768 13.564611 0.069353 1.977231 3.914253 3.914253 
806.500000 98 2.000000 0.999999 15.407740 -2.315206 -0.699767 5.849855 5.849855 
806.500000 99 2.000000 0.999999 0.776674 -5.858265 5.177821 61.129101 61.129101 
806.500000 100 2.000000 0.604724 9.424764 -2.635165 0.597117 7.300643 7.300643 
806.500000 101 2.000000 0.183536 1.002521 -2.041158 -2.888407 12.509223 12.509223 
806.500000 102 2.000000 0.631967 5.299038 2.142712 0.149869 4.613676 4.613676 
806.500000 103 2.000000 0.000001 19.094192 5.793606 -3.623229 46.693654 46.693654 
806.500000 104 2.000000 0.769255 0.679015 0.732623 -3.482403 12.663869 12.663869 
806.500000 105 2.000000 0.475306 6.353149 3.168698 0.093363 10.049365 10.049365 
806.500000 106 2.000000 0.197059 3.718692 3.941157 -3.567301 28.258356 28.258356 
806.500000 107 2.000000 0.496131 5.251767 2.254328 0.074296 5.087513 5.087513 
806.500000 108 2.000000 0.335265 15.150627 -2.658938 -5.388191 36.102551 36.102551 
806.500000 109 2.000000 0.873189 2.241971 -2.536197 0.883666 7.213161 7.213161 
806.500000 110 2.000000 0.999999 6.381413 -5.533255 7.075523 80.679937 80.679937 
806.500000 111 2.000000 0.000001 6.022905 4.186915 -0.606623 17.898248 17.898248 
806.500000 112 2.000000 0.814643 11.324716 -0.926782 -2.082222 5.194574 5.194574 
806.500000 113 2.000000 0.161493 4.488057 -1.048133 -4.264661 19.285914 19.285914 
806.500000 114 2.000000 0.669235 19.999999 0.144610 -2.900070 8.431321 8.431321 
806.500000 115 2.000000 0.688599 7.619024 2.754391 -3.633440 20.788552 20.788552 
806.500000 116 2.000000 0.658435 13.326403 -1.707820 0.009337 2.916738 2.916738 
806.500000 117 2.000000 0.393574 5.596055 -1.212850 -1.616459 4.083944 4.083944 
806.500000 118 2.000000 0.058741 3.979055 -1.045843 7.958107 64.425258 64.425258 
806.500000 119 2.000000 0.000001 0.640732 4.327159 -4.782142 41.593182 41.593182 
806.500000 120 2.000000 0.540688 11.969867 5.406866 0.332850 29.344991 29.344991 
806.500000 121 2.000000 0.670441 1.789004 4.469602 -0.255112 20.042426 20.042426 
806.500000 122 2.000000 0.592224 7.554521 -2.038876 -1.236273 5.685384 5.685384 
806.500000 123 2.000000 0.749720 19.593395 -5.005586 -2.710692 32.403739 32.403739 
806.500000 124 2.000000 0.323524 18.260228 -2.254916 -5.799237 38.715796 38.715796 
806.500000 125 2.000000 0.000001 14.684162 3.421678 2.015443 15.769892 15.769892 
806.500000 126 2.000000 0.905695 15.097337 6.037958 2.354404 42.000153 42.000153 
806.500000 127 2.000000 0.701702 6.974062 -5.965936 0.944375 36.484238 36.484238 
806.500000 128 2.000000 0.000001 19.626754 4.274230 -1.244149 19.816948 19.816948 
806.500000 129 2.000000 0.536262 6.580625 0.345975 -1.432194 2.170878 2.170878 
806.500000 130 2.000000 0.286453 11.315152 0.811667 -3.259524 11.283300 11.283300 
806.500000 131 2.000000 0.544560 5.713555 3.630391 1.489427 15.398132 15.398132 
806.500000 132 2.000000 0.662152 2.213089 3.310756 4.023797 27.152049 27.152049 
806.500000 133 2.000000 0.984378 8.900166 1.158090 -1.400362 3.302188 3.302188 
806.500000 134 2.000000 0.999999 3.614061 -2.108637 -3.486370 16.601123 16.601123 
806.500000 135 2.000000 0.475437 12.460793 -2.098247 4.217409 22.189176 22.189176 
806.500000 136 2.000000 0.670585 15.552644 -0.506791 -4.043050 16.603092 16.603092 
806.500000 137 2.000000 0.078465 9.047646 -3.071781 2.790111 17.220555 17.220555 
806.500000 138 2.000000 0.232683 3.630569 0.369265 -1.227577 1.643301 1.643301 
806.500000 139 2.000000 0.700057 19.999999 0.560044 -7.384072 54.838169 54.838169 
806.500000 140 2.000000 0.527236 10.926718 0.467437 3.151133 10.148138 10.148138 
806.500000 141 2.000000 0.629066 7.264640 -7.418657 -4.094765 71.803571 71.803571 
806.500000 142 2.000000 0.096526 9.657220 -6.023155 5.852860 70.534365 70.534365 
806.500000 143 2.000000 0.116931 3.847310 -0.410729 -2.036625 4.316541 4.316541 
806.500000 144 2.000000 0.609687 0.856258 4.064572 -2.386651 22.216851 22.216851 
806.500000 145 2.000000 0.787471 18.166942 -0.531319 1.605935 2.861328 2.861328 
806.500000 146 2.000000 0.999999 6.859499 -4.435908 -2.486272 25.858832 25.858832 
806.500000 147 2.000000 0.000001 16.397895 5.086895 1.088954 27.062322 27.062322 
806.500000 148 2.000000 0.212388 0.062388 1.415914 -11.077187 124.708877 124.708877 
806.500000 149 2.000000 0.590142 13.114587 0.491784 -0.445295 0.440139 0.440139 
806.500000 150 2.000000 0.348342 1.674727 2.322270 -2.437605 11.334858 11.334858 
806.500000 151 2.000000 0.919456 18.666693 6.129697 0.206364 37.615776 37.615776 
806.500000 152 2.000000 0.667198 9.146719 -3.328009 -1.828810 14.420189 14.420189 
806.500000 153 2.000000 0.199596 4.631748 -1.455278 -0.704499 2.614154 2.614154 
806.500000 154 2.000000 0.267142 7.761085 1.335704 -2.627525 8.687992 8.687992 
806.500000 155 2.000000 0.478215 4.190636 2.391071 -2.152457 10.350293 10.350293 
806.500000 156 2.000000 0.000001 4.654387 1.241399 2.512923 7.855856 7.855856 
806.500000 157 2.000000 0.570853 0.851636 2.854259 -4.070775 24.718003 24.718003 
806.500000 158 2.000000 0.198324 19.613424 3.966468 -2.577165 22.374649 22.374649 
806.500000 159 2.000000 0.110152 7.532753 -5.932314 -4.395940 54.516636 54.516636 
806.500000 160 2.000000 0.898101 9.724420 4.490499 0.631964 20.563958 20.563958 
806.500000 161 2.000000 0.482511 16.441033 -2.587440 -0.394887 6.850784 6.850784 
806.500000 162 2.000000 0.660495 16.834733 0.880659 -4.220354 18.586949 18.586949 
806.500000 163 2.000000 0.561661 6.375810 1.248133 -5.797527 35.169159 35.169159 
806.500000 164 2.000000 0.510563 9.296513 2.552809 -0.918475 7.360430 7.360430 
806.500000 165 2.000000 0.447160 6.772107 -0.581935 -3.660220 13.735861 13.735861 
806.500000 166 2.000000 0.477901 15.185178 -1.044197 -5.664495 33.176852 33.176852 
806.500000 167 2.000000 0.324193 7.308365 2.161281 0.083034 4.678028 4.678028 
806.500000 168 2.000000 0.866630 6.093738 0.443611 4.361273 19.217491 19.217491 
806.500000 169 2.000000 0.353177 12.041009 2.354506 -9.948737 104.521070 104.521070 
806.500000 170 2.000000 0.620818 16.315452 6.208169 2.159470 43.204677 43.204677 
806.500000 171 2.000000 0.000001 2.376527 9.661613 0.700854 93.837957 93.837957 
806.500000 172 2.000000 0.971020 3.973673 2.774339 -3.894980 22.867829 22.867829 
806.500000 173 2.000000 0.813007 14.635466 1.782763 -2.954664 11.908280 11.908280 
806.500000 174 2.000000 0.556994 15.110690 0.586308 -3.298833 11.226058 11.226058 
806.500000 175 2.000000 0.386410 11.896026 -0.876556 -6.483178 42.799952 42.799952 
806.500000 176 2.000000 0.635439 11.947750 0.794297 -1.889615 4.201553 4.201553 
806.500000 177 2.000000 0.205343 5.767178 1.026710 5.565625 32.030317 32.030317 
806.500000 178 2.000000 0.224527 4.062820 4.490516 -1.993691 24.139543 24.139543 
806.500000 179 2.000000 0.594867 10.431555 2.379462 1.279840 7.299831 7.299831 
806.500000 180 2.000000 0.000001 19.271746 5.478459 -3.641266 43.272337 43.272337 
806.500000 181 2.000000 0.660389 15.593656 2.201293 -5.183933 31.718849 31.718849 
806.500000 182 2.000000 0.419514 4.068520 2.796756 3.020840 16.947317 16.947317 
806.500000 183 2.000000 0.217418 16.035095 4.348349 6.820152 65.422615 65.422615 
806.500000 184 2.000000 0.744770 9.017201 2.979076 0.780658 9.484322 9.484322 
806.500000 185 2.000000 0.610754 9.583608 -3.892451 -4.156213 32.425286 32.425286 
806.500000 186 2.000000 0.000001 14.076038 6.821137 2.244631 51.566276 51.566276 
806.500000 187 2.000000 0.999999 1.079949 -5.152647 0.980511 27.511172 27.511172 
806.500000 188 2.000000 0.638205 18.559457 -0.096519 -5.762168 33.211891 33.211891 
806.500000 189 2.000000 0.138685 1.250005 -2.871047 6.250019 47.305653 47.305653 
806.500000 190 2.000000 0.471820 7.234816 1.048487 -5.318826 29.389236 29.389236 
806.500000 191 2.000000 0.999999 12.121641 -6.326813 1.313350 41.753454 41.753454 
806.500000 192 2.000000 0.325529 7.898730 0.250407 0.919947 0.909006 0.909006 
806.500000 193 2.000000 0.000001 10.729868 7.209660 0.422464 52.157669 52.157669 
806.500000 194 2.000000 0.208784 12.312410 -0.439564 -1.812757 3.479304 3.479304 
806.500000 195 2.000000 0.593544 11.317019 0.989239 -5.615638 32.513982 32.513982 
806.500000 196 2.000000 0.634389 2.241982 0.251920 3.736634 14.025900 14.025900 
806.500000 197 2.000000 0.439780 15.039310 8.795589 -2.402003 83.132007 83.132007 
806.500000 198 2.000000 0.711972 9.327793 -5.760548 3.320418 44.209091 44.209091 
806.500000 199 2.000000 0.108232 1.613015 0.166509 -0.691469 0.505855 0.505855 
806.500000 200 2.000000 0.386354 10.932336 0.253585 -0.401339 0.225378 0.225378 
806.500000 201 2.000000 0.215777 4.121194 -5.228144 0.547875 27.633658 27.633658 
806.500000 202 2.000000 0.021830 8.685178 -0.410706 -2.483347 6.335692 6.335692 
806.500000 203 2.000000 0.256660 4.595250 -1.588071 1.416082 4.527256 4.527256 
806.500000 204 2.000000 0.097208 10.929630 1.944132 -4.553093 24.510301 24.510301 
806.500000 205 2.000000 0.000001 15.032149 5.027130 -2.626106 32.168468 32.168468 
806.500000 206 2.000000 0.154336 2.485649 -2.416181 4.142747 23.000287 23.000287 
806.500000 207 2.000000 0.891091 18.821229 -0.544540 -3.367915 11.639373 11.639373 
806.500000 208 2.000000 0.843466 10.408939 -1.565331 2.303163 7.754820 7.754820 
806.500000 209 2.000000 0.862609 2.527795 -2.747792 2.032916 11.683107 11.683107 
806.500000 210 2.000000 0.879620 18.873816 -2.407579 1.970930 9.681001 9.681001 
806.500000 211 2.000000 0.492066 12.140907 4.576113 1.985434 24.882753 24.882753 
806.500000 212 2.000000 0.103175 17.260171 2.063477 -0.944768 5.150523 5.150523 
806.500000 213 2.000000 0.457213 1.894445 -0.631897 -0.957087 1.315308 1.315308 
806.500000 214 2.000000 0.407445 7.938887 -3.950357 3.136978 25.445952 25.445952 
806.500000 215 2.000000 0.292829 6.962858 5.856562 -1.244564 35.848259 35.848259 
806.500000 216 2.000000 0.351504 18.470327 -2.593980 -3.399271 18.283775 18.283775 
806.500000 217 2.000000 0.721829 16.048602 7.218275 2.322633 57.498122 57.498122 
806.500000 218 2.000000 0.164781 11.592179 -0.451469 0.802078 0.847153 0.847153 
806.500000 219 2.000000 0.304119 19.419811 3.041182 1.967048 13.118066 13.118066 
806.500000 220 2.000000 0.475074 2.591649 4.750730 -4.181230 40.052123 40.052123 
806.500000 221 2.000000 0.566510 11.530453 -0.481655 -0.569526 0.556351 0.556351 
806.500000 222 2.000000 0.645194 16.191374 -7.096105 -0.841212 51.062345 51.062345 
806.500000 223 2.000000 0.892649 16.770072 0.078119 -1.538060 2.371732 2.371732 
806.500000 224 2.000000 0.076797 5.874271 0.383980 -0.354551 0.273147 0.273147 
806.500000 225 2.000000 0.523853 1.932025 -0.380917 -7.085480 50.349125 50.349125 
806.500000 226 2.000000 0.113731 10.802043 -1.969485 -3.470927 15.926203 15.926203 
806.500000 227 2.000000 0.535161 16.095520 0.684150 -4.892874 24.408276 24.408276 
806.500000 228 2.000000 0.754684 12.674647 1.509367 7.459654 57.924621 57.924621 
806.500000 229 2.000000 0.283661 4.320776 -7.163379 0.140519 51.333749 51.333749 
806.500000 230 2.000000 0.999999 17.769357 -5.790392 1.794860 36.750156 36.750156 
806.500000 231 2.000000 0.535181 6.712252 3.567865 -5.210881 39.882944 39.882944 
806.500000 232 2.000000 0.076593 0.244282 -4.617032 -1.014794 22.346790 22.346790 
806.500000 233 2.000000 0.581454 17.291653 5.814528 0.836808 34.508980 34.508980 
806.500000 234 2.000000 0.000001 15.864667 4.166690 -5.169165 44.081574 44.081574 
806.500000 235 2.000000 0.994532 6.243460 2.486328 -9.622132 98.767248 98.767248 
806.500000 236 2.000000 0.823358 9.369844 -3.532829 -1.233528 14.002471 14.002471 
806.500000 237 2.000000 0.188860 17.100537 3.777186 -1.288650 15.927752 15.927752 
806.500000 238 2.000000 0.227293 12.842875 -2.126804 8.000289 68.527912 68.527912 
806.500000 239 2.000000 0.282092 9.913112 5.641822 0.049504 31.832605 31.832605 
806.500000 240 2.000000 0.025786 0.919611 -0.359423 -1.943210 3.905249 3.905249 
806.500000 241 2.000000 0.838297 8.112160 -3.234036 4.069335 27.018479 27.018479 
806.500000 242 2.000000 0.000001 19.067660 8.346919 -2.071864 73.963673 73.963673 
806.500000 243 2.000000 0.846097 11.032298 -1.539021 4.796686 25.376781 25.376781 
806.500000 244 2.000000 0.076541 10.554971 -3.078194 0.334321 9.587047 9.587047 
806.500000 245 2.000000 0.570783 0.753809 5.707820 7.538081 89.401862 89.401862 
806.500000 246 2.000000 0.999999 11.727772 -4.658304 -4.891532 45.626890 45.626890 
806.500000 247 2.000000 0.128132 17.137071 2.562624 3.427414 18.314206 18.314206 
806.500000 248 2.000000 0.461994 5.027780 -2.152021 1.999675 8.629895 8.629895 
806.500000 249 2.000000 0.290032 13.020726 -4.733111 0.613539 22.778766 22.778766 
806.500000 250 2.000000 0.336277 12.906932 3.362763 2.650752 18.334658 18.334658 
806.500000 251 2.000000 0.732273 1.563628 -2.677261 -1.449415 9.268527 9.268527 
806.500000 252 2.000000 0.586471 8.126381 3.909798 5.610340 46.762433 46.762433 
806.500000 253 2.000000 0.492673 15.501114 -1.127391 4.840803 24.704383 24.704383 
806.500000 254 2.000000 0.717966 13.810387 3.589824 3.227614 23.304328 23.304328 
806.500000 255 2.000000 0.155540 12.937341 -4.889086 1.924305 27.606111 27.606111 
806.500000 256 2.000000 0.462806 2.795869 -0.088282 1.591896 2.541925 2.541925 
806.500000 257 2.000000 0.786246 4.578643 -1.425021 -4.891542 25.957873 25.957873 
806.500000 258 2.000000 0.959840 11.002036 -0.401594 -2.462437 6.224872 6.224872 
806.500000 259 2.000000 0.639145 9.331457 3.195718 4.303363 28.731542 28.731542 
806.500000 260 2.000000 0.895749 17.357589 -0.694999 1.364899 2.345973 2.345973 
806.500000 261 2.000000 0.199346 6.225964 -1.640692 4.859536 26.306958 26.306958 
806.500000 262 2.000000 0.999999 17.945829 -1.616856 4.173448 20.031896 20.031896 
806.500000 263 2.000000 0.449160 19.864810 8.983184 1.688818 83.549699 83.549699 
806.500000 264 2.000000 0.757672 16.771606 0.947089 2.893466 9.269125 9.269125 
806.500000 265 2.000000 0.884281 9.037685 1.278258 2.032571 5.765286 5.765286 
806.500000 266 2.000000 0.387616 7.898293 -6.123829 1.302037 39.196578 39.196578 
806.500000 267 2.000000 0.082733 19.128801 -2.293165 -0.670153 5.707708 5.707708 
806.500000 268 2.000000 0.154235 16.691653 0.616937 3.775444 14.634589 14.634589 
806.500000 269 2.000000 0.793355 19.764753 0.793354 -4.704920 22.765684 22.765684 
806.500000 270 2.000000 0.707426 18.901410 1.211616 -4.978730 26.255764 26.255764 
806.500000 271 2.000000 0.200901 10.199530 4.018001 7.845792 77.700775 77.700775 
806.500000 272 2.000000 0.380568 1.097984 -2.477726 1.725995 9.118185 9.118185 
806.500000 273 2.000000 0.000001 5.568568 6.245886 -1.955425 42.834782 42.834782 
806.500000 274 2.000000 0.245344 12.443090 4.906863 -4.079233 40.717452 40.717452 
806.500000 275 2.000000 0.708832 9.117039 -2.911674 -1.556451 10.900386 10.900386 
806.500000 276 2.000000 0.210636 12.185366 2.106347 -1.429267 6.479501 6.479501 
806.500000 277 2.000000 0.494711 16.092178 4.947097 3.239178 34.966040 34.966040 
806.500000 278 2.000000 0.616695 5.770893 1.761983 2.976804 11.965945 11.965945 
806.500000 279 2.000000 0.542057 15.628388 -4.579423 1.426931 23.007248 23.007248 
806.500000 280 2.000000 0.586866 17.939993 5.868650 -5.850196 68.665854 68.665854 
806.500000 281 2.000000 0.723686 5.267116 2.894738 5.016300 33.542779 33.542779 
806.500000 282 2.000000 0.630386 14.815406 1.575961 -6.099522 39.687818 39.687818 
806.500000 283 2.000000 0.694358 0.837884 -6.112815 -2.292917 42.623971 42.623971 
806.500000 284 2.000000 0.532757 13.713792 5.327562 2.277171 33.568427 33.568427 
806.500000 285 2.000000 0.482053 0.000001 -2.589732 5.604422 38.116253 38.116253 
806.500000 286 2.000000 0.294214 5.830788 1.961423 3.050343 13.151772 13.151772 
806.500000 287 2.000000 0.694786 14.033539 3.473926 -2.199358 16.905337 16.905337 
806.500000 288 2.000000 0.657676 7.288067 -3.423226 -4.796827 34.728027 34.728027 
806.500000 289 2.000000 0.900471 1.865086 3.001568 4.110050 25.901922 25.901922 
806.500000 290 2.000000 0.000001 6.114245 1.651641 -4.690965 24.733075 24.733075 
806.500000 291 2.000000 0.144717 19.086726 -0.891654 -3.653093 14.140134 14.140134 
806.500000 292 2.000000 0.519493 2.429543 -0.640675 -1.947892 4.204747 4.204747 
806.500000 293 2.000000 0.957818 6.663506 -0.843629 1.972579 4.602775 4.602775 
806.500000 294 2.000000 0.621483 9.393521 1.381070 3.600455 14.870629 14.870629 
806.500000 295 2.000000 0.131712 0.129783 -0.957127 2.595643 7.653455 7.653455 
806.500000 296 2.000000 0.254667 17.711710 2.546662 2.149890 11.107517 11.107517 
806.500000 297 2.000000 0.799696 15.539821 3.198778 0.124735 10.247742 10.247742 
806.500000 298 2.000000 0.999999 12.773265 -5.059784 3.503668 37.877106 37.877106 
806.500000 299 2.000000 0.742022 14.657840 -5.159547 -0.664738 27.062802 27.062802 
806.500000 300 2.000000 0.967674 8.083226 2.764781 -10.362412 115.023590 115.023590 
806.500000 301 2.000000 0.199764 1.047919 -4.001175 2.328707 21.432275 21.432275 
806.500000 302 2.000000 0.817686 3.781965 0.459302 5.463016 30.055500 30.055500 
806.500000 303 2.000000 0.546225 9.660494 0.682781 1.106473 1.690471 1.690471 
806.500000 304 2.000000 0.242837 10.856468 -0.318084 -0.171484 0.130584 0.130584 
806.500000 305 2.000000 0.088120 17.044656 -4.559397 4.709198 42.964642 42.964642 
806.500000 306 2.000000 0.754468 1.711647 0.685879 4.890417 24.386613 24.386613 
806.500000 307 2.000000 0.593288 12.829582 -4.067110 -6.828969 63.176195 63.176195 
806.500000 308 2.000000 0.684659 0.347738 -2.102269 -0.496709 4.666255 4.666255 
806.500000 309 2.000000 0.663542 9.244686 2.211803 -2.331823 10.329471 10.329471 
806.500000 310 2.000000 0.801926 8.489119 -1.320489 -2.680724 8.929969 8.929969 
806.500000 311 2.000000 0.794095 2.487825 -2.059041 -0.391115 4.392619 4.392619 
806.500000 312 2.000000 0.594274 4.541107 -2.704836 -4.201154 24.965830 24.965830 
806.500000 313 2.000000 0.911298 2.208201 -1.774019 -6.455763 44.824020 44.824020 
806.500000 314 2.000000 0.706333 0.338347 -2.936664 0.966702 9.558509 9.558509 
806.500000 315 2.000000 0.513742 7.527086 -0.220548 -0.880030 0.823095 0.823095 
806.500000 316 2.000000 0.486679 14.563880 1.946710 -4.954145 28.333233 28.333233 
806.500000 317 2.000000 0.933795 18.357111 1.220331 2.641034 8.464270 8.464270 
806.500000 318 2.000000 0.999999 14.932175 -5.574809 -0.032692 31.079566 31.079566 
806.500000 319 2.000000 0.553333 19.928989 1.179275 1.960374 5.233757 5.233757 
806.500000 320 2.000000 0.000001 13.002740 6.701070 0.423175 45.083415 45.083415 
806.500000 321 2.000000 0.895468 13.482180 2.837070 0.116947 8.062644 8.062644 
806.500000 322 2.000000 0.156339 10.767861 3.126762 -0.265699 9.847239 9.847239 
806.500000 323 2.000000 0.000001 2.616441 2.541617 -4.689915 28.455118 28.455118 
806.500000 324 2.000000 0.606527 5.896971 1.516316 -3.658800 15.686032 15.686032 
806.500000 325 2.000000 0.865447 0.764219 2.472703 0.587580 6.459512 6.459512 
806.500000 326 2.000000 0.436367 13.126492 4.363656 -1.280835 20.682029 20.682029 
806.500000 327 2.000000 0.239604 3.829141 -1.520790 0.048884 2.315191 2.315191 
806.500000 328 2.000000 0.999999 14.006369 -4.517081 -1.002888 21.409803 21.409803 
806.500000 329 2.000000 0.070096 5.578272 -6.199350 2.009514 42.470092 42.470092 
806.500000 330 2.000000 0.999999 14.849331 -2.450265 -4.292223 24.426979 24.426979 
806.500000 331 2.000000 0.994815 15.326368 0.126894 2.136829 4.582139 4.582139 
806.500000 332 2.000000 0.141975 14.561159 -3.432098 -2.208746 16.657851 16.657851 
806.500000 333 2.000000 0.201706 12.088478 -1.951709 1.753954 6.885524 6.885524 
806.500000 334 2.000000 0.848079 10.170043 0.678462 1.204343 1.910754 1.910754 
806.500000 335 2.000000 0.421009 0.123457 -2.315960 1.234557 6.887803 6.887803 
806.500000 336 2.000000 0.151316 7.049856 0.756573 -0.067861 0.577008 0.577008 
806.500000 337 2.000000 0.919216 6.889094 0.940430 -2.066336 5.154152 5.154152 
806.500000 338 2.000000 0.777827 11.873372 -4.443448 -1.849387 23.164459 23.164459 
806.500000 339 2.000000 0.563975 14.211507 -2.180122 7.895281 67.088396 67.088396 
806.500000 340 2.000000 0.000001 14.839454 2.943687 1.288302 10.325013 10.325013 
806.500000 341 2.000000 0.320145 17.605285 -6.798544 0.440304 46.414075 46.414075 
806.500000 342 2.000000 0.072511 2.028921 -3.709954 -0.599556 14.123226 14.123226 
806.500000 343 2.000000 0.495823 13.171697 -2.520879 -0.273247 6.429496 6.429496 
806.500000 344 2.000000 0.698665 9.379084 1.136328 -3.044999 10.563259 10.563259 
806.500000 345 2.000000 0.246991 15.533504 -1.369106 -0.208974 1.918121 1.918121 
806.500000 346 2.000000 0.232908 13.085864 -3.835454 2.570763 21.319530 21.319530 
806.500000 347 2.000000 0.999999 8.351450 -7.840869 1.358170 63.323849 63.323849 
806.500000 348 2.000000 0.752691 6.059734 7.526903 -0.494200 56.898497 56.898497 
806.500000 349 2.000000 0.378576 3.104168 -2.071408 -4.781042 27.149097 27.149097 
806.500000 350 2.000000 0.245494 18.513869 2.454933 0.956503 6.941595 6.941595 
806.500000 351 2.000000 0.272581 10.870041 -1.818544 -5.706224 35.868090 35.868090 
806.500000 352 2.000000 0.244932 15.944547 -5.033780 -2.192136 30.144406 30.144406 
806.500000 353 2.000000 0.317345 3.666083 -1.517008 1.414780 4.302917 4.302917 
806.500000 354 2.000000 0.796765 2.647812 5.311758 -2.968355 37.025908 37.025908 
806.500000 355 2.000000 0.321249 4.577195 2.141654 1.069340 5.730171 5.730171 
806.500000 356 2.000000 0.258058 8.736617 5.161149 -3.172784 36.704020 36.704020 
806.500000 357 2.000000 0.143526 1.124691 -5.709817 3.213400 42.927949 42.927949 
806.500000 358 2.000000 0.203052 11.999362 4.061028 -1.200378 17.932857 17.932857 
806.500000 359 2.000000 0.271507 10.397075 5.430122 1.902323 33.105064 33.105064 
806.500000 360 2.000000 0.328317 3.267246 -6.716825 -1.432478 47.167728 47.167728 
806.500000 361 2.000000 0.158280 6.709458 0.633116 -1.197750 1.835442 1.835442 
806.500000 362 2.000000 0.283454 10.205749 -2.388482 0.336369 5.817993 5.817993 
806.500000 363 2.000000 0.966755 17.485589 6.445025 0.031398 41.539336 41.539336 
806.500000 364 2.000000 0.790587 13.798333 -0.837648 2.999637 9.699479 9.699479 
806.500000 365 2.000000 0.684845 0.228765 -1.575772 4.575280 23.416247 23.416247 
806.500000 366 2.000000 0.598962 0.694667 3.993074 -2.732563 23.411545 23.411545 
806.500000 367 2.000000 0.759012 7.564968 0.324116 -3.586078 12.965006 12.965006 
806.500000 368 2.000000 0.138185 12.616120 -5.745426 0.908897 33.836013 33.836013 
806.500000 369 2.000000 0.260986 17.420023 2.609848 -2.149980 11.433719 11.433719 
806.500000 370 2.000000 0.000001 2.312503 6.340700 -6.191138 78.534664 78.534664 
806.500000 371 2.000000 0.670676 14.559830 -0.329323 2.786737 7.874354 7.874354 
806.500000 372 2.000000 0.579754 17.105214 -4.202452 0.765877 18.247167 18.247167 
806.500000 373 2.000000 0.335825 3.110295 6.716486 3.357051 56.380971 56.380971 
806.500000 374 2.000000 0.999999 1.055638 -0.225048 -2.649485 7.070419 7.070419 
806.500000 375 2.000000 0.543544 13.390898 -3.043031 0.735222 9.800585 9.800585 
806.500000 376 2.000000 0.000001 12.238840 4.459183 2.198515 24.717780 24.717780 
806.500000 377 2.000000 0.597615 3.695081 -0.731606 -2.130645 5.074895 5.074895 
806.500000 378 2.000000 0.999999 13.403208 -3.954150 5.430517 45.125822 45.125822 
806.500000 379 2.000000 0.292711 9.251690 1.170841 1.379886 3.274954 3.274954 
806.500000 380 2.000000 0.355140 17.691484 3.551393 -3.847524 27.415838 27.415838 
806.500000 381 2.000000 0.283440 5.422263 -1.297244 1.256643 3.261992 3.261992 
806.500000 382 2.000000 0.270654 11.420925 -4.862300 4.060216 40.127321 40.127321 
806.500000 383 2.000000 0.447235 10.252975 4.472342 2.595658 26.739289 26.739289 
806.500000 384 2.000000 0.845253 8.079703 -3.094921 3.041805 18.831113 18.831113 
806.500000 385 2.000000 0.772682 10.299438 -4.546349 -1.355933 22.507842 22.507842 
806.500000 386 2.000000 0.348474 1.415228 2.323154 3.144949 15.287748 15.287748 
806.500000 387 2.000000 0.297005 8.000999 -7.029942 1.912474 53.077647 53.077647 
806.500000 388 2.000000 0.999999 12.095234 -1.396700 -0.023108 1.951305 1.951305 
806.500000 389 2.000000 0.760803 15.286810 2.173721 7.138548 55.683928 55.683928 
806.500000 390 2.000000 0.999999 12.503396 -1.487064 -0.902232 3.025384 3.025384 
806.500000 391 2.000000 0.134164 9.825336 -4.329176 -2.816201 26.672749 26.672749 
806.500000 392 2.000000 0.999999 17.785015 2.364632 -3.387044 17.063550 17.063550 
806.500000 393 2.000000 0.999999 6.367972 -5.204513 -2.251278 32.155210 32.155210 
806.500000 394 2.000000 0.615939 17.239215 -0.156759 -3.681045 13.574664 13.574664 
806.500000 395 2.000000 0.624496 0.780440 6.244948 -1.064147 40.131782 40.131782 
806.500000 396 2.000000 0.291642 19.028691 -2.833430 0.088592 8.036174 8.036174 
806.500000 397 2.000000 0.833364 19.604341 -3.332695 2.108524 15.552728 15.552728 
806.500000 398 2.000000 0.664404 5.180052 -6.711902 0.895648 45.851816 45.851816 
806.500000 399 2.000000 0.531337 16.175176 1.180746 -2.124902 5.909368 5.909368 
806.500000 400 2.000000 0.365502 12.654280 2.436674 2.915652 14.438406 14.438406 
806.500000 401 2.000000 0.293384 7.415425 5.867650 3.954455 50.067034 50.067034 
806.500000 402 2.000000 0.294625 4.431525 0.841782 -0.727544 1.237918 1.237918 
806.500000 403 2.000000 0.833628 14.494029 -1.663708 -3.803246 17.232602 17.232602 
806.500000 404 2.000000 0.810918 1.052830 0.623782 -1.273740 2.011519 2.011519 
806.500000 405 2.000000 0.999999 4.482819 -3.073771 0.243438 9.507332 9.507332 
806.500000 406 2.000000 0.000001 18.036054 7.408383 0.981587 55.847656 55.847656 
806.500000 407 2.000000 0.910658 8.107056 -0.595609 -1.957532 4.186683 4.186683 
806.500000 408 2.000000 0.695916 10.989843 1.546477 -1.189697 3.806970 3.806970 
806.500000 409 2.000000 0.629154 15.987676 0.078703 1.875262 3.522800 3.522800 
806.500000 410 2.000000 0.814336 7.410571 -1.237753 2.354506 7.075731 7.075731 
806.500000 411 2.000000 0.000001 12.209447 3.938884 3.196889 25.734906 25.734906 
806.500000 412 2.000000 0.000001 11.358974 5.514840 0.508969 30.672510 30.672510 
806.500000 413 2.000000 0.029864 15.762312 -3.880542 5.802995 48.733357 48.733357 
806.500000 414 2.000000 0.177567 4.893189 1.775663 -1.494827 5.387489 5.387489 
806.500000 415 2.000000 0.542557 6.682568 0.420560 -3.311245 11.141214 11.141214 
806.500000 416 2.000000 0.265181 11.004912 2.651802 1.544585 9.417799 9.417799 
806.500000 417 2.000000 0.222150 6.566655 0.773631 -3.664210 14.024942 14.024942 
806.500000 418 2.000000 0.408544 8.470225 0.628528 3.457234 12.347518 12.347518 
806.500000 419 2.000000 0.813615 8.731785 0.254396 1.575620 2.547295 2.547295 
806.500000 420 2.000000 0.148398 4.425063 2.967931 5.164012 35.475631 35.475631 
806.500000 421 2.000000 0.999999 17.661970 -2.579945 2.784177 14.407757 14.407757 
806.500000 422 2.000000 0.484745 4.820816 9.694881 -0.734107 94.529632 94.529632 
806.500000 423 2.000000 0.198091 14.238439 0.990450 -3.973490 16.769612 16.769612 
806.500000 424 2.000000 0.000001 18.048735 1.877600 3.750118 17.588768 17.588768 
806.500000 425 2.000000 0.791161 18.609722 1.438472 -0.510116 2.329421 2.329421 
806.500000 426 2.000000 0.505517 3.618891 -0.978283 1.888271 4.522603 4.522603 
806.500000 427 2.000000 0.298547 17.525077 -3.507259 3.041749 21.553101 21.553101 
806.500000 428 2.000000 0.768256 16.447382 3.841275 0.263568 14.824865 14.824865 
806.500000 429 2.000000 0.559497 18.490765 -1.258576 1.317224 3.319093 3.319093 
806.500000 430 2.000000 0.000001 3.415464 3.024270 4.755729 31.763165 31.763165 
806.500000 431 2.000000 0.537812 0.991192 2.151245 3.964765 20.347216 20.347216 
806.500000 432 2.000000 0.999999 0.987388 -3.232892 -0.271837 10.525487 10.525487 
806.500000 433 2.000000 0.031117 1.590866 -9.688816 -4.966669 118.540958 118.540958 
806.500000 434 2.000000 0.000001 3.218444 7.820225 -3.631353 74.342638 74.342638 
806.500000 435 2.000000 0.999999 17.451622 -4.163082 0.177144 17.362634 17.362634 
806.500000 436 2.000000 0.336077 10.449762 0.092887 -1.815126 3.303312 3.303312 
806.500000 437 2.000000 0.999999 4.532480 -5.419484 -3.902628 44.601311 44.601311 
806.500000 438 2.000000 0.360576 17.625096 3.605746 2.023520 17.096036 17.096036 
806.500000 439 2.000000 0.120631 6.955685 -2.999025 4.089987 25.722141 25.722141 
806.500000 440 2.000000 0.000001 13.538917 3.841629 2.471821 20.868013 20.868013 
806.500000 441 2.000000 0.999999 2.037399 -5.441444 -4.086728 46.310659 46.310659 
806.500000 442 2.000000 0.132953 10.127211 2.659037 3.164753 17.086138 17.086138 
806.500000 443 2.000000 0.913402 10.864665 6.089340 3.528772 49.532286 49.532286 
806.500000 444 2.000000 0.690105 6.593438 -6.197875 -1.840491 41.801064 41.801064 
806.500000 445 2.000000 0.188982 4.577164 -8.110168 -1.736196 68.789204 68.789204 
806.500000 446 2.000000 0.656496 4.193864 -0.687007 -4.159509 17.773495 17.773495 
806.500000 447 2.000000 0.705044 10.232801 0.152254 1.854432 3.462100 3.462100 
806.500000 448 2.000000 0.157206 10.603830 3.144101 7.069219 59.859230 59.859230 
806.500000 449 2.000000 0.010213 8.046960 -0.511691 -0.023799 0.262394 0.262394 
806.500000 450 2.000000 0.935775 3.931048 0.467887 -1.898160 3.821929 3.821929 
806.500000 451 2.000000 0.123379 15.574254 -1.168827 1.259861 2.953407 2.953407 
806.500000 452 2.000000 0.894574 12.492400 2.981912 1.788121 12.089173 12.089173 
806.500000 453 2.000000 0.478936 0.485812 1.197337 2.429055 7.333922 7.333922 
806.500000 454 2.000000 0.094234 18.285849 -1.646846 3.025897 11.868154 11.868154 
806.500000 455 2.000000 0.999999 16.960891 -1.195632 -1.859497 4.887266 4.887266 
806.500000 456 2.000000 0.154419 13.110095 -0.384354 -3.937088 15.648392 15.648392 
806.500000 457 2.000000 0.041756 18.073765 0.835096 -1.333674 2.476074 2.476074 
806.500000 458 2.000000 0.304140 8.706334 1.623994 -4.878258 26.434758 26.434758 
806.500000 459 2.000000 0.000001 6.070574 3.918778 -0.186069 15.391442 15.391442 
806.500000 460 2.000000 0.460673 16.758215 4.606724 4.903277 45.264025 45.264025 
806.500000 461 2.000000 0.999999 3.483485 -4.678406 0.491087 22.128644 22.128644 
806.500000 462 2.000000 0.565598 8.963030 -4.344006 1.645934 21.579489 21.579489 
806.500000 463 2.000000 0.272934 12.372667 0.218346 7.070095 50.033918 50.033918 
806.500000 464 2.000000 0.999999 1.622270 -0.534971 -1.498984 2.533147 2.533147 
806.500000 465 2.000000 0.999999 12.042779 -3.532134 0.418420 12.651043 12.651043 
806.500000 466 2.000000 0.157496 12.921368 1.060526 -2.872956 9.378593 9.378593 
806.500000 467 2.000000 0.939218 16.781590 -0.607810 -3.318260 11.380285 11.380285 
806.500000 468 2.000000 0.277628 0.432117 1.850847 -1.191910 4.846284 4.846284 
806.500000 469 2.000000 0.714195 9.473297 4.761293 -6.277694 62.079346 62.079346 
806.500000 470 2.000000 0.411738 1.752299 8.234745 5.006565 92.876726 92.876726 
806.500000 471 2.000000 0.689233 13.696783 -2.071773 -0.106086 4.303496 4.303496 
806.500000 472 2.000000 0.385812 1.248579 -6.141865 2.106901 42.161539 42.161539 
806.500000 473 2.000000 0.500523 10.811487 5.005222 0.544435 25.348659 25.348659 
806.500000 474 2.000000 0.885310 5.508583 0.037173 -5.379634 28.941839 28.941839 
806.500000 475 2.000000 0.249676 6.662041 1.248377 0.556048 1.867635 1.867635 
806.500000 476 2.000000 0.596682 7.580077 -1.152333 5.830828 35.326423 35.326423 
806.500000 477 2.000000 0.360446 15.673547 2.402967 0.750652 6.337728 6.337728 
806.500000 478 2.000000 0.335380 19.142710 1.676893 7.813351 63.860420 63.860420 
806.500000 479 2.000000 0.260392 3.531998 -1.232679 2.959955 10.280830 10.280830 
806.500000 480 2.000000 0.000001 0.840881 1.605446 -5.611372 34.064951 34.064951 
806.500000 481 2.000000 0.549191 10.780411 2.196760 3.482583 16.954138 16.954138 
806.500000 482 2.000000 0.231283 1.219710 4.625632 -2.372992 27.027566 27.027566 
806.500000 483 2.000000 0.579195 2.674941 3.861296 -4.617840 36.234051 36.234051 
806.500000 484 2.000000 0.434252 9.279451 -5.657469 0.960808 32.930111 32.930111 
806.500000 485 2.000000 0.271221 4.078192 1.084880 2.714456 8.545235 8.545235 
806.500000 486 2.000000 0.443916 10.728312 2.219574 -3.785952 19.259941 19.259941 
806.500000 487 2.000000 0.332085 5.145301 -4.452762 -2.247861 24.879967 24.879967 
806.500000 488 2.000000 0.993559 17.790652 -3.225268 4.753289 32.996107 32.996107 
806.500000 489 2.000000 0.175116 17.297492 0.583715 -2.708472 7.676544 7.676544 
806.500000 490 2.000000 0.711631 6.670312 7.116296 -1.164946 51.998771 51.998771 
806.500000 491 2.000000 0.506974 15.766246 -4.930249 -1.693501 27.175300 27.175300 
806.500000 492 2.000000 0.732990 4.001888 -2.670092 -5.619665 38.710026 38.710026 
806.500000 493 2.000000 0.475887 2.284849 -1.048225 2.077135 5.413264 5.413264 
806.500000 494 2.000000 0.766737 13.091548 -4.665247 1.279080 23.400571 23.400571 
806.500000 495 2.000000 0.175741 5.006756 1.171599 0.863205 2.117768 2.117768 
806.500000 496 2.000000 0.868124 19.633750 1.335574 -1.220830 3.274183 3.274183 
806.500000 497 2.000000 0.538123 12.655153 0.467932 -1.119465 1.472162 1.472162 
806.500000 498 2.000000 0.001540 1.791861 -3.562579 -4.474381 32.712054 32.712054 
806.500000 499 2.000000 0.212622 3.868938 -5.249180 7.737873 87.428579 87.428579 
806.500000 500 2.000000 0.637232 9.294859 6.372306 0.926600 41.464876 41.464876 
