800.000000 1 2.000000 0.923306 2.978048 4.616526 3.503584 33.587418 33.587418 
800.000000 2 2.000000 0.370886 7.303064 1.854424 3.124069 13.198696 13.198696 
800.000000 3 2.000000 0.739620 7.269458 -1.735859 -2.957033 11.757253 11.757253 
800.000000 4 2.000000 0.503683 7.188115 -3.308770 -3.741400 24.946037 24.946037 
800.000000 5 2.000000 0.945238 18.336683 -1.095225 5.323171 29.535664 29.535664 
800.000000 6 2.000000 0.193656 18.577402 -4.031716 -0.966171 17.188221 17.188221 
800.000000 7 2.000000 0.612934 14.878524 -1.548258 -4.097180 19.183991 19.183991 
800.000000 8 2.000000 0.654176 0.188599 1.453723 1.885976 5.670217 5.670217 
800.000000 9 2.000000 0.287607 11.137043 -7.123922 3.620441 63.857864 63.857864 
800.000000 10 2.000000 0.267940 16.980878 -2.928237 -6.038243 45.034948 45.034948 
800.000000 11 2.000000 0.376940 4.432114 -2.076864 -2.196455 9.137777 9.137777 
800.000000 12 2.000000 0.999999 19.185425 -5.348072 2.105679 33.035761 33.035761 
800.000000 13 2.000000 0.516198 10.819994 5.161967 -2.644478 33.639170 33.639170 
800.000000 14 2.000000 0.337011 14.258245 6.740208 -5.219776 72.676468 72.676468 
800.000000 15 2.000000 0.999999 17.204080 -1.574722 -2.071051 6.769001 6.769001 
800.000000 16 2.000000 0.856039 5.725067 5.706920 4.246837 50.604561 50.604561 
800.000000 17 2.000000 0.668977 19.094527 -3.310221 -6.036477 47.396622 47.396622 
800.000000 18 2.000000 0.999999 16.609953 -1.875495 3.218467 13.876013 13.876013 
800.000000 19 2.000000 0.315308 15.965000 3.153070 -5.043748 35.381249 35.381249 
800.000000 20 2.000000 0.251355 16.803631 -0.999646 0.920559 1.846722 1.846722 
800.000000 21 2.000000 0.557574 14.366249 -4.424253 -0.106086 19.585273 19.585273 
800.000000 22 2.000000 0.640871 13.940624 0.653071 7.438773 55.761847 55.761847 
800.000000 23 2.000000 0.230680 17.884659 -1.183568 -3.254369 11.991749 11.991749 
800.000000 24 2.000000 0.000001 10.396270 5.529140 5.549878 61.372527 61.372527 
800.000000 25 2.000000 0.000001 8.482559 5.469521 3.704794 43.641156 43.641156 
800.000000 26 2.000000 0.128865 8.540030 0.286365 -0.283989 0.162655 0.162655 
800.000000 27 2.000000 0.275040 9.650031 2.750389 3.993028 23.508917 23.508917 
800.000000 28 2.000000 0.305287 11.289213 -1.060674 -3.877715 16.161705 16.161705 
800.000000 29 2.000000 0.758241 14.021635 -4.835151 4.052884 39.804555 39.804555 
800.000000 30 2.000000 0.184914 8.667882 -2.037713 -1.486853 6.363008 6.363008 
800.000000 31 2.000000 0.768585 17.340536 7.685844 -2.799435 66.909038 66.909038 
800.000000 32 2.000000 0.944985 18.559240 -1.100285 3.692520 14.845330 14.845330 
800.000000 33 2.000000 0.133777 18.489455 2.675524 3.082466 16.660028 16.660028 
800.000000 34 2.000000 0.626792 3.371021 -1.244024 0.295847 1.635122 1.635122 
800.000000 35 2.000000 0.418864 4.674686 -0.718532 -1.985186 4.457252 4.457252 
800.000000 36 2.000000 0.868355 2.270588 4.341768 -0.246073 18.911505 18.911505 
800.000000 37 2.000000 0.049110 7.346622 0.982175 0.933180 1.835492 1.835492 
800.000000 38 2.000000 0.963804 19.724034 6.425352 1.855747 44.728946 44.728946 
800.000000 39 2.000000 0.272382 10.382165 2.723807 -2.916551 15.925392 15.925392 
800.000000 40 2.000000 0.358950 5.451837 0.897373 0.590029 1.153413 1.153413 
800.000000 41 2.000000 0.999999 19.565400 -6.140273 -0.255913 37.768449 37.768449 
800.000000 42 2.000000 0.897169 4.158672 1.794335 -3.063354 12.603779 12.603779 
800.000000 43 2.000000 0.295573 3.763111 -3.522132 -2.145036 17.006590 17.006590 
800.000000 44 2.000000 0.754123 0.445246 -4.917514 2.226223 29.138017 29.138017 
800.000000 45 2.000000 0.000001 15.470534 4.175995 -0.061495 17.442716 17.442716 
800.000000 46 2.000000 0.689872 3.573753 -2.067512 -3.971233 20.045300 20.045300 
800.000000 47 2.000000 0.044298 6.850387 -4.778503 0.159606 22.859568 22.859568 
800.000000 48 2.000000 0.102590 10.815510 1.025886 0.443401 1.249047 1.249047 
800.000000 49 2.000000 0.164735 8.873238 0.411836 -6.358149 40.595671 40.595671 
800.000000 50 2.000000 0.097803 11.910290 0.978018 -5.056068 26.520344 26.520344 
800.000000 51 2.000000 0.871361 18.244732 5.809070 3.580021 46.561841 46.561841 
800.000000 52 2.000000 0.626531 4.583012 -0.393124 3.404524 11.745328 11.745328 
800.000000 53 2.000000 0.390428 14.357435 7.808533 -1.899659 64.581900 64.581900 
800.000000 54 2.000000 0.391993 18.262670 -0.198097 5.026674 25.306694 25.306694 
800.000000 55 2.000000 0.999999 13.590459 -1.940795 6.463321 45.541209 45.541209 
800.000000 56 2.000000 0.465055 9.698143 3.100363 5.701849 42.123327 42.123327 
800.000000 57 2.000000 0.767577 5.610518 0.767576 2.518376 6.931389 6.931389 
800.000000 58 2.000000 0.295067 6.432575 -1.281694 1.738814 4.666213 4.666213 
800.000000 59 2.000000 0.519624 1.246103 -2.401875 -1.308510 7.481203 7.481203 
800.000000 60 2.000000 0.000001 9.258698 4.106200 0.850740 17.584637 17.584637 
800.000000 61 2.000000 0.771830 15.269279 -2.281688 -1.374782 7.096127 7.096127 
800.000000 62 2.000000 0.663476 10.236028 -6.730459 -2.145928 49.904080 49.904080 
800.000000 63 2.000000 0.750212 11.797112 -0.624468 -3.728585 14.292305 14.292305 
800.000000 64 2.000000 0.711914 14.227440 2.034038 1.255603 5.713847 5.713847 
800.000000 65 2.000000 0.692895 2.717533 1.979696 3.019480 13.036454 13.036454 
800.000000 66 2.000000 0.158141 0.267289 -1.403096 5.345753 30.545749 30.545749 
800.000000 67 2.000000 0.264383 11.476655 -4.904108 -3.558085 36.710244 36.710244 
800.000000 68 2.000000 0.000001 8.865003 7.749669 -6.748482 105.599388 105.599388 
800.000000 69 2.000000 0.807007 7.915808 4.035031 0.885059 17.064804 17.064804 
800.000000 70 2.000000 0.952884 11.313804 0.366493 -0.693202 0.614846 0.614846 
800.000000 71 2.000000 0.999999 3.005115 -2.011463 -1.372421 5.929521 5.929521 
800.000000 72 2.000000 0.177408 17.747156 -5.483943 -5.006318 55.136856 55.136856 
800.000000 73 2.000000 0.000001 12.078040 3.278737 -1.100097 11.960328 11.960328 
800.000000 74 2.000000 0.683068 17.091493 2.202300 -1.162851 6.202347 6.202347 
800.000000 75 2.000000 0.999999 3.180812 -5.436476 1.360750 31.406911 31.406911 
800.000000 76 2.000000 0.999999 5.961957 -2.791459 2.440660 13.749066 13.749066 
800.000000 77 2.000000 0.865260 10.691844 -0.898262 -1.366307 2.673669 2.673669 
800.000000 78 2.000000 0.812341 19.476326 0.988740 2.318270 6.351983 6.351983 
800.000000 79 2.000000 0.775413 14.782149 1.626474 -3.152927 12.586364 12.586364 
800.000000 80 2.000000 0.067486 19.634130 -0.240599 -1.463475 2.199647 2.199647 
800.000000 81 2.000000 0.111767 8.051704 -2.537805 -0.836992 7.141010 7.141010 
800.000000 82 2.000000 0.658663 12.763202 -2.275571 0.087338 5.185850 5.185850 
800.000000 83 2.000000 0.047506 18.606611 -2.116652 3.879899 19.533827 19.533827 
800.000000 84 2.000000 0.838572 8.362279 -3.228546 0.325914 10.529729 10.529729 
800.000000 85 2.000000 0.630912 3.504230 3.154553 -2.129906 14.487702 14.487702 
800.000000 86 2.000000 0.850897 13.295690 2.194229 4.045199 21.178279 21.178279 
800.000000 87 2.000000 0.672051 10.345784 -1.639741 3.896993 17.875302 17.875302 
800.000000 88 2.000000 0.896620 10.954968 -2.067578 1.744989 7.319865 7.319865 
800.000000 89 2.000000 0.757982 12.589811 0.352549 -1.950526 3.928842 3.928842 
800.000000 90 2.000000 0.871445 19.296159 -1.285539 -7.038403 51.191723 51.191723 
800.000000 91 2.000000 0.155379 8.418662 3.107563 0.044280 9.658910 9.658910 
800.000000 92 2.000000 0.999999 6.776218 -1.185504 -3.342843 12.580017 12.580017 
800.000000 93 2.000000 0.312180 3.360908 -1.375637 2.858760 10.064883 10.064883 
800.000000 94 2.000000 0.162430 1.709274 3.248571 2.279031 15.747195 15.747195 
800.000000 95 2.000000 0.927152 8.046447 1.444808 -0.199410 2.127235 2.127235 
800.000000 96 2.000000 0.268462 19.999999 -7.315370 -5.512518 83.902491 83.902491 
800.000000 97 2.000000 0.150669 14.906727 3.013363 1.465674 11.228556 11.228556 
800.000000 98 2.000000 0.241321 0.987968 -2.167651 6.586450 48.080032 48.080032 
800.000000 99 2.000000 0.123753 2.591070 -0.973607 5.757930 34.101669 34.101669 
800.000000 100 2.000000 0.830463 13.209818 -3.390717 -4.682883 33.426354 33.426354 
800.000000 101 2.000000 0.217851 11.788853 -3.910742 1.332628 17.069798 17.069798 
800.000000 102 2.000000 0.629099 1.189351 -1.236332 -4.981738 26.346233 26.346233 
800.000000 103 2.000000 0.480596 9.033111 -0.048503 -0.487691 0.240195 0.240195 
800.000000 104 2.000000 0.934217 9.373459 3.736865 -1.682379 16.794561 16.794561 
800.000000 105 2.000000 0.063785 3.844795 -0.819575 5.915067 35.659722 35.659722 
800.000000 106 2.000000 0.369973 4.149498 0.924929 1.693672 3.724019 3.724019 
800.000000 107 2.000000 0.275955 15.507876 -2.413481 -2.930730 14.414068 14.414068 
800.000000 108 2.000000 0.212072 16.599831 -2.626424 0.716255 7.411126 7.411126 
800.000000 109 2.000000 0.457901 2.318122 3.052665 -0.634087 9.720828 9.720828 
800.000000 110 2.000000 0.246048 18.678481 -3.015806 2.733241 16.565692 16.565692 
800.000000 111 2.000000 0.476417 9.004561 1.588055 0.451000 2.725319 2.725319 
800.000000 112 2.000000 0.486898 13.030620 4.868971 2.958290 32.458359 32.458359 
800.000000 113 2.000000 0.138091 6.316375 -5.746051 0.272226 33.091209 33.091209 
800.000000 114 2.000000 0.061061 14.838408 1.221204 0.445244 1.689581 1.689581 
800.000000 115 2.000000 0.705791 16.318427 0.613730 -1.600684 2.938853 2.938853 
800.000000 116 2.000000 0.483614 9.679592 -10.327703 7.743673 166.625918 166.625918 
800.000000 117 2.000000 0.408513 13.084122 -0.418772 4.527860 20.676888 20.676888 
800.000000 118 2.000000 0.872808 4.833220 -0.847938 -3.007294 9.762819 9.762819 
800.000000 119 2.000000 0.705301 19.289079 -2.946984 0.172225 8.714377 8.714377 
800.000000 120 2.000000 0.691509 17.082812 -2.084255 -2.187861 9.130854 9.130854 
800.000000 121 2.000000 0.000001 16.593485 7.077869 -3.286741 60.898897 60.898897 
800.000000 122 2.000000 0.350138 9.337627 -0.957873 -0.271390 0.991173 0.991173 
800.000000 123 2.000000 0.669151 6.457095 1.338300 -5.210088 28.936059 28.936059 
800.000000 124 2.000000 0.475291 6.200273 1.901159 2.773395 11.306124 11.306124 
800.000000 125 2.000000 0.654826 2.443364 1.870927 1.110619 4.733845 4.733845 
800.000000 126 2.000000 0.703678 14.356739 0.703677 2.278684 5.687560 5.687560 
800.000000 127 2.000000 0.449475 0.299370 -0.440420 0.352199 0.318013 0.318013 
800.000000 128 2.000000 0.597466 5.019428 -2.683551 -4.019152 23.355025 23.355025 
800.000000 129 2.000000 0.162533 13.518254 0.406331 -0.464181 0.380569 0.380569 
800.000000 130 2.000000 0.751346 9.853923 3.005379 3.797443 23.452873 23.452873 
800.000000 131 2.000000 0.134280 17.259976 -0.325071 -1.304773 1.808103 1.808103 
800.000000 132 2.000000 0.427948 8.741025 -5.720509 -0.222900 32.773907 32.773907 
800.000000 133 2.000000 0.945296 9.271129 -1.094053 11.108464 124.594918 124.594918 
800.000000 134 2.000000 0.877519 13.489196 1.350028 2.175366 6.554793 6.554793 
800.000000 135 2.000000 0.663704 12.703027 1.021081 3.174240 11.118406 11.118406 
800.000000 136 2.000000 0.189562 18.653062 -1.157768 3.305117 12.264227 12.264227 
800.000000 137 2.000000 0.872706 6.368211 -0.424310 1.730889 3.176017 3.176017 
800.000000 138 2.000000 0.865048 12.574758 -1.349507 -2.089565 6.187452 6.187452 
800.000000 139 2.000000 0.999999 9.469701 -4.437846 -1.416056 21.699695 21.699695 
800.000000 140 2.000000 0.000001 7.245544 4.786754 -2.852404 31.049217 31.049217 
800.000000 141 2.000000 0.615265 14.208403 -1.538934 2.340489 7.846209 7.846209 
800.000000 142 2.000000 0.759324 8.391003 -2.497864 -7.654601 64.832241 64.832241 
800.000000 143 2.000000 0.411072 19.147642 -1.682648 -0.857251 3.566186 3.566186 
800.000000 144 2.000000 0.000001 6.975047 4.351500 4.650031 40.558341 40.558341 
800.000000 145 2.000000 0.115837 3.346575 -3.536647 0.127718 12.524182 12.524182 
800.000000 146 2.000000 0.755988 12.361124 5.039915 -3.058803 34.757017 34.757017 
800.000000 147 2.000000 0.265029 13.026935 -1.130723 2.662276 8.366251 8.366251 
800.000000 148 2.000000 0.212772 12.116860 4.255419 3.458351 30.068786 30.068786 
800.000000 149 2.000000 0.796455 17.386729 -4.070870 1.429155 18.614467 18.614467 
800.000000 150 2.000000 0.557739 12.238657 2.566276 -1.418389 8.597597 8.597597 
800.000000 151 2.000000 0.851694 12.954328 -0.670244 0.995332 1.439913 1.439913 
800.000000 152 2.000000 0.959109 10.886501 -0.272601 -0.951787 0.980210 0.980210 
800.000000 153 2.000000 0.523315 14.458260 -2.383420 3.199111 15.915001 15.915001 
800.000000 154 2.000000 0.350852 6.634642 -6.491468 4.423094 61.702918 61.702918 
800.000000 155 2.000000 0.193223 10.077094 -0.597612 -0.289351 0.440863 0.440863 
800.000000 156 2.000000 0.345835 13.105171 -0.167734 1.228767 1.538003 1.538003 
800.000000 157 2.000000 0.116349 9.917004 0.775654 1.279594 2.238999 2.238999 
800.000000 158 2.000000 0.999999 17.650431 -2.417325 1.699292 8.731055 8.731055 
800.000000 159 2.000000 0.132248 0.418172 -5.785009 -5.759361 66.636573 66.636573 
800.000000 160 2.000000 0.809910 10.923880 -0.760357 -1.753929 3.654410 3.654410 
800.000000 161 2.000000 0.359203 13.034868 0.798227 1.279472 2.274216 2.274216 
800.000000 162 2.000000 0.210606 3.109017 1.053027 -3.611266 14.150109 14.150109 
800.000000 163 2.000000 0.826918 19.499535 -1.730811 1.002888 4.001491 4.001491 
800.000000 164 2.000000 0.150766 7.139545 -0.148935 -4.624065 21.404162 21.404162 
800.000000 165 2.000000 0.385286 9.712028 -2.458850 3.615401 19.117071 19.117071 
800.000000 166 2.000000 0.203202 7.886676 -1.262667 2.005839 5.617719 5.617719 
800.000000 167 2.000000 0.392359 9.278516 -1.664611 1.277429 4.402755 4.402755 
800.000000 168 2.000000 0.126745 7.289232 1.267436 -4.853644 25.164258 25.164258 
800.000000 169 2.000000 0.204779 14.402625 -2.650733 6.546647 49.884976 49.884976 
800.000000 170 2.000000 0.000001 7.204121 7.161063 -0.333537 51.392070 51.392070 
800.000000 171 2.000000 0.201321 7.057584 -7.986782 3.619273 76.887825 76.887825 
800.000000 172 2.000000 0.246646 13.289669 -7.533530 2.744181 64.284603 64.284603 
800.000000 173 2.000000 0.384690 11.011047 -6.153088 2.561660 44.422591 44.422591 
800.000000 174 2.000000 0.320098 2.138302 3.200969 3.563836 22.947129 22.947129 
800.000000 175 2.000000 0.216951 19.175072 -2.237281 -0.075275 5.011091 5.011091 
800.000000 176 2.000000 0.000001 7.452689 3.386219 -0.835222 12.164078 12.164078 
800.000000 177 2.000000 0.106845 13.523819 2.136882 -2.354974 10.112170 10.112170 
800.000000 178 2.000000 0.452521 11.075518 1.810079 -1.767633 6.400911 6.400911 
800.000000 179 2.000000 0.771854 9.469231 7.718531 -4.481178 79.656680 79.656680 
800.000000 180 2.000000 0.919118 19.375779 4.229762 -1.552362 20.300713 20.300713 
800.000000 181 2.000000 0.226543 3.942423 0.138418 2.930241 8.605473 8.605473 
800.000000 182 2.000000 0.000001 5.234510 5.758401 -0.613883 33.536031 33.536031 
800.000000 183 2.000000 0.953800 1.808469 2.219044 1.751352 7.991387 7.991387 
800.000000 184 2.000000 0.000001 0.865310 4.589036 -1.067490 22.198787 22.198787 
800.000000 185 2.000000 0.000001 0.791146 4.339433 2.390945 24.547295 24.547295 
800.000000 186 2.000000 0.303747 11.300903 -2.665396 1.132305 8.386449 8.386449 
800.000000 187 2.000000 0.151047 6.698743 0.073482 -2.187210 4.789289 4.789289 
800.000000 188 2.000000 0.904993 12.113672 0.040565 3.616021 13.077255 13.077255 
800.000000 189 2.000000 0.999999 1.303488 -5.488879 -6.442217 71.629954 71.629954 
800.000000 190 2.000000 0.094507 2.264398 1.890112 3.483687 15.708597 15.708597 
800.000000 191 2.000000 0.915154 10.257365 -1.696898 -0.313552 2.977779 2.977779 
800.000000 192 2.000000 0.685707 19.523333 1.959161 8.104838 69.526718 69.526718 
800.000000 193 2.000000 0.647973 11.046189 -3.520263 6.165551 50.406268 50.406268 
800.000000 194 2.000000 0.159902 17.419531 0.177668 2.310298 5.369041 5.369041 
800.000000 195 2.000000 0.497237 13.128463 -3.351744 0.515620 11.500049 11.500049 
800.000000 196 2.000000 0.487047 16.306307 4.870459 -4.924923 47.976242 47.976242 
800.000000 197 2.000000 0.029489 4.542301 -2.772886 -3.117571 17.408147 17.408147 
800.000000 198 2.000000 0.278669 18.588236 2.786680 2.225851 12.720000 12.720000 
800.000000 199 2.000000 0.738632 4.993366 -7.419040 0.102217 55.052597 55.052597 
800.000000 200 2.000000 0.468448 4.738251 1.873787 -2.397073 9.257037 9.257037 
800.000000 201 2.000000 0.091584 5.089281 1.831654 -5.231831 30.727014 30.727014 
800.000000 202 2.000000 0.000001 18.352054 1.441780 -2.197260 6.906679 6.906679 
800.000000 203 2.000000 0.572139 10.337750 -0.276039 2.457405 6.115036 6.115036 
800.000000 204 2.000000 0.835707 14.856038 1.285701 3.813493 16.195752 16.195752 
800.000000 205 2.000000 0.382335 10.617223 -0.561513 -4.715244 22.548824 22.548824 
800.000000 206 2.000000 0.672317 6.016416 1.920902 -0.487391 3.927415 3.927415 
800.000000 207 2.000000 0.720960 14.946077 3.604796 -1.274990 14.620156 14.620156 
800.000000 208 2.000000 0.556107 3.799215 -2.219462 -1.302248 6.621863 6.621863 
800.000000 209 2.000000 0.953119 14.220940 0.389451 -3.728425 14.052825 14.052825 
800.000000 210 2.000000 0.957935 8.970086 0.065087 2.638260 6.964654 6.964654 
800.000000 211 2.000000 0.097142 0.718490 -0.466765 8.056329 65.122314 65.122314 
800.000000 212 2.000000 0.205030 19.150947 1.366858 2.863664 10.068873 10.068873 
800.000000 213 2.000000 0.009365 11.021247 -1.025362 -5.484003 31.125661 31.125661 
800.000000 214 2.000000 0.953801 3.843606 -0.461975 -1.138175 1.508862 1.508862 
800.000000 215 2.000000 0.000001 0.186826 3.082533 -2.750413 17.066783 17.066783 
800.000000 216 2.000000 0.273377 2.210812 0.860684 2.670394 7.871783 7.871783 
800.000000 217 2.000000 0.314434 6.769426 -2.285217 -6.153755 43.090917 43.090917 
800.000000 218 2.000000 0.586132 15.092897 0.386624 -2.102664 4.570673 4.570673 
800.000000 219 2.000000 0.999999 4.313006 -4.101879 -3.422286 28.537451 28.537451 
800.000000 220 2.000000 0.845643 12.858673 4.228208 4.101199 34.697571 34.697571 
800.000000 221 2.000000 0.375556 17.777624 7.511102 -2.963167 65.197014 65.197014 
800.000000 222 2.000000 0.698499 14.128479 6.984975 -0.674279 49.244534 49.244534 
800.000000 223 2.000000 0.135014 12.006603 -1.391858 1.674306 4.740568 4.740568 
800.000000 224 2.000000 0.013462 4.468239 -0.410506 -3.902522 15.398190 15.398190 
800.000000 225 2.000000 0.055515 13.295059 -0.949771 -1.115669 2.146784 2.146784 
800.000000 226 2.000000 0.216293 15.323515 -1.119581 4.523601 21.716424 21.716424 
800.000000 227 2.000000 0.330680 0.877039 -0.688220 2.916045 8.976966 8.976966 
800.000000 228 2.000000 0.126911 17.661233 1.269103 3.855415 16.474845 16.474845 
800.000000 229 2.000000 0.471833 10.254925 -0.293426 -0.767551 0.675233 0.675233 
800.000000 230 2.000000 0.277605 1.820490 1.850695 -3.262652 14.069968 14.069968 
800.000000 231 2.000000 0.695905 7.845989 -3.040937 0.941458 10.133639 10.133639 
800.000000 232 2.000000 0.076593 4.967744 -4.617032 0.390659 21.469597 21.469597 
800.000000 233 2.000000 0.938352 18.664747 2.085225 6.270618 43.668816 43.668816 
800.000000 234 2.000000 0.621359 13.270472 0.379243 -1.671011 2.936103 2.936103 
800.000000 235 2.000000 0.170437 0.000001 3.408724 1.502261 13.876187 13.876187 
800.000000 236 2.000000 0.648240 6.740239 -7.035180 6.217259 88.148065 88.148065 
800.000000 237 2.000000 0.566579 17.820260 3.777186 2.125060 18.783015 18.783015 
800.000000 238 2.000000 0.267074 8.526344 -1.832313 -4.673058 25.194845 25.194845 
800.000000 239 2.000000 0.143761 11.456592 -0.983010 0.084513 0.973452 0.973452 
800.000000 240 2.000000 0.376541 9.839611 -3.117291 -3.503668 21.993191 21.993191 
800.000000 241 2.000000 0.631612 3.210325 3.158055 1.927441 13.688337 13.688337 
800.000000 242 2.000000 0.826155 10.259946 8.261543 0.423175 68.432169 68.432169 
800.000000 243 2.000000 0.147195 14.769905 2.943884 -1.007919 9.682353 9.682353 
800.000000 244 2.000000 0.695672 0.148585 -6.086549 -6.730284 82.342804 82.342804 
800.000000 245 2.000000 0.000001 4.120802 4.007000 5.494401 46.244493 46.244493 
800.000000 246 2.000000 0.187223 3.010070 -2.709255 -4.962949 31.970928 31.970928 
800.000000 247 2.000000 0.103081 3.166918 -2.562624 -3.287068 17.371854 17.371854 
800.000000 248 2.000000 0.076955 5.803727 -3.692175 -5.703787 46.165342 46.165342 
800.000000 249 2.000000 0.835183 10.764670 -0.010316 3.428076 11.751811 11.751811 
800.000000 250 2.000000 0.200763 0.271248 0.308865 0.904157 0.912897 0.912897 
800.000000 251 2.000000 0.907217 2.940652 0.302405 0.948597 0.991286 0.991286 
800.000000 252 2.000000 0.977451 11.878837 3.909798 -7.734440 75.108079 75.108079 
800.000000 253 2.000000 0.999999 2.155745 -0.896762 7.185815 52.440117 52.440117 
800.000000 254 2.000000 0.749100 17.528781 -1.507236 -5.430991 31.767427 31.767427 
800.000000 255 2.000000 0.625805 15.871421 0.156784 -0.068821 0.029318 0.029318 
800.000000 256 2.000000 0.533432 17.525610 0.355621 -3.299186 11.011092 11.011092 
800.000000 257 2.000000 0.530240 14.566446 3.534927 1.288650 14.156325 14.156325 
800.000000 258 2.000000 0.112285 14.860277 2.245685 0.251022 5.106114 5.106114 
800.000000 259 2.000000 0.763337 16.478082 -2.366618 -3.913241 20.914336 20.914336 
800.000000 260 2.000000 0.048601 7.810460 -0.594624 6.008046 36.450189 36.450189 
800.000000 261 2.000000 0.390481 17.631897 -4.063455 -3.383003 27.956372 27.956372 
800.000000 262 2.000000 0.886011 9.004175 5.906734 4.847883 58.391478 58.391478 
800.000000 263 2.000000 0.773918 0.577574 -1.088627 5.775728 34.544146 34.544146 
800.000000 264 2.000000 0.953451 13.001715 1.733546 5.424666 32.432180 32.432180 
800.000000 265 2.000000 0.530354 3.217071 1.767843 3.217070 13.474806 13.474806 
800.000000 266 2.000000 0.999999 18.448183 -8.423337 0.020334 70.953028 70.953028 
800.000000 267 2.000000 0.993095 19.529307 -6.185646 -4.554777 59.008206 59.008206 
800.000000 268 2.000000 0.333112 8.108072 -2.667547 0.118296 7.129802 7.129802 
800.000000 269 2.000000 0.577996 6.399441 -2.110016 -3.733705 18.392724 18.392724 
800.000000 270 2.000000 0.723401 7.731450 1.446800 -4.448708 21.884228 21.884228 
800.000000 271 2.000000 0.706544 13.894189 2.802430 3.324661 18.906986 18.906986 
800.000000 272 2.000000 0.045443 8.677712 -0.812289 -4.423197 20.224485 20.224485 
800.000000 273 2.000000 0.999999 19.494365 -5.256228 3.655321 40.989298 40.989298 
800.000000 274 2.000000 0.763742 7.801306 -0.590642 1.427300 2.386043 2.386043 
800.000000 275 2.000000 0.022659 16.634800 -2.792399 5.454033 37.543966 37.543966 
800.000000 276 2.000000 0.120495 16.683675 2.409887 -4.421765 25.359562 25.359562 
800.000000 277 2.000000 0.999999 13.641340 -7.639395 -1.188426 59.772714 59.772714 
800.000000 278 2.000000 0.363268 0.944661 -3.843419 4.923277 39.010525 39.010525 
800.000000 279 2.000000 0.102673 11.256248 -2.563788 -0.064471 6.577163 6.577163 
800.000000 280 2.000000 0.364685 15.273742 0.182342 0.932916 0.903580 0.903580 
800.000000 281 2.000000 0.866999 0.000001 -2.659992 5.342380 35.616578 35.616578 
800.000000 282 2.000000 0.937788 17.044817 -0.207372 -0.620072 0.427492 0.427492 
800.000000 283 2.000000 0.747682 8.394024 5.453424 -2.902731 38.165678 38.165678 
800.000000 284 2.000000 0.483615 10.498195 1.222844 2.030633 5.618816 5.618816 
800.000000 285 2.000000 0.132199 15.342231 -4.858028 2.509763 29.899348 29.899348 
800.000000 286 2.000000 0.023208 13.863269 -1.409022 -5.321164 30.300130 30.300130 
800.000000 287 2.000000 0.000001 9.925480 4.325861 3.417507 30.392430 30.392430 
800.000000 288 2.000000 0.250342 11.152153 -4.997710 -0.944002 25.868247 25.868247 
800.000000 289 2.000000 0.673476 0.676187 -6.530464 1.931959 46.379428 46.379428 
800.000000 290 2.000000 0.717160 3.521183 -0.707097 -5.747482 33.533536 33.533536 
800.000000 291 2.000000 0.835543 1.401807 -1.644557 -3.398005 14.251004 14.251004 
800.000000 292 2.000000 0.089548 17.968588 -0.910451 -3.693475 14.470675 14.470675 
800.000000 293 2.000000 0.000001 9.349702 2.108637 5.925746 39.560815 39.560815 
800.000000 294 2.000000 0.000001 0.085885 4.006427 -0.515511 16.317211 16.317211 
800.000000 295 2.000000 0.999999 2.403021 -7.027138 -1.069340 50.524159 50.524159 
800.000000 296 2.000000 0.702366 6.098243 -1.984217 4.690955 25.942177 25.942177 
800.000000 297 2.000000 0.999999 6.460359 -6.538030 1.266040 44.348695 44.348695 
800.000000 298 2.000000 0.426851 3.822802 0.776092 3.475274 12.679847 12.679847 
800.000000 299 2.000000 0.186821 15.156966 0.028901 -0.652803 0.426987 0.426987 
800.000000 300 2.000000 0.218433 6.831018 0.397150 1.175506 1.539542 1.539542 
800.000000 301 2.000000 0.844452 15.465479 -3.110937 -4.122291 26.671209 26.671209 
800.000000 302 2.000000 0.872118 13.074532 4.360585 5.350540 47.642988 47.642988 
800.000000 303 2.000000 0.850862 4.819910 -2.982738 2.205007 13.758782 13.758782 
800.000000 304 2.000000 0.528134 2.136696 0.186050 -3.761917 14.186634 14.186634 
800.000000 305 2.000000 0.088120 12.822942 -4.559397 4.070775 37.359307 37.359307 
800.000000 306 2.000000 0.095806 3.391898 -1.944237 4.654028 25.440035 25.440035 
800.000000 307 2.000000 0.002567 3.918960 -0.475055 7.768967 60.582523 60.582523 
800.000000 308 2.000000 0.407910 3.536175 2.039543 -1.686480 7.003947 7.003947 
800.000000 309 2.000000 0.248172 16.151772 0.050593 1.831592 3.357290 3.357290 
800.000000 310 2.000000 0.405611 9.545651 0.625737 -7.529748 57.088654 57.088654 
800.000000 311 2.000000 0.374431 7.993488 1.248100 -3.857954 16.441561 16.441561 
800.000000 312 2.000000 0.657236 15.029311 4.381565 -2.259404 24.303019 24.303019 
800.000000 313 2.000000 0.999999 0.348082 -6.771108 1.479537 48.036928 48.036928 
800.000000 314 2.000000 0.999999 1.317570 -3.868066 -7.955310 78.248889 78.248889 
800.000000 315 2.000000 0.724555 1.822776 -5.508887 -0.958879 31.267289 31.267289 
800.000000 316 2.000000 0.343409 3.819194 -4.377269 2.937840 27.791386 27.791386 
800.000000 317 2.000000 0.837662 9.892432 -3.246732 -1.837354 13.917136 13.917136 
800.000000 318 2.000000 0.356379 7.880538 -1.374937 -6.580138 45.188670 45.188670 
800.000000 319 2.000000 0.308809 15.649048 -4.607932 -1.511249 23.516913 23.516913 
800.000000 320 2.000000 0.789988 15.868692 -4.200213 0.023643 17.642348 17.642348 
800.000000 321 2.000000 0.908064 0.503858 -0.976353 4.761866 23.628636 23.628636 
800.000000 322 2.000000 0.924643 10.826286 1.232855 0.358636 1.648552 1.648552 
800.000000 323 2.000000 0.672410 5.307517 4.482728 -0.552749 20.400380 20.400380 
800.000000 324 2.000000 0.640035 15.043862 6.400341 -1.378990 42.865979 42.865979 
800.000000 325 2.000000 0.290554 1.105597 2.905534 3.685319 22.023710 22.023710 
800.000000 326 2.000000 0.845091 2.980936 4.225449 2.592117 24.573486 24.573486 
800.000000 327 2.000000 0.999999 16.416769 -1.255010 -2.756330 9.172409 9.172409 
800.000000 328 2.000000 0.270052 13.829778 0.179359 5.422183 29.432236 29.432236 
800.000000 329 2.000000 0.167088 14.110271 3.341745 -2.067502 15.441828 15.441828 
800.000000 330 2.000000 0.999999 19.531060 1.435833 1.769045 5.191137 5.191137 
800.000000 331 2.000000 0.845755 5.625210 -3.084877 1.944417 13.297226 13.297226 
800.000000 332 2.000000 0.639211 19.648816 -0.371893 -3.511835 12.471290 12.471290 
800.000000 333 2.000000 0.223603 7.153034 0.894409 -1.315370 2.530167 2.530167 
800.000000 334 2.000000 0.875970 5.769395 -2.480571 -0.793159 6.782336 6.782336 
800.000000 335 2.000000 0.022394 2.145403 -1.029058 -1.653187 3.791987 3.791987 
800.000000 336 2.000000 0.478228 11.300603 2.391134 -1.060904 6.843037 6.843037 
800.000000 337 2.000000 0.097167 6.070885 -2.579519 2.768084 14.316211 14.316211 
800.000000 338 2.000000 0.766578 15.911398 7.665770 4.184116 76.270856 76.270856 
800.000000 339 2.000000 0.356489 6.025127 3.564878 -9.316581 99.507038 99.507038 
800.000000 340 2.000000 0.698391 8.660945 4.655932 -0.111170 21.690066 21.690066 
800.000000 341 2.000000 0.280072 2.521123 5.601428 -9.987929 131.134726 131.134726 
800.000000 342 2.000000 0.579742 10.131234 -1.200734 -3.403022 13.022324 13.022324 
800.000000 343 2.000000 0.849736 14.533055 5.664898 -2.233706 37.080518 37.080518 
800.000000 344 2.000000 0.598440 15.331246 -0.892353 1.553866 3.210792 3.210792 
800.000000 345 2.000000 0.672782 17.097708 4.670209 -0.029468 21.811723 21.811723 
800.000000 346 2.000000 0.000001 9.803379 3.835454 0.332850 14.821497 14.821497 
800.000000 347 2.000000 0.822343 10.158281 -3.553127 0.127782 12.641037 12.641037 
800.000000 348 2.000000 0.090233 4.736513 0.902320 2.178068 5.558163 5.558163 
800.000000 349 2.000000 0.000001 19.999999 4.756063 -7.184980 74.244079 74.244079 
800.000000 350 2.000000 0.999999 10.821304 -1.575016 5.549386 33.276363 33.276363 
800.000000 351 2.000000 0.918048 2.284179 4.590233 -1.863641 24.543394 24.543394 
800.000000 352 2.000000 0.748310 8.502228 -5.033780 -1.835029 28.706276 28.706276 
800.000000 353 2.000000 0.704730 9.622469 -0.984230 -3.012680 10.044952 10.044952 
800.000000 354 2.000000 0.667921 17.734707 4.452797 2.841046 27.898945 27.898945 
800.000000 355 2.000000 0.631879 12.187436 -1.227066 -3.015426 10.598483 10.598483 
800.000000 356 2.000000 0.999999 6.118523 -1.848124 4.190860 20.978870 20.978870 
800.000000 357 2.000000 0.714508 4.568561 -5.709817 -2.809049 40.492768 40.492768 
800.000000 358 2.000000 0.681779 14.904109 4.545189 8.379278 90.871035 90.871035 
800.000000 359 2.000000 0.639769 4.256806 -3.602299 1.029787 14.037020 14.037020 
800.000000 360 2.000000 0.791427 11.856251 -0.463494 -3.877975 15.253520 15.253520 
800.000000 361 2.000000 0.747053 17.454721 -5.058911 -0.742254 26.143521 26.143521 
800.000000 362 2.000000 0.307229 7.732698 -2.309233 2.179319 10.081987 10.081987 
800.000000 363 2.000000 0.512863 19.930511 1.139693 2.130626 5.838469 5.838469 
800.000000 364 2.000000 0.197643 5.696325 -0.837648 -2.999637 9.699479 9.699479 
800.000000 365 2.000000 0.528861 19.351734 1.322151 -2.593058 8.472034 8.472034 
800.000000 366 2.000000 0.291637 9.203456 -7.083619 -2.203226 55.031870 55.031870 
800.000000 367 2.000000 0.462373 12.965519 -1.194725 2.893538 9.799932 9.799932 
800.000000 368 2.000000 0.409515 18.999806 2.047568 -4.000771 20.198704 20.198704 
800.000000 369 2.000000 0.000001 4.379348 2.609848 -6.816478 53.275679 53.275679 
800.000000 370 2.000000 0.183242 9.578144 3.664828 5.181190 40.275690 40.275690 
800.000000 371 2.000000 0.486725 2.519780 4.867243 0.630965 24.088171 24.088171 
800.000000 372 2.000000 0.282325 9.794774 2.823243 1.225313 9.472090 9.472090 
800.000000 373 2.000000 0.000001 3.058236 6.185266 -2.089017 42.621509 42.621509 
800.000000 374 2.000000 0.838666 3.718643 -1.613333 2.149890 7.224870 7.224870 
800.000000 375 2.000000 0.274307 1.407522 2.743055 2.559129 14.073494 14.073494 
800.000000 376 2.000000 0.720112 18.279599 1.028730 -0.905473 1.878167 1.878167 
800.000000 377 2.000000 0.905434 13.928268 1.243423 1.948318 5.342044 5.342044 
800.000000 378 2.000000 0.105867 8.885049 2.117326 1.813275 7.771037 7.771037 
800.000000 379 2.000000 0.700213 4.365479 3.501059 -6.733588 57.598622 57.598622 
800.000000 380 2.000000 0.744293 5.001701 -2.922415 1.763312 11.649777 11.649777 
800.000000 381 2.000000 0.904673 16.933571 -0.635505 -3.407143 12.012487 12.012487 
800.000000 382 2.000000 0.842815 7.909699 -3.143681 -0.554442 10.190138 10.190138 
800.000000 383 2.000000 0.000001 15.016486 4.852213 4.084691 40.228668 40.228668 
800.000000 384 2.000000 0.721919 2.721064 1.604263 2.419762 8.428908 8.428908 
800.000000 385 2.000000 0.652412 9.846883 6.524113 2.983186 51.463449 51.463449 
800.000000 386 2.000000 0.246665 0.274138 -5.022225 -5.210881 52.376029 52.376029 
800.000000 387 2.000000 0.440661 19.717764 4.406597 -5.644704 51.280775 51.280775 
800.000000 388 2.000000 0.949528 17.903732 0.594423 -1.660187 3.109558 3.109558 
800.000000 389 2.000000 0.449762 8.826901 4.497609 -0.756965 20.801480 20.801480 
800.000000 390 2.000000 0.503629 0.411768 5.036276 -2.440954 31.322330 31.322330 
800.000000 391 2.000000 0.162277 9.370579 -4.760133 0.503380 22.912254 22.912254 
800.000000 392 2.000000 0.440690 18.594795 -5.593086 -2.554916 37.810205 37.810205 
800.000000 393 2.000000 0.479941 4.710045 4.799395 0.857719 23.769874 23.769874 
800.000000 394 2.000000 0.758892 2.331807 -4.822149 3.292067 34.090829 34.090829 
800.000000 395 2.000000 0.674303 7.523251 -3.256964 -2.845646 18.705515 18.705515 
800.000000 396 2.000000 0.814780 14.342536 -3.704383 5.256976 41.358249 41.358249 
800.000000 397 2.000000 0.841158 2.779970 5.607711 -1.781445 34.619973 34.619973 
800.000000 398 2.000000 0.000001 2.315450 9.110867 0.424971 83.188492 83.188492 
800.000000 399 2.000000 0.831879 11.759079 8.318776 -0.981343 70.165071 70.165071 
800.000000 400 2.000000 0.584794 8.894547 -1.186300 -3.417062 13.083621 13.083621 
800.000000 401 2.000000 0.183896 18.767869 -8.161032 4.619005 87.937644 87.937644 
800.000000 402 2.000000 0.668514 11.394895 -2.209902 -4.254870 22.987586 22.987586 
800.000000 403 2.000000 0.156958 14.553282 3.139136 5.049177 35.348370 35.348370 
800.000000 404 2.000000 0.999999 6.127124 -5.418217 -1.499416 31.605322 31.605322 
800.000000 405 2.000000 0.229393 2.944521 0.254880 1.231257 1.580958 1.580958 
800.000000 406 2.000000 0.000001 12.058460 6.672697 -2.906777 52.974241 52.974241 
800.000000 407 2.000000 0.949387 14.460562 3.164619 2.726247 17.447239 17.447239 
800.000000 408 2.000000 0.451052 15.696227 -5.489466 3.165869 40.156963 40.156963 
800.000000 409 2.000000 0.223131 18.032362 0.557825 0.480494 0.542044 0.542044 
800.000000 410 2.000000 0.217043 1.710731 -7.829565 0.790086 61.926323 61.926323 
800.000000 411 2.000000 0.966085 1.193732 0.966084 5.968654 36.558148 36.558148 
800.000000 412 2.000000 0.817538 1.089553 -0.456154 -2.486049 6.388515 6.388515 
800.000000 413 2.000000 0.239745 12.340612 -0.894416 -2.356735 6.354179 6.354179 
800.000000 414 2.000000 0.999999 8.463106 -3.733576 -2.696937 21.213054 21.213054 
800.000000 415 2.000000 0.081078 10.269973 -1.413725 1.755551 5.080577 5.080577 
800.000000 416 2.000000 0.000001 14.624590 5.404176 -1.494827 31.439629 31.439629 
800.000000 417 2.000000 0.599890 14.799766 -4.001094 -6.500291 58.262534 58.262534 
800.000000 418 2.000000 0.749003 8.215292 -0.120853 -0.254391 0.079320 0.079320 
800.000000 419 2.000000 0.195222 14.830798 -1.238119 0.722872 2.055482 2.055482 
800.000000 420 2.000000 0.330887 16.162595 -3.345562 -0.319842 11.295082 11.295082 
800.000000 421 2.000000 0.000001 17.503325 3.773729 1.806097 17.503020 17.503020 
800.000000 422 2.000000 0.772613 19.333484 0.351187 2.212336 5.017762 5.017762 
800.000000 423 2.000000 0.483138 0.005292 0.378944 -4.153656 17.396458 17.396458 
800.000000 424 2.000000 0.688111 10.260060 -6.237753 -2.561089 45.468736 45.468736 
800.000000 425 2.000000 0.217689 17.592109 4.353759 6.777815 64.893990 64.893990 
800.000000 426 2.000000 0.145676 2.411499 2.913491 2.898506 16.889769 16.889769 
800.000000 427 2.000000 0.659565 13.555680 3.297821 2.457814 16.916472 16.916472 
800.000000 428 2.000000 0.502417 2.689093 1.004832 3.841560 15.767271 15.767271 
800.000000 429 2.000000 0.435992 18.694847 -2.820033 -2.900339 16.364553 16.364553 
800.000000 430 2.000000 0.373405 19.356984 -4.177293 0.147693 17.471590 17.471590 
800.000000 431 2.000000 0.496450 9.573991 -2.517745 4.453019 26.168416 26.168416 
800.000000 432 2.000000 0.484935 2.754326 3.232892 -0.271837 10.525487 10.525487 
800.000000 433 2.000000 0.235465 4.420471 2.354643 9.814307 101.864967 101.864967 
800.000000 434 2.000000 0.247273 14.746464 4.945431 -2.415743 30.293102 30.293102 
800.000000 435 2.000000 0.659335 4.492818 6.593338 -2.081355 47.804142 47.804142 
800.000000 436 2.000000 0.988367 5.475546 3.294553 -5.496765 41.068502 41.068502 
800.000000 437 2.000000 0.333224 10.173599 -0.404106 -0.307101 0.257612 0.257612 
800.000000 438 2.000000 0.205254 11.266854 1.368354 -2.970157 10.694227 10.694227 
800.000000 439 2.000000 0.000001 1.230627 3.569348 -3.640727 25.995133 25.995133 
800.000000 440 2.000000 0.000001 12.632685 6.604918 -1.916375 47.297430 47.297430 
800.000000 441 2.000000 0.533418 6.556569 5.334168 3.669805 41.920820 41.920820 
800.000000 442 2.000000 0.419050 11.165647 -1.936497 -3.464452 15.752447 15.752447 
800.000000 443 2.000000 0.000001 15.395669 0.754179 2.744619 8.101722 8.101722 
800.000000 444 2.000000 0.474479 11.171868 4.744777 -0.899124 23.321337 23.321337 
800.000000 445 2.000000 0.030641 17.593610 -0.064796 1.055348 1.117958 1.117958 
800.000000 446 2.000000 0.598243 11.869519 5.982421 2.505171 42.065241 42.065241 
800.000000 447 2.000000 0.201352 5.533433 -1.209847 0.558615 1.775781 1.775781 
800.000000 448 2.000000 0.229081 19.495760 -2.569727 -1.008479 7.620524 7.620524 
800.000000 449 2.000000 0.348744 0.508799 -0.509016 0.429913 0.443922 0.443922 
800.000000 450 2.000000 0.728150 1.462703 -5.436983 -4.941448 53.978698 53.978698 
800.000000 451 2.000000 0.138515 9.375154 -4.307418 0.736368 19.096087 19.096087 
800.000000 452 2.000000 0.265830 15.544571 0.483325 -5.241680 27.708811 27.708811 
800.000000 453 2.000000 0.151405 10.478637 3.028072 1.972182 13.058720 13.058720 
800.000000 454 2.000000 0.585735 4.167423 3.904896 0.100588 15.258328 15.258328 
800.000000 455 2.000000 0.836274 6.485166 -3.274491 -5.095182 36.683171 36.683171 
800.000000 456 2.000000 0.996493 16.169440 0.687236 -0.631486 0.871068 0.871068 
800.000000 457 2.000000 0.124072 11.710480 -0.607618 0.366059 0.503199 0.503199 
800.000000 458 2.000000 0.306595 1.157230 1.021979 1.157229 2.383619 2.383619 
800.000000 459 2.000000 0.662382 4.413551 1.914310 -6.923888 51.604813 51.604813 
800.000000 460 2.000000 0.495275 5.473957 -0.776499 2.975474 9.456393 9.456393 
800.000000 461 2.000000 0.999999 4.758437 -4.240473 -3.218617 28.341101 28.341101 
800.000000 462 2.000000 0.558793 2.115656 3.725277 -1.380438 15.783297 15.783297 
800.000000 463 2.000000 0.323118 8.472574 3.231168 -0.901389 11.252949 11.252949 
800.000000 464 2.000000 0.999999 1.030728 -5.717575 4.122907 49.689031 49.689031 
800.000000 465 2.000000 0.539060 14.927645 -1.536464 -6.752230 47.953335 47.953335 
800.000000 466 2.000000 0.221419 18.830044 -0.743631 -1.490316 2.774029 2.774029 
800.000000 467 2.000000 0.338875 9.937959 0.847186 2.756954 8.318521 8.318521 
800.000000 468 2.000000 0.777006 10.727345 0.777005 5.108259 26.698047 26.698047 
800.000000 469 2.000000 0.950066 11.648689 0.431848 -2.009704 4.225404 4.225404 
800.000000 470 2.000000 0.161163 18.800457 -2.097091 -1.424941 6.428246 6.428246 
800.000000 471 2.000000 0.499267 19.075732 -1.085290 -0.261863 1.246426 1.246426 
800.000000 472 2.000000 0.740188 12.090209 -5.196215 0.059813 27.004223 27.004223 
800.000000 473 2.000000 0.924622 15.680083 2.054714 -4.799907 27.260953 27.260953 
800.000000 474 2.000000 0.663815 8.702013 -0.373537 -3.512160 12.474799 12.474799 
800.000000 475 2.000000 0.626210 10.757833 -2.491926 1.635399 8.884226 8.884226 
800.000000 476 2.000000 0.172851 9.912408 1.152333 5.830828 35.326423 35.326423 
800.000000 477 2.000000 0.068437 8.036987 1.368726 3.494342 14.083836 14.083836 
800.000000 478 2.000000 0.892927 11.957352 5.952843 1.464254 37.580381 37.580381 
800.000000 479 2.000000 0.330160 17.572694 -6.698392 4.220073 62.677471 62.677471 
800.000000 480 2.000000 0.140955 12.954247 2.819087 5.416755 37.288488 37.288488 
800.000000 481 2.000000 0.769482 7.234703 1.025975 1.429739 3.096777 3.096777 
800.000000 482 2.000000 0.812772 2.182876 -1.872268 0.692976 3.985602 3.985602 
800.000000 483 2.000000 0.851457 1.630511 -2.970840 1.502639 11.083813 11.083813 
800.000000 484 2.000000 0.612224 2.372910 -0.861723 3.954849 16.383394 16.383394 
800.000000 485 2.000000 0.956995 1.376796 4.313294 -5.030225 43.907666 43.907666 
800.000000 486 2.000000 0.738659 1.528046 4.924384 -1.746695 27.300502 27.300502 
800.000000 487 2.000000 0.400948 14.028108 -2.995255 -1.030523 10.033531 10.033531 
800.000000 488 2.000000 0.575289 14.289978 -4.247100 0.895727 18.840185 18.840185 
800.000000 489 2.000000 0.937029 16.044967 -1.259398 1.074849 2.741383 2.741383 
800.000000 490 2.000000 0.804554 2.711994 8.045528 5.423986 94.150150 94.150150 
800.000000 491 2.000000 0.074685 15.507564 -1.210471 2.673095 8.610679 8.610679 
800.000000 492 2.000000 0.000001 7.778533 3.825214 6.763941 60.383159 60.383159 
800.000000 493 2.000000 0.246558 13.065354 4.931133 -2.830467 32.327615 32.327615 
800.000000 494 2.000000 0.371371 0.933628 2.074343 -3.863416 19.228878 19.228878 
800.000000 495 2.000000 0.940364 1.081198 -0.596347 -2.914255 8.848511 8.848511 
800.000000 496 2.000000 0.368026 14.558615 7.360509 4.773828 76.966527 76.966527 
800.000000 497 2.000000 0.719613 6.245759 -5.607722 -5.094792 57.403460 57.403460 
800.000000 498 2.000000 0.332607 0.027586 0.415758 -5.626032 31.825089 31.825089 
800.000000 499 2.000000 0.459109 10.607065 9.182161 6.835466 131.035689 131.035689 
800.000000 500 2.000000 0.359415 1.119846 0.552945 2.488545 6.498606 6.498606 
