95.000000 1 2.000000 6.333043 8.012915 1.101399 0.434304 
95.000000 2 2.000000 12.188601 12.906128 -0.322935 -0.291471 
95.000000 3 2.000000 2.652741 1.356514 0.576683 -0.762515 
95.000000 4 2.000000 11.002675 13.996377 1.073432 -0.876441 
95.000000 5 2.000000 0.073575 5.447419 0.490496 -2.049659 
95.000000 6 2.000000 1.650874 2.747531 -1.004500 0.624439 
95.000000 7 2.000000 11.683561 2.036280 0.132820 -0.925965 
95.000000 8 2.000000 2.864814 18.093152 0.049740 0.112698 
95.000000 9 2.000000 1.274697 5.773908 -0.390843 -1.061967 
95.000000 10 2.000000 1.879844 2.719130 -0.906872 0.811680 
95.000000 11 2.000000 13.713266 5.319663 -1.376367 0.149434 
95.000000 12 2.000000 8.931658 18.552073 -0.004027 -1.316297 
95.000000 13 2.000000 1.159359 12.750239 1.053962 0.398870 
95.000000 14 2.000000 3.401975 17.117538 -0.685782 0.546886 
95.000000 15 2.000000 9.286990 18.039631 1.026187 0.022412 
95.000000 16 2.000000 3.366073 19.942095 -0.382631 1.325056 
95.000000 17 2.000000 7.030504 14.031943 -0.375748 -0.663117 
95.000000 18 2.000000 16.325720 13.769486 0.313327 -0.396303 
95.000000 19 2.000000 6.280735 15.193958 -0.785463 -1.186677 
95.000000 20 2.000000 0.224907 17.998823 0.749687 0.801729 
95.000000 21 2.000000 5.426147 0.255693 -1.792216 1.704612 
95.000000 22 2.000000 0.221282 6.706532 0.553203 1.081699 
95.000000 23 2.000000 11.100238 4.129851 0.231014 -0.297999 
95.000000 24 2.000000 5.971759 3.614008 1.194352 0.257225 
95.000000 25 2.000000 6.271521 19.211862 -0.242566 -0.100400 
95.000000 26 2.000000 10.750222 6.233262 0.313249 1.285209 
95.000000 27 2.000000 4.639065 4.782085 0.463906 -0.795459 
95.000000 28 2.000000 9.560519 14.642005 -0.546087 -0.774844 
95.000000 29 2.000000 14.070170 15.755492 -1.227656 -0.331602 
95.000000 30 2.000000 11.060577 1.041580 0.319836 0.671986 
95.000000 31 2.000000 4.789969 14.219335 0.921148 0.639071 
95.000000 32 2.000000 7.204323 16.308834 -0.003121 0.476496 
95.000000 33 2.000000 15.719693 4.433296 0.684973 -0.650307 
95.000000 34 2.000000 2.930681 16.799850 0.233520 -0.653092 
95.000000 35 2.000000 11.139374 10.800058 0.822043 -0.731676 
95.000000 36 2.000000 9.865335 7.679391 0.055169 0.965235 
95.000000 37 2.000000 12.153276 11.071518 0.261361 -0.965241 
95.000000 38 2.000000 16.183765 4.623613 -1.069168 0.540773 
95.000000 39 2.000000 11.151457 9.374336 -0.312989 -0.067522 
95.000000 40 2.000000 11.436820 4.057059 1.377930 0.150512 
95.000000 41 2.000000 15.216379 16.955987 0.071913 0.997411 
95.000000 42 2.000000 2.834634 10.067680 0.899884 -0.267896 
95.000000 43 2.000000 6.699197 12.863599 -0.007434 -1.230414 
95.000000 44 2.000000 10.374535 14.738670 1.227755 0.022114 
95.000000 45 2.000000 9.506413 15.252868 -0.653733 0.624384 
95.000000 46 2.000000 11.456646 14.799545 -0.068426 -0.464326 
95.000000 47 2.000000 4.450069 1.271013 -1.076255 0.529588 
95.000000 48 2.000000 13.994501 9.118876 -1.057361 -0.038751 
95.000000 49 2.000000 1.059066 3.216402 1.765109 -0.837934 
95.000000 50 2.000000 13.895050 3.303572 0.725776 -0.465093 
95.000000 51 2.000000 2.146228 15.700192 -0.320983 -1.457562 
95.000000 52 2.000000 7.911972 7.798809 -0.435097 0.825271 
95.000000 53 2.000000 2.464853 2.560856 0.410809 -0.567043 
95.000000 54 2.000000 13.177535 6.430134 -0.475070 -1.085589 
95.000000 55 2.000000 4.234405 10.393259 0.973426 -0.547393 
95.000000 56 2.000000 2.283810 13.587423 -0.320973 -1.125013 
95.000000 57 2.000000 9.240200 19.015576 -0.101288 0.397444 
95.000000 58 2.000000 11.721936 11.325602 -0.990666 1.144000 
95.000000 59 2.000000 1.429407 16.599314 -0.860011 -0.393143 
95.000000 60 2.000000 11.365399 13.079038 -0.678076 -0.158556 
95.000000 61 2.000000 3.355931 14.620415 -0.082289 -1.132544 
95.000000 62 2.000000 13.663049 16.279521 -0.110622 -1.019309 
95.000000 63 2.000000 0.713754 4.021928 0.150264 0.711845 
95.000000 64 2.000000 2.166436 17.004577 0.078352 0.334285 
95.000000 65 2.000000 4.985388 6.323655 0.019159 0.743959 
95.000000 66 2.000000 2.708483 3.624348 -0.570820 -0.420331 
95.000000 67 2.000000 1.470437 4.159152 -0.350065 -0.898882 
95.000000 68 2.000000 11.451774 18.611482 -0.700849 -0.040113 
95.000000 69 2.000000 2.082383 6.371163 0.039516 -0.031126 
95.000000 70 2.000000 1.602489 5.239399 -0.332452 0.955496 
95.000000 71 2.000000 4.420149 3.547537 0.911371 0.909625 
95.000000 72 2.000000 11.631823 19.617838 1.282624 -0.064773 
95.000000 73 2.000000 10.276485 7.461684 -0.336708 0.531124 
95.000000 74 2.000000 15.906705 13.103814 -0.682392 -1.436705 
95.000000 75 2.000000 8.422545 12.333458 -0.473661 -0.595080 
95.000000 76 2.000000 0.112166 10.122809 1.121647 -0.390935 
95.000000 77 2.000000 16.129694 6.821626 -0.905683 -0.065707 
95.000000 78 2.000000 9.779214 19.519767 0.893079 -1.372091 
95.000000 79 2.000000 1.234260 5.586228 0.333583 0.517368 
95.000000 80 2.000000 1.202231 0.094161 -0.445217 -1.129411 
95.000000 81 2.000000 9.682564 19.129929 1.069635 0.266323 
95.000000 82 2.000000 8.999611 19.205226 0.132061 -0.294360 
95.000000 83 2.000000 12.280458 6.465387 -0.013436 1.280274 
95.000000 84 2.000000 3.559867 16.817129 -0.356813 -1.248184 
95.000000 85 2.000000 2.933972 17.098760 -0.282839 1.378932 
95.000000 86 2.000000 2.217277 17.474384 0.624585 0.836095 
95.000000 87 2.000000 6.266091 2.009429 0.728615 0.023128 
95.000000 88 2.000000 3.715569 19.855922 1.238523 -0.019602 
95.000000 89 2.000000 6.542430 18.128754 -0.841883 -0.748498 
95.000000 90 2.000000 10.424456 7.753512 -0.321399 0.546022 
95.000000 91 2.000000 8.153660 3.498589 -0.735995 0.316614 
95.000000 92 2.000000 3.519852 14.148614 1.564378 -0.047557 
95.000000 93 2.000000 0.323298 4.861879 -0.680654 -0.417936 
95.000000 94 2.000000 4.573055 19.097289 -1.543343 0.666572 
95.000000 95 2.000000 2.036862 15.354129 0.326008 -0.539425 
95.000000 96 2.000000 15.754121 16.504971 -0.461919 0.165921 
95.000000 97 2.000000 0.989514 9.382517 -0.792926 -0.129481 
95.000000 98 2.000000 6.818485 8.486450 0.406016 1.513008 
95.000000 99 2.000000 15.629590 16.712333 0.180396 -0.043398 
95.000000 100 2.000000 6.005532 12.812818 -0.899782 0.762668 
95.000000 101 2.000000 13.403774 9.663432 -1.609698 -0.366661 
95.000000 102 2.000000 7.102084 5.884191 -0.335141 -0.495081 
95.000000 103 2.000000 12.694637 14.477451 -0.017699 -1.358150 
95.000000 104 2.000000 2.783555 6.484463 -0.394392 -0.288411 
95.000000 105 2.000000 7.753091 8.958542 -0.462418 -0.054307 
95.000000 106 2.000000 16.211045 15.665278 1.422021 -0.368912 
95.000000 107 2.000000 0.307852 19.875832 -0.088827 0.954469 
95.000000 108 2.000000 4.174609 16.998556 -0.739790 -0.689987 
95.000000 109 2.000000 6.998784 8.924173 -1.001202 0.789750 
95.000000 110 2.000000 6.939326 10.471118 0.600504 -0.681612 
95.000000 111 2.000000 4.389088 1.228985 0.204255 0.792893 
95.000000 112 2.000000 7.176640 8.016413 -1.444620 0.417596 
95.000000 113 2.000000 12.947260 10.927860 -1.289905 0.072084 
95.000000 114 2.000000 11.272382 17.274964 0.920194 -0.689882 
95.000000 115 2.000000 1.868421 8.482314 -0.324027 -1.404596 
95.000000 116 2.000000 13.395164 13.847856 -0.404166 0.610730 
95.000000 117 2.000000 1.626595 5.057585 1.204884 -0.213768 
95.000000 118 2.000000 6.511515 15.512975 1.500748 -0.499228 
95.000000 119 2.000000 0.874941 12.847737 1.029341 0.197354 
95.000000 120 2.000000 10.840605 0.725686 0.414555 -0.731473 
95.000000 121 2.000000 6.130573 14.245298 0.126650 -0.249662 
95.000000 122 2.000000 7.923375 2.515340 0.641569 0.824701 
95.000000 123 2.000000 1.917211 0.145324 -0.449955 0.726613 
95.000000 124 2.000000 11.579729 18.879170 -0.981190 -1.724353 
95.000000 125 2.000000 12.989461 16.564406 -0.859436 -0.492618 
95.000000 126 2.000000 5.675823 12.905769 0.120598 -0.127424 
95.000000 127 2.000000 7.270679 13.731202 1.210635 -1.019671 
95.000000 128 2.000000 4.261248 5.437332 -0.060895 0.479060 
95.000000 129 2.000000 4.479009 11.679579 -0.474408 1.091549 
95.000000 130 2.000000 5.264151 8.448298 -0.373145 1.181580 
95.000000 131 2.000000 13.347100 17.780480 -0.849440 1.610677 
95.000000 132 2.000000 9.268416 15.221432 -0.778742 -0.364197 
95.000000 133 2.000000 1.005579 19.013825 -0.557781 -0.896522 
95.000000 134 2.000000 11.482120 2.004195 -0.073363 -0.416989 
95.000000 135 2.000000 5.693404 13.289408 -0.682687 1.714762 
95.000000 136 2.000000 3.947437 4.961616 -0.245004 0.769243 
95.000000 137 2.000000 2.255803 13.750972 -0.508356 0.901703 
95.000000 138 2.000000 1.679517 4.901860 1.119677 -0.603567 
95.000000 139 2.000000 15.134810 14.946279 0.629306 -0.111315 
95.000000 140 2.000000 7.491140 6.627534 -0.881494 0.808236 
95.000000 141 2.000000 9.888829 15.443730 -0.718751 -0.539203 
95.000000 142 2.000000 10.641949 9.842073 0.042887 -0.582018 
95.000000 143 2.000000 2.900402 12.509216 -1.001543 -0.527520 
95.000000 144 2.000000 5.491095 19.248968 -0.299415 0.431925 
95.000000 145 2.000000 6.984412 3.967647 -0.276113 -0.038954 
95.000000 146 2.000000 1.220940 5.044484 0.066355 1.401245 
95.000000 147 2.000000 13.130202 13.048913 0.893211 -0.175311 
95.000000 148 2.000000 10.709193 16.687804 -0.838114 0.789021 
95.000000 149 2.000000 4.011898 15.132045 0.901550 0.080783 
95.000000 150 2.000000 0.143451 0.097539 -0.666808 0.975384 
95.000000 151 2.000000 5.156043 4.523833 -0.392490 -0.929499 
95.000000 152 2.000000 10.681190 9.562612 -0.600814 -0.824064 
95.000000 153 2.000000 14.106673 9.046932 0.670069 1.226740 
95.000000 154 2.000000 4.461758 18.702104 -1.476551 -0.087041 
95.000000 155 2.000000 4.688734 5.146396 -0.119343 1.372372 
95.000000 156 2.000000 2.150108 1.174751 1.791756 0.361462 
95.000000 157 2.000000 11.970332 12.397256 0.567314 0.023741 
95.000000 158 2.000000 5.818910 13.090410 -1.225763 0.066854 
95.000000 159 2.000000 12.055365 13.873837 -1.023144 -0.486203 
95.000000 160 2.000000 3.937353 4.068652 0.905138 0.368204 
95.000000 161 2.000000 15.855950 1.278643 -0.286395 -0.977617 
95.000000 162 2.000000 16.212413 19.541836 0.547481 0.630545 
95.000000 163 2.000000 4.586151 13.523743 -0.530854 -0.258018 
95.000000 164 2.000000 14.383217 19.762257 0.757011 -0.792474 
95.000000 165 2.000000 15.667925 19.390128 0.472609 -0.187653 
95.000000 166 2.000000 0.811445 5.856985 -1.097766 0.159374 
95.000000 167 2.000000 11.844990 11.782139 0.381514 -0.069116 
95.000000 168 2.000000 7.290199 6.120359 0.998524 0.479062 
95.000000 169 2.000000 14.142046 15.021762 -1.488292 0.377029 
95.000000 170 2.000000 3.157689 6.959437 -0.171690 1.008614 
95.000000 171 2.000000 6.591798 5.914914 1.515356 0.143969 
95.000000 172 2.000000 6.697480 1.276699 -0.868155 0.638349 
95.000000 173 2.000000 12.816050 19.552903 -0.388387 -0.558870 
95.000000 174 2.000000 10.130848 9.801607 1.046318 -0.776064 
95.000000 175 2.000000 16.351705 8.590239 0.938069 -0.479826 
95.000000 176 2.000000 4.582487 8.489285 -0.438255 -0.220723 
95.000000 177 2.000000 14.350084 10.180308 0.405370 -0.944201 
95.000000 178 2.000000 12.559429 16.130869 0.096258 -1.381832 
95.000000 179 2.000000 10.705276 13.133420 0.450748 -0.973983 
95.000000 180 2.000000 1.354848 4.506116 -0.083263 -0.890453 
95.000000 181 2.000000 3.140205 18.957296 -1.102240 0.369058 
95.000000 182 2.000000 12.768640 15.373618 -0.147738 0.896421 
95.000000 183 2.000000 15.868854 14.279168 -0.906575 -0.213786 
95.000000 184 2.000000 13.737588 0.485346 -0.774781 1.078543 
95.000000 185 2.000000 11.034909 19.269245 0.034267 -0.395002 
95.000000 186 2.000000 3.851794 15.283148 -0.658703 0.595542 
95.000000 187 2.000000 8.850430 7.556801 -0.224871 1.439391 
95.000000 188 2.000000 6.215895 1.588879 0.565081 0.706168 
95.000000 189 2.000000 15.473190 0.392770 0.333169 0.523692 
95.000000 190 2.000000 4.401718 11.035781 -1.142911 -0.642596 
95.000000 191 2.000000 9.226883 0.767378 0.056947 -0.234793 
95.000000 192 2.000000 10.993640 1.444479 0.799537 -0.762034 
95.000000 193 2.000000 10.268543 4.369279 -0.538037 1.230783 
95.000000 194 2.000000 9.342387 4.553369 -0.203600 0.628051 
95.000000 195 2.000000 9.291536 10.525809 1.336911 0.352567 
95.000000 196 2.000000 10.033175 13.183480 0.153879 1.518164 
95.000000 197 2.000000 9.008889 2.350425 -1.286917 -1.055246 
95.000000 198 2.000000 16.045781 2.860628 0.618334 -0.016704 
95.000000 199 2.000000 4.863144 15.349159 1.389469 -0.285328 
95.000000 200 2.000000 9.475792 3.615827 0.170520 -0.570877 
95.000000 201 2.000000 16.126716 17.363844 1.378352 -0.497388 
95.000000 202 2.000000 8.691354 14.586221 -0.888679 1.338185 
95.000000 203 2.000000 14.618632 0.265201 -0.177478 -0.672924 
95.000000 204 2.000000 0.705809 14.614436 0.705808 1.066747 
95.000000 205 2.000000 14.431489 11.320281 -0.042528 -0.708548 
95.000000 206 2.000000 3.218027 7.876677 0.757183 -0.456807 
95.000000 207 2.000000 6.882763 3.280166 -0.605085 0.964754 
95.000000 208 2.000000 6.974818 6.292692 0.201621 0.093089 
95.000000 209 2.000000 7.484859 3.251393 -0.489921 -0.934660 
95.000000 210 2.000000 7.456050 14.836830 0.019426 -1.323889 
95.000000 211 2.000000 13.154141 2.659718 -1.741083 -0.274134 
95.000000 212 2.000000 5.141359 7.898467 1.239656 -0.623308 
95.000000 213 2.000000 14.554240 18.502532 1.283797 0.156281 
95.000000 214 2.000000 4.219807 15.700255 -0.483051 0.066792 
95.000000 215 2.000000 8.429354 18.114573 0.331212 -0.966885 
95.000000 216 2.000000 13.991548 6.118295 -0.009876 -0.339942 
95.000000 217 2.000000 14.816393 11.736697 0.966354 -0.486807 
95.000000 218 2.000000 4.514527 14.835919 1.203874 0.218336 
95.000000 219 2.000000 12.514351 8.679617 -0.419837 0.002878 
95.000000 220 2.000000 11.960451 2.515362 -0.574915 -0.777662 
95.000000 221 2.000000 11.706180 12.506104 0.854466 0.799112 
95.000000 222 2.000000 9.262816 15.711992 -1.063494 -1.191113 
95.000000 223 2.000000 15.522370 9.823208 1.149805 -0.066220 
95.000000 224 2.000000 11.182448 18.884482 0.072287 0.702025 
95.000000 225 2.000000 16.375764 17.183384 0.169461 0.220918 
95.000000 226 2.000000 1.041925 11.671603 0.496154 -0.006402 
95.000000 227 2.000000 15.356125 18.145795 0.415057 -0.285132 
95.000000 228 2.000000 7.641957 14.938929 -0.423376 0.756401 
95.000000 229 2.000000 16.304112 0.385165 0.827742 -0.296018 
95.000000 230 2.000000 5.469785 2.664117 -0.559355 -0.017869 
95.000000 231 2.000000 5.123806 7.788717 0.716616 1.226569 
95.000000 232 2.000000 0.659557 9.029071 -0.985617 0.067883 
95.000000 233 2.000000 3.271487 2.460398 0.549830 0.984159 
95.000000 234 2.000000 6.329481 9.497528 0.608604 -0.747507 
95.000000 235 2.000000 14.546761 11.851708 -0.145458 -1.225307 
95.000000 236 2.000000 7.920479 0.097766 1.182161 0.244414 
95.000000 237 2.000000 1.758728 5.714383 -0.909821 0.796904 
95.000000 238 2.000000 9.689013 11.917808 -0.758536 0.229525 
95.000000 239 2.000000 10.808625 4.689777 -0.622437 -0.882434 
95.000000 240 2.000000 5.443201 13.347127 0.702348 -0.049276 
95.000000 241 2.000000 13.760855 12.250593 0.536223 0.981470 
95.000000 242 2.000000 5.186509 8.090331 1.139892 -0.440283 
95.000000 243 2.000000 10.114169 1.735543 -0.751162 0.913443 
95.000000 244 2.000000 13.989112 1.001433 0.428988 0.541315 
95.000000 245 2.000000 12.129413 12.415543 -0.415432 -1.209858 
95.000000 246 2.000000 8.517004 4.116424 -0.355598 -0.264041 
95.000000 247 2.000000 3.999568 9.850806 -0.626619 0.810766 
95.000000 248 2.000000 7.627399 9.895598 -0.400841 0.951500 
95.000000 249 2.000000 8.555719 4.267240 -0.501895 0.666756 
95.000000 250 2.000000 14.607269 1.120100 -1.914558 0.025527 
95.000000 251 2.000000 15.750881 17.881076 0.415306 0.635014 
95.000000 252 2.000000 14.814522 7.493465 1.248814 0.112772 
95.000000 253 2.000000 12.443977 15.142225 -0.183754 0.453261 
95.000000 254 2.000000 1.380802 0.375059 -0.192970 -0.680292 
95.000000 255 2.000000 4.705036 7.751777 -0.944564 -1.353935 
95.000000 256 2.000000 1.756145 6.965537 -0.976068 -1.051166 
95.000000 257 2.000000 11.314916 9.658723 -1.356203 -1.509675 
95.000000 258 2.000000 5.006570 3.448060 0.705151 0.095528 
95.000000 259 2.000000 16.019640 18.750353 1.132130 -0.198357 
95.000000 260 2.000000 4.473651 16.792908 1.260183 0.336962 
95.000000 261 2.000000 14.351866 9.548140 -0.485941 -1.672297 
95.000000 262 2.000000 11.508440 11.297923 1.349662 1.362209 
95.000000 263 2.000000 7.946775 16.745134 -1.210670 -0.561184 
95.000000 264 2.000000 7.837792 13.567005 0.494287 0.054572 
95.000000 265 2.000000 7.826369 11.470411 1.213390 0.170310 
95.000000 266 2.000000 9.818336 16.720618 0.805379 1.238991 
95.000000 267 2.000000 1.844721 10.912071 0.505403 0.340729 
95.000000 268 2.000000 13.099465 3.417940 0.533662 -0.588291 
95.000000 269 2.000000 11.876335 19.646279 1.224364 -1.010629 
95.000000 270 2.000000 5.434623 11.761681 0.953442 -0.008777 
95.000000 271 2.000000 16.230876 6.911774 -0.197123 -0.573069 
95.000000 272 2.000000 12.899276 10.942845 -0.440727 -0.269518 
95.000000 273 2.000000 3.357866 7.544448 0.022583 0.032444 
95.000000 274 2.000000 7.056119 8.567810 -1.507902 -0.621315 
95.000000 275 2.000000 2.096408 6.905651 0.931737 -0.256554 
95.000000 276 2.000000 4.107979 8.575485 -0.771255 -0.785190 
95.000000 277 2.000000 9.057724 18.195112 -1.434624 0.311996 
95.000000 278 2.000000 11.689626 1.263890 -0.686051 -0.419644 
95.000000 279 2.000000 1.647493 9.182042 -0.571183 0.378641 
95.000000 280 2.000000 0.733307 7.964199 -1.028930 -0.452587 
95.000000 281 2.000000 0.629906 16.942131 0.699894 -1.132544 
95.000000 282 2.000000 7.448949 8.031803 0.726727 -0.154201 
95.000000 283 2.000000 7.462936 19.246161 1.175265 -0.685308 
95.000000 284 2.000000 13.780357 19.592969 0.359989 -0.074005 
95.000000 285 2.000000 4.369029 9.069881 -0.068274 1.761142 
95.000000 286 2.000000 13.284095 3.648174 -1.359661 0.173568 
95.000000 287 2.000000 3.017153 8.680059 -1.147780 0.222281 
95.000000 288 2.000000 4.019177 17.704234 0.209825 -0.010477 
95.000000 289 2.000000 10.463418 18.373926 -0.797818 0.321561 
95.000000 290 2.000000 16.093392 4.780249 -0.779517 0.569526 
95.000000 291 2.000000 13.248361 15.761115 0.815029 0.261203 
95.000000 292 2.000000 3.932864 18.310952 0.036676 0.720904 
95.000000 293 2.000000 15.836329 9.778322 -0.653189 0.865338 
95.000000 294 2.000000 12.239315 1.996373 -1.445012 0.831822 
95.000000 295 2.000000 16.154332 0.983125 0.088698 -0.868350 
95.000000 296 2.000000 12.505758 3.987395 -0.731615 -0.814891 
95.000000 297 2.000000 9.752242 10.706765 -0.084591 -0.551249 
95.000000 298 2.000000 15.246847 4.086298 1.229014 -0.145822 
95.000000 299 2.000000 13.965858 6.770224 0.116439 0.226576 
95.000000 300 2.000000 8.459494 14.587060 0.185518 0.021316 
95.000000 301 2.000000 6.994683 4.086990 1.029118 0.271732 
95.000000 302 2.000000 13.651544 6.664045 -0.843428 0.141337 
95.000000 303 2.000000 10.937187 17.544312 1.358657 1.117472 
95.000000 304 2.000000 8.174882 19.823606 -0.945748 -0.881965 
95.000000 305 2.000000 0.189159 18.586806 0.252210 1.536729 
95.000000 306 2.000000 10.171811 10.204111 0.997236 -0.042028 
95.000000 307 2.000000 1.565630 14.562702 -1.124034 0.443985 
95.000000 308 2.000000 8.030862 11.732583 1.487196 0.056621 
95.000000 309 2.000000 5.011600 17.821793 -0.951928 -0.236762 
95.000000 310 2.000000 11.635056 2.184084 -0.288260 -0.496265 
95.000000 311 2.000000 9.024996 16.782679 -1.090143 -0.506665 
95.000000 312 2.000000 3.188612 11.423977 1.045446 -0.309274 
95.000000 313 2.000000 16.310182 3.937629 0.354343 0.899233 
95.000000 314 2.000000 4.074975 5.640418 0.258729 0.482087 
95.000000 315 2.000000 12.781883 3.443107 0.057336 0.171434 
95.000000 316 2.000000 7.088402 14.925631 0.096053 1.028909 
95.000000 317 2.000000 7.798686 12.509169 -0.416506 1.667889 
95.000000 318 2.000000 15.304577 3.450423 1.431132 -0.101543 
95.000000 319 2.000000 8.474132 1.184904 0.232168 -0.514074 
95.000000 320 2.000000 5.247164 11.713779 0.239596 -0.478972 
95.000000 321 2.000000 6.567515 13.097051 1.067888 -0.908283 
95.000000 322 2.000000 15.342252 11.982152 0.386295 0.075928 
95.000000 323 2.000000 8.114080 8.406140 -0.215176 -1.348123 
95.000000 324 2.000000 16.296089 3.392818 -0.664067 0.242947 
95.000000 325 2.000000 9.068556 17.023459 -1.164376 0.350999 
95.000000 326 2.000000 2.724385 7.581183 -0.172937 -0.108107 
95.000000 327 2.000000 8.239666 4.166674 0.900510 0.016710 
95.000000 328 2.000000 1.901557 8.017858 0.603668 -0.911071 
95.000000 329 2.000000 7.279095 9.399454 0.199427 -0.374578 
95.000000 330 2.000000 11.837195 16.142412 0.388842 0.243913 
95.000000 331 2.000000 0.561194 13.056447 0.863373 0.953025 
95.000000 332 2.000000 9.291101 15.609304 -0.776502 0.510385 
95.000000 333 2.000000 1.659604 9.904468 0.626265 -0.657734 
95.000000 334 2.000000 9.388010 10.586283 0.125704 0.184872 
95.000000 335 2.000000 2.956319 10.945519 0.410600 -0.736137 
95.000000 336 2.000000 16.214125 1.895640 0.633364 -1.005798 
95.000000 337 2.000000 2.272092 9.962278 1.622922 0.216425 
95.000000 338 2.000000 15.921580 9.897911 1.001357 1.015170 
95.000000 339 2.000000 11.492429 12.140467 -0.988985 1.124117 
95.000000 340 2.000000 0.722168 14.399618 0.180542 -1.098114 
95.000000 341 2.000000 11.176830 10.993944 -0.570025 -1.102240 
95.000000 342 2.000000 9.762013 12.183797 1.205187 -0.034374 
95.000000 343 2.000000 11.161349 5.881650 -0.197110 -0.816122 
95.000000 344 2.000000 13.754064 11.552472 0.340001 -0.209440 
95.000000 345 2.000000 3.905089 11.027929 0.601651 0.915927 
95.000000 346 2.000000 12.759440 13.737838 -1.408022 -0.787693 
95.000000 347 2.000000 12.160100 13.311782 -0.143616 0.488253 
95.000000 348 2.000000 16.015705 2.695152 -0.869764 -0.291263 
95.000000 349 2.000000 8.608169 9.301251 0.153521 -1.465582 
95.000000 350 2.000000 12.892617 17.312136 0.729189 0.014792 
95.000000 351 2.000000 9.083933 18.812669 0.170828 1.168489 
95.000000 352 2.000000 10.349111 7.055973 -0.282570 0.091185 
95.000000 353 2.000000 12.596845 9.767694 0.615983 -0.134281 
95.000000 354 2.000000 16.362465 14.535622 -0.588685 0.870254 
95.000000 355 2.000000 1.046379 14.667398 1.395171 -1.502141 
95.000000 356 2.000000 11.480903 5.947314 0.778366 -0.215992 
95.000000 357 2.000000 9.146032 8.152704 0.919342 -0.479084 
95.000000 358 2.000000 1.820533 14.439594 0.927772 -0.074484 
95.000000 359 2.000000 2.969665 11.860933 1.187866 -0.935525 
95.000000 360 2.000000 10.496971 6.920346 -0.181140 -0.684799 
95.000000 361 2.000000 4.185349 2.838087 0.962149 1.419043 
95.000000 362 2.000000 3.224875 10.341427 0.816424 0.786420 
95.000000 363 2.000000 15.438135 4.444711 1.882699 0.779774 
95.000000 364 2.000000 0.163478 16.051754 0.233538 -0.779492 
95.000000 365 2.000000 9.186570 12.185197 0.298219 0.535108 
95.000000 366 2.000000 3.595458 8.787376 1.331651 -0.564868 
95.000000 367 2.000000 0.787843 5.520525 0.056476 1.200114 
95.000000 368 2.000000 3.782429 0.594679 0.130338 -1.168995 
95.000000 369 2.000000 1.114302 2.656971 0.991804 -0.870834 
95.000000 370 2.000000 0.157647 2.808663 -0.281856 -0.679831 
95.000000 371 2.000000 3.357375 18.640303 0.599531 1.396277 
95.000000 372 2.000000 10.570311 15.765277 0.839325 -0.056551 
95.000000 373 2.000000 12.670875 15.826936 -0.793128 0.768319 
95.000000 374 2.000000 12.193789 0.916626 0.529015 -0.194074 
95.000000 375 2.000000 12.288802 19.201911 1.235055 -0.116509 
95.000000 376 2.000000 5.176494 9.321714 0.523502 0.312506 
95.000000 377 2.000000 9.450135 19.912441 -0.847513 -0.194573 
95.000000 378 2.000000 6.874614 5.536090 -0.159751 -1.210999 
95.000000 379 2.000000 5.430172 19.081951 1.248315 -0.191260 
95.000000 380 2.000000 9.533276 19.825164 2.007005 -0.499528 
95.000000 381 2.000000 6.820660 5.748736 0.655833 -0.421635 
95.000000 382 2.000000 11.291651 4.300212 1.176214 -0.554763 
95.000000 383 2.000000 16.041965 1.667860 1.034965 -0.909784 
95.000000 384 2.000000 1.714695 18.151284 0.085069 0.170790 
95.000000 385 2.000000 0.424761 18.235213 0.471955 -0.490218 
95.000000 386 2.000000 6.269950 5.683109 -0.773494 -1.183308 
95.000000 387 2.000000 8.502627 13.655953 -0.413501 0.253925 
95.000000 388 2.000000 2.716100 4.760861 -0.328625 -0.967564 
95.000000 389 2.000000 5.284718 15.563840 -1.384095 0.905011 
95.000000 390 2.000000 10.807695 1.107365 -0.063017 -0.001077 
95.000000 391 2.000000 11.016743 4.754646 -0.690374 0.155092 
95.000000 392 2.000000 11.591422 3.407057 0.427750 1.514247 
95.000000 393 2.000000 15.048190 4.079767 0.360111 -0.426381 
95.000000 394 2.000000 7.246446 5.634279 0.828165 0.619151 
95.000000 395 2.000000 11.876274 8.539288 -1.075638 0.228416 
95.000000 396 2.000000 1.955854 11.345327 -0.975282 -0.544319 
95.000000 397 2.000000 2.045818 14.582090 1.156663 0.273366 
95.000000 398 2.000000 1.433240 7.693782 -1.604153 -0.457480 
95.000000 399 2.000000 7.952774 7.313606 0.846040 0.790660 
95.000000 400 2.000000 9.265119 2.720407 0.756320 -0.601944 
95.000000 401 2.000000 0.503278 10.505589 -0.573895 -1.741214 
95.000000 402 2.000000 13.810118 19.441144 -0.857010 1.393630 
95.000000 403 2.000000 10.542341 17.791998 0.428550 0.469446 
95.000000 404 2.000000 0.336170 10.640165 -0.440998 -1.082062 
95.000000 405 2.000000 3.245558 12.623651 -1.326671 -0.352935 
95.000000 406 2.000000 0.089536 15.544616 0.179070 0.983836 
95.000000 407 2.000000 13.771554 3.743431 -1.176454 -0.544513 
95.000000 408 2.000000 11.634415 3.276758 -0.775300 0.736350 
95.000000 409 2.000000 2.094196 18.900094 -0.212451 -0.511584 
95.000000 410 2.000000 9.051804 0.899616 0.677313 0.354419 
95.000000 411 2.000000 14.508015 15.593583 0.121950 0.842896 
95.000000 412 2.000000 9.330134 0.390154 1.069610 1.560610 
95.000000 413 2.000000 1.708251 14.447468 -0.353111 -0.043775 
95.000000 414 2.000000 16.166941 17.949633 -1.153290 0.522551 
95.000000 415 2.000000 6.307211 15.622107 0.069544 0.441252 
95.000000 416 2.000000 10.997518 6.467912 -1.138506 0.803467 
95.000000 417 2.000000 9.407420 5.063760 -1.448622 -0.761990 
95.000000 418 2.000000 13.206725 19.954303 0.992987 1.127362 
95.000000 419 2.000000 3.218072 7.767335 -0.954808 -0.322861 
95.000000 420 2.000000 10.631552 15.268197 -0.238188 0.695590 
95.000000 421 2.000000 13.026537 16.518834 -0.038864 -1.032739 
95.000000 422 2.000000 8.994052 1.864711 -0.161993 -0.487587 
95.000000 423 2.000000 4.090045 19.523522 -0.681977 -1.588258 
95.000000 424 2.000000 6.793829 9.425201 -0.347412 1.256693 
95.000000 425 2.000000 8.770070 15.859204 -0.567047 0.152510 
95.000000 426 2.000000 12.702779 3.225935 0.913869 -0.373172 
95.000000 427 2.000000 7.987194 6.118839 -0.667424 -0.561226 
95.000000 428 2.000000 7.832724 4.858212 1.598515 -0.208089 
95.000000 429 2.000000 15.037339 10.859597 -0.474342 0.804414 
95.000000 430 2.000000 4.820283 17.795652 0.154358 -0.938020 
95.000000 431 2.000000 3.660107 9.726144 -0.387923 1.507929 
95.000000 432 2.000000 2.055595 13.057750 0.419509 0.666096 
95.000000 433 2.000000 15.711650 9.001238 0.762701 1.224658 
95.000000 434 2.000000 2.136149 7.558442 0.700376 1.103422 
95.000000 435 2.000000 10.437284 14.958501 0.029298 -0.128382 
95.000000 436 2.000000 11.770687 7.482597 -0.340906 -1.338760 
95.000000 437 2.000000 14.096650 19.646527 0.411823 -0.706944 
95.000000 438 2.000000 3.717605 9.416739 -0.196688 0.804849 
95.000000 439 2.000000 5.419666 7.178275 -0.752680 0.321176 
95.000000 440 2.000000 5.456380 7.590689 0.669494 1.405683 
95.000000 441 2.000000 11.618358 2.041266 0.575166 -1.020383 
95.000000 442 2.000000 15.173027 4.954473 -1.319023 0.615462 
95.000000 443 2.000000 5.269453 10.373121 -0.266114 -0.444659 
95.000000 444 2.000000 9.452788 15.064372 -0.083279 0.156692 
95.000000 445 2.000000 2.051874 19.319257 -0.925810 0.633418 
95.000000 446 2.000000 15.300683 0.740816 0.938692 0.617346 
95.000000 447 2.000000 9.425640 11.435229 -0.651600 0.813895 
95.000000 448 2.000000 6.900204 13.998112 -0.114076 0.627037 
95.000000 449 2.000000 10.756456 9.369414 0.040895 1.134261 
95.000000 450 2.000000 12.910851 15.677268 -0.886573 0.496420 
95.000000 451 2.000000 8.624046 17.816037 1.098604 0.133783 
95.000000 452 2.000000 5.479976 8.814355 1.095995 -0.329960 
95.000000 453 2.000000 6.251283 12.397083 1.275772 0.681158 
95.000000 454 2.000000 1.135096 19.109771 1.335406 -0.593485 
95.000000 455 2.000000 2.907540 3.231086 0.208426 -0.431077 
95.000000 456 2.000000 5.196834 8.144435 -0.548137 -0.114664 
95.000000 457 2.000000 6.132994 12.031180 0.757160 0.744965 
95.000000 458 2.000000 13.837853 7.771609 0.514566 -0.814218 
95.000000 459 2.000000 3.566115 3.098344 0.029577 -0.802147 
95.000000 460 2.000000 1.075224 13.346354 0.651650 0.789725 
95.000000 461 2.000000 13.179265 11.441974 -0.288839 0.685494 
95.000000 462 2.000000 1.730849 13.249967 0.374634 -1.218141 
95.000000 463 2.000000 0.984242 5.634948 0.532022 -0.242196 
95.000000 464 2.000000 2.725597 7.250005 -1.162642 0.498282 
95.000000 465 2.000000 13.829411 12.469001 -0.447694 -0.997483 
95.000000 466 2.000000 12.322197 10.714393 1.632079 -0.459106 
95.000000 467 2.000000 12.880687 16.044896 0.172369 1.820874 
95.000000 468 2.000000 14.060826 7.632317 0.086268 -0.320926 
95.000000 469 2.000000 12.276749 10.316151 0.433592 -0.872419 
95.000000 470 2.000000 12.746791 8.632807 0.316298 0.948660 
95.000000 471 2.000000 0.728913 0.407122 1.619804 0.452356 
95.000000 472 2.000000 1.258648 8.380388 -1.264505 0.276678 
95.000000 473 2.000000 2.542798 8.259866 -0.928495 -0.401689 
95.000000 474 2.000000 13.441267 19.030369 -0.989204 0.272172 
95.000000 475 2.000000 7.093474 10.514860 -0.940575 -0.022791 
95.000000 476 2.000000 9.197536 9.113444 -0.972086 0.412373 
95.000000 477 2.000000 4.346422 11.243427 1.774049 -0.488716 
95.000000 478 2.000000 9.373593 4.727362 -0.440086 1.139123 
95.000000 479 2.000000 13.388984 7.416624 1.243549 -0.536969 
95.000000 480 2.000000 6.109391 16.192664 0.954592 -0.963882 
95.000000 481 2.000000 13.336432 7.045824 -0.977559 -0.498111 
95.000000 482 2.000000 5.947961 9.596297 0.070151 -0.221827 
95.000000 483 2.000000 6.796380 4.960229 1.213639 -0.101015 
95.000000 484 2.000000 1.098447 4.141565 0.593755 -0.910909 
95.000000 485 2.000000 0.220561 11.156471 -0.477387 0.168441 
95.000000 486 2.000000 6.611932 9.258903 -0.488123 1.517853 
95.000000 487 2.000000 9.728976 1.722117 -0.411167 -0.942159 
95.000000 488 2.000000 1.291876 3.317104 0.469773 -0.708403 
95.000000 489 2.000000 1.218955 9.297211 -0.482326 0.176634 
95.000000 490 2.000000 8.075625 8.320234 0.685550 -1.633533 
95.000000 491 2.000000 13.095751 17.296391 -0.060338 0.580530 
95.000000 492 2.000000 10.937089 7.031467 -0.819961 0.594045 
95.000000 493 2.000000 13.466281 10.508702 0.786524 1.601565 
95.000000 494 2.000000 6.694552 5.491175 0.023692 -0.119150 
95.000000 495 2.000000 11.093218 17.811244 -0.872007 -0.281311 
95.000000 496 2.000000 0.291010 1.018640 0.727523 -1.454510 
95.000000 497 2.000000 13.052663 13.831302 0.836709 -0.632687 
95.000000 498 2.000000 11.496260 3.241366 -0.634797 0.221254 
95.000000 499 2.000000 5.834591 7.040057 -0.023370 0.517651 
95.000000 500 2.000000 2.733443 15.770934 -0.117607 -0.961151 
