252.000000 1 2.000000 6.094127 13.414969 -0.804349 0.346870 0.767296 0.767296 
252.000000 2 2.000000 8.896172 16.274117 -0.237716 -1.129055 1.331275 1.331275 
252.000000 3 2.000000 1.986127 15.799108 -0.331520 0.445807 0.308650 0.308650 
252.000000 4 2.000000 9.096811 8.496829 -0.558466 1.649203 3.031756 3.031756 
252.000000 5 2.000000 2.756522 3.299111 -0.662855 0.776261 1.041958 1.041958 
252.000000 6 2.000000 4.058664 4.841243 -0.644969 -0.602096 0.778505 0.778505 
252.000000 7 2.000000 4.007492 3.218348 1.863949 -0.747512 4.033082 4.033082 
252.000000 8 2.000000 0.989227 18.785221 0.065498 0.035346 0.005539 0.005539 
252.000000 9 2.000000 8.536877 16.073073 -0.116962 0.270381 0.086786 0.086786 
252.000000 10 2.000000 5.302698 14.092251 -3.238813 1.063566 11.621085 11.621085 
252.000000 11 2.000000 3.588788 8.405057 0.110761 0.245018 0.072302 0.072302 
252.000000 12 2.000000 6.259792 7.421897 -0.414232 -2.271397 5.330833 5.330833 
252.000000 13 2.000000 0.034080 10.288077 -0.009437 -0.313396 0.098306 0.098306 
252.000000 14 2.000000 0.088837 13.200961 -0.085550 -0.594656 0.360934 0.360934 
252.000000 15 2.000000 6.129902 14.784600 -0.185214 0.872184 0.795010 0.795010 
252.000000 16 2.000000 8.629595 12.767043 -1.418310 0.740640 2.560152 2.560152 
252.000000 17 2.000000 3.055081 0.978658 -1.415368 -0.228042 2.055269 2.055269 
252.000000 18 2.000000 5.407970 1.366059 -0.286318 -0.621131 0.467782 0.467782 
252.000000 19 2.000000 5.315082 9.331783 1.771694 -0.583395 3.479249 3.479249 
252.000000 20 2.000000 2.554835 18.971103 0.095742 -1.371861 1.891169 1.891169 
252.000000 21 2.000000 0.230750 18.462711 1.538324 -0.698767 2.854715 2.854715 
252.000000 22 2.000000 2.662809 19.387448 0.089881 -0.340306 0.123887 0.123887 
252.000000 23 2.000000 8.726355 6.884415 -1.343880 -0.306474 1.899940 1.899940 
252.000000 24 2.000000 6.822479 19.470789 -1.067006 -0.264605 1.208517 1.208517 
252.000000 25 2.000000 4.121839 15.067849 0.659494 -1.133828 1.720497 1.720497 
252.000000 26 2.000000 1.847374 2.358132 0.035702 0.582255 0.340295 0.340295 
252.000000 27 2.000000 5.144462 19.875563 -0.423368 0.580965 0.516760 0.516760 
252.000000 28 2.000000 8.192006 2.887967 0.466182 0.387964 0.367842 0.367842 
252.000000 29 2.000000 6.053639 3.288686 0.423331 0.176337 0.210304 0.210304 
252.000000 30 2.000000 5.705534 0.000001 -0.247624 2.282122 5.269400 5.269400 
252.000000 31 2.000000 5.669235 0.085713 0.190579 1.714238 2.974932 2.974932 
252.000000 32 2.000000 7.602703 7.435072 -0.126833 1.315942 1.747789 1.747789 
252.000000 33 2.000000 7.940357 1.232567 -0.065188 0.456506 0.212647 0.212647 
252.000000 34 2.000000 2.024315 12.320619 0.710286 -0.431426 0.690634 0.690634 
252.000000 35 2.000000 9.666426 13.079307 0.219951 0.591996 0.398838 0.398838 
252.000000 36 2.000000 2.770017 4.701217 0.548518 1.649550 3.021886 3.021886 
252.000000 37 2.000000 3.014558 4.803367 -1.026855 -0.304438 1.147113 1.147113 
252.000000 38 2.000000 4.954738 5.560964 -1.371966 1.823266 5.206591 5.206591 
252.000000 39 2.000000 8.423458 13.971305 1.276281 -0.596900 1.985184 1.985184 
252.000000 40 2.000000 1.159231 1.281903 0.491758 0.674685 0.697026 0.697026 
252.000000 41 2.000000 7.407345 16.776031 -0.367991 0.241999 0.193981 0.193981 
252.000000 42 2.000000 4.906905 18.417855 1.291291 0.247560 1.728717 1.728717 
252.000000 43 2.000000 4.235202 17.164876 -1.407215 -0.291545 2.065252 2.065252 
252.000000 44 2.000000 9.896307 11.406470 -2.148766 -1.444291 6.703173 6.703173 
252.000000 45 2.000000 2.702738 19.828668 1.059897 0.002367 1.123387 1.123387 
252.000000 46 2.000000 4.084955 19.861376 0.434570 0.892646 0.985668 0.985668 
252.000000 47 2.000000 1.721558 10.364065 -1.620262 -1.554183 5.040733 5.040733 
252.000000 48 2.000000 6.743876 7.245673 0.266580 1.347504 1.886833 1.886833 
252.000000 49 2.000000 3.520569 6.990922 0.544535 0.691791 0.775094 0.775094 
252.000000 50 2.000000 4.243786 6.637520 -0.268147 -0.347724 0.192814 0.192814 
252.000000 51 2.000000 9.470482 14.237365 -0.372567 -1.010988 1.160904 1.160904 
252.000000 52 2.000000 6.508646 15.224445 0.978744 0.439378 1.150992 1.150992 
252.000000 53 2.000000 2.628230 18.455039 0.657057 0.668661 0.878831 0.878831 
252.000000 54 2.000000 4.656903 14.663328 0.412279 -0.697604 0.656625 0.656625 
252.000000 55 2.000000 0.400566 15.455594 -2.265430 -0.277712 5.209295 5.209295 
252.000000 56 2.000000 5.253986 12.138525 1.811719 0.087388 3.289962 3.289962 
252.000000 57 2.000000 6.151108 7.443199 0.178341 -0.805862 0.681219 0.681219 
252.000000 58 2.000000 4.257419 8.047548 -1.319681 1.155350 3.076391 3.076391 
252.000000 59 2.000000 1.322221 14.010982 -1.822662 1.162737 4.674056 4.674056 
252.000000 60 2.000000 2.533279 0.317197 0.390151 -1.939351 3.913302 3.913302 
252.000000 61 2.000000 4.605269 4.649269 -0.673927 -0.572788 0.782264 0.782264 
252.000000 62 2.000000 7.092456 5.706875 -1.397814 1.214229 3.428234 3.428234 
252.000000 63 2.000000 4.398348 1.461166 -0.011136 -0.011373 0.000253 0.000253 
252.000000 64 2.000000 5.733197 19.782823 0.079421 -1.447839 2.102545 2.102545 
252.000000 65 2.000000 6.954349 8.510979 -1.772825 -1.464350 5.287231 5.287231 
252.000000 66 2.000000 9.492031 15.539815 0.365078 0.748907 0.694143 0.694143 
252.000000 67 2.000000 10.015105 14.856638 -1.206268 0.118521 1.469130 1.469130 
252.000000 68 2.000000 0.961901 18.300138 -0.596254 0.243978 0.415044 0.415044 
252.000000 69 2.000000 0.896561 14.327692 0.113489 0.807194 0.664442 0.664442 
252.000000 70 2.000000 2.302051 15.393278 -0.190246 -0.135927 0.054670 0.054670 
252.000000 71 2.000000 1.279680 10.081331 -1.744644 0.000440 3.043783 3.043783 
252.000000 72 2.000000 6.536818 16.963515 1.841357 0.803958 4.036944 4.036944 
252.000000 73 2.000000 9.884174 0.323682 0.239923 -1.681212 2.884037 2.884037 
252.000000 74 2.000000 5.367278 18.764083 -0.405762 0.687329 0.637064 0.637064 
252.000000 75 2.000000 9.366189 3.495362 1.248825 -0.032877 1.560645 1.560645 
252.000000 76 2.000000 7.912868 10.448561 1.631519 -0.973257 3.609084 3.609084 
252.000000 77 2.000000 2.770610 10.175913 -1.538665 -0.610566 2.740280 2.740280 
252.000000 78 2.000000 8.316319 11.390701 1.802402 1.143783 4.556893 4.556893 
252.000000 79 2.000000 8.882017 17.299525 0.812126 -0.223071 0.709310 0.709310 
252.000000 80 2.000000 0.985502 12.966545 -1.271391 -2.108232 6.061079 6.061079 
252.000000 81 2.000000 2.399818 4.856906 -1.399751 -0.100527 1.969409 1.969409 
252.000000 82 2.000000 0.408825 8.788146 0.908497 -0.823801 1.504015 1.504015 
252.000000 83 2.000000 4.317033 1.137578 -1.100081 -0.403241 1.372782 1.372782 
252.000000 84 2.000000 0.259093 2.937183 0.101605 -0.408546 0.177233 0.177233 
252.000000 85 2.000000 9.311445 9.745388 -0.421639 -0.483432 0.411487 0.411487 
252.000000 86 2.000000 10.283390 16.860966 0.617621 -0.292003 0.466721 0.466721 
252.000000 87 2.000000 8.215975 19.278233 0.214498 -0.656150 0.476543 0.476543 
252.000000 88 2.000000 0.138399 5.278709 0.395424 -1.128473 1.429811 1.429811 
252.000000 89 2.000000 5.667659 1.676710 0.456684 -1.757628 3.297815 3.297815 
252.000000 90 2.000000 8.341770 15.448560 1.476419 -0.041332 2.181522 2.181522 
252.000000 91 2.000000 3.994433 14.731990 1.377390 -0.382428 2.043456 2.043456 
252.000000 92 2.000000 7.602432 5.290788 -1.798210 2.577230 9.875674 9.875674 
252.000000 93 2.000000 8.557994 5.079281 1.584813 0.067844 2.516236 2.516236 
252.000000 94 2.000000 8.824887 7.890647 0.345397 0.062500 0.123205 0.123205 
252.000000 95 2.000000 0.606135 2.477729 0.117696 0.430909 0.199535 0.199535 
252.000000 96 2.000000 5.357853 16.600245 -1.093447 -1.581281 3.696076 3.696076 
252.000000 97 2.000000 3.778443 3.708115 0.398080 -0.959738 1.079565 1.079565 
252.000000 98 2.000000 4.418479 4.794730 1.178326 -0.896887 2.192859 2.192859 
252.000000 99 2.000000 1.232290 11.125778 1.895830 -0.356272 3.721100 3.721100 
252.000000 100 2.000000 5.869049 10.865384 -1.582051 1.621699 5.132792 5.132792 
252.000000 101 2.000000 2.959407 0.532927 0.295930 -1.342154 1.888952 1.888952 
252.000000 102 2.000000 4.696646 17.727560 1.998572 -0.349606 4.116515 4.116515 
252.000000 103 2.000000 7.579420 19.701341 0.735866 -0.373322 0.680868 0.680868 
252.000000 104 2.000000 7.283298 1.065676 -1.401680 -0.226248 2.015896 2.015896 
252.000000 105 2.000000 8.159699 19.913816 0.788377 0.656139 1.052056 1.052056 
252.000000 106 2.000000 4.412813 4.950062 -0.867129 -0.211552 0.796667 0.796667 
252.000000 107 2.000000 3.866133 7.874322 -0.988259 1.231383 2.492961 2.492961 
252.000000 108 2.000000 4.893090 1.316178 0.317733 0.346362 0.220921 0.220921 
252.000000 109 2.000000 3.390231 2.324616 -0.815212 0.603796 1.029140 1.029140 
252.000000 110 2.000000 1.381051 14.321794 1.150875 -0.668024 1.770770 1.770770 
252.000000 111 2.000000 3.954091 13.233270 -0.620875 -1.208344 1.845582 1.845582 
252.000000 112 2.000000 8.491417 9.653484 1.254599 0.732975 2.111272 2.111272 
252.000000 113 2.000000 8.702437 12.367463 -0.617728 -0.138713 0.400829 0.400829 
252.000000 114 2.000000 3.400966 10.935690 -0.293784 0.353238 0.211086 0.211086 
252.000000 115 2.000000 6.615858 14.050317 -0.730389 -0.116741 0.547097 0.547097 
252.000000 116 2.000000 10.392252 1.858325 -0.355467 -0.063270 0.130360 0.130360 
252.000000 117 2.000000 10.147869 5.892507 -0.268108 -1.679407 2.892290 2.892290 
252.000000 118 2.000000 8.142856 15.586312 1.517076 -1.697572 5.183270 5.183270 
252.000000 119 2.000000 8.312007 3.513216 0.541308 0.818924 0.963651 0.963651 
252.000000 120 2.000000 7.747732 10.467967 -0.152359 -1.346627 1.836618 1.836618 
252.000000 121 2.000000 0.772854 16.494516 0.195651 -1.844991 3.442270 3.442270 
252.000000 122 2.000000 10.062888 11.044224 0.027216 -0.313664 0.099126 0.099126 
252.000000 123 2.000000 9.911496 0.081319 -0.137515 0.813179 0.680170 0.680170 
252.000000 124 2.000000 6.388396 9.664342 -0.143749 -0.064643 0.024843 0.024843 
252.000000 125 2.000000 10.272802 5.950275 -0.100999 0.725643 0.536759 0.536759 
252.000000 126 2.000000 7.822733 9.255614 0.242555 -1.805779 3.319671 3.319671 
252.000000 127 2.000000 0.282075 10.566043 0.940248 -1.559331 3.315580 3.315580 
252.000000 128 2.000000 7.838641 13.472832 1.781509 -0.831937 3.865894 3.865894 
252.000000 129 2.000000 6.872225 19.705025 -0.857560 -0.044571 0.737397 0.737397 
252.000000 130 2.000000 7.380975 4.472444 -1.390455 -0.925619 2.790136 2.790136 
252.000000 131 2.000000 8.873556 7.421297 -0.204714 1.067812 1.182131 1.182131 
252.000000 132 2.000000 9.055326 5.639232 -0.202638 -1.107682 1.268021 1.268021 
252.000000 133 2.000000 2.279474 17.174535 -0.159825 -1.066213 1.162353 1.162353 
252.000000 134 2.000000 1.655717 3.458487 -0.042398 -0.372447 0.140514 0.140514 
252.000000 135 2.000000 3.585459 17.466252 -0.400787 0.423846 0.340276 0.340276 
252.000000 136 2.000000 4.342384 5.452160 1.127892 0.436173 1.462386 1.462386 
252.000000 137 2.000000 4.410665 16.220911 0.958840 -0.581398 1.257398 1.257398 
252.000000 138 2.000000 6.252389 19.930346 -0.525908 -1.393053 2.217176 2.217176 
252.000000 139 2.000000 9.351314 14.060750 1.416866 -1.006652 3.020857 3.020857 
252.000000 140 2.000000 5.552635 11.565447 -0.569459 -0.729669 0.856700 0.856700 
252.000000 141 2.000000 5.455610 0.479461 0.034819 1.917841 3.679325 3.679325 
252.000000 142 2.000000 0.880908 2.798639 -0.040179 0.175463 0.032402 0.032402 
252.000000 143 2.000000 9.539909 14.295144 -2.563973 -0.363846 6.706340 6.706340 
252.000000 144 2.000000 6.248991 1.369501 0.420807 -0.507643 0.434780 0.434780 
252.000000 145 2.000000 9.795450 0.481562 -0.486964 -0.587021 0.581727 0.581727 
252.000000 146 2.000000 9.471756 18.358683 -2.758694 -0.497368 7.857771 7.857771 
252.000000 147 2.000000 7.165757 1.922401 0.754290 -1.126107 1.837071 1.837071 
252.000000 148 2.000000 4.196286 0.000001 -0.783834 1.764489 3.727816 3.727816 
252.000000 149 2.000000 6.449146 3.397898 -0.383639 0.514833 0.412232 0.412232 
252.000000 150 2.000000 8.529701 1.731277 0.409252 1.648835 2.886143 2.886143 
252.000000 151 2.000000 7.343935 14.640869 0.169247 -1.847976 3.443660 3.443660 
252.000000 152 2.000000 5.499869 15.722144 1.067936 -1.083001 2.313378 2.313378 
252.000000 153 2.000000 4.663665 13.011502 1.097024 0.055331 1.206522 1.206522 
252.000000 154 2.000000 9.166265 1.179612 0.203758 -0.945748 0.935957 0.935957 
252.000000 155 2.000000 9.583378 3.604523 -0.039769 -1.089400 1.188375 1.188375 
252.000000 156 2.000000 4.849053 1.860691 0.729181 -1.417133 2.539972 2.539972 
252.000000 157 2.000000 8.694659 2.072123 -1.153703 0.941873 2.218157 2.218157 
252.000000 158 2.000000 1.791714 13.886456 0.000019 -0.537327 0.288720 0.288720 
252.000000 159 2.000000 6.001349 11.047279 0.315095 -0.985316 1.070132 1.070132 
252.000000 160 2.000000 7.016502 8.409464 -1.062964 -0.030198 1.130804 1.130804 
252.000000 161 2.000000 3.287839 7.487437 -0.478504 -0.367326 0.363894 0.363894 
252.000000 162 2.000000 8.769116 8.506282 0.684694 -0.779602 1.076586 1.076586 
252.000000 163 2.000000 5.256726 18.128865 -1.493570 -1.386025 4.151817 4.151817 
252.000000 164 2.000000 4.012199 7.560908 0.133296 0.208289 0.061152 0.061152 
252.000000 165 2.000000 2.379586 12.764296 0.468782 -0.696706 0.705156 0.705156 
252.000000 166 2.000000 1.830561 19.855625 0.813582 0.410980 0.830820 0.830820 
252.000000 167 2.000000 5.816486 0.785260 0.930638 1.963148 4.720035 4.720035 
252.000000 168 2.000000 7.950053 2.629236 1.656261 0.618644 3.125920 3.125920 
252.000000 169 2.000000 2.745069 5.348073 -1.763602 2.228363 8.075896 8.075896 
252.000000 170 2.000000 8.356908 14.386389 0.955075 -1.517192 3.214040 3.214040 
252.000000 171 2.000000 1.770423 5.515716 1.454202 0.797985 2.751482 2.751482 
252.000000 172 2.000000 1.999049 15.732135 -1.314508 -1.138097 3.023195 3.023195 
252.000000 173 2.000000 6.389059 13.222057 0.278649 0.031925 0.078665 0.078665 
252.000000 174 2.000000 1.034336 19.999999 -0.239253 -1.750982 3.123181 3.123181 
252.000000 175 2.000000 6.981104 12.988246 -1.050616 -1.402351 3.070381 3.070381 
252.000000 176 2.000000 9.733413 6.607066 -0.665805 -2.329206 5.868496 5.868496 
252.000000 177 2.000000 7.635907 0.900973 -2.182686 0.353322 4.888955 4.888955 
252.000000 178 2.000000 10.423999 2.293761 -1.569614 0.487768 2.701607 2.701607 
252.000000 179 2.000000 0.557328 13.153781 -0.874159 0.591181 1.113648 1.113648 
252.000000 180 2.000000 7.861512 8.957711 -0.071915 0.136985 0.023937 0.023937 
252.000000 181 2.000000 5.310896 17.534801 -0.685228 0.783504 1.083416 1.083416 
252.000000 182 2.000000 5.248064 14.146950 -0.141670 0.887818 0.808291 0.808291 
252.000000 183 2.000000 8.945947 4.549615 -2.311927 0.342076 5.462022 5.462022 
252.000000 184 2.000000 9.447208 3.554538 -0.022209 1.450831 2.105405 2.105405 
252.000000 185 2.000000 5.943836 7.901596 0.591426 -0.665196 0.792271 0.792271 
252.000000 186 2.000000 4.377405 12.064070 0.706033 -0.230718 0.551713 0.551713 
252.000000 187 2.000000 5.361095 6.466490 -0.113145 -1.056248 1.128462 1.128462 
252.000000 188 2.000000 1.394581 15.813497 -0.750551 0.130887 0.580458 0.580458 
252.000000 189 2.000000 0.081349 5.047997 -1.180834 1.577499 3.882872 3.882872 
252.000000 190 2.000000 8.020327 15.487162 0.747926 1.671552 3.353478 3.353478 
252.000000 191 2.000000 4.911019 11.458529 -0.145751 -1.447707 2.117098 2.117098 
252.000000 192 2.000000 0.364203 16.537733 1.821011 -0.738693 3.861748 3.861748 
252.000000 193 2.000000 4.631706 19.714690 0.315360 0.047217 0.101681 0.101681 
252.000000 194 2.000000 9.708476 15.557234 0.907334 1.026880 1.877738 1.877738 
252.000000 195 2.000000 3.310606 9.809132 -0.646137 -0.690470 0.894242 0.894242 
252.000000 196 2.000000 1.261956 1.179559 0.319482 1.310620 1.819793 1.819793 
252.000000 197 2.000000 3.273516 5.694528 0.962798 -0.642452 1.339726 1.339726 
252.000000 198 2.000000 4.243696 15.793540 0.326471 -0.419333 0.282424 0.282424 
252.000000 199 2.000000 9.765720 10.437847 -0.042999 -0.885384 0.785754 0.785754 
252.000000 200 2.000000 0.407510 6.951409 -0.586162 0.438027 0.535454 0.535454 
252.000000 201 2.000000 4.644395 18.969208 -0.166978 0.489438 0.267431 0.267431 
252.000000 202 2.000000 0.336913 14.048075 0.518327 -0.328749 0.376738 0.376738 
252.000000 203 2.000000 6.908236 14.037293 0.507958 0.695838 0.742212 0.742212 
252.000000 204 2.000000 2.029531 11.283527 -0.787620 -0.598640 0.978715 0.978715 
252.000000 205 2.000000 8.491186 0.201407 0.210349 -0.188823 0.079901 0.079901 
252.000000 206 2.000000 2.717413 16.333188 -0.602937 1.302515 2.060078 2.060078 
252.000000 207 2.000000 5.108161 6.330070 0.320647 1.374036 1.990789 1.990789 
252.000000 208 2.000000 4.249095 5.085188 0.918213 0.162132 0.869402 0.869402 
252.000000 209 2.000000 7.862948 9.004109 -0.048775 0.205647 0.044670 0.044670 
252.000000 210 2.000000 1.887035 12.163957 0.454707 -1.214890 1.682717 1.682717 
252.000000 211 2.000000 5.523600 3.422978 -1.126978 -0.792547 1.898210 1.898210 
252.000000 212 2.000000 9.990949 8.168313 -0.189947 0.567244 0.357846 0.357846 
252.000000 213 2.000000 7.476127 0.860203 -0.278732 0.593243 0.429629 0.429629 
252.000000 214 2.000000 10.310849 13.566038 0.910747 -0.890435 1.622336 1.622336 
252.000000 215 2.000000 2.089300 7.252998 0.267659 -1.445741 2.161808 2.161808 
252.000000 216 2.000000 3.409310 17.227777 0.467264 0.220997 0.267176 0.267176 
252.000000 217 2.000000 4.083009 10.599595 -1.547760 0.203394 2.436929 2.436929 
252.000000 218 2.000000 2.006771 11.147931 0.641355 -1.461155 2.546309 2.546309 
252.000000 219 2.000000 4.176222 4.062623 -0.531780 -0.724894 0.808261 0.808261 
252.000000 220 2.000000 2.048331 12.653545 -1.111804 -1.057044 2.353449 2.353449 
252.000000 221 2.000000 1.265902 6.477977 0.460328 0.766624 0.799614 0.799614 
252.000000 222 2.000000 4.522644 18.720275 -0.262500 0.259746 0.136374 0.136374 
252.000000 223 2.000000 5.505044 6.180114 -0.157569 0.332031 0.135073 0.135073 
252.000000 224 2.000000 8.429595 12.913166 0.927899 -0.283365 0.941293 0.941293 
252.000000 225 2.000000 0.391063 2.498272 -1.077682 0.346982 1.281796 1.281796 
252.000000 226 2.000000 6.451453 6.681470 -3.649405 -2.536863 19.753832 19.753832 
252.000000 227 2.000000 7.836581 17.808130 1.138775 1.163498 2.650536 2.650536 
252.000000 228 2.000000 10.423999 4.280221 -2.404181 2.313632 11.132979 11.132979 
252.000000 229 2.000000 0.965842 8.850326 -0.038146 -0.530635 0.283028 0.283028 
252.000000 230 2.000000 3.562055 13.370347 0.234843 -1.640305 2.745751 2.745751 
252.000000 231 2.000000 1.190307 10.951514 1.133625 -1.052149 2.392124 2.392124 
252.000000 232 2.000000 6.875536 1.801911 -1.010182 -0.432211 1.207273 1.207273 
252.000000 233 2.000000 6.105207 1.917202 1.130594 -0.348757 1.399873 1.399873 
252.000000 234 2.000000 0.481388 5.360168 -0.733288 -0.693831 1.019112 1.019112 
252.000000 235 2.000000 0.906964 11.150442 0.477349 0.140966 0.247733 0.247733 
252.000000 236 2.000000 1.050296 0.297068 0.420118 0.742669 0.728056 0.728056 
252.000000 237 2.000000 9.154444 9.538309 0.483143 0.683268 0.700283 0.700283 
252.000000 238 2.000000 6.609750 14.687722 -0.210816 -0.498440 0.292886 0.292886 
252.000000 239 2.000000 5.633429 11.316844 1.341292 -0.878821 2.571392 2.571392 
252.000000 240 2.000000 2.710529 17.574820 0.070677 0.118539 0.019047 0.019047 
252.000000 241 2.000000 4.934732 6.482986 -1.606362 -1.430372 4.626362 4.626362 
252.000000 242 2.000000 2.475480 8.403187 -0.654164 0.595971 0.783112 0.783112 
252.000000 243 2.000000 9.249503 2.410005 1.039270 -0.429548 1.264593 1.264593 
252.000000 244 2.000000 4.542994 2.006229 0.936700 -0.065966 0.881758 0.881758 
252.000000 245 2.000000 5.487894 0.819947 1.025643 -1.513801 3.343538 3.343538 
252.000000 246 2.000000 0.484715 13.944471 -0.349819 0.338972 0.237275 0.237275 
252.000000 247 2.000000 2.358554 4.612939 0.632779 0.675915 0.857270 0.857270 
252.000000 248 2.000000 2.817746 3.967773 0.127115 1.302685 1.713146 1.713146 
252.000000 249 2.000000 9.578240 1.126207 0.699607 -0.201747 0.530152 0.530152 
252.000000 250 2.000000 6.123979 7.027691 -0.849325 0.536125 1.008782 1.008782 
252.000000 251 2.000000 2.282399 5.682859 -1.492020 0.249817 2.288532 2.288532 
252.000000 252 2.000000 3.359692 9.540344 0.373299 -1.267837 1.746763 1.746763 
252.000000 253 2.000000 9.673571 19.932921 -1.538856 1.027470 3.423773 3.423773 
252.000000 254 2.000000 8.015560 10.871030 0.815123 -2.340761 6.143589 6.143589 
252.000000 255 2.000000 2.229387 10.510489 -1.693477 -0.645545 3.284593 3.284593 
252.000000 256 2.000000 8.754514 9.112641 0.879851 -0.486043 1.010374 1.010374 
252.000000 257 2.000000 2.142558 2.511426 -2.009772 -0.246999 4.100191 4.100191 
252.000000 258 2.000000 9.772269 19.491084 1.261133 -0.848191 2.309885 2.309885 
252.000000 259 2.000000 8.929964 6.130061 -2.030046 -0.127229 4.137275 4.137275 
252.000000 260 2.000000 2.061892 8.812805 -0.383706 -0.633835 0.548977 0.548977 
252.000000 261 2.000000 7.622029 2.885806 -0.765785 -0.816729 1.253472 1.253472 
252.000000 262 2.000000 5.626568 18.057989 -1.104096 1.172597 2.594010 2.594010 
252.000000 263 2.000000 3.426212 15.278820 1.903450 -1.164562 4.979327 4.979327 
252.000000 264 2.000000 2.535075 15.342008 0.532300 -0.245773 0.343747 0.343747 
252.000000 265 2.000000 7.965475 14.455066 -0.200816 1.338432 1.831727 1.831727 
252.000000 266 2.000000 9.523289 8.038193 -0.512058 0.974326 1.211515 1.211515 
252.000000 267 2.000000 4.163221 7.384443 -0.082594 0.133046 0.024523 0.024523 
252.000000 268 2.000000 7.308896 0.713777 0.809054 -0.664955 1.096733 1.096733 
252.000000 269 2.000000 2.185668 2.752638 2.185667 -1.133877 6.062817 6.062817 
252.000000 270 2.000000 0.866210 13.119263 0.618720 1.426007 2.416310 2.416310 
252.000000 271 2.000000 4.632904 2.036212 -1.982728 -0.542341 4.225344 4.225344 
252.000000 272 2.000000 6.043107 17.652675 -0.368633 0.632331 0.535733 0.535733 
252.000000 273 2.000000 8.509522 14.758567 1.891005 -1.262996 5.171056 5.171056 
252.000000 274 2.000000 9.085397 18.184371 -1.202002 -1.452503 3.554572 3.554572 
252.000000 275 2.000000 2.214453 13.417292 0.378539 0.037241 0.144679 0.144679 
252.000000 276 2.000000 5.948136 10.010342 0.767501 0.639638 0.998196 0.998196 
252.000000 277 2.000000 9.858618 0.371117 1.685234 0.824702 3.520146 3.520146 
252.000000 278 2.000000 1.062380 7.974470 -0.709084 0.335767 0.615539 0.615539 
252.000000 279 2.000000 3.109477 6.424321 0.205926 -0.792252 0.670069 0.670069 
252.000000 280 2.000000 6.699390 4.071896 -2.489537 1.632114 8.861591 8.861591 
252.000000 281 2.000000 5.560734 16.861102 1.882673 0.838317 4.247235 4.247235 
252.000000 282 2.000000 3.779400 7.912496 -0.401067 0.379063 0.304543 0.304543 
252.000000 283 2.000000 4.124771 18.434081 -0.900908 1.078016 1.973754 1.973754 
252.000000 284 2.000000 0.041968 14.187525 0.839339 -0.183112 0.738020 0.738020 
252.000000 285 2.000000 9.614396 18.464112 0.807949 -0.795660 1.285856 1.285856 
252.000000 286 2.000000 5.938809 17.948846 0.972482 -1.059390 2.068030 2.068030 
252.000000 287 2.000000 7.140203 7.391523 -0.950166 -0.440856 1.097168 1.097168 
252.000000 288 2.000000 7.047827 4.046707 0.054689 1.284669 1.653364 1.653364 
252.000000 289 2.000000 10.045601 3.159387 0.902464 -0.700990 1.305828 1.305828 
252.000000 290 2.000000 3.626062 14.917505 -0.581835 1.143104 1.645218 1.645218 
252.000000 291 2.000000 5.997579 12.190546 1.043057 0.082595 1.094790 1.094790 
252.000000 292 2.000000 9.870261 19.047487 0.869626 -1.270016 2.369191 2.369191 
252.000000 293 2.000000 1.685395 13.796384 1.248440 -0.444704 1.756363 1.756363 
252.000000 294 2.000000 5.913347 4.468578 -1.194334 0.980330 2.387482 2.387482 
252.000000 295 2.000000 7.177493 11.374892 1.688822 0.176064 2.883117 2.883117 
252.000000 296 2.000000 7.991138 14.245668 1.439844 1.132652 3.356053 3.356053 
252.000000 297 2.000000 5.036977 12.945242 0.406208 -1.550496 2.569043 2.569043 
252.000000 298 2.000000 7.126483 6.585995 1.293726 1.044669 2.765060 2.765060 
252.000000 299 2.000000 1.777847 2.042264 -2.172852 0.996226 5.713753 5.713753 
252.000000 300 2.000000 2.297495 0.020854 0.378310 -2.124998 4.658736 4.658736 
252.000000 301 2.000000 2.476490 13.942459 -0.263321 0.074610 0.074905 0.074905 
252.000000 302 2.000000 3.263560 18.360995 -0.165507 -1.260772 1.616940 1.616940 
252.000000 303 2.000000 6.595869 16.158645 -1.405189 -1.010883 2.996440 2.996440 
252.000000 304 2.000000 2.845254 4.506683 1.237066 1.733339 4.534798 4.534798 
252.000000 305 2.000000 10.423999 17.298542 -0.576029 -0.223463 0.381745 0.381745 
252.000000 306 2.000000 10.077025 19.944158 -0.339716 0.633176 0.516318 0.516318 
252.000000 307 2.000000 7.571375 19.388230 -0.074209 -1.112307 1.242734 1.242734 
252.000000 308 2.000000 2.590096 18.382587 -0.111641 1.307398 1.721754 1.721754 
252.000000 309 2.000000 3.195453 19.765054 -0.203971 -0.469890 0.262401 0.262401 
252.000000 310 2.000000 2.473198 8.234777 -0.073262 0.795631 0.638395 0.638395 
252.000000 311 2.000000 1.402714 9.189473 0.519523 -0.833417 0.964489 0.964489 
252.000000 312 2.000000 3.765820 17.567581 -0.527577 -1.081075 1.447061 1.447061 
252.000000 313 2.000000 7.043373 15.426754 -0.125368 0.802824 0.660243 0.660243 
252.000000 314 2.000000 0.260273 15.362698 0.867572 0.275811 0.828754 0.828754 
252.000000 315 2.000000 4.377717 5.374001 0.818265 1.294940 2.346426 2.346426 
252.000000 316 2.000000 6.473492 19.889233 -1.719067 1.223953 4.453251 4.453251 
252.000000 317 2.000000 5.330403 15.312852 1.480667 1.303221 3.890762 3.890762 
252.000000 318 2.000000 8.291854 15.029782 -1.370591 -1.949105 5.677528 5.677528 
252.000000 319 2.000000 7.129529 19.345173 -0.194273 -0.295411 0.125009 0.125009 
252.000000 320 2.000000 3.859119 8.692888 -0.322150 -0.257061 0.169861 0.169861 
252.000000 321 2.000000 0.161429 5.738209 0.322857 0.910827 0.933842 0.933842 
252.000000 322 2.000000 7.163703 14.822595 0.942998 0.296066 0.976900 0.976900 
252.000000 323 2.000000 6.475252 11.907832 -0.989505 1.266791 2.583879 2.583879 
252.000000 324 2.000000 8.316188 11.853048 -1.659393 1.519621 5.062834 5.062834 
252.000000 325 2.000000 1.011757 16.654504 2.023512 1.132150 5.376363 5.376363 
252.000000 326 2.000000 4.836829 16.810921 0.163469 0.283806 0.107268 0.107268 
252.000000 327 2.000000 5.634683 16.822985 -0.632946 1.095960 1.601749 1.601749 
252.000000 328 2.000000 0.520101 15.960857 -0.524678 0.583578 0.615850 0.615850 
252.000000 329 2.000000 7.439608 16.003355 -0.793542 -0.868836 1.384584 1.384584 
252.000000 330 2.000000 7.608705 4.346723 -1.559781 -1.524682 4.757569 4.757569 
252.000000 331 2.000000 8.886824 14.686635 0.536583 -0.966066 1.221205 1.221205 
252.000000 332 2.000000 2.499105 12.578351 1.514609 -0.483132 2.527456 2.527456 
252.000000 333 2.000000 3.230313 14.895727 0.459683 0.583311 0.551560 0.551560 
252.000000 334 2.000000 3.712765 1.083094 0.345373 -0.886038 0.904346 0.904346 
252.000000 335 2.000000 8.971100 19.436530 -0.783076 0.070463 0.618173 0.618173 
252.000000 336 2.000000 3.777085 19.939091 -0.372313 0.460435 0.350617 0.350617 
252.000000 337 2.000000 2.621207 19.537524 -0.435386 0.016331 0.189827 0.189827 
252.000000 338 2.000000 2.088810 5.299264 0.014923 0.602189 0.362854 0.362854 
252.000000 339 2.000000 2.039751 13.259394 -0.570333 1.587951 2.846869 2.846869 
252.000000 340 2.000000 7.803525 2.791837 -0.222944 0.680936 0.513377 0.513377 
252.000000 341 2.000000 9.881255 18.202666 -1.394860 1.126953 3.215658 3.215658 
252.000000 342 2.000000 6.621323 18.218615 -0.521951 1.191770 1.692749 1.692749 
252.000000 343 2.000000 10.054423 18.871259 0.012927 0.048801 0.002549 0.002549 
252.000000 344 2.000000 8.213246 16.822556 -0.841910 0.000213 0.708813 0.708813 
252.000000 345 2.000000 1.246843 18.796274 -0.088806 -0.364765 0.140940 0.140940 
252.000000 346 2.000000 3.724040 9.864654 -0.902511 -0.900920 1.626182 1.626182 
252.000000 347 2.000000 7.193953 16.886036 0.510209 -1.020971 1.302696 1.302696 
252.000000 348 2.000000 2.347145 4.599262 -0.250603 -0.967900 0.999631 0.999631 
252.000000 349 2.000000 3.579565 12.036487 -0.472567 -0.505620 0.478971 0.478971 
252.000000 350 2.000000 5.896205 19.176007 0.955232 -0.588566 1.258878 1.258878 
252.000000 351 2.000000 3.734969 8.742753 0.485061 0.306052 0.328952 0.328952 
252.000000 352 2.000000 1.202807 17.069612 -0.906146 0.812520 1.481290 1.481290 
252.000000 353 2.000000 6.031937 13.552345 -0.040091 1.322180 1.749767 1.749767 
252.000000 354 2.000000 7.432601 8.947778 -0.892685 -0.870254 1.554228 1.554228 
252.000000 355 2.000000 6.848021 16.086870 -0.439795 -0.213848 0.239151 0.239151 
252.000000 356 2.000000 7.175452 0.311679 -0.636525 -0.341461 0.521759 0.521759 
252.000000 357 2.000000 6.902453 0.403295 -1.638703 -0.343191 2.803126 2.803126 
252.000000 358 2.000000 8.371395 19.201064 1.532379 -0.998669 3.345526 3.345526 
252.000000 359 2.000000 6.309966 11.925871 0.141665 -0.872879 0.781986 0.781986 
252.000000 360 2.000000 7.969399 12.399005 2.756032 1.919748 11.281147 11.281147 
252.000000 361 2.000000 10.141242 11.484862 -0.146753 0.916642 0.861769 0.861769 
252.000000 362 2.000000 2.696250 14.765341 -0.932012 -0.640742 1.279196 1.279196 
252.000000 363 2.000000 1.271275 9.387806 0.651936 -0.907025 1.247714 1.247714 
252.000000 364 2.000000 5.463018 2.991061 1.680928 -0.524972 3.101116 3.101116 
252.000000 365 2.000000 8.513954 15.344010 -0.833852 -0.081822 0.702004 0.702004 
252.000000 366 2.000000 6.233766 9.407486 0.109241 -0.886403 0.797644 0.797644 
252.000000 367 2.000000 1.154081 8.440987 0.961733 1.758539 4.017389 4.017389 
252.000000 368 2.000000 3.955122 6.032888 0.953041 0.450215 1.110982 1.110982 
252.000000 369 2.000000 4.027089 8.991650 -1.111423 -0.926079 2.092884 2.092884 
252.000000 370 2.000000 9.152878 14.908969 -1.993570 -0.748681 4.534846 4.534846 
252.000000 371 2.000000 3.428674 1.326613 2.857228 0.077227 8.169715 8.169715 
252.000000 372 2.000000 6.464388 2.645803 0.463397 1.150349 1.538039 1.538039 
252.000000 373 2.000000 8.737194 3.724745 -0.128410 0.687966 0.489786 0.489786 
252.000000 374 2.000000 8.301353 12.196739 0.481238 0.774396 0.831279 0.831279 
252.000000 375 2.000000 0.745068 8.199672 0.438275 -1.087588 1.374932 1.374932 
252.000000 376 2.000000 4.860045 9.941359 -2.966397 -0.538508 9.089501 9.089501 
252.000000 377 2.000000 8.080885 13.574151 -0.737437 0.612822 0.919365 0.919365 
252.000000 378 2.000000 4.079556 19.426584 -0.999279 1.543063 3.379603 3.379603 
252.000000 379 2.000000 0.566593 5.220087 -0.013533 -1.307957 1.710934 1.710934 
252.000000 380 2.000000 0.905131 10.649186 0.952769 0.277929 0.985013 0.985013 
252.000000 381 2.000000 4.923748 8.632189 1.641249 0.529725 2.974306 2.974306 
252.000000 382 2.000000 5.197371 7.463725 -0.799442 -0.091541 0.647487 0.647487 
252.000000 383 2.000000 0.274588 11.637275 0.422441 0.149893 0.200924 0.200924 
252.000000 384 2.000000 5.778160 4.952898 -0.161069 0.170790 0.055112 0.055112 
252.000000 385 2.000000 5.597903 8.317241 -0.899803 0.633170 1.210550 1.210550 
252.000000 386 2.000000 1.366667 1.219892 0.313527 0.609945 0.470332 0.470332 
252.000000 387 2.000000 1.928276 0.281909 -0.318503 -1.439277 2.172962 2.172962 
252.000000 388 2.000000 8.097911 19.918785 -0.327820 -0.406070 0.272359 0.272359 
252.000000 389 2.000000 6.422486 13.469980 -0.310227 -0.143651 0.116877 0.116877 
252.000000 390 2.000000 10.085378 19.349683 -2.295472 -0.929023 6.132275 6.132275 
252.000000 391 2.000000 3.731128 13.319281 0.660376 0.589349 0.783429 0.783429 
252.000000 392 2.000000 6.757621 5.131178 -0.376870 0.614512 0.519656 0.519656 
252.000000 393 2.000000 4.847998 6.326106 0.205161 1.471187 2.206483 2.206483 
252.000000 394 2.000000 5.204632 19.362650 -1.935952 -0.296441 3.835787 3.835787 
252.000000 395 2.000000 0.151977 17.767395 0.064671 1.681878 2.832897 2.832897 
252.000000 396 2.000000 1.001797 13.084028 1.054522 -0.643346 1.525911 1.525911 
252.000000 397 2.000000 9.905046 6.730990 1.042636 1.529770 3.427287 3.427287 
252.000000 398 2.000000 3.804573 16.662903 -1.851541 -0.926971 4.287481 4.287481 
252.000000 399 2.000000 9.212248 6.775407 -0.213616 -1.075170 1.201622 1.201622 
252.000000 400 2.000000 3.558164 12.887172 0.711633 0.661716 0.944288 0.944288 
252.000000 401 2.000000 8.386698 16.913290 -2.075301 -0.464167 4.522326 4.522326 
252.000000 402 2.000000 4.710712 6.440665 0.032200 -1.354784 1.836475 1.836475 
252.000000 403 2.000000 9.981442 17.499949 0.278517 -0.609768 0.449389 0.449389 
252.000000 404 2.000000 7.067084 9.257174 0.703946 -0.272505 0.569798 0.569798 
252.000000 405 2.000000 5.892878 10.843426 -0.028260 -0.260520 0.068669 0.068669 
252.000000 406 2.000000 8.021891 17.907381 0.680939 -1.046309 1.558440 1.558440 
252.000000 407 2.000000 0.209165 8.789615 0.522909 0.738550 0.818890 0.818890 
252.000000 408 2.000000 4.397385 12.955754 -0.790913 -0.272127 0.699596 0.699596 
252.000000 409 2.000000 4.253944 13.238070 -0.718820 -1.009243 1.535274 1.535274 
252.000000 410 2.000000 3.955333 9.328485 -1.912976 -0.644804 4.075249 4.075249 
252.000000 411 2.000000 8.138812 19.530566 1.838246 0.075082 3.384787 3.384787 
252.000000 412 2.000000 8.484842 8.248894 1.170323 -0.331952 1.479848 1.479848 
252.000000 413 2.000000 1.925132 9.874816 1.674027 0.509892 3.062356 3.062356 
252.000000 414 2.000000 10.301496 13.059884 0.274985 1.102004 1.290029 1.290029 
252.000000 415 2.000000 0.567738 14.559356 0.038491 0.200357 0.041624 0.041624 
252.000000 416 2.000000 5.365852 11.171296 -0.541298 1.298988 1.980373 1.980373 
252.000000 417 2.000000 5.778220 5.665264 -0.170195 -0.999126 1.027219 1.027219 
252.000000 418 2.000000 8.220922 3.218505 -2.975436 -1.286295 10.507775 10.507775 
252.000000 419 2.000000 1.057566 0.391557 -0.243084 1.957780 3.891993 3.891993 
252.000000 420 2.000000 7.465830 2.523901 -0.492322 0.799189 0.881084 0.881084 
252.000000 421 2.000000 3.055806 19.414178 -0.492827 0.532244 0.526162 0.526162 
252.000000 422 2.000000 6.441581 13.791845 -0.290063 0.846130 0.800073 0.800073 
252.000000 423 2.000000 0.719717 12.630296 -2.321360 1.256746 6.968124 6.968124 
252.000000 424 2.000000 5.202132 11.259929 -0.553184 -0.662940 0.745501 0.745501 
252.000000 425 2.000000 0.554586 7.305062 -0.098582 0.516259 0.276242 0.276242 
252.000000 426 2.000000 2.053621 9.209958 -2.526380 -0.206516 6.425243 6.425243 
252.000000 427 2.000000 3.118552 4.045045 0.964616 -1.169248 2.297625 2.297625 
252.000000 428 2.000000 4.789426 8.204110 1.349134 -1.787256 5.014446 5.014446 
252.000000 429 2.000000 4.174666 17.723181 0.546517 -0.503144 0.551834 0.551834 
252.000000 430 2.000000 3.992473 16.476466 2.348513 1.137554 6.809541 6.809541 
252.000000 431 2.000000 6.074129 0.640942 2.962989 -1.003060 9.785435 9.785435 
252.000000 432 2.000000 8.835363 13.150965 0.262569 -0.606109 0.436311 0.436311 
252.000000 433 2.000000 1.106194 18.403590 -0.362979 1.278027 1.765107 1.765107 
252.000000 434 2.000000 2.636144 18.558056 -0.974925 1.469799 3.110787 3.110787 
252.000000 435 2.000000 6.040159 7.523486 -0.717665 -1.006170 1.527422 1.527422 
252.000000 436 2.000000 6.353723 15.754384 -2.581923 1.941937 10.437444 10.437444 
252.000000 437 2.000000 1.113065 8.475750 1.011876 -0.311986 1.121229 1.121229 
252.000000 438 2.000000 5.229578 6.169751 -2.845795 -1.614625 10.705562 10.705562 
252.000000 439 2.000000 9.687543 16.898125 0.331765 0.224152 0.160312 0.160312 
252.000000 440 2.000000 2.582130 2.150044 1.147613 0.836956 2.017511 2.017511 
252.000000 441 2.000000 4.703072 19.322306 -1.309317 0.198571 1.753742 1.753742 
252.000000 442 2.000000 5.874330 0.706864 2.025631 -0.872993 4.865296 4.865296 
252.000000 443 2.000000 5.154763 16.480882 2.021475 -0.004037 4.086379 4.086379 
252.000000 444 2.000000 4.180397 0.777106 1.466805 -1.211227 3.618590 3.618590 
252.000000 445 2.000000 4.798682 0.606484 0.834553 1.347739 2.512880 2.512880 
252.000000 446 2.000000 5.203898 12.671859 1.084145 -0.041470 1.177091 1.177091 
252.000000 447 2.000000 0.749618 17.969366 -0.254632 0.284582 0.145824 0.145824 
252.000000 448 2.000000 1.538070 1.089463 0.683586 -0.114644 0.480433 0.480433 
252.000000 449 2.000000 7.405441 6.737608 0.880585 0.361123 0.905840 0.905840 
252.000000 450 2.000000 7.174358 0.870078 0.353417 0.102362 0.135381 0.135381 
252.000000 451 2.000000 0.618901 15.410164 1.547250 0.781098 3.004096 3.004096 
252.000000 452 2.000000 1.757566 8.591458 -0.606291 -0.030797 0.368537 0.368537 
252.000000 453 2.000000 0.089750 0.823145 -0.455687 -0.926239 1.065569 1.065569 
252.000000 454 2.000000 4.929201 8.207554 0.352377 -1.195489 1.553364 1.553364 
252.000000 455 2.000000 5.813420 5.755692 1.403781 1.273844 3.593281 3.593281 
252.000000 456 2.000000 7.578895 15.565408 1.531090 -0.360066 2.473883 2.473883 
252.000000 457 2.000000 9.457323 9.332915 -1.418966 -0.074717 2.019047 2.019047 
252.000000 458 2.000000 8.163730 10.405470 0.533577 -1.341892 2.085379 2.085379 
252.000000 459 2.000000 7.531325 13.360515 2.317331 0.211127 5.414596 5.414596 
252.000000 460 2.000000 8.007288 3.521442 0.309760 0.097277 0.105414 0.105414 
252.000000 461 2.000000 8.263876 18.554722 1.104846 0.571482 1.547277 1.547277 
252.000000 462 2.000000 5.385703 10.543371 -1.745897 -1.044931 4.140038 4.140038 
252.000000 463 2.000000 2.903185 8.528829 0.504902 -0.563694 0.572676 0.572676 
252.000000 464 2.000000 9.511858 13.225940 0.710362 1.291029 2.171369 2.171369 
252.000000 465 2.000000 4.500415 12.962227 0.772954 0.097896 0.607042 0.607042 
252.000000 466 2.000000 0.455244 17.330046 -0.576671 -0.920674 1.180190 1.180190 
252.000000 467 2.000000 5.923022 4.603284 -1.489928 -3.396021 13.752845 13.752845 
252.000000 468 2.000000 7.628025 1.093852 -0.302734 -0.171762 0.121150 0.121150 
252.000000 469 2.000000 4.781644 9.127176 0.956329 -0.105789 0.925756 0.925756 
252.000000 470 2.000000 6.419909 0.868249 0.859264 -0.029456 0.739203 0.739203 
252.000000 471 2.000000 2.538541 10.513018 0.757773 -0.793165 1.203332 1.203332 
252.000000 472 2.000000 9.463606 7.842598 0.454364 0.672700 0.658972 0.658972 
252.000000 473 2.000000 0.976459 18.101777 1.775379 -0.405845 3.316680 3.316680 
252.000000 474 2.000000 2.810635 3.859284 0.079712 0.781317 0.616811 0.616811 
252.000000 475 2.000000 2.776488 18.575755 -1.170965 -0.712122 1.878276 1.878276 
252.000000 476 2.000000 1.547370 9.935656 -0.044466 -0.948395 0.901430 0.901430 
252.000000 477 2.000000 0.303135 12.276362 0.027309 0.381497 0.146286 0.146286 
252.000000 478 2.000000 6.896063 8.609476 -1.297977 -0.389420 1.836393 1.836393 
252.000000 479 2.000000 8.445000 16.324345 -1.168856 0.458780 1.576704 1.576704 
252.000000 480 2.000000 9.349242 15.936666 0.088014 0.553121 0.313689 0.313689 
252.000000 481 2.000000 0.684756 5.075249 -1.215640 -0.294990 1.564799 1.564799 
252.000000 482 2.000000 2.547905 13.343811 1.084214 0.007809 1.175582 1.175582 
252.000000 483 2.000000 1.029448 2.056969 -0.925113 -0.793799 1.485951 1.485951 
252.000000 484 2.000000 10.038918 9.342975 -1.963405 -0.139399 3.874392 3.874392 
252.000000 485 2.000000 6.529141 3.387864 -0.480598 1.303024 1.928846 1.928846 
252.000000 486 2.000000 3.903647 0.088120 1.626519 1.762376 5.751534 5.751534 
252.000000 487 2.000000 10.240130 6.353625 0.567320 0.367261 0.456733 0.456733 
252.000000 488 2.000000 7.296117 0.000001 -0.114021 0.519056 0.282420 0.282420 
252.000000 489 2.000000 4.876424 7.650165 -0.364047 0.556225 0.441917 0.441917 
252.000000 490 2.000000 4.130534 17.636207 0.400981 -0.849837 0.883008 0.883008 
252.000000 491 2.000000 3.965689 4.026513 0.340904 0.904834 0.934941 0.934941 
252.000000 492 2.000000 4.931263 19.552464 -0.131011 -0.639336 0.425915 0.425915 
252.000000 493 2.000000 5.385318 5.980753 0.355885 -0.326498 0.233255 0.233255 
252.000000 494 2.000000 8.198948 14.585177 -1.386516 1.045532 3.015565 3.015565 
252.000000 495 2.000000 1.623119 14.723259 0.690688 -0.299492 0.566746 0.566746 
252.000000 496 2.000000 6.743199 12.327794 -0.556422 -0.439503 0.502769 0.502769 
252.000000 497 2.000000 4.668128 10.211046 -1.925171 0.305364 3.799530 3.799530 
252.000000 498 2.000000 5.113905 4.664791 -0.874235 0.009187 0.764372 0.764372 
252.000000 499 2.000000 1.240193 11.736554 -1.738705 0.376007 3.164476 3.164476 
252.000000 500 2.000000 2.817235 1.263842 0.866841 0.179268 0.783551 0.783551 
