419.500000 1 2.000000 2.884549 4.897435 -1.603934 -1.330622 4.343159 4.343159 
419.500000 2 2.000000 3.528221 19.898961 -0.745704 0.191566 0.592772 0.592772 
419.500000 3 2.000000 2.157650 7.420688 0.880673 -0.455241 0.982830 0.982830 
419.500000 4 2.000000 3.598207 11.693078 -1.189981 -2.637118 8.370445 8.370445 
419.500000 5 2.000000 1.476377 16.425235 1.230313 -0.183798 1.547453 1.547453 
419.500000 6 2.000000 1.331179 19.025158 1.901683 -0.336152 3.729397 3.729397 
419.500000 7 2.000000 1.531620 4.006042 -0.625763 -0.570906 0.717512 0.717512 
419.500000 8 2.000000 3.732923 12.340325 -0.969645 0.915642 1.778612 1.778612 
419.500000 9 2.000000 2.126962 9.871041 2.502307 0.795241 6.893951 6.893951 
419.500000 10 2.000000 3.976044 6.041237 2.338849 -1.734008 8.476996 8.476996 
419.500000 11 2.000000 1.238085 1.548596 0.380949 1.407813 2.127061 2.127061 
419.500000 12 2.000000 0.491510 9.338870 -0.920959 2.334350 6.297356 6.297356 
419.500000 13 2.000000 0.000001 13.057280 2.424334 0.341105 5.993748 5.993748 
419.500000 14 2.000000 0.241616 0.168431 0.690329 0.421075 0.653858 0.653858 
419.500000 15 2.000000 3.368053 11.387418 0.767296 1.559272 3.020070 3.020070 
419.500000 16 2.000000 0.862459 10.901003 0.574972 0.205645 0.372882 0.372882 
419.500000 17 2.000000 1.687239 16.721347 1.874709 -1.311461 5.234462 5.234462 
419.500000 18 2.000000 1.973510 12.108272 0.805514 -4.153540 17.900750 17.900750 
419.500000 19 2.000000 1.712891 3.758837 2.141112 0.449597 4.786498 4.786498 
419.500000 20 2.000000 1.610545 9.151969 -2.167090 0.540107 4.987995 4.987995 
419.500000 21 2.000000 1.880226 13.215561 4.178277 1.468683 19.615028 19.615028 
419.500000 22 2.000000 1.612417 8.444519 2.687359 0.797079 7.857234 7.857234 
419.500000 23 2.000000 3.180513 4.897002 2.891374 -1.290854 10.026350 10.026350 
419.500000 24 2.000000 3.270354 15.687200 0.447994 1.568720 2.661581 2.661581 
419.500000 25 2.000000 1.625729 10.221597 0.361273 2.129499 4.665285 4.665285 
419.500000 26 2.000000 3.124278 2.246648 2.082851 1.604748 6.913484 6.913484 
419.500000 27 2.000000 1.950744 18.773143 1.500572 -0.876326 3.019663 3.019663 
419.500000 28 2.000000 0.301878 14.574296 -3.168934 -1.839221 13.424880 13.424880 
419.500000 29 2.000000 2.236321 17.615032 1.542289 3.631965 15.569828 15.569828 
419.500000 30 2.000000 2.135705 18.154926 -1.278835 0.512000 1.897563 1.897563 
419.500000 31 2.000000 3.701189 7.789385 -3.616105 0.949477 13.977721 13.977721 
419.500000 32 2.000000 0.219355 7.736191 -0.637985 -0.615959 0.786430 0.786430 
419.500000 33 2.000000 3.098902 13.326844 0.999645 1.763971 4.110886 4.110886 
419.500000 34 2.000000 2.734347 8.352451 -0.002451 1.835703 3.369812 3.369812 
419.500000 35 2.000000 3.179211 14.432917 1.527405 -1.441366 4.410502 4.410502 
419.500000 36 2.000000 2.167673 17.885646 -1.388947 0.631920 2.328497 2.328497 
419.500000 37 2.000000 2.588849 2.589313 1.522852 -1.870080 5.816275 5.816275 
419.500000 38 2.000000 2.634423 4.354298 -3.599441 1.052711 14.064175 14.064175 
419.500000 39 2.000000 1.091233 9.629969 -2.157833 -0.995453 5.647169 5.647169 
419.500000 40 2.000000 0.745942 7.594672 1.243234 0.190302 1.581846 1.581846 
419.500000 41 2.000000 1.888981 3.877855 2.906123 -4.030536 24.690773 24.690773 
419.500000 42 2.000000 0.384036 7.396415 -1.995071 0.617798 4.361984 4.361984 
419.500000 43 2.000000 2.927463 16.989601 -0.649641 2.554827 6.949175 6.949175 
419.500000 44 2.000000 0.545734 18.199645 -1.565507 0.877229 3.220342 3.220342 
419.500000 45 2.000000 3.674396 16.631659 -1.961013 3.529163 16.300566 16.300566 
419.500000 46 2.000000 1.449330 1.076881 -1.777779 -3.639061 16.403264 16.403264 
419.500000 47 2.000000 0.270116 9.357601 -1.280257 -0.021413 1.639515 1.639515 
419.500000 48 2.000000 2.867455 15.695940 -0.064044 1.485801 2.211707 2.211707 
419.500000 49 2.000000 0.669789 4.964797 -1.480217 0.406448 2.356243 2.356243 
419.500000 50 2.000000 0.862756 1.473022 -2.594994 1.015877 7.766001 7.766001 
419.500000 51 2.000000 0.187530 18.970463 -1.445807 2.280352 7.290363 7.290363 
419.500000 52 2.000000 2.294537 13.382148 0.497634 1.119817 1.501630 1.501630 
419.500000 53 2.000000 2.950031 19.668975 1.255332 0.028294 1.576659 1.576659 
419.500000 54 2.000000 3.496883 12.703145 0.573259 0.066004 0.332983 0.332983 
419.500000 55 2.000000 1.419079 10.808196 -1.944071 -0.536706 4.067467 4.067467 
419.500000 56 2.000000 0.557768 19.709962 0.152720 0.377126 0.165548 0.165548 
419.500000 57 2.000000 3.060077 16.904904 -2.535304 -0.644812 6.843548 6.843548 
419.500000 58 2.000000 1.152281 0.885104 -0.386659 -0.058024 0.152872 0.152872 
419.500000 59 2.000000 3.768184 7.625509 -1.007383 1.210398 2.479883 2.479883 
419.500000 60 2.000000 0.587188 11.196533 -2.021892 1.640411 6.778994 6.778994 
419.500000 61 2.000000 3.735053 16.395719 -0.016013 -3.604280 12.991088 12.991088 
419.500000 62 2.000000 1.223845 13.605048 -4.399775 5.789382 52.874964 52.874964 
419.500000 63 2.000000 3.608854 2.430724 -1.038323 -0.257869 1.144610 1.144610 
419.500000 64 2.000000 3.620982 19.688992 -2.958115 -1.036689 9.825166 9.825166 
419.500000 65 2.000000 2.769057 18.521312 0.988949 0.212955 1.023369 1.023369 
419.500000 66 2.000000 2.790330 10.916248 2.790329 -0.629853 8.182653 8.182653 
419.500000 67 2.000000 3.466954 13.815516 -3.984964 0.491024 16.121040 16.121040 
419.500000 68 2.000000 2.549992 17.499581 0.535600 -2.941669 8.940283 8.940283 
419.500000 69 2.000000 0.215699 19.999999 1.437986 -0.976695 3.021738 3.021738 
419.500000 70 2.000000 3.798253 18.511685 0.490130 -2.706026 7.562805 7.562805 
419.500000 71 2.000000 0.839686 15.217052 2.099212 0.626264 4.798898 4.798898 
419.500000 72 2.000000 1.179170 16.593622 1.814106 -1.187326 4.700724 4.700724 
419.500000 73 2.000000 3.875868 15.532623 1.270776 -0.842901 2.325354 2.325354 
419.500000 74 2.000000 0.810824 10.471833 -0.473997 1.903969 3.849772 3.849772 
419.500000 75 2.000000 3.019561 14.035462 -1.260868 -2.056737 5.819956 5.819956 
419.500000 76 2.000000 3.409920 14.706835 0.303015 -1.707472 3.007280 3.007280 
419.500000 77 2.000000 2.256363 4.343315 3.008483 2.020146 13.131957 13.131957 
419.500000 78 2.000000 2.120192 10.503668 -0.889194 -0.587165 1.135428 1.135428 
419.500000 79 2.000000 0.594093 19.567514 -1.596183 0.300573 2.638143 2.638143 
419.500000 80 2.000000 1.171211 3.050164 -0.686941 2.033442 4.606774 4.606774 
419.500000 81 2.000000 0.426579 14.713047 1.421927 -3.021115 11.149012 11.149012 
419.500000 82 2.000000 3.397910 19.225808 -0.919453 2.333351 6.289920 6.289920 
419.500000 83 2.000000 2.569076 17.651986 -2.521206 0.814770 7.020328 7.020328 
419.500000 84 2.000000 3.356307 11.538447 0.067906 -0.885265 0.788305 0.788305 
419.500000 85 2.000000 0.845935 1.873138 -0.716700 0.686862 0.985438 0.985438 
419.500000 86 2.000000 3.109622 19.281840 0.654657 -1.595908 2.975498 2.975498 
419.500000 87 2.000000 3.435262 2.835977 -0.632035 -0.489358 0.638939 0.638939 
419.500000 88 2.000000 0.523630 7.473725 0.616034 1.132382 1.661788 1.661788 
419.500000 89 2.000000 2.947243 13.319880 -4.485023 -1.805235 23.374305 23.374305 
419.500000 90 2.000000 2.951798 3.561102 -0.155787 2.739308 7.528080 7.528080 
419.500000 91 2.000000 2.294817 19.024336 -1.449346 -1.393805 4.043295 4.043295 
419.500000 92 2.000000 3.390130 19.427333 -0.675018 -0.545396 0.753106 0.753106 
419.500000 93 2.000000 0.358097 14.774452 -0.785916 0.487422 0.855244 0.855244 
419.500000 94 2.000000 3.807430 7.959602 -1.295847 -0.224193 1.729482 1.729482 
419.500000 95 2.000000 0.539896 15.071986 -1.191804 1.697244 4.301034 4.301034 
419.500000 96 2.000000 1.378943 19.593962 0.787967 1.475434 2.797798 2.797798 
419.500000 97 2.000000 1.297008 13.356308 1.179097 -1.871462 4.892641 4.892641 
419.500000 98 2.000000 3.380599 0.750774 1.252073 0.429013 1.751740 1.751740 
419.500000 99 2.000000 2.864881 16.924251 0.320098 0.984521 1.071745 1.071745 
419.500000 100 2.000000 0.571402 8.388946 1.632574 1.167339 4.027977 4.027977 
419.500000 101 2.000000 3.337680 14.485716 -2.923277 -0.321336 8.648804 8.648804 
419.500000 102 2.000000 2.631812 11.769033 -2.416645 3.315220 16.830860 16.830860 
419.500000 103 2.000000 3.361987 12.108297 0.840496 1.513537 2.997229 2.997229 
419.500000 104 2.000000 0.348816 10.793900 2.325436 -2.330658 10.839620 10.839620 
419.500000 105 2.000000 0.628904 8.033284 -1.996495 -1.948357 7.782089 7.782089 
419.500000 106 2.000000 2.134244 14.144878 -0.132207 -4.631291 21.466339 21.466339 
419.500000 107 2.000000 0.378791 16.958704 -0.695180 -0.640273 0.893224 0.893224 
419.500000 108 2.000000 3.133087 2.047681 -1.131481 2.626182 8.177083 8.177083 
419.500000 109 2.000000 2.662448 11.209862 0.421967 0.892765 0.975086 0.975086 
419.500000 110 2.000000 1.733037 19.545648 2.888393 2.496354 14.574597 14.574597 
419.500000 111 2.000000 3.210445 15.766510 1.126472 -1.969065 5.146153 5.146153 
419.500000 112 2.000000 1.896064 17.609497 1.805775 -1.501878 5.516459 5.516459 
419.500000 113 2.000000 1.370539 15.487971 -2.106046 -3.470791 16.481819 16.481819 
419.500000 114 2.000000 2.584138 7.799693 0.097699 -0.579587 0.345466 0.345466 
419.500000 115 2.000000 2.864144 3.844460 1.048265 0.051537 1.101515 1.101515 
419.500000 116 2.000000 3.524092 14.803434 -2.712537 2.267336 12.498670 12.498670 
419.500000 117 2.000000 3.523891 12.335884 -1.566881 -0.460307 2.666999 2.666999 
419.500000 118 2.000000 0.597933 13.932284 -2.135616 -1.618057 7.178965 7.178965 
419.500000 119 2.000000 1.667484 6.937086 0.015256 -0.162182 0.026536 0.026536 
419.500000 120 2.000000 3.738803 18.398136 -1.638978 -0.611826 3.060579 3.060579 
419.500000 121 2.000000 3.084596 14.604530 -0.966003 -0.787660 1.553569 1.553569 
419.500000 122 2.000000 3.214197 13.511241 3.402276 0.109810 11.587544 11.587544 
419.500000 123 2.000000 0.000001 15.359514 1.877868 -2.900303 11.938145 11.938145 
419.500000 124 2.000000 1.886056 8.591054 -0.058037 -1.904508 3.630519 3.630519 
419.500000 125 2.000000 0.552809 10.295382 -2.959825 -1.036773 9.835464 9.835464 
419.500000 126 2.000000 2.375324 6.794173 1.827171 -2.564238 9.913872 9.913872 
419.500000 127 2.000000 3.753232 3.281226 -0.108291 0.613313 0.387880 0.387880 
419.500000 128 2.000000 3.742391 18.136880 0.413248 1.227285 1.677004 1.677004 
419.500000 129 2.000000 4.058999 19.751961 -3.574194 -0.620095 13.159378 13.159378 
419.500000 130 2.000000 3.162742 10.148805 0.620269 3.059521 9.745401 9.745401 
419.500000 131 2.000000 1.442108 13.225212 -0.522610 0.574422 0.603082 0.603082 
419.500000 132 2.000000 2.852762 16.643787 -0.816217 -2.237475 5.672505 5.672505 
419.500000 133 2.000000 2.167075 14.273778 -2.263792 -0.354055 5.250111 5.250111 
419.500000 134 2.000000 3.182612 10.947849 -0.184065 -1.989483 3.991924 3.991924 
419.500000 135 2.000000 0.307840 5.577675 0.615677 -0.767048 0.967420 0.967420 
419.500000 136 2.000000 0.538415 5.747683 -2.108932 1.884486 7.998881 7.998881 
419.500000 137 2.000000 2.831436 10.566434 0.117202 0.260081 0.081378 0.081378 
419.500000 138 2.000000 2.949886 17.688685 -1.002446 -2.432962 6.924203 6.924203 
419.500000 139 2.000000 2.176025 14.493155 3.253998 -2.154318 15.229587 15.229587 
419.500000 140 2.000000 3.691602 19.602100 1.393057 -1.591596 4.473785 4.473785 
419.500000 141 2.000000 2.993835 10.555904 -0.058934 1.241871 1.545717 1.545717 
419.500000 142 2.000000 0.974741 1.363138 2.436849 -1.538969 8.306660 8.306660 
419.500000 143 2.000000 1.337610 16.893849 0.250020 1.682903 2.894674 2.894674 
419.500000 144 2.000000 0.664861 0.270940 3.324300 1.806259 14.313540 14.313540 
419.500000 145 2.000000 3.428542 16.274169 -2.139524 0.436216 4.767846 4.767846 
419.500000 146 2.000000 2.151644 3.901571 -0.246803 -1.798773 3.296498 3.296498 
419.500000 147 2.000000 1.690538 6.212435 -1.566039 -0.190616 2.488814 2.488814 
419.500000 148 2.000000 3.021763 2.908765 0.253975 -0.123829 0.079837 0.079837 
419.500000 149 2.000000 3.018265 17.815761 -1.930244 2.133624 8.278194 8.278194 
419.500000 150 2.000000 1.496464 13.057582 1.662736 1.068018 3.905355 3.905355 
419.500000 151 2.000000 3.561671 8.457831 -0.623092 1.470927 2.551870 2.551870 
419.500000 152 2.000000 0.863651 10.517232 -0.549256 -0.740067 0.849381 0.849381 
419.500000 153 2.000000 0.646336 11.912734 2.585340 -3.761519 20.833004 20.833004 
419.500000 154 2.000000 1.585836 15.012528 0.238091 -0.280577 0.135411 0.135411 
419.500000 155 2.000000 1.639287 19.720592 1.458096 -0.931358 2.993472 2.993472 
419.500000 156 2.000000 3.846137 2.527053 -0.250862 -0.718683 0.579438 0.579438 
419.500000 157 2.000000 1.386221 11.307354 -0.928926 -2.120157 5.357971 5.357971 
419.500000 158 2.000000 0.109485 2.242325 2.189674 2.989765 13.733369 13.733369 
419.500000 159 2.000000 1.767451 15.057440 -2.329548 0.799479 6.065960 6.065960 
419.500000 160 2.000000 2.008997 5.540368 1.434997 0.598959 2.417969 2.417969 
419.500000 161 2.000000 1.927962 4.142926 -1.412863 0.207385 2.039190 2.039190 
419.500000 162 2.000000 3.293002 4.802200 0.065474 -0.385521 0.152913 0.152913 
419.500000 163 2.000000 3.103802 18.686397 1.181945 -1.981230 5.322265 5.322265 
419.500000 164 2.000000 2.585299 3.786318 3.977382 -0.648496 16.240114 16.240114 
419.500000 165 2.000000 2.960642 5.754573 2.277416 -1.798244 8.420308 8.420308 
419.500000 166 2.000000 0.000001 15.307121 2.914503 2.004321 12.511632 12.511632 
419.500000 167 2.000000 3.130200 1.183691 -1.066675 -1.651093 3.863904 3.863904 
419.500000 168 2.000000 1.382762 4.437776 -1.883681 0.986172 4.520788 4.520788 
419.500000 169 2.000000 0.907397 17.646856 -1.071312 -2.476992 7.283201 7.283201 
419.500000 170 2.000000 2.057552 0.051206 -1.038723 -1.918153 4.758258 4.758258 
419.500000 171 2.000000 1.420279 7.125059 -2.700653 1.106219 8.517245 8.517245 
419.500000 172 2.000000 0.298667 15.413206 -0.745893 2.112370 5.018462 5.018462 
419.500000 173 2.000000 0.965280 4.686251 -0.675880 -0.855465 1.188635 1.188635 
419.500000 174 2.000000 2.618731 13.862542 -0.534644 0.935097 1.160250 1.160250 
419.500000 175 2.000000 2.260982 1.757656 2.659978 -1.539438 9.445353 9.445353 
419.500000 176 2.000000 2.756291 0.805423 -0.017853 0.805422 0.649024 0.649024 
419.500000 177 2.000000 3.877093 14.656410 2.982379 3.448567 20.787197 20.787197 
419.500000 178 2.000000 2.584879 17.360248 1.655218 4.150985 19.970427 19.970427 
419.500000 179 2.000000 0.993785 19.302535 -0.938976 -0.557972 1.193007 1.193007 
419.500000 180 2.000000 0.347062 4.049114 1.156871 -2.309379 6.671581 6.671581 
419.500000 181 2.000000 1.321218 2.276765 -1.133112 -0.799108 1.922517 1.922517 
419.500000 182 2.000000 2.353846 13.330869 2.615384 0.532069 7.123329 7.123329 
419.500000 183 2.000000 2.958374 18.804322 -1.592062 0.048418 2.537006 2.537006 
419.500000 184 2.000000 1.439047 6.901409 1.798807 -1.207423 4.693578 4.693578 
419.500000 185 2.000000 2.073783 19.965394 -1.108915 1.930025 4.954690 4.954690 
419.500000 186 2.000000 1.497612 9.759210 -0.486155 2.757479 7.840036 7.840036 
419.500000 187 2.000000 1.500234 0.647783 0.843204 -1.037103 1.786576 1.786576 
419.500000 188 2.000000 1.286825 18.005161 1.169840 -0.316641 1.468788 1.468788 
419.500000 189 2.000000 0.381559 17.415779 -0.220095 -0.170311 0.077447 0.077447 
419.500000 190 2.000000 2.285245 2.395907 -0.312282 -0.511049 0.358691 0.358691 
419.500000 191 2.000000 0.225884 13.416982 1.129416 -2.686946 8.495256 8.495256 
419.500000 192 2.000000 3.965215 0.631713 -1.913670 4.211415 21.398148 21.398148 
419.500000 193 2.000000 2.491755 15.250688 0.054360 -0.473537 0.227192 0.227192 
419.500000 194 2.000000 0.379085 6.013667 0.291603 -0.861965 0.828017 0.828017 
419.500000 195 2.000000 3.354431 9.409363 -0.452452 1.383730 2.119421 2.119421 
419.500000 196 2.000000 3.282656 0.333762 0.398951 1.668806 2.944076 2.944076 
419.500000 197 2.000000 1.803042 3.072281 -0.315367 2.363293 5.684608 5.684608 
419.500000 198 2.000000 3.505542 8.754716 0.922511 2.431865 6.764995 6.764995 
419.500000 199 2.000000 2.774842 15.548790 1.166717 -0.471216 1.583273 1.583273 
419.500000 200 2.000000 2.515406 12.904297 2.012324 -0.016372 4.049716 4.049716 
419.500000 201 2.000000 3.286883 14.476114 1.729938 0.835422 3.690616 3.690616 
419.500000 202 2.000000 0.021430 0.940324 -0.317794 -1.263719 1.697979 1.697979 
419.500000 203 2.000000 1.162731 12.716911 2.114054 -0.725946 4.996221 4.996221 
419.500000 204 2.000000 0.676685 1.695425 -0.990765 0.788569 1.603456 1.603456 
419.500000 205 2.000000 1.056164 9.694302 3.520544 -1.840303 15.780943 15.780943 
419.500000 206 2.000000 0.092977 16.160935 -0.111296 -1.745029 3.057514 3.057514 
419.500000 207 2.000000 2.272560 9.084182 -0.931220 3.132476 10.679578 10.679578 
419.500000 208 2.000000 0.163433 11.076062 -1.021533 -0.927273 1.903366 1.903366 
419.500000 209 2.000000 3.296959 13.410036 2.127069 -2.689781 11.759345 11.759345 
419.500000 210 2.000000 0.188208 6.952416 1.882069 0.123483 3.557432 3.557432 
419.500000 211 2.000000 0.489419 0.898031 0.858955 0.658540 1.171479 1.171479 
419.500000 212 2.000000 2.292219 11.485547 2.546909 -0.795971 7.120316 7.120316 
419.500000 213 2.000000 2.480160 15.575728 -1.090560 -1.923596 4.889542 4.889542 
419.500000 214 2.000000 1.370944 8.036973 -0.771606 1.424996 2.625989 2.625989 
419.500000 215 2.000000 2.856191 0.239653 -0.218647 -1.615304 2.657014 2.657014 
419.500000 216 2.000000 3.238260 10.933162 1.011956 0.373743 1.163739 1.163739 
419.500000 217 2.000000 2.984376 7.728593 2.295673 -0.851830 5.995728 5.995728 
419.500000 218 2.000000 0.837230 15.397088 1.674457 -0.263019 2.872987 2.872987 
419.500000 219 2.000000 2.376566 15.162533 -1.159622 2.054382 5.565209 5.565209 
419.500000 220 2.000000 2.874640 0.175292 0.821326 0.318710 0.776152 0.776152 
419.500000 221 2.000000 1.450769 18.033926 2.231951 -1.966073 8.847045 8.847045 
419.500000 222 2.000000 1.269939 1.167088 -0.296246 -1.040030 1.169425 1.169425 
419.500000 223 2.000000 3.945515 18.201882 0.397374 1.931410 3.888250 3.888250 
419.500000 224 2.000000 2.404526 11.512614 2.828853 1.308251 9.713929 9.713929 
419.500000 225 2.000000 3.664615 19.570614 1.787616 -0.477095 3.423192 3.423192 
419.500000 226 2.000000 2.988479 0.447621 -2.714301 -0.289806 7.451417 7.451417 
419.500000 227 2.000000 0.738987 4.048051 1.477973 1.652265 4.914384 4.914384 
419.500000 228 2.000000 2.515723 3.901040 1.048217 1.814437 4.390941 4.390941 
419.500000 229 2.000000 3.404227 10.126592 -1.228494 0.246673 1.570046 1.570046 
419.500000 230 2.000000 3.626517 16.368579 -0.207601 -3.458495 12.004289 12.004289 
419.500000 231 2.000000 0.610166 19.428776 0.460645 -1.522757 2.530982 2.530982 
419.500000 232 2.000000 2.671356 3.935977 1.212226 -1.714566 4.409227 4.409227 
419.500000 233 2.000000 1.651366 16.332861 0.179191 -0.180859 0.064819 0.064819 
419.500000 234 2.000000 1.426241 7.120465 -4.778110 -3.886251 37.933285 37.933285 
419.500000 235 2.000000 0.711271 14.968881 1.580599 0.476700 2.725536 2.725536 
419.500000 236 2.000000 3.024586 12.006151 -0.101834 -0.370073 0.147324 0.147324 
419.500000 237 2.000000 2.937726 0.935431 0.313907 0.779525 0.706197 0.706197 
419.500000 238 2.000000 1.914694 5.167318 -0.356956 -0.241745 0.185858 0.185858 
419.500000 239 2.000000 0.472287 11.539931 1.049524 1.189683 2.516848 2.516848 
419.500000 240 2.000000 3.805845 11.522763 0.079709 -1.053073 1.115316 1.115316 
419.500000 241 2.000000 1.952731 5.438542 -0.751989 1.100449 1.776476 1.776476 
419.500000 242 2.000000 3.790627 8.954310 2.105903 -0.235489 4.490283 4.490283 
419.500000 243 2.000000 2.234270 0.940928 4.468538 -1.019157 21.006510 21.006510 
419.500000 244 2.000000 2.285282 11.286557 2.097200 -3.072805 13.840377 13.840377 
419.500000 245 2.000000 0.126483 17.207576 0.505926 1.242699 1.800261 1.800261 
419.500000 246 2.000000 3.314350 13.996641 0.494679 0.888244 1.033685 1.033685 
419.500000 247 2.000000 2.131502 12.093103 1.776250 0.685162 3.624512 3.624512 
419.500000 248 2.000000 3.447502 6.092020 0.821452 0.957576 1.591735 1.591735 
419.500000 249 2.000000 1.120916 13.661546 2.241829 -1.509155 7.303349 7.303349 
419.500000 250 2.000000 2.991975 17.845933 0.313296 -0.194060 0.135813 0.135813 
419.500000 251 2.000000 0.936416 2.356233 -1.226193 0.211308 1.548202 1.548202 
419.500000 252 2.000000 1.924358 10.794251 0.818875 0.142839 0.690960 0.690960 
419.500000 253 2.000000 3.354100 17.111577 -0.176215 0.684294 0.499310 0.499310 
419.500000 254 2.000000 0.972869 19.999999 -0.055556 -1.988714 3.958068 3.958068 
419.500000 255 2.000000 2.562669 9.779059 0.839112 -4.186096 18.227508 18.227508 
419.500000 256 2.000000 3.148692 7.915402 -0.738236 1.739648 3.571369 3.571369 
419.500000 257 2.000000 0.813741 9.707163 -1.539598 2.261076 7.482828 7.482828 
419.500000 258 2.000000 3.748194 4.292547 -0.556009 0.395138 0.465279 0.465279 
419.500000 259 2.000000 2.175712 14.499674 1.214427 0.790928 2.100400 2.100400 
419.500000 260 2.000000 1.734512 13.752569 -1.641095 2.670401 9.824235 9.824235 
419.500000 261 2.000000 2.945932 18.115240 -0.511646 1.285981 1.915528 1.915528 
419.500000 262 2.000000 3.050199 2.593654 -0.507209 1.525678 2.584955 2.584955 
419.500000 263 2.000000 0.950085 14.435987 1.727426 1.698912 5.870303 5.870303 
419.500000 264 2.000000 3.751648 10.584390 2.273726 0.068399 5.174507 5.174507 
419.500000 265 2.000000 3.906203 15.892356 3.551093 3.571316 25.364557 25.364557 
419.500000 266 2.000000 3.191726 10.456439 0.463355 -1.435466 2.275261 2.275261 
419.500000 267 2.000000 1.331042 4.988923 0.511939 -1.208957 1.723657 1.723657 
419.500000 268 2.000000 0.470022 16.650981 -0.172051 1.205623 1.483129 1.483129 
419.500000 269 2.000000 0.859217 3.370943 -0.454942 -1.898778 3.812328 3.812328 
419.500000 270 2.000000 1.209044 15.194130 1.151470 -2.117241 5.808593 5.808593 
419.500000 271 2.000000 0.014688 3.468675 0.293748 0.367903 0.221640 0.221640 
419.500000 272 2.000000 0.662325 3.073815 -0.225031 -0.439214 0.243548 0.243548 
419.500000 273 2.000000 2.139691 16.303920 0.897521 1.779636 3.972651 3.972651 
419.500000 274 2.000000 1.638797 9.616817 3.641769 -1.110501 14.495696 14.495696 
419.500000 275 2.000000 1.659657 7.495242 1.508779 1.972432 6.166900 6.166900 
419.500000 276 2.000000 0.461298 9.996155 -1.836851 2.221367 8.308494 8.308494 
419.500000 277 2.000000 0.293710 10.662929 -0.308934 -2.146453 4.702700 4.702700 
419.500000 278 2.000000 0.654239 0.920343 2.180792 -0.113454 4.768725 4.768725 
419.500000 279 2.000000 2.696958 16.361678 -1.276219 1.441557 3.706824 3.706824 
419.500000 280 2.000000 1.550214 7.268280 -0.502590 -3.264543 10.909839 10.909839 
419.500000 281 2.000000 0.887945 2.453027 -1.812027 2.088301 7.644443 7.644443 
419.500000 282 2.000000 2.861115 0.544461 1.144446 0.640542 1.720049 1.720049 
419.500000 283 2.000000 3.354973 16.429137 -0.976701 -1.180163 2.346731 2.346731 
419.500000 284 2.000000 2.388590 11.491888 1.990490 1.389315 5.892249 5.892249 
419.500000 285 2.000000 0.847930 3.441381 2.153695 2.301247 9.934143 9.934143 
419.500000 286 2.000000 3.494858 11.044050 1.248163 0.102124 1.568340 1.568340 
419.500000 287 2.000000 3.530430 19.003264 -2.152277 -0.744753 5.186954 5.186954 
419.500000 288 2.000000 2.822372 6.255758 0.027533 -0.838598 0.704005 0.704005 
419.500000 289 2.000000 2.353726 13.517219 -0.935512 -0.200755 0.915485 0.915485 
419.500000 290 2.000000 2.586890 17.334569 -0.083054 -3.313774 10.987998 10.987998 
419.500000 291 2.000000 3.260832 17.864903 -0.924852 1.814806 4.148870 4.148870 
419.500000 292 2.000000 0.273889 14.353607 0.322221 2.432815 6.022413 6.022413 
419.500000 293 2.000000 1.231274 12.792979 -0.156983 -0.998618 1.021882 1.021882 
419.500000 294 2.000000 1.060161 5.068287 -0.382694 0.181575 0.179424 0.179424 
419.500000 295 2.000000 2.815292 14.329807 0.364562 0.983101 1.099393 1.099393 
419.500000 296 2.000000 2.096668 9.647225 -3.056971 0.979414 10.304321 10.304321 
419.500000 297 2.000000 1.386835 2.444599 1.631570 -0.818551 3.332045 3.332045 
419.500000 298 2.000000 3.843115 11.854217 1.200973 4.838455 24.852988 24.852988 
419.500000 299 2.000000 3.730901 10.456267 0.921210 -1.502950 3.107486 3.107486 
419.500000 300 2.000000 3.069087 6.121000 2.790078 -2.456460 13.818731 13.818731 
419.500000 301 2.000000 3.604698 14.686843 -1.336004 1.642838 4.483823 4.483823 
419.500000 302 2.000000 2.653951 11.370890 -0.864499 0.117942 0.761268 0.761268 
419.500000 303 2.000000 2.036860 18.102267 -1.876308 2.941155 12.170929 12.170929 
419.500000 304 2.000000 2.443961 10.156963 2.572590 0.453566 6.823939 6.823939 
419.500000 305 2.000000 2.267715 2.180756 0.638793 -0.853276 1.136137 1.136137 
419.500000 306 2.000000 1.067087 7.681489 -2.175080 -2.302525 10.032597 10.032597 
419.500000 307 2.000000 1.859093 16.102777 -1.061212 -0.034387 1.127354 1.127354 
419.500000 308 2.000000 3.741645 12.400638 0.543180 -1.172278 1.669281 1.669281 
419.500000 309 2.000000 2.584227 19.999999 -2.987544 -1.659823 11.680432 11.680432 
419.500000 310 2.000000 1.545340 17.617976 -2.323144 0.321836 5.500577 5.500577 
419.500000 311 2.000000 1.315179 2.807317 1.052142 -0.075544 1.112710 1.112710 
419.500000 312 2.000000 2.922823 3.812950 -1.025979 -2.333789 6.499205 6.499205 
419.500000 313 2.000000 1.196502 1.140819 2.175457 -1.462150 6.870493 6.870493 
419.500000 314 2.000000 2.090553 5.328435 -2.831345 0.704625 8.513010 8.513010 
419.500000 315 2.000000 1.625510 8.525039 1.711063 -2.075601 7.235854 7.235854 
419.500000 316 2.000000 1.026219 18.910832 1.865850 0.030575 3.482331 3.482331 
419.500000 317 2.000000 3.204057 7.293053 -4.312709 0.327229 18.706538 18.706538 
419.500000 318 2.000000 3.906817 15.829158 0.758605 -2.979172 9.450949 9.450949 
419.500000 319 2.000000 0.123427 14.411165 0.352647 -0.639003 0.532685 0.532685 
419.500000 320 2.000000 2.614546 9.598441 -0.709839 -2.311457 5.846706 5.846706 
419.500000 321 2.000000 1.499659 11.131291 -2.597340 -1.627286 9.394232 9.394232 
419.500000 322 2.000000 2.666050 19.961511 0.573344 -0.384884 0.476859 0.476859 
419.500000 323 2.000000 0.271521 7.656739 1.810135 1.546816 5.669227 5.669227 
419.500000 324 2.000000 3.891490 12.657599 -3.388172 -0.153498 11.503271 11.503271 
419.500000 325 2.000000 1.694529 14.998090 -1.250549 2.479023 7.709428 7.709428 
419.500000 326 2.000000 2.643445 11.626477 2.937160 0.353063 8.751560 8.751560 
419.500000 327 2.000000 1.721683 2.519663 -1.151007 0.787394 1.944808 1.944808 
419.500000 328 2.000000 1.702340 0.553314 0.607978 -0.478465 0.598566 0.598566 
419.500000 329 2.000000 0.785653 16.780306 -0.747371 3.432705 12.342024 12.342024 
419.500000 330 2.000000 2.604667 3.593175 1.335726 -0.822113 2.460035 2.460035 
419.500000 331 2.000000 3.160550 4.479065 -4.530245 0.752784 21.089800 21.089800 
419.500000 332 2.000000 1.609653 12.680549 0.353770 -0.778817 0.731709 0.731709 
419.500000 333 2.000000 1.161039 2.033993 0.540018 -0.621583 0.677985 0.677985 
419.500000 334 2.000000 0.078329 3.238886 -2.079369 -1.888543 7.890370 7.890370 
419.500000 335 2.000000 3.352308 8.502021 0.827730 -2.804385 8.549711 8.549711 
419.500000 336 2.000000 3.369273 4.539736 0.798760 2.670432 7.769228 7.769228 
419.500000 337 2.000000 0.224041 5.256598 1.493598 2.841404 10.304410 10.304410 
419.500000 338 2.000000 0.683494 18.571314 -3.788561 -0.892928 15.150513 15.150513 
419.500000 339 2.000000 3.143014 18.025634 -0.275918 1.022883 1.122420 1.122420 
419.500000 340 2.000000 1.852488 13.150826 -0.032197 -0.931860 0.869400 0.869400 
419.500000 341 2.000000 0.920349 18.506524 2.300870 -2.489126 11.489747 11.489747 
419.500000 342 2.000000 1.226024 5.868447 -2.736071 -0.148925 7.508264 7.508264 
419.500000 343 2.000000 1.669834 7.473738 1.077312 -0.102889 1.171187 1.171187 
419.500000 344 2.000000 2.789377 3.470101 -1.053697 0.836169 1.809456 1.809456 
419.500000 345 2.000000 3.619322 1.647908 -1.294220 -0.404763 1.838838 1.838838 
419.500000 346 2.000000 0.108516 0.667807 -0.362406 -2.340701 5.610218 5.610218 
419.500000 347 2.000000 2.849309 0.234250 2.202568 1.631344 7.512587 7.512587 
419.500000 348 2.000000 3.911989 0.492624 1.397139 0.169870 1.980852 1.980852 
419.500000 349 2.000000 0.568424 19.240022 1.263163 1.090086 2.783869 2.783869 
419.500000 350 2.000000 1.755541 14.331650 -3.109277 -1.362454 11.523885 11.523885 
419.500000 351 2.000000 0.326533 10.304804 -2.055549 1.493450 6.455674 6.455674 
419.500000 352 2.000000 1.925773 16.112416 -0.584981 -0.568399 0.665280 0.665280 
419.500000 353 2.000000 0.953091 2.771168 1.732891 2.409710 8.809614 8.809614 
419.500000 354 2.000000 3.524053 18.649298 1.807206 1.380775 5.172534 5.172534 
419.500000 355 2.000000 0.135997 8.694922 -0.676884 0.340255 0.573946 0.573946 
419.500000 356 2.000000 1.453534 17.076522 2.642787 -0.281977 7.063832 7.063832 
419.500000 357 2.000000 2.501987 18.381196 -1.984265 0.543913 4.233148 4.233148 
419.500000 358 2.000000 2.495789 5.240654 1.488351 1.458084 4.341199 4.341199 
419.500000 359 2.000000 1.830589 19.926431 -1.629722 -1.471356 4.820880 4.820880 
419.500000 360 2.000000 2.051194 1.115296 -3.126931 -0.843194 10.488676 10.488676 
419.500000 361 2.000000 3.258393 4.144174 0.958351 -0.987767 1.894119 1.894119 
419.500000 362 2.000000 0.000001 0.284837 1.930559 0.284836 3.808190 3.808190 
419.500000 363 2.000000 0.722491 2.290236 2.064257 1.709255 7.182709 7.182709 
419.500000 364 2.000000 3.152518 8.127220 1.616676 0.152952 2.637034 2.637034 
419.500000 365 2.000000 3.797503 1.077999 -0.473826 0.634117 0.626615 0.626615 
419.500000 366 2.000000 0.085901 10.206576 1.718002 -3.268102 13.632021 13.632021 
419.500000 367 2.000000 1.741933 17.411038 0.696773 -0.995754 1.477019 1.477019 
419.500000 368 2.000000 1.046059 19.936742 1.609320 -1.265146 4.190505 4.190505 
419.500000 369 2.000000 2.617672 7.400719 -1.114246 3.169574 11.287745 11.287745 
419.500000 370 2.000000 3.457671 0.616728 -0.392129 -2.643036 7.139405 7.139405 
419.500000 371 2.000000 3.295103 19.999999 -0.886774 -1.913876 4.449288 4.449288 
419.500000 372 2.000000 0.287031 6.079209 -0.352331 -3.977368 15.943597 15.943597 
419.500000 373 2.000000 0.572789 13.925019 -0.955424 1.149327 2.233787 2.233787 
419.500000 374 2.000000 0.594979 10.820116 2.974892 -0.418239 9.024906 9.024906 
419.500000 375 2.000000 3.736903 5.509482 0.126767 1.027199 1.071208 1.071208 
419.500000 376 2.000000 1.443448 12.534612 -1.725453 4.249021 21.031362 21.031362 
419.500000 377 2.000000 1.056471 9.218116 -0.645620 -0.985279 1.387599 1.387599 
419.500000 378 2.000000 0.033793 4.489985 -1.826980 -2.628816 10.248530 10.248530 
419.500000 379 2.000000 1.552370 16.803723 -1.422584 -0.077776 2.029794 2.029794 
419.500000 380 2.000000 1.598384 18.034070 -2.628121 1.632042 9.570584 9.570584 
419.500000 381 2.000000 0.155258 13.946728 1.552572 -2.470723 8.514952 8.514952 
419.500000 382 2.000000 3.639711 10.307940 0.983705 -1.258709 2.552024 2.552024 
419.500000 383 2.000000 1.991058 14.678270 3.620104 2.484406 19.277424 19.277424 
419.500000 384 2.000000 2.976817 17.758624 1.144929 0.839362 2.015391 2.015391 
419.500000 385 2.000000 2.081517 15.559803 -0.565053 1.637518 3.000749 3.000749 
419.500000 386 2.000000 1.059823 14.508812 1.413096 -2.153407 6.634001 6.634001 
419.500000 387 2.000000 1.802767 1.099632 1.856694 0.440035 3.640945 3.640945 
419.500000 388 2.000000 0.289464 11.227322 -1.487821 0.703742 2.708865 2.708865 
419.500000 389 2.000000 3.145523 16.686664 0.904036 2.224068 5.763759 5.763759 
419.500000 390 2.000000 2.794275 7.172520 -2.337499 0.116238 5.477412 5.477412 
419.500000 391 2.000000 2.552426 12.909039 3.403233 1.857416 15.031988 15.031988 
419.500000 392 2.000000 1.978133 16.522339 -1.473080 0.607654 2.539208 2.539208 
419.500000 393 2.000000 1.211304 11.665571 -1.665254 1.388140 4.700006 4.700006 
419.500000 394 2.000000 0.453035 17.297639 2.265170 1.437342 7.196946 7.196946 
419.500000 395 2.000000 0.171873 9.570762 -0.807765 -0.942543 1.540871 1.540871 
419.500000 396 2.000000 3.423009 18.368719 -0.401423 0.794686 0.792666 0.792666 
419.500000 397 2.000000 2.954784 4.611823 2.954783 -1.256178 10.308724 10.308724 
419.500000 398 2.000000 1.630666 5.449575 -1.387074 -0.334858 2.036104 2.036104 
419.500000 399 2.000000 0.287971 1.084354 -0.677037 0.118295 0.472373 0.472373 
419.500000 400 2.000000 2.349381 15.132801 1.023473 0.296790 1.135581 1.135581 
419.500000 401 2.000000 2.715573 10.484220 0.687487 1.172899 1.848329 1.848329 
419.500000 402 2.000000 2.235286 9.449174 1.241825 1.968578 5.417427 5.417427 
419.500000 403 2.000000 1.817004 18.200357 1.453603 1.019989 3.153340 3.153340 
419.500000 404 2.000000 0.404473 19.849082 2.022362 -1.006110 5.102207 5.102207 
419.500000 405 2.000000 0.789125 10.528492 -0.740985 -1.178181 1.937171 1.937171 
419.500000 406 2.000000 3.966870 13.806275 -0.959292 2.019854 5.000053 5.000053 
419.500000 407 2.000000 2.903087 15.773117 -3.891038 -1.625015 17.780854 17.780854 
419.500000 408 2.000000 2.634723 13.116404 -0.167336 -2.294532 5.292876 5.292876 
419.500000 409 2.000000 3.464762 17.624502 -1.118431 0.860040 1.990558 1.990558 
419.500000 410 2.000000 3.034056 18.898424 1.957455 1.446414 5.923742 5.923742 
419.500000 411 2.000000 2.469652 15.895403 0.184302 0.304336 0.126588 0.126588 
419.500000 412 2.000000 3.849228 1.954047 1.350606 0.888203 2.613040 2.613040 
419.500000 413 2.000000 0.683076 17.904262 0.853844 -0.568024 1.051701 1.051701 
419.500000 414 2.000000 2.572549 16.649068 -0.148721 -4.066240 16.556426 16.556426 
419.500000 415 2.000000 0.047708 13.036155 0.954138 1.508376 3.185578 3.185578 
419.500000 416 2.000000 2.503570 6.148205 3.576526 -0.368062 12.927011 12.927011 
419.500000 417 2.000000 3.098224 9.883792 0.371362 -3.443933 11.998581 11.998581 
419.500000 418 2.000000 1.468967 4.394889 -2.628032 -1.345268 8.716298 8.716298 
419.500000 419 2.000000 3.039665 19.873753 1.030395 -2.524928 7.436975 7.436975 
419.500000 420 2.000000 1.671515 19.039732 -0.195820 0.216469 0.085204 0.085204 
419.500000 421 2.000000 1.579756 12.832097 1.006013 -0.008111 1.012128 1.012128 
419.500000 422 2.000000 2.784234 1.935279 -1.252062 4.300618 20.062978 20.062978 
419.500000 423 2.000000 3.387824 13.789787 2.419874 -3.105106 15.497472 15.497472 
419.500000 424 2.000000 3.725148 6.747390 -2.263671 -0.473392 5.348307 5.348307 
419.500000 425 2.000000 2.365596 8.000721 1.278700 -2.167108 6.331432 6.331432 
419.500000 426 2.000000 1.766268 17.891607 -1.348132 -2.635490 8.763268 8.763268 
419.500000 427 2.000000 1.709937 3.657140 -1.274348 -1.007570 2.639162 2.639162 
419.500000 428 2.000000 0.000001 4.968069 3.774972 -0.592095 14.600988 14.600988 
419.500000 429 2.000000 2.527115 6.117127 0.971967 0.004137 0.944737 0.944737 
419.500000 430 2.000000 0.635082 1.520121 1.411291 1.520120 4.302507 4.302507 
419.500000 431 2.000000 0.123098 19.460492 -1.495741 0.219569 2.285452 2.285452 
419.500000 432 2.000000 0.776154 16.998122 -3.900170 0.356428 15.338368 15.338368 
419.500000 433 2.000000 2.498430 19.999999 0.657481 -1.050376 1.535571 1.535571 
419.500000 434 2.000000 1.850457 2.607825 0.146052 1.212941 1.492558 1.492558 
419.500000 435 2.000000 3.799712 16.958257 1.433853 -0.107285 2.067445 2.067445 
419.500000 436 2.000000 1.578901 17.349171 0.574145 0.537463 0.618509 0.618509 
419.500000 437 2.000000 2.218451 6.975751 -0.281781 -0.755249 0.649802 0.649802 
419.500000 438 2.000000 1.018444 9.653895 2.546108 0.591050 6.832004 6.832004 
419.500000 439 2.000000 1.867495 4.755764 1.037497 1.981568 5.003011 5.003011 
419.500000 440 2.000000 1.916720 8.054544 -1.466186 1.032634 3.216034 3.216034 
419.500000 441 2.000000 4.058999 12.993199 -2.771442 -1.197744 9.115482 9.115482 
419.500000 442 2.000000 0.460370 11.916174 1.150923 -1.564529 3.772376 3.772376 
419.500000 443 2.000000 1.995581 12.793002 -0.349996 2.655991 7.176786 7.176786 
419.500000 444 2.000000 3.296240 19.923736 0.141895 0.845498 0.735000 0.735000 
419.500000 445 2.000000 1.638640 16.600079 0.007394 -2.266613 5.137590 5.137590 
419.500000 446 2.000000 1.394554 12.330712 -1.652815 0.851471 3.456800 3.456800 
419.500000 447 2.000000 3.317253 6.588667 -1.097637 0.122754 1.219875 1.219875 
419.500000 448 2.000000 1.447070 19.579817 0.723534 -0.840363 1.229712 1.229712 
419.500000 449 2.000000 2.594550 19.599469 -2.475031 0.608626 6.496205 6.496205 
419.500000 450 2.000000 0.145699 14.506284 2.913951 3.022142 17.624455 17.624455 
419.500000 451 2.000000 0.173349 9.418277 0.385218 0.872955 0.910444 0.910444 
419.500000 452 2.000000 3.903255 15.276145 2.001669 1.028743 5.064990 5.064990 
419.500000 453 2.000000 0.201558 0.820960 -2.032458 -0.019683 4.131271 4.131271 
419.500000 454 2.000000 1.626949 3.087034 0.879431 -0.660796 1.210050 1.210050 
419.500000 455 2.000000 4.033723 7.859952 0.769398 2.534927 7.017828 7.017828 
419.500000 456 2.000000 3.629151 15.809923 -0.087408 0.990575 0.988879 0.988879 
419.500000 457 2.000000 3.324790 11.125525 2.557530 -1.437183 8.606454 8.606454 
419.500000 458 2.000000 3.518999 9.414669 1.716584 0.618990 3.329811 3.329811 
419.500000 459 2.000000 1.477325 0.171959 0.476556 1.719583 3.184072 3.184072 
419.500000 460 2.000000 0.071257 0.075293 -1.437208 -2.444749 8.042364 8.042364 
419.500000 461 2.000000 0.273461 1.530402 -0.321561 0.186634 0.138234 0.138234 
419.500000 462 2.000000 1.068236 13.998665 0.628374 -1.621982 3.025680 3.025680 
419.500000 463 2.000000 1.875225 17.952839 -1.936934 1.904838 7.380120 7.380120 
419.500000 464 2.000000 0.162157 9.129167 3.243112 -1.439845 12.590933 12.590933 
419.500000 465 2.000000 0.198236 14.064320 1.982351 1.067808 5.069930 5.069930 
419.500000 466 2.000000 1.861303 13.174449 1.417533 -0.019397 2.009775 2.009775 
419.500000 467 2.000000 2.306676 10.029913 -1.706879 1.255435 4.489553 4.489553 
419.500000 468 2.000000 0.920144 18.612917 -0.665771 2.139416 5.020350 5.020350 
419.500000 469 2.000000 1.377917 13.644577 -0.380633 -1.818701 3.452556 3.452556 
419.500000 470 2.000000 0.124831 2.870526 -0.912260 -0.319691 0.934420 0.934420 
419.500000 471 2.000000 2.543041 12.233857 2.034432 0.629285 4.534913 4.534913 
419.500000 472 2.000000 2.439459 15.732936 -0.847770 0.643156 1.132363 1.132363 
419.500000 473 2.000000 0.237051 1.119986 -4.534409 -0.477226 20.788611 20.788611 
419.500000 474 2.000000 1.518292 3.818384 -1.096628 1.775992 4.356740 4.356740 
419.500000 475 2.000000 1.521361 16.032334 1.217088 1.280481 3.120934 3.120934 
419.500000 476 2.000000 1.832046 5.913871 -1.638899 1.439977 4.759523 4.759523 
419.500000 477 2.000000 2.077988 16.294688 0.188708 1.969603 3.914946 3.914946 
419.500000 478 2.000000 4.058999 15.811893 -1.289780 -0.074841 1.669133 1.669133 
419.500000 479 2.000000 1.505815 1.264482 4.302324 1.404979 20.483961 20.483961 
419.500000 480 2.000000 3.652332 5.603451 -2.749111 1.751078 10.623884 10.623884 
419.500000 481 2.000000 3.481902 2.134531 -1.480742 0.508536 2.451206 2.451206 
419.500000 482 2.000000 1.084944 0.504670 1.972624 -2.266899 9.030076 9.030076 
419.500000 483 2.000000 1.816475 2.197369 0.886085 -1.045880 1.879012 1.879012 
419.500000 484 2.000000 1.552483 12.450281 -0.887666 1.320193 2.530862 2.530862 
419.500000 485 2.000000 3.267377 9.878752 0.359052 -0.016972 0.129207 0.129207 
419.500000 486 2.000000 0.877380 3.295530 2.667316 -0.374508 7.254830 7.254830 
419.500000 487 2.000000 2.128903 3.899016 -0.002192 0.245995 0.060518 0.060518 
419.500000 488 2.000000 1.858452 5.036649 -2.038497 0.709387 4.658700 4.658700 
419.500000 489 2.000000 3.955762 18.485838 2.552104 -2.163086 11.192176 11.192176 
419.500000 490 2.000000 1.976525 11.634756 0.758391 -0.001173 0.575159 0.575159 
419.500000 491 2.000000 4.058999 13.514167 -2.589907 0.546095 7.005837 7.005837 
419.500000 492 2.000000 1.379786 0.537936 0.951576 0.115288 0.918788 0.918788 
419.500000 493 2.000000 1.729199 17.761645 -1.008750 -2.633357 7.952149 7.952149 
419.500000 494 2.000000 0.778620 18.959148 -1.912503 1.595806 6.204264 6.204264 
419.500000 495 2.000000 1.337675 6.780222 -3.239558 0.498586 10.743323 10.743323 
419.500000 496 2.000000 2.676255 15.325581 0.955805 0.224135 0.963800 0.963800 
419.500000 497 2.000000 1.744480 15.606316 0.158444 0.195380 0.063278 0.063278 
419.500000 498 2.000000 1.875795 17.755681 -3.156864 0.882211 10.744084 10.744084 
419.500000 499 2.000000 2.480059 5.817890 -0.891481 0.307682 0.889406 0.889406 
419.500000 500 2.000000 1.505190 1.041676 -4.294349 -1.079052 19.605783 19.605783 
