981.000000 1 2.000000 0.658566 9.423026 -0.101600 4.514064 20.387096 20.387096 
981.000000 2 2.000000 0.000001 4.203251 3.522769 -0.394602 12.565613 12.565613 
981.000000 3 2.000000 0.452378 7.148087 1.005283 -0.600238 1.370880 1.370880 
981.000000 4 2.000000 0.146045 1.386124 1.460441 -0.619266 2.516379 2.516379 
981.000000 5 2.000000 0.000001 6.698290 4.181709 2.735805 24.971320 24.971320 
981.000000 6 2.000000 0.985676 14.440195 0.699172 -1.058053 1.608318 1.608318 
981.000000 7 2.000000 0.381683 19.530040 3.816820 4.763424 37.258321 37.258321 
981.000000 8 2.000000 0.000001 6.722647 6.047746 1.755997 39.658758 39.658758 
981.000000 9 2.000000 0.000001 4.099454 3.450794 0.184344 11.941963 11.941963 
981.000000 10 2.000000 0.385798 16.061853 -1.535501 3.821379 16.960703 16.960703 
981.000000 11 2.000000 0.294929 11.420277 0.655396 2.359989 5.999093 5.999093 
981.000000 12 2.000000 0.046264 11.976347 -9.537355 -4.581422 111.950566 111.950566 
981.000000 13 2.000000 0.918659 1.721586 -0.813401 1.329928 2.430329 2.430329 
981.000000 14 2.000000 0.556871 0.508933 0.155525 -0.132447 0.041730 0.041730 
981.000000 15 2.000000 0.326234 6.597003 6.524667 3.665001 56.003508 56.003508 
981.000000 16 2.000000 0.690702 13.534493 2.302338 -3.918488 20.655312 20.655312 
981.000000 17 2.000000 0.746901 19.615379 2.987601 2.210422 13.811727 13.811727 
981.000000 18 2.000000 0.891456 8.530592 -0.434172 0.811055 0.846315 0.846315 
981.000000 19 2.000000 0.864718 11.518512 8.647174 -4.349480 93.691602 93.691602 
981.000000 20 2.000000 0.725848 18.348153 1.319721 -0.743100 2.293861 2.293861 
981.000000 21 2.000000 0.242192 16.658270 -3.031226 -1.266017 10.791129 10.791129 
981.000000 22 2.000000 0.503124 2.468807 10.062463 -2.662487 108.341996 108.341996 
981.000000 23 2.000000 0.676581 6.544989 -1.617092 -3.717452 16.434439 16.434439 
981.000000 24 2.000000 0.291626 10.470084 -3.541867 -2.441570 18.506085 18.506085 
981.000000 25 2.000000 0.999999 9.027775 -9.085132 -2.271627 87.699909 87.699909 
981.000000 26 2.000000 0.000001 5.791064 3.477333 -3.838933 26.829247 26.829247 
981.000000 27 2.000000 0.712189 0.388961 -0.959368 -3.269113 11.607488 11.607488 
981.000000 28 2.000000 0.804325 14.677634 1.462408 -8.188254 69.186138 69.186138 
981.000000 29 2.000000 0.311694 14.953070 -6.883046 -2.296377 52.649666 52.649666 
981.000000 30 2.000000 0.317808 2.748256 0.635613 -7.841702 61.896287 61.896287 
981.000000 31 2.000000 0.340705 10.350441 -1.103887 -0.593350 1.570631 1.570631 
981.000000 32 2.000000 0.240315 13.491668 1.602094 -0.483056 2.800050 2.800050 
981.000000 33 2.000000 0.160129 19.351784 -2.799568 -3.241075 18.342147 18.342147 
981.000000 34 2.000000 0.460805 1.885930 -2.695971 -2.326038 12.678709 12.678709 
981.000000 35 2.000000 0.528020 3.436830 -2.359897 -0.935765 6.444771 6.444771 
981.000000 36 2.000000 0.999999 15.819126 -7.207726 4.773400 74.736658 74.736658 
981.000000 37 2.000000 0.342944 19.683896 -4.380365 2.643638 26.176419 26.176419 
981.000000 38 2.000000 0.584222 5.150303 2.921106 -0.982778 9.498714 9.498714 
981.000000 39 2.000000 0.805424 5.305348 2.333359 -1.660057 8.200354 8.200354 
981.000000 40 2.000000 0.500977 17.000568 0.910866 0.475339 1.055624 1.055624 
981.000000 41 2.000000 0.186372 8.660914 3.727420 0.480257 14.124306 14.124306 
981.000000 42 2.000000 0.772485 13.384797 -2.275142 3.216168 15.520007 15.520007 
981.000000 43 2.000000 0.881289 10.542203 3.525154 -5.731997 45.282505 45.282505 
981.000000 44 2.000000 0.626126 16.913402 -3.738729 3.181716 24.101412 24.101412 
981.000000 45 2.000000 0.147842 2.900855 -5.387847 -0.709503 29.532296 29.532296 
981.000000 46 2.000000 0.341887 1.391608 6.837718 -0.459219 46.965270 46.965270 
981.000000 47 2.000000 0.652156 19.045201 -0.772984 8.280522 69.164543 69.164543 
981.000000 48 2.000000 0.632287 16.412801 2.107621 -3.261089 15.076769 15.076769 
981.000000 49 2.000000 0.463731 12.127690 0.488137 -1.915197 3.906256 3.906256 
981.000000 50 2.000000 0.006372 18.967517 -3.974508 4.847491 39.294880 39.294880 
981.000000 51 2.000000 0.757821 14.370013 5.052134 -1.470999 27.687898 27.687898 
981.000000 52 2.000000 0.999999 14.798587 -5.089028 1.725434 28.875327 28.875327 
981.000000 53 2.000000 0.000001 16.834719 6.422009 -2.042116 45.412434 45.412434 
981.000000 54 2.000000 0.000001 12.896735 5.258861 -0.233045 27.709926 27.709926 
981.000000 55 2.000000 0.885055 3.478008 2.536171 -2.585583 13.117405 13.117405 
981.000000 56 2.000000 0.545656 1.972478 1.559014 -4.774611 25.227436 25.227436 
981.000000 57 2.000000 0.598923 15.891311 2.994612 4.796352 31.972694 31.972694 
981.000000 58 2.000000 0.394513 13.119429 -2.421945 -1.350955 7.690896 7.690896 
981.000000 59 2.000000 0.330002 14.011877 6.600014 -6.380616 84.272446 84.272446 
981.000000 60 2.000000 0.951683 6.038756 -0.966329 -4.898682 24.930876 24.930876 
981.000000 61 2.000000 0.543616 5.518240 5.436148 -2.183933 34.321274 34.321274 
981.000000 62 2.000000 0.651823 4.350231 -6.963525 -5.820937 82.373997 82.373997 
981.000000 63 2.000000 0.422960 0.696973 0.051364 -2.702451 7.305881 7.305881 
981.000000 64 2.000000 0.999999 9.373300 -2.975593 -1.977406 12.764288 12.764288 
981.000000 65 2.000000 0.915012 14.387163 -0.566582 -1.025532 1.372731 1.372731 
981.000000 66 2.000000 0.874192 11.588401 -0.279572 3.932671 15.544060 15.544060 
981.000000 67 2.000000 0.317466 12.873489 -4.550223 1.616416 23.317329 23.317329 
981.000000 68 2.000000 0.185966 19.732752 3.719296 2.310722 19.172601 19.172601 
981.000000 69 2.000000 0.275736 18.587996 5.514709 -0.373532 30.551537 30.551537 
981.000000 70 2.000000 0.375956 18.809855 1.503819 -2.016419 6.327414 6.327414 
981.000000 71 2.000000 0.794928 11.493407 5.299513 -2.430455 33.991948 33.991948 
981.000000 72 2.000000 0.127646 10.965940 2.552892 2.190241 11.314415 11.314415 
981.000000 73 2.000000 0.142281 9.514216 2.845607 7.611372 66.030456 66.030456 
981.000000 74 2.000000 0.068387 10.487862 1.367713 3.052835 11.190441 11.190441 
981.000000 75 2.000000 0.702355 15.190464 1.170591 -7.399285 56.119699 56.119699 
981.000000 76 2.000000 0.571577 10.596046 0.544358 2.575503 6.929543 6.929543 
981.000000 77 2.000000 0.525437 2.340779 5.254357 3.343968 38.790390 38.790390 
981.000000 78 2.000000 0.720535 2.361252 2.401782 0.268751 5.840782 5.840782 
981.000000 79 2.000000 0.717483 8.925962 -5.650316 4.485823 52.048676 52.048676 
981.000000 80 2.000000 0.000001 10.440871 2.048978 1.294173 5.873195 5.873195 
981.000000 81 2.000000 0.999999 14.279079 -3.809367 4.126950 31.542992 31.542992 
981.000000 82 2.000000 0.726560 5.863843 4.843728 -1.870327 26.959826 26.959826 
981.000000 83 2.000000 0.374990 3.019746 -6.250088 -5.439636 68.653242 68.653242 
981.000000 84 2.000000 0.134945 14.174849 -5.767027 -1.014652 34.288120 34.288120 
981.000000 85 2.000000 0.061590 3.131925 -6.256060 -0.768037 39.728167 39.728167 
981.000000 86 2.000000 0.440820 2.893554 -1.242619 -1.042151 2.630181 2.630181 
981.000000 87 2.000000 0.283341 17.506894 -4.777718 7.294539 76.036886 76.036886 
981.000000 88 2.000000 0.000001 13.201814 6.242239 0.527414 39.243720 39.243720 
981.000000 89 2.000000 0.073975 8.831305 -3.704097 -1.305425 15.424473 15.424473 
981.000000 90 2.000000 0.000001 5.560136 3.063553 3.123686 19.142772 19.142772 
981.000000 91 2.000000 0.046643 1.743484 -6.355704 8.717413 116.388267 116.388267 
981.000000 92 2.000000 0.406965 10.498234 0.339552 -1.924286 3.818170 3.818170 
981.000000 93 2.000000 0.000001 17.047438 3.576091 1.552001 15.197132 15.197132 
981.000000 94 2.000000 0.497825 4.591120 -0.913043 -1.967162 4.703376 4.703376 
981.000000 95 2.000000 0.448321 4.896260 -0.078891 2.170487 4.717236 4.717236 
981.000000 96 2.000000 0.554661 16.596315 -1.272395 3.463929 13.617793 13.617793 
981.000000 97 2.000000 0.241991 19.944559 -0.658111 4.819391 23.659643 23.659643 
981.000000 98 2.000000 0.169269 19.535047 -4.153648 0.959157 18.172770 18.172770 
981.000000 99 2.000000 0.930871 17.379769 0.387863 2.106710 4.588662 4.588662 
981.000000 100 2.000000 0.999999 17.233579 -7.520564 1.852466 59.990519 59.990519 
981.000000 101 2.000000 0.105538 9.011304 -0.813147 -5.635228 32.417001 32.417001 
981.000000 102 2.000000 0.415891 15.011972 4.158903 1.611173 19.892356 19.892356 
981.000000 103 2.000000 0.000001 14.823919 2.147977 2.120259 9.109303 9.109303 
981.000000 104 2.000000 0.417518 11.646686 -0.158235 -2.380643 5.692501 5.692501 
981.000000 105 2.000000 0.331049 14.415780 -2.675801 -0.607091 7.528468 7.528468 
981.000000 106 2.000000 0.100365 0.632428 -1.999187 -1.166402 5.357245 5.357245 
981.000000 107 2.000000 0.762379 11.351527 0.454082 -1.475003 2.381825 2.381825 
981.000000 108 2.000000 0.999999 18.320053 -4.084770 3.517967 29.061440 29.061440 
981.000000 109 2.000000 0.658124 16.305254 2.193742 0.160262 4.838189 4.838189 
981.000000 110 2.000000 0.061244 15.216624 1.224868 0.387075 1.650130 1.650130 
981.000000 111 2.000000 0.110190 4.160197 -2.966029 5.943137 44.118206 44.118206 
981.000000 112 2.000000 0.754230 12.864689 -2.457688 -2.132750 10.588854 10.588854 
981.000000 113 2.000000 0.606147 10.613046 -1.312841 -2.543487 8.192878 8.192878 
981.000000 114 2.000000 0.297437 1.824841 -1.561248 4.055201 18.882150 18.882150 
981.000000 115 2.000000 0.706430 19.145026 -0.838770 -1.068716 1.845688 1.845688 
981.000000 116 2.000000 0.996707 3.870966 1.172595 -2.239396 6.389875 6.389875 
981.000000 117 2.000000 0.000001 10.184608 2.364513 1.109112 6.821053 6.821053 
981.000000 118 2.000000 0.549020 15.866297 -1.211443 5.091136 27.387258 27.387258 
981.000000 119 2.000000 0.000001 0.155811 3.744019 0.010154 14.017780 14.017780 
981.000000 120 2.000000 0.799768 3.528634 -4.004630 -3.139018 25.890493 25.890493 
981.000000 121 2.000000 0.410103 13.967018 2.050512 -4.626097 25.605372 25.605372 
981.000000 122 2.000000 0.118515 17.338690 2.370277 -2.957010 14.362121 14.362121 
981.000000 123 2.000000 0.908963 6.235876 -0.606910 -2.388637 6.073925 6.073925 
981.000000 124 2.000000 0.639405 13.169025 -1.201982 -5.728114 34.256047 34.256047 
981.000000 125 2.000000 0.415189 3.537197 -5.848095 -1.671630 36.994565 36.994565 
981.000000 126 2.000000 0.000001 1.421407 8.181411 -8.731618 143.176654 143.176654 
981.000000 127 2.000000 0.652226 14.267151 0.930874 -1.780709 4.037449 4.037449 
981.000000 128 2.000000 0.638059 7.975543 -2.412933 4.411807 25.286284 25.286284 
981.000000 129 2.000000 0.002603 9.126941 -0.767228 0.096742 0.597997 0.597997 
981.000000 130 2.000000 0.999999 10.076106 -2.628758 5.303213 35.034435 35.034435 
981.000000 131 2.000000 0.214468 11.617099 -1.309218 0.975407 2.665470 2.665470 
981.000000 132 2.000000 0.486603 13.706311 -0.610888 2.251441 5.442172 5.442172 
981.000000 133 2.000000 0.261867 6.382137 -0.242407 -3.665842 13.497161 13.497161 
981.000000 134 2.000000 0.292346 6.913731 0.237676 -6.543203 42.870000 42.870000 
981.000000 135 2.000000 0.046070 10.956180 -0.829503 2.897433 9.083192 9.083192 
981.000000 136 2.000000 0.828481 7.268639 -0.857592 3.239182 11.227763 11.227763 
981.000000 137 2.000000 0.690345 13.869902 -1.548272 1.495418 4.633423 4.633423 
981.000000 138 2.000000 0.813978 19.828321 3.255907 2.136273 15.164594 15.164594 
981.000000 139 2.000000 0.622140 2.352842 -1.889294 -0.089433 3.577431 3.577431 
981.000000 140 2.000000 0.031510 3.062569 0.630179 3.544076 12.957599 12.957599 
981.000000 141 2.000000 0.000001 5.447964 3.790510 -0.718938 14.884835 14.884835 
981.000000 142 2.000000 0.693154 8.465346 -3.068446 -0.613998 9.792353 9.792353 
981.000000 143 2.000000 0.433310 16.857008 -5.666893 4.712322 54.319650 54.319650 
981.000000 144 2.000000 0.488581 5.245021 -1.357832 0.859222 2.581970 2.581970 
981.000000 145 2.000000 0.000001 5.397286 9.594537 -5.950997 127.469510 127.469510 
981.000000 146 2.000000 0.000001 4.186718 5.548713 -6.183164 69.019726 69.019726 
981.000000 147 2.000000 0.509494 5.771125 5.094926 3.119526 35.689718 35.689718 
981.000000 148 2.000000 0.758312 18.478148 -4.833747 3.524637 35.788179 35.788179 
981.000000 149 2.000000 0.725613 6.834491 -0.422132 5.341798 28.712999 28.712999 
981.000000 150 2.000000 0.501013 11.521441 2.018657 4.217129 21.859152 21.859152 
981.000000 151 2.000000 0.690346 18.502383 0.986208 3.456512 12.920083 12.920083 
981.000000 152 2.000000 0.927740 14.931696 6.184927 1.551514 40.660515 40.660515 
981.000000 153 2.000000 0.146214 17.627077 -5.691901 -1.483076 34.597248 34.597248 
981.000000 154 2.000000 0.930899 4.782169 9.308977 2.277223 91.842797 91.842797 
981.000000 155 2.000000 0.653624 2.939977 -2.346113 -1.143808 6.812543 6.812543 
981.000000 156 2.000000 0.825252 9.085177 0.868685 -2.073010 5.051982 5.051982 
981.000000 157 2.000000 0.956926 13.212721 -0.430727 -7.396194 54.889204 54.889204 
981.000000 158 2.000000 0.416895 15.770418 -1.943679 5.898982 38.575871 38.575871 
981.000000 159 2.000000 0.000001 9.407624 8.548760 2.936449 81.704036 81.704036 
981.000000 160 2.000000 0.499082 7.917042 -3.339448 4.817517 34.360383 34.360383 
981.000000 161 2.000000 0.278774 10.961654 -1.442451 0.431746 2.267068 2.267068 
981.000000 162 2.000000 0.892099 10.597539 -2.158009 3.195769 14.869945 14.869945 
981.000000 163 2.000000 0.127944 12.044529 -4.360273 -4.972169 43.734442 43.734442 
981.000000 164 2.000000 0.068634 16.424616 -4.656824 -0.242826 21.744978 21.744978 
981.000000 165 2.000000 0.541362 13.520972 2.165445 -0.309648 4.785032 4.785032 
981.000000 166 2.000000 0.000001 18.112568 1.442185 6.013895 38.246826 38.246826 
981.000000 167 2.000000 0.384333 15.011877 -4.104442 2.202329 21.696695 21.696695 
981.000000 168 2.000000 0.767383 2.231883 -4.652313 -1.411072 23.635143 23.635143 
981.000000 169 2.000000 0.557647 1.782336 -0.465633 -3.924728 15.620302 15.620302 
981.000000 170 2.000000 0.254340 16.432357 0.726682 -5.946070 35.883817 35.883817 
981.000000 171 2.000000 0.584351 16.974258 3.895664 -0.150491 15.198848 15.198848 
981.000000 172 2.000000 0.251510 16.601368 0.736897 1.680419 3.366826 3.366826 
981.000000 173 2.000000 0.232173 18.687067 -1.160300 2.976689 10.206971 10.206971 
981.000000 174 2.000000 0.234108 1.277541 -3.829456 8.516932 87.202856 87.202856 
981.000000 175 2.000000 0.480038 10.852365 2.045454 -3.974503 19.980559 19.980559 
981.000000 176 2.000000 0.524540 5.148265 -0.950918 -2.892374 9.270073 9.270073 
981.000000 177 2.000000 0.888204 8.429566 -0.745298 0.452423 0.760155 0.760155 
981.000000 178 2.000000 0.222332 18.519970 -1.070005 1.299053 2.832450 2.832450 
981.000000 179 2.000000 0.712590 7.654183 -1.359348 -2.714313 9.215325 9.215325 
981.000000 180 2.000000 0.089023 6.397463 -2.277440 -1.180353 6.579966 6.579966 
981.000000 181 2.000000 0.086332 12.387799 -0.642430 1.888938 3.980801 3.980801 
981.000000 182 2.000000 0.752566 7.943169 -4.948655 3.310434 35.448161 35.448161 
981.000000 183 2.000000 0.026704 17.525332 0.534054 -1.546667 2.677392 2.677392 
981.000000 184 2.000000 0.231759 6.310043 4.635152 5.138686 47.890733 47.890733 
981.000000 185 2.000000 0.386623 0.000001 1.104636 0.868043 1.973719 1.973719 
981.000000 186 2.000000 0.786480 15.374249 -2.135190 3.160988 14.550882 14.550882 
981.000000 187 2.000000 0.718428 9.161366 -1.126286 0.518008 1.536853 1.536853 
981.000000 188 2.000000 0.550251 19.394928 -0.562185 3.729794 14.227412 14.227412 
981.000000 189 2.000000 0.312533 3.975300 2.083544 1.514137 6.633768 6.633768 
981.000000 190 2.000000 0.120104 15.789853 1.201028 -3.513561 13.787576 13.787576 
981.000000 191 2.000000 0.863635 8.112538 5.757557 1.481863 35.345387 35.345387 
981.000000 192 2.000000 0.207646 2.023762 -3.961763 0.532731 15.979368 15.979368 
981.000000 193 2.000000 0.629989 4.048360 2.519952 -7.089836 56.615935 56.615935 
981.000000 194 2.000000 0.921138 19.132416 -0.788606 5.749743 33.681441 33.681441 
981.000000 195 2.000000 0.572608 10.340244 5.726074 1.861220 36.252065 36.252065 
981.000000 196 2.000000 0.622155 19.728019 -1.079554 1.879001 4.696080 4.696080 
981.000000 197 2.000000 0.274877 3.692714 -1.666319 -1.437426 4.842811 4.842811 
981.000000 198 2.000000 0.863901 9.222916 0.617072 -1.090412 1.569777 1.569777 
981.000000 199 2.000000 0.797821 19.861794 -4.043566 2.714100 23.716763 23.716763 
981.000000 200 2.000000 0.214810 7.449770 0.051761 -0.740641 0.551228 0.551228 
981.000000 201 2.000000 0.795663 11.277417 3.182650 -1.706757 13.042278 13.042278 
981.000000 202 2.000000 0.353544 14.673361 -2.585821 3.123577 16.443203 16.443203 
981.000000 203 2.000000 0.109191 11.397932 -1.795927 2.895236 11.607742 11.607742 
981.000000 204 2.000000 0.267858 2.219235 -7.321412 -0.489956 53.843129 53.843129 
981.000000 205 2.000000 0.143204 10.704065 -2.194160 1.838205 8.193336 8.193336 
981.000000 206 2.000000 0.454970 14.226209 -1.816763 1.061977 4.428425 4.428425 
981.000000 207 2.000000 0.922526 4.625808 -0.774733 2.984391 9.506805 9.506805 
981.000000 208 2.000000 0.687173 12.667065 -3.128260 4.949384 34.282411 34.282411 
981.000000 209 2.000000 0.289771 6.928257 5.099016 -1.629025 28.653689 28.653689 
981.000000 210 2.000000 0.324927 0.082001 2.166177 -3.071062 14.123746 14.123746 
981.000000 211 2.000000 0.485930 13.788113 2.429646 -0.445918 6.102021 6.102021 
981.000000 212 2.000000 0.817971 16.237772 -4.395656 5.752850 52.417073 52.417073 
981.000000 213 2.000000 0.312752 15.336637 6.255014 -4.349284 58.041469 58.041469 
981.000000 214 2.000000 0.272613 16.818020 -0.005440 -0.129916 0.016908 0.016908 
981.000000 215 2.000000 0.000001 1.233489 7.740932 -0.391194 60.075058 60.075058 
981.000000 216 2.000000 0.781680 10.885394 -0.272899 3.542977 12.627161 12.627161 
981.000000 217 2.000000 0.858761 6.610099 0.701334 1.936442 4.241678 4.241678 
981.000000 218 2.000000 0.000001 14.254916 1.487175 2.720826 9.614586 9.614586 
981.000000 219 2.000000 0.508387 1.223861 0.798007 -4.878040 24.432089 24.432089 
981.000000 220 2.000000 0.032589 17.308841 -4.453165 -3.093096 29.397925 29.397925 
981.000000 221 2.000000 0.223677 11.084083 -3.105287 2.683669 16.844888 16.844888 
981.000000 222 2.000000 0.103778 19.492547 -1.792442 -3.383015 14.657637 14.657637 
981.000000 223 2.000000 0.426814 19.999999 -1.910617 -5.428817 33.122509 33.122509 
981.000000 224 2.000000 0.862670 1.542465 0.761770 6.492118 42.727887 42.727887 
981.000000 225 2.000000 0.583147 3.689787 -0.226113 1.081963 1.221772 1.221772 
981.000000 226 2.000000 0.882542 14.876114 -0.252973 3.465347 12.072624 12.072624 
981.000000 227 2.000000 0.372434 9.158822 1.064094 6.316428 41.029566 41.029566 
981.000000 228 2.000000 0.327950 7.300204 -1.920141 8.121537 69.646307 69.646307 
981.000000 229 2.000000 0.000001 19.987981 5.005105 4.566682 45.905657 45.905657 
981.000000 230 2.000000 0.828163 16.244062 -0.963274 1.880216 4.463109 4.463109 
981.000000 231 2.000000 0.645882 12.880394 -2.360779 -2.128013 10.101715 10.101715 
981.000000 232 2.000000 0.908170 2.716851 2.270423 3.246112 15.692060 15.692060 
981.000000 233 2.000000 0.799246 12.720034 -4.015050 2.158419 20.779399 20.779399 
981.000000 234 2.000000 0.624280 3.488109 3.121394 0.609468 10.114552 10.114552 
981.000000 235 2.000000 0.191078 12.849859 3.821533 -0.238768 14.661128 14.661128 
981.000000 236 2.000000 0.999999 16.905579 -3.572169 4.895915 36.730374 36.730374 
981.000000 237 2.000000 0.656456 13.908221 0.937793 0.847038 1.596929 1.596929 
981.000000 238 2.000000 0.585079 9.386678 -4.149196 -2.317512 22.586686 22.586686 
981.000000 239 2.000000 0.994245 18.841495 0.346563 3.240044 10.617994 10.617994 
981.000000 240 2.000000 0.999999 6.456511 -2.246444 -2.003072 9.058805 9.058805 
981.000000 241 2.000000 0.371778 14.743659 3.717772 -2.718559 21.212388 21.212388 
981.000000 242 2.000000 0.790229 9.733752 -0.209770 -0.409877 0.212003 0.212003 
981.000000 243 2.000000 0.999999 2.963015 -1.358604 -0.859680 2.584853 2.584853 
981.000000 244 2.000000 0.199624 16.080509 3.992453 5.295643 43.983516 43.983516 
981.000000 245 2.000000 0.393387 12.192092 -2.022040 0.986406 5.061641 5.061641 
981.000000 246 2.000000 0.712719 17.016467 -2.872800 4.271067 26.494993 26.494993 
981.000000 247 2.000000 0.787351 14.328693 0.209960 -3.336062 11.173396 11.173396 
981.000000 248 2.000000 0.810101 11.764996 -1.898976 -6.168138 41.652038 41.652038 
981.000000 249 2.000000 0.723474 16.702125 -1.843501 5.094097 29.348325 29.348325 
981.000000 250 2.000000 0.308903 14.591664 -3.455478 -0.510934 12.201384 12.201384 
981.000000 251 2.000000 0.204264 2.941965 -3.182939 -4.226745 27.996471 27.996471 
981.000000 252 2.000000 0.760000 16.728650 0.759999 0.299555 0.667332 0.667332 
981.000000 253 2.000000 0.999999 11.506913 -6.098429 1.089277 38.377363 38.377363 
981.000000 254 2.000000 0.621761 17.982633 1.130473 -0.792128 1.905435 1.905435 
981.000000 255 2.000000 0.860414 13.262157 -2.791707 0.450545 7.996617 7.996617 
981.000000 256 2.000000 0.364765 10.365332 -3.245230 -0.461214 10.744234 10.744234 
981.000000 257 2.000000 0.387690 18.141069 -3.061544 -4.626770 30.780052 30.780052 
981.000000 258 2.000000 0.891024 10.176029 -1.089755 0.053864 1.190466 1.190466 
981.000000 259 2.000000 0.999999 15.552872 -7.597354 1.228522 59.229060 59.229060 
981.000000 260 2.000000 0.351544 4.946332 0.703086 1.866540 3.978303 3.978303 
981.000000 261 2.000000 0.999999 17.104286 -2.993222 1.633313 11.627086 11.627086 
981.000000 262 2.000000 0.463297 11.205501 4.632958 5.341867 49.999848 49.999848 
981.000000 263 2.000000 0.554978 18.776204 -1.780083 2.352207 8.701572 8.701572 
981.000000 264 2.000000 0.402556 7.583289 4.025549 -2.524037 22.575807 22.575807 
981.000000 265 2.000000 0.999999 4.940273 -2.471266 -0.286869 6.189451 6.189451 
981.000000 266 2.000000 0.885512 4.460944 0.872565 -1.850476 4.185632 4.185632 
981.000000 267 2.000000 0.947093 6.012237 6.313944 -0.429821 40.050635 40.050635 
981.000000 268 2.000000 0.347455 5.552406 3.474538 6.940506 60.243046 60.243046 
981.000000 269 2.000000 0.999999 15.090220 -6.938094 -0.949421 49.038554 49.038554 
981.000000 270 2.000000 0.000001 3.683703 6.044677 -7.588975 94.130656 94.130656 
981.000000 271 2.000000 0.632350 0.283343 -1.838246 -0.331883 3.489293 3.489293 
981.000000 272 2.000000 0.446082 17.359907 -5.539168 -4.036792 46.978070 46.978070 
981.000000 273 2.000000 0.465923 18.323602 -1.780255 2.123271 7.677584 7.677584 
981.000000 274 2.000000 0.297929 16.619640 1.741956 2.234100 8.025617 8.025617 
981.000000 275 2.000000 0.999999 5.979105 -5.857291 3.240520 44.808828 44.808828 
981.000000 276 2.000000 0.418718 18.349161 1.196334 2.295730 6.701589 6.701589 
981.000000 277 2.000000 0.368848 9.715897 -3.155755 1.632553 12.624019 12.624019 
981.000000 278 2.000000 0.646038 15.341614 -3.539611 3.933747 28.003214 28.003214 
981.000000 279 2.000000 0.735526 3.474912 3.677625 -1.538814 15.892875 15.892875 
981.000000 280 2.000000 0.213781 8.381145 -3.144874 -5.397971 39.028325 39.028325 
981.000000 281 2.000000 0.133095 10.369903 2.661872 1.906471 10.720198 10.720198 
981.000000 282 2.000000 0.412420 10.408711 4.124190 -4.795644 40.007142 40.007142 
981.000000 283 2.000000 0.061459 15.196436 -2.658911 0.023612 7.070366 7.070366 
981.000000 284 2.000000 0.849532 3.255154 -0.501556 -2.292323 5.506301 5.506301 
981.000000 285 2.000000 0.648314 4.061118 5.867140 6.181031 72.628470 72.628470 
981.000000 286 2.000000 0.463726 3.116051 2.318627 3.116050 15.085799 15.085799 
981.000000 287 2.000000 0.417429 2.359106 -5.825699 0.742457 34.490010 34.490010 
981.000000 288 2.000000 0.815901 14.648957 -0.920490 5.752666 33.940465 33.940465 
981.000000 289 2.000000 0.360135 2.755458 1.200448 4.239165 19.411594 19.411594 
981.000000 290 2.000000 0.000001 0.859394 4.395630 -1.586044 21.837096 21.837096 
981.000000 291 2.000000 0.934723 12.516480 -1.305521 -3.900969 16.921947 16.921947 
981.000000 292 2.000000 0.757982 18.432155 3.789907 -2.239777 19.379996 19.379996 
981.000000 293 2.000000 0.000001 4.000107 5.541129 -0.526318 30.981123 30.981123 
981.000000 294 2.000000 0.927265 8.676373 3.090881 4.511673 29.908745 29.908745 
981.000000 295 2.000000 0.764387 4.281897 -4.712239 6.587532 65.600778 65.600778 
981.000000 296 2.000000 0.600916 18.175501 -0.514516 -0.335353 0.377189 0.377189 
981.000000 297 2.000000 0.687209 18.826447 1.374417 -2.347103 7.397915 7.397915 
981.000000 298 2.000000 0.127195 2.676828 2.543873 1.678665 9.289203 9.289203 
981.000000 299 2.000000 0.150962 14.232076 -0.606455 -1.177847 1.755111 1.755111 
981.000000 300 2.000000 0.889402 2.732152 -1.105975 -1.389723 3.154511 3.154511 
981.000000 301 2.000000 0.915673 14.859699 -1.686527 8.032269 67.361723 67.361723 
981.000000 302 2.000000 0.612956 15.427121 -1.935214 -0.318980 3.846802 3.846802 
981.000000 303 2.000000 0.922958 3.932170 2.788936 1.975252 11.679788 11.679788 
981.000000 304 2.000000 0.679373 16.834210 6.683836 2.652652 51.710230 51.710230 
981.000000 305 2.000000 0.822976 2.046426 -1.180152 1.422512 3.416299 3.416299 
981.000000 306 2.000000 0.222896 3.021058 2.228952 5.035094 30.320403 30.320403 
981.000000 307 2.000000 0.343634 0.264349 -4.375769 -0.743358 19.699937 19.699937 
981.000000 308 2.000000 0.376868 7.551865 -4.154207 -2.151857 21.887925 21.887925 
981.000000 309 2.000000 0.242033 6.041525 4.840632 1.686711 26.276712 26.276712 
981.000000 310 2.000000 0.646463 8.914794 3.232312 10.509669 120.900976 120.900976 
981.000000 311 2.000000 0.742156 18.324803 -0.644607 4.047129 16.794768 16.794768 
981.000000 312 2.000000 0.481416 1.874150 0.534906 1.171343 1.658168 1.658168 
981.000000 313 2.000000 0.240391 4.774228 4.807805 -5.819782 56.984847 56.984847 
981.000000 314 2.000000 0.704992 0.064015 -0.053423 -0.847135 0.720492 0.720492 
981.000000 315 2.000000 0.118011 3.762339 2.360191 8.360751 75.472660 75.472660 
981.000000 316 2.000000 0.462499 18.531454 0.101604 -0.946896 0.906935 0.906935 
981.000000 317 2.000000 0.000001 11.060765 0.782195 1.765551 3.729000 3.729000 
981.000000 318 2.000000 0.057971 4.854747 -1.712777 6.472995 44.833269 44.833269 
981.000000 319 2.000000 0.212809 3.263324 0.145997 2.699386 7.308002 7.308002 
981.000000 320 2.000000 0.219935 18.810429 4.398680 -0.881163 20.124834 20.124834 
981.000000 321 2.000000 0.787707 10.085758 -2.122925 3.891819 19.653068 19.653068 
981.000000 322 2.000000 0.999999 4.638793 -5.571721 -4.387795 50.296816 50.296816 
981.000000 323 2.000000 0.361168 2.312020 2.407781 -0.916662 6.637677 6.637677 
981.000000 324 2.000000 0.928927 17.678172 -1.421447 0.757924 2.594961 2.594961 
981.000000 325 2.000000 0.564601 9.032449 -4.353981 -4.223786 36.797522 36.797522 
981.000000 326 2.000000 0.073187 13.093173 -0.378291 -5.312943 28.370465 28.370465 
981.000000 327 2.000000 0.115728 12.938645 2.314539 3.653386 18.704317 18.704317 
981.000000 328 2.000000 0.653420 17.594137 0.622304 -0.622982 0.775368 0.775368 
981.000000 329 2.000000 0.172155 2.048312 -8.278442 2.560389 75.088192 75.088192 
981.000000 330 2.000000 0.389829 19.194235 0.974571 -1.790588 4.155993 4.155993 
981.000000 331 2.000000 0.407591 16.034829 1.018975 3.340589 12.197846 12.197846 
981.000000 332 2.000000 0.000001 11.148398 5.257011 -3.218764 37.996608 37.996608 
981.000000 333 2.000000 0.596109 6.008432 1.265544 -4.379716 20.783517 20.783517 
981.000000 334 2.000000 0.000001 5.655846 4.281201 2.691704 25.573949 25.573949 
981.000000 335 2.000000 0.885073 2.782490 3.540289 -1.963534 16.389114 16.389114 
981.000000 336 2.000000 0.280511 14.013915 5.610206 -5.963150 67.033578 67.033578 
981.000000 337 2.000000 0.999999 12.692078 -2.704401 -1.478588 9.500007 9.500007 
981.000000 338 2.000000 0.598210 16.017096 -0.573984 -0.289674 0.413369 0.413369 
981.000000 339 2.000000 0.250740 8.085235 0.274176 1.609509 2.665692 2.665692 
981.000000 340 2.000000 0.100685 16.169726 -2.248286 -2.525136 11.431102 11.431102 
981.000000 341 2.000000 0.102879 16.362851 2.057565 -0.664149 4.674670 4.674670 
981.000000 342 2.000000 0.489131 2.403134 -2.039404 -5.675301 36.368212 36.368212 
981.000000 343 2.000000 0.741281 13.509476 -1.293588 0.984044 2.641712 2.641712 
981.000000 344 2.000000 0.201529 8.812126 4.030555 3.198852 26.478027 26.478027 
981.000000 345 2.000000 0.251730 12.546752 5.034581 1.333572 27.125419 27.125419 
981.000000 346 2.000000 0.445348 18.813823 2.968979 2.801772 16.664765 16.664765 
981.000000 347 2.000000 0.613086 4.862240 2.043615 -5.822215 38.074549 38.074549 
981.000000 348 2.000000 0.327192 16.713862 -0.329630 0.010251 0.108761 0.108761 
981.000000 349 2.000000 0.534859 15.869398 -3.655643 2.520244 19.715356 19.715356 
981.000000 350 2.000000 0.472444 18.230823 0.177300 4.695228 22.076600 22.076600 
981.000000 351 2.000000 0.786838 12.174202 1.124052 2.213921 6.164941 6.164941 
981.000000 352 2.000000 0.102808 18.395146 -0.517594 4.540382 20.882970 20.882970 
981.000000 353 2.000000 0.999999 7.844161 -5.486789 1.241848 31.647036 31.647036 
981.000000 354 2.000000 0.163362 7.503590 -0.058206 -3.707123 13.746152 13.746152 
981.000000 355 2.000000 0.584711 7.558521 1.949032 2.362037 9.377946 9.377946 
981.000000 356 2.000000 0.050944 10.079583 0.113206 6.299739 39.699521 39.699521 
981.000000 357 2.000000 0.901082 0.000001 0.667468 5.320402 28.752195 28.752195 
981.000000 358 2.000000 0.294534 15.574036 5.890665 -0.055645 34.703027 34.703027 
981.000000 359 2.000000 0.611854 3.671754 2.447411 5.245361 33.503638 33.503638 
981.000000 360 2.000000 0.592055 15.985692 3.947025 4.659174 37.286909 37.286909 
981.000000 361 2.000000 0.243054 14.230098 -2.523151 -0.573002 6.694624 6.694624 
981.000000 362 2.000000 0.910781 16.664352 -0.178436 -0.453829 0.237801 0.237801 
981.000000 363 2.000000 0.528940 14.191310 5.289388 1.673244 30.777373 30.777373 
981.000000 364 2.000000 0.342256 0.481104 0.360268 -3.218331 10.487448 10.487448 
981.000000 365 2.000000 0.841168 12.321483 -0.794155 -0.484727 0.865642 0.865642 
981.000000 366 2.000000 0.739836 2.687802 -5.203262 0.050298 27.076461 27.076461 
981.000000 367 2.000000 0.144159 12.488442 -0.389018 -3.065941 9.551332 9.551332 
981.000000 368 2.000000 0.379496 10.377760 1.601772 3.338719 13.712718 13.712718 
981.000000 369 2.000000 0.762634 8.185026 -0.825002 2.505213 6.956723 6.956723 
981.000000 370 2.000000 0.053689 5.661247 -3.785241 -2.342261 19.814233 19.814233 
981.000000 371 2.000000 0.419049 3.641901 0.492998 2.913520 8.731647 8.731647 
981.000000 372 2.000000 0.533276 5.040022 1.333188 1.324244 3.531014 3.531014 
981.000000 373 2.000000 0.999999 18.181294 -3.853718 1.582062 17.354064 17.354064 
981.000000 374 2.000000 0.220339 13.264368 -3.898298 1.526603 17.527241 17.527241 
981.000000 375 2.000000 0.598686 18.161589 0.480048 4.633421 21.699039 21.699039 
981.000000 376 2.000000 0.230134 8.168925 -1.184408 -2.047044 5.593213 5.593213 
981.000000 377 2.000000 0.140344 9.637837 -5.731033 -5.610323 64.320453 64.320453 
981.000000 378 2.000000 0.000001 6.918507 2.955408 0.550813 9.037831 9.037831 
981.000000 379 2.000000 0.818216 19.546129 -1.817825 2.737923 10.800711 10.800711 
981.000000 380 2.000000 0.000001 13.180092 4.938129 -7.182673 75.975912 75.975912 
981.000000 381 2.000000 0.175396 5.840100 3.507908 3.767806 26.501781 26.501781 
981.000000 382 2.000000 0.000001 9.678112 5.187393 8.642064 101.594315 101.594315 
981.000000 383 2.000000 0.642186 10.308472 1.427078 8.246777 70.045882 70.045882 
981.000000 384 2.000000 0.042582 5.769992 -2.127593 -3.033525 13.728929 13.728929 
981.000000 385 2.000000 0.328626 17.015883 6.572493 2.815161 51.122794 51.122794 
981.000000 386 2.000000 0.935560 16.462426 0.328881 0.255407 0.173396 0.173396 
981.000000 387 2.000000 0.203313 15.356211 -1.225671 -1.440338 3.576844 3.576844 
981.000000 388 2.000000 0.716253 17.488657 -1.134982 -1.675263 4.094691 4.094691 
981.000000 389 2.000000 0.000001 6.702723 3.114757 -2.457419 15.740618 15.740618 
981.000000 390 2.000000 0.863879 12.299954 1.016328 4.386253 20.272140 20.272140 
981.000000 391 2.000000 0.282164 16.723707 -0.253657 0.071453 0.069447 0.069447 
981.000000 392 2.000000 0.294636 11.530348 1.964233 2.319769 9.239540 9.239540 
981.000000 393 2.000000 0.332950 19.331591 -3.335243 6.898495 58.713076 58.713076 
981.000000 394 2.000000 0.186929 9.421289 -1.806822 -3.988106 19.169593 19.169593 
981.000000 395 2.000000 0.494945 13.070695 4.949437 -2.809943 32.392703 32.392703 
981.000000 396 2.000000 0.442901 10.066182 -2.785490 2.246184 12.804294 12.804294 
981.000000 397 2.000000 0.806637 7.301710 -0.483406 -2.839529 8.296609 8.296609 
981.000000 398 2.000000 0.622137 19.121272 -3.778622 2.061554 18.527991 18.527991 
981.000000 399 2.000000 0.350683 10.582208 -1.052990 1.601368 3.673167 3.673167 
981.000000 400 2.000000 0.164043 18.549776 -2.089889 0.863109 5.112594 5.112594 
981.000000 401 2.000000 0.395746 3.702798 -0.333336 -6.437809 41.556497 41.556497 
981.000000 402 2.000000 0.531032 11.126816 3.540208 1.363104 14.391123 14.391123 
981.000000 403 2.000000 0.000001 8.476975 5.569277 -2.405194 36.801807 36.801807 
981.000000 404 2.000000 0.939120 3.533708 1.537185 0.259812 2.430441 2.430441 
981.000000 405 2.000000 0.920723 19.320604 6.138145 2.360618 43.249339 43.249339 
981.000000 406 2.000000 0.573658 15.338514 3.824377 3.787391 28.970191 28.970191 
981.000000 407 2.000000 0.217613 5.152484 4.352238 1.160171 20.287971 20.287971 
981.000000 408 2.000000 0.543472 0.697814 1.811571 -1.479358 5.470289 5.470289 
981.000000 409 2.000000 0.599685 14.239814 2.998421 4.127482 26.026634 26.026634 
981.000000 410 2.000000 0.391071 10.820737 -1.217856 -1.892050 5.063026 5.063026 
981.000000 411 2.000000 0.993782 4.247172 6.625204 3.861064 58.801142 58.801142 
981.000000 412 2.000000 0.169469 14.938583 -4.116138 -6.299280 56.623518 56.623518 
981.000000 413 2.000000 0.471214 19.225445 -2.643925 1.472841 9.159597 9.159597 
981.000000 414 2.000000 0.433304 17.650895 -0.590741 -1.706158 3.259949 3.259949 
981.000000 415 2.000000 0.588144 5.731357 5.881429 6.368174 75.144847 75.144847 
981.000000 416 2.000000 0.172382 11.543960 -2.758724 3.746320 21.645473 21.645473 
981.000000 417 2.000000 0.717861 9.446713 2.871441 -0.514659 8.510046 8.510046 
981.000000 418 2.000000 0.999999 11.694332 -6.787053 -4.030756 62.311075 62.311075 
981.000000 419 2.000000 0.856960 19.614484 -1.430392 -1.927573 5.761561 5.761561 
981.000000 420 2.000000 0.379867 13.791561 3.798664 4.983375 39.263882 39.263882 
981.000000 421 2.000000 0.155063 4.640368 3.101243 -6.246233 48.633131 48.633131 
981.000000 422 2.000000 0.360572 4.920675 2.403809 -1.837168 9.153487 9.153487 
981.000000 423 2.000000 0.347905 11.538920 1.739518 0.175396 3.056687 3.056687 
981.000000 424 2.000000 0.219925 10.561237 0.827434 -3.686412 14.274283 14.274283 
981.000000 425 2.000000 0.000001 0.000001 4.547832 5.414553 50.000163 50.000163 
981.000000 426 2.000000 0.880361 16.228639 1.354400 0.160296 1.860095 1.860095 
981.000000 427 2.000000 0.503880 6.187360 -3.307459 -4.600743 32.106119 32.106119 
981.000000 428 2.000000 0.638072 18.212212 -0.723855 -1.108383 1.752478 1.752478 
981.000000 429 2.000000 0.401128 18.847483 -2.395485 -2.881289 14.040178 14.040178 
981.000000 430 2.000000 0.549585 11.573182 0.686980 5.645454 32.343095 32.343095 
981.000000 431 2.000000 0.509891 7.755829 5.098904 -3.478501 38.098785 38.098785 
981.000000 432 2.000000 0.284402 17.818492 1.896005 -0.465817 3.811821 3.811821 
981.000000 433 2.000000 0.214952 13.641624 -3.140186 -9.083392 92.368785 92.368785 
981.000000 434 2.000000 0.674543 5.001703 -3.254564 0.762945 11.174272 11.174272 
981.000000 435 2.000000 0.815128 8.181057 -3.697428 5.278100 41.529317 41.529317 
981.000000 436 2.000000 0.000001 14.963971 6.464289 -5.595587 73.097618 73.097618 
981.000000 437 2.000000 0.271721 0.957441 -3.641390 2.127645 17.786593 17.786593 
981.000000 438 2.000000 0.352322 19.028814 3.523209 3.226739 22.824845 22.824845 
981.000000 439 2.000000 0.291381 4.588707 5.827596 -2.120789 38.458619 38.458619 
981.000000 440 2.000000 0.889306 6.669389 -2.213865 1.834646 8.267124 8.267124 
981.000000 441 2.000000 0.466315 10.935004 1.579637 -2.629884 9.411545 9.411545 
981.000000 442 2.000000 0.452332 17.602448 0.854286 4.358059 19.722480 19.722480 
981.000000 443 2.000000 0.648042 18.383334 1.851546 1.827183 6.766820 6.766820 
981.000000 444 2.000000 0.368130 6.741707 -6.318688 -7.138321 90.881437 90.881437 
981.000000 445 2.000000 0.307137 17.471061 3.071362 -4.598070 30.575511 30.575511 
981.000000 446 2.000000 0.000001 19.420635 2.350692 -5.793644 39.092058 39.092058 
981.000000 447 2.000000 0.999999 9.608435 -2.699500 -2.534528 13.711130 13.711130 
981.000000 448 2.000000 0.258102 18.162961 -7.418968 4.619733 76.383015 76.383015 
981.000000 449 2.000000 0.168430 3.240872 0.842143 5.131871 27.045310 27.045310 
981.000000 450 2.000000 0.123240 19.069180 -1.031481 -2.068487 5.342591 5.342591 
981.000000 451 2.000000 0.083900 1.587813 -0.841120 -0.181737 0.740512 0.740512 
981.000000 452 2.000000 0.000001 2.789437 4.610982 5.071702 46.983310 46.983310 
981.000000 453 2.000000 0.481034 17.838812 -0.253154 5.574629 31.140570 31.140570 
981.000000 454 2.000000 0.247283 17.039738 4.945644 2.754010 32.043963 32.043963 
981.000000 455 2.000000 0.420833 10.091864 -0.891024 -3.196173 11.009444 11.009444 
981.000000 456 2.000000 0.495817 11.722981 -0.378056 -4.569674 21.024843 21.024843 
981.000000 457 2.000000 0.650937 13.204761 0.047094 7.767506 60.336370 60.336370 
981.000000 458 2.000000 0.315842 17.535556 -6.841575 -5.476539 76.799622 76.799622 
981.000000 459 2.000000 0.563443 14.310920 -2.910375 -0.206585 8.512958 8.512958 
981.000000 460 2.000000 0.534595 10.221767 2.138376 -3.382881 16.016534 16.016534 
981.000000 461 2.000000 0.582481 1.332049 -1.391727 1.671522 4.730891 4.730891 
981.000000 462 2.000000 0.883047 19.048838 0.234224 -3.170538 10.107170 10.107170 
981.000000 463 2.000000 0.221915 17.295545 -0.864538 2.189187 5.539965 5.539965 
981.000000 464 2.000000 0.461025 17.589841 -2.829997 5.776154 41.372841 41.372841 
981.000000 465 2.000000 0.268441 10.523358 1.789597 3.833808 17.900743 17.900743 
981.000000 466 2.000000 0.151572 17.463410 -1.215961 -2.091674 5.853662 5.853662 
981.000000 467 2.000000 0.453360 15.122855 1.856904 -2.672410 10.589871 10.589871 
981.000000 468 2.000000 0.914563 11.316717 -1.708711 -3.398105 14.466813 14.466813 
981.000000 469 2.000000 0.639453 17.789608 4.263015 -1.922079 21.867687 21.867687 
981.000000 470 2.000000 0.000001 0.191099 8.839117 -5.395039 107.236439 107.236439 
981.000000 471 2.000000 0.458320 8.927363 4.583194 -1.442108 23.085343 23.085343 
981.000000 472 2.000000 0.427921 8.092561 4.279197 -5.843599 52.459181 52.459181 
981.000000 473 2.000000 0.334053 17.313315 -1.558165 -2.962091 11.201861 11.201861 
981.000000 474 2.000000 0.112883 12.765823 0.752548 -1.808544 3.837160 3.837160 
981.000000 475 2.000000 0.374132 6.882217 -1.788193 -2.133925 7.751270 7.751270 
981.000000 476 2.000000 0.604310 18.451213 -7.913770 3.847909 77.434169 77.434169 
981.000000 477 2.000000 0.677070 3.219403 -0.897506 -0.179109 0.837596 0.837596 
981.000000 478 2.000000 0.603133 15.261817 6.031317 -5.264646 64.093282 64.093282 
981.000000 479 2.000000 0.001306 16.929285 -2.853408 -2.289324 13.382939 13.382939 
981.000000 480 2.000000 0.925859 19.724638 -0.494268 4.918131 24.432309 24.432309 
981.000000 481 2.000000 0.000001 3.516708 3.043449 8.791767 86.557746 86.557746 
981.000000 482 2.000000 0.221915 14.839867 -1.106703 -0.657467 1.657054 1.657054 
981.000000 483 2.000000 0.483694 18.586207 9.673856 5.999458 129.576980 129.576980 
981.000000 484 2.000000 0.735633 6.521415 -2.643660 -3.544706 19.553874 19.553874 
981.000000 485 2.000000 0.766283 11.009399 -4.674328 -0.707033 22.349239 22.349239 
981.000000 486 2.000000 0.999999 5.814776 -3.461852 6.845771 58.848996 58.848996 
981.000000 487 2.000000 0.062500 14.722270 -0.066606 -0.086509 0.011920 0.011920 
981.000000 488 2.000000 0.266061 17.207939 -2.446459 -1.094925 7.184023 7.184023 
981.000000 489 2.000000 0.496896 4.418275 2.484476 2.684364 13.378434 13.378434 
981.000000 490 2.000000 0.760392 8.564691 -1.597383 0.338956 2.666525 2.666525 
981.000000 491 2.000000 0.999999 15.510742 -6.677784 -4.543262 65.234023 65.234023 
981.000000 492 2.000000 0.704139 5.266754 -2.958600 1.006593 9.766544 9.766544 
981.000000 493 2.000000 0.783904 11.631420 0.979879 0.383657 1.107356 1.107356 
981.000000 494 2.000000 0.718028 1.707197 0.364238 -0.621095 0.518428 0.518428 
981.000000 495 2.000000 0.193800 12.252717 -5.374661 3.310368 39.845514 39.845514 
981.000000 496 2.000000 0.999999 7.018441 -3.227653 4.678960 32.310406 32.310406 
981.000000 497 2.000000 0.889151 14.902490 -1.108479 0.982392 2.193820 2.193820 
981.000000 498 2.000000 0.729617 16.964063 -5.407646 -0.887814 30.030845 30.030845 
981.000000 499 2.000000 0.772139 0.581542 1.930344 -3.575679 16.511708 16.511708 
981.000000 500 2.000000 0.518787 0.698629 -3.208079 0.684663 10.760533 10.760533 
