476.000000 1 2.000000 0.541215 5.172291 -0.043349 -0.418555 0.177068 0.177068 
476.000000 2 2.000000 0.211349 4.309394 2.113481 -1.641363 7.160875 7.160875 
476.000000 3 2.000000 0.000001 11.654409 2.492826 -1.916901 9.888690 9.888690 
476.000000 4 2.000000 0.234624 10.632752 4.692456 -1.587014 24.537753 24.537753 
476.000000 5 2.000000 1.576783 3.008551 1.126273 -2.185586 6.045279 6.045279 
476.000000 6 2.000000 1.572356 16.190524 -3.434432 -5.860731 46.143491 46.143491 
476.000000 7 2.000000 1.141572 13.412846 -2.606089 -2.710108 14.136381 14.136381 
476.000000 8 2.000000 0.702731 13.599924 3.494679 1.250563 13.776688 13.776688 
476.000000 9 2.000000 0.177138 17.886431 -3.893246 2.495310 21.383935 21.383935 
476.000000 10 2.000000 0.970915 14.784167 1.387020 1.859144 5.380243 5.380243 
476.000000 11 2.000000 0.536276 9.165148 0.952308 0.564288 1.225312 1.225312 
476.000000 12 2.000000 0.676028 7.322258 -0.359031 2.324526 5.532325 5.532325 
476.000000 13 2.000000 1.363007 12.095418 2.096933 2.158231 9.055090 9.055090 
476.000000 14 2.000000 1.130517 2.214999 -3.736304 3.062526 23.339028 23.339028 
476.000000 15 2.000000 0.602514 13.609871 1.711548 1.474830 5.104521 5.104521 
476.000000 16 2.000000 1.488162 6.725652 -3.494709 -3.266308 22.881758 22.881758 
476.000000 17 2.000000 1.463700 8.407720 -1.831198 0.917117 4.194388 4.194388 
476.000000 18 2.000000 0.338568 7.407185 2.257111 -1.159185 6.438262 6.438262 
476.000000 19 2.000000 0.027579 7.282113 -0.234362 1.652508 2.785707 2.785707 
476.000000 20 2.000000 1.628406 3.372148 4.652586 -1.025331 22.697865 22.697865 
476.000000 21 2.000000 1.670760 9.812806 3.341517 -2.369115 16.778441 16.778441 
476.000000 22 2.000000 0.800370 10.642880 1.778597 2.149809 7.785086 7.785086 
476.000000 23 2.000000 1.811198 8.814956 -0.710004 4.607761 21.735572 21.735572 
476.000000 24 2.000000 0.715919 15.356830 7.159178 -2.901980 59.675325 59.675325 
476.000000 25 2.000000 1.004356 10.546413 0.007880 -0.474071 0.224806 0.224806 
476.000000 26 2.000000 1.318749 9.834435 -1.647541 -2.343611 8.206904 8.206904 
476.000000 27 2.000000 0.768428 16.821456 -3.305344 1.915433 14.594186 14.594186 
476.000000 28 2.000000 1.237331 3.699436 2.749623 2.247725 12.612692 12.612692 
476.000000 29 2.000000 0.342354 4.131019 -6.316579 -2.120447 44.395460 44.395460 
476.000000 30 2.000000 0.505027 4.596445 -1.338242 -0.164062 1.817809 1.817809 
476.000000 31 2.000000 1.911999 8.384076 -3.871380 -3.428006 26.738808 26.738808 
476.000000 32 2.000000 1.435346 15.988699 0.692098 -1.362433 2.335223 2.335223 
476.000000 33 2.000000 0.640252 13.470691 -0.801126 2.176402 5.378527 5.378527 
476.000000 34 2.000000 0.584127 16.461417 -0.303471 -2.359055 5.657234 5.657234 
476.000000 35 2.000000 1.057830 0.198383 -5.732461 -2.630967 39.783095 39.783095 
476.000000 36 2.000000 0.848088 7.880741 0.374128 0.419935 0.316317 0.316317 
476.000000 37 2.000000 0.916050 4.595256 -0.287698 0.250894 0.145718 0.145718 
476.000000 38 2.000000 0.171836 3.049420 -1.032379 2.541183 7.523415 7.523415 
476.000000 39 2.000000 0.461767 8.758889 -1.079748 -1.226911 2.671165 2.671165 
476.000000 40 2.000000 1.785750 6.923700 2.322060 0.377031 5.534116 5.534116 
476.000000 41 2.000000 0.736742 10.209661 1.473483 0.312317 2.268693 2.268693 
476.000000 42 2.000000 0.039694 18.430952 -2.534406 3.233500 16.878738 16.878738 
476.000000 43 2.000000 1.586047 1.081863 2.883720 0.392745 8.470090 8.470090 
476.000000 44 2.000000 1.429530 16.423615 0.433191 4.760468 22.849709 22.849709 
476.000000 45 2.000000 0.346340 5.965849 3.463390 2.016169 16.060006 16.060006 
476.000000 46 2.000000 1.911999 13.010082 -1.926675 -6.354470 44.091368 44.091368 
476.000000 47 2.000000 0.828786 16.150900 -3.648709 -4.528352 33.819046 33.819046 
476.000000 48 2.000000 0.276102 16.809045 -0.617992 -0.653551 0.809042 0.809042 
476.000000 49 2.000000 0.008706 0.595628 0.174097 5.956266 35.507419 35.507419 
476.000000 50 2.000000 0.772690 15.037299 2.207683 2.976441 13.733067 13.733067 
476.000000 51 2.000000 0.363246 2.270582 0.427346 -1.298432 1.868550 1.868550 
476.000000 52 2.000000 1.654859 14.374675 4.806395 1.514232 25.394334 25.394334 
476.000000 53 2.000000 0.138415 9.833167 -2.993973 -0.697340 9.450160 9.450160 
476.000000 54 2.000000 0.560150 18.019961 -1.213521 0.400844 1.633309 1.633309 
476.000000 55 2.000000 1.376715 8.321946 -0.309564 0.533903 0.380882 0.380882 
476.000000 56 2.000000 0.654385 19.122869 2.181280 -4.385651 23.991916 23.991916 
476.000000 57 2.000000 0.715686 16.070225 0.034246 -0.845113 0.715388 0.715388 
476.000000 58 2.000000 0.794471 8.165775 0.611131 -2.254138 5.454619 5.454619 
476.000000 59 2.000000 1.467957 15.931353 -0.593052 -0.733746 0.890094 0.890094 
476.000000 60 2.000000 0.453504 11.698793 -2.954989 1.894312 12.320381 12.320381 
476.000000 61 2.000000 1.170504 12.449284 -1.097278 -0.570985 1.530044 1.530044 
476.000000 62 2.000000 0.000001 4.850694 6.149009 -0.860360 38.550532 38.550532 
476.000000 63 2.000000 1.591638 10.466244 1.872514 4.192582 21.084058 21.084058 
476.000000 64 2.000000 1.495407 2.999690 -2.815280 -0.838657 8.629146 8.629146 
476.000000 65 2.000000 1.406649 17.948571 4.018995 0.295154 16.239439 16.239439 
476.000000 66 2.000000 0.792396 13.591566 1.760877 -0.839271 3.805065 3.805065 
476.000000 67 2.000000 1.907757 6.986748 2.543675 0.559187 6.782973 6.782973 
476.000000 68 2.000000 0.695998 14.624252 2.783987 -3.258029 18.365336 18.365336 
476.000000 69 2.000000 0.434570 8.095716 -3.731574 -1.395189 15.871195 15.871195 
476.000000 70 2.000000 0.521801 8.230745 -3.513495 0.529842 12.625379 12.625379 
476.000000 71 2.000000 0.287302 5.548803 2.873010 0.911483 9.084988 9.084988 
476.000000 72 2.000000 0.566932 9.589679 -4.521556 1.370870 22.323753 22.323753 
476.000000 73 2.000000 0.351129 19.189807 -1.524543 0.004464 2.324251 2.324251 
476.000000 74 2.000000 0.678969 5.772680 -0.084649 2.253648 5.086096 5.086096 
476.000000 75 2.000000 0.000001 6.412665 4.066900 1.918985 20.222176 20.222176 
476.000000 76 2.000000 0.305525 11.179310 -2.046093 0.611186 4.560045 4.560045 
476.000000 77 2.000000 1.438509 14.794459 7.192541 -3.742738 65.740731 65.740731 
476.000000 78 2.000000 0.000001 15.663600 3.456929 3.642697 25.219602 25.219602 
476.000000 79 2.000000 0.810237 17.056306 1.602979 0.707140 3.069589 3.069589 
476.000000 80 2.000000 0.328224 6.675623 3.282233 3.513485 23.117634 23.117634 
476.000000 81 2.000000 0.848207 13.935140 0.997889 1.238679 2.530109 2.530109 
476.000000 82 2.000000 1.648532 1.252614 0.358376 2.087688 4.486874 4.486874 
476.000000 83 2.000000 1.460962 13.454515 -3.044910 -1.330322 11.041235 11.041235 
476.000000 84 2.000000 0.582183 11.374167 0.831688 -1.595100 3.236048 3.236048 
476.000000 85 2.000000 0.785604 10.081859 3.142413 2.994496 18.841762 18.841762 
476.000000 86 2.000000 0.760972 19.725270 -0.890613 2.332046 6.231631 6.231631 
476.000000 87 2.000000 0.607710 11.851098 -0.649420 -1.265608 2.023511 2.023511 
476.000000 88 2.000000 0.377776 9.188234 -0.342144 -2.969814 8.936858 8.936858 
476.000000 89 2.000000 0.210589 0.956954 -1.455841 -1.412260 4.113952 4.113952 
476.000000 90 2.000000 1.806286 2.490308 3.010474 -1.861032 12.526396 12.526396 
476.000000 91 2.000000 0.952568 0.911888 -3.617905 0.430982 13.274983 13.274983 
476.000000 92 2.000000 1.318383 5.516323 0.254701 -1.625755 2.707953 2.707953 
476.000000 93 2.000000 0.525365 13.183706 -2.735496 -0.753283 8.050373 8.050373 
476.000000 94 2.000000 0.798900 7.208655 -2.491016 0.565025 6.524414 6.524414 
476.000000 95 2.000000 1.377702 6.719293 -1.373743 -0.722844 2.409673 2.409673 
476.000000 96 2.000000 1.475354 16.660407 0.615258 -1.478276 2.563841 2.563841 
476.000000 97 2.000000 1.360710 2.733111 -5.550886 -1.569898 33.276914 33.276914 
476.000000 98 2.000000 1.145317 12.862075 4.581262 -0.550204 21.290686 21.290686 
476.000000 99 2.000000 0.726470 10.238070 0.382352 3.048731 9.440953 9.440953 
476.000000 100 2.000000 0.961093 18.142192 0.376899 -0.906248 0.963337 0.963337 
476.000000 101 2.000000 0.311026 3.070336 6.220494 0.605487 39.061155 39.061155 
476.000000 102 2.000000 1.111058 8.564691 -1.639883 -4.235299 20.626974 20.626974 
476.000000 103 2.000000 1.732954 15.856387 4.332383 2.985890 27.685078 27.685078 
476.000000 104 2.000000 1.706064 15.454992 0.003098 0.121275 0.014717 0.014717 
476.000000 105 2.000000 0.222557 18.322223 0.494569 1.094082 1.441613 1.441613 
476.000000 106 2.000000 1.543244 12.419704 -3.725546 -0.398825 14.038754 14.038754 
476.000000 107 2.000000 0.272068 2.478573 0.906892 0.971866 1.766975 1.766975 
476.000000 108 2.000000 1.487534 19.827674 -3.380326 -3.446495 23.304929 23.304929 
476.000000 109 2.000000 0.984055 4.062423 4.920268 -0.902629 25.023779 25.023779 
476.000000 110 2.000000 0.840693 2.306705 -0.930755 -0.034173 0.867472 0.867472 
476.000000 111 2.000000 1.792875 0.543564 -2.420472 -1.372665 7.742896 7.742896 
476.000000 112 2.000000 1.009220 17.460830 0.672813 -2.207973 5.327824 5.327824 
476.000000 113 2.000000 0.187205 15.597124 0.748816 -0.109737 0.572768 0.572768 
476.000000 114 2.000000 1.570635 1.637612 7.853170 -2.450451 67.676986 67.676986 
476.000000 115 2.000000 0.197710 0.663958 3.954184 -3.105422 25.279213 25.279213 
476.000000 116 2.000000 0.953967 4.485055 -0.555855 3.588043 13.183027 13.183027 
476.000000 117 2.000000 0.000001 13.833207 2.508090 2.775318 13.992905 13.992905 
476.000000 118 2.000000 1.499479 12.980903 2.998957 -4.128880 26.041391 26.041391 
476.000000 119 2.000000 0.221901 13.470908 -3.169674 1.317094 11.781572 11.781572 
476.000000 120 2.000000 1.638967 14.053211 -0.359214 -1.858371 3.582579 3.582579 
476.000000 121 2.000000 1.685696 19.999999 0.372171 -1.809909 3.414283 3.414283 
476.000000 122 2.000000 0.705377 5.663708 0.634857 0.086060 0.410449 0.410449 
476.000000 123 2.000000 0.530930 15.707613 -0.638465 -0.454798 0.614479 0.614479 
476.000000 124 2.000000 0.324106 19.194376 -6.389570 -5.370820 69.672316 69.672316 
476.000000 125 2.000000 1.770867 15.779980 -1.449324 -0.169734 2.129350 2.129350 
476.000000 126 2.000000 0.723700 9.489991 -0.461256 -0.925721 1.069715 1.069715 
476.000000 127 2.000000 0.747769 9.469522 0.553902 1.663037 3.072498 3.072498 
476.000000 128 2.000000 0.597107 8.065621 2.985529 2.497398 15.150381 15.150381 
476.000000 129 2.000000 1.077903 7.970173 0.318367 -2.522568 6.464707 6.464707 
476.000000 130 2.000000 0.385445 3.374045 -1.564554 1.666202 5.224058 5.224058 
476.000000 131 2.000000 0.486343 14.301563 -1.538691 3.620649 15.476665 15.476665 
476.000000 132 2.000000 1.168973 6.983500 -7.468255 -5.312857 84.001281 84.001281 
476.000000 133 2.000000 0.540680 11.918241 -2.323531 4.256514 23.516712 23.516712 
476.000000 134 2.000000 0.072528 19.877791 0.030220 -0.814722 0.664685 0.664685 
476.000000 135 2.000000 0.721792 2.035388 2.062259 -1.199854 5.692562 5.692562 
476.000000 136 2.000000 0.601739 19.552683 -0.460664 3.466288 12.227363 12.227363 
476.000000 137 2.000000 0.386033 14.393686 -0.110130 -3.397765 11.556937 11.556937 
476.000000 138 2.000000 0.059093 15.754396 -1.315866 1.927173 5.445500 5.445500 
476.000000 139 2.000000 1.084293 9.302359 3.097977 0.439544 9.790664 9.790664 
476.000000 140 2.000000 0.382594 2.888341 1.912964 0.042773 3.661262 3.661262 
476.000000 141 2.000000 1.707200 7.787715 -4.133974 1.716087 20.034698 20.034698 
476.000000 142 2.000000 0.677164 17.898152 -2.782079 -1.236381 9.268600 9.268600 
476.000000 143 2.000000 1.819349 11.858439 3.638695 2.964609 22.029013 22.029013 
476.000000 144 2.000000 0.330239 1.468882 -2.913927 -3.324178 19.541132 19.541132 
476.000000 145 2.000000 1.495746 15.202802 -1.703012 2.334442 8.349867 8.349867 
476.000000 146 2.000000 1.435807 14.207736 0.278797 -2.896131 8.465305 8.465305 
476.000000 147 2.000000 0.771745 17.640780 3.858722 1.472509 17.058022 17.058022 
476.000000 148 2.000000 1.854210 1.824321 -0.423259 2.027023 4.287968 4.287968 
476.000000 149 2.000000 1.555054 2.094447 0.091746 0.706894 0.508117 0.508117 
476.000000 150 2.000000 0.407972 3.137471 0.906602 2.413438 6.646611 6.646611 
476.000000 151 2.000000 0.186376 3.633268 -0.488523 1.758942 3.332533 3.332533 
476.000000 152 2.000000 1.748466 4.218804 4.995613 -0.807697 25.608529 25.608529 
476.000000 153 2.000000 0.864643 4.359263 5.764281 0.882532 34.005798 34.005798 
476.000000 154 2.000000 0.569504 2.400153 1.035461 -1.045827 2.165934 2.165934 
476.000000 155 2.000000 1.696288 0.893970 -2.213602 -0.890900 5.693737 5.693737 
476.000000 156 2.000000 1.436690 9.815671 3.192642 -0.029247 10.193818 10.193818 
476.000000 157 2.000000 1.417432 12.283108 1.889907 -1.403071 5.540359 5.540359 
476.000000 158 2.000000 1.421920 1.164467 -4.938795 2.911165 32.866572 32.866572 
476.000000 159 2.000000 0.421949 19.591131 1.406494 -0.817735 2.646916 2.646916 
476.000000 160 2.000000 0.078888 7.848851 1.577731 2.491698 8.697796 8.697796 
476.000000 161 2.000000 1.908469 17.188554 1.207274 -5.111718 27.587171 27.587171 
476.000000 162 2.000000 0.277509 17.625130 0.220854 3.165415 10.068631 10.068631 
476.000000 163 2.000000 1.226752 14.597607 0.360809 -0.267642 0.201816 0.201816 
476.000000 164 2.000000 1.911999 13.087219 -0.929624 0.452314 1.068790 1.068790 
476.000000 165 2.000000 0.234291 0.892313 -3.393415 -0.901018 12.327101 12.327101 
476.000000 166 2.000000 1.435946 12.480740 -3.211689 -0.302720 10.406588 10.406588 
476.000000 167 2.000000 0.447868 17.774364 -1.868164 -3.709392 17.249622 17.249622 
476.000000 168 2.000000 1.597989 6.974995 -0.337057 -3.473334 12.177659 12.177659 
476.000000 169 2.000000 1.519266 2.888354 0.949541 -2.245259 5.942817 5.942817 
476.000000 170 2.000000 0.029458 1.363831 -1.432475 2.273050 7.218742 7.218742 
476.000000 171 2.000000 0.753177 7.471264 3.765881 -2.432764 20.100199 20.100199 
476.000000 172 2.000000 1.911999 0.961920 -4.751708 1.603198 25.148973 25.148973 
476.000000 173 2.000000 0.805756 4.760521 5.371702 1.700186 31.745810 31.745810 
476.000000 174 2.000000 1.140728 8.193730 3.259221 4.965896 35.282650 35.282650 
476.000000 175 2.000000 1.279620 10.999222 2.843597 -2.486014 14.266309 14.266309 
476.000000 176 2.000000 1.188391 7.764472 3.961301 -4.035700 31.978782 31.978782 
476.000000 177 2.000000 1.435274 2.253155 2.609588 4.506308 27.116760 27.116760 
476.000000 178 2.000000 1.690599 18.712336 -1.513999 0.315067 2.391461 2.391461 
476.000000 179 2.000000 0.396742 10.598390 1.133545 -1.112991 2.523674 2.523674 
476.000000 180 2.000000 0.970637 12.880265 2.329631 0.790818 6.052576 6.052576 
476.000000 181 2.000000 0.101501 15.380374 2.029991 -1.920860 7.810567 7.810567 
476.000000 182 2.000000 1.243980 14.392897 -3.321963 2.122316 15.539663 15.539663 
476.000000 183 2.000000 0.102482 19.154265 2.049610 1.384125 6.116703 6.116703 
476.000000 184 2.000000 1.299111 11.303601 -2.080961 1.467609 6.484273 6.484273 
476.000000 185 2.000000 0.278894 16.283359 -1.294235 -2.858954 9.848662 9.848662 
476.000000 186 2.000000 1.006237 19.015080 0.402494 -4.924593 24.413613 24.413613 
476.000000 187 2.000000 0.554994 10.010136 -3.915159 -3.469847 27.368305 27.368305 
476.000000 188 2.000000 0.685067 15.419057 -1.925588 -1.908726 7.351124 7.351124 
476.000000 189 2.000000 0.624768 4.384795 -0.925745 0.695710 1.341016 1.341016 
476.000000 190 2.000000 0.744736 18.112156 -2.372525 2.601904 12.398782 12.398782 
476.000000 191 2.000000 1.426253 13.172962 -3.276309 -0.780233 11.342961 11.342961 
476.000000 192 2.000000 0.299843 5.602176 -2.187542 1.417674 6.795137 6.795137 
476.000000 193 2.000000 1.684533 12.464125 -2.358030 1.907227 9.197818 9.197818 
476.000000 194 2.000000 1.177124 1.632152 1.307914 -4.174511 19.137178 19.137178 
476.000000 195 2.000000 1.300466 17.657501 -6.153332 -3.123331 47.618693 47.618693 
476.000000 196 2.000000 0.113197 14.317491 2.263927 -1.735809 8.138399 8.138399 
476.000000 197 2.000000 1.899032 11.003095 1.506603 -1.957435 6.101404 6.101404 
476.000000 198 2.000000 0.847006 13.986495 -0.104221 -1.336850 1.798030 1.798030 
476.000000 199 2.000000 1.494161 2.955105 0.933850 -0.900137 1.682323 1.682323 
476.000000 200 2.000000 1.380603 6.576427 2.124004 -2.615726 11.353415 11.353415 
476.000000 201 2.000000 0.509748 16.828636 0.048602 -0.084448 0.009494 0.009494 
476.000000 202 2.000000 0.562255 12.313135 -0.047655 -0.871611 0.761976 0.761976 
476.000000 203 2.000000 1.911999 8.475969 -3.190019 -2.289387 15.417512 15.417512 
476.000000 204 2.000000 0.826146 7.107707 -0.478315 0.608063 0.598525 0.598525 
476.000000 205 2.000000 0.454598 2.405615 1.818387 -1.303288 5.005090 5.005090 
476.000000 206 2.000000 0.473893 1.425633 -1.955474 -2.936319 12.445850 12.445850 
476.000000 207 2.000000 1.233648 6.891771 2.467294 1.337087 7.875343 7.875343 
476.000000 208 2.000000 0.892889 13.908736 -5.133550 0.814312 27.016435 27.016435 
476.000000 209 2.000000 0.994983 3.866459 -2.330540 3.022371 14.566147 14.566147 
476.000000 210 2.000000 0.496392 10.679329 -1.528113 3.122193 12.083219 12.083219 
476.000000 211 2.000000 0.199909 15.090923 -2.584482 0.617932 7.061385 7.061385 
476.000000 212 2.000000 1.535200 10.358821 -0.380544 -1.755125 3.225277 3.225277 
476.000000 213 2.000000 1.039641 10.575450 2.970400 2.254663 13.906779 13.906779 
476.000000 214 2.000000 0.795931 4.573570 -3.758225 -2.757873 21.730122 21.730122 
476.000000 215 2.000000 0.512574 9.549181 0.379684 -1.779164 3.309583 3.309583 
476.000000 216 2.000000 0.592500 14.566943 -0.920802 2.797357 8.673081 8.673081 
476.000000 217 2.000000 1.858350 1.734070 -1.110971 -0.509514 1.493862 1.493862 
476.000000 218 2.000000 0.708755 3.879066 -2.847265 0.683114 8.573562 8.573562 
476.000000 219 2.000000 0.963124 14.214210 -3.833502 1.805591 17.955895 17.955895 
476.000000 220 2.000000 0.858993 7.483100 5.726611 3.473920 44.862190 44.862190 
476.000000 221 2.000000 0.814554 17.785679 -0.718186 5.052943 26.048027 26.048027 
476.000000 222 2.000000 1.911999 12.983731 -1.655578 2.096920 7.138012 7.138012 
476.000000 223 2.000000 1.022082 18.467598 -1.309310 1.861538 5.179615 5.179615 
476.000000 224 2.000000 0.696581 15.011850 0.696580 -3.325433 11.543726 11.543726 
476.000000 225 2.000000 1.911999 5.549957 -5.052865 -1.842846 28.927531 28.927531 
476.000000 226 2.000000 0.444400 6.272979 -0.454260 -4.117422 17.159517 17.159517 
476.000000 227 2.000000 0.350094 3.947669 2.333956 -1.512342 7.734527 7.734527 
476.000000 228 2.000000 1.666445 7.541612 -1.675027 -0.457472 3.014997 3.014997 
476.000000 229 2.000000 1.141472 2.228901 -2.425135 5.043836 31.321564 31.321564 
476.000000 230 2.000000 1.366167 13.052885 0.455389 1.154111 1.539351 1.539351 
476.000000 231 2.000000 0.099131 10.184880 0.660867 -4.787863 23.360376 23.360376 
476.000000 232 2.000000 1.545726 10.175772 -1.503091 0.122418 2.274268 2.274268 
476.000000 233 2.000000 1.831808 7.372407 2.818165 0.128471 7.958561 7.958561 
476.000000 234 2.000000 1.788021 13.253685 2.980033 2.601086 15.646244 15.646244 
476.000000 235 2.000000 0.326352 0.770828 1.631754 -2.330257 8.092717 8.092717 
476.000000 236 2.000000 0.503241 13.979932 -0.452341 0.139011 0.223936 0.223936 
476.000000 237 2.000000 1.406000 18.570360 0.539041 3.168957 10.332851 10.332851 
476.000000 238 2.000000 0.313318 10.241774 -0.508200 -0.906072 1.079235 1.079235 
476.000000 239 2.000000 1.420368 0.449351 -1.058906 1.081408 2.290724 2.290724 
476.000000 240 2.000000 1.772983 17.172153 1.544449 0.653889 2.812894 2.812894 
476.000000 241 2.000000 1.464470 4.584519 4.881564 -1.202130 25.274780 25.274780 
476.000000 242 2.000000 0.000001 4.564752 2.032673 2.123140 8.639485 8.639485 
476.000000 243 2.000000 1.726159 6.439946 0.888967 0.038888 0.791774 0.791774 
476.000000 244 2.000000 1.255404 8.801612 -4.415298 -4.601546 40.669080 40.669080 
476.000000 245 2.000000 0.729510 5.241330 0.972679 -3.556306 13.593415 13.593415 
476.000000 246 2.000000 0.650876 13.306767 -0.250680 0.249587 0.125134 0.125134 
476.000000 247 2.000000 1.641459 18.328472 -5.448791 0.590498 30.038015 30.038015 
476.000000 248 2.000000 1.851525 11.928269 2.425590 5.756826 39.024537 39.024537 
476.000000 249 2.000000 0.864951 19.402900 3.459802 -1.492748 14.198524 14.198524 
476.000000 250 2.000000 1.107158 0.610948 -0.470310 -2.101098 4.635803 4.635803 
476.000000 251 2.000000 0.400938 4.910546 -1.117330 -1.695444 4.122957 4.122957 
476.000000 252 2.000000 0.401342 12.831382 1.605364 -1.728238 5.563999 5.563999 
476.000000 253 2.000000 0.149005 15.174767 1.490035 -7.256369 54.875094 54.875094 
476.000000 254 2.000000 0.393232 14.561599 -0.196740 -0.922892 0.890436 0.890436 
476.000000 255 2.000000 0.966650 18.985110 -1.298465 2.716802 9.067025 9.067025 
476.000000 256 2.000000 0.664241 8.714931 -2.810795 1.558800 10.330423 10.330423 
476.000000 257 2.000000 0.340870 17.954240 -1.246561 1.644183 4.257250 4.257250 
476.000000 258 2.000000 0.883633 5.924927 2.524662 6.218355 45.041855 45.041855 
476.000000 259 2.000000 0.208172 5.130402 1.387804 4.000327 17.928612 17.928612 
476.000000 260 2.000000 0.000001 15.694680 1.494264 -2.870212 10.470944 10.470944 
476.000000 261 2.000000 1.225703 6.729327 -1.998846 2.858189 12.164628 12.164628 
476.000000 262 2.000000 0.629297 9.377950 3.146478 -5.112939 36.042468 36.042468 
476.000000 263 2.000000 0.000001 13.836158 2.310906 -0.956092 6.254398 6.254398 
476.000000 264 2.000000 1.004649 14.866009 1.545612 -0.201566 2.429546 2.429546 
476.000000 265 2.000000 1.119391 10.016929 4.477560 0.319760 20.150787 20.150787 
476.000000 266 2.000000 0.319890 13.473153 0.913969 3.207893 11.125920 11.125920 
476.000000 267 2.000000 1.426014 4.703645 -0.258902 0.855208 0.798411 0.798411 
476.000000 268 2.000000 0.547847 2.853139 -1.197519 4.389443 20.701265 20.701265 
476.000000 269 2.000000 1.766342 16.048529 5.887805 0.584825 35.008265 35.008265 
476.000000 270 2.000000 0.595215 12.002762 -0.821780 1.432684 2.727906 2.727906 
476.000000 271 2.000000 0.620193 6.602733 -3.728874 2.316748 19.271820 19.271820 
476.000000 272 2.000000 0.173119 6.670522 1.731178 0.578445 3.331575 3.331575 
476.000000 273 2.000000 1.022075 12.377505 0.121598 0.669789 0.463403 0.463403 
476.000000 274 2.000000 1.416583 5.962654 1.133266 -3.657457 14.661285 14.661285 
476.000000 275 2.000000 1.502989 4.456861 -2.083052 -0.433042 4.526630 4.526630 
476.000000 276 2.000000 0.835952 13.004870 -0.670969 -2.743188 7.975278 7.975278 
476.000000 277 2.000000 0.456627 19.806662 -0.008875 0.191733 0.036840 0.036840 
476.000000 278 2.000000 0.852954 18.718175 4.264766 -2.563647 24.760515 24.760515 
476.000000 279 2.000000 1.656348 5.338482 -1.742338 -0.911875 3.867258 3.867258 
476.000000 280 2.000000 0.523261 6.644530 -2.174519 1.563419 7.172813 7.172813 
476.000000 281 2.000000 1.224659 4.980943 0.765411 -4.171960 17.991106 17.991106 
476.000000 282 2.000000 0.943623 16.740607 1.348032 1.308213 3.528611 3.528611 
476.000000 283 2.000000 1.625796 8.763259 -1.946020 1.881028 7.325262 7.325262 
476.000000 284 2.000000 1.086708 9.769382 0.783749 -4.548291 21.301210 21.301210 
476.000000 285 2.000000 0.780417 2.820627 -3.809938 -0.641290 14.926885 14.926885 
476.000000 286 2.000000 0.875230 2.795018 -2.162100 0.646068 5.092079 5.092079 
476.000000 287 2.000000 0.588611 3.713871 -4.449295 1.562500 22.237630 22.237630 
476.000000 288 2.000000 1.724811 15.719386 -3.781765 1.873460 17.811597 17.811597 
476.000000 289 2.000000 1.905701 10.029497 1.260601 -1.407551 3.570313 3.570313 
476.000000 290 2.000000 1.634187 8.435572 0.020729 1.450549 2.104522 2.104522 
476.000000 291 2.000000 0.063494 7.367096 -1.572569 -1.195727 3.902737 3.902737 
476.000000 292 2.000000 0.001334 11.953899 -0.115256 -2.438212 5.958162 5.958162 
476.000000 293 2.000000 1.194243 13.974937 -2.909025 -0.207313 8.505404 8.505404 
476.000000 294 2.000000 1.881981 3.166288 0.918039 -3.914817 16.168585 16.168585 
476.000000 295 2.000000 1.270047 8.044835 0.476480 2.826866 8.218206 8.218206 
476.000000 296 2.000000 0.829368 4.801387 1.507939 -0.330685 2.383234 2.383234 
476.000000 297 2.000000 0.204130 15.087806 -2.260340 1.240187 6.647198 6.647198 
476.000000 298 2.000000 0.463867 18.492830 -0.889842 0.085444 0.799120 0.799120 
476.000000 299 2.000000 0.102582 8.852056 -1.330440 -3.054231 11.098398 11.098398 
476.000000 300 2.000000 0.104422 15.579511 0.696141 1.715721 3.428311 3.428311 
476.000000 301 2.000000 0.115043 10.077385 -3.631912 -0.813586 13.852709 13.852709 
476.000000 302 2.000000 0.000001 0.047590 0.828591 -0.269370 0.759123 0.759123 
476.000000 303 2.000000 1.234439 3.351943 -1.617194 0.651590 3.039886 3.039886 
476.000000 304 2.000000 0.964971 8.156525 6.433134 -2.538481 47.829103 47.829103 
476.000000 305 2.000000 1.788243 11.434441 -1.275556 -5.526166 32.165558 32.165558 
476.000000 306 2.000000 0.432865 13.221258 4.328638 -0.581418 19.075151 19.075151 
476.000000 307 2.000000 1.807525 1.056589 1.472894 -0.601961 2.531773 2.531773 
476.000000 308 2.000000 1.870851 11.837737 -0.243740 -2.814573 7.981231 7.981231 
476.000000 309 2.000000 0.438838 1.531789 -0.723191 -2.641070 7.498254 7.498254 
476.000000 310 2.000000 0.516042 0.258913 -0.140131 1.035649 1.092205 1.092205 
476.000000 311 2.000000 0.512639 4.373872 -3.147689 -1.953266 13.723193 13.723193 
476.000000 312 2.000000 1.412142 1.551164 -0.946830 0.816401 1.562999 1.562999 
476.000000 313 2.000000 1.011233 14.319050 -2.611618 1.755303 9.901640 9.901640 
476.000000 314 2.000000 1.373349 6.407788 1.017295 3.661592 14.442148 14.442148 
476.000000 315 2.000000 0.254241 12.392573 -0.763365 -4.185793 18.103586 18.103586 
476.000000 316 2.000000 0.644859 14.086226 0.758656 -4.549056 21.269471 21.269471 
476.000000 317 2.000000 1.571839 13.460636 -2.305733 1.429248 7.359157 7.359157 
476.000000 318 2.000000 0.524089 8.048380 0.863785 -5.037993 26.127503 26.127503 
476.000000 319 2.000000 0.595392 11.498799 -0.809299 2.731245 8.114664 8.114664 
476.000000 320 2.000000 0.862915 2.402192 -1.536692 2.287801 7.595454 7.595454 
476.000000 321 2.000000 1.436195 9.715748 2.393656 -0.798337 6.366932 6.366932 
476.000000 322 2.000000 0.242703 18.732935 -0.048168 -4.223548 17.840678 17.840678 
476.000000 323 2.000000 1.108849 1.005031 -3.250601 2.871514 18.812002 18.812002 
476.000000 324 2.000000 1.400454 19.486237 -1.499557 0.491342 2.490089 2.490089 
476.000000 325 2.000000 0.613486 17.115114 0.059077 -0.654708 0.432133 0.432133 
476.000000 326 2.000000 1.627654 14.242483 -0.153159 -0.392425 0.177455 0.177455 
476.000000 327 2.000000 0.617352 16.911013 2.469404 2.233983 11.088640 11.088640 
476.000000 328 2.000000 0.012786 10.941692 -1.304963 -2.911687 10.180849 10.180849 
476.000000 329 2.000000 1.721148 17.023677 1.370119 1.612347 4.476890 4.476890 
476.000000 330 2.000000 0.940694 13.074305 -0.100786 1.951232 3.817464 3.817464 
476.000000 331 2.000000 0.915752 5.658179 -0.091240 -3.630841 13.191328 13.191328 
476.000000 332 2.000000 1.738772 19.879519 -0.730907 -0.803198 1.179353 1.179353 
476.000000 333 2.000000 0.733151 7.195034 4.887664 0.049288 23.891691 23.891691 
476.000000 334 2.000000 1.701111 8.933240 -1.443920 -3.546656 14.663677 14.663677 
476.000000 335 2.000000 0.467740 11.135605 -5.413365 9.238517 114.654728 114.654728 
476.000000 336 2.000000 1.767348 7.220967 -1.484514 -1.394750 4.149109 4.149109 
476.000000 337 2.000000 1.187676 15.657825 -0.611794 -1.862652 3.843765 3.843765 
476.000000 338 2.000000 0.226654 11.782960 -3.102263 2.504718 15.897649 15.897649 
476.000000 339 2.000000 1.149215 8.130767 -0.546523 -1.157672 1.638892 1.638892 
476.000000 340 2.000000 1.908748 11.369667 2.662122 -0.630921 7.484953 7.484953 
476.000000 341 2.000000 1.911999 12.929141 -5.409668 -3.367075 40.601705 40.601705 
476.000000 342 2.000000 1.099394 19.651841 1.998897 -3.481579 16.116977 16.116977 
476.000000 343 2.000000 0.021176 5.761838 -1.238690 2.795440 9.348838 9.348838 
476.000000 344 2.000000 0.882582 3.568383 -2.979190 2.973651 17.718175 17.718175 
476.000000 345 2.000000 1.651402 0.254839 -0.782564 1.698920 3.498736 3.498736 
476.000000 346 2.000000 0.501608 5.496919 2.006429 -6.454784 45.689996 45.689996 
476.000000 347 2.000000 0.445312 8.968969 0.809657 3.092748 10.220633 10.220633 
476.000000 348 2.000000 1.158865 10.188233 5.794322 1.543154 35.955497 35.955497 
476.000000 349 2.000000 1.833440 0.884300 -1.609176 -2.473460 8.707452 8.707452 
476.000000 350 2.000000 1.718323 12.004297 0.536975 0.967484 1.224367 1.224367 
476.000000 351 2.000000 0.131164 16.254776 2.623266 -1.022303 7.926627 7.926627 
476.000000 352 2.000000 0.364773 17.530432 -4.458645 -0.292573 19.965116 19.965116 
476.000000 353 2.000000 1.225152 6.270776 1.441354 4.324672 20.780292 20.780292 
476.000000 354 2.000000 0.707044 19.096554 -2.046259 2.878133 12.470826 12.470826 
476.000000 355 2.000000 1.347161 8.641378 3.346686 -1.105518 12.422476 12.422476 
476.000000 356 2.000000 1.262664 7.252360 0.985341 -3.266116 11.638411 11.638411 
476.000000 357 2.000000 1.351557 13.488261 -2.840211 1.191839 9.487280 9.487280 
476.000000 358 2.000000 1.028050 13.135384 3.426830 2.985314 20.655268 20.655268 
476.000000 359 2.000000 0.635107 1.900600 4.234038 1.310758 19.645160 19.645160 
476.000000 360 2.000000 0.474441 18.254564 -0.325704 0.812026 0.765469 0.765469 
476.000000 361 2.000000 1.477922 6.215129 0.252636 -2.932951 8.666027 8.666027 
476.000000 362 2.000000 1.115485 18.787326 -1.525849 0.820210 3.000960 3.000960 
476.000000 363 2.000000 1.426133 15.804659 -0.176580 -1.997781 4.022309 4.022309 
476.000000 364 2.000000 1.581805 14.718039 -0.478259 2.030074 4.349933 4.349933 
476.000000 365 2.000000 0.661956 16.168726 1.950878 1.687516 6.653636 6.653636 
476.000000 366 2.000000 1.511266 0.073179 3.778162 0.731781 14.810009 14.810009 
476.000000 367 2.000000 0.991688 14.058092 -0.215864 -3.677170 13.568177 13.568177 
476.000000 368 2.000000 1.181844 12.521143 -2.124158 5.110670 30.630996 30.630996 
476.000000 369 2.000000 1.329898 12.225474 -2.948506 -2.691427 15.937468 15.937468 
476.000000 370 2.000000 1.514282 5.917042 2.523802 -0.822701 7.046413 7.046413 
476.000000 371 2.000000 1.308810 10.600059 1.521620 -0.279009 2.393172 2.393172 
476.000000 372 2.000000 0.216153 0.743083 -0.730182 1.351058 2.358524 2.358524 
476.000000 373 2.000000 1.494656 1.998161 2.717555 -2.057353 11.617806 11.617806 
476.000000 374 2.000000 1.429362 16.999152 -1.110526 1.698137 4.116937 4.116937 
476.000000 375 2.000000 1.009392 10.538451 2.295589 -1.480064 7.460316 7.460316 
476.000000 376 2.000000 0.088514 10.980016 1.770251 1.527409 5.466768 5.466768 
476.000000 377 2.000000 1.684928 12.450273 -1.506438 0.343411 2.387288 2.387288 
476.000000 378 2.000000 0.460200 6.494264 -0.803397 -0.278154 0.722817 0.722817 
476.000000 379 2.000000 0.816810 17.766551 2.202255 0.477190 5.077636 5.077636 
476.000000 380 2.000000 0.200018 5.190386 2.000168 1.170710 5.371236 5.371236 
476.000000 381 2.000000 0.100686 3.454544 0.503424 4.935061 24.608260 24.608260 
476.000000 382 2.000000 1.361016 1.620279 0.294270 0.427412 0.269275 0.269275 
476.000000 383 2.000000 1.692612 0.891036 -2.213381 -0.511851 5.161046 5.161046 
476.000000 384 2.000000 1.811426 17.504216 6.038083 3.065627 45.856518 45.856518 
476.000000 385 2.000000 0.789735 9.886498 2.632448 1.750010 9.992314 9.992314 
476.000000 386 2.000000 0.794177 6.832861 -1.214654 -3.439094 13.302755 13.302755 
476.000000 387 2.000000 0.221876 7.891786 0.341347 1.793587 3.333473 3.333473 
476.000000 388 2.000000 1.779866 15.557297 -0.918889 -0.304057 0.936807 0.936807 
476.000000 389 2.000000 0.721750 5.584687 4.811658 -0.641656 23.563777 23.563777 
476.000000 390 2.000000 1.040632 10.675161 4.162524 -0.017235 17.326907 17.326907 
476.000000 391 2.000000 0.518407 2.374511 -3.521979 0.479924 12.634663 12.634663 
476.000000 392 2.000000 0.641875 16.774547 0.675657 -0.567084 0.778097 0.778097 
476.000000 393 2.000000 0.000001 13.235476 3.294056 1.571574 13.320647 13.320647 
476.000000 394 2.000000 0.267922 11.419540 -0.768701 0.358288 0.719271 0.719271 
476.000000 395 2.000000 0.266531 6.885037 -4.151670 -1.119331 18.489265 18.489265 
476.000000 396 2.000000 1.131188 0.086018 0.007683 -1.088157 1.184145 1.184145 
476.000000 397 2.000000 0.423504 19.999999 2.720976 -5.699055 39.882939 39.882939 
476.000000 398 2.000000 0.053020 16.099243 1.060381 1.360151 2.974418 2.974418 
476.000000 399 2.000000 1.749206 1.333189 -3.293863 -2.043224 15.024302 15.024302 
476.000000 400 2.000000 0.358341 14.805328 -0.105106 -0.014472 0.011257 0.011257 
476.000000 401 2.000000 1.609804 5.082033 -1.246779 -2.642736 8.538509 8.538509 
476.000000 402 2.000000 1.494047 4.693791 -4.217521 -2.915468 26.287440 26.287440 
476.000000 403 2.000000 1.500763 12.876314 -2.779576 2.528053 14.117093 14.117093 
476.000000 404 2.000000 1.098963 4.842877 -0.119783 -1.863471 3.486871 3.486871 
476.000000 405 2.000000 1.403851 7.401015 -1.731827 3.610251 16.033137 16.033137 
476.000000 406 2.000000 0.445220 18.983018 0.277003 3.575697 12.862337 12.862337 
476.000000 407 2.000000 0.166752 6.929672 1.111671 2.235378 6.232726 6.232726 
476.000000 408 2.000000 1.893768 13.792922 2.104185 -0.545761 4.725452 4.725452 
476.000000 409 2.000000 0.439219 5.471578 -0.248778 4.549846 20.762991 20.762991 
476.000000 410 2.000000 0.381449 6.474496 0.847661 4.980381 25.522722 25.522722 
476.000000 411 2.000000 1.852594 9.509533 0.903704 1.111060 2.051135 2.051135 
476.000000 412 2.000000 0.288202 3.045744 5.764018 -1.681389 36.050967 36.050967 
476.000000 413 2.000000 0.945376 9.974120 0.367004 -1.073089 1.286213 1.286213 
476.000000 414 2.000000 1.329077 17.894105 0.249794 2.691028 7.304029 7.304029 
476.000000 415 2.000000 1.134600 17.530832 -1.765553 1.492052 5.343395 5.343395 
476.000000 416 2.000000 1.911999 7.505065 -2.672484 2.683774 14.344817 14.344817 
476.000000 417 2.000000 1.024763 12.612747 0.068980 0.163662 0.031543 0.031543 
476.000000 418 2.000000 0.805435 11.694123 1.239130 1.203352 2.983499 2.983499 
476.000000 419 2.000000 0.393046 19.725646 -2.207933 -1.829020 8.220282 8.220282 
476.000000 420 2.000000 1.248932 13.488405 -3.353333 -3.039332 20.482385 20.482385 
476.000000 421 2.000000 0.217716 9.795536 -2.155853 2.377687 10.301099 10.301099 
476.000000 422 2.000000 0.882274 9.281864 0.653535 0.799527 1.066352 1.066352 
476.000000 423 2.000000 1.730487 8.106563 -1.853122 -0.074973 3.439682 3.439682 
476.000000 424 2.000000 0.520986 18.278564 -0.881038 1.517904 3.080259 3.080259 
476.000000 425 2.000000 0.839585 13.300260 -3.102041 -1.576409 12.107725 12.107725 
476.000000 426 2.000000 1.874981 14.455553 4.166623 -2.550464 23.865617 23.865617 
476.000000 427 2.000000 0.623472 9.018498 0.177595 -4.136791 17.144577 17.144577 
476.000000 428 2.000000 0.841876 6.002615 -0.209675 -1.501985 2.299922 2.299922 
476.000000 429 2.000000 0.432885 12.085345 -0.776021 -0.939200 1.484305 1.484305 
476.000000 430 2.000000 1.695727 1.938572 1.613978 3.877142 17.637152 17.637152 
476.000000 431 2.000000 0.077033 3.736796 1.540638 1.037940 3.450885 3.450885 
476.000000 432 2.000000 0.966933 4.242292 2.417329 -4.585179 26.867348 26.867348 
476.000000 433 2.000000 1.272024 10.979115 -4.304499 3.327004 29.597667 29.597667 
476.000000 434 2.000000 0.414533 0.699706 -0.146569 0.349852 0.143879 0.143879 
476.000000 435 2.000000 1.198971 7.565990 -0.165397 1.279382 1.664174 1.664174 
476.000000 436 2.000000 1.328154 9.993195 -2.957225 -8.005443 72.832307 72.832307 
476.000000 437 2.000000 1.589460 3.365288 4.541312 -0.129981 20.640408 20.640408 
476.000000 438 2.000000 0.000001 8.328416 6.348481 0.367350 40.438156 40.438156 
476.000000 439 2.000000 0.314063 16.631176 3.140617 1.109885 11.095322 11.095322 
476.000000 440 2.000000 1.596056 16.363937 0.742351 1.220745 2.041304 2.041304 
476.000000 441 2.000000 0.948561 13.181095 -0.339074 1.705332 3.023129 3.023129 
476.000000 442 2.000000 1.229741 5.785360 0.768588 0.770655 1.184637 1.184637 
476.000000 443 2.000000 0.608231 1.139711 -1.776358 0.422115 3.333627 3.333627 
476.000000 444 2.000000 0.946373 0.712068 2.703920 -0.694453 7.793446 7.793446 
476.000000 445 2.000000 1.467176 0.000001 -0.702653 2.226440 5.450758 5.450758 
476.000000 446 2.000000 1.133875 3.165072 -2.157934 -0.221327 4.705665 4.705665 
476.000000 447 2.000000 1.694353 2.887465 -2.214461 -3.422507 16.617388 16.617388 
476.000000 448 2.000000 1.382890 8.843649 -2.683547 0.948352 8.100796 8.100796 
476.000000 449 2.000000 1.168852 5.528435 3.339573 1.644416 13.856850 13.856850 
476.000000 450 2.000000 1.430687 8.837767 -1.107582 -1.465504 3.374440 3.374440 
476.000000 451 2.000000 0.503453 1.370269 0.314658 0.978763 1.056987 1.056987 
476.000000 452 2.000000 1.638795 16.884988 -0.123797 -0.808532 0.669050 0.669050 
476.000000 453 2.000000 0.055488 13.718944 -0.952559 2.881972 9.213131 9.213131 
476.000000 454 2.000000 1.830553 1.160569 -1.666915 -1.210058 4.242848 4.242848 
476.000000 455 2.000000 0.392395 12.629767 -2.800917 3.557681 20.502226 20.502226 
476.000000 456 2.000000 1.629843 14.669273 -2.859556 3.131014 17.980308 17.980308 
476.000000 457 2.000000 0.420674 9.925678 -1.000145 2.360245 6.571047 6.571047 
476.000000 458 2.000000 0.134197 4.937633 -5.117434 -0.934538 27.061495 27.061495 
476.000000 459 2.000000 0.228452 0.000001 2.284508 3.602931 18.200092 18.200092 
476.000000 460 2.000000 1.081323 18.409563 -1.883947 -0.589050 3.896237 3.896237 
476.000000 461 2.000000 1.304797 5.824407 2.174660 0.747129 5.287346 5.287346 
476.000000 462 2.000000 1.518799 5.262623 1.518798 -1.214821 3.782535 3.782535 
476.000000 463 2.000000 1.031741 14.697975 -0.021058 -1.078975 1.164630 1.164630 
476.000000 464 2.000000 1.033973 13.815272 0.646233 -1.767065 3.540135 3.540135 
476.000000 465 2.000000 0.346047 13.957840 -0.783691 0.510165 0.874440 0.874440 
476.000000 466 2.000000 1.905592 14.129657 4.234647 -0.347033 18.052667 18.052667 
476.000000 467 2.000000 1.142009 11.449962 -0.191076 -0.604014 0.401343 0.401343 
476.000000 468 2.000000 1.014390 15.552305 2.898255 -2.068695 12.679380 12.679380 
476.000000 469 2.000000 0.000001 8.043985 5.992930 -2.494740 42.138936 42.138936 
476.000000 470 2.000000 0.126169 4.668871 -5.140373 0.875638 27.190174 27.190174 
476.000000 471 2.000000 0.053067 10.263942 -1.526935 0.452905 2.536653 2.536653 
476.000000 472 2.000000 0.310905 11.403476 0.888297 -0.077502 0.795078 0.795078 
476.000000 473 2.000000 1.911999 9.530937 -5.886259 -0.892287 35.444223 35.444223 
476.000000 474 2.000000 1.015018 11.234180 -3.625925 -1.386324 15.069223 15.069223 
476.000000 475 2.000000 1.322789 7.874164 -0.260343 1.897389 3.667862 3.667862 
476.000000 476 2.000000 1.706757 15.051742 1.796585 -3.092660 12.792266 12.792266 
476.000000 477 2.000000 0.185168 14.647751 -1.271451 0.837662 2.318265 2.318265 
476.000000 478 2.000000 0.703246 19.190835 -4.873013 -3.236657 34.222207 34.222207 
476.000000 479 2.000000 1.026781 18.791163 -3.578873 -3.022090 21.941361 21.941361 
476.000000 480 2.000000 0.234662 12.974996 -2.070041 0.484205 4.519523 4.519523 
476.000000 481 2.000000 1.023215 17.613922 -0.315752 3.802134 14.555919 14.555919 
476.000000 482 2.000000 1.233351 5.033905 -1.169081 -0.432322 1.553652 1.553652 
476.000000 483 2.000000 0.405477 0.937792 -4.342348 -4.142558 36.016772 36.016772 
476.000000 484 2.000000 0.583029 6.993568 -1.193626 -0.017065 1.425034 1.425034 
476.000000 485 2.000000 1.852484 2.031597 1.610855 -0.483170 2.828305 2.828305 
476.000000 486 2.000000 1.539890 7.544062 0.126793 1.817846 3.320641 3.320641 
476.000000 487 2.000000 1.911999 9.389948 -2.064303 -2.069158 8.542762 8.542762 
476.000000 488 2.000000 1.610499 9.215335 -6.067990 2.254434 41.902981 41.902981 
476.000000 489 2.000000 1.021245 1.910246 2.553109 2.728921 13.965373 13.965373 
476.000000 490 2.000000 0.015290 19.007280 -1.934709 1.868282 7.233579 7.233579 
476.000000 491 2.000000 0.408147 19.999999 -4.350945 -8.889828 97.959758 97.959758 
476.000000 492 2.000000 0.154068 15.369034 3.081341 -0.030631 9.495599 9.495599 
476.000000 493 2.000000 0.118342 14.450910 1.183413 1.758029 4.491132 4.491132 
476.000000 494 2.000000 0.000001 7.285502 0.802871 3.167609 10.678351 10.678351 
476.000000 495 2.000000 0.208675 11.931284 -0.557035 1.682434 3.140872 3.140872 
476.000000 496 2.000000 1.698390 9.085285 2.719396 1.106258 8.618920 8.618920 
476.000000 497 2.000000 0.566628 12.728451 -1.784297 -0.674905 3.639211 3.639211 
476.000000 498 2.000000 0.000001 10.017718 1.702092 1.415616 4.901086 4.901086 
476.000000 499 2.000000 0.663858 9.813519 3.319285 -5.750199 44.082442 44.082442 
476.000000 500 2.000000 1.185763 18.935225 1.185762 -5.323868 29.749598 29.749598 
