606.000000 1 2.000000 0.000001 13.487289 2.313849 -5.210168 32.499749 32.499749 
606.000000 2 2.000000 0.754281 15.402324 3.165102 2.192547 14.825131 14.825131 
606.000000 3 2.000000 0.084577 14.621621 -2.034272 -7.653963 62.721405 62.721405 
606.000000 4 2.000000 0.588579 9.390222 1.471446 1.351362 3.991331 3.991331 
606.000000 5 2.000000 0.090270 5.175880 -1.010810 3.136896 10.861857 10.861857 
606.000000 6 2.000000 0.697888 1.441535 -0.863174 -5.928285 35.889628 35.889628 
606.000000 7 2.000000 0.716222 5.046890 -1.673285 0.762437 3.381193 3.381193 
606.000000 8 2.000000 0.607689 17.969808 12.153761 -4.511536 168.067858 168.067858 
606.000000 9 2.000000 0.782218 11.062902 -4.355626 0.256768 19.037408 19.037408 
606.000000 10 2.000000 0.382097 14.453882 8.445387 6.211237 109.904016 109.904016 
606.000000 11 2.000000 0.121835 14.127112 -2.509040 -2.997645 15.281154 15.281154 
606.000000 12 2.000000 0.532579 0.654467 -4.674198 -4.505033 42.143448 42.143448 
606.000000 13 2.000000 0.369434 19.196705 -1.801615 1.113115 4.484841 4.484841 
606.000000 14 2.000000 0.220633 14.000705 4.412639 -4.373868 38.602111 38.602111 
606.000000 15 2.000000 0.291648 5.470049 5.832945 -3.060214 43.388158 43.388158 
606.000000 16 2.000000 0.650349 18.662260 -6.993005 -0.187527 48.937280 48.937280 
606.000000 17 2.000000 0.819332 18.064728 2.731104 1.084999 8.636151 8.636151 
606.000000 18 2.000000 0.225768 7.272737 -1.720513 -1.765861 6.078431 6.078431 
606.000000 19 2.000000 0.122224 17.650235 -3.511099 -0.929214 13.191251 13.191251 
606.000000 20 2.000000 0.149453 8.063382 -3.402183 -6.617330 55.363905 55.363905 
606.000000 21 2.000000 0.893292 15.994250 -2.134147 -4.712646 26.763611 26.763611 
606.000000 22 2.000000 0.133835 18.737746 -1.732329 0.701813 3.493504 3.493504 
606.000000 23 2.000000 0.018299 14.236215 -2.804856 -0.272884 7.941684 7.941684 
606.000000 24 2.000000 0.162639 0.616795 3.252761 -9.940104 109.386132 109.386132 
606.000000 25 2.000000 0.830361 8.303837 -1.696382 -1.018073 3.914186 3.914186 
606.000000 26 2.000000 0.558801 11.050479 -2.205992 3.096473 14.454546 14.454546 
606.000000 27 2.000000 0.856652 4.348156 -0.955644 -0.931394 1.780751 1.780751 
606.000000 28 2.000000 0.256711 10.664597 -0.130233 -2.733434 7.488623 7.488623 
606.000000 29 2.000000 0.821806 6.852419 -3.563862 6.416538 53.873080 53.873080 
606.000000 30 2.000000 0.754816 15.968409 -2.451830 -0.822150 6.687401 6.687401 
606.000000 31 2.000000 0.469577 9.026272 1.878304 -0.410520 3.696554 3.696554 
606.000000 32 2.000000 0.210851 9.955066 4.217004 1.755844 20.866109 20.866109 
606.000000 33 2.000000 0.652609 18.155009 -2.414273 1.273495 7.450506 7.450506 
606.000000 34 2.000000 0.000001 15.411134 4.229557 3.836720 32.609571 32.609571 
606.000000 35 2.000000 0.497100 2.949597 1.420284 6.554658 44.980742 44.980742 
606.000000 36 2.000000 0.986735 5.193788 1.644556 1.554122 5.119859 5.119859 
606.000000 37 2.000000 0.696755 12.019891 -6.064873 2.929233 45.363092 45.363092 
606.000000 38 2.000000 0.047796 2.483880 -0.638746 -0.927090 1.267493 1.267493 
606.000000 39 2.000000 0.156343 19.999999 -8.436559 -6.632773 115.169207 115.169207 
606.000000 40 2.000000 0.976957 13.446421 3.907826 4.317781 33.914334 33.914334 
606.000000 41 2.000000 0.861163 19.046337 2.152904 5.616596 36.181149 36.181149 
606.000000 42 2.000000 0.052211 9.182712 -2.162398 -0.167993 4.704188 4.704188 
606.000000 43 2.000000 0.410940 4.638637 -2.356237 -2.666576 12.662479 12.662479 
606.000000 44 2.000000 0.822397 4.446658 1.174851 -4.256177 19.495317 19.495317 
606.000000 45 2.000000 0.660928 5.558551 -3.390705 -2.710076 18.841395 18.841395 
606.000000 46 2.000000 0.641384 0.000001 -2.390765 5.261680 33.401035 33.401035 
606.000000 47 2.000000 0.410196 9.517166 8.203904 -2.195798 72.125575 72.125575 
606.000000 48 2.000000 0.102864 11.783430 -1.993634 -2.698998 11.259169 11.259169 
606.000000 49 2.000000 0.354073 1.642170 -4.306174 4.105424 35.397634 35.397634 
606.000000 50 2.000000 0.000001 0.635200 3.655590 -3.256917 23.970849 23.970849 
606.000000 51 2.000000 0.539015 4.920237 -9.219688 -3.188199 95.167269 95.167269 
606.000000 52 2.000000 0.331758 14.541975 -0.470794 -2.529804 6.621553 6.621553 
606.000000 53 2.000000 0.189663 6.015027 -0.097412 -0.416988 0.183368 0.183368 
606.000000 54 2.000000 0.735444 3.367219 -2.492243 2.907463 14.664619 14.664619 
606.000000 55 2.000000 0.243867 6.541446 0.541925 -0.261994 0.362324 0.362324 
606.000000 56 2.000000 0.132347 19.844986 -3.470607 1.590523 14.574880 14.574880 
606.000000 57 2.000000 0.783125 19.745939 -4.337488 1.108763 20.043160 20.043160 
606.000000 58 2.000000 0.886895 5.877423 4.434468 0.697300 20.150733 20.150733 
606.000000 59 2.000000 0.061830 19.999999 -0.973797 -4.385989 20.185177 20.185177 
606.000000 60 2.000000 0.361549 4.413550 -0.621695 -1.682808 3.218347 3.218347 
606.000000 61 2.000000 0.479290 8.180235 3.195259 2.843263 18.293824 18.293824 
606.000000 62 2.000000 0.981182 18.607251 4.905904 7.328817 77.779450 77.779450 
606.000000 63 2.000000 0.462381 19.375246 -2.150473 -2.499013 10.869600 10.869600 
606.000000 64 2.000000 0.135881 16.766033 -0.960132 5.710707 33.534025 33.534025 
606.000000 65 2.000000 0.877494 0.322149 -0.204175 -1.804402 3.297554 3.297554 
606.000000 66 2.000000 0.262201 13.213012 -4.918650 3.737621 38.162934 38.162934 
606.000000 67 2.000000 0.172851 17.798500 0.576167 3.048308 9.624150 9.624150 
606.000000 68 2.000000 0.843790 19.338477 -1.562088 0.037979 2.441563 2.441563 
606.000000 69 2.000000 0.814209 10.011386 -3.715805 0.412236 13.977146 13.977146 
606.000000 70 2.000000 0.803312 4.974984 5.355404 2.743665 36.208049 36.208049 
606.000000 71 2.000000 0.303372 7.376655 0.356907 -0.707270 0.627614 0.627614 
606.000000 72 2.000000 0.539355 1.451358 5.393538 -3.467954 41.116957 41.116957 
606.000000 73 2.000000 0.508253 19.130034 -1.229366 -5.799766 35.148621 35.148621 
606.000000 74 2.000000 0.651002 2.081223 -2.326649 -4.300969 23.911633 23.911633 
606.000000 75 2.000000 0.634197 17.657736 -0.562772 0.684094 0.784697 0.784697 
606.000000 76 2.000000 0.001437 15.460808 -3.994247 2.294815 21.220185 21.220185 
606.000000 77 2.000000 0.387432 9.705799 -0.995514 -0.411555 1.160426 1.160426 
606.000000 78 2.000000 0.175448 18.654635 3.508934 -1.440984 14.389052 14.389052 
606.000000 79 2.000000 0.945653 18.873566 -1.086913 0.345690 1.300882 1.300882 
606.000000 80 2.000000 0.886174 17.054553 -2.276502 0.816150 5.848561 5.848561 
606.000000 81 2.000000 0.738225 8.610255 0.369112 -3.449367 12.034377 12.034377 
606.000000 82 2.000000 0.457427 7.956457 4.574264 -2.537002 27.360276 27.360276 
606.000000 83 2.000000 0.578884 15.522038 5.788829 3.694340 47.158695 47.158695 
606.000000 84 2.000000 0.224250 16.376341 1.494993 6.420704 43.460450 43.460450 
606.000000 85 2.000000 0.226776 4.054858 -1.189573 3.104769 11.054677 11.054677 
606.000000 86 2.000000 0.123276 13.201660 2.465504 -1.342655 7.881431 7.881431 
606.000000 87 2.000000 0.096867 18.944194 1.937313 6.922821 51.678634 51.678634 
606.000000 88 2.000000 0.000001 8.059912 5.583233 2.266444 36.309258 36.309258 
606.000000 89 2.000000 0.605248 6.405658 -2.631673 3.982308 22.784480 22.784480 
606.000000 90 2.000000 0.823613 18.005522 -1.763859 -2.490300 9.312791 9.312791 
606.000000 91 2.000000 0.169023 17.374005 3.380446 5.270785 39.208588 39.208588 
606.000000 92 2.000000 0.857552 17.726638 -2.848941 -1.523755 10.438296 10.438296 
606.000000 93 2.000000 0.309592 0.222798 0.349147 1.831494 3.476275 3.476275 
606.000000 94 2.000000 0.649785 5.584674 -1.000611 0.653111 1.427775 1.427775 
606.000000 95 2.000000 0.000001 11.493478 2.907463 1.104029 9.672222 9.672222 
606.000000 96 2.000000 0.300874 11.315743 2.005822 -3.076109 13.485766 13.485766 
606.000000 97 2.000000 0.217541 8.728272 -0.140591 -2.829941 8.028330 8.028330 
606.000000 98 2.000000 0.000001 0.485009 2.306892 0.117851 5.335642 5.335642 
606.000000 99 2.000000 0.169730 10.592066 3.394584 3.495091 23.738861 23.738861 
606.000000 100 2.000000 0.999999 5.056490 -3.298531 -1.720195 13.839374 13.839374 
606.000000 101 2.000000 0.952127 18.281826 9.521262 4.379599 109.835311 109.835311 
606.000000 102 2.000000 0.750707 8.759585 7.507061 -3.514008 68.704216 68.704216 
606.000000 103 2.000000 0.338757 14.647988 2.258371 0.979418 6.059500 6.059500 
606.000000 104 2.000000 0.285366 11.981248 -2.041809 -0.720152 4.687602 4.687602 
606.000000 105 2.000000 0.000001 11.308418 2.852994 0.545107 8.436718 8.436718 
606.000000 106 2.000000 0.729299 4.481362 0.541175 -2.859217 8.467993 8.467993 
606.000000 107 2.000000 0.372240 1.478394 7.444788 -1.846513 58.834471 58.834471 
606.000000 108 2.000000 0.999999 0.892347 -10.180697 -4.715212 125.879811 125.879811 
606.000000 109 2.000000 0.015860 19.512503 -3.936555 -4.874956 39.261654 39.261654 
606.000000 110 2.000000 0.755582 1.383784 -1.629445 2.767566 10.314509 10.314509 
606.000000 111 2.000000 0.639021 18.154842 -0.239811 0.669722 0.506036 0.506036 
606.000000 112 2.000000 0.656789 4.598648 -6.864190 3.687585 60.715394 60.715394 
606.000000 113 2.000000 0.560703 14.931432 -0.351437 -3.898898 15.324911 15.324911 
606.000000 114 2.000000 0.479624 15.172526 0.046642 -0.435193 0.191568 0.191568 
606.000000 115 2.000000 0.291230 4.371670 1.941526 -0.246852 3.830460 3.830460 
606.000000 116 2.000000 0.576782 18.745452 0.640868 0.110515 0.422925 0.422925 
606.000000 117 2.000000 0.932849 6.528792 2.332119 -1.469178 7.597262 7.597262 
606.000000 118 2.000000 0.332711 0.946961 -1.668221 -2.021064 6.867661 6.867661 
606.000000 119 2.000000 0.538615 2.850691 0.979297 -7.645664 59.415207 59.415207 
606.000000 120 2.000000 0.531679 8.405414 -1.873280 -1.673523 6.309855 6.309855 
606.000000 121 2.000000 0.277300 12.385362 -2.408996 3.928453 21.236003 21.236003 
606.000000 122 2.000000 0.807636 9.542303 1.794745 2.211893 8.113579 8.113579 
606.000000 123 2.000000 0.000001 18.029243 5.818816 -2.627674 40.763289 40.763289 
606.000000 124 2.000000 0.982671 1.985267 0.370819 -1.554224 2.553118 2.553118 
606.000000 125 2.000000 0.056237 19.781026 -1.715931 1.132762 4.227568 4.227568 
606.000000 126 2.000000 0.185493 2.471968 -2.327159 -3.995499 21.379683 21.379683 
606.000000 127 2.000000 0.809387 7.017261 -3.812231 -1.577136 17.020464 17.020464 
606.000000 128 2.000000 0.000001 17.600523 6.336016 -3.427823 51.895066 51.895066 
606.000000 129 2.000000 0.662006 9.715619 -3.379932 -2.526523 17.807262 17.807262 
606.000000 130 2.000000 0.999999 4.275590 -0.875511 6.107984 38.073988 38.073988 
606.000000 131 2.000000 0.257789 14.350939 -0.002115 4.457327 19.867773 19.867773 
606.000000 132 2.000000 0.219883 4.586325 -3.900582 -0.579684 15.550575 15.550575 
606.000000 133 2.000000 0.382742 14.389906 7.654828 2.170410 63.307069 63.307069 
606.000000 134 2.000000 0.019058 12.346056 -4.904705 0.619095 24.439405 24.439405 
606.000000 135 2.000000 0.392175 0.367513 8.823733 6.754677 123.483924 123.483924 
606.000000 136 2.000000 0.423663 18.757093 1.412208 -0.540626 2.286607 2.286607 
606.000000 137 2.000000 0.813856 13.047003 2.034636 3.162408 14.140571 14.140571 
606.000000 138 2.000000 0.015265 10.320625 -4.923672 1.972717 28.134161 28.134161 
606.000000 139 2.000000 0.471609 4.989612 1.347452 -1.064425 2.948627 2.948627 
606.000000 140 2.000000 0.903686 19.256418 -1.926265 -2.478604 9.853972 9.853972 
606.000000 141 2.000000 0.377973 15.356480 2.519811 1.720564 9.309784 9.309784 
606.000000 142 2.000000 0.673627 12.345796 -3.263722 -1.543333 13.033761 13.033761 
606.000000 143 2.000000 0.245799 19.999999 1.228991 -3.559115 14.177716 14.177716 
606.000000 144 2.000000 0.237607 16.271575 -2.178263 -7.456848 60.349412 60.349412 
606.000000 145 2.000000 0.309798 5.324021 -2.300669 -1.733737 8.298922 8.298922 
606.000000 146 2.000000 0.472051 6.956432 8.713141 6.203759 114.405446 114.405446 
606.000000 147 2.000000 0.363348 8.789733 4.016870 -0.673756 16.589192 16.589192 
606.000000 148 2.000000 0.740841 12.843926 4.938936 0.585328 24.735701 24.735701 
606.000000 149 2.000000 0.301674 17.546967 6.033468 -3.132493 46.215249 46.215249 
606.000000 150 2.000000 0.044600 11.911608 -2.729712 1.963248 11.305673 11.305673 
606.000000 151 2.000000 0.999999 14.019220 -5.614246 2.349031 37.037705 37.037705 
606.000000 152 2.000000 0.226293 15.837599 -5.158039 0.871787 27.365383 27.365383 
606.000000 153 2.000000 0.866782 12.751025 0.617129 4.403077 19.767934 19.767934 
606.000000 154 2.000000 0.999999 0.459605 -1.217499 1.149010 2.802528 2.802528 
606.000000 155 2.000000 0.459818 2.414758 -10.803621 1.978823 120.633967 120.633967 
606.000000 156 2.000000 0.700737 16.172457 1.557191 2.800023 10.264974 10.264974 
606.000000 157 2.000000 0.130816 12.148405 -0.137966 2.612560 6.844505 6.844505 
606.000000 158 2.000000 0.241109 11.092860 4.822153 3.643001 36.524615 36.524615 
606.000000 159 2.000000 0.637514 12.095528 2.125044 -4.344246 23.388283 23.388283 
606.000000 160 2.000000 0.696156 1.634372 1.547010 -3.432828 14.177546 14.177546 
606.000000 161 2.000000 0.290054 6.765562 1.933689 1.258010 5.321745 5.321745 
606.000000 162 2.000000 0.122043 9.516748 2.440842 7.047374 55.623189 55.623189 
606.000000 163 2.000000 0.910862 15.185696 6.072409 -2.776386 44.582476 44.582476 
606.000000 164 2.000000 0.107692 1.980863 -0.254499 1.467305 2.217755 2.217755 
606.000000 165 2.000000 0.020905 17.315103 -2.447736 0.725184 6.517304 6.517304 
606.000000 166 2.000000 0.999999 3.201763 -2.337651 -0.569570 5.789021 5.789021 
606.000000 167 2.000000 0.214783 8.662713 4.295646 -7.794415 79.205473 79.205473 
606.000000 168 2.000000 0.082986 11.130955 -1.765774 -2.396309 8.860254 8.860254 
606.000000 169 2.000000 0.655321 14.059443 2.621281 -1.860019 10.330787 10.330787 
606.000000 170 2.000000 0.717502 11.913186 -5.649935 -9.513898 122.436018 122.436018 
606.000000 171 2.000000 0.689347 6.416289 -0.776629 -0.539554 0.894271 0.894271 
606.000000 172 2.000000 0.312682 10.884052 -4.582113 -0.355226 21.121949 21.121949 
606.000000 173 2.000000 0.869045 11.553482 2.482983 2.686021 13.379914 13.379914 
606.000000 174 2.000000 0.455935 3.263179 1.823737 5.642949 35.168892 35.168892 
606.000000 175 2.000000 0.896419 9.451984 -2.071599 -5.701630 36.800100 36.800100 
606.000000 176 2.000000 0.794369 19.023955 1.222105 -3.904178 16.736145 16.736145 
606.000000 177 2.000000 0.999999 10.258053 -3.613668 -3.479266 25.163890 25.163890 
606.000000 178 2.000000 0.000001 3.290938 3.191332 0.982369 11.149649 11.149649 
606.000000 179 2.000000 0.690451 0.357115 4.603001 -4.618348 42.516750 42.516750 
606.000000 180 2.000000 0.641459 13.928723 4.276390 -2.064696 22.550476 22.550476 
606.000000 181 2.000000 0.118331 11.026901 2.366590 -1.556706 8.024085 8.024085 
606.000000 182 2.000000 0.000001 3.919777 3.186298 -3.603265 23.136013 23.136013 
606.000000 183 2.000000 0.149569 13.527480 -8.504297 -5.472323 102.269395 102.269395 
606.000000 184 2.000000 0.904910 4.412708 0.097712 2.262927 5.130385 5.130385 
606.000000 185 2.000000 0.170975 11.682791 -0.095379 -5.213944 27.194308 27.194308 
606.000000 186 2.000000 0.829318 16.687216 -3.413613 2.363470 17.238748 17.238748 
606.000000 187 2.000000 0.304864 4.819147 6.097263 -4.313138 55.779776 55.779776 
606.000000 188 2.000000 0.138203 2.790763 -5.745306 5.074113 58.755159 58.755159 
606.000000 189 2.000000 0.835868 13.865413 4.179334 1.304114 19.167545 19.167545 
606.000000 190 2.000000 0.045683 17.466619 -1.735120 3.363566 14.324221 14.324221 
606.000000 191 2.000000 0.123190 19.175128 -2.000332 4.743239 26.499645 26.499645 
606.000000 192 2.000000 0.410232 0.366266 -0.418003 -1.613508 2.778134 2.778134 
606.000000 193 2.000000 0.194513 5.294371 3.521527 3.611656 25.445213 25.445213 
606.000000 194 2.000000 0.999999 15.166106 -6.382889 -5.370992 69.588828 69.588828 
606.000000 195 2.000000 0.288627 9.639713 0.136721 1.696646 2.897299 2.897299 
606.000000 196 2.000000 0.150962 4.207967 -1.886750 0.369659 3.696473 3.696473 
606.000000 197 2.000000 0.795232 9.813421 3.180923 -0.183807 10.152054 10.152054 
606.000000 198 2.000000 0.268886 4.300506 5.377701 -1.390524 30.853223 30.853223 
606.000000 199 2.000000 0.811650 18.618799 -3.766989 -2.124923 18.705501 18.705501 
606.000000 200 2.000000 0.999999 9.907634 -7.670335 4.613724 80.120494 80.120494 
606.000000 201 2.000000 0.074568 9.428800 -3.084769 0.652269 9.941257 9.941257 
606.000000 202 2.000000 0.174645 7.982306 3.492885 -1.979896 16.120231 16.120231 
606.000000 203 2.000000 0.679526 10.500735 -1.281891 1.234967 3.168387 3.168387 
606.000000 204 2.000000 0.442404 19.836421 -5.575950 -3.271564 41.794350 41.794350 
606.000000 205 2.000000 0.500717 16.119420 1.669054 0.384847 2.933847 2.933847 
606.000000 206 2.000000 0.304535 10.690254 1.060542 -1.941151 4.892818 4.892818 
606.000000 207 2.000000 0.999999 11.614007 -6.037828 6.452225 78.086574 78.086574 
606.000000 208 2.000000 0.113851 16.241945 -0.129046 2.489528 6.214402 6.214402 
606.000000 209 2.000000 0.855300 14.853176 -2.893971 5.346275 36.957723 36.957723 
606.000000 210 2.000000 0.796765 6.142247 1.356980 -2.386665 7.537565 7.537565 
606.000000 211 2.000000 0.847863 9.438714 -0.338397 0.306471 0.208436 0.208436 
606.000000 212 2.000000 0.999999 18.981211 -2.287492 0.823476 5.910733 5.910733 
606.000000 213 2.000000 0.542080 8.909138 3.573085 -3.417635 24.447171 24.447171 
606.000000 214 2.000000 0.085414 7.734278 0.213533 0.910773 0.875104 0.875104 
606.000000 215 2.000000 0.574012 9.093513 -1.703948 0.437490 3.094834 3.094834 
606.000000 216 2.000000 0.000001 3.986390 1.547864 -5.691731 34.791684 34.791684 
606.000000 217 2.000000 0.888480 9.238400 1.221218 -3.296166 12.356084 12.356084 
606.000000 218 2.000000 0.395196 1.333736 2.634631 -1.575682 9.424055 9.424055 
606.000000 219 2.000000 0.999999 3.433381 -4.765296 0.279744 22.786298 22.786298 
606.000000 220 2.000000 0.402728 19.254072 -1.085947 6.755814 46.820310 46.820310 
606.000000 221 2.000000 0.544660 12.269621 -3.035592 1.451557 11.321837 11.321837 
606.000000 222 2.000000 0.214901 4.249358 -0.402614 -0.804980 0.810091 0.810091 
606.000000 223 2.000000 0.112647 4.088451 1.126464 -3.169337 11.313616 11.313616 
606.000000 224 2.000000 0.646044 15.589800 -0.039189 -1.907480 3.640017 3.640017 
606.000000 225 2.000000 0.590693 6.721132 1.476731 -1.012140 3.205161 3.205161 
606.000000 226 2.000000 0.000001 9.675577 2.867852 1.499392 10.472750 10.472750 
606.000000 227 2.000000 0.539047 4.711957 -1.317006 -1.867249 5.221125 5.221125 
606.000000 228 2.000000 0.831610 8.520556 -3.367787 -0.758700 11.917612 11.917612 
606.000000 229 2.000000 0.358964 16.288259 -3.205176 0.514266 10.537625 10.537625 
606.000000 230 2.000000 0.999999 12.889979 -6.780428 -1.519936 48.284406 48.284406 
606.000000 231 2.000000 0.687103 6.836993 -6.257916 0.158227 39.186550 39.186550 
606.000000 232 2.000000 0.383159 0.000001 -4.112266 5.946660 52.273500 52.273500 
606.000000 233 2.000000 0.408784 9.458438 8.175656 -2.692275 74.089699 74.089699 
606.000000 234 2.000000 0.139645 11.861144 1.396436 -4.528642 22.458633 22.458633 
606.000000 235 2.000000 0.160127 5.100130 -2.799574 0.069943 7.842505 7.842505 
606.000000 236 2.000000 0.176227 0.988964 -4.118859 1.098848 18.172464 18.172464 
606.000000 237 2.000000 0.999999 12.761035 -5.502391 -1.482881 32.475246 32.475246 
606.000000 238 2.000000 0.530356 11.024007 1.515299 2.867618 10.519367 10.519367 
606.000000 239 2.000000 0.000001 12.877905 7.635076 1.703015 61.194650 61.194650 
606.000000 240 2.000000 0.462140 9.590449 -3.585728 3.110235 22.531007 22.531007 
606.000000 241 2.000000 0.513099 14.234420 -3.246003 2.134483 15.092551 15.092551 
606.000000 242 2.000000 0.999999 18.333484 -7.222871 -2.734308 59.646305 59.646305 
606.000000 243 2.000000 0.304273 12.541855 -6.957263 0.590967 48.752746 48.752746 
606.000000 244 2.000000 0.616222 7.160748 -1.918884 -0.338684 3.796822 3.796822 
606.000000 245 2.000000 0.269273 6.671162 5.385434 3.959899 44.683698 44.683698 
606.000000 246 2.000000 0.000001 16.811674 4.365957 5.505134 49.368079 49.368079 
606.000000 247 2.000000 0.816699 5.063158 -3.665998 0.176950 13.470850 13.470850 
606.000000 248 2.000000 0.754121 3.543750 -4.917567 -7.539052 81.019774 81.019774 
606.000000 249 2.000000 0.999999 3.827993 -1.771738 0.777552 3.743642 3.743642 
606.000000 250 2.000000 0.249157 14.884540 0.355937 -2.176791 4.865110 4.865110 
606.000000 251 2.000000 0.504783 4.040000 2.523908 -7.426043 61.516233 61.516233 
606.000000 252 2.000000 0.072666 0.443907 -4.636667 -1.085175 22.676290 22.676290 
606.000000 253 2.000000 0.420903 4.857345 -1.654559 2.158820 7.398069 7.398069 
606.000000 254 2.000000 0.188980 9.402043 3.779574 -3.819065 28.870440 28.870440 
606.000000 255 2.000000 0.648568 6.959690 2.594269 -5.216123 33.938175 33.938175 
606.000000 256 2.000000 0.549612 10.807375 -4.503874 -0.525125 20.560638 20.560638 
606.000000 257 2.000000 0.935244 1.521045 0.927779 -3.515908 13.222381 13.222381 
606.000000 258 2.000000 0.701226 2.761580 1.168709 0.627698 1.759884 1.759884 
606.000000 259 2.000000 0.029263 12.049009 0.585244 -2.062564 4.596681 4.596681 
606.000000 260 2.000000 0.655720 8.554396 2.622876 0.902349 7.693711 7.693711 
606.000000 261 2.000000 0.999999 3.126892 -3.947351 -1.584410 18.091934 18.091934 
606.000000 262 2.000000 0.706745 13.382170 -0.977513 3.213936 11.284919 11.284919 
606.000000 263 2.000000 0.762481 16.731197 -4.750353 -1.319468 24.306851 24.306851 
606.000000 264 2.000000 0.441047 1.656863 2.205230 0.630741 5.260875 5.260875 
606.000000 265 2.000000 0.798128 15.730321 5.320848 -3.415742 39.978722 39.978722 
606.000000 266 2.000000 0.715825 10.644750 3.579121 -2.528446 19.203143 19.203143 
606.000000 267 2.000000 0.485790 3.457430 9.715787 0.013775 94.396708 94.396708 
606.000000 268 2.000000 0.398912 15.814013 0.398911 4.077363 16.784022 16.784022 
606.000000 269 2.000000 0.438217 4.330862 2.921443 1.730531 11.529567 11.529567 
606.000000 270 2.000000 0.525146 8.908191 2.638275 -2.176645 11.698276 11.698276 
606.000000 271 2.000000 0.422787 11.776384 -1.049477 1.450217 3.204531 3.204531 
606.000000 272 2.000000 0.999999 14.106463 -5.751166 4.782145 55.944823 55.944823 
606.000000 273 2.000000 0.207279 14.913999 -3.170881 -0.168646 10.082930 10.082930 
606.000000 274 2.000000 0.471144 16.990314 -2.115418 0.563680 4.792730 4.792730 
606.000000 275 2.000000 0.999999 7.854276 -7.934642 0.785078 63.574888 63.574888 
606.000000 276 2.000000 0.000001 11.370475 2.044856 0.512128 4.443712 4.443712 
606.000000 277 2.000000 0.690261 3.404167 -6.194766 -0.133603 38.392974 38.392974 
606.000000 278 2.000000 0.158813 4.950340 0.515712 2.568454 6.862915 6.862915 
606.000000 279 2.000000 0.224570 12.622357 2.245692 0.594827 5.396953 5.396953 
606.000000 280 2.000000 0.342806 11.368144 0.489721 0.218806 0.287703 0.287703 
606.000000 281 2.000000 0.823627 4.607310 6.547893 1.690622 45.733102 45.733102 
606.000000 282 2.000000 0.074891 19.999999 0.082439 -3.320944 11.035464 11.035464 
606.000000 283 2.000000 0.493728 4.509753 -5.062711 4.432689 45.279774 45.279774 
606.000000 284 2.000000 0.861901 13.678735 -2.761955 1.564070 10.074708 10.074708 
606.000000 285 2.000000 0.000001 11.065049 7.485673 -2.875577 64.304246 64.304246 
606.000000 286 2.000000 0.816909 6.104335 1.485287 -4.724959 24.531311 24.531311 
606.000000 287 2.000000 0.531635 0.745155 5.316341 -1.607370 30.847124 30.847124 
606.000000 288 2.000000 0.378657 8.792534 2.192008 0.293279 4.890910 4.890910 
606.000000 289 2.000000 0.000001 5.942937 6.253812 -0.500919 39.361078 39.361078 
606.000000 290 2.000000 0.419857 0.632137 1.243708 -4.394072 20.854683 20.854683 
606.000000 291 2.000000 0.452869 17.002881 -5.471297 1.435117 31.994650 31.994650 
606.000000 292 2.000000 0.503520 10.990942 5.035189 -1.704452 28.258283 28.258283 
606.000000 293 2.000000 0.320294 4.758084 1.601463 -6.002440 38.593965 38.593965 
606.000000 294 2.000000 0.323841 14.143408 6.476792 1.812105 45.232557 45.232557 
606.000000 295 2.000000 0.045029 7.838511 -1.736309 0.166505 3.042494 3.042494 
606.000000 296 2.000000 0.161887 2.059609 0.359746 0.516028 0.395702 0.395702 
606.000000 297 2.000000 0.575935 14.637712 -2.120322 -1.522110 6.812585 6.812585 
606.000000 298 2.000000 0.840481 16.967812 -0.797588 -2.636684 7.588251 7.588251 
606.000000 299 2.000000 0.546330 19.457927 -1.512230 -0.101244 2.297089 2.297089 
606.000000 300 2.000000 0.485150 12.166923 0.808581 -1.357085 2.495482 2.495482 
606.000000 301 2.000000 0.794085 2.453678 -1.372762 -6.455130 43.553179 43.553179 
606.000000 302 2.000000 0.999999 0.037301 -2.200972 -2.877668 13.125247 13.125247 
606.000000 303 2.000000 0.369686 13.598540 -0.877062 -3.365843 12.098138 12.098138 
606.000000 304 2.000000 0.401836 15.286822 -2.990816 1.475748 11.122816 11.122816 
606.000000 305 2.000000 0.736979 5.588501 2.456592 2.055626 10.260442 10.260442 
606.000000 306 2.000000 0.386314 11.737085 1.931563 -1.764244 6.843492 6.843492 
606.000000 307 2.000000 0.999999 17.100490 -2.553848 1.329754 8.290384 8.290384 
606.000000 308 2.000000 0.537945 12.126345 -3.080360 -3.085430 19.008496 19.008496 
606.000000 309 2.000000 0.755390 16.488648 2.517964 1.911041 9.992219 9.992219 
606.000000 310 2.000000 0.999999 13.785603 -1.937248 -1.633541 6.421385 6.421385 
606.000000 311 2.000000 0.814426 0.413439 2.714751 -2.537285 13.807689 13.807689 
606.000000 312 2.000000 0.948472 19.999999 3.793885 -1.098285 15.599797 15.599797 
606.000000 313 2.000000 0.420355 6.554746 2.101768 0.925715 5.274376 5.274376 
606.000000 314 2.000000 0.010332 3.513917 -2.199261 -0.027243 4.837490 4.837490 
606.000000 315 2.000000 0.538780 15.733928 -4.612190 0.482937 21.505525 21.505525 
606.000000 316 2.000000 0.792539 0.968547 -1.383065 0.224810 1.963409 1.963409 
606.000000 317 2.000000 0.202337 8.139263 -7.976620 -2.669930 70.754986 70.754986 
606.000000 318 2.000000 0.393232 14.445095 -1.364895 -4.567952 22.729125 22.729125 
606.000000 319 2.000000 0.738432 6.602458 1.846077 1.339750 5.202931 5.202931 
606.000000 320 2.000000 0.000001 13.034956 4.452241 -2.786017 27.584344 27.584344 
606.000000 321 2.000000 0.962059 6.211406 0.926309 -1.630938 3.518006 3.518006 
606.000000 322 2.000000 0.224825 8.292783 -3.875870 -2.004309 19.039622 19.039622 
606.000000 323 2.000000 0.044620 5.805972 -5.099096 -4.247245 44.039870 44.039870 
606.000000 324 2.000000 0.575812 1.422518 3.838741 0.513111 14.999215 14.999215 
606.000000 325 2.000000 0.354420 1.171474 -1.613947 0.702951 3.098965 3.098965 
606.000000 326 2.000000 0.798874 15.577929 -4.022496 -0.805393 16.829131 16.829131 
606.000000 327 2.000000 0.277057 11.588011 5.541120 -0.327712 30.811406 30.811406 
606.000000 328 2.000000 0.336625 5.769675 1.683121 0.543377 3.128153 3.128153 
606.000000 329 2.000000 0.642385 12.719592 1.167970 0.864435 2.111403 2.111403 
606.000000 330 2.000000 0.000001 5.446168 1.924052 1.186609 5.110019 5.110019 
606.000000 331 2.000000 0.673856 16.807234 6.738551 4.325682 64.119598 64.119598 
606.000000 332 2.000000 0.635850 10.201896 1.059749 1.342996 2.926707 2.926707 
606.000000 333 2.000000 0.467331 1.167698 1.038511 -1.446382 3.170524 3.170524 
606.000000 334 2.000000 0.058143 13.323214 -3.139519 0.734051 10.395409 10.395409 
606.000000 335 2.000000 0.400096 18.898165 -2.399611 0.061217 5.761881 5.761881 
606.000000 336 2.000000 0.130351 0.751731 -4.577129 -1.676170 23.759652 23.759652 
606.000000 337 2.000000 0.999999 16.194709 -1.690633 3.330712 13.951881 13.951881 
606.000000 338 2.000000 0.451327 2.204737 4.513263 -10.467801 129.944408 129.944408 
606.000000 339 2.000000 0.565306 2.477458 2.261219 -4.800696 28.159796 28.159796 
606.000000 340 2.000000 0.609744 18.774492 -2.601702 1.644439 9.473034 9.473034 
606.000000 341 2.000000 0.797722 4.616583 7.977208 -0.718710 64.152383 64.152383 
606.000000 342 2.000000 0.018448 4.190526 -1.963101 -4.323165 22.543527 22.543527 
606.000000 343 2.000000 0.354419 9.584312 -0.922257 -1.028539 1.908450 1.908450 
606.000000 344 2.000000 0.134360 6.425774 -0.245514 -2.245608 5.103030 5.103030 
606.000000 345 2.000000 0.115233 6.801906 -4.423831 -5.508936 49.918660 49.918660 
606.000000 346 2.000000 0.563535 0.219478 -2.138763 -4.278835 22.882732 22.882732 
606.000000 347 2.000000 0.911996 14.487639 1.425058 4.543803 22.676940 22.676940 
606.000000 348 2.000000 0.195392 5.288129 4.276531 1.046818 19.384550 19.384550 
606.000000 349 2.000000 0.004076 3.431817 -0.961108 -0.468946 1.143638 1.143638 
606.000000 350 2.000000 0.441805 7.211223 -3.721294 -4.522315 34.299363 34.299363 
606.000000 351 2.000000 0.121395 4.138687 -2.510298 1.084041 7.476742 7.476742 
606.000000 352 2.000000 0.195931 11.699472 -3.479498 2.759496 19.721727 19.721727 
606.000000 353 2.000000 0.233247 7.739379 0.233246 0.299091 0.143859 0.143859 
606.000000 354 2.000000 0.480071 6.942826 -4.471415 -3.231389 30.435430 30.435430 
606.000000 355 2.000000 0.579926 9.654546 0.263182 0.953830 0.979056 0.979056 
606.000000 356 2.000000 0.451034 17.601336 -5.489646 -3.019958 39.256354 39.256354 
606.000000 357 2.000000 0.734308 18.335843 -2.656911 4.256157 25.174051 25.174051 
606.000000 358 2.000000 0.874731 8.025511 1.345738 0.932386 2.680354 2.680354 
606.000000 359 2.000000 0.704263 7.896578 -1.478681 -3.863221 17.110972 17.110972 
606.000000 360 2.000000 0.559811 17.047190 2.799048 1.544220 10.219286 10.219286 
606.000000 361 2.000000 0.218602 3.897834 4.372027 -1.904684 22.742441 22.742441 
606.000000 362 2.000000 0.387069 18.988021 -4.086197 1.769864 19.829423 19.829423 
606.000000 363 2.000000 0.734426 5.045701 2.290202 -0.991080 6.227262 6.227262 
606.000000 364 2.000000 0.999999 15.881783 -4.040375 -2.380824 21.992950 21.992950 
606.000000 365 2.000000 0.003666 6.828856 -1.328444 2.060479 6.010338 6.010338 
606.000000 366 2.000000 0.017273 3.212029 0.345449 5.353381 28.778021 28.778021 
606.000000 367 2.000000 0.744391 5.508686 -5.112151 0.870403 26.891695 26.891695 
606.000000 368 2.000000 0.966358 0.507932 0.386543 -4.147248 17.349084 17.349084 
606.000000 369 2.000000 0.999999 4.047369 -10.179872 -1.824418 106.958304 106.958304 
606.000000 370 2.000000 0.403545 19.745215 -5.964540 7.861274 97.375370 97.375370 
606.000000 371 2.000000 0.046198 4.360105 -4.769003 7.278561 75.720837 75.720837 
606.000000 372 2.000000 0.831879 10.920560 -0.025360 -0.335116 0.112946 0.112946 
606.000000 373 2.000000 0.754156 16.837612 2.513849 0.726404 6.847098 6.847098 
606.000000 374 2.000000 0.282332 7.971419 1.882205 -2.527907 9.933010 9.933010 
606.000000 375 2.000000 0.000001 5.131134 3.445698 -2.454442 17.897120 17.897120 
606.000000 376 2.000000 0.743040 0.796299 0.209063 5.308655 28.225529 28.225529 
606.000000 377 2.000000 0.071211 4.733642 -2.321970 -5.360211 34.123409 34.123409 
606.000000 378 2.000000 0.240324 6.987223 -1.899186 -5.869333 38.055978 38.055978 
606.000000 379 2.000000 0.899780 11.540323 -1.002192 -0.835436 1.702342 1.702342 
606.000000 380 2.000000 0.691655 17.806708 -0.616688 -0.918090 1.223193 1.223193 
606.000000 381 2.000000 0.153643 0.549657 1.442706 -5.619248 33.657351 33.657351 
606.000000 382 2.000000 0.153099 17.080344 3.061957 1.139998 10.675178 10.675178 
606.000000 383 2.000000 0.476755 11.908491 1.191886 0.755528 1.991414 1.991414 
606.000000 384 2.000000 0.000001 9.680667 4.270595 -1.042580 19.324954 19.324954 
606.000000 385 2.000000 0.155893 14.799630 1.558915 -0.142293 2.450464 2.450464 
606.000000 386 2.000000 0.000001 17.846153 3.799307 -0.776927 15.038346 15.038346 
606.000000 387 2.000000 0.999999 19.789078 -4.742257 -0.078748 22.495204 22.495204 
606.000000 388 2.000000 0.223753 19.656919 -7.762464 2.989258 69.191508 69.191508 
606.000000 389 2.000000 0.115773 17.477143 1.157721 4.361386 20.362007 20.362007 
606.000000 390 2.000000 0.910773 5.182646 6.071811 5.598622 68.211460 68.211460 
606.000000 391 2.000000 0.280183 10.068858 -0.411323 7.192041 51.894636 51.894636 
606.000000 392 2.000000 0.431650 10.977125 -0.217745 -4.975180 24.799831 24.799831 
606.000000 393 2.000000 0.932667 7.213796 4.663328 1.655583 24.487585 24.487585 
606.000000 394 2.000000 0.000001 15.965610 4.588719 -2.114486 25.527398 25.527398 
606.000000 395 2.000000 0.635254 4.335356 -1.215818 -1.939355 5.239312 5.239312 
606.000000 396 2.000000 0.280259 15.067677 5.605160 -0.341578 31.534493 31.534493 
606.000000 397 2.000000 0.591837 3.252251 2.959181 -0.742613 9.308224 9.308224 
606.000000 398 2.000000 0.222541 6.644185 -3.109832 2.214728 14.576073 14.576073 
606.000000 399 2.000000 0.999999 12.123050 -4.110103 -4.964633 41.540531 41.540531 
606.000000 400 2.000000 0.210397 12.868854 4.207912 -3.634478 30.915954 30.915954 
606.000000 401 2.000000 0.598209 6.603884 -8.035797 0.662444 65.012866 65.012866 
606.000000 402 2.000000 0.086395 17.253223 1.727888 -0.176853 3.016874 3.016874 
606.000000 403 2.000000 0.640599 10.417749 0.460421 0.932808 1.082118 1.082118 
606.000000 404 2.000000 0.205190 0.152265 0.512972 3.045290 9.536931 9.536931 
606.000000 405 2.000000 0.224585 17.474829 -3.877069 -4.591217 36.110939 36.110939 
606.000000 406 2.000000 0.244590 4.130119 1.630595 -2.983147 11.558002 11.558002 
606.000000 407 2.000000 0.576135 5.994542 1.440336 -3.333017 13.183568 13.183568 
606.000000 408 2.000000 0.676601 14.941289 -3.233977 1.776030 13.612888 13.612888 
606.000000 409 2.000000 0.783119 17.833922 -4.337604 -0.238396 18.871644 18.871644 
606.000000 410 2.000000 0.403483 14.352676 -3.976775 4.453297 35.646599 35.646599 
606.000000 411 2.000000 0.999999 19.354810 -2.131190 -6.451888 46.168830 46.168830 
606.000000 412 2.000000 0.256377 2.306558 0.466138 0.372004 0.355672 0.355672 
606.000000 413 2.000000 0.000001 11.357404 5.133141 -3.319048 37.365211 37.365211 
606.000000 414 2.000000 0.624079 0.241555 4.160518 2.415541 23.144751 23.144751 
606.000000 415 2.000000 0.931580 13.426769 1.011644 0.788170 1.644636 1.644636 
606.000000 416 2.000000 0.461398 0.000001 4.613965 2.145571 25.892152 25.892152 
606.000000 417 2.000000 0.612121 18.465954 0.720141 0.290604 0.603053 0.603053 
606.000000 418 2.000000 0.270290 0.646399 -0.520492 -2.736388 7.758729 7.758729 
606.000000 419 2.000000 0.000001 0.538746 4.704731 0.724649 22.659612 22.659612 
606.000000 420 2.000000 0.292669 17.233283 -7.073298 -2.643465 57.019455 57.019455 
606.000000 421 2.000000 0.687092 15.664790 -3.129068 2.997119 18.773785 18.773785 
606.000000 422 2.000000 0.038066 0.984041 0.380653 -6.823507 46.705139 46.705139 
606.000000 423 2.000000 0.383260 13.808159 -1.159512 1.152794 2.673404 2.673404 
606.000000 424 2.000000 0.627880 6.999646 -3.721191 1.095921 15.048305 15.048305 
606.000000 425 2.000000 0.354765 8.192195 7.095277 5.105253 76.406565 76.406565 
606.000000 426 2.000000 0.594317 19.429457 2.971578 3.199715 19.068453 19.068453 
606.000000 427 2.000000 0.931075 4.928573 -0.689240 2.404181 6.255140 6.255140 
606.000000 428 2.000000 0.881782 14.063690 2.519374 -1.914939 10.014237 10.014237 
606.000000 429 2.000000 0.342890 1.977096 -3.285547 4.489819 30.953294 30.953294 
606.000000 430 2.000000 0.693500 5.036378 -3.064991 -3.485368 21.541960 21.541960 
606.000000 431 2.000000 0.699924 9.239896 -0.750186 6.372342 41.169516 41.169516 
606.000000 432 2.000000 0.642739 14.368612 4.284918 0.931566 19.228337 19.228337 
606.000000 433 2.000000 0.833308 10.809468 -1.666915 -3.084632 12.293559 12.293559 
606.000000 434 2.000000 0.988656 17.249834 1.157119 -3.834093 16.039193 16.039193 
606.000000 435 2.000000 0.257925 16.170350 2.579241 -2.756402 14.250236 14.250236 
606.000000 436 2.000000 0.623276 17.208900 2.493102 0.859183 6.953752 6.953752 
606.000000 437 2.000000 0.050013 12.723884 -0.612894 -8.084572 65.735945 65.735945 
606.000000 438 2.000000 0.000001 15.101352 5.060978 -10.885882 144.115929 144.115929 
606.000000 439 2.000000 0.328867 15.644930 3.288663 -1.528094 13.150378 13.150378 
606.000000 440 2.000000 0.438942 6.533807 4.389407 -1.305100 20.970179 20.970179 
606.000000 441 2.000000 0.660885 15.758889 -3.391140 3.939763 27.021563 27.021563 
606.000000 442 2.000000 0.717381 17.696820 0.364963 4.219671 17.938823 17.938823 
606.000000 443 2.000000 0.797431 16.783853 -2.025678 1.676133 6.912796 6.912796 
606.000000 444 2.000000 0.316696 0.234949 -4.974852 3.981456 40.601147 40.601147 
606.000000 445 2.000000 0.999999 18.880333 -1.218245 7.261666 54.215917 54.215917 
606.000000 446 2.000000 0.818041 16.629732 1.022550 1.534380 3.399931 3.399931 
606.000000 447 2.000000 0.649315 10.984909 -7.013682 0.290522 49.276144 49.276144 
606.000000 448 2.000000 0.893321 13.753376 1.786640 3.311396 14.157426 14.157426 
606.000000 449 2.000000 0.151763 10.114473 1.517617 4.458731 22.183443 22.183443 
606.000000 450 2.000000 0.403321 3.753492 2.688802 -3.697412 20.900516 20.900516 
606.000000 451 2.000000 0.306047 16.164714 -2.775808 -1.123551 8.967476 8.967476 
606.000000 452 2.000000 0.597705 16.140208 0.853863 3.796512 15.142590 15.142590 
606.000000 453 2.000000 0.846809 1.729989 -1.168772 0.768693 1.956918 1.956918 
606.000000 454 2.000000 0.646849 4.556327 -7.062996 6.075101 86.792772 86.792772 
606.000000 455 2.000000 0.434504 10.177726 -1.884983 3.672197 17.038192 17.038192 
606.000000 456 2.000000 0.156129 19.502703 3.122567 -1.243240 11.296073 11.296073 
606.000000 457 2.000000 0.624890 14.704097 -3.751092 -2.787317 21.839830 21.839830 
606.000000 458 2.000000 0.786923 15.363674 -4.261512 -4.225385 36.014362 36.014362 
606.000000 459 2.000000 0.630899 4.092307 4.205985 -4.296254 36.148111 36.148111 
606.000000 460 2.000000 0.501362 16.451213 0.401089 2.557932 6.703887 6.703887 
606.000000 461 2.000000 0.026630 9.221363 -2.163043 -2.350672 10.204414 10.204414 
606.000000 462 2.000000 0.492367 6.268982 -2.538162 0.945644 7.336507 7.336507 
606.000000 463 2.000000 0.068729 8.146048 -0.517372 -3.021362 9.396304 9.396304 
606.000000 464 2.000000 0.569417 13.766400 -1.230235 -1.725967 4.492441 4.492441 
606.000000 465 2.000000 0.999999 7.878918 -4.330134 -1.906449 22.384608 22.384608 
606.000000 466 2.000000 0.000001 8.501767 5.997035 2.263110 41.086092 41.086092 
606.000000 467 2.000000 0.567855 13.131519 3.785695 -3.194642 24.537223 24.537223 
606.000000 468 2.000000 0.999999 6.750357 -4.407954 -3.955117 35.073006 35.073006 
606.000000 469 2.000000 0.999999 11.381060 -5.609347 3.980383 47.308220 47.308220 
606.000000 470 2.000000 0.999999 2.952598 -12.593691 0.928912 159.463929 159.463929 
606.000000 471 2.000000 0.605720 17.313990 -7.885575 2.059660 66.424490 66.424490 
606.000000 472 2.000000 0.575727 1.696621 -8.485447 0.046509 72.004973 72.004973 
606.000000 473 2.000000 0.651361 11.011411 1.861028 -1.400830 5.425749 5.425749 
606.000000 474 2.000000 0.686470 18.252685 0.689963 1.603475 3.047181 3.047181 
606.000000 475 2.000000 0.651705 12.069879 -0.267883 0.724067 0.596035 0.596035 
606.000000 476 2.000000 0.744845 19.198209 -5.103078 4.016182 42.171122 42.171122 
606.000000 477 2.000000 0.071376 1.177114 1.427504 0.577545 2.371327 2.371327 
606.000000 478 2.000000 0.547222 16.663456 0.647365 -1.521769 2.734863 2.734863 
606.000000 479 2.000000 0.925280 19.538951 3.084263 2.564546 16.089570 16.089570 
606.000000 480 2.000000 0.000001 16.554769 3.587572 3.184966 23.014679 23.014679 
606.000000 481 2.000000 0.864938 8.095400 -1.350606 0.597552 2.181205 2.181205 
606.000000 482 2.000000 0.219306 5.364626 -7.806930 3.850160 75.771885 75.771885 
606.000000 483 2.000000 0.999999 1.839916 -8.908612 0.046546 79.365529 79.365529 
606.000000 484 2.000000 0.389484 2.731930 1.112809 -5.233494 28.627802 28.627802 
606.000000 485 2.000000 0.920891 18.328887 -1.582167 1.729449 5.494245 5.494245 
606.000000 486 2.000000 0.000001 0.645504 1.646896 2.540796 9.167910 9.167910 
606.000000 487 2.000000 0.164608 16.184112 -2.386830 2.243313 10.729414 10.729414 
606.000000 488 2.000000 0.843522 2.362938 -0.195596 7.876456 62.076818 62.076818 
606.000000 489 2.000000 0.542720 0.186998 -0.285799 -0.136357 0.100275 0.100275 
606.000000 490 2.000000 0.538248 1.809216 0.431049 -1.099904 1.395593 1.395593 
606.000000 491 2.000000 0.805777 18.145787 3.223103 2.093910 14.772849 14.772849 
606.000000 492 2.000000 0.942511 10.327363 0.845664 3.898747 15.915379 15.915379 
606.000000 493 2.000000 0.574491 2.685108 -4.255080 -4.577541 39.059592 39.059592 
606.000000 494 2.000000 0.999999 6.640541 -4.355222 -2.431161 24.878504 24.878504 
606.000000 495 2.000000 0.762369 10.579209 0.638350 3.357077 11.677454 11.677454 
606.000000 496 2.000000 0.570508 1.259978 1.901689 -0.245536 3.676711 3.676711 
606.000000 497 2.000000 0.411042 3.943362 2.740276 2.816686 15.442836 15.442836 
606.000000 498 2.000000 0.795755 14.685064 3.490642 -4.996624 37.150831 37.150831 
606.000000 499 2.000000 0.885627 2.106247 0.610777 -1.278272 2.007027 2.007027 
606.000000 500 2.000000 0.999999 13.252497 -0.982663 -1.708962 3.886178 3.886178 
