463.500000 1 2.000000 1.433795 16.434539 -1.626674 -5.942434 37.958584 37.958584 
463.500000 2 2.000000 1.068040 16.823150 2.373421 1.268274 7.241646 7.241646 
463.500000 3 2.000000 1.672124 12.403055 -0.671473 -2.822405 8.416847 8.416847 
463.500000 4 2.000000 1.260509 11.864684 0.808906 -4.415179 20.148138 20.148138 
463.500000 5 2.000000 1.468427 1.929615 -3.099905 0.964807 10.540265 10.540265 
463.500000 6 2.000000 0.557831 1.417884 1.859432 -0.129281 3.474202 3.474202 
463.500000 7 2.000000 2.386999 12.215258 -1.192390 -1.853510 4.857291 4.857291 
463.500000 8 2.000000 1.301091 19.646396 -3.335487 6.674066 55.668636 55.668636 
463.500000 9 2.000000 1.087834 15.993473 -1.077332 -1.954403 4.980335 4.980335 
463.500000 10 2.000000 1.067832 10.541992 -2.436486 1.189046 7.350292 7.350292 
463.500000 11 2.000000 2.202258 12.496366 -0.054593 -0.670645 0.452745 0.452745 
463.500000 12 2.000000 0.657647 13.530342 -0.329023 -0.990139 1.088632 1.088632 
463.500000 13 2.000000 0.656308 17.979160 0.937581 -4.490752 21.045913 21.045913 
463.500000 14 2.000000 1.184091 6.425094 0.119718 -0.717310 0.528866 0.528866 
463.500000 15 2.000000 0.600160 1.604177 -0.525620 0.479417 0.506117 0.506117 
463.500000 16 2.000000 1.318846 5.472811 -0.096173 -1.379567 1.912453 1.912453 
463.500000 17 2.000000 1.226688 17.134031 -1.585081 2.949012 11.209153 11.209153 
463.500000 18 2.000000 1.043979 5.203800 1.491397 0.433857 2.412497 2.412497 
463.500000 19 2.000000 1.263651 12.427587 -3.247567 1.830856 13.898725 13.898725 
463.500000 20 2.000000 0.430515 6.672997 2.152568 1.435053 6.692927 6.692927 
463.500000 21 2.000000 1.957825 15.517094 3.915648 5.747072 48.361126 48.361126 
463.500000 22 2.000000 1.669266 10.163621 0.893180 -3.300499 11.691061 11.691061 
463.500000 23 2.000000 0.405631 11.306124 -4.000735 -0.055717 16.008985 16.008985 
463.500000 24 2.000000 0.849877 18.784739 -0.464978 -2.700579 7.509330 7.509330 
463.500000 25 2.000000 1.311053 1.065853 -0.075513 0.560975 0.320395 0.320395 
463.500000 26 2.000000 0.000001 0.261574 2.087540 -1.175381 5.739345 5.739345 
463.500000 27 2.000000 0.306362 9.253280 1.225443 1.311899 3.222790 3.222790 
463.500000 28 2.000000 0.545037 5.592481 3.633573 -0.443196 13.399275 13.399275 
463.500000 29 2.000000 0.077288 4.819864 -2.237725 1.662022 7.769729 7.769729 
463.500000 30 2.000000 0.690097 19.027202 -3.123276 2.474850 15.879739 15.879739 
463.500000 31 2.000000 1.679704 9.173718 4.199256 -2.469661 23.732981 23.732981 
463.500000 32 2.000000 2.352860 1.969570 3.361227 -1.585338 13.811141 13.811141 
463.500000 33 2.000000 0.653740 2.091204 -1.442492 -1.062728 3.210176 3.210176 
463.500000 34 2.000000 0.312939 6.654752 -0.820664 1.448177 2.770706 2.770706 
463.500000 35 2.000000 2.275126 10.825257 4.550250 0.138357 20.723915 20.723915 
463.500000 36 2.000000 0.952247 15.972246 -2.245310 -3.235972 15.512933 15.512933 
463.500000 37 2.000000 0.812498 13.245398 -0.245355 2.011137 4.104870 4.104870 
463.500000 38 2.000000 2.386999 17.539782 -1.875788 0.589342 3.865907 3.865907 
463.500000 39 2.000000 0.510839 7.320923 0.638548 0.675818 0.864474 0.864474 
463.500000 40 2.000000 1.825591 13.593334 0.869329 -0.321409 0.859036 0.859036 
463.500000 41 2.000000 0.647465 10.785261 0.588604 -0.462167 0.560053 0.560053 
463.500000 42 2.000000 0.837984 1.478747 1.197118 -3.645372 14.721833 14.721833 
463.500000 43 2.000000 0.121996 12.584089 2.439897 2.904109 14.386948 14.386948 
463.500000 44 2.000000 2.386999 0.269146 -4.713543 0.122339 22.232455 22.232455 
463.500000 45 2.000000 0.314746 14.544041 1.573725 -0.948862 3.376950 3.376950 
463.500000 46 2.000000 0.639761 14.432860 -0.226852 -2.854943 8.202163 8.202163 
463.500000 47 2.000000 1.173650 4.872230 3.912163 -1.186536 16.712884 16.712884 
463.500000 48 2.000000 2.143675 11.418103 -1.660160 1.925814 6.464892 6.464892 
463.500000 49 2.000000 0.115691 10.605741 1.156899 5.160632 27.970540 27.970540 
463.500000 50 2.000000 1.719214 19.508498 -0.188308 -2.457506 6.074796 6.074796 
463.500000 51 2.000000 0.938330 13.992397 4.691644 2.144016 26.608331 26.608331 
463.500000 52 2.000000 0.928359 15.091800 -2.690072 -0.074833 7.242088 7.242088 
463.500000 53 2.000000 0.999476 13.994080 -3.121383 -1.154796 11.076590 11.076590 
463.500000 54 2.000000 0.036469 12.883815 0.729356 0.425231 0.712782 0.712782 
463.500000 55 2.000000 2.110551 12.715194 0.285209 -3.167307 10.113176 10.113176 
463.500000 56 2.000000 0.335482 6.949706 -0.173224 0.695035 0.513080 0.513080 
463.500000 57 2.000000 1.260459 15.843857 -3.256685 -2.131355 15.148675 15.148675 
463.500000 58 2.000000 0.702819 7.755893 3.514090 2.769961 20.021515 20.021515 
463.500000 59 2.000000 1.586794 5.860740 -0.211958 3.255966 10.646242 10.646242 
463.500000 60 2.000000 1.784487 9.517721 3.244520 1.942392 14.299799 14.299799 
463.500000 61 2.000000 0.000001 15.461659 1.237218 1.505187 3.796297 3.796297 
463.500000 62 2.000000 0.000001 11.599860 5.401668 2.391723 34.898357 34.898357 
463.500000 63 2.000000 0.625960 3.553573 -3.239890 -1.553644 12.910695 12.910695 
463.500000 64 2.000000 2.038518 4.041150 -2.361206 -4.763836 28.269421 28.269421 
463.500000 65 2.000000 2.280762 12.885508 -2.162738 2.527108 11.063711 11.063711 
463.500000 66 2.000000 0.515943 8.816288 -2.116951 1.334617 6.262684 6.262684 
463.500000 67 2.000000 1.321811 5.430766 1.888300 -1.172369 4.940125 4.940125 
463.500000 68 2.000000 0.667752 2.099334 -2.715242 -2.328931 12.796459 12.796459 
463.500000 69 2.000000 1.834008 13.648572 -3.724603 -3.457624 25.827833 25.827833 
463.500000 70 2.000000 1.191238 6.311487 -1.532702 -1.296913 4.031156 4.031156 
463.500000 71 2.000000 0.750652 3.683341 0.937643 0.258193 0.945839 0.945839 
463.500000 72 2.000000 1.082853 16.780093 -2.646292 4.442205 26.736048 26.736048 
463.500000 73 2.000000 0.201033 19.278119 -0.456295 -1.208051 1.667592 1.667592 
463.500000 74 2.000000 1.128397 3.210973 -0.442206 -0.319689 0.297748 0.297748 
463.500000 75 2.000000 0.816585 7.521087 -1.088967 2.952354 9.902247 9.902247 
463.500000 76 2.000000 2.199527 4.088501 -1.912723 -0.527570 3.936839 3.936839 
463.500000 77 2.000000 0.569203 9.487547 5.692021 1.790103 35.603567 35.603567 
463.500000 78 2.000000 1.022387 4.764959 1.858884 -3.423604 15.176519 15.176519 
463.500000 79 2.000000 0.536834 10.022314 -0.919031 0.366539 0.978969 0.978969 
463.500000 80 2.000000 1.467788 18.302394 0.715169 5.058235 26.097209 26.097209 
463.500000 81 2.000000 2.023449 1.510940 -0.845889 -1.238679 2.249855 2.249855 
463.500000 82 2.000000 1.012985 16.959102 -1.137211 1.620692 3.919893 3.919893 
463.500000 83 2.000000 0.573370 6.263979 2.293476 3.212296 15.578878 15.578878 
463.500000 84 2.000000 0.418798 18.675650 1.395990 -1.394052 3.892168 3.892168 
463.500000 85 2.000000 0.398132 11.176650 0.101036 1.364842 1.873002 1.873002 
463.500000 86 2.000000 0.372374 11.878455 2.482484 1.573305 8.638016 8.638016 
463.500000 87 2.000000 1.028376 6.157709 0.467443 -1.780581 3.388973 3.388973 
463.500000 88 2.000000 1.316680 11.581395 3.761941 -0.546302 14.450645 14.450645 
463.500000 89 2.000000 0.890232 4.813763 2.225577 0.695776 5.437298 5.437298 
463.500000 90 2.000000 0.644086 11.003834 -0.161000 -1.556293 2.447969 2.447969 
463.500000 91 2.000000 0.661075 14.422836 -2.919833 0.477044 8.752994 8.752994 
463.500000 92 2.000000 0.885693 12.832790 -1.402823 0.619103 2.351202 2.351202 
463.500000 93 2.000000 2.133449 12.223351 1.417718 -2.552586 8.525621 8.525621 
463.500000 94 2.000000 1.472384 16.930082 4.206808 -1.096399 18.899323 18.899323 
463.500000 95 2.000000 0.000001 2.027348 2.919658 1.843043 11.921209 11.921209 
463.500000 96 2.000000 0.513062 10.349603 3.420405 0.509353 11.958614 11.958614 
463.500000 97 2.000000 1.598482 13.263714 -1.352195 2.942001 10.483801 10.483801 
463.500000 98 2.000000 1.595766 19.747365 1.773072 -2.526339 9.526174 9.526174 
463.500000 99 2.000000 1.679626 8.290584 -1.806433 -1.075055 4.418942 4.418942 
463.500000 100 2.000000 1.924630 14.372100 0.269179 -0.093996 0.081292 0.081292 
463.500000 101 2.000000 0.201960 7.041316 4.039189 0.590314 16.663518 16.663518 
463.500000 102 2.000000 2.130731 11.785821 -1.746450 0.956008 3.964039 3.964039 
463.500000 103 2.000000 0.606136 14.364413 -0.780026 1.229781 2.120803 2.120803 
463.500000 104 2.000000 1.728216 1.925289 -1.501963 -1.684015 5.091801 5.091801 
463.500000 105 2.000000 1.946187 9.428111 -2.976747 -2.567692 15.454067 15.454067 
463.500000 106 2.000000 0.737999 15.283195 -0.471947 0.008769 0.222811 0.222811 
463.500000 107 2.000000 1.290066 18.687779 0.468512 -1.874599 3.733626 3.733626 
463.500000 108 2.000000 2.371011 4.989680 0.565926 -3.903384 15.556676 15.556676 
463.500000 109 2.000000 1.702059 0.963262 -1.994972 0.199078 4.019543 4.019543 
463.500000 110 2.000000 0.537245 12.329274 1.534982 -3.068290 11.770575 11.770575 
463.500000 111 2.000000 0.498565 0.158254 2.492818 -0.989384 7.193019 7.193019 
463.500000 112 2.000000 1.650729 12.894340 -1.265117 -2.842264 9.678982 9.678982 
463.500000 113 2.000000 0.107496 19.296049 2.746117 -0.585944 7.884487 7.884487 
463.500000 114 2.000000 0.742003 7.955373 2.473341 2.425847 12.002147 12.002147 
463.500000 115 2.000000 0.626456 10.665013 -0.771559 -3.522636 13.004271 13.004271 
463.500000 116 2.000000 1.582900 5.272480 0.343301 0.605633 0.484647 0.484647 
463.500000 117 2.000000 0.781539 16.398170 1.445439 0.497748 2.337046 2.337046 
463.500000 118 2.000000 1.553575 5.827779 -5.594160 0.535237 31.581108 31.581108 
463.500000 119 2.000000 1.098217 13.016364 0.813493 0.124638 0.677306 0.677306 
463.500000 120 2.000000 0.196988 14.994330 0.187607 -0.612329 0.410143 0.410143 
463.500000 121 2.000000 1.765912 14.174790 -1.812535 -0.623663 3.674237 3.674237 
463.500000 122 2.000000 1.246633 19.036929 -0.145541 -3.852279 14.861236 14.861236 
463.500000 123 2.000000 1.428135 10.968809 -2.168809 3.583941 17.548368 17.548368 
463.500000 124 2.000000 0.913819 8.677659 -2.072821 1.413275 6.293934 6.293934 
463.500000 125 2.000000 2.056362 4.641563 3.993845 0.570873 16.276693 16.276693 
463.500000 126 2.000000 0.662611 12.482429 -4.348969 -0.994942 19.903440 19.903440 
463.500000 127 2.000000 2.386999 12.264074 -2.968263 -2.275272 13.987449 13.987449 
463.500000 128 2.000000 0.048705 12.570476 -0.574537 2.314311 5.686126 5.686126 
463.500000 129 2.000000 1.621117 17.246840 -1.314470 -0.034814 1.729043 1.729043 
463.500000 130 2.000000 0.000001 16.805624 5.451076 -1.774653 32.863623 32.863623 
463.500000 131 2.000000 1.056482 19.440817 4.225923 -1.397955 19.812706 19.812706 
463.500000 132 2.000000 1.278248 11.510598 1.597809 2.325373 7.960353 7.960353 
463.500000 133 2.000000 2.037962 0.916821 -1.783185 -0.587613 3.525040 3.525040 
463.500000 134 2.000000 1.369058 7.650091 0.119479 -1.463619 2.156455 2.156455 
463.500000 135 2.000000 0.300616 5.114180 0.400820 -1.445648 2.250556 2.250556 
463.500000 136 2.000000 2.005417 19.687772 2.673888 -1.561136 9.586819 9.586819 
463.500000 137 2.000000 1.184034 15.599752 1.821589 0.259483 3.385519 3.385519 
463.500000 138 2.000000 1.838901 15.179019 1.471120 -4.591410 23.245240 23.245240 
463.500000 139 2.000000 0.305585 11.992078 -0.493648 -1.943487 4.020831 4.020831 
463.500000 140 2.000000 1.537966 3.296419 0.198104 -0.028387 0.040051 0.040051 
463.500000 141 2.000000 0.772163 19.999999 -0.135450 -1.999573 4.016638 4.016638 
463.500000 142 2.000000 2.123672 9.861703 -1.793515 0.822321 3.892910 3.892910 
463.500000 143 2.000000 0.584766 18.098868 -0.178483 2.806026 7.905637 7.905637 
463.500000 144 2.000000 2.215129 2.095505 0.623784 -3.352291 11.626961 11.626961 
463.500000 145 2.000000 1.111145 0.143331 -0.069223 2.866592 8.222143 8.222143 
463.500000 146 2.000000 0.667031 2.109620 1.706983 0.830157 3.602953 3.602953 
463.500000 147 2.000000 1.423687 10.854147 -1.615624 2.984730 11.518858 11.518858 
463.500000 148 2.000000 2.228779 17.260320 -0.330520 1.944101 3.888772 3.888772 
463.500000 149 2.000000 2.386999 10.941830 -1.614170 1.570019 5.070507 5.070507 
463.500000 150 2.000000 2.034101 13.548242 0.316141 0.057315 0.103230 0.103230 
463.500000 151 2.000000 0.770333 2.574808 -2.193554 -1.353253 6.642972 6.642972 
463.500000 152 2.000000 1.686488 17.877197 -3.540557 -1.698242 15.419565 15.419565 
463.500000 153 2.000000 0.312022 3.460539 2.080140 3.009164 13.382050 13.382050 
463.500000 154 2.000000 1.148995 16.943460 0.851107 -1.175592 2.106399 2.106399 
463.500000 155 2.000000 2.353764 12.808459 1.207058 -0.958872 2.376425 2.376425 
463.500000 156 2.000000 0.538738 12.461678 2.693687 -4.025310 23.459070 23.459070 
463.500000 157 2.000000 0.912369 6.622313 2.027485 2.006761 8.137787 8.137787 
463.500000 158 2.000000 0.725220 12.873161 4.834793 1.715651 26.318686 26.318686 
463.500000 159 2.000000 2.187571 10.205312 1.102494 0.817735 1.884183 1.884183 
463.500000 160 2.000000 0.162683 16.791514 -1.273731 2.491698 7.830952 7.830952 
463.500000 161 2.000000 1.686018 0.312541 -4.711208 -1.773645 25.341296 25.341296 
463.500000 162 2.000000 0.658870 14.543711 1.915701 -2.687615 10.893186 10.893186 
463.500000 163 2.000000 1.037961 10.451577 -0.637572 0.634321 0.808862 0.808862 
463.500000 164 2.000000 0.931105 1.680026 -2.464489 -1.903548 9.697203 9.697203 
463.500000 165 2.000000 2.028030 9.732330 -2.431128 -0.859219 6.648641 6.648641 
463.500000 166 2.000000 1.715837 6.683019 -0.709162 3.037126 9.727046 9.727046 
463.500000 167 2.000000 2.011444 0.333840 2.681925 0.667677 7.638512 7.638512 
463.500000 168 2.000000 0.613117 2.445176 -2.169296 2.005819 8.729153 8.729153 
463.500000 169 2.000000 0.327434 18.653519 -1.565332 0.653058 2.876749 2.876749 
463.500000 170 2.000000 1.448917 9.719599 0.524196 0.339920 0.390326 0.390326 
463.500000 171 2.000000 1.308732 14.058508 0.314157 -1.174204 1.477451 1.477451 
463.500000 172 2.000000 1.348891 16.020436 4.496302 0.046869 20.218925 20.218925 
463.500000 173 2.000000 0.733037 17.577914 -0.740176 -1.493423 2.778172 2.778172 
463.500000 174 2.000000 2.010178 9.147078 -1.294071 -0.604515 2.040058 2.040058 
463.500000 175 2.000000 0.479658 3.939612 0.268439 0.920774 0.919884 0.919884 
463.500000 176 2.000000 0.983727 1.581446 4.918628 -0.556989 24.503140 24.503140 
463.500000 177 2.000000 2.042704 1.584151 2.559020 0.661198 6.985764 6.985764 
463.500000 178 2.000000 2.229465 8.834310 2.972619 3.212476 19.156467 19.156467 
463.500000 179 2.000000 0.871209 19.272445 -3.406422 0.124172 11.619127 11.619127 
463.500000 180 2.000000 1.950601 16.784265 -2.219991 0.068457 4.933045 4.933045 
463.500000 181 2.000000 1.129019 8.892520 0.871022 -1.547813 3.154406 3.154406 
463.500000 182 2.000000 1.568659 3.705576 -3.311360 -1.203503 12.413521 12.413521 
463.500000 183 2.000000 2.146134 5.324739 0.141847 1.479094 2.207839 2.207839 
463.500000 184 2.000000 1.372805 18.678229 1.830406 -2.937266 11.977917 11.977917 
463.500000 185 2.000000 2.386999 15.555246 -1.748653 0.065226 3.062041 3.062041 
463.500000 186 2.000000 0.306784 16.903842 0.471973 2.284744 5.442814 5.442814 
463.500000 187 2.000000 0.688771 6.410900 3.443849 4.931461 36.179405 36.179405 
463.500000 188 2.000000 0.653273 5.929123 -1.545588 -3.310794 13.350202 13.350202 
463.500000 189 2.000000 0.000001 10.693729 2.812033 -0.040690 7.909185 7.909185 
463.500000 190 2.000000 0.141303 16.247659 2.826034 2.454815 14.012585 14.012585 
463.500000 191 2.000000 0.369002 17.663967 -1.438614 1.456255 4.190291 4.190291 
463.500000 192 2.000000 1.517115 7.640629 -0.332876 -0.521945 0.383232 0.383232 
463.500000 193 2.000000 0.641064 15.267873 2.136876 1.088061 5.750115 5.750115 
463.500000 194 2.000000 0.023221 3.676874 -2.093459 1.987499 8.332722 8.332722 
463.500000 195 2.000000 0.893063 16.607762 2.976874 1.581412 11.362641 11.362641 
463.500000 196 2.000000 1.412216 2.324207 4.707383 -1.575644 24.642106 24.642106 
463.500000 197 2.000000 1.456684 8.960509 0.832390 3.812982 15.231705 15.231705 
463.500000 198 2.000000 1.761647 9.684632 -0.190525 -0.662115 0.474696 0.474696 
463.500000 199 2.000000 1.696228 17.346378 4.240566 1.753386 21.056765 21.056765 
463.500000 200 2.000000 0.155551 19.447953 -1.978389 3.419845 15.609363 15.609363 
463.500000 201 2.000000 2.338286 15.737957 -0.525125 -2.756228 7.872551 7.872551 
463.500000 202 2.000000 2.105705 16.601670 -0.841698 -3.775921 14.966032 14.966032 
463.500000 203 2.000000 2.312346 1.918868 -1.531069 4.797166 25.356978 25.356978 
463.500000 204 2.000000 1.434425 17.435817 0.891420 -0.660489 1.230874 1.230874 
463.500000 205 2.000000 2.013743 18.696711 1.438387 -1.303288 3.767516 3.767516 
463.500000 206 2.000000 2.191423 13.904864 -3.949529 -0.515407 15.864420 15.864420 
463.500000 207 2.000000 1.193062 13.985924 -1.629916 -2.863845 10.858235 10.858235 
463.500000 208 2.000000 1.282800 13.535300 -1.337057 -2.052286 5.999598 5.999598 
463.500000 209 2.000000 2.252963 9.932751 0.644039 -0.957994 1.332540 1.332540 
463.500000 210 2.000000 2.305294 17.526330 1.773303 -2.748521 10.698971 10.698971 
463.500000 211 2.000000 1.582199 12.213959 1.318498 -1.708677 4.658014 4.658014 
463.500000 212 2.000000 0.458143 5.676637 -1.715266 1.831173 6.295333 6.295333 
463.500000 213 2.000000 1.978248 1.436585 4.396104 1.915445 22.994663 22.994663 
463.500000 214 2.000000 0.750460 17.368901 3.752294 1.528185 16.415063 16.415063 
463.500000 215 2.000000 0.000001 11.042972 2.253284 -1.699469 7.965486 7.965486 
463.500000 216 2.000000 1.141728 2.340105 -4.991978 -2.962295 33.695036 33.695036 
463.500000 217 2.000000 0.378190 4.618956 -2.152536 0.345690 4.752912 4.752912 
463.500000 218 2.000000 0.424330 7.767581 1.697317 -0.177706 2.912463 2.912463 
463.500000 219 2.000000 0.207718 19.680664 2.077175 -0.798337 4.951997 4.951997 
463.500000 220 2.000000 0.817650 17.719152 -1.149127 1.591951 3.854802 3.854802 
463.500000 221 2.000000 0.729844 16.307484 0.442329 0.544315 0.491934 0.491934 
463.500000 222 2.000000 1.494909 3.209907 3.322018 -0.141780 11.055904 11.055904 
463.500000 223 2.000000 0.527502 3.147026 -0.839998 -1.601599 3.270718 3.270718 
463.500000 224 2.000000 2.386999 3.784451 -1.987158 1.645413 6.656182 6.656182 
463.500000 225 2.000000 0.311128 4.932381 3.111269 2.348752 15.196634 15.196634 
463.500000 226 2.000000 0.221775 6.011621 4.435476 5.698364 52.144794 52.144794 
463.500000 227 2.000000 0.103347 3.220953 0.413385 -3.480111 12.282063 12.282063 
463.500000 228 2.000000 0.810947 4.198805 3.243785 -1.118449 11.773070 11.773070 
463.500000 229 2.000000 0.222155 2.547315 -3.130634 3.184143 19.939635 19.939635 
463.500000 230 2.000000 0.501823 0.881172 -2.938270 1.958157 12.467812 12.467812 
463.500000 231 2.000000 0.472203 14.902839 0.106749 0.787237 0.631137 0.631137 
463.500000 232 2.000000 1.854447 10.256925 0.168167 -0.670814 0.478272 0.478272 
463.500000 233 2.000000 0.702346 2.156747 2.809381 0.560321 8.206580 8.206580 
463.500000 234 2.000000 1.752502 10.755500 0.687255 1.463333 2.613664 2.613664 
463.500000 235 2.000000 2.216312 13.212283 -0.891433 1.492913 3.023442 3.023442 
463.500000 236 2.000000 0.316272 9.790851 -2.798969 0.042576 7.836040 7.836040 
463.500000 237 2.000000 2.179664 2.939541 -1.074677 -1.688218 4.005010 4.005010 
463.500000 238 2.000000 1.322938 0.356883 2.939860 3.568820 21.379250 21.379250 
463.500000 239 2.000000 0.511604 17.864602 -1.480612 -0.871591 2.951882 2.951882 
463.500000 240 2.000000 1.835217 11.108415 0.412408 0.056799 0.173307 0.173307 
463.500000 241 2.000000 2.021527 16.922491 -2.468829 -1.437174 8.160587 8.160587 
463.500000 242 2.000000 0.242477 5.339602 1.600434 0.066277 2.565782 2.565782 
463.500000 243 2.000000 1.380007 3.637723 0.987991 1.065687 2.111815 2.111815 
463.500000 244 2.000000 0.943535 1.067184 -2.924928 -0.423063 8.734188 8.734188 
463.500000 245 2.000000 1.048116 9.005123 2.994615 2.118852 13.457253 13.457253 
463.500000 246 2.000000 1.329627 17.750185 -3.059063 -0.692250 9.837077 9.837077 
463.500000 247 2.000000 1.316975 12.086514 1.468420 -0.736820 2.699160 2.699160 
463.500000 248 2.000000 1.266426 7.148245 2.644474 1.360351 8.843798 8.843798 
463.500000 249 2.000000 0.326631 5.350371 -0.166729 -3.827207 14.675312 14.675312 
463.500000 250 2.000000 2.319881 4.890836 5.306641 1.780332 31.330020 31.330020 
463.500000 251 2.000000 0.044467 13.899242 0.889330 1.695444 3.665438 3.665438 
463.500000 252 2.000000 2.216644 10.294501 -0.605851 2.341340 5.848927 5.848927 
463.500000 253 2.000000 1.148074 11.224962 -4.993699 2.025484 29.039613 29.039613 
463.500000 254 2.000000 0.295097 4.179556 -1.010978 -0.069710 1.026935 1.026935 
463.500000 255 2.000000 2.075914 13.064111 -2.111897 -1.166636 5.821146 5.821146 
463.500000 256 2.000000 1.310280 17.645544 -0.159516 -2.478374 6.167783 6.167783 
463.500000 257 2.000000 0.000001 6.849800 1.783171 0.938329 4.060160 4.060160 
463.500000 258 2.000000 1.270135 16.206274 -2.068662 -1.025331 5.330666 5.330666 
463.500000 259 2.000000 0.230102 16.399323 0.516239 -1.786173 3.456917 3.456917 
463.500000 260 2.000000 1.763297 16.165922 0.409468 -3.333980 11.283086 11.283086 
463.500000 261 2.000000 1.321575 11.653519 -1.560034 -2.782160 10.174121 10.174121 
463.500000 262 2.000000 1.304067 0.316235 -1.481910 -0.880668 2.971633 2.971633 
463.500000 263 2.000000 0.000001 5.275604 0.716905 -0.725170 1.039824 1.039824 
463.500000 264 2.000000 1.706652 17.134375 -1.981848 2.529009 10.323612 10.323612 
463.500000 265 2.000000 0.818850 12.212582 2.729496 -0.923452 8.302913 8.302913 
463.500000 266 2.000000 0.124859 19.294118 0.825995 -2.637587 7.639136 7.639136 
463.500000 267 2.000000 0.118888 5.985996 0.182902 -0.855208 0.764834 0.764834 
463.500000 268 2.000000 1.137869 16.778119 -5.034520 -0.870778 26.104646 26.104646 
463.500000 269 2.000000 1.901810 12.217077 -4.889890 -5.809301 57.658996 57.658996 
463.500000 270 2.000000 2.337753 3.471590 -0.366307 3.362139 11.438162 11.438162 
463.500000 271 2.000000 2.304880 12.384408 0.858707 -1.061637 1.864452 1.864452 
463.500000 272 2.000000 1.531746 12.552069 1.701938 3.746886 16.935749 16.935749 
463.500000 273 2.000000 1.962101 7.880883 0.789709 -3.287631 11.432158 11.432158 
463.500000 274 2.000000 2.380695 15.306870 2.505994 0.412732 6.450352 6.450352 
463.500000 275 2.000000 0.087177 11.643870 -2.337822 2.002097 9.473806 9.473806 
463.500000 276 2.000000 2.049260 5.491038 2.410893 -1.647375 8.526249 8.526249 
463.500000 277 2.000000 2.223919 7.423764 -1.668805 0.452314 2.989498 2.989498 
463.500000 278 2.000000 1.339349 1.507966 -1.534642 -1.918126 6.034335 6.034335 
463.500000 279 2.000000 0.151128 9.563382 0.604510 0.508628 0.624135 0.624135 
463.500000 280 2.000000 1.664572 12.811612 1.513246 -0.898329 3.096909 3.096909 
463.500000 281 2.000000 1.928307 4.917403 2.966625 -0.508290 9.059223 9.059223 
463.500000 282 2.000000 2.082297 3.450511 -3.085021 4.929301 33.815361 33.815361 
463.500000 283 2.000000 0.799372 19.280144 0.548847 3.509010 12.614385 12.614385 
463.500000 284 2.000000 2.174775 7.118301 0.215721 -1.453853 2.160226 2.160226 
463.500000 285 2.000000 1.574002 18.009703 -1.121996 -1.243935 2.806250 2.806250 
463.500000 286 2.000000 1.644962 15.335176 3.655469 1.407754 15.344227 15.344227 
463.500000 287 2.000000 0.270211 14.019556 1.801397 -1.709376 6.166999 6.166999 
463.500000 288 2.000000 1.147378 0.245406 3.278221 2.454052 16.769107 16.769107 
463.500000 289 2.000000 1.872139 13.561151 -2.612299 1.077851 7.985869 7.985869 
463.500000 290 2.000000 1.568363 1.331349 -1.675272 0.825557 3.488082 3.488082 
463.500000 291 2.000000 2.064111 2.684478 1.248937 -0.651558 1.984371 1.984371 
463.500000 292 2.000000 0.363666 0.626872 -1.001492 0.626871 1.395953 1.395953 
463.500000 293 2.000000 1.610718 16.566350 2.301025 -0.207313 5.337693 5.337693 
463.500000 294 2.000000 0.251773 7.077405 0.314714 -0.779196 0.706192 0.706192 
463.500000 295 2.000000 2.386999 15.586481 -2.924738 3.502580 20.822157 20.822157 
463.500000 296 2.000000 2.107322 19.388412 -1.902515 0.451689 3.823586 3.823586 
463.500000 297 2.000000 0.330646 0.556553 3.306452 1.011913 11.956590 11.956590 
463.500000 298 2.000000 1.626447 16.078683 -3.840761 -1.044802 15.843056 15.843056 
463.500000 299 2.000000 2.214346 3.504610 7.381150 0.809837 55.137209 55.137209 
463.500000 300 2.000000 1.175576 8.416943 -3.066559 0.818476 10.073686 10.073686 
463.500000 301 2.000000 1.309170 17.030333 2.380307 0.885470 6.449916 6.449916 
463.500000 302 2.000000 0.665670 3.455310 -0.663938 -0.287414 0.523420 0.523420 
463.500000 303 2.000000 1.609220 4.767994 -1.766397 -1.574712 5.599875 5.599875 
463.500000 304 2.000000 1.094352 14.415110 5.416170 0.346869 29.455219 29.455219 
463.500000 305 2.000000 0.305991 13.515226 2.039935 -0.476096 4.388003 4.388003 
463.500000 306 2.000000 1.742677 16.054854 -4.249002 -0.672485 18.506253 18.506253 
463.500000 307 2.000000 1.784055 0.906228 2.973423 -2.301325 14.137345 14.137345 
463.500000 308 2.000000 0.138053 6.805837 -0.167740 -2.814573 7.949958 7.949958 
463.500000 309 2.000000 2.150372 16.585070 1.228783 -0.750534 2.073209 2.073209 
463.500000 310 2.000000 1.277185 7.138146 3.401491 -0.993375 12.556933 12.556933 
463.500000 311 2.000000 1.360354 13.188251 0.932826 1.797743 4.102042 4.102042 
463.500000 312 2.000000 2.065309 6.214457 1.966960 -0.730911 4.403162 4.403162 
463.500000 313 2.000000 0.659659 11.801512 2.638630 -3.346321 18.160237 18.160237 
463.500000 314 2.000000 1.943952 9.548341 1.943951 -1.866368 7.262273 7.262273 
463.500000 315 2.000000 1.633562 9.155633 -1.544875 2.512458 8.699084 8.699084 
463.500000 316 2.000000 2.054277 4.103427 -3.365225 -0.039559 11.326304 11.326304 
463.500000 317 2.000000 1.117646 0.899966 0.456182 -1.127610 1.479606 1.479606 
463.500000 318 2.000000 0.067767 13.073546 -1.534279 -3.957973 18.019562 18.019562 
463.500000 319 2.000000 0.985196 3.154739 0.680878 -1.722768 3.431523 3.431523 
463.500000 320 2.000000 1.803317 17.933811 -1.205363 1.296314 3.133331 3.133331 
463.500000 321 2.000000 1.617079 11.568252 -2.604399 0.455570 6.990437 6.990437 
463.500000 322 2.000000 2.114609 12.601917 1.838790 1.369456 5.256558 5.256558 
463.500000 323 2.000000 2.119143 2.709528 -0.319954 -0.206792 0.145133 0.145133 
463.500000 324 2.000000 1.141227 19.596632 -3.597348 0.733709 13.479245 13.479245 
463.500000 325 2.000000 0.058038 3.009678 0.128972 -1.998594 4.011013 4.011013 
463.500000 326 2.000000 0.659521 17.270158 1.099200 -0.398504 1.367045 1.367045 
463.500000 327 2.000000 1.820287 14.258370 -0.577725 -2.551835 6.845629 6.845629 
463.500000 328 2.000000 0.865190 4.101417 -4.386025 -1.416994 21.245087 21.245087 
463.500000 329 2.000000 2.093373 4.566697 0.115805 1.597327 2.564864 2.564864 
463.500000 330 2.000000 1.076530 19.096712 -2.658939 1.481063 9.263504 9.263504 
463.500000 331 2.000000 1.602622 16.714687 -0.013028 -1.133056 1.283986 1.283986 
463.500000 332 2.000000 0.998449 16.766185 0.875631 -2.989180 9.701928 9.701928 
463.500000 333 2.000000 2.116261 6.021800 -1.391691 1.181559 3.332886 3.332886 
463.500000 334 2.000000 2.128773 8.263609 0.583225 3.305443 11.266106 11.266106 
463.500000 335 2.000000 0.364816 0.231662 3.648151 -2.804019 21.171533 21.171533 
463.500000 336 2.000000 2.084177 18.961295 -2.056810 1.058606 5.351115 5.351115 
463.500000 337 2.000000 1.666274 13.899755 3.702829 1.144013 15.019705 15.019705 
463.500000 338 2.000000 0.862802 1.606346 -3.848491 0.151297 14.833777 14.833777 
463.500000 339 2.000000 0.791771 7.454933 1.978089 1.110262 5.145517 5.145517 
463.500000 340 2.000000 0.939020 18.131908 3.130065 -4.670226 31.608319 31.608319 
463.500000 341 2.000000 1.137940 9.950481 -5.034238 -0.667752 25.789442 25.789442 
463.500000 342 2.000000 1.021628 16.848023 3.405422 -2.838657 19.654873 19.654873 
463.500000 343 2.000000 2.004504 12.861536 -0.065100 -0.780473 0.613376 0.613376 
463.500000 344 2.000000 0.260517 19.506643 0.226536 -1.409588 2.038256 2.038256 
463.500000 345 2.000000 0.257683 4.665246 1.717882 2.591803 9.668561 9.668561 
463.500000 346 2.000000 0.346133 3.112424 0.128197 -0.332575 0.127041 0.127041 
463.500000 347 2.000000 1.378697 6.919687 -2.918863 -0.495125 8.764912 8.764912 
463.500000 348 2.000000 2.109897 4.112115 -0.243261 -1.091772 1.251142 1.251142 
463.500000 349 2.000000 0.353660 16.526845 -0.749828 -0.661084 0.999275 0.999275 
463.500000 350 2.000000 1.773352 14.132583 -1.572118 -2.451673 8.482255 8.482255 
463.500000 351 2.000000 0.993230 5.084711 -1.279721 2.705044 8.954947 8.954947 
463.500000 352 2.000000 1.084003 7.651036 -1.340996 -2.352183 7.331037 7.331037 
463.500000 353 2.000000 0.000001 7.175562 1.746927 -4.347267 21.950480 21.950480 
463.500000 354 2.000000 0.470575 14.498976 0.133686 -2.448881 6.014890 6.014890 
463.500000 355 2.000000 1.929726 1.450712 1.608104 0.119637 2.600313 2.600313 
463.500000 356 2.000000 1.445194 13.461066 2.890386 2.540754 14.809760 14.809760 
463.500000 357 2.000000 2.009650 2.698786 -3.811495 3.598380 27.475836 27.475836 
463.500000 358 2.000000 1.786647 8.008228 -2.439406 2.651449 12.980888 12.980888 
463.500000 359 2.000000 0.912552 3.454565 -1.881059 -0.113001 3.551151 3.551151 
463.500000 360 2.000000 0.364712 16.730547 1.823555 1.032354 4.391108 4.391108 
463.500000 361 2.000000 1.673769 2.743776 -0.252636 -2.932951 8.666027 8.666027 
463.500000 362 2.000000 0.585561 18.963784 0.524545 -3.454050 12.205610 12.205610 
463.500000 363 2.000000 1.759809 2.003830 1.676008 1.335886 4.593594 4.593594 
463.500000 364 2.000000 0.818127 10.715996 -1.883732 -2.086293 7.901062 7.901062 
463.500000 365 2.000000 0.168570 8.436206 3.371382 -2.598605 18.118963 18.118963 
463.500000 366 2.000000 1.568084 3.600248 2.851061 1.333425 9.906568 9.906568 
463.500000 367 2.000000 1.169993 17.161000 1.231570 4.516052 21.911493 21.911493 
463.500000 368 2.000000 2.280015 6.089576 0.005286 -1.403994 1.971226 1.971226 
463.500000 369 2.000000 1.636131 7.375080 -1.706594 -1.185206 4.317177 4.317177 
463.500000 370 2.000000 0.772471 0.371725 -4.650936 0.137675 21.650162 21.650162 
463.500000 371 2.000000 0.312454 19.079003 0.035262 0.847939 0.720244 0.720244 
463.500000 372 2.000000 0.394949 19.155660 3.949480 2.170588 20.309850 20.309850 
463.500000 373 2.000000 2.210005 18.694334 -3.577875 1.839874 16.186331 16.186331 
463.500000 374 2.000000 1.025559 7.674865 -3.441599 1.963837 15.701261 15.701261 
463.500000 375 2.000000 0.058223 19.002121 0.582223 0.702691 0.832759 0.832759 
463.500000 376 2.000000 1.625702 10.211097 0.185646 -0.858257 0.771069 0.771069 
463.500000 377 2.000000 0.893162 10.271565 1.623928 -1.655602 5.378161 5.378161 
463.500000 378 2.000000 1.203821 18.013694 1.504775 -2.207006 7.135222 7.135222 
463.500000 379 2.000000 1.508580 7.036109 -0.801842 0.804127 1.289571 1.289571 
463.500000 380 2.000000 0.153587 2.650367 0.081553 -0.116167 0.020146 0.020146 
463.500000 381 2.000000 0.304105 12.671839 0.635887 -3.152204 10.340739 10.340739 
463.500000 382 2.000000 1.886870 18.575766 -0.255447 -1.780291 3.234691 3.234691 
463.500000 383 2.000000 1.788233 11.353203 2.384309 -1.405983 7.661717 7.661717 
463.500000 384 2.000000 1.576425 18.962134 -0.741018 0.563459 0.866594 0.866594 
463.500000 385 2.000000 0.912053 5.133164 -5.937786 0.771882 35.853098 35.853098 
463.500000 386 2.000000 0.668594 7.147993 -2.329207 1.444039 7.510453 7.510453 
463.500000 387 2.000000 1.193702 14.419248 1.193701 -1.716363 4.370825 4.370825 
463.500000 388 2.000000 1.884627 9.976080 -1.154382 0.562790 1.649330 1.649330 
463.500000 389 2.000000 1.331065 13.405458 0.106701 5.419108 29.378112 29.378112 
463.500000 390 2.000000 1.337803 11.824621 0.797652 -0.029702 0.637131 0.637131 
463.500000 391 2.000000 1.914514 3.846978 -0.982971 -4.735004 23.386491 23.386491 
463.500000 392 2.000000 2.236006 18.867648 1.881978 0.190969 3.578310 3.578310 
463.500000 393 2.000000 0.082645 0.489016 1.652883 0.150495 2.754670 2.754670 
463.500000 394 2.000000 1.280462 17.442992 -1.421171 -1.465331 4.166922 4.166922 
463.500000 395 2.000000 1.826938 11.031909 2.603245 -1.437540 8.843405 8.843405 
463.500000 396 2.000000 1.785051 11.289225 0.257917 2.096574 4.462146 4.462146 
463.500000 397 2.000000 2.313214 0.834278 3.304590 -3.422450 22.633477 22.633477 
463.500000 398 2.000000 0.320777 18.299160 -1.916383 -0.607442 4.041511 4.041511 
463.500000 399 2.000000 0.000001 2.380746 2.227445 -2.934705 13.574004 13.574004 
463.500000 400 2.000000 0.069058 14.749297 0.153460 0.023743 0.024114 0.024114 
463.500000 401 2.000000 0.605448 3.332700 4.036315 -1.394176 18.235564 18.235564 
463.500000 402 2.000000 2.282132 19.432733 -0.387556 -0.283633 0.230648 0.230648 
463.500000 403 2.000000 1.545648 11.550593 0.861450 -3.260950 11.375890 11.375890 
463.500000 404 2.000000 1.936686 14.326600 1.087427 0.626380 1.574849 1.574849 
463.500000 405 2.000000 0.235619 18.286921 1.178091 1.758729 4.481025 4.481025 
463.500000 406 2.000000 2.386999 2.944454 -2.022330 -2.240492 9.109621 9.109621 
463.500000 407 2.000000 1.562253 2.039862 -4.161729 3.708837 31.075461 31.075461 
463.500000 408 2.000000 1.540537 13.467980 -0.158930 -1.256158 1.603191 1.603191 
463.500000 409 2.000000 1.604174 0.631222 -2.647415 -1.431856 9.059019 9.059019 
463.500000 410 2.000000 0.255074 3.524281 2.550727 2.819424 14.455358 14.455358 
463.500000 411 2.000000 0.728768 5.420712 1.325031 -4.485934 21.879315 21.879315 
463.500000 412 2.000000 2.002357 7.643445 3.337259 2.371851 16.762974 16.762974 
463.500000 413 2.000000 2.203602 17.411615 0.795487 3.294467 11.486315 11.486315 
463.500000 414 2.000000 0.198900 5.086012 -0.592563 0.571037 0.677214 0.677214 
463.500000 415 2.000000 2.170931 3.809032 1.669946 2.116128 7.266718 7.266718 
463.500000 416 2.000000 2.331699 5.162861 0.626502 2.941764 9.046478 9.046478 
463.500000 417 2.000000 1.899201 0.162474 -1.121995 -2.418434 7.107697 7.107697 
463.500000 418 2.000000 0.437046 1.226036 0.273153 0.628736 0.469921 0.469921 
463.500000 419 2.000000 1.737701 2.475384 0.255861 1.231746 1.582662 1.582662 
463.500000 420 2.000000 0.640263 13.473883 0.110829 -4.977017 24.782984 24.782984 
463.500000 421 2.000000 0.246501 5.325774 1.248576 -0.096027 1.568162 1.568162 
463.500000 422 2.000000 2.266611 2.820338 -0.840588 1.311785 2.427368 2.427368 
463.500000 423 2.000000 2.344322 16.775203 -0.891538 -0.693504 1.275788 1.275788 
463.500000 424 2.000000 0.761483 7.293482 1.853583 0.088030 3.443520 3.443520 
463.500000 425 2.000000 0.299364 7.018439 -2.494041 1.576409 8.705307 8.705307 
463.500000 426 2.000000 0.939021 19.151553 -2.106540 1.138175 5.732953 5.732953 
463.500000 427 2.000000 1.615917 9.090671 -2.241091 2.706295 12.346519 12.346519 
463.500000 428 2.000000 1.952847 13.968185 -1.278435 -2.126086 6.154638 6.154638 
463.500000 429 2.000000 0.036400 19.040905 -0.644476 -1.030525 1.477330 1.477330 
463.500000 430 2.000000 2.144114 16.654493 -4.895701 0.625470 24.359104 24.359104 
463.500000 431 2.000000 1.364374 5.711747 0.080430 -0.708217 0.508040 0.508040 
463.500000 432 2.000000 1.366897 17.583128 -2.078203 -1.611247 6.915046 6.915046 
463.500000 433 2.000000 1.779599 19.982773 -4.087335 2.397373 22.453709 22.453709 
463.500000 434 2.000000 2.224227 1.219021 -0.444931 -1.278115 1.831543 1.831543 
463.500000 435 2.000000 2.180593 3.571152 1.246053 0.016494 1.552919 1.552919 
463.500000 436 2.000000 0.977773 0.147280 -0.760680 -4.963180 25.211786 25.211786 
463.500000 437 2.000000 0.480938 15.037939 3.206249 -0.512110 10.542286 10.542286 
463.500000 438 2.000000 2.052993 6.776355 5.132481 1.708616 29.261731 29.261731 
463.500000 439 2.000000 0.801045 16.805617 2.288698 1.353990 7.071428 7.071428 
463.500000 440 2.000000 2.035214 4.399806 -1.043100 1.419292 3.102448 3.102448 
463.500000 441 2.000000 0.643083 14.990273 0.918688 -2.783181 8.590085 8.590085 
463.500000 442 2.000000 2.202093 18.315789 -1.887056 -2.807017 11.440325 11.440325 
463.500000 443 2.000000 1.167971 6.209572 -2.476056 -1.326586 7.890687 7.890687 
463.500000 444 2.000000 0.061801 6.084728 -1.898158 0.335185 3.715354 3.715354 
463.500000 445 2.000000 2.239889 12.059572 -0.283184 -0.763797 0.663578 0.663578 
463.500000 446 2.000000 0.467596 14.474548 1.558649 1.031784 3.493966 3.493966 
463.500000 447 2.000000 0.700922 13.847233 0.934562 0.326209 0.979818 0.979818 
463.500000 448 2.000000 0.121069 17.197848 2.421362 0.477925 6.091406 6.091406 
463.500000 449 2.000000 1.477833 5.179175 -3.068555 -0.761691 9.996201 9.996201 
463.500000 450 2.000000 1.832309 10.667505 2.624248 -2.830904 14.900696 14.900696 
463.500000 451 2.000000 1.587722 10.647074 1.535185 -0.973711 3.304905 3.304905 
463.500000 452 2.000000 1.500345 19.999999 -0.302673 -2.265660 5.224826 5.224826 
463.500000 453 2.000000 0.307523 12.983705 6.150439 -2.750674 45.394110 45.394110 
463.500000 454 2.000000 0.000001 17.243126 1.657774 -0.861523 3.490435 3.490435 
463.500000 455 2.000000 1.824634 12.321970 -1.758885 2.189458 7.887401 7.887401 
463.500000 456 2.000000 0.553798 4.707455 -1.445984 -0.188347 2.126345 2.126345 
463.500000 457 2.000000 0.586000 11.022858 -3.312543 -3.989841 26.891771 26.891771 
463.500000 458 2.000000 2.370646 14.037240 1.102625 -2.773376 8.907398 8.907398 
463.500000 459 2.000000 0.815082 16.275311 5.433876 3.921761 44.907216 44.907216 
463.500000 460 2.000000 1.748199 4.588129 5.827328 -2.131659 38.501718 38.501718 
463.500000 461 2.000000 0.466834 2.208069 0.156279 -3.384770 11.481090 11.481090 
463.500000 462 2.000000 1.337430 1.172845 -0.960644 0.602407 1.285730 1.285730 
463.500000 463 2.000000 1.491917 11.074316 -0.143444 0.420250 0.197187 0.197187 
463.500000 464 2.000000 2.078132 13.546588 3.197124 0.497493 10.469104 10.469104 
463.500000 465 2.000000 0.388572 9.679886 -5.034067 1.561272 27.779398 27.779398 
463.500000 466 2.000000 1.961286 12.652198 -0.042744 0.494308 0.246167 0.246167 
463.500000 467 2.000000 1.927399 16.001222 0.448722 -0.807411 0.853264 0.853264 
463.500000 468 2.000000 0.873633 1.265887 -2.366255 -2.068695 9.878661 9.878661 
463.500000 469 2.000000 2.076879 12.765950 4.004611 1.514727 18.331308 18.331308 
463.500000 470 2.000000 1.944802 6.589079 0.793796 5.068521 26.320022 26.320022 
463.500000 471 2.000000 1.162216 3.594001 -0.718435 -4.761841 23.191275 23.191275 
463.500000 472 2.000000 1.622887 15.773977 -5.132079 -0.465416 26.554851 26.554851 
463.500000 473 2.000000 2.116652 0.280437 -5.444936 -1.424700 31.677097 31.677097 
463.500000 474 2.000000 1.470758 18.476859 3.676891 1.682701 16.351013 16.351013 
463.500000 475 2.000000 1.360817 16.457045 0.632938 3.195542 10.612102 10.612102 
463.500000 476 2.000000 0.105527 17.216583 0.071471 0.961327 0.929257 0.929257 
463.500000 477 2.000000 1.367211 17.382539 -0.130437 -4.037695 16.319993 16.319993 
463.500000 478 2.000000 0.983965 9.102099 1.639941 -1.684040 5.525396 5.525396 
463.500000 479 2.000000 0.233210 10.750681 -5.422471 -0.074366 29.408727 29.408727 
463.500000 480 2.000000 2.159859 11.477843 -1.552265 -1.352723 4.239386 4.239386 
463.500000 481 2.000000 1.566211 14.851173 -8.245882 -1.906972 71.631117 71.631117 
463.500000 482 2.000000 0.541849 14.481527 2.167391 -0.873420 5.460446 5.460446 
463.500000 483 2.000000 2.386999 2.177455 -2.537239 -3.034262 15.644330 15.644330 
463.500000 484 2.000000 0.375510 6.766042 1.877544 0.685766 3.995447 3.995447 
463.500000 485 2.000000 0.551035 19.607133 -2.660806 -1.571464 9.549385 9.549385 
463.500000 486 2.000000 0.440099 16.026949 -0.824922 -1.948444 4.476930 4.476930 
463.500000 487 2.000000 1.621628 10.862121 -3.864855 0.825768 15.619000 15.619000 
463.500000 488 2.000000 2.296651 8.565876 -1.844962 0.337796 3.517990 3.517990 
463.500000 489 2.000000 0.869381 17.380022 -0.388397 2.564444 6.727227 6.727227 
463.500000 490 2.000000 0.649553 11.085534 -3.512892 -3.695003 25.993453 25.993453 
463.500000 491 2.000000 0.158205 8.669666 -0.256892 0.786347 0.684334 0.684334 
463.500000 492 2.000000 1.281835 17.998371 6.409170 0.288963 41.160958 41.160958 
463.500000 493 2.000000 0.862603 15.942964 2.875339 1.741820 11.301513 11.301513 
463.500000 494 2.000000 1.079683 18.585858 0.674801 1.257703 2.037173 2.037173 
463.500000 495 2.000000 0.355715 1.237753 3.557144 -0.168183 12.681557 12.681557 
463.500000 496 2.000000 2.133205 11.658624 -0.522690 -0.477262 0.500984 0.500984 
463.500000 497 2.000000 0.249436 16.588524 -1.629031 0.652473 3.079463 3.079463 
463.500000 498 2.000000 1.259086 14.408487 2.518170 -3.388795 17.825114 17.825114 
463.500000 499 2.000000 1.119873 4.797571 0.699920 4.361428 19.511939 19.511939 
463.500000 500 2.000000 2.240684 12.975510 1.518693 -1.899509 5.914564 5.914564 
