273.500000 1 2.000000 8.048653 19.132824 -0.880349 -0.346870 0.895333 0.895333 
273.500000 2 2.000000 9.105100 9.983647 0.023700 -0.245310 0.060739 0.060739 
273.500000 3 2.000000 5.138565 14.628023 0.331520 -0.445807 0.308650 0.308650 
273.500000 4 2.000000 2.904024 3.875629 0.558466 1.649203 3.031756 3.031756 
273.500000 5 2.000000 7.749734 19.988727 -0.738855 0.776261 1.148488 1.148488 
273.500000 6 2.000000 9.436257 8.098188 -0.720969 0.602096 0.882316 0.882316 
273.500000 7 2.000000 4.418639 14.602592 0.205798 2.134128 4.596856 4.596856 
273.500000 8 2.000000 0.367395 6.048392 0.918485 -1.561815 3.282881 3.282881 
273.500000 9 2.000000 6.022199 18.120849 -0.116962 -0.270381 0.086786 0.086786 
273.500000 10 2.000000 2.845870 14.241655 0.102651 -0.018203 0.010869 0.010869 
273.500000 11 2.000000 8.123008 11.476455 1.136539 -0.087289 1.299341 1.299341 
273.500000 12 2.000000 0.228600 9.826482 1.142993 0.230051 1.359357 1.359357 
273.500000 13 2.000000 7.335752 5.718952 0.158118 1.207681 1.483495 1.483495 
273.500000 14 2.000000 1.749491 0.415864 0.085550 -0.594656 0.360934 0.360934 
273.500000 15 2.000000 7.810976 7.566216 0.531643 -0.734833 0.822624 0.822624 
273.500000 16 2.000000 6.567967 2.527204 1.094364 0.956868 2.113227 2.113227 
273.500000 17 2.000000 7.978819 3.922326 1.491368 0.228042 2.276181 2.276181 
273.500000 18 2.000000 0.744428 11.987836 0.286318 0.621131 0.467782 0.467782 
273.500000 19 2.000000 1.421969 8.046818 -0.204641 1.889397 3.611699 3.611699 
273.500000 20 2.000000 4.613286 10.494738 0.095742 1.371861 1.891169 1.891169 
273.500000 21 2.000000 0.908972 16.313078 0.865687 0.036344 0.750735 0.750735 
273.500000 22 2.000000 8.506143 4.320184 0.333550 -0.823215 0.788938 0.788938 
273.500000 23 2.000000 5.466196 18.799544 -0.838210 2.773147 8.392939 8.392939 
273.500000 24 2.000000 3.142716 13.781778 -1.143006 -0.264605 1.376478 1.376478 
273.500000 25 2.000000 0.923198 9.297387 -0.735494 1.133828 1.826516 1.826516 
273.500000 26 2.000000 8.293246 8.507840 -0.729449 0.258967 0.599160 0.599160 
273.500000 27 2.000000 1.555842 13.652942 -2.122094 0.918399 5.346739 5.346739 
273.500000 28 2.000000 1.010692 11.229184 -0.542182 0.387964 0.444477 0.444477 
273.500000 29 2.000000 4.212989 7.084783 0.210496 0.200594 0.084546 0.084546 
273.500000 30 2.000000 0.381615 8.900278 -0.247624 2.282122 5.269400 5.269400 
273.500000 31 2.000000 7.125896 8.571836 -0.690922 -1.012304 1.502132 1.502132 
273.500000 32 2.000000 9.180306 7.380507 -0.296602 -1.106973 1.313362 1.313362 
273.500000 33 2.000000 4.976000 0.204434 -0.510551 0.272577 0.334961 0.334961 
273.500000 34 2.000000 8.728038 7.363606 -0.152897 -0.029692 0.024259 0.024259 
273.500000 35 2.000000 5.702357 17.382207 -0.284350 0.019801 0.081247 0.081247 
273.500000 36 2.000000 4.650922 0.082478 -0.624518 1.649550 3.111037 3.111037 
273.500000 37 2.000000 0.183035 1.735295 -1.102855 0.304438 1.308971 1.308971 
273.500000 38 2.000000 8.798022 3.489979 1.814025 1.702428 6.188949 6.188949 
273.500000 39 2.000000 8.825818 1.653525 0.515457 -1.216350 1.745203 1.745203 
273.500000 40 2.000000 7.487969 15.787641 -0.567758 0.674685 0.777549 0.777549 
273.500000 41 2.000000 3.215620 18.831764 1.004881 0.459904 1.221297 1.221297 
273.500000 42 2.000000 9.606999 13.031186 -3.798811 -0.487810 14.668925 14.668925 
273.500000 43 2.000000 3.780020 12.750996 3.436381 0.335932 11.921567 11.921567 
273.500000 44 2.000000 8.651158 4.844150 1.471222 0.546171 2.462798 2.462798 
273.500000 45 2.000000 7.350598 5.749067 1.176096 -0.842047 2.092244 2.092244 
273.500000 46 2.000000 7.620869 7.876058 -0.380436 1.529331 2.483587 2.483587 
273.500000 47 2.000000 5.531483 17.047052 -1.772262 -1.554183 5.556397 5.556397 
273.500000 48 2.000000 7.645393 17.693115 -0.021776 -0.518401 0.269214 0.269214 
273.500000 49 2.000000 8.569746 6.953544 -0.583923 -0.132113 0.358420 0.358420 
273.500000 50 2.000000 4.191623 7.294740 1.586759 -0.062381 2.521695 2.521695 
273.500000 51 2.000000 1.460287 7.481315 -0.372567 1.010988 1.160904 1.160904 
273.500000 52 2.000000 8.489998 17.016803 1.081528 -0.230102 1.222650 1.222650 
273.500000 53 2.000000 2.625951 7.138895 -0.691524 -0.684965 0.947383 0.947383 
273.500000 54 2.000000 3.068989 11.857085 -0.691801 0.236668 0.534600 0.534600 
273.500000 55 2.000000 0.948083 16.136335 1.185103 0.665769 1.847717 1.847717 
273.500000 56 2.000000 3.419504 5.720919 -1.354488 -0.563088 2.151707 2.151707 
273.500000 57 2.000000 1.618783 12.325803 1.295026 1.039576 2.757810 2.757810 
273.500000 58 2.000000 2.909943 2.731217 -0.907748 -0.741276 1.373496 1.373496 
273.500000 59 2.000000 0.795185 1.047385 -1.974662 -1.162737 5.251249 5.251249 
273.500000 60 2.000000 0.113242 1.604948 -1.210069 -1.679913 4.286375 4.286375 
273.500000 61 2.000000 9.357825 7.646727 -0.749927 0.572788 0.890477 0.890477 
273.500000 62 2.000000 3.610844 8.221982 1.473814 -1.214229 3.646477 3.646477 
273.500000 63 2.000000 4.158914 1.216644 -0.011136 -0.011373 0.000253 0.000253 
273.500000 64 2.000000 7.464771 3.596060 -0.097808 -0.269129 0.081997 0.081997 
273.500000 65 2.000000 6.001094 18.259863 -2.098517 0.919646 5.249523 5.249523 
273.500000 66 2.000000 0.970282 8.456425 -0.757551 -0.726672 1.101936 1.101936 
273.500000 67 2.000000 4.360266 1.316904 -1.515953 1.097419 3.502442 3.502442 
273.500000 68 2.000000 2.090497 16.665294 0.242442 -0.273355 0.133501 0.133501 
273.500000 69 2.000000 0.224411 10.299241 -0.293913 -0.527357 0.364490 0.364490 
273.500000 70 2.000000 1.778804 12.470853 0.190246 -0.135927 0.054670 0.054670 
273.500000 71 2.000000 3.997314 16.240795 1.598925 -0.479427 2.786412 2.786412 
273.500000 72 2.000000 5.717133 8.599886 1.394422 -0.516654 2.211345 2.211345 
273.500000 73 2.000000 4.015103 15.201777 -1.253630 0.718760 2.088203 2.088203 
273.500000 74 2.000000 3.347534 6.459618 0.405762 -0.687329 0.637064 0.637064 
273.500000 75 2.000000 8.234882 18.854542 -0.292096 -1.527276 2.417892 2.417892 
273.500000 76 2.000000 3.593759 4.467237 0.876526 0.888737 1.558152 1.558152 
273.500000 77 2.000000 8.367501 2.930719 -1.690665 0.610566 3.231138 3.231138 
273.500000 78 2.000000 1.440214 10.657172 -0.613531 -0.187686 0.411647 0.411647 
273.500000 79 2.000000 7.597425 11.532069 0.157678 0.019553 0.025245 0.025245 
273.500000 80 2.000000 9.574424 14.640915 2.096693 -0.185586 4.430566 4.430566 
273.500000 81 2.000000 0.452170 7.485888 -0.189636 0.189172 0.071748 0.071748 
273.500000 82 2.000000 9.015915 11.086416 -0.460203 0.968246 1.149287 1.149287 
273.500000 83 2.000000 7.327969 8.960504 2.948800 0.654832 9.124228 9.124228 
273.500000 84 2.000000 9.280407 11.038799 0.462386 0.683517 0.680997 0.680997 
273.500000 85 2.000000 1.028262 0.914502 1.209719 0.463787 1.678519 1.678519 
273.500000 86 2.000000 4.990626 8.645466 0.779785 -0.535706 0.895045 0.895045 
273.500000 87 2.000000 6.387655 5.170998 -0.290498 -0.656150 0.514922 0.514922 
273.500000 88 2.000000 0.812682 10.573817 0.902979 -1.300462 2.506572 2.506572 
273.500000 89 2.000000 7.105221 3.003152 -0.049198 -1.901863 3.619503 3.619503 
273.500000 90 2.000000 6.238363 12.218013 -1.359034 -0.506480 2.103494 2.103494 
273.500000 91 2.000000 9.214031 2.860346 -1.160766 -0.693018 1.827653 1.827653 
273.500000 92 2.000000 7.723022 19.479673 -1.921977 -2.601631 10.462475 10.462475 
273.500000 93 2.000000 3.752072 7.283731 1.667587 0.251995 2.844348 2.844348 
273.500000 94 2.000000 5.487821 8.787257 1.108650 0.198006 1.268312 1.268312 
273.500000 95 2.000000 0.908632 3.412158 -0.935673 -0.256957 0.941510 0.941510 
273.500000 96 2.000000 5.190665 13.373657 1.384177 1.638263 4.599853 4.599853 
273.500000 97 2.000000 2.676643 11.761741 1.189619 0.578351 1.749683 1.749683 
273.500000 98 2.000000 2.779821 17.235202 -0.482767 1.057374 1.351105 1.351105 
273.500000 99 2.000000 1.952386 4.405786 -1.212180 1.904223 5.095444 5.095444 
273.500000 100 2.000000 2.668155 13.159291 2.366196 -1.090771 6.788663 6.788663 
273.500000 101 2.000000 8.488173 13.895877 -0.759823 -0.753079 1.144458 1.144458 
273.500000 102 2.000000 2.826722 7.458264 0.618305 -1.029301 1.441762 1.441762 
273.500000 103 2.000000 2.186812 19.142712 -0.143856 0.017071 0.020986 0.020986 
273.500000 104 2.000000 7.318433 1.281585 -0.436003 -0.016953 0.190386 0.190386 
273.500000 105 2.000000 4.841022 10.794698 0.762366 -0.267698 0.652863 0.652863 
273.500000 106 2.000000 4.877055 16.660304 0.138530 -0.996924 1.013048 1.013048 
273.500000 107 2.000000 7.949522 12.772379 1.827476 -0.781364 3.950199 3.950199 
273.500000 108 2.000000 7.490387 8.762967 -0.393733 0.346362 0.274993 0.274993 
273.500000 109 2.000000 0.554667 18.331248 0.126060 -0.927084 0.875376 0.875376 
273.500000 110 2.000000 7.307909 10.099043 0.600180 2.195444 5.180189 5.180189 
273.500000 111 2.000000 6.827200 11.050403 -1.048836 1.020159 2.140781 2.140781 
273.500000 112 2.000000 4.347243 16.835596 1.137178 1.042865 2.380741 2.380741 
273.500000 113 2.000000 8.877169 13.034557 0.986352 0.171877 1.002432 1.002432 
273.500000 114 2.000000 3.511835 15.770020 0.407713 -0.130190 0.183179 0.183179 
273.500000 115 2.000000 9.056829 11.540378 0.730389 -0.116741 0.547097 0.547097 
273.500000 116 2.000000 2.749711 0.498019 -0.355467 -0.063270 0.130360 0.130360 
273.500000 117 2.000000 3.367093 0.665915 -2.117969 -0.456784 4.694443 4.694443 
273.500000 118 2.000000 9.258426 19.999999 0.826645 -1.639450 3.371139 3.371139 
273.500000 119 2.000000 4.669095 15.287676 0.226870 -0.092390 0.060006 0.060006 
273.500000 120 2.000000 4.472016 18.448796 -0.152359 1.346627 1.836618 1.836618 
273.500000 121 2.000000 0.402020 16.525838 -0.061524 1.219199 1.490231 1.490231 
273.500000 122 2.000000 3.840049 0.000001 -0.606172 0.715399 0.879240 0.879240 
273.500000 123 2.000000 1.631195 9.734050 -1.554099 0.691866 2.893901 2.893901 
273.500000 124 2.000000 0.974102 10.632362 -0.991911 0.128801 1.000478 1.000478 
273.500000 125 2.000000 7.030006 11.962918 1.089923 0.100973 1.198128 1.198128 
273.500000 126 2.000000 9.552006 17.296182 -1.137862 1.231045 2.810202 2.810202 
273.500000 127 2.000000 0.266703 17.707470 1.066808 1.055495 2.252149 2.252149 
273.500000 128 2.000000 7.540687 4.409269 1.933509 0.831937 4.430577 4.430577 
273.500000 129 2.000000 9.422959 13.994390 0.525083 -1.101947 1.489999 1.489999 
273.500000 130 2.000000 4.189269 3.804585 -1.041283 0.259699 1.151714 1.151714 
273.500000 131 2.000000 7.141106 16.400995 0.055667 -0.406667 0.168477 0.168477 
273.500000 132 2.000000 9.121138 0.822295 -0.411739 0.783137 0.782833 0.782833 
273.500000 133 2.000000 1.980803 3.642727 0.222805 0.809495 0.704924 0.704924 
273.500000 134 2.000000 0.160944 0.303692 0.103834 -0.114752 0.023949 0.023949 
273.500000 135 2.000000 6.385811 19.538066 -0.945377 -0.059991 0.897336 0.897336 
273.500000 136 2.000000 4.233909 11.581273 0.432031 -1.194145 1.612635 1.612635 
273.500000 137 2.000000 4.135015 7.893285 -2.317993 -0.057893 5.376444 5.376444 
273.500000 138 2.000000 5.048714 9.960330 0.525908 1.393053 2.217176 2.217176 
273.500000 139 2.000000 3.867671 5.779830 -1.313406 -0.341871 1.841912 1.841912 
273.500000 140 2.000000 6.983864 4.232007 0.584424 0.736001 0.883249 0.883249 
273.500000 141 2.000000 4.441179 8.353400 1.409898 -0.563111 2.304905 2.304905 
273.500000 142 2.000000 0.017063 6.571098 -0.040179 0.175463 0.032402 0.032402 
273.500000 143 2.000000 7.403746 11.901290 -0.760378 0.623215 0.966571 0.966571 
273.500000 144 2.000000 4.638879 2.451876 0.813838 0.068521 0.667028 0.667028 
273.500000 145 2.000000 0.657402 12.121978 0.486964 0.587021 0.581727 0.581727 
273.500000 146 2.000000 8.132652 7.665260 -2.986694 -0.497368 9.167719 9.167719 
273.500000 147 2.000000 8.488152 19.644946 -1.281164 0.980691 2.603136 2.603136 
273.500000 148 2.000000 6.751760 14.975471 -1.941493 0.556013 4.078545 4.078545 
273.500000 149 2.000000 5.165124 2.323350 -2.103988 -0.317715 4.527710 4.527710 
273.500000 150 2.000000 1.891900 2.852118 -0.485252 -1.648835 2.954126 2.954126 
273.500000 151 2.000000 8.783963 15.285987 0.557212 -1.848632 3.727926 3.727926 
273.500000 152 2.000000 9.151486 7.526859 1.143936 1.083001 2.481480 2.481480 
273.500000 153 2.000000 8.394843 15.776457 -2.731681 -2.346412 12.967731 12.967731 
273.500000 154 2.000000 5.678424 19.151399 -0.279758 0.945748 0.972704 0.972704 
273.500000 155 2.000000 2.650075 17.523763 0.532334 -1.182634 1.682004 1.682004 
273.500000 156 2.000000 2.224577 8.912942 -0.312692 0.485451 0.333439 0.333439 
273.500000 157 2.000000 3.171801 17.692409 -1.229703 -0.941873 2.399296 2.399296 
273.500000 158 2.000000 1.792115 2.333933 0.000019 -0.537327 0.288720 0.288720 
273.500000 159 2.000000 6.446800 10.099487 -0.391095 0.985316 1.123802 1.123802 
273.500000 160 2.000000 8.327976 14.723145 0.650623 1.269237 2.034272 2.034272 
273.500000 161 2.000000 9.105952 6.357398 -1.151438 0.975278 2.276978 2.276978 
273.500000 162 2.000000 7.839333 3.007806 -1.178430 -0.240704 1.446635 1.446635 
273.500000 163 2.000000 2.835939 3.687607 1.233016 -0.281113 1.599354 1.599354 
273.500000 164 2.000000 8.871585 17.005285 0.231499 -0.748679 0.614111 0.614111 
273.500000 165 2.000000 0.000001 18.582477 1.816618 -0.945015 4.193154 4.193154 
273.500000 166 2.000000 0.088959 11.328331 0.889582 -0.410980 0.960261 0.960261 
273.500000 167 2.000000 3.007771 10.502412 0.541941 -0.256138 0.359306 0.359306 
273.500000 168 2.000000 6.834702 14.895371 -0.415183 -1.760217 3.270739 3.270739 
273.500000 169 2.000000 3.141914 5.651798 2.992299 -1.599308 11.511635 11.511635 
273.500000 170 2.000000 2.664609 18.197284 -0.431337 -1.716872 3.133700 3.133700 
273.500000 171 2.000000 1.201899 7.866980 -0.662450 -1.344338 2.246085 2.246085 
273.500000 172 2.000000 5.197189 5.172200 0.112328 -0.640884 0.423349 0.423349 
273.500000 173 2.000000 5.228593 9.552838 2.489806 -0.985581 7.170502 7.170502 
273.500000 174 2.000000 5.938496 16.839395 0.378291 0.018282 0.143439 0.143439 
273.500000 175 2.000000 1.000488 18.923943 1.333983 0.847668 2.498052 2.498052 
273.500000 176 2.000000 4.560767 3.377349 0.665805 2.329206 5.868496 5.868496 
273.500000 177 2.000000 2.007359 3.059696 -1.869238 -1.560615 5.929573 5.929573 
273.500000 178 2.000000 4.031756 12.780764 1.645614 0.487768 2.945964 2.945964 
273.500000 179 2.000000 7.824599 16.479914 1.956150 -0.489885 4.066508 4.066508 
273.500000 180 2.000000 1.855858 8.438398 0.467658 1.189395 1.633365 1.633365 
273.500000 181 2.000000 7.798460 8.194038 0.843077 -0.253975 0.775281 0.775281 
273.500000 182 2.000000 1.568308 12.123291 -0.182432 -0.469851 0.254041 0.254041 
273.500000 183 2.000000 2.357148 15.253791 -2.080211 1.557645 6.753536 6.753536 
273.500000 184 2.000000 8.969709 5.274061 -0.022209 -1.450831 2.105405 2.105405 
273.500000 185 2.000000 4.716154 1.635470 1.746723 0.962041 3.976565 3.976565 
273.500000 186 2.000000 0.754314 2.971733 -0.295045 -0.381491 0.232587 0.232587 
273.500000 187 2.000000 3.129453 4.423740 0.947784 0.913114 1.732070 1.732070 
273.500000 188 2.000000 3.576395 5.007831 -2.313699 -1.552681 7.764023 7.764023 
273.500000 189 2.000000 7.216997 15.915205 1.415097 -0.190156 2.038659 2.038659 
273.500000 190 2.000000 4.284305 11.974812 0.793390 -0.565154 0.948866 0.948866 
273.500000 191 2.000000 1.777375 19.616429 -0.145751 1.447707 2.117098 2.117098 
273.500000 192 2.000000 9.314201 16.989744 -0.874565 1.690522 3.622728 3.622728 
273.500000 193 2.000000 6.244200 19.684075 1.095474 0.887346 1.987444 1.987444 
273.500000 194 2.000000 4.797334 10.001232 -1.452607 -0.867775 2.863102 2.863102 
273.500000 195 2.000000 7.829306 0.243310 -0.949637 -0.614351 1.279239 1.279239 
273.500000 196 2.000000 7.620830 5.196714 -0.630886 -0.321892 0.501632 0.501632 
273.500000 197 2.000000 6.771955 11.250821 -1.149782 0.439616 1.515260 1.515260 
273.500000 198 2.000000 7.966880 6.777872 -0.402471 -0.419333 0.337823 0.337823 
273.500000 199 2.000000 5.386574 19.328437 -0.329349 -0.639582 0.517537 0.517537 
273.500000 200 2.000000 7.047935 16.368997 -0.662162 0.438027 0.630327 0.630327 
273.500000 201 2.000000 1.382280 9.431693 -0.116530 -0.658313 0.446955 0.446955 
273.500000 202 2.000000 9.431324 5.514752 -0.623584 2.451001 6.396260 6.396260 
273.500000 203 2.000000 1.390325 11.023687 -0.583958 -0.695838 0.825198 0.825198 
273.500000 204 2.000000 6.677544 2.761369 0.031613 0.992858 0.986767 0.986767 
273.500000 205 2.000000 6.204614 3.851994 -0.286349 0.188823 0.117650 0.117650 
273.500000 206 2.000000 4.901017 19.712305 0.152194 0.731740 0.558607 0.558607 
273.500000 207 2.000000 6.710004 5.242743 -0.490591 -1.169842 1.609209 1.609209 
273.500000 208 2.000000 2.268305 16.359561 0.621453 1.351221 2.212002 2.212002 
273.500000 209 2.000000 0.574845 4.281456 1.437109 -0.243693 2.124669 2.124669 
273.500000 210 2.000000 0.092058 6.319714 -0.130889 0.710080 0.521346 0.521346 
273.500000 211 2.000000 8.205644 9.193597 1.225158 1.712773 4.434602 4.434602 
273.500000 212 2.000000 3.428591 0.866946 1.142863 -0.100339 1.316204 1.316204 
273.500000 213 2.000000 0.548610 0.929177 -0.536298 0.097145 0.297052 0.297052 
273.500000 214 2.000000 6.302734 1.980955 -1.414777 0.347536 2.122375 2.122375 
273.500000 215 2.000000 1.488263 7.221042 0.261099 0.313549 0.166486 0.166486 
273.500000 216 2.000000 5.766989 18.022078 -0.543264 -0.220997 0.343976 0.343976 
273.500000 217 2.000000 6.565748 3.654355 -0.443834 -0.141825 0.217103 0.217103 
273.500000 218 2.000000 3.424864 19.780826 -0.717355 -1.461155 2.649571 2.649571 
273.500000 219 2.000000 7.232203 11.489569 0.531780 0.724894 0.808261 0.808261 
273.500000 220 2.000000 4.786346 13.464273 1.329540 0.442139 1.963164 1.963164 
273.500000 221 2.000000 9.376035 7.425935 -0.457935 -1.337666 1.999056 1.999056 
273.500000 222 2.000000 1.115627 15.701209 0.262500 -0.259746 0.136374 0.136374 
273.500000 223 2.000000 4.238610 18.844594 -0.052032 -0.722128 0.524177 0.524177 
273.500000 224 2.000000 9.553258 4.003632 1.088804 -0.937815 2.064991 2.064991 
273.500000 225 2.000000 0.851576 18.083770 0.851575 1.280934 2.365973 2.365973 
273.500000 226 2.000000 5.495823 7.737432 -3.953405 2.536863 22.065086 22.065086 
273.500000 227 2.000000 6.889566 8.464094 0.345864 1.968394 3.994196 3.994196 
273.500000 228 2.000000 2.915800 11.735195 -1.977478 2.077025 8.224454 8.224454 
273.500000 229 2.000000 1.241231 2.914157 1.034358 0.309061 1.165416 1.165416 
273.500000 230 2.000000 7.091994 6.734695 -2.224961 -2.192612 9.757998 9.757998 
273.500000 231 2.000000 6.979535 10.954574 1.866277 0.412456 3.653109 3.653109 
273.500000 232 2.000000 0.733108 18.183776 0.862479 1.722154 3.709684 3.709684 
273.500000 233 2.000000 5.038174 0.629602 -1.762085 0.629601 3.501342 3.501342 
273.500000 234 2.000000 1.604257 7.089173 1.604256 0.346171 2.693473 2.693473 
273.500000 235 2.000000 8.060952 14.181219 -0.553349 0.140966 0.326066 0.326066 
273.500000 236 2.000000 9.009106 5.804647 1.133221 -0.107721 1.295793 1.295793 
273.500000 237 2.000000 0.307530 15.797898 0.559143 -0.683268 0.779497 0.779497 
273.500000 238 2.000000 2.077214 3.971263 -0.210816 -0.498440 0.292886 0.292886 
273.500000 239 2.000000 4.080714 18.297453 -0.336005 0.570773 0.438682 0.438682 
273.500000 240 2.000000 2.155237 6.426338 0.598677 -1.533747 2.710794 2.710794 
273.500000 241 2.000000 5.487435 19.439086 2.438860 -0.659897 6.383501 6.383501 
273.500000 242 2.000000 7.668939 18.808058 -0.730164 -0.595971 0.888321 0.888321 
273.500000 243 2.000000 5.657928 12.511671 -0.032508 0.302157 0.092356 0.092356 
273.500000 244 2.000000 0.833854 7.591360 -0.587972 0.619703 0.729743 0.729743 
273.500000 245 2.000000 7.340765 13.754947 -2.870793 -0.925193 9.097432 9.097432 
273.500000 246 2.000000 4.322236 15.056157 -1.076137 -0.438679 1.350510 1.350510 
273.500000 247 2.000000 2.754776 16.537938 1.967697 0.561507 4.187120 4.187120 
273.500000 248 2.000000 8.941444 18.383252 -0.738584 -0.101112 0.555731 0.555731 
273.500000 249 2.000000 6.248233 1.475398 0.958110 -0.166844 0.945811 0.945811 
273.500000 250 2.000000 7.555436 14.098892 0.134430 0.624889 0.408558 0.408558 
273.500000 251 2.000000 8.723688 11.053921 -1.644020 0.249817 2.765210 2.765210 
273.500000 252 2.000000 5.129516 16.421991 -1.126523 0.951753 2.174888 2.174888 
273.500000 253 2.000000 1.296343 5.898315 -0.522332 0.565697 0.592844 0.592844 
273.500000 254 2.000000 6.282417 0.571680 0.891123 -2.340761 6.273264 6.273264 
273.500000 255 2.000000 2.921459 0.541007 -2.625940 -0.876524 7.663856 7.663856 
273.500000 256 2.000000 8.411485 1.336619 0.955851 0.486043 1.149888 1.149888 
273.500000 257 2.000000 2.957959 1.376514 2.275352 -0.025947 5.177902 5.177902 
273.500000 258 2.000000 6.918354 1.334964 -1.052583 1.026895 2.162444 2.162444 
273.500000 259 2.000000 4.652173 17.395439 0.415864 0.815248 0.837572 0.837572 
273.500000 260 2.000000 7.617780 6.513138 0.860896 0.092739 0.749743 0.749743 
273.500000 261 2.000000 8.806523 14.660283 0.765785 0.816729 1.253472 1.253472 
273.500000 262 2.000000 3.176136 3.350591 -0.387686 1.396079 2.099338 2.099338 
273.500000 263 2.000000 7.921535 15.186506 2.200426 0.424340 5.021940 5.021940 
273.500000 264 2.000000 5.799318 6.990877 -0.566845 -0.479896 0.551613 0.551613 
273.500000 265 2.000000 1.627284 3.328329 -0.993226 1.230244 2.499998 2.499998 
273.500000 266 2.000000 5.051596 9.494051 -1.252774 -1.055874 2.684313 2.684313 
273.500000 267 2.000000 0.298037 9.095342 -0.445971 -0.066882 0.203364 0.203364 
273.500000 268 2.000000 5.443084 13.565078 0.885054 0.664955 1.225486 1.225486 
273.500000 269 2.000000 7.928388 19.642638 1.723562 -0.794136 3.601319 3.601319 
273.500000 270 2.000000 3.358176 0.827676 -1.475380 0.116942 2.190423 2.190423 
273.500000 271 2.000000 2.268803 12.821917 -1.389068 1.974554 5.828376 5.828376 
273.500000 272 2.000000 7.925617 12.754659 1.872848 0.276479 3.584002 3.584002 
273.500000 273 2.000000 2.195897 3.821674 2.927862 -0.066131 8.576749 8.576749 
273.500000 274 2.000000 4.104694 10.349631 -1.184314 1.293704 3.076268 3.076268 
273.500000 275 2.000000 8.795126 14.232483 -0.465301 0.039527 0.218068 0.218068 
273.500000 276 2.000000 3.163131 16.258114 0.843501 -0.639638 1.120632 1.120632 
273.500000 277 2.000000 7.440797 18.102213 1.837234 0.824702 4.055561 4.055561 
273.500000 278 2.000000 8.030760 0.722629 1.084412 -1.235194 2.701654 2.701654 
273.500000 279 2.000000 7.588486 10.962279 0.463980 2.720815 7.618113 7.618113 
273.500000 280 2.000000 1.948428 16.934143 1.343743 -0.863621 2.551486 2.551486 
273.500000 281 2.000000 7.426559 5.119865 2.034673 -0.838317 4.842672 4.842672 
273.500000 282 2.000000 5.565977 14.704208 0.185258 -0.980702 0.996097 0.996097 
273.500000 283 2.000000 1.120175 5.189152 1.723344 -0.106868 2.981335 2.981335 
273.500000 284 2.000000 4.414713 0.580130 -0.054324 -0.815170 0.667453 0.667453 
273.500000 285 2.000000 5.983630 0.558868 -0.323588 -1.346394 1.917485 1.917485 
273.500000 286 2.000000 6.770799 9.084252 0.940389 0.747402 1.442940 1.442940 
273.500000 287 2.000000 9.055853 5.846654 -0.772861 0.749571 1.159170 1.159170 
273.500000 288 2.000000 8.223637 8.373749 0.054689 -1.284669 1.653364 1.653364 
273.500000 289 2.000000 1.314938 19.064813 -0.138705 -1.700337 2.910386 2.910386 
273.500000 290 2.000000 4.081276 14.297947 -1.385737 0.457166 2.129269 2.129269 
273.500000 291 2.000000 3.318484 10.977473 -1.171066 -1.409770 3.358845 3.358845 
273.500000 292 2.000000 4.821973 6.276484 0.249123 0.963253 0.989919 0.989919 
273.500000 293 2.000000 1.380346 18.531869 -0.416990 1.843967 3.574095 3.574095 
273.500000 294 2.000000 4.532743 3.702755 1.030169 1.898848 4.666871 4.666871 
273.500000 295 2.000000 5.290113 17.203474 -0.297980 0.540802 0.381259 0.381259 
273.500000 296 2.000000 0.397962 1.424505 1.591844 -1.132652 3.816869 3.816869 
273.500000 297 2.000000 5.379315 19.708105 -0.630891 -1.459469 2.528073 2.528073 
273.500000 298 2.000000 4.870817 19.425253 -1.699818 0.646447 3.307276 3.307276 
273.500000 299 2.000000 5.901854 5.497075 -1.722157 -0.249194 3.027922 3.027922 
273.500000 300 2.000000 2.650076 10.105692 -0.774182 0.282114 0.678947 0.678947 
273.500000 301 2.000000 4.256539 14.530549 1.065801 -0.660955 1.572794 1.572794 
273.500000 302 2.000000 0.817118 4.026568 0.320438 -0.113569 0.115579 0.115579 
273.500000 303 2.000000 4.369509 5.559855 1.481189 1.010883 3.215805 3.215805 
273.500000 304 2.000000 9.066572 1.733340 -1.389066 1.733339 4.933970 4.933970 
273.500000 305 2.000000 3.891110 3.159280 -0.323082 -0.667978 0.550576 0.550576 
273.500000 306 2.000000 4.655350 16.124180 -1.661491 0.114610 2.773689 2.773689 
273.500000 307 2.000000 6.048537 4.371049 0.057909 0.869041 0.758586 0.758586 
273.500000 308 2.000000 0.376586 1.367390 0.000245 -0.141699 0.020079 0.020079 
273.500000 309 2.000000 1.032954 8.436659 0.175919 -0.699005 0.519555 0.519555 
273.500000 310 2.000000 4.381509 12.059173 0.433813 -0.974335 1.137521 1.137521 
273.500000 311 2.000000 8.860636 14.293969 -0.867293 0.482181 0.984695 0.984695 
273.500000 312 2.000000 6.948286 3.805168 -0.430040 -1.713420 3.120741 3.120741 
273.500000 313 2.000000 4.347960 7.315386 -0.125368 -0.802824 0.660243 0.660243 
273.500000 314 2.000000 7.182625 15.341890 0.079971 -0.612361 0.381381 0.381381 
273.500000 315 2.000000 3.524415 17.861728 -0.601202 -0.777553 0.966033 0.966033 
273.500000 316 2.000000 8.232199 6.180962 -1.871067 1.223953 4.998951 4.998951 
273.500000 317 2.000000 1.394462 3.323216 -1.632667 1.303221 4.363989 4.363989 
273.500000 318 2.000000 1.880569 13.275588 1.446591 -1.949105 5.891634 5.891634 
273.500000 319 2.000000 2.952667 12.993846 -0.194273 -0.295411 0.125009 0.125009 
273.500000 320 2.000000 4.603975 16.939768 0.554696 -1.003354 1.314407 1.314407 
273.500000 321 2.000000 7.102849 14.717204 0.322857 -0.910827 0.933842 0.933842 
273.500000 322 2.000000 8.151984 18.815737 1.018998 -0.296066 1.126011 1.126011 
273.500000 323 2.000000 4.469472 0.871462 -1.065505 -1.266791 2.740060 2.740060 
273.500000 324 2.000000 2.847565 8.174417 -0.622384 -0.386739 0.536929 0.536929 
273.500000 325 2.000000 4.812235 0.038219 -0.183704 -0.795632 0.666777 0.666777 
273.500000 326 2.000000 4.032610 12.493866 -2.267755 -0.270390 5.215825 5.215825 
273.500000 327 2.000000 7.943475 0.383587 0.632946 1.095960 1.601749 1.601749 
273.500000 328 2.000000 1.036480 16.730775 -0.964543 0.011879 0.930484 0.930484 
273.500000 329 2.000000 7.509268 10.566639 0.076840 0.809525 0.661234 0.661234 
273.500000 330 2.000000 6.178270 1.783749 0.347965 0.495486 0.366586 0.366586 
273.500000 331 2.000000 1.194537 6.037915 0.612583 0.966066 1.308542 1.308542 
273.500000 332 2.000000 1.941979 6.540687 1.493829 0.273334 2.306237 2.306237 
273.500000 333 2.000000 6.720615 8.621906 0.733962 -2.215504 5.447161 5.447161 
273.500000 334 2.000000 3.314989 15.591002 1.163154 0.355412 1.479245 1.479245 
273.500000 335 2.000000 7.830763 19.048742 0.783076 -0.070463 0.618173 0.618173 
273.500000 336 2.000000 1.065480 4.128621 -0.052610 2.117241 4.485477 4.485477 
273.500000 337 2.000000 6.726707 19.888638 0.435386 0.016331 0.189827 0.189827 
273.500000 338 2.000000 4.136900 8.423221 0.376887 -0.974833 1.092343 1.092343 
273.500000 339 2.000000 7.937659 7.773265 -0.117941 1.705918 2.924067 2.924067 
273.500000 340 2.000000 3.010218 17.431951 -0.222944 0.680936 0.513377 0.513377 
273.500000 341 2.000000 6.701380 9.956829 -0.109027 -0.430617 0.197318 0.197318 
273.500000 342 2.000000 4.593167 3.813666 0.521951 1.191770 1.692749 1.692749 
273.500000 343 2.000000 5.434680 7.607321 -0.477192 -1.182514 1.626052 1.626052 
273.500000 344 2.000000 9.387021 16.827144 -0.917910 0.000213 0.842559 0.842559 
273.500000 345 2.000000 5.999366 19.460361 0.642435 -0.286490 0.494799 0.494799 
273.500000 346 2.000000 0.355991 8.650098 0.101711 0.237338 0.066675 0.066675 
273.500000 347 2.000000 1.054933 5.053810 -0.586209 1.020971 1.386024 1.386024 
273.500000 348 2.000000 3.032295 16.163924 0.250603 0.967900 0.999631 0.999631 
273.500000 349 2.000000 6.568685 1.165662 0.472567 -0.505620 0.478971 0.478971 
273.500000 350 2.000000 7.167063 6.521838 1.031232 -0.588566 1.409849 1.409849 
273.500000 351 2.000000 5.609100 10.947026 0.570515 0.396096 0.482380 0.482380 
273.500000 352 2.000000 0.701073 7.326060 1.078573 -0.853464 1.891720 1.891720 
273.500000 353 2.000000 7.229945 12.834267 -0.290087 -0.521645 0.356264 0.356264 
273.500000 354 2.000000 8.568586 11.432347 0.180189 1.219407 1.519421 1.519421 
273.500000 355 2.000000 2.594793 11.489148 0.439795 -0.213848 0.239151 0.239151 
273.500000 356 2.000000 2.949216 16.314376 0.048913 -1.890063 3.574730 3.574730 
273.500000 357 2.000000 9.014214 2.039769 -2.409138 -1.439216 7.875288 7.875288 
273.500000 358 2.000000 2.695008 2.247006 1.684379 0.998669 3.834474 3.834474 
273.500000 359 2.000000 9.355761 6.808455 0.141665 0.872879 0.781986 0.781986 
273.500000 360 2.000000 3.696370 17.626804 -1.185695 -0.255182 1.470991 1.470991 
273.500000 361 2.000000 5.954482 0.426930 -0.067394 1.707718 2.920842 2.920842 
273.500000 362 2.000000 7.557915 10.109771 0.451219 -0.964900 1.134631 1.134631 
273.500000 363 2.000000 8.596385 11.969022 2.176300 0.200287 4.776395 4.776395 
273.500000 364 2.000000 0.686432 1.375321 0.980615 0.948497 1.861252 1.861252 
273.500000 365 2.000000 2.611365 9.703453 0.992102 0.136658 1.002942 1.002942 
273.500000 366 2.000000 4.420973 10.854382 -1.211863 1.279073 3.104640 3.104640 
273.500000 367 2.000000 4.262533 5.031459 1.375010 1.524684 4.215316 4.215316 
273.500000 368 2.000000 3.093740 7.871567 0.923504 0.060118 0.856474 0.856474 
273.500000 369 2.000000 2.191667 12.381289 -1.020163 -1.928787 4.760953 4.760953 
273.500000 370 2.000000 0.604873 2.595918 -0.220247 0.927113 0.908048 0.908048 
273.500000 371 2.000000 5.953022 19.096030 2.514397 -1.129961 7.599003 7.599003 
273.500000 372 2.000000 2.788001 12.637768 -0.539397 -1.150349 1.614251 1.614251 
273.500000 373 2.000000 9.384794 17.598529 -2.260054 0.148273 5.129830 5.129830 
273.500000 374 2.000000 1.622438 8.135339 -0.351853 -1.129574 1.399738 1.399738 
273.500000 375 2.000000 0.422409 7.033637 -0.297402 0.499428 0.337876 0.337876 
273.500000 376 2.000000 6.978507 7.379744 1.235134 -0.411562 1.694939 1.694939 
273.500000 377 2.000000 7.743089 13.258953 0.737437 -0.612822 0.919365 0.919365 
273.500000 378 2.000000 1.150127 12.103221 -1.108490 1.522418 3.546506 3.546506 
273.500000 379 2.000000 3.437210 18.200847 0.282167 0.352245 0.203695 0.203695 
273.500000 380 2.000000 7.979497 15.323553 0.790049 0.987013 1.598372 1.598372 
273.500000 381 2.000000 7.230676 12.349194 -1.288696 -0.962365 2.586885 2.586885 
273.500000 382 2.000000 8.066131 7.834747 -0.058624 0.321634 0.106885 0.106885 
273.500000 383 2.000000 7.129423 11.944273 -1.414431 -0.822008 2.676311 2.676311 
273.500000 384 2.000000 3.155885 16.366722 1.314952 0.472531 1.952383 1.952383 
273.500000 385 2.000000 7.354822 6.468055 0.583716 -0.134192 0.358732 0.358732 
273.500000 386 2.000000 1.721788 9.400952 -0.220842 0.197162 0.087644 0.087644 
273.500000 387 2.000000 3.250129 7.673653 0.714314 -0.199373 0.549994 0.549994 
273.500000 388 2.000000 9.425332 1.851588 0.255842 -1.056711 1.182093 1.182093 
273.500000 389 2.000000 9.028100 12.684850 -0.520416 0.022657 0.271346 0.271346 
273.500000 390 2.000000 8.309176 17.281142 0.579037 -2.091429 4.709357 4.709357 
273.500000 391 2.000000 1.378884 2.698686 0.641341 1.226675 1.916050 1.916050 
273.500000 392 2.000000 0.872701 0.696351 -0.418845 -0.407315 0.341337 0.341337 
273.500000 393 2.000000 4.615962 6.871811 0.961659 0.619082 1.308050 1.308050 
273.500000 394 2.000000 2.128362 13.194476 -2.086942 -0.284743 4.436404 4.436404 
273.500000 395 2.000000 4.333019 7.904395 0.860730 -0.183935 0.774688 0.774688 
273.500000 396 2.000000 4.606094 0.516821 1.096689 -2.420271 7.060436 7.060436 
273.500000 397 2.000000 3.467777 10.846502 0.976838 -0.147843 0.976070 0.976070 
273.500000 398 2.000000 1.170268 12.234782 -1.480176 1.004188 3.199315 3.199315 
273.500000 399 2.000000 5.752487 0.785197 -0.263934 -0.484724 0.304619 0.304619 
273.500000 400 2.000000 0.386518 12.886557 -0.787633 -0.661716 1.058232 1.058232 
273.500000 401 2.000000 5.264910 2.906068 -1.361517 0.397387 2.011646 2.011646 
273.500000 402 2.000000 2.384509 15.778347 0.691162 -1.507733 2.750963 2.750963 
273.500000 403 2.000000 4.743214 17.873594 0.868913 -0.546390 1.053552 1.053552 
273.500000 404 2.000000 2.048706 8.144005 -0.515007 0.140388 0.284941 0.284941 
273.500000 405 2.000000 5.285280 5.242243 -0.028260 -0.260520 0.068669 0.068669 
273.500000 406 2.000000 1.722638 16.522857 -0.235285 1.086127 1.235031 1.235031 
273.500000 407 2.000000 7.474066 19.643046 -0.365433 -1.427813 2.172191 2.172191 
273.500000 408 2.000000 6.664358 7.105023 -0.866913 -0.272127 0.825591 0.825591 
273.500000 409 2.000000 1.513297 15.658632 -0.066821 -0.673080 0.457502 0.457502 
273.500000 410 2.000000 4.875744 17.022302 0.974898 -1.299740 2.639750 2.639750 
273.500000 411 2.000000 6.656448 14.847022 -0.652698 -0.429489 0.610475 0.610475 
273.500000 412 2.000000 9.529783 5.844034 1.179124 1.192660 2.812771 2.812771 
273.500000 413 2.000000 0.577464 19.184171 -1.826027 -0.509892 3.594364 3.594364 
273.500000 414 2.000000 2.648164 6.361335 -0.428976 -0.418093 0.358822 0.358822 
273.500000 415 2.000000 1.395288 18.867025 0.038491 0.200357 0.041624 0.041624 
273.500000 416 2.000000 6.251996 0.904878 0.541298 -1.298988 1.980373 1.980373 
273.500000 417 2.000000 7.349400 19.506408 1.860607 0.235854 3.517487 3.517487 
273.500000 418 2.000000 8.983093 2.819363 -2.533624 -2.771070 14.098081 14.098081 
273.500000 419 2.000000 2.666225 9.934452 -1.043909 0.059857 1.093329 1.093329 
273.500000 420 2.000000 5.777794 13.944528 0.369881 0.218962 0.184756 0.184756 
273.500000 421 2.000000 0.019680 9.308769 -0.501721 -0.483987 0.485968 0.485968 
273.500000 422 2.000000 2.989475 7.161754 0.066892 -0.957092 0.920500 0.920500 
273.500000 423 2.000000 8.498164 17.175190 -1.424044 0.021848 2.028379 2.028379 
273.500000 424 2.000000 6.665865 2.983230 0.553184 0.662940 0.745501 0.745501 
273.500000 425 2.000000 0.179981 8.927222 0.109079 -0.073363 0.017280 0.017280 
273.500000 426 2.000000 1.503197 16.074872 0.400852 0.267570 0.232276 0.232276 
273.500000 427 2.000000 4.578712 19.006138 1.040616 -1.169248 2.450023 2.450023 
273.500000 428 2.000000 5.410399 2.745573 -0.190488 -2.226378 4.993042 4.993042 
273.500000 429 2.000000 8.631542 10.192960 0.128566 -0.314756 0.115601 0.115601 
273.500000 430 2.000000 3.387643 0.910044 -2.576513 1.137554 7.932447 7.932447 
273.500000 431 2.000000 2.843147 19.369235 0.963778 2.060557 5.174763 5.174763 
273.500000 432 2.000000 5.799436 0.987118 2.020647 1.321672 5.829834 5.829834 
273.500000 433 2.000000 7.402163 16.202324 -0.008929 -0.001969 0.000084 0.000084 
273.500000 434 2.000000 2.050771 17.001684 -1.117461 -0.413561 1.419752 1.419752 
273.500000 435 2.000000 5.415362 5.359385 0.564807 0.552731 0.624518 0.624518 
273.500000 436 2.000000 4.266834 10.064964 0.183059 -1.146592 1.348185 1.348185 
273.500000 437 2.000000 3.589992 1.768054 1.087876 -0.311986 1.280810 1.280810 
273.500000 438 2.000000 2.017511 11.523220 -3.073795 -1.614625 12.055229 12.055229 
273.500000 439 2.000000 1.779763 10.384673 0.205084 -1.379228 1.944331 1.944331 
273.500000 440 2.000000 1.869633 8.290815 -2.248676 -1.696983 7.936295 7.936295 
273.500000 441 2.000000 3.024449 16.092855 -0.781791 -0.429356 0.795544 0.795544 
273.500000 442 2.000000 3.723304 13.925404 1.220755 -1.928443 5.209136 5.209136 
273.500000 443 2.000000 9.275278 16.394092 -2.249475 -0.004037 5.060156 5.060156 
273.500000 444 2.000000 0.701447 13.741889 1.079148 1.535407 3.522034 3.522034 
273.500000 445 2.000000 6.771617 15.469559 0.075885 -1.224443 1.505020 1.505020 
273.500000 446 2.000000 9.223155 11.780256 1.160145 -0.041470 1.347657 1.347657 
273.500000 447 2.000000 5.818062 9.831810 0.310297 -0.592897 0.447811 0.447811 
273.500000 448 2.000000 3.004485 1.369993 -0.759586 0.114644 0.590114 0.590114 
273.500000 449 2.000000 2.695171 0.538713 -0.991356 -0.634000 1.384742 1.384742 
273.500000 450 2.000000 8.595011 11.217870 0.289224 0.495131 0.328805 0.328805 
273.500000 451 2.000000 4.623250 7.814876 -1.699250 -0.781098 3.497563 3.497563 
273.500000 452 2.000000 1.247508 10.773627 0.166756 0.458404 0.237941 0.237941 
273.500000 453 2.000000 9.508262 19.080518 -0.531687 0.926239 1.140609 1.140609 
273.500000 454 2.000000 2.179940 12.771560 -0.335001 0.760924 0.691231 0.691231 
273.500000 455 2.000000 6.284019 14.532177 2.060334 -0.841203 4.952599 4.952599 
273.500000 456 2.000000 1.935554 7.823993 1.683090 -0.360066 2.962438 2.962438 
273.500000 457 2.000000 3.509178 14.399099 -1.207338 -0.892799 2.254757 2.254757 
273.500000 458 2.000000 0.136740 8.600165 -1.656848 0.834967 3.442315 3.442315 
273.500000 459 2.000000 4.740377 0.837643 2.430962 -0.077658 5.915608 5.915608 
273.500000 460 2.000000 4.547096 5.612906 -0.385760 0.097277 0.158273 0.158273 
273.500000 461 2.000000 2.920728 7.713481 0.679239 0.408051 0.627871 0.627871 
273.500000 462 2.000000 6.445174 11.912217 -1.897897 1.044931 4.693894 4.693894 
273.500000 463 2.000000 4.134576 1.539059 -0.210637 -0.182307 0.077604 0.077604 
273.500000 464 2.000000 5.319217 0.856154 0.377936 1.087177 1.324791 1.324791 
273.500000 465 2.000000 5.051457 3.555416 1.772441 -1.120163 4.396312 4.396312 
273.500000 466 2.000000 0.231761 15.509945 1.545067 0.061098 2.390965 2.390965 
273.500000 467 2.000000 2.895932 18.173854 1.275284 0.664879 2.068414 2.068414 
273.500000 468 2.000000 0.081885 11.022993 -0.366967 0.695457 0.618325 0.618325 
273.500000 469 2.000000 1.428549 4.455043 -0.378193 -0.442890 0.339182 0.339182 
273.500000 470 2.000000 5.836221 0.347056 1.343690 0.174395 1.835916 1.835916 
273.500000 471 2.000000 0.415820 6.503958 -0.833773 0.793165 1.324289 1.324289 
273.500000 472 2.000000 3.854519 14.812787 0.202706 -0.754512 0.610378 0.610378 
273.500000 473 2.000000 6.814750 16.495773 0.198153 -0.253902 0.103731 0.103731 
273.500000 474 2.000000 4.524440 19.374945 0.079712 -0.781317 0.616811 0.616811 
273.500000 475 2.000000 0.553652 19.412262 1.107302 0.175083 1.256771 1.256771 
273.500000 476 2.000000 3.222413 3.680885 0.708222 -0.225772 0.552552 0.552552 
273.500000 477 2.000000 1.545074 12.913354 1.626393 -0.166705 2.672945 2.672945 
273.500000 478 2.000000 6.942188 12.767898 0.588321 0.243456 0.405393 0.405393 
273.500000 479 2.000000 6.211491 12.369003 0.611969 -2.677542 7.543739 7.543739 
273.500000 480 2.000000 9.217164 1.696904 0.274811 -0.136265 0.094089 0.094089 
273.500000 481 2.000000 7.674436 18.001702 0.282276 -0.701157 0.571300 0.571300 
273.500000 482 2.000000 2.759883 0.641551 -0.270544 1.603874 2.645606 2.645606 
273.500000 483 2.000000 2.706260 17.679333 0.281090 -1.107723 1.306062 1.306062 
273.500000 484 2.000000 8.339632 3.214480 1.684774 0.892911 3.635753 3.635753 
273.500000 485 2.000000 3.796722 8.598537 0.480598 -1.303024 1.928846 1.928846 
273.500000 486 2.000000 0.198031 0.910903 -1.684576 -1.966570 6.705195 6.705195 
273.500000 487 2.000000 3.184436 14.249747 0.643320 0.367261 0.548742 0.548742 
273.500000 488 2.000000 4.844669 11.159703 -0.114021 0.519056 0.282420 0.282420 
273.500000 489 2.000000 1.404809 19.024206 0.351202 -0.780634 0.732733 0.732733 
273.500000 490 2.000000 5.565246 4.261115 -0.836600 0.698251 1.187453 1.187453 
273.500000 491 2.000000 2.457096 19.080096 -0.567649 1.130852 1.601051 1.601051 
273.500000 492 2.000000 4.061978 6.951472 -0.477461 -0.463665 0.442954 0.442954 
273.500000 493 2.000000 5.780240 10.273110 -0.092258 0.407888 0.174884 0.174884 
273.500000 494 2.000000 6.018729 2.701281 1.195799 0.507052 1.687036 1.687036 
273.500000 495 2.000000 2.259087 7.888441 -1.110302 -0.572416 1.560430 1.560430 
273.500000 496 2.000000 5.202551 2.878482 0.556422 -0.439503 0.502769 0.502769 
273.500000 497 2.000000 0.931055 1.311578 -0.098710 2.017810 4.081301 4.081301 
273.500000 498 2.000000 2.711212 15.170817 1.643158 -0.144644 2.720890 2.720890 
273.500000 499 2.000000 2.566721 19.820714 -1.890705 0.376007 3.716146 3.716146 
273.500000 500 2.000000 2.168536 5.118108 0.942841 0.179268 0.921087 0.921087 
