764.000000 1 2.000000 0.586022 0.781286 3.906804 -1.135299 16.552018 16.552018 
764.000000 2 2.000000 0.756003 9.927932 -0.542213 -5.444361 29.935057 29.935057 
764.000000 3 2.000000 0.601255 6.893096 6.012543 1.211339 37.618012 37.618012 
764.000000 4 2.000000 0.230366 2.689604 4.607290 5.945022 56.570415 56.570415 
764.000000 5 2.000000 0.939930 19.812735 1.879858 -3.745289 17.561055 17.561055 
764.000000 6 2.000000 0.620407 19.800908 -7.591845 1.608020 60.221833 60.221833 
764.000000 7 2.000000 0.123059 5.341301 -0.924274 -5.301482 28.959990 28.959990 
764.000000 8 2.000000 0.820775 18.889224 4.103869 0.917706 17.683922 17.683922 
764.000000 9 2.000000 0.076755 14.953072 -2.340114 -3.630163 18.654216 18.654216 
764.000000 10 2.000000 0.559999 5.831151 -2.200000 -6.029297 41.192419 41.192419 
764.000000 11 2.000000 0.844701 19.270360 -1.035322 3.553492 13.699197 13.699197 
764.000000 12 2.000000 0.999999 19.764903 -0.953946 -0.940383 1.794334 1.794334 
764.000000 13 2.000000 0.999999 2.415898 -1.906133 -2.357929 9.193170 9.193170 
764.000000 14 2.000000 0.152379 14.965363 -0.557973 -3.342820 11.485777 11.485777 
764.000000 15 2.000000 0.788864 11.898093 -4.162477 10.136387 120.072559 120.072559 
764.000000 16 2.000000 0.631954 4.777894 2.527811 6.825561 52.978116 52.978116 
764.000000 17 2.000000 0.788284 8.131948 -2.117153 -5.175388 31.266977 31.266977 
764.000000 18 2.000000 0.015200 9.848094 -0.937904 -1.879982 4.413998 4.413998 
764.000000 19 2.000000 0.195344 18.922859 0.976713 -2.154281 5.594893 5.594893 
764.000000 20 2.000000 0.778740 16.247083 3.893695 -3.957948 30.826213 30.826213 
764.000000 21 2.000000 0.216825 17.065657 3.140688 1.139036 11.161325 11.161325 
764.000000 22 2.000000 0.210969 4.427074 -0.444515 1.037380 1.273751 1.273751 
764.000000 23 2.000000 0.417014 2.887422 1.191467 -5.157594 28.020368 28.020368 
764.000000 24 2.000000 0.410889 5.507495 -5.891098 -0.019113 34.705398 34.705398 
764.000000 25 2.000000 0.348378 8.860356 -0.521297 0.712705 0.779699 0.779699 
764.000000 26 2.000000 0.809754 17.228671 -3.804899 0.530443 14.758623 14.758623 
764.000000 27 2.000000 0.422542 2.193606 -3.849716 4.027489 31.040983 31.040983 
764.000000 28 2.000000 0.817038 15.349255 0.480610 1.871289 3.732708 3.732708 
764.000000 29 2.000000 0.728616 6.976168 -2.713830 -1.809457 10.639009 10.639009 
764.000000 30 2.000000 0.227594 2.582841 -3.155752 5.701352 42.464188 42.464188 
764.000000 31 2.000000 0.243595 17.235248 -3.782018 7.839034 75.754115 75.754115 
764.000000 32 2.000000 0.871831 17.832498 8.718299 4.786871 98.922877 98.922877 
764.000000 33 2.000000 0.713450 2.534917 -0.955162 2.534916 7.338133 7.338133 
764.000000 34 2.000000 0.690689 4.822506 2.302292 -4.895965 29.271027 29.271027 
764.000000 35 2.000000 0.000001 14.423102 3.047666 -1.278599 10.923083 10.923083 
764.000000 36 2.000000 0.444365 4.617761 2.962425 2.747222 16.323189 16.323189 
764.000000 37 2.000000 0.857540 10.381928 0.672286 -4.247225 18.490892 18.490892 
764.000000 38 2.000000 0.965683 5.919702 0.965682 -8.045884 65.668786 65.668786 
764.000000 39 2.000000 0.208517 5.652878 4.170326 -3.549607 29.991330 29.991330 
764.000000 40 2.000000 0.676816 6.160388 -2.154552 5.133656 30.996517 30.996517 
764.000000 41 2.000000 0.130221 18.038656 -1.327443 -3.576864 14.556058 14.556058 
764.000000 42 2.000000 0.121750 6.068282 2.434975 -0.114781 5.942276 5.942276 
764.000000 43 2.000000 0.745172 10.553523 2.483905 0.064883 6.173994 6.173994 
764.000000 44 2.000000 0.460559 3.991786 3.070385 0.599130 9.786220 9.786220 
764.000000 45 2.000000 0.736563 11.496996 -1.756237 2.454802 9.110422 9.110422 
764.000000 46 2.000000 0.000001 17.912496 4.054663 -4.175005 33.870963 33.870963 
764.000000 47 2.000000 0.938755 12.701857 2.682153 3.697545 20.865788 20.865788 
764.000000 48 2.000000 0.476036 8.801075 4.760353 -0.949710 23.562911 23.562911 
764.000000 49 2.000000 0.999999 15.404709 -3.891824 6.853022 62.110210 62.110210 
764.000000 50 2.000000 0.948839 1.003035 2.710967 1.671724 10.144002 10.144002 
764.000000 51 2.000000 0.100480 5.434719 2.009575 0.171233 4.067713 4.067713 
764.000000 52 2.000000 0.069522 16.670505 -0.641709 -0.929706 1.276143 1.276143 
764.000000 53 2.000000 0.624909 15.599742 1.388683 1.737164 4.946180 4.946180 
764.000000 54 2.000000 0.538827 2.573505 2.735277 5.464290 37.340209 37.340209 
764.000000 55 2.000000 0.630650 7.803493 -1.846743 0.724256 3.935006 3.935006 
764.000000 56 2.000000 0.181675 5.047576 -4.091621 -5.421237 46.131172 46.131172 
764.000000 57 2.000000 0.132026 7.582193 -0.955572 -1.085584 2.091611 2.091611 
764.000000 58 2.000000 0.911760 11.361986 0.552803 -3.399697 11.863529 11.863529 
764.000000 59 2.000000 0.673215 0.067422 -2.178560 -2.291838 9.998645 9.998645 
764.000000 60 2.000000 0.263452 4.532373 0.250906 1.097507 1.267476 1.267476 
764.000000 61 2.000000 0.833123 1.471469 -0.013578 2.263796 5.124958 5.124958 
764.000000 62 2.000000 0.921256 4.694026 3.685021 -3.448180 25.469328 25.469328 
764.000000 63 2.000000 0.000001 13.226084 7.048242 1.317250 51.412858 51.412858 
764.000000 64 2.000000 0.040144 5.143819 -3.839418 -0.859895 15.480554 15.480554 
764.000000 65 2.000000 0.482870 7.581967 -2.585647 -2.579840 13.341143 13.341143 
764.000000 66 2.000000 0.548453 10.683953 0.997186 2.815798 8.923101 8.923101 
764.000000 67 2.000000 0.868497 9.505501 3.473985 -2.324571 17.472197 17.472197 
764.000000 68 2.000000 0.414071 3.243589 0.048951 0.526807 0.279921 0.279921 
764.000000 69 2.000000 0.555473 3.908386 0.827738 0.542998 0.979997 0.979997 
764.000000 70 2.000000 0.621682 3.821731 -2.522111 2.937145 14.987863 14.987863 
764.000000 71 2.000000 0.000001 10.791411 2.252183 -1.985728 9.015443 9.015443 
764.000000 72 2.000000 0.461639 13.252103 0.839342 0.046851 0.706691 0.706691 
764.000000 73 2.000000 0.447859 7.005496 -2.208560 -1.996576 8.864050 8.864050 
764.000000 74 2.000000 0.594724 12.080254 0.495603 -0.675116 0.701403 0.701403 
764.000000 75 2.000000 0.170138 11.604139 1.701374 0.014815 2.894892 2.894892 
764.000000 76 2.000000 0.250459 3.237033 2.504583 7.193404 58.017997 58.017997 
764.000000 77 2.000000 0.092460 16.329798 1.849171 -0.179322 3.451588 3.451588 
764.000000 78 2.000000 0.999999 4.047561 -3.115503 -3.631803 22.896353 22.896353 
764.000000 79 2.000000 0.798797 15.734057 -4.024045 8.263569 84.479509 84.479509 
764.000000 80 2.000000 0.057570 10.831117 -0.346844 -2.781975 7.859688 7.859688 
764.000000 81 2.000000 0.999999 10.503990 -3.653010 0.803056 13.989379 13.989379 
764.000000 82 2.000000 0.000001 0.603132 5.210484 6.031309 63.525837 63.525837 
764.000000 83 2.000000 0.999999 17.597022 -2.176463 -0.749676 5.299004 5.299004 
764.000000 84 2.000000 0.000001 14.671777 6.413142 -6.660277 85.487684 85.487684 
764.000000 85 2.000000 0.000001 6.435468 4.077011 2.870114 24.859576 24.859576 
764.000000 86 2.000000 0.819797 12.386961 2.732653 -8.474682 79.287633 79.287633 
764.000000 87 2.000000 0.045413 3.526835 -6.363905 1.056612 41.615720 41.615720 
764.000000 88 2.000000 0.066749 12.961174 -0.447969 0.309407 0.296409 0.296409 
764.000000 89 2.000000 0.324243 2.082234 -0.386110 1.487309 2.361169 2.361169 
764.000000 90 2.000000 0.086180 19.761819 1.404193 1.263644 3.568556 3.568556 
764.000000 91 2.000000 0.960050 6.149068 4.948002 2.210494 29.369007 29.369007 
764.000000 92 2.000000 0.689142 17.910758 -2.072383 -0.041472 4.296489 4.296489 
764.000000 93 2.000000 0.000001 5.499346 5.715620 -0.910266 33.496899 33.496899 
764.000000 94 2.000000 0.656049 7.321773 0.253226 -3.728982 13.969427 13.969427 
764.000000 95 2.000000 0.669162 3.508878 6.691610 0.009800 44.777734 44.777734 
764.000000 96 2.000000 0.587494 4.157225 -1.375017 2.932145 10.488148 10.488148 
764.000000 97 2.000000 0.301193 0.713838 0.752979 -0.539893 0.858462 0.858462 
764.000000 98 2.000000 0.598650 17.497848 -2.006744 -7.149002 55.135249 55.135249 
764.000000 99 2.000000 0.689062 16.773331 -0.022365 -0.035749 0.001778 0.001778 
764.000000 100 2.000000 0.999999 4.191386 -6.384280 -4.247101 58.796908 58.796908 
764.000000 101 2.000000 0.346482 19.098048 6.929619 2.541464 54.478653 54.478653 
764.000000 102 2.000000 0.739163 11.973080 -5.216724 3.413289 38.864751 38.864751 
764.000000 103 2.000000 0.225358 1.854935 0.398820 3.713924 13.952290 13.952290 
764.000000 104 2.000000 0.786575 8.767742 -2.134237 4.196173 22.162834 22.162834 
764.000000 105 2.000000 0.925567 1.880718 -1.488645 -0.685521 2.686004 2.686004 
764.000000 106 2.000000 0.000001 14.120108 1.451921 -5.060156 27.713257 27.713257 
764.000000 107 2.000000 0.347317 13.631679 -0.567550 -1.433355 2.376619 2.376619 
764.000000 108 2.000000 0.722686 4.258071 -0.924377 -0.427320 1.037075 1.037075 
764.000000 109 2.000000 0.090186 8.306602 -0.562807 1.030015 1.377683 1.377683 
764.000000 110 2.000000 0.512450 0.866736 3.416324 -1.438745 13.741254 13.741254 
764.000000 111 2.000000 0.736535 14.725084 -1.317321 3.351698 12.969214 12.969214 
764.000000 112 2.000000 0.395287 10.338981 3.952857 -3.831059 30.302088 30.302088 
764.000000 113 2.000000 0.313268 12.984776 -3.433655 -0.552381 12.095109 12.095109 
764.000000 114 2.000000 0.740334 5.718664 -2.596655 -1.927723 10.458732 10.458732 
764.000000 115 2.000000 0.204790 12.943357 -0.771263 -0.543281 0.890001 0.890001 
764.000000 116 2.000000 0.120219 0.783905 0.343481 5.226028 27.429353 27.429353 
764.000000 117 2.000000 0.340705 15.082576 0.425880 -1.844598 3.583916 3.583916 
764.000000 118 2.000000 0.999999 16.269185 -2.778054 -1.155731 9.053297 9.053297 
764.000000 119 2.000000 0.197641 6.295450 -4.011792 -6.370920 56.683101 56.683101 
764.000000 120 2.000000 0.773573 8.738896 -4.528511 5.451488 50.226136 50.226136 
764.000000 121 2.000000 0.643650 13.474246 -3.563489 6.758220 58.371990 58.371990 
764.000000 122 2.000000 0.626004 8.645351 -1.765733 -1.756125 6.201789 6.201789 
764.000000 123 2.000000 0.737347 10.676457 -0.875506 -2.489381 6.963528 6.963528 
764.000000 124 2.000000 0.672785 12.099946 -6.544278 -0.885789 43.612201 43.612201 
764.000000 125 2.000000 0.205904 4.788551 1.029514 0.130318 1.076882 1.076882 
764.000000 126 2.000000 0.880334 10.218093 2.515237 -2.639329 13.292475 13.292475 
764.000000 127 2.000000 0.711784 8.823915 -5.764296 1.256342 34.805504 34.805504 
764.000000 128 2.000000 0.441696 12.844590 -5.583030 -4.653212 52.822598 52.822598 
764.000000 129 2.000000 0.527163 10.477326 -0.675480 5.432574 29.969133 29.969133 
764.000000 130 2.000000 0.800315 9.299499 -3.993672 -7.198741 67.771295 67.771295 
764.000000 131 2.000000 0.351912 6.050033 7.038215 -2.469870 55.636728 55.636728 
764.000000 132 2.000000 0.461159 2.650556 -5.388405 0.159677 29.060402 29.060402 
764.000000 133 2.000000 0.849504 15.158436 8.495031 0.190636 72.201898 72.201898 
764.000000 134 2.000000 0.999999 1.257184 -3.555378 0.282824 12.720700 12.720700 
764.000000 135 2.000000 0.307511 0.374257 3.075102 -1.890963 13.031992 13.031992 
764.000000 136 2.000000 0.749303 15.410517 -1.671310 4.052990 19.220002 19.220002 
764.000000 137 2.000000 0.759764 17.698966 -0.702675 1.138580 1.790116 1.790116 
764.000000 138 2.000000 0.086350 18.501769 1.726982 -0.998820 3.980108 3.980108 
764.000000 139 2.000000 0.999999 13.934549 -7.803623 -2.821139 68.855364 68.855364 
764.000000 140 2.000000 0.441326 16.738757 2.206627 -9.317835 91.691244 91.691244 
764.000000 141 2.000000 0.670304 7.107033 -0.435434 -6.589317 43.608699 43.608699 
764.000000 142 2.000000 0.125608 4.725249 0.418691 -4.171609 17.577624 17.577624 
764.000000 143 2.000000 0.472239 15.510347 3.148252 -3.096312 19.498638 19.498638 
764.000000 144 2.000000 0.463045 15.336663 3.086957 -5.181485 36.377088 36.377088 
764.000000 145 2.000000 0.910832 7.514591 2.024070 -1.386153 6.018279 6.018279 
764.000000 146 2.000000 0.525491 12.167656 1.501400 0.991832 3.237933 3.237933 
764.000000 147 2.000000 0.272597 2.665213 5.451921 2.886027 38.052596 38.052596 
764.000000 148 2.000000 0.322337 17.114564 6.446713 2.637748 48.517818 48.517818 
764.000000 149 2.000000 0.086720 14.781370 0.086719 3.474134 12.077128 12.077128 
764.000000 150 2.000000 0.902986 6.551664 2.257462 -2.665511 12.201085 12.201085 
764.000000 151 2.000000 0.999999 8.608858 -6.413936 -4.952670 65.667515 65.667515 
764.000000 152 2.000000 0.861233 19.514931 1.565876 -3.233784 12.909325 12.909325 
764.000000 153 2.000000 0.071240 19.058069 -1.238345 -1.712600 4.466496 4.466496 
764.000000 154 2.000000 0.217703 16.637591 -0.745044 3.656136 13.922424 13.922424 
764.000000 155 2.000000 0.558344 10.864955 -0.121001 0.538108 0.304202 0.304202 
764.000000 156 2.000000 0.808510 9.814391 -1.914890 -0.922865 4.518484 4.518484 
764.000000 157 2.000000 0.722919 19.436523 2.091025 -3.937490 19.876216 19.876216 
764.000000 158 2.000000 0.697697 8.723943 -2.015345 2.303557 9.367991 9.367991 
764.000000 159 2.000000 0.781242 14.232563 -2.187567 3.188946 14.954826 14.954826 
764.000000 160 2.000000 0.950147 15.432200 -0.997031 -1.304209 2.695032 2.695032 
764.000000 161 2.000000 0.829432 6.566734 -1.137116 -8.658538 76.263307 76.263307 
764.000000 162 2.000000 0.717080 4.007480 2.868316 1.512524 10.514966 10.514966 
764.000000 163 2.000000 0.765616 7.518574 5.195207 2.103740 31.415893 31.415893 
764.000000 164 2.000000 0.310073 1.344583 1.612164 0.817890 3.268017 3.268017 
764.000000 165 2.000000 0.331096 0.174352 6.621893 3.487012 56.008721 56.008721 
764.000000 166 2.000000 0.000001 6.320813 4.844891 6.653487 67.741854 67.741854 
764.000000 167 2.000000 0.747531 19.999999 2.139167 -1.927127 8.289857 8.289857 
764.000000 168 2.000000 0.723053 4.605922 0.524573 2.645411 7.273373 7.273373 
764.000000 169 2.000000 0.382496 1.135821 -3.087513 0.719436 10.050328 10.050328 
764.000000 170 2.000000 0.269617 9.422988 -2.240285 1.703853 7.921990 7.921990 
764.000000 171 2.000000 0.909715 10.097258 2.274284 8.414381 75.974169 75.974169 
764.000000 172 2.000000 0.833954 10.037942 -1.660450 -1.098821 3.964503 3.964503 
764.000000 173 2.000000 0.165916 2.928378 -3.336332 -2.148452 15.746958 15.746958 
764.000000 174 2.000000 0.443532 19.279724 4.435306 0.040949 19.673619 19.673619 
764.000000 175 2.000000 0.137960 17.378337 -2.155099 -1.498092 6.888731 6.888731 
764.000000 176 2.000000 0.815246 1.137371 3.260978 -2.679152 17.811838 17.811838 
764.000000 177 2.000000 0.319866 18.832591 -6.801326 -3.335451 57.383263 57.383263 
764.000000 178 2.000000 0.064960 7.705411 -2.671539 3.512122 19.472120 19.472120 
764.000000 179 2.000000 0.452557 14.321725 0.211997 0.114372 0.058023 0.058023 
764.000000 180 2.000000 0.577988 13.746830 2.311947 4.998847 30.333571 30.333571 
764.000000 181 2.000000 0.656472 8.600868 -0.687055 0.180107 0.504483 0.504483 
764.000000 182 2.000000 0.509467 19.188117 -2.452659 -2.319663 11.396374 11.396374 
764.000000 183 2.000000 0.165726 12.849372 -0.439091 4.848819 23.703849 23.703849 
764.000000 184 2.000000 0.649996 2.989612 1.181810 -1.593523 3.935991 3.935991 
764.000000 185 2.000000 0.200151 15.678379 -0.410178 -0.710063 0.672436 0.672436 
764.000000 186 2.000000 0.731365 5.412833 -1.074536 3.866308 16.102970 16.102970 
764.000000 187 2.000000 0.696294 8.102336 2.320976 5.401557 34.563746 34.563746 
764.000000 188 2.000000 0.957147 5.285401 0.478573 -2.537445 6.667659 6.667659 
764.000000 189 2.000000 0.999999 17.301679 -3.851110 0.368256 14.966663 14.966663 
764.000000 190 2.000000 0.262716 19.419553 2.627151 0.738907 7.447904 7.447904 
764.000000 191 2.000000 0.951198 6.138289 6.193558 0.886405 39.145873 39.145873 
764.000000 192 2.000000 0.176006 13.159669 1.760051 -5.261792 30.784236 30.784236 
764.000000 193 2.000000 0.709140 1.782897 -2.908593 1.876733 11.982042 11.982042 
764.000000 194 2.000000 0.535018 7.090172 3.475369 2.985040 20.988654 20.988654 
764.000000 195 2.000000 0.366298 4.729968 -0.974924 -4.166543 18.310559 18.310559 
764.000000 196 2.000000 0.562944 4.690236 -0.016966 0.488583 0.239001 0.239001 
764.000000 197 2.000000 0.618785 9.323059 1.767954 -0.638175 3.532928 3.532928 
764.000000 198 2.000000 0.229517 8.135049 4.590328 -1.521927 23.387374 23.387374 
764.000000 199 2.000000 0.067133 14.886459 -3.731465 2.826365 21.912172 21.912172 
764.000000 200 2.000000 0.139672 6.614727 -5.735513 2.767038 40.552607 40.552607 
764.000000 201 2.000000 0.627432 1.291651 2.509723 -0.761104 6.877986 6.877986 
764.000000 202 2.000000 0.718972 3.748857 -2.810274 -1.152770 9.226519 9.226519 
764.000000 203 2.000000 0.033244 13.261085 -2.762157 -0.552795 7.935093 7.935093 
764.000000 204 2.000000 0.398370 8.998899 0.468669 -3.387978 11.698048 11.698048 
764.000000 205 2.000000 0.985704 9.553025 0.896094 2.514010 7.123233 7.123233 
764.000000 206 2.000000 0.343693 18.966901 -3.281531 -3.251459 21.340433 21.340433 
764.000000 207 2.000000 0.368202 19.898206 7.364023 -2.035854 58.373535 58.373535 
764.000000 208 2.000000 0.575839 17.088995 -2.827735 0.510647 8.256849 8.256849 
764.000000 209 2.000000 0.000001 9.171130 9.396408 -0.331738 88.402543 88.402543 
764.000000 210 2.000000 0.174620 19.860625 -0.470923 -0.929158 1.085103 1.085103 
764.000000 211 2.000000 0.824065 19.263673 -3.518676 -2.454420 18.405260 18.405260 
764.000000 212 2.000000 0.579347 7.179628 -0.009558 -2.513798 6.319273 6.319273 
764.000000 213 2.000000 0.229944 0.805412 -0.255612 -3.119985 9.799645 9.799645 
764.000000 214 2.000000 0.526152 14.945645 -3.158982 3.015615 19.073105 19.073105 
764.000000 215 2.000000 0.364297 3.535742 0.910740 -3.579272 13.640633 13.640633 
764.000000 216 2.000000 0.113051 3.572739 -0.194774 -5.103149 26.080062 26.080062 
764.000000 217 2.000000 0.948142 14.512132 0.712582 -2.380450 6.174314 6.174314 
764.000000 218 2.000000 0.526362 13.238705 0.039885 -3.194800 10.208338 10.208338 
764.000000 219 2.000000 0.999999 18.932168 -7.238199 -0.259634 52.458929 52.458929 
764.000000 220 2.000000 0.711289 13.615098 2.370960 0.334346 5.733236 5.733236 
764.000000 221 2.000000 0.186004 19.808559 -5.426634 1.039640 30.529203 30.529203 
764.000000 222 2.000000 0.471302 14.421139 1.571004 6.791168 48.588021 48.588021 
764.000000 223 2.000000 0.495102 3.008233 1.980406 -1.416004 5.927074 5.927074 
764.000000 224 2.000000 0.538573 2.740581 10.771443 3.203671 126.287488 126.287488 
764.000000 225 2.000000 0.659510 16.732732 -3.404891 -4.356356 30.571118 30.571118 
764.000000 226 2.000000 0.525057 5.543577 3.500375 11.087152 135.177574 135.177574 
764.000000 227 2.000000 0.383758 17.627423 -6.162410 -1.160099 39.321125 39.321125 
764.000000 228 2.000000 0.157509 6.121157 -2.407114 3.426766 17.536923 17.536923 
764.000000 229 2.000000 0.632745 10.410549 -0.667735 -0.512934 0.708972 0.708972 
764.000000 230 2.000000 0.264969 5.016339 2.649683 2.563507 13.592387 13.592387 
764.000000 231 2.000000 0.999999 12.808444 -4.585037 -2.523353 27.389875 27.389875 
764.000000 232 2.000000 0.651994 6.639592 1.303986 0.798036 2.337241 2.337241 
764.000000 233 2.000000 0.999999 0.960417 -0.809244 -0.658188 1.088087 1.088087 
764.000000 234 2.000000 0.934086 5.082861 2.335212 -0.818970 6.123924 6.123924 
764.000000 235 2.000000 0.318071 13.577098 -3.409642 3.872016 26.618160 26.618160 
764.000000 236 2.000000 0.381225 7.328991 -2.569120 -1.728032 9.586472 9.586472 
764.000000 237 2.000000 0.279359 6.523871 5.587162 8.139322 97.464944 97.464944 
764.000000 238 2.000000 0.541138 12.441044 0.014630 -2.799613 7.838047 7.838047 
764.000000 239 2.000000 0.338959 12.151258 -1.322079 -2.113537 6.214931 6.214931 
764.000000 240 2.000000 0.599156 0.351956 -8.016862 -2.664968 71.372136 71.372136 
764.000000 241 2.000000 0.126020 15.542218 -5.826525 1.222237 35.442256 35.442256 
764.000000 242 2.000000 0.336678 13.239580 0.673355 -6.145835 38.224696 38.224696 
764.000000 243 2.000000 0.728657 0.214130 4.857706 0.475843 23.823735 23.823735 
764.000000 244 2.000000 0.083341 11.398269 1.666798 -0.642471 3.190987 3.190987 
764.000000 245 2.000000 0.591746 14.574945 -2.721686 6.157101 45.317465 45.317465 
764.000000 246 2.000000 0.275426 7.856586 5.508496 5.411949 59.632721 59.632721 
764.000000 247 2.000000 0.416313 13.843350 -0.519944 1.996448 4.256148 4.256148 
764.000000 248 2.000000 0.000001 15.800001 4.377553 -2.019532 23.241477 23.241477 
764.000000 249 2.000000 0.808502 17.128886 0.951178 3.358643 12.185222 12.185222 
764.000000 250 2.000000 0.624781 8.840605 2.783938 -3.644054 21.029439 21.029439 
764.000000 251 2.000000 0.210433 17.061094 5.404426 0.496590 29.454420 29.454420 
764.000000 252 2.000000 0.327316 18.662395 -0.573571 1.414204 2.328956 2.328956 
764.000000 253 2.000000 0.063829 7.180847 -2.080378 -7.529266 61.017825 61.017825 
764.000000 254 2.000000 0.332445 2.141765 -0.682894 4.256847 18.587090 18.587090 
764.000000 255 2.000000 0.999999 7.871655 -4.586742 -0.267222 21.109610 21.109610 
764.000000 256 2.000000 0.849109 5.947027 5.660719 0.414634 32.215663 32.215663 
764.000000 257 2.000000 0.522315 2.901677 -4.776843 -4.681666 44.736225 44.736225 
764.000000 258 2.000000 0.464284 12.300463 3.095222 6.281446 49.036961 49.036961 
764.000000 259 2.000000 0.543314 3.585451 2.716566 -2.588009 14.077520 14.077520 
764.000000 260 2.000000 0.486771 0.112072 -2.289349 -0.584740 5.583040 5.583040 
764.000000 261 2.000000 0.765971 5.937727 2.188486 1.640947 7.482179 7.482179 
764.000000 262 2.000000 0.741864 6.652671 1.854658 -1.576297 5.924468 5.924468 
764.000000 263 2.000000 0.819998 3.150997 3.279986 -5.849695 44.977248 44.977248 
764.000000 264 2.000000 0.572926 16.585454 -1.498000 -3.018536 11.355561 11.355561 
764.000000 265 2.000000 0.618299 16.436118 3.091492 -0.136021 9.575823 9.575823 
764.000000 266 2.000000 0.293396 4.831189 -0.675891 1.900763 4.069731 4.069731 
764.000000 267 2.000000 0.999999 17.434889 -3.154843 2.064251 14.214166 14.214166 
764.000000 268 2.000000 0.245923 17.488744 -3.027560 -4.713545 31.383626 31.383626 
764.000000 269 2.000000 0.000001 0.910294 2.242655 -0.062229 5.033375 5.033375 
764.000000 270 2.000000 0.187384 8.372980 -0.812615 -6.751680 46.245529 46.245529 
764.000000 271 2.000000 0.999999 12.894384 -5.374189 -1.824699 32.211429 32.211429 
764.000000 272 2.000000 0.389961 12.890922 1.559842 6.015930 38.624518 38.624518 
764.000000 273 2.000000 0.927606 13.959523 6.184030 1.597464 40.794122 40.794122 
764.000000 274 2.000000 0.224068 5.905371 4.481333 3.589464 32.966604 32.966604 
764.000000 275 2.000000 0.589665 2.493322 1.179328 4.155534 18.659280 18.659280 
764.000000 276 2.000000 0.191393 12.484306 -0.165951 2.001187 4.032288 4.032288 
764.000000 277 2.000000 0.999999 9.113912 -3.403349 2.964704 20.372256 20.372256 
764.000000 278 2.000000 0.999999 14.313061 -1.513859 0.795175 2.924072 2.924072 
764.000000 279 2.000000 0.999999 16.250717 -2.992569 4.032564 25.217047 25.217047 
764.000000 280 2.000000 0.179603 13.663742 -5.469308 -2.586228 36.601903 36.601903 
764.000000 281 2.000000 0.568461 17.616014 1.894868 -3.667670 17.042328 17.042328 
764.000000 282 2.000000 0.999999 0.437810 -8.140611 -1.849920 69.691753 69.691753 
764.000000 283 2.000000 0.000001 14.318332 5.685364 0.938380 33.203918 33.203918 
764.000000 284 2.000000 0.725457 5.490094 0.720833 2.910339 8.989674 8.989674 
764.000000 285 2.000000 0.682694 7.941104 4.551287 -0.373529 20.853739 20.853739 
764.000000 286 2.000000 0.988464 16.239013 -2.416872 -2.781295 13.576868 13.576868 
764.000000 287 2.000000 0.999999 12.133720 -5.677382 0.966611 33.167006 33.167006 
764.000000 288 2.000000 0.560610 9.590192 -4.393889 1.491389 21.530504 21.530504 
764.000000 289 2.000000 0.948738 7.385809 3.794948 3.021356 23.530219 23.530219 
764.000000 290 2.000000 0.265836 9.427048 3.221315 1.396572 12.327284 12.327284 
764.000000 291 2.000000 0.679822 17.970559 -1.600885 -1.983303 6.496323 6.496323 
764.000000 292 2.000000 0.591649 3.600745 3.944320 5.168676 42.272876 42.272876 
764.000000 293 2.000000 0.402375 15.233747 4.023738 3.909912 31.477877 31.477877 
764.000000 294 2.000000 0.234003 15.388565 -0.742592 6.295891 40.189684 40.189684 
764.000000 295 2.000000 0.228533 12.443377 1.523546 -0.815771 2.986675 2.986675 
764.000000 296 2.000000 0.949783 8.881565 -0.251081 4.867742 23.757951 23.757951 
764.000000 297 2.000000 0.336574 7.908573 1.682866 -2.511302 9.138676 9.138676 
764.000000 298 2.000000 0.111395 4.261785 1.113940 1.982225 5.170077 5.170077 
764.000000 299 2.000000 0.162578 5.356558 -0.492601 1.213900 1.716208 1.716208 
764.000000 300 2.000000 0.861923 1.514965 -0.920510 2.019952 4.927544 4.927544 
764.000000 301 2.000000 0.173181 7.538887 -0.875861 -2.157012 5.419833 5.419833 
764.000000 302 2.000000 0.705973 0.844985 2.098053 0.686967 4.873750 4.873750 
764.000000 303 2.000000 0.235184 15.171777 -1.529630 5.494294 32.527030 32.527030 
764.000000 304 2.000000 0.800985 6.351143 -3.980287 -1.329412 17.610019 17.610019 
764.000000 305 2.000000 0.887270 1.455404 0.437579 0.008768 0.191552 0.191552 
764.000000 306 2.000000 0.517876 18.694311 -0.215288 -6.528441 42.666894 42.666894 
764.000000 307 2.000000 0.857875 1.622987 4.289370 3.226288 28.807629 28.807629 
764.000000 308 2.000000 0.271193 3.683644 -0.250014 0.426299 0.244238 0.244238 
764.000000 309 2.000000 0.359842 5.164371 0.289102 -0.279781 0.161857 0.161857 
764.000000 310 2.000000 0.407039 3.942028 4.070382 -5.903313 51.417120 51.417120 
764.000000 311 2.000000 0.525531 5.064506 -2.372342 6.330631 45.704894 45.704894 
764.000000 312 2.000000 0.593286 8.281389 1.977618 -1.122038 5.169942 5.169942 
764.000000 313 2.000000 0.068541 5.543927 -4.657291 4.949314 46.186063 46.186063 
764.000000 314 2.000000 0.164672 9.227994 0.041761 -7.428969 55.191324 55.191324 
764.000000 315 2.000000 0.118816 17.920290 0.030183 -3.781290 14.299063 14.299063 
764.000000 316 2.000000 0.457897 17.683929 1.831585 -6.617342 47.143918 47.143918 
764.000000 317 2.000000 0.353482 13.258618 2.356542 -2.140121 10.133410 10.133410 
764.000000 318 2.000000 0.736231 9.780470 3.681151 -2.924996 22.106475 22.106475 
764.000000 319 2.000000 0.338421 16.859165 1.353679 -1.434108 3.889114 3.889114 
764.000000 320 2.000000 0.558610 1.996275 2.234438 -0.250106 5.055265 5.055265 
764.000000 321 2.000000 0.044077 7.117742 -1.365602 2.160009 6.530507 6.530507 
764.000000 322 2.000000 0.476934 8.205238 -10.461295 -9.086404 192.001418 192.001418 
764.000000 323 2.000000 0.659597 18.094510 1.713788 -1.666003 5.712635 5.712635 
764.000000 324 2.000000 0.470473 7.459505 3.136480 -0.423273 10.016666 10.016666 
764.000000 325 2.000000 0.000001 14.876037 6.411438 -1.164917 42.463569 42.463569 
764.000000 326 2.000000 0.093664 16.002208 0.936626 0.558588 1.189289 1.189289 
764.000000 327 2.000000 0.999999 5.255456 -6.271061 0.973353 40.273618 40.273618 
764.000000 328 2.000000 0.999999 12.085240 -6.191792 4.767301 61.065444 61.065444 
764.000000 329 2.000000 0.559690 5.150889 1.865631 3.679205 17.017132 17.017132 
764.000000 330 2.000000 0.400223 10.162935 -0.413638 3.227942 10.590707 10.590707 
764.000000 331 2.000000 0.607364 11.451129 4.049087 5.377351 45.311004 45.311004 
764.000000 332 2.000000 0.775792 16.329370 0.580150 -5.622984 31.954523 31.954523 
764.000000 333 2.000000 0.574234 5.287762 -4.257651 -2.913502 26.616090 26.616090 
764.000000 334 2.000000 0.938678 8.253678 0.250314 1.307612 1.772505 1.772505 
764.000000 335 2.000000 0.405577 8.714701 1.622303 6.010138 38.753623 38.753623 
764.000000 336 2.000000 0.961582 11.495171 -0.768337 2.146757 5.198910 5.198910 
764.000000 337 2.000000 0.638852 16.698772 -7.222949 -2.285396 57.394024 57.394024 
764.000000 338 2.000000 0.035663 12.120205 -1.607227 2.762201 10.212931 10.212931 
764.000000 339 2.000000 0.999999 10.227671 -1.068800 -0.594834 1.496161 1.496161 
764.000000 340 2.000000 0.882010 1.608614 0.076951 3.574695 12.784366 12.784366 
764.000000 341 2.000000 0.641328 9.984725 0.754502 0.994866 1.559032 1.559032 
764.000000 342 2.000000 0.258335 3.896713 0.142857 -2.137054 4.587410 4.587410 
764.000000 343 2.000000 0.999999 7.497349 -4.866863 7.497348 79.896590 79.896590 
764.000000 344 2.000000 0.411306 2.035621 -3.924619 -4.209801 33.125063 33.125063 
764.000000 345 2.000000 0.208918 6.356356 0.347947 -4.352985 19.069541 19.069541 
764.000000 346 2.000000 0.912055 5.528238 -0.351776 4.422590 19.683048 19.683048 
764.000000 347 2.000000 0.466781 14.573756 -3.554788 -5.711835 45.261573 45.261573 
764.000000 348 2.000000 0.525182 6.297719 3.501206 -1.801569 15.504096 15.504096 
764.000000 349 2.000000 0.106265 14.618366 -4.468669 4.454755 39.813850 39.813850 
764.000000 350 2.000000 0.685078 8.939253 -3.149205 3.194757 20.123963 20.123963 
764.000000 351 2.000000 0.326208 14.507453 -1.036602 -1.555966 3.495575 3.495575 
764.000000 352 2.000000 0.522776 17.508362 0.243151 1.065077 1.193513 1.193513 
764.000000 353 2.000000 0.617811 12.155347 -3.821884 4.675133 36.463668 36.463668 
764.000000 354 2.000000 0.749297 15.759386 -2.507023 -1.915897 9.955828 9.955828 
764.000000 355 2.000000 0.670865 13.306062 2.118695 -3.553215 17.114210 17.114210 
764.000000 356 2.000000 0.294003 17.504389 0.041263 -0.493392 0.245138 0.245138 
764.000000 357 2.000000 0.514177 2.400492 -1.073569 0.151709 1.175566 1.175566 
764.000000 358 2.000000 0.981938 12.794113 0.388647 3.537120 12.662265 12.662265 
764.000000 359 2.000000 0.658123 18.087077 -0.930773 -4.361034 19.884955 19.884955 
764.000000 360 2.000000 0.320947 11.634429 2.139639 -0.452923 4.783193 4.783193 
764.000000 361 2.000000 0.626156 2.820368 6.261553 5.640734 71.024938 71.024938 
764.000000 362 2.000000 0.772736 12.168909 -4.545261 -0.028214 20.660196 20.660196 
764.000000 363 2.000000 0.393012 18.565182 0.673324 -0.726287 0.980858 0.980858 
764.000000 364 2.000000 0.416749 11.047006 -0.852346 -1.410397 2.715715 2.715715 
764.000000 365 2.000000 0.145296 13.179012 -0.949670 2.313795 6.255523 6.255523 
764.000000 366 2.000000 0.245080 10.944587 0.157822 6.132431 37.631620 37.631620 
764.000000 367 2.000000 0.547751 11.182952 -2.261241 -7.053638 54.867015 54.867015 
764.000000 368 2.000000 0.499069 1.519827 -2.003719 2.171180 8.728912 8.728912 
764.000000 369 2.000000 0.440640 9.435909 -0.289721 -5.462515 29.923009 29.923009 
764.000000 370 2.000000 0.999999 19.481765 -1.194422 -2.591169 8.140798 8.140798 
764.000000 371 2.000000 0.664650 16.475204 1.661624 2.377879 8.415304 8.415304 
764.000000 372 2.000000 0.412952 9.106795 8.259030 1.992438 72.181382 72.181382 
764.000000 373 2.000000 0.055047 0.471819 -0.235279 4.718176 22.316542 22.316542 
764.000000 374 2.000000 0.069098 19.761205 -0.365807 1.819807 3.445512 3.445512 
764.000000 375 2.000000 0.490511 2.377757 -5.094882 -4.094864 42.725726 42.725726 
764.000000 376 2.000000 0.690306 2.556470 1.972300 0.494331 4.134330 4.134330 
764.000000 377 2.000000 0.901989 0.088441 -0.980100 -1.730342 3.954679 3.954679 
764.000000 378 2.000000 0.431359 11.905550 4.313585 1.161695 19.956549 19.956549 
764.000000 379 2.000000 0.751762 8.424264 -1.654913 -6.604737 46.361282 46.361282 
764.000000 380 2.000000 0.500106 10.741246 -0.499893 -0.842962 0.960478 0.960478 
764.000000 381 2.000000 0.436805 4.497887 -0.804563 3.911205 15.944845 15.944845 
764.000000 382 2.000000 0.898657 5.491371 -1.013415 -0.867912 1.780282 1.780282 
764.000000 383 2.000000 0.144230 16.520897 -5.705129 2.485276 38.725100 38.725100 
764.000000 384 2.000000 0.312167 18.088034 -3.676120 5.064312 39.161117 39.161117 
764.000000 385 2.000000 0.573365 12.492727 -1.706536 0.707353 3.412615 3.412615 
764.000000 386 2.000000 0.000001 14.571681 5.757532 1.043705 34.238501 34.238501 
764.000000 387 2.000000 0.656112 19.075574 -6.877732 0.116500 47.316772 47.316772 
764.000000 388 2.000000 0.000001 18.469988 8.662128 -3.360883 86.328006 86.328006 
764.000000 389 2.000000 0.133811 5.978298 2.676202 1.401974 9.127587 9.127587 
764.000000 390 2.000000 0.994011 12.424792 4.970052 3.462902 36.693111 36.693111 
764.000000 391 2.000000 0.461695 19.559188 -1.949738 -0.929088 4.664683 4.664683 
764.000000 392 2.000000 0.363621 18.328423 -2.121261 6.528859 47.125745 47.125745 
764.000000 393 2.000000 0.999999 12.178364 -5.845221 -1.193223 35.590388 35.590388 
764.000000 394 2.000000 0.560187 4.779892 1.867287 -5.968669 39.111774 39.111774 
764.000000 395 2.000000 0.066292 7.421236 -3.112355 -0.249784 9.749148 9.749148 
764.000000 396 2.000000 0.479902 2.006347 0.799835 -2.484073 6.810357 6.810357 
764.000000 397 2.000000 0.135434 17.421317 -1.235093 -0.459240 1.736355 1.736355 
764.000000 398 2.000000 0.000001 9.605529 2.669066 4.083548 23.799279 23.799279 
764.000000 399 2.000000 0.999999 0.290558 -4.046802 5.811137 50.145921 50.145921 
764.000000 400 2.000000 0.590560 13.827223 0.984264 0.721034 1.488667 1.488667 
764.000000 401 2.000000 0.297919 5.447857 -8.002389 2.362458 69.619438 69.619438 
764.000000 402 2.000000 0.090309 10.411999 -3.390690 0.211715 11.541599 11.541599 
764.000000 403 2.000000 0.489601 5.227186 -3.402656 -0.141971 11.598226 11.598226 
764.000000 404 2.000000 0.071639 17.377358 1.432767 -0.047800 2.055106 2.055106 
764.000000 405 2.000000 0.514487 13.224137 -1.139523 -8.762254 78.075600 78.075600 
764.000000 406 2.000000 0.593023 1.456971 0.624234 1.533653 2.741760 2.741760 
764.000000 407 2.000000 0.321126 18.080431 -0.837527 0.933133 1.572189 1.572189 
764.000000 408 2.000000 0.000001 8.553863 6.019394 7.945903 99.370475 99.370475 
764.000000 409 2.000000 0.577848 17.641753 -4.029808 0.021868 16.239828 16.239828 
764.000000 410 2.000000 0.609179 19.847439 0.801136 -0.060676 0.645500 0.645500 
764.000000 411 2.000000 0.624829 12.400493 1.136050 -2.867738 9.514531 9.514531 
764.000000 412 2.000000 0.615960 2.245994 0.073827 -2.579869 6.661172 6.661172 
764.000000 413 2.000000 0.000001 5.704090 4.276655 -2.917101 26.799260 26.799260 
764.000000 414 2.000000 0.569981 14.120903 -4.300175 -4.348949 37.404863 37.404863 
764.000000 415 2.000000 0.957241 7.115790 2.393100 -2.524098 12.097995 12.097995 
764.000000 416 2.000000 0.768116 4.594637 5.120765 1.298555 27.908482 27.908482 
764.000000 417 2.000000 0.171041 3.730823 -0.431487 0.984517 1.155455 1.155455 
764.000000 418 2.000000 0.685546 11.323297 -6.289059 5.780802 72.969931 72.969931 
764.000000 419 2.000000 0.140154 3.810158 2.803060 -2.757204 15.459322 15.459322 
764.000000 420 2.000000 0.955264 10.264807 0.734818 -1.299661 2.229075 2.229075 
764.000000 421 2.000000 0.454219 13.194151 -0.295016 -3.402924 11.666925 11.666925 
764.000000 422 2.000000 0.194831 10.227279 -2.012919 -2.345914 9.555153 9.555153 
764.000000 423 2.000000 0.864606 6.127087 -0.541573 0.395297 0.449561 0.449561 
764.000000 424 2.000000 0.101505 13.948357 -8.984936 -3.782276 95.034695 95.034695 
764.000000 425 2.000000 0.677885 16.604664 1.936810 7.219419 55.871242 55.871242 
764.000000 426 2.000000 0.261558 17.792331 -2.908362 1.614615 11.065550 11.065550 
764.000000 427 2.000000 0.677041 14.548798 -6.459162 0.671393 42.171540 42.171540 
764.000000 428 2.000000 0.154111 0.587763 0.616440 -1.666407 3.156912 3.156912 
764.000000 429 2.000000 0.612115 16.564544 0.294161 -3.817173 14.657338 14.657338 
764.000000 430 2.000000 0.095116 0.860350 -2.262208 -3.048793 14.412726 14.412726 
764.000000 431 2.000000 0.556815 1.343304 -1.103493 0.813451 1.879399 1.879399 
764.000000 432 2.000000 0.398764 0.090765 -6.012347 1.815284 39.443572 39.443572 
764.000000 433 2.000000 0.999999 10.461344 -3.524195 7.653325 70.993339 70.993339 
764.000000 434 2.000000 0.924441 13.692887 0.803861 -1.772502 3.787956 3.787956 
764.000000 435 2.000000 0.488174 6.263979 9.763453 -2.754329 102.911341 102.911341 
764.000000 436 2.000000 0.716693 0.372305 -5.666110 1.241012 33.644917 33.644917 
764.000000 437 2.000000 0.255478 4.154859 -1.353674 -3.150509 11.758140 11.758140 
764.000000 438 2.000000 0.373916 9.873386 -1.565209 -4.715956 24.690123 24.690123 
764.000000 439 2.000000 0.623625 13.522321 -3.763744 2.259304 19.270224 19.270224 
764.000000 440 2.000000 0.956191 2.888726 0.390708 -4.669957 21.961148 21.961148 
764.000000 441 2.000000 0.578670 8.626647 -0.971963 -3.528506 13.395071 13.395071 
764.000000 442 2.000000 0.999999 19.971496 -1.320631 2.366707 7.345366 7.345366 
764.000000 443 2.000000 0.527074 3.988055 0.810881 2.658702 7.726226 7.726226 
764.000000 444 2.000000 0.935389 15.135046 -1.292202 -4.180835 19.149166 19.149166 
764.000000 445 2.000000 0.839708 5.294069 -0.400729 -4.020922 16.328400 16.328400 
764.000000 446 2.000000 0.927254 10.012661 -1.454908 0.858950 2.854551 2.854551 
764.000000 447 2.000000 0.208367 1.471669 -0.130912 3.449695 11.917537 11.917537 
764.000000 448 2.000000 0.462673 4.736814 4.626721 0.052130 21.409261 21.409261 
764.000000 449 2.000000 0.646852 2.620539 1.263404 4.455182 21.444839 21.444839 
764.000000 450 2.000000 0.000001 18.487602 2.788072 2.555539 14.304120 14.304120 
764.000000 451 2.000000 0.544858 1.657225 0.417782 -4.793230 23.149594 23.149594 
764.000000 452 2.000000 0.100062 17.530710 2.001217 3.328049 15.080779 15.080779 
764.000000 453 2.000000 0.470888 17.883628 1.628351 -0.118849 2.665654 2.665654 
764.000000 454 2.000000 0.452995 12.528560 -1.562869 1.942412 6.215526 6.215526 
764.000000 455 2.000000 0.797998 6.601401 -2.020006 4.552690 24.807406 24.807406 
764.000000 456 2.000000 0.501960 18.932455 5.019594 3.606687 38.204517 38.204517 
764.000000 457 2.000000 0.109671 13.240084 2.193408 2.562526 11.377578 11.377578 
764.000000 458 2.000000 0.528161 3.766010 3.521066 2.337317 17.860956 17.860956 
764.000000 459 2.000000 0.450181 15.131636 9.003605 0.383924 81.212300 81.212300 
764.000000 460 2.000000 0.204008 4.031574 -5.306605 3.748819 42.213703 42.213703 
764.000000 461 2.000000 0.754871 8.985031 -1.634189 -5.138246 29.072141 29.072141 
764.000000 462 2.000000 0.062476 1.168985 -0.568196 0.552279 0.627858 0.627858 
764.000000 463 2.000000 0.470815 0.934092 -2.645919 1.672113 9.796847 9.796847 
764.000000 464 2.000000 0.479075 5.775830 -3.472830 -3.654832 25.418346 25.418346 
764.000000 465 2.000000 0.144359 19.243213 2.887162 -0.251148 8.398780 8.398780 
764.000000 466 2.000000 0.840118 4.834109 -3.197621 0.233217 10.279170 10.279170 
764.000000 467 2.000000 0.273838 17.548511 0.497885 2.671062 7.382462 7.382462 
764.000000 468 2.000000 0.735039 12.065859 -2.649597 0.402909 7.182700 7.182700 
764.000000 469 2.000000 0.999999 17.078948 -3.026363 8.363071 79.099836 79.099836 
764.000000 470 2.000000 0.647797 2.853575 0.815639 -6.243598 39.647785 39.647785 
764.000000 471 2.000000 0.464201 1.811788 4.642000 -8.575681 95.090461 95.090461 
764.000000 472 2.000000 0.000001 7.083787 3.800675 -0.146657 14.466641 14.466641 
764.000000 473 2.000000 0.642487 19.978805 3.212431 0.583560 10.660257 10.660257 
764.000000 474 2.000000 0.580397 0.507154 -8.392043 0.756412 70.998544 70.998544 
764.000000 475 2.000000 0.065992 5.200187 -0.480048 -0.888069 1.019112 1.019112 
764.000000 476 2.000000 0.713160 14.450015 0.893770 4.835485 24.180742 24.180742 
764.000000 477 2.000000 0.590050 19.737455 1.311220 3.072286 11.158242 11.158242 
764.000000 478 2.000000 0.166375 8.688376 3.327477 5.214616 38.264328 38.264328 
764.000000 479 2.000000 0.765876 1.834980 -4.682458 -3.943450 37.476205 37.476205 
764.000000 480 2.000000 0.076826 3.100242 -2.307933 -0.776070 5.928840 5.928840 
764.000000 481 2.000000 0.606794 7.845949 0.466764 4.903718 24.264316 24.264316 
764.000000 482 2.000000 0.258771 9.280445 2.587698 -2.526337 13.078562 13.078562 
764.000000 483 2.000000 0.999999 13.576823 -4.379467 -2.569270 25.780883 25.780883 
764.000000 484 2.000000 0.816177 14.723353 -1.225483 0.435627 1.691580 1.691580 
764.000000 485 2.000000 0.147211 8.825371 -4.263939 -9.312190 104.898060 104.898060 
764.000000 486 2.000000 0.000001 10.324752 10.057887 0.894590 101.961389 101.961389 
764.000000 487 2.000000 0.199612 3.764523 -3.201549 -2.848419 18.363411 18.363411 
764.000000 488 2.000000 0.000001 13.986663 4.450240 -9.237787 105.141344 105.141344 
764.000000 489 2.000000 0.000001 10.770487 3.814874 5.815469 48.372943 48.372943 
764.000000 490 2.000000 0.000001 15.311096 6.846316 3.330112 57.961693 57.961693 
764.000000 491 2.000000 0.512918 19.455391 2.564586 6.198785 45.002040 45.002040 
764.000000 492 2.000000 0.317670 5.304711 -1.949512 -2.014661 7.859453 7.859453 
764.000000 493 2.000000 0.818714 4.767956 2.046783 4.767955 26.922715 26.922715 
764.000000 494 2.000000 0.667494 12.447934 3.337465 -1.984280 15.076041 15.076041 
764.000000 495 2.000000 0.567603 5.536557 0.946004 -0.327948 1.002473 1.002473 
764.000000 496 2.000000 0.621225 17.906500 4.141495 7.178087 68.676916 68.676916 
764.000000 497 2.000000 0.999999 19.097674 -5.413005 -4.511627 49.655402 49.655402 
764.000000 498 2.000000 0.538711 1.906929 -9.225764 4.237618 103.072133 103.072133 
764.000000 499 2.000000 0.737873 19.434992 1.184206 4.645698 22.984857 22.984857 
764.000000 500 2.000000 0.625434 9.235899 2.909688 0.325946 8.572525 8.572525 
