826.500000 1 2.000000 0.421237 7.605816 1.404121 4.111251 18.873944 18.873944 
826.500000 2 2.000000 0.500969 5.038920 0.072105 4.128595 17.050498 17.050498 
826.500000 3 2.000000 0.651549 6.859171 -1.393798 -1.010500 2.963783 2.963783 
826.500000 4 2.000000 0.829299 5.372918 5.528655 5.940294 65.853125 65.853125 
826.500000 5 2.000000 0.858834 5.504382 4.294164 -2.180601 23.194862 23.194862 
826.500000 6 2.000000 0.852762 11.698494 -0.351220 0.728928 0.654691 0.654691 
826.500000 7 2.000000 0.968355 9.768447 3.873416 -0.204302 15.045089 15.045089 
826.500000 8 2.000000 0.994519 1.772019 2.210040 7.088071 55.125029 55.125029 
826.500000 9 2.000000 0.282779 2.385256 5.655560 -4.473861 52.000788 52.000788 
826.500000 10 2.000000 0.670027 19.588529 -1.099906 -4.114698 18.140533 18.140533 
826.500000 11 2.000000 0.765467 16.402254 -0.521182 -3.118982 9.999677 9.999677 
826.500000 12 2.000000 0.999999 13.685126 -6.250011 -0.846282 39.778825 39.778825 
826.500000 13 2.000000 0.599352 14.440181 5.993508 -3.390624 47.418470 47.418470 
826.500000 14 2.000000 0.879559 8.056165 0.551910 -4.768682 23.044936 23.044936 
826.500000 15 2.000000 0.573831 5.137356 -2.130840 -0.348714 4.662080 4.662080 
826.500000 16 2.000000 0.000001 3.641946 4.818127 -2.807828 31.098246 31.098246 
826.500000 17 2.000000 0.621664 4.216019 1.405943 -4.222402 19.805354 19.805354 
826.500000 18 2.000000 0.586880 15.582831 -4.131187 1.192947 18.489827 18.489827 
826.500000 19 2.000000 0.366018 9.995688 0.210996 7.935522 63.017025 63.017025 
826.500000 20 2.000000 0.134326 3.125286 -4.328363 2.937936 27.366190 27.366190 
826.500000 21 2.000000 0.645526 3.873008 3.227626 -1.749194 13.477249 13.477249 
826.500000 22 2.000000 0.186277 4.076275 -3.489756 4.121167 29.162415 29.162415 
826.500000 23 2.000000 0.932154 2.766960 4.937775 -3.502640 36.650107 36.650107 
826.500000 24 2.000000 0.066153 18.602798 1.323041 9.114981 84.833325 84.833325 
826.500000 25 2.000000 0.389968 4.198063 -0.278448 -5.390918 29.139530 29.139530 
826.500000 26 2.000000 0.999999 12.651067 -4.143180 -2.022302 21.255644 21.255644 
826.500000 27 2.000000 0.980628 8.057057 2.451567 8.057056 70.926339 70.926339 
826.500000 28 2.000000 0.883848 7.165919 -2.323020 -2.497854 11.635698 11.635698 
826.500000 29 2.000000 0.698202 4.069583 3.491007 3.391318 23.688169 23.688169 
826.500000 30 2.000000 0.508452 14.515454 -3.276981 4.088860 27.457382 27.457382 
826.500000 31 2.000000 0.529440 8.420588 10.745985 -2.120800 119.973992 119.973992 
826.500000 32 2.000000 0.992716 16.847069 2.206034 -0.422377 5.044989 5.044989 
826.500000 33 2.000000 0.461496 2.845958 -3.590018 -1.883523 16.435888 16.435888 
826.500000 34 2.000000 0.292264 8.900517 1.169050 -2.812296 9.275685 9.275685 
826.500000 35 2.000000 0.000001 15.501327 1.273277 -0.428803 1.805108 1.805108 
826.500000 36 2.000000 0.762827 5.721787 1.173578 7.629048 59.579658 59.579658 
826.500000 37 2.000000 0.000001 7.204358 3.640669 6.042318 49.764073 49.764073 
826.500000 38 2.000000 0.260549 16.363196 1.736984 -5.595082 34.322053 34.322053 
826.500000 39 2.000000 0.453162 10.287780 4.531614 2.755111 28.126168 28.126168 
826.500000 40 2.000000 0.140870 10.190677 -4.295647 0.246478 18.513336 18.513336 
826.500000 41 2.000000 0.465071 18.486837 2.325350 -1.506342 7.676317 7.676317 
826.500000 42 2.000000 0.288035 18.035585 1.920226 -0.948998 4.587867 4.587867 
826.500000 43 2.000000 0.186360 19.207063 1.863594 1.230033 4.985963 4.985963 
826.500000 44 2.000000 0.210354 12.271134 0.841414 5.453837 30.452314 30.452314 
826.500000 45 2.000000 0.153542 16.719985 3.070824 2.464529 15.503864 15.503864 
826.500000 46 2.000000 0.231603 5.098195 -7.683960 -1.172784 60.418662 60.418662 
826.500000 47 2.000000 0.603932 13.006416 1.207863 -0.517717 1.726963 1.726963 
826.500000 48 2.000000 0.235947 13.062975 4.718923 3.542859 34.820082 34.820082 
826.500000 49 2.000000 0.182950 4.777354 -3.268195 -1.637858 13.363679 13.363679 
826.500000 50 2.000000 0.841198 11.868630 2.403420 -3.613942 18.837004 18.837004 
826.500000 51 2.000000 0.629863 14.973375 2.099540 -2.872356 12.658501 12.658501 
826.500000 52 2.000000 0.611165 1.782644 2.444655 -5.590144 37.226042 37.226042 
826.500000 53 2.000000 0.885552 12.265003 2.530144 -0.631113 6.799934 6.799934 
826.500000 54 2.000000 0.168117 9.331335 1.120776 2.834108 9.288308 9.288308 
826.500000 55 2.000000 0.684082 18.023136 -1.579586 4.196791 20.108148 20.108148 
826.500000 56 2.000000 0.599274 8.040633 -1.335751 0.897945 2.590535 2.590535 
826.500000 57 2.000000 0.022080 5.840158 0.220791 2.539199 6.496278 6.496278 
826.500000 58 2.000000 0.554487 3.279356 -2.970082 -2.600024 15.581508 15.581508 
826.500000 59 2.000000 0.801278 5.539239 -3.974427 5.275465 43.626600 43.626600 
826.500000 60 2.000000 0.070849 15.746373 -1.161438 -1.062580 2.478014 2.478014 
826.500000 61 2.000000 0.350583 10.086735 2.337212 -0.716869 5.976463 5.976463 
826.500000 62 2.000000 0.194443 4.075454 -7.229133 7.017297 101.502813 101.502813 
826.500000 63 2.000000 0.800550 5.830879 -3.988975 -1.119806 17.165886 17.165886 
826.500000 64 2.000000 0.201487 8.210533 -0.939426 -1.136913 2.175092 2.175092 
826.500000 65 2.000000 0.147890 9.406688 -5.680727 -0.820546 32.943956 32.943956 
826.500000 66 2.000000 0.854794 12.941029 -0.093363 2.264178 5.135218 5.135218 
826.500000 67 2.000000 0.733466 16.207442 -1.332667 2.786350 9.539746 9.539746 
826.500000 68 2.000000 0.176534 2.456415 -0.335190 -0.842719 0.822526 0.822526 
826.500000 69 2.000000 0.240042 9.611006 -4.497451 -1.717825 23.177988 23.177988 
826.500000 70 2.000000 0.205392 10.230888 -7.946065 -1.487656 65.353071 65.353071 
826.500000 71 2.000000 0.137660 13.822855 -2.463827 -4.941715 30.490988 30.490988 
826.500000 72 2.000000 0.999999 9.559130 -3.459097 -6.645417 56.126923 56.126923 
826.500000 73 2.000000 0.021760 7.731386 0.435186 -10.006522 100.319874 100.319874 
826.500000 74 2.000000 0.725162 0.941189 -2.748372 -3.271665 18.257340 18.257340 
826.500000 75 2.000000 0.274177 2.950453 -4.838812 1.475226 25.590389 25.590389 
826.500000 76 2.000000 0.000001 1.369319 4.528394 0.700505 20.997059 20.997059 
826.500000 77 2.000000 0.367797 15.837042 4.264634 -4.425921 37.775879 37.775879 
826.500000 78 2.000000 0.600203 12.519252 3.001008 0.016587 9.006325 9.006325 
826.500000 79 2.000000 0.940186 13.645637 1.880370 -0.350790 3.658844 3.658844 
826.500000 80 2.000000 0.149944 8.231767 1.499427 6.097604 39.429059 39.429059 
826.500000 81 2.000000 0.925571 11.866281 0.146292 -3.135483 9.852653 9.852653 
826.500000 82 2.000000 0.999999 13.414444 -6.750479 2.273323 50.736964 50.736964 
826.500000 83 2.000000 0.625980 16.594537 -7.480389 -1.609073 58.545332 58.545332 
826.500000 84 2.000000 0.000001 18.344005 1.088430 -4.731413 23.570946 23.570946 
826.500000 85 2.000000 0.000001 5.311642 6.092457 -1.350632 38.942234 38.942234 
826.500000 86 2.000000 0.343093 0.510315 6.861843 -3.116827 56.799501 56.799501 
826.500000 87 2.000000 0.662785 3.665653 2.209282 -1.419780 6.896702 6.896702 
826.500000 88 2.000000 0.114594 12.436566 0.188215 6.547291 42.902445 42.902445 
826.500000 89 2.000000 0.421821 8.651805 0.378234 4.969920 24.843168 24.843168 
826.500000 90 2.000000 0.999999 13.805841 -4.911970 4.121146 41.111298 41.111298 
826.500000 91 2.000000 0.589880 0.000001 0.003324 3.894778 15.169304 15.169304 
826.500000 92 2.000000 0.000001 16.383940 3.467270 0.800560 12.662859 12.662859 
826.500000 93 2.000000 0.875798 6.524280 0.875797 -4.022603 16.948352 16.948352 
826.500000 94 2.000000 0.636274 10.530958 -1.818625 -4.124536 20.319199 20.319199 
826.500000 95 2.000000 0.000001 10.705906 9.225625 5.327998 113.499706 113.499706 
826.500000 96 2.000000 0.265113 17.279735 -4.899239 3.360625 35.296346 35.296346 
826.500000 97 2.000000 0.935445 15.412352 3.741774 2.656913 21.060060 21.060060 
826.500000 98 2.000000 0.080650 10.794532 -3.064497 -0.414446 9.562910 9.562910 
826.500000 99 2.000000 0.872060 0.160794 5.813729 -3.385205 45.259060 45.259060 
826.500000 100 2.000000 0.560726 18.528493 11.214491 -1.599595 128.323516 128.323516 
826.500000 101 2.000000 0.465809 8.311867 -3.156605 2.230496 14.939266 14.939266 
826.500000 102 2.000000 0.572265 5.457973 3.815094 -3.119353 24.285309 24.285309 
826.500000 103 2.000000 0.000001 17.026397 6.922521 0.752524 48.487596 48.487596 
826.500000 104 2.000000 0.999999 16.468127 -10.092613 -1.445787 103.951138 103.951138 
826.500000 105 2.000000 0.303626 10.213295 0.404833 0.503880 0.417785 0.417785 
826.500000 106 2.000000 0.537900 8.416839 -3.659980 1.601439 15.960058 15.960058 
826.500000 107 2.000000 0.348740 7.019082 0.211357 1.869981 3.541500 3.541500 
826.500000 108 2.000000 0.174621 5.707337 1.746199 -1.800293 6.290263 6.290263 
826.500000 109 2.000000 0.195409 8.230710 1.954080 -2.800557 11.661545 11.661545 
826.500000 110 2.000000 0.357259 4.922817 3.572582 0.004913 12.763366 12.763366 
826.500000 111 2.000000 0.184204 10.749070 -3.263181 -0.353855 10.773563 10.773563 
826.500000 112 2.000000 0.999999 0.078262 -0.801386 -1.954234 4.461250 4.461250 
826.500000 113 2.000000 0.761760 5.534555 -1.191195 0.476258 1.645767 1.645767 
826.500000 114 2.000000 0.836662 10.790770 -1.633370 0.732449 3.204380 3.204380 
826.500000 115 2.000000 0.882055 17.831039 2.940180 4.629335 30.075397 30.075397 
826.500000 116 2.000000 0.101217 2.621459 -2.269877 -0.648417 5.572786 5.572786 
826.500000 117 2.000000 0.578514 14.486140 -0.150530 0.544929 0.319607 0.319607 
826.500000 118 2.000000 0.543539 8.041800 0.452949 7.658856 58.863243 58.863243 
826.500000 119 2.000000 0.791965 13.909273 -4.160673 -2.551694 23.822341 23.822341 
826.500000 120 2.000000 0.000001 11.810004 2.009089 -0.820859 4.710248 4.710248 
826.500000 121 2.000000 0.859988 6.766794 4.299935 3.336221 29.619816 29.619816 
826.500000 122 2.000000 0.854721 16.681299 0.412902 1.238851 1.705241 1.705241 
826.500000 123 2.000000 0.211270 9.978098 4.225371 -4.583219 38.859655 38.859655 
826.500000 124 2.000000 0.702201 16.887935 -1.985323 -3.661252 17.346276 17.346276 
826.500000 125 2.000000 0.759011 15.046449 -0.450299 -1.690326 3.059972 3.059972 
826.500000 126 2.000000 0.786302 13.594027 -2.136974 -1.105271 5.788283 5.788283 
826.500000 127 2.000000 0.418987 14.422264 -1.291138 3.053656 10.991851 10.991851 
826.500000 128 2.000000 0.948402 0.885073 -1.031930 1.609222 3.654476 3.654476 
826.500000 129 2.000000 0.726278 19.414699 7.262769 2.331641 58.184368 58.184368 
826.500000 130 2.000000 0.528657 15.001982 -0.856986 0.198928 0.773997 0.773997 
826.500000 131 2.000000 0.822452 14.756170 -3.550941 1.275787 14.236816 14.236816 
826.500000 132 2.000000 0.865926 9.781422 2.368858 -0.894132 6.410962 6.410962 
826.500000 133 2.000000 0.869428 9.258838 1.022855 -0.612319 1.421167 1.421167 
826.500000 134 2.000000 0.787240 1.558483 -2.127587 -2.738032 12.023442 12.023442 
826.500000 135 2.000000 0.252388 13.875428 -0.139936 1.860425 3.480764 3.480764 
826.500000 136 2.000000 0.470437 12.514541 0.123839 4.986613 24.881644 24.881644 
826.500000 137 2.000000 0.586805 1.077592 5.868042 3.841473 49.190825 49.190825 
826.500000 138 2.000000 0.000454 8.489438 -0.408675 -4.390480 19.443332 19.443332 
826.500000 139 2.000000 0.235992 11.700445 -7.640066 -0.421719 58.548450 58.548450 
826.500000 140 2.000000 0.353651 3.108797 -6.648155 3.665349 57.632752 57.632752 
826.500000 141 2.000000 0.397486 14.254063 3.974848 -0.736704 16.342153 16.342153 
826.500000 142 2.000000 0.272207 3.334143 1.814707 2.041178 7.459570 7.459570 
826.500000 143 2.000000 0.254563 12.885380 -2.981743 -7.489072 64.976991 64.976991 
826.500000 144 2.000000 0.000001 16.920224 2.999459 -0.239620 9.054171 9.054171 
826.500000 145 2.000000 0.037415 11.631087 -3.850337 -10.461140 124.260544 124.260544 
826.500000 146 2.000000 0.999999 13.185243 -4.304329 0.267439 18.598774 18.598774 
826.500000 147 2.000000 0.641091 8.416923 -0.358908 -1.715039 3.070174 3.070174 
826.500000 148 2.000000 0.553814 2.243984 -2.974564 1.054433 9.959862 9.959862 
826.500000 149 2.000000 0.690124 3.173703 0.552044 1.233879 1.827209 1.827209 
826.500000 150 2.000000 0.356378 1.153829 -0.807184 4.301417 19.153733 19.153733 
826.500000 151 2.000000 0.775523 4.531498 -4.489519 -0.075921 20.161545 20.161545 
826.500000 152 2.000000 0.846085 11.081001 1.968454 2.359978 9.444305 9.444305 
826.500000 153 2.000000 0.418123 3.054967 -2.909382 7.637414 66.794605 66.794605 
826.500000 154 2.000000 0.838184 10.398288 3.352730 2.700854 18.535412 18.535412 
826.500000 155 2.000000 0.119642 10.087331 -5.869049 0.362632 34.577233 34.577233 
826.500000 156 2.000000 0.285201 7.591434 2.851995 -2.111958 12.594241 12.594241 
826.500000 157 2.000000 0.537489 0.448699 2.687439 1.112609 8.460228 8.460228 
826.500000 158 2.000000 0.533910 18.071627 -0.621452 -0.820584 1.059561 1.059561 
826.500000 159 2.000000 0.586113 4.569500 0.468890 2.229024 5.188406 5.188406 
826.500000 160 2.000000 0.015754 17.222205 -3.280818 -0.268068 10.835628 10.835628 
826.500000 161 2.000000 0.385453 11.500027 -6.145461 3.102911 47.394743 47.394743 
826.500000 162 2.000000 0.472065 19.773291 -3.519561 0.413292 12.558118 12.558118 
826.500000 163 2.000000 0.341706 2.915838 -2.194310 5.831675 38.823423 38.823423 
826.500000 164 2.000000 0.467212 3.035388 9.344216 -2.393378 93.042628 93.042628 
826.500000 165 2.000000 0.518408 0.685238 -1.605303 -3.082639 12.079658 12.079658 
826.500000 166 2.000000 0.977293 7.280818 0.849819 1.625380 3.364053 3.364053 
826.500000 167 2.000000 0.457116 7.949430 -1.809609 -3.533709 15.761785 15.761785 
826.500000 168 2.000000 0.783647 3.671219 1.424811 -2.135507 6.590479 6.590479 
826.500000 169 2.000000 0.660341 19.163550 3.301702 5.013667 36.038095 36.038095 
826.500000 170 2.000000 0.099667 7.844537 0.996658 -4.051821 17.410579 17.410579 
826.500000 171 2.000000 0.354002 18.553453 3.540014 1.117309 13.780080 13.780080 
826.500000 172 2.000000 0.033749 0.270899 0.674966 2.708979 7.794149 7.794149 
826.500000 173 2.000000 0.242854 10.372640 -1.376628 -2.692213 9.143113 9.143113 
826.500000 174 2.000000 0.799704 17.739272 7.997030 1.750090 67.015307 67.015307 
826.500000 175 2.000000 0.662201 6.573094 0.398533 -3.207222 10.445104 10.445104 
826.500000 176 2.000000 0.253768 14.153192 1.268834 3.262344 12.252828 12.252828 
826.500000 177 2.000000 0.999999 18.368844 -3.391595 4.278997 29.812736 29.812736 
826.500000 178 2.000000 0.117181 12.420779 2.919330 3.386450 19.990529 19.990529 
826.500000 179 2.000000 0.139922 19.811429 2.798418 6.205073 46.334076 46.334076 
826.500000 180 2.000000 0.435147 19.046802 -0.682606 -1.466457 2.616448 2.616448 
826.500000 181 2.000000 0.783203 13.214794 -0.309708 -1.357041 1.937480 1.937480 
826.500000 182 2.000000 0.502313 3.500926 0.236527 1.811398 3.337108 3.337108 
826.500000 183 2.000000 0.561744 14.300505 -4.382552 -4.012482 35.306777 35.306777 
826.500000 184 2.000000 0.888169 11.177793 -2.236603 1.448550 7.100690 7.100690 
826.500000 185 2.000000 0.000001 9.628739 2.057872 -0.799951 4.874757 4.874757 
826.500000 186 2.000000 0.251487 15.033743 5.029723 -1.433983 27.354415 27.354415 
826.500000 187 2.000000 0.195262 0.546706 3.905227 -3.814493 29.801156 29.801156 
826.500000 188 2.000000 0.628373 10.484458 -5.006204 -3.307955 36.004638 36.004638 
826.500000 189 2.000000 0.999999 11.417327 -0.500385 -4.166431 17.609530 17.609530 
826.500000 190 2.000000 0.124321 2.103082 -0.583786 0.260800 0.408822 0.408822 
826.500000 191 2.000000 0.738696 1.033888 -5.226051 4.135549 44.414381 44.414381 
826.500000 192 2.000000 0.462765 3.211847 1.542548 3.147276 12.284803 12.284803 
826.500000 193 2.000000 0.740481 12.844548 1.480960 4.281516 20.524619 20.524619 
826.500000 194 2.000000 0.769699 15.135710 0.025925 0.911403 0.831328 0.831328 
826.500000 195 2.000000 0.201537 1.730505 -2.661541 -0.869668 7.840124 7.840124 
826.500000 196 2.000000 0.000001 1.615880 8.400564 -0.099836 70.579443 70.579443 
826.500000 197 2.000000 0.924660 9.786126 1.155823 2.705446 8.655363 8.655363 
826.500000 198 2.000000 0.545328 18.331470 -1.818684 1.203479 4.755973 4.755973 
826.500000 199 2.000000 0.522585 4.873084 3.483894 -0.592579 12.488670 12.488670 
826.500000 200 2.000000 0.550915 0.821151 0.699494 2.737168 7.981380 7.981380 
826.500000 201 2.000000 0.277345 9.745391 -0.516181 1.248047 1.824065 1.824065 
826.500000 202 2.000000 0.189490 4.064755 -5.498654 3.424549 41.962730 41.962730 
826.500000 203 2.000000 0.268357 14.461856 -2.438806 -0.163460 5.974493 5.974493 
826.500000 204 2.000000 0.418209 14.185822 2.091040 0.392284 4.526335 4.526335 
826.500000 205 2.000000 0.233457 19.395061 -1.032409 -12.098762 147.445919 147.445919 
826.500000 206 2.000000 0.242594 16.091348 0.539096 -3.398827 11.842648 11.842648 
826.500000 207 2.000000 0.000001 18.215883 5.386321 -4.460291 48.906646 48.906646 
826.500000 208 2.000000 0.367353 12.953998 -0.467671 4.689390 22.209097 22.209097 
826.500000 209 2.000000 0.461687 15.668735 3.077905 1.007342 10.488237 10.488237 
826.500000 210 2.000000 0.708217 15.431499 -2.917820 -0.945772 9.408158 9.408158 
826.500000 211 2.000000 0.999999 13.663798 -3.721860 6.665267 58.278022 58.278022 
826.500000 212 2.000000 0.000001 19.303593 4.112233 3.443944 28.771209 28.771209 
826.500000 213 2.000000 0.623137 10.481317 1.658113 6.427885 44.067039 44.067039 
826.500000 214 2.000000 0.000001 12.196157 3.754628 2.392325 19.820447 19.820447 
826.500000 215 2.000000 0.695733 6.611608 -0.760665 -0.029159 0.579461 0.579461 
826.500000 216 2.000000 0.892361 8.071530 5.940856 -3.226934 45.706870 45.706870 
826.500000 217 2.000000 0.142774 1.349175 2.855450 2.248624 13.209905 13.209905 
826.500000 218 2.000000 0.558985 16.324453 5.589841 2.683692 38.448529 38.448529 
826.500000 219 2.000000 0.999999 12.614758 -0.983303 2.962772 9.744905 9.744905 
826.500000 220 2.000000 0.028966 3.420627 -4.855166 1.280037 25.211129 25.211129 
826.500000 221 2.000000 0.225739 13.787603 -1.935649 -0.519577 4.016697 4.016697 
826.500000 222 2.000000 0.824469 12.246072 2.355622 -5.090831 31.465517 31.465517 
826.500000 223 2.000000 0.000001 0.376634 6.674939 -3.103962 54.189389 54.189389 
826.500000 224 2.000000 0.589631 19.884988 -1.172481 -2.300212 6.665689 6.665689 
826.500000 225 2.000000 0.999999 0.406509 -3.977757 1.161453 17.171520 17.171520 
826.500000 226 2.000000 0.237536 18.990315 2.375347 2.162454 10.318480 10.318480 
826.500000 227 2.000000 0.558322 5.801108 0.377009 2.462886 6.207942 6.207942 
826.500000 228 2.000000 0.164537 13.893180 -0.696219 4.961850 25.104672 25.104672 
826.500000 229 2.000000 0.778052 0.506865 -4.438940 2.534320 26.126962 26.126962 
826.500000 230 2.000000 0.240478 16.181728 -1.687824 2.557569 9.389908 9.389908 
826.500000 231 2.000000 0.730433 17.888515 -1.347831 1.801546 5.062216 5.062216 
826.500000 232 2.000000 0.561128 10.972435 -8.777416 -3.542357 89.591325 89.591325 
826.500000 233 2.000000 0.200140 17.571551 2.001393 -1.076017 5.163388 5.163388 
826.500000 234 2.000000 0.000001 2.172322 1.600408 0.185618 2.595761 2.595761 
826.500000 235 2.000000 0.210158 14.002816 -1.215139 -3.998122 17.461543 17.461543 
826.500000 236 2.000000 0.278597 11.199734 2.785957 2.815198 15.686894 15.686894 
826.500000 237 2.000000 0.260507 15.218653 0.233694 -2.140213 4.635126 4.635126 
826.500000 238 2.000000 0.925916 7.110653 -1.481670 1.007055 3.209505 3.209505 
826.500000 239 2.000000 0.498721 11.448891 -0.589738 1.521071 2.661449 2.661449 
826.500000 240 2.000000 0.439139 5.476899 8.782753 2.432281 83.052747 83.052747 
826.500000 241 2.000000 0.940924 7.697658 3.763691 0.559682 14.478614 14.478614 
826.500000 242 2.000000 0.232395 8.740329 -2.558679 -7.754876 66.684933 66.684933 
826.500000 243 2.000000 0.807680 0.820111 -1.322195 3.767039 15.938782 15.938782 
826.500000 244 2.000000 0.879539 5.177769 0.925829 8.629613 75.327373 75.327373 
826.500000 245 2.000000 0.261079 9.976353 -2.955682 -1.374272 10.624679 10.624679 
826.500000 246 2.000000 0.007653 8.989976 -2.205213 0.211678 4.907774 4.907774 
826.500000 247 2.000000 0.498736 9.280986 -1.926024 -3.339469 14.861622 14.861622 
826.500000 248 2.000000 0.999999 18.653953 -3.165163 -1.922924 13.715895 13.715895 
826.500000 249 2.000000 0.352915 3.386825 -0.497757 1.513287 2.537799 2.537799 
826.500000 250 2.000000 0.736158 13.884457 -1.319203 7.933975 64.688251 64.688251 
826.500000 251 2.000000 0.562077 13.977927 -4.379216 -4.301480 37.680263 37.680263 
826.500000 252 2.000000 0.947083 11.563206 4.735410 3.945645 37.992224 37.992224 
826.500000 253 2.000000 0.605938 5.845839 -3.940613 3.129118 25.319809 25.319809 
826.500000 254 2.000000 0.145249 18.274080 -1.139667 7.069958 51.283141 51.283141 
826.500000 255 2.000000 0.999999 4.268028 -5.085549 2.675559 33.021424 33.021424 
826.500000 256 2.000000 0.403889 18.246357 1.153966 -4.384105 20.552012 20.552012 
826.500000 257 2.000000 0.062627 12.829845 -9.373723 3.204897 98.138044 98.138044 
826.500000 258 2.000000 0.698550 0.452522 1.746373 1.508402 5.325096 5.325096 
826.500000 259 2.000000 0.000001 15.157083 2.244848 -0.549629 5.341436 5.341436 
826.500000 260 2.000000 0.725935 11.066172 4.839560 2.237863 28.429377 28.429377 
826.500000 261 2.000000 0.000001 4.838081 1.247456 -1.896208 5.151752 5.151752 
826.500000 262 2.000000 0.923928 4.344643 6.159514 4.344642 56.815530 56.815530 
826.500000 263 2.000000 0.130272 6.483548 -3.478907 -1.166126 13.462643 13.462643 
826.500000 264 2.000000 0.869895 1.581594 2.899647 0.093621 8.416717 8.416717 
826.500000 265 2.000000 0.700795 13.401790 4.671957 3.659633 35.220096 35.220096 
826.500000 266 2.000000 0.871212 8.887847 -2.575743 -1.080841 7.802670 7.802670 
826.500000 267 2.000000 0.424146 6.134795 -1.001935 -2.353447 6.542586 6.542586 
826.500000 268 2.000000 0.416264 3.002237 4.162627 2.859272 25.502899 25.502899 
826.500000 269 2.000000 0.342016 17.228716 -2.631932 -1.186239 8.334228 8.334228 
826.500000 270 2.000000 0.999999 6.660973 -5.794018 -0.797548 34.206723 34.206723 
826.500000 271 2.000000 0.258319 4.170493 5.166365 -0.610318 27.063812 27.063812 
826.500000 272 2.000000 0.882072 0.745566 -2.358547 -2.463126 11.629735 11.629735 
826.500000 273 2.000000 0.478454 14.865397 -2.607724 0.615229 7.178730 7.178730 
826.500000 274 2.000000 0.183934 6.957428 0.423141 4.479255 20.242777 20.242777 
826.500000 275 2.000000 0.954435 10.317916 -0.911286 5.005588 25.886352 25.886352 
826.500000 276 2.000000 0.522033 19.248897 -1.062147 0.815089 1.792525 1.792525 
826.500000 277 2.000000 0.177771 8.570490 -2.349224 7.163322 56.832042 56.832042 
826.500000 278 2.000000 0.233243 2.953423 4.664845 -0.647259 22.179720 22.179720 
826.500000 279 2.000000 0.955245 18.089223 0.909756 -1.469828 2.988051 2.988051 
826.500000 280 2.000000 0.735405 13.047804 -2.403338 4.368918 24.863478 24.863478 
826.500000 281 2.000000 0.047684 10.390759 -0.761852 -0.579719 0.916493 0.916493 
826.500000 282 2.000000 0.125716 1.906156 -1.028568 2.723079 8.473113 8.473113 
826.500000 283 2.000000 0.250835 19.315148 0.039170 0.554563 0.309075 0.309075 
826.500000 284 2.000000 0.900304 8.234575 9.003032 0.091369 81.062932 81.062932 
826.500000 285 2.000000 0.928322 19.242551 3.094402 -0.421150 9.752692 9.752692 
826.500000 286 2.000000 0.556586 1.111927 5.565855 -3.891366 46.121470 46.121470 
826.500000 287 2.000000 0.697547 7.613662 4.650308 -3.796548 36.039141 36.039141 
826.500000 288 2.000000 0.399898 12.893678 0.333247 -4.060755 16.600784 16.600784 
826.500000 289 2.000000 0.197377 14.246864 3.947515 -4.114720 32.513803 32.513803 
826.500000 290 2.000000 0.550007 15.351286 -2.249962 3.270821 15.760598 15.760598 
826.500000 291 2.000000 0.111394 2.240007 2.227855 -6.375173 45.606166 45.606166 
826.500000 292 2.000000 0.650600 17.521535 -0.465865 -0.688462 0.691010 0.691010 
826.500000 293 2.000000 0.556727 14.197309 1.855754 3.052199 12.759740 12.759740 
826.500000 294 2.000000 0.874938 1.989674 4.374686 -0.851580 19.863070 19.863070 
826.500000 295 2.000000 0.129194 6.804059 -1.339700 -0.768324 2.385117 2.385117 
826.500000 296 2.000000 0.207333 14.309459 4.146648 -0.529216 17.474761 17.474761 
826.500000 297 2.000000 0.999999 19.999999 -7.350243 -6.005654 90.093952 90.093952 
826.500000 298 2.000000 0.571427 3.461996 -0.612245 4.615993 21.682234 21.682234 
826.500000 299 2.000000 0.557706 6.246727 -4.422935 -3.755742 33.667950 33.667950 
826.500000 300 2.000000 0.069227 1.868995 -1.438528 -5.894326 36.812443 36.812443 
826.500000 301 2.000000 0.112874 13.489378 -2.957084 1.859924 12.203659 12.203659 
826.500000 302 2.000000 0.000001 17.110227 3.464619 3.616448 25.082283 25.082283 
826.500000 303 2.000000 0.999999 11.360605 -2.269226 -3.323681 16.196244 16.196244 
826.500000 304 2.000000 0.174729 0.050151 0.873638 -3.871202 15.749451 15.749451 
826.500000 305 2.000000 0.954498 5.534535 3.181656 1.223009 11.618686 11.618686 
826.500000 306 2.000000 0.868355 9.352591 1.152131 -2.609258 8.135632 8.135632 
826.500000 307 2.000000 0.414214 5.636903 -2.343140 -1.652360 8.220602 8.220602 
826.500000 308 2.000000 0.282648 2.502786 1.884313 -4.154948 20.814231 20.814231 
826.500000 309 2.000000 0.452859 6.944069 -2.735700 1.106212 8.707757 8.707757 
826.500000 310 2.000000 0.000001 0.036564 4.098616 -0.366462 16.932948 16.932948 
826.500000 311 2.000000 0.708008 7.647176 2.022877 -0.692734 4.571911 4.571911 
826.500000 312 2.000000 0.572044 10.323825 2.860215 0.294555 8.267590 8.267590 
826.500000 313 2.000000 0.214080 16.741745 -7.859189 1.785485 64.954807 64.954807 
826.500000 314 2.000000 0.575016 0.228190 -0.645068 4.563783 21.244231 21.244231 
826.500000 315 2.000000 0.653174 1.320950 1.451496 -3.739693 16.092145 16.092145 
826.500000 316 2.000000 0.996167 3.353346 2.213702 -0.913172 5.734358 5.734358 
826.500000 317 2.000000 0.000001 15.822207 7.212770 0.394183 52.179439 52.179439 
826.500000 318 2.000000 0.398870 14.357007 7.977383 1.802777 66.888652 66.888652 
826.500000 319 2.000000 0.839089 12.854195 -3.218201 1.049844 11.458993 11.458993 
826.500000 320 2.000000 0.000001 15.024987 2.117505 -6.192509 42.830995 42.830995 
826.500000 321 2.000000 0.201747 15.294636 -7.982523 3.496005 75.942717 75.942717 
826.500000 322 2.000000 0.755278 2.603532 -4.894415 -6.788660 70.041192 70.041192 
826.500000 323 2.000000 0.788114 10.976400 5.254087 4.878400 51.404213 51.404213 
826.500000 324 2.000000 0.713864 0.794638 -2.861349 -1.293372 9.860133 9.860133 
826.500000 325 2.000000 0.511966 16.346180 0.002181 -1.672129 2.796019 2.796019 
826.500000 326 2.000000 0.407153 13.155618 1.628610 -4.022245 18.830820 18.830820 
826.500000 327 2.000000 0.311500 2.056624 0.169428 -3.286343 10.828754 10.828754 
826.500000 328 2.000000 0.442899 16.716397 -2.228399 -1.774920 8.116104 8.116104 
826.500000 329 2.000000 0.508154 7.250488 0.318040 -2.648735 7.116947 7.116947 
826.500000 330 2.000000 0.487897 3.699522 0.225148 -1.608043 2.636496 2.636496 
826.500000 331 2.000000 0.873373 15.853540 -0.844175 -3.189584 10.886076 10.886076 
826.500000 332 2.000000 0.315720 11.768010 3.157191 3.281003 20.732836 20.732836 
826.500000 333 2.000000 0.095148 2.474435 -4.524253 2.040149 24.631070 24.631070 
826.500000 334 2.000000 0.237138 9.229597 -3.051446 2.578142 15.958137 15.958137 
826.500000 335 2.000000 0.690648 10.871776 2.762587 -2.881302 15.933788 15.933788 
826.500000 336 2.000000 0.693570 16.460802 1.733922 -4.718929 25.274774 25.274774 
826.500000 337 2.000000 0.587629 1.589403 1.429762 -4.270563 20.281929 20.281929 
826.500000 338 2.000000 0.745007 17.224798 1.241676 -5.045820 27.002060 27.002060 
826.500000 339 2.000000 0.835626 13.989763 0.726630 0.768570 1.118691 1.118691 
826.500000 340 2.000000 0.717580 12.133201 2.391930 5.446669 35.387534 35.387534 
826.500000 341 2.000000 0.078809 0.485444 1.576163 -3.681064 16.034520 16.034520 
826.500000 342 2.000000 0.483837 0.541911 3.225575 -1.318362 12.142410 12.142410 
826.500000 343 2.000000 0.121671 15.349373 -3.513312 -1.860250 15.803890 15.803890 
826.500000 344 2.000000 0.922441 15.645725 6.149601 -5.436206 67.369931 67.369931 
826.500000 345 2.000000 0.293506 12.126979 5.870092 1.761419 37.560582 37.560582 
826.500000 346 2.000000 0.661432 9.144422 -3.385672 6.535665 54.177694 54.177694 
826.500000 347 2.000000 0.187904 7.378284 -1.476535 8.680333 77.528342 77.528342 
826.500000 348 2.000000 0.441072 2.295228 0.366842 5.738067 33.059989 33.059989 
826.500000 349 2.000000 0.240429 3.179957 -7.595705 -8.410172 128.425717 128.425717 
826.500000 350 2.000000 0.236814 3.474624 -2.180529 -0.035104 4.755940 4.755940 
826.500000 351 2.000000 0.233310 9.040116 4.666180 -4.038083 38.079344 38.079344 
826.500000 352 2.000000 0.195452 15.399281 1.954511 -1.804203 7.075262 7.075262 
826.500000 353 2.000000 0.999999 1.411602 -6.280822 4.033146 55.714992 55.714992 
826.500000 354 2.000000 0.146232 4.607190 0.243718 -1.597139 2.610252 2.610252 
826.500000 355 2.000000 0.174435 7.212899 -1.270098 2.774956 9.313530 9.313530 
826.500000 356 2.000000 0.809005 8.644924 -1.909938 0.280509 3.726548 3.726548 
826.500000 357 2.000000 0.999999 7.237469 -4.839594 -3.127327 33.201845 33.201845 
826.500000 358 2.000000 0.017238 15.357776 -2.183913 -1.031783 5.834054 5.834054 
826.500000 359 2.000000 0.347951 8.877016 -6.520479 -5.808798 76.258786 76.258786 
826.500000 360 2.000000 0.564920 16.873297 0.002374 -1.894971 3.590920 3.590920 
826.500000 361 2.000000 0.560443 10.061835 -2.930372 -2.965034 17.378506 17.378506 
826.500000 362 2.000000 0.170175 9.990532 0.486212 1.176098 1.619609 1.619609 
826.500000 363 2.000000 0.775942 3.115337 -0.448114 -1.248906 1.760573 1.760573 
826.500000 364 2.000000 0.253323 10.859946 -1.357592 -4.062246 18.344897 18.344897 
826.500000 365 2.000000 0.953433 8.859733 1.733513 -0.360387 3.134945 3.134945 
826.500000 366 2.000000 0.204956 18.874350 0.585585 -2.814123 8.262197 8.262197 
826.500000 367 2.000000 0.986148 11.430919 -0.685915 6.879807 47.802229 47.802229 
826.500000 368 2.000000 0.999999 12.948225 -1.598169 3.527314 14.996093 14.996093 
826.500000 369 2.000000 0.887739 0.393812 -2.245197 -1.243843 6.588056 6.588056 
826.500000 370 2.000000 0.337326 0.751378 -3.313366 1.001837 11.982069 11.982069 
826.500000 371 2.000000 0.691545 17.712800 -0.440649 -1.019212 1.232965 1.232965 
826.500000 372 2.000000 0.647721 1.893437 -3.522780 5.409816 41.676090 41.676090 
826.500000 373 2.000000 0.000001 14.641904 5.876328 -0.012908 34.531402 34.531402 
826.500000 374 2.000000 0.844724 3.624733 1.689446 -1.443350 4.937486 4.937486 
826.500000 375 2.000000 0.628197 12.105251 4.187971 -0.648784 17.960020 17.960020 
826.500000 376 2.000000 0.381668 6.273295 0.088726 -1.330166 1.777213 1.777213 
826.500000 377 2.000000 0.000001 13.700503 8.022999 0.046654 64.370697 64.370697 
826.500000 378 2.000000 0.876531 2.108137 0.097592 1.526250 2.338964 2.338964 
826.500000 379 2.000000 0.476256 8.627748 -5.237431 -6.689560 72.180892 72.180892 
826.500000 380 2.000000 0.606176 0.511599 -2.625484 5.115978 33.066403 33.066403 
826.500000 381 2.000000 0.342828 6.853366 -1.455230 2.907423 10.570801 10.570801 
826.500000 382 2.000000 0.566917 3.528288 -8.661646 -0.662191 75.462613 75.462613 
826.500000 383 2.000000 0.370818 0.917553 -6.291809 -1.629620 42.242522 42.242522 
826.500000 384 2.000000 0.510363 8.418839 -0.047504 2.814740 7.925019 7.925019 
826.500000 385 2.000000 0.671041 8.029391 -3.289577 -0.663313 11.261304 11.261304 
826.500000 386 2.000000 0.999999 15.538726 -2.116499 -1.104120 5.698651 5.698651 
826.500000 387 2.000000 0.844147 14.743145 1.875881 3.286965 14.323068 14.323068 
826.500000 388 2.000000 0.463830 8.112061 -3.142764 -2.116276 14.355591 14.355591 
826.500000 389 2.000000 0.989418 0.952993 3.957670 -1.295785 17.342211 17.342211 
826.500000 390 2.000000 0.712965 9.245524 -1.913560 -2.305680 8.977871 8.977871 
826.500000 391 2.000000 0.076865 1.858259 0.316455 -2.061211 4.348733 4.348733 
826.500000 392 2.000000 0.433680 7.070923 -0.471933 0.447687 0.423144 0.423144 
826.500000 393 2.000000 0.000001 4.227571 1.145982 -2.355479 6.861557 6.861557 
826.500000 394 2.000000 0.367190 5.182274 -3.164047 -5.556299 40.883651 40.883651 
826.500000 395 2.000000 0.847460 11.694126 2.281739 -2.751758 12.778505 12.778505 
826.500000 396 2.000000 0.587765 5.682909 -1.177813 3.908667 16.664923 16.664923 
826.500000 397 2.000000 0.482753 14.722156 0.689646 6.549423 43.370559 43.370559 
826.500000 398 2.000000 0.780147 2.724721 -4.397034 0.279444 19.411995 19.411995 
826.500000 399 2.000000 0.994332 8.870818 3.977324 -4.587249 36.861954 36.861954 
826.500000 400 2.000000 0.000001 5.845851 4.309024 2.412036 24.385607 24.385607 
826.500000 401 2.000000 0.263008 11.537483 -1.637757 2.663314 9.775487 9.775487 
826.500000 402 2.000000 0.758906 2.156386 -2.410927 -2.407315 11.607735 11.607735 
826.500000 403 2.000000 0.300400 2.046975 -2.756760 3.932188 23.061824 23.061824 
826.500000 404 2.000000 0.577266 17.622690 -0.264590 -2.325564 5.478256 5.478256 
826.500000 405 2.000000 0.315433 15.982524 -2.738263 -0.337965 7.612304 7.612304 
826.500000 406 2.000000 0.386683 15.839048 -6.719838 -1.805987 48.417805 48.417805 
826.500000 407 2.000000 0.146299 16.107302 -8.536997 -3.538816 85.403542 85.403542 
826.500000 408 2.000000 0.553997 7.337717 -0.371669 -3.059662 9.499671 9.499671 
826.500000 409 2.000000 0.822560 9.323372 -3.548790 2.837191 20.643563 20.643563 
826.500000 410 2.000000 0.449801 6.123650 -1.571996 -4.081279 19.128009 19.128009 
826.500000 411 2.000000 0.831821 7.123888 -1.681777 1.765434 5.945131 5.945131 
826.500000 412 2.000000 0.838475 2.689425 -0.269206 -0.939717 0.955540 0.955540 
826.500000 413 2.000000 0.229234 14.093199 4.584658 -4.925286 45.277535 45.277535 
826.500000 414 2.000000 0.548168 19.357943 -1.004069 -3.210282 11.314065 11.314065 
826.500000 415 2.000000 0.925890 0.409839 1.112050 4.098383 18.033398 18.033398 
826.500000 416 2.000000 0.580661 9.111265 -0.206194 -6.740414 45.475694 45.475694 
826.500000 417 2.000000 0.640830 5.018532 4.272191 1.824920 21.581951 21.581951 
826.500000 418 2.000000 0.972555 2.137501 5.259517 1.068881 28.805022 28.805022 
826.500000 419 2.000000 0.092318 17.268844 1.846341 2.486305 9.590690 9.590690 
826.500000 420 2.000000 0.000001 3.304957 3.614105 -5.063555 38.701347 38.701347 
826.500000 421 2.000000 0.287535 2.552827 1.437668 3.003325 11.086852 11.086852 
826.500000 422 2.000000 0.033760 10.706501 0.675182 -0.005325 0.455899 0.455899 
826.500000 423 2.000000 0.554986 14.337193 -2.966756 -3.134833 18.628815 18.628815 
826.500000 424 2.000000 0.961112 1.886157 2.402776 3.429375 17.533947 17.533947 
826.500000 425 2.000000 0.253478 0.849216 2.534773 0.142665 6.445429 6.445429 
826.500000 426 2.000000 0.999999 16.439307 -5.044806 -3.995921 41.417448 41.417448 
826.500000 427 2.000000 0.628627 1.867656 3.143130 2.173804 14.604686 14.604686 
826.500000 428 2.000000 0.901968 12.442428 -0.980306 -4.599508 22.116477 22.116477 
826.500000 429 2.000000 0.291884 19.795747 0.291420 -4.085039 16.772470 16.772470 
826.500000 430 2.000000 0.160930 1.362425 1.609287 -1.089349 3.776487 3.776487 
826.500000 431 2.000000 0.892196 18.515014 2.973983 -4.242813 26.846039 26.846039 
826.500000 432 2.000000 0.082455 9.501194 -0.738059 -2.191782 5.348638 5.348638 
826.500000 433 2.000000 0.615769 13.261456 4.105123 -2.323636 22.251319 22.251319 
826.500000 434 2.000000 0.279724 6.135720 -3.601376 -4.276924 31.261991 31.261991 
826.500000 435 2.000000 0.083366 16.935698 -1.733179 -4.219203 20.805585 20.805585 
826.500000 436 2.000000 0.218740 1.517195 -5.208396 0.951060 28.031901 28.031901 
826.500000 437 2.000000 0.679506 15.890072 -6.409855 0.185011 41.120467 41.120467 
826.500000 438 2.000000 0.388988 16.924110 -2.444044 3.914668 21.297975 21.297975 
826.500000 439 2.000000 0.436841 11.630653 -5.631583 -6.971579 80.317643 80.317643 
826.500000 440 2.000000 0.217139 3.890951 0.868553 4.127742 17.792641 17.792641 
826.500000 441 2.000000 0.019936 9.361176 -3.920251 -0.043365 15.370248 15.370248 
826.500000 442 2.000000 0.304770 7.427409 6.095387 4.642130 58.703111 58.703111 
826.500000 443 2.000000 0.777766 9.366114 -4.444654 1.920201 23.442119 23.442119 
826.500000 444 2.000000 0.948760 14.815109 9.487592 -3.342842 101.188986 101.188986 
826.500000 445 2.000000 0.660553 5.288597 4.403680 -0.571891 19.719453 19.719453 
826.500000 446 2.000000 0.085967 10.897667 -2.285079 -1.008684 6.239031 6.239031 
826.500000 447 2.000000 0.842058 10.640026 -3.158816 4.137281 27.095214 27.095214 
826.500000 448 2.000000 0.678630 8.824471 -2.142460 1.548154 6.986915 6.986915 
826.500000 449 2.000000 0.800250 6.327297 -0.443887 6.660311 44.556781 44.556781 
826.500000 450 2.000000 0.000001 1.114508 9.132058 0.949053 84.295183 84.295183 
826.500000 451 2.000000 0.442808 2.654962 1.268712 -0.194145 1.647322 1.647322 
826.500000 452 2.000000 0.046550 3.550237 0.465488 -7.833220 61.576018 61.576018 
826.500000 453 2.000000 0.098388 8.401329 -6.010737 2.763120 43.763790 43.763790 
826.500000 454 2.000000 0.399115 5.007454 -1.716813 -2.950712 11.654150 11.654150 
826.500000 455 2.000000 0.632400 19.363498 -2.324135 -1.851532 8.829776 8.829776 
826.500000 456 2.000000 0.826317 0.000001 3.303082 4.163140 28.242084 28.242084 
826.500000 457 2.000000 0.720717 8.841002 0.587379 0.357863 0.473080 0.473080 
826.500000 458 2.000000 0.515583 11.279472 -4.844156 3.326951 34.534445 34.534445 
826.500000 459 2.000000 0.273031 14.766759 -3.634842 1.622567 15.844801 15.844801 
826.500000 460 2.000000 0.311661 12.313194 -1.655150 -4.183782 20.243551 20.243551 
826.500000 461 2.000000 0.767991 11.518932 -0.928031 -3.325909 11.922910 11.922910 
826.500000 462 2.000000 0.212222 17.954506 -1.312961 -1.461066 3.858582 3.858582 
826.500000 463 2.000000 0.880510 9.770589 5.360660 -3.977688 44.558679 44.558679 
826.500000 464 2.000000 0.243709 0.723665 -5.041932 -1.331172 27.193099 27.193099 
826.500000 465 2.000000 0.821838 0.828097 -2.655669 0.232324 7.106552 7.106552 
826.500000 466 2.000000 0.679210 0.104874 1.940596 2.097467 8.165284 8.165284 
826.500000 467 2.000000 0.829085 6.704830 2.763612 -0.364644 7.770516 7.770516 
826.500000 468 2.000000 0.175063 17.021206 -4.124680 3.080921 26.505062 26.505062 
826.500000 469 2.000000 0.168470 18.785154 0.224625 -4.049482 16.448762 16.448762 
826.500000 470 2.000000 0.621774 3.823917 -0.540321 4.248796 18.344211 18.344211 
826.500000 471 2.000000 0.999999 18.546471 -2.308068 -0.570011 5.652091 5.652091 
826.500000 472 2.000000 0.710920 15.528466 -5.781589 -4.706877 55.581462 55.581462 
826.500000 473 2.000000 0.074675 14.200296 -2.643782 1.786998 10.182946 10.182946 
826.500000 474 2.000000 0.464633 13.752211 4.646323 2.453552 27.608238 27.608238 
826.500000 475 2.000000 0.527842 18.746993 3.518941 4.869348 36.093501 36.093501 
826.500000 476 2.000000 0.433577 17.721048 -0.514929 6.777968 46.206001 46.206001 
826.500000 477 2.000000 0.794253 12.077635 -0.509581 -1.993549 4.233912 4.233912 
826.500000 478 2.000000 0.203361 15.734685 4.067210 -2.437322 22.482734 22.482734 
826.500000 479 2.000000 0.411622 16.501652 -1.681076 -3.887052 17.935190 17.935190 
826.500000 480 2.000000 0.732641 0.555346 2.093258 -1.494616 6.615606 6.615606 
826.500000 481 2.000000 0.038166 19.169375 -0.548474 -3.322497 11.339807 11.339807 
826.500000 482 2.000000 0.113696 2.418639 -2.954344 -1.443037 10.810504 10.810504 
826.500000 483 2.000000 0.999999 19.245146 -2.018422 -2.983475 12.975153 12.975153 
826.500000 484 2.000000 0.361832 11.744847 -1.823334 -1.820922 6.640303 6.640303 
826.500000 485 2.000000 0.718025 4.196834 -5.639471 0.423301 31.982816 31.982816 
826.500000 486 2.000000 0.861402 5.972624 1.566183 -1.408454 4.436675 4.436675 
826.500000 487 2.000000 0.521973 0.495883 3.479816 4.958823 36.699046 36.699046 
826.500000 488 2.000000 0.725348 2.419337 1.565217 0.423919 2.629611 2.629611 
826.500000 489 2.000000 0.287993 8.796012 1.439959 -1.829870 5.421907 5.421907 
826.500000 490 2.000000 0.000001 3.206834 8.235698 2.172308 72.545647 72.545647 
826.500000 491 2.000000 0.999999 16.168371 -1.591595 0.950106 3.435876 3.435876 
826.500000 492 2.000000 0.863027 13.019261 4.315129 0.061442 18.624116 18.624116 
826.500000 493 2.000000 0.441626 0.059149 -11.167459 1.182969 126.111547 126.111547 
826.500000 494 2.000000 0.838378 1.974880 -1.616211 -10.343982 109.610094 109.610094 
826.500000 495 2.000000 0.671447 11.219727 0.288160 -2.294779 5.349046 5.349046 
826.500000 496 2.000000 0.790407 19.297685 1.053874 2.673319 8.257287 8.257287 
826.500000 497 2.000000 0.770600 17.574694 -1.529329 -0.920720 3.186572 3.186572 
826.500000 498 2.000000 0.231959 12.072405 0.206817 1.737683 3.062316 3.062316 
826.500000 499 2.000000 0.295600 17.706642 -7.043994 -1.528905 51.955403 51.955403 
826.500000 500 2.000000 0.999999 4.029227 -4.315683 0.594868 18.978986 18.978986 
