671.000000 1 2.000000 0.158703 17.115304 0.453434 5.189872 27.140374 27.140374 
671.000000 2 2.000000 0.826923 15.103716 -0.384613 6.427113 41.455705 41.455705 
671.000000 3 2.000000 0.495733 11.511140 0.762664 -3.948306 16.170780 16.170780 
671.000000 4 2.000000 0.173654 7.932641 0.694612 3.689600 14.095635 14.095635 
671.000000 5 2.000000 0.323093 11.022256 6.461839 -6.825526 88.343171 88.343171 
671.000000 6 2.000000 0.054891 15.860721 -2.119453 -3.911860 19.794732 19.794732 
671.000000 7 2.000000 0.294021 3.698765 2.940200 -10.188271 112.445648 112.445648 
671.000000 8 2.000000 0.604431 12.976653 -0.893553 0.998878 1.796195 1.796195 
671.000000 9 2.000000 0.164418 10.824248 3.288342 -3.161755 20.809889 20.809889 
671.000000 10 2.000000 0.805627 2.301296 -3.887443 -2.201659 19.959516 19.959516 
671.000000 11 2.000000 0.767589 10.010713 3.837939 -0.914918 15.566852 15.566852 
671.000000 12 2.000000 0.227884 16.662345 -0.885125 0.617961 1.165321 1.165321 
671.000000 13 2.000000 0.318717 4.411695 0.796789 -2.535581 7.064042 7.064042 
671.000000 14 2.000000 0.276018 7.204127 -4.826539 -2.803967 31.157705 31.157705 
671.000000 15 2.000000 0.987466 5.578191 2.558784 3.777501 20.816889 20.816889 
671.000000 16 2.000000 0.517591 10.919167 -0.257713 2.789645 7.848534 7.848534 
671.000000 17 2.000000 0.468388 1.705640 9.367747 0.111883 87.767193 87.767193 
671.000000 18 2.000000 0.510342 1.076580 3.402276 -2.875645 19.844821 19.844821 
671.000000 19 2.000000 0.705722 0.552464 1.176201 -1.022262 2.428468 2.428468 
671.000000 20 2.000000 0.181403 6.227323 -3.274383 -1.616615 13.335027 13.335027 
671.000000 21 2.000000 0.015179 16.267447 -0.165961 -0.842729 0.737736 0.737736 
671.000000 22 2.000000 0.484501 14.987701 -2.577491 -5.276104 34.480727 34.480727 
671.000000 23 2.000000 0.361827 18.352625 -1.595430 -1.432499 4.597452 4.597452 
671.000000 24 2.000000 0.282687 8.339778 -7.173123 1.248893 53.013421 53.013421 
671.000000 25 2.000000 0.982388 19.744703 -0.176109 6.107883 37.337252 37.337252 
671.000000 26 2.000000 0.306802 15.720861 0.093044 -0.835736 0.707112 0.707112 
671.000000 27 2.000000 0.124612 19.999999 -1.945304 -6.738180 49.187280 49.187280 
671.000000 28 2.000000 0.966061 10.704636 0.656765 -2.685107 7.641139 7.641139 
671.000000 29 2.000000 0.905376 4.060444 2.586787 -2.549481 13.191319 13.191319 
671.000000 30 2.000000 0.738586 1.989197 -5.228266 -1.729472 30.325844 30.325844 
671.000000 31 2.000000 0.321924 18.425627 2.146156 1.443650 6.690109 6.690109 
671.000000 32 2.000000 0.739941 3.019558 -5.201158 0.655073 27.481160 27.481160 
671.000000 33 2.000000 0.835435 18.618537 -1.645642 3.493505 14.912718 14.912718 
671.000000 34 2.000000 0.865856 14.767093 -0.670714 5.181436 27.297134 27.297134 
671.000000 35 2.000000 0.855527 15.707144 3.422104 -4.769838 34.462156 34.462156 
671.000000 36 2.000000 0.420568 19.696757 2.102834 0.255770 4.487330 4.487330 
671.000000 37 2.000000 0.881739 14.144465 -1.182600 -5.107508 27.485181 27.485181 
671.000000 38 2.000000 0.486391 4.871796 -0.513608 1.651456 2.991100 2.991100 
671.000000 39 2.000000 0.423259 15.000350 -1.205690 0.983370 2.420706 2.420706 
671.000000 40 2.000000 0.407716 16.699342 -0.385642 0.316634 0.248976 0.248976 
671.000000 41 2.000000 0.868200 11.910760 -0.054916 -4.372561 19.122309 19.122309 
671.000000 42 2.000000 0.652096 4.065708 -0.347903 3.138930 9.973918 9.973918 
671.000000 43 2.000000 0.660529 4.350171 -2.263130 5.449982 34.824061 34.824061 
671.000000 44 2.000000 0.866143 8.771608 2.887142 -2.952833 17.054810 17.054810 
671.000000 45 2.000000 0.092547 3.391533 -6.049679 -1.006372 37.611401 37.611401 
671.000000 46 2.000000 0.800661 11.967690 2.287601 3.001725 14.243467 14.243467 
671.000000 47 2.000000 0.364585 10.072900 -0.325853 1.816485 3.405798 3.405798 
671.000000 48 2.000000 0.761777 18.858916 -2.382216 2.262974 10.796003 10.796003 
671.000000 49 2.000000 0.999999 4.372879 -0.772408 5.144563 27.063140 27.063140 
671.000000 50 2.000000 0.417473 7.542492 -1.165052 5.208873 28.489708 28.489708 
671.000000 51 2.000000 0.528187 5.188074 5.281862 -1.194408 29.324681 29.324681 
671.000000 52 2.000000 0.425261 18.579661 -0.821054 3.317483 11.679822 11.679822 
671.000000 53 2.000000 0.528590 0.129169 3.523925 2.583363 19.091809 19.091809 
671.000000 54 2.000000 0.199160 11.630916 -4.004196 1.499369 18.281691 18.281691 
671.000000 55 2.000000 0.473571 11.776567 -2.105713 0.454560 4.640654 4.640654 
671.000000 56 2.000000 0.911561 7.531865 1.519266 -4.299924 20.797515 20.797515 
671.000000 57 2.000000 0.959209 14.035023 2.398020 -4.260697 23.904040 23.904040 
671.000000 58 2.000000 0.829902 14.635286 4.149506 0.679910 17.680677 17.680677 
671.000000 59 2.000000 0.850376 2.376371 2.429643 2.399669 11.661579 11.661579 
671.000000 60 2.000000 0.532831 3.191394 -0.491756 2.901267 8.659172 8.659172 
671.000000 61 2.000000 0.411941 14.698355 2.059701 0.693318 4.723060 4.723060 
671.000000 62 2.000000 0.000001 2.038267 2.552378 5.095664 32.480427 32.480427 
671.000000 63 2.000000 0.994032 12.277492 -5.122806 5.428168 55.708144 55.708144 
671.000000 64 2.000000 0.068912 17.552761 -0.931087 -6.992110 49.756521 49.756521 
671.000000 65 2.000000 0.366074 12.825424 -6.339247 4.779266 63.027439 63.027439 
671.000000 66 2.000000 0.184300 12.813890 -1.631399 5.230159 30.016021 30.016021 
671.000000 67 2.000000 0.332521 2.282827 -1.668695 -0.573038 3.112916 3.112916 
671.000000 68 2.000000 0.227566 19.237892 1.517097 -5.080715 28.115246 28.115246 
671.000000 69 2.000000 0.013052 17.200012 1.478356 -1.613267 4.788168 4.788168 
671.000000 70 2.000000 0.335318 18.920046 0.838292 1.987188 4.651650 4.651650 
671.000000 71 2.000000 0.719758 9.470130 -1.120964 -3.548676 13.849660 13.849660 
671.000000 72 2.000000 0.340164 18.024469 6.803257 -1.080821 47.452474 47.452474 
671.000000 73 2.000000 0.087196 16.611684 0.249130 -7.529588 56.756763 56.756763 
671.000000 74 2.000000 0.833405 4.252907 -3.331884 1.260329 12.689881 12.689881 
671.000000 75 2.000000 0.098966 8.547640 1.979294 -0.978439 4.874949 4.874949 
671.000000 76 2.000000 0.624362 3.876100 2.497445 1.304887 7.939961 7.939961 
671.000000 77 2.000000 0.577319 18.430207 -4.226803 3.795416 32.271051 32.271051 
671.000000 78 2.000000 0.169875 11.161677 -2.371784 -0.334639 5.737341 5.737341 
671.000000 79 2.000000 0.267301 15.822523 5.345995 -2.531804 34.989697 34.989697 
671.000000 80 2.000000 0.572974 2.122283 1.432432 0.848913 2.772515 2.772515 
671.000000 81 2.000000 0.481474 5.249419 1.375636 -2.108321 6.337392 6.337392 
671.000000 82 2.000000 0.999999 9.523486 -2.545299 1.752723 9.550582 9.550582 
671.000000 83 2.000000 0.270971 0.008184 -0.337807 -0.303155 0.206016 0.206016 
671.000000 84 2.000000 0.183907 13.935321 -2.720306 -5.053899 32.941956 32.941956 
671.000000 85 2.000000 0.127319 0.850823 -0.222506 -0.976135 1.002349 1.002349 
671.000000 86 2.000000 0.167533 6.129841 3.350632 -1.416807 13.234075 13.234075 
671.000000 87 2.000000 0.999999 7.306923 -4.115087 -1.257007 18.514005 18.514005 
671.000000 88 2.000000 0.567612 17.049432 5.676113 -0.602031 32.580698 32.580698 
671.000000 89 2.000000 0.585155 8.203040 -2.128772 -1.800299 7.772747 7.772747 
671.000000 90 2.000000 0.263502 15.438696 -3.682483 -0.429444 13.745106 13.745106 
671.000000 91 2.000000 0.925922 11.883979 -1.481530 -2.699556 9.482533 9.482533 
671.000000 92 2.000000 0.326158 10.909348 -0.774967 3.724187 14.470142 14.470142 
671.000000 93 2.000000 0.854637 5.313923 -1.453615 -1.660644 4.870736 4.870736 
671.000000 94 2.000000 0.321507 2.558018 -1.130820 1.967706 5.150621 5.150621 
671.000000 95 2.000000 0.000001 17.206782 -0.650495 -0.720729 0.942594 0.942594 
671.000000 96 2.000000 0.349664 16.381853 -0.026834 -5.168780 26.717009 26.717009 
671.000000 97 2.000000 0.350686 12.415668 7.013690 -3.884195 64.278826 64.278826 
671.000000 98 2.000000 0.999999 11.607675 -2.982347 -0.597440 9.251330 9.251330 
671.000000 99 2.000000 0.050973 1.796068 -0.122337 1.447052 2.108925 2.108925 
671.000000 100 2.000000 0.396920 4.871432 7.938385 -4.517034 83.421545 83.421545 
671.000000 101 2.000000 0.257736 6.348704 5.154702 2.558290 33.115804 33.115804 
671.000000 102 2.000000 0.674925 0.792857 -0.464392 -2.112470 4.678189 4.678189 
671.000000 103 2.000000 0.319808 18.068255 -4.534609 -0.526510 20.839890 20.839890 
671.000000 104 2.000000 0.477675 3.990672 2.388371 -2.166828 10.399459 10.399459 
671.000000 105 2.000000 0.999999 6.350090 -2.623672 -2.266778 12.021936 12.021936 
671.000000 106 2.000000 0.711166 16.720524 -1.444166 -1.564657 4.533768 4.533768 
671.000000 107 2.000000 0.479929 0.102682 0.671780 2.053622 4.668652 4.668652 
671.000000 108 2.000000 0.765235 14.499591 -4.695284 2.934921 30.659456 30.659456 
671.000000 109 2.000000 0.075023 0.765279 1.500437 5.101853 28.280212 28.280212 
671.000000 110 2.000000 0.794341 17.101997 0.718769 3.816567 15.082811 15.082811 
671.000000 111 2.000000 0.809517 15.234682 -0.380965 1.644230 2.848627 2.848627 
671.000000 112 2.000000 0.286808 11.115150 -3.598828 -3.243290 23.470493 23.470493 
671.000000 113 2.000000 0.805664 5.554310 -3.886692 -0.062812 15.110317 15.110317 
671.000000 114 2.000000 0.999999 1.960260 -3.120668 1.866913 13.223931 13.223931 
671.000000 115 2.000000 0.312061 1.903044 -2.293126 -3.166249 15.283561 15.283561 
671.000000 116 2.000000 0.551979 1.453547 1.577079 -6.617348 46.276473 46.276473 
671.000000 117 2.000000 0.621994 13.772238 -0.184009 4.996100 24.994873 24.994873 
671.000000 118 2.000000 0.449115 0.000001 -1.224186 5.333006 29.939583 29.939583 
671.000000 119 2.000000 0.349116 12.552491 -1.127822 0.585369 1.614641 1.614641 
671.000000 120 2.000000 0.000001 9.431653 4.099951 -3.501988 29.073513 29.073513 
671.000000 121 2.000000 0.203449 14.322133 -3.220460 -0.065960 10.375711 10.375711 
671.000000 122 2.000000 0.000001 8.615657 5.100942 0.622927 26.407647 26.407647 
671.000000 123 2.000000 0.336347 19.999999 6.726918 -1.860273 48.712041 48.712041 
671.000000 124 2.000000 0.678802 15.069128 -0.642393 -4.930871 24.726153 24.726153 
671.000000 125 2.000000 0.705598 16.202462 -5.888020 -7.595074 92.353924 92.353924 
671.000000 126 2.000000 0.318718 14.884809 6.374334 -2.603734 47.411565 47.411565 
671.000000 127 2.000000 0.168206 12.057515 -2.772644 5.670162 39.838297 39.838297 
671.000000 128 2.000000 0.192714 2.950424 3.854254 -5.581120 46.004180 46.004180 
671.000000 129 2.000000 0.613357 12.477821 -1.713468 -1.705454 5.844547 5.844547 
671.000000 130 2.000000 0.758684 14.588883 1.896708 -3.766688 17.785444 17.785444 
671.000000 131 2.000000 0.008237 11.878528 0.164725 2.403889 5.805818 5.805818 
671.000000 132 2.000000 0.162442 19.509889 -1.196510 3.672976 14.922392 14.922392 
671.000000 133 2.000000 0.000001 16.976836 1.395302 -1.373005 3.832011 3.832011 
671.000000 134 2.000000 0.421212 15.352529 2.097180 2.376118 10.044104 10.044104 
671.000000 135 2.000000 0.585852 18.996817 -4.141470 -2.006364 21.177267 21.177267 
671.000000 136 2.000000 0.000001 4.998316 4.486633 6.664419 64.544363 64.544363 
671.000000 137 2.000000 0.231059 16.659106 -5.257803 -3.062336 37.022395 37.022395 
671.000000 138 2.000000 0.715858 5.787544 0.280728 1.138375 1.374706 1.374706 
671.000000 139 2.000000 0.339320 8.661795 1.696594 -6.299002 42.555859 42.555859 
671.000000 140 2.000000 0.262060 15.853141 5.241177 0.246989 27.530943 27.530943 
671.000000 141 2.000000 0.241578 0.000001 -5.056139 5.890069 60.257453 60.257453 
671.000000 142 2.000000 0.202016 15.024877 -3.191933 3.953915 25.821875 25.821875 
671.000000 143 2.000000 0.375911 7.334759 -2.496353 1.216300 7.711166 7.711166 
671.000000 144 2.000000 0.695439 11.674305 0.993483 6.144370 38.740295 38.740295 
671.000000 145 2.000000 0.111725 6.679242 2.234488 0.346720 5.113152 5.113152 
671.000000 146 2.000000 0.760613 14.520757 -0.811229 1.055013 1.771145 1.771145 
671.000000 147 2.000000 0.999999 5.564455 -3.890435 -6.883959 62.524375 62.524375 
671.000000 148 2.000000 0.796263 15.255962 -2.037356 2.709783 11.493743 11.493743 
671.000000 149 2.000000 0.341647 2.659095 1.113507 4.868940 24.946476 24.946476 
671.000000 150 2.000000 0.380056 13.830827 -6.199427 -8.222743 106.046393 106.046393 
671.000000 151 2.000000 0.999999 8.895983 -6.341099 -2.974543 49.057446 49.057446 
671.000000 152 2.000000 0.643443 11.286584 0.727159 -4.598692 21.676730 21.676730 
671.000000 153 2.000000 0.864065 3.082951 -1.359339 2.327504 7.265078 7.265078 
671.000000 154 2.000000 0.530899 17.950773 -3.127332 3.372102 21.151274 21.151274 
671.000000 155 2.000000 0.731030 7.351232 -5.379381 4.457899 48.810609 48.810609 
671.000000 156 2.000000 0.174294 16.630964 1.161950 -3.963570 17.060018 17.060018 
671.000000 157 2.000000 0.263421 1.720050 -0.253126 0.029136 0.064922 0.064922 
671.000000 158 2.000000 0.387573 16.342757 2.583813 -12.190806 155.291854 155.291854 
671.000000 159 2.000000 0.658362 11.160013 0.962994 0.604707 1.293029 1.293029 
671.000000 160 2.000000 0.673344 5.752612 -6.533110 -0.477023 42.909072 42.909072 
671.000000 161 2.000000 0.934238 12.976183 -0.101171 7.414961 54.991884 54.991884 
671.000000 162 2.000000 0.817860 14.375768 3.031107 0.420882 9.364752 9.364752 
671.000000 163 2.000000 0.426852 5.597176 1.707403 0.460181 3.126992 3.126992 
671.000000 164 2.000000 0.385128 8.471659 3.851271 1.006025 15.844375 15.844375 
671.000000 165 2.000000 0.762408 2.692777 -1.187956 0.017178 1.411534 1.411534 
671.000000 166 2.000000 0.807372 0.353293 -3.852541 1.766462 17.962460 17.962460 
671.000000 167 2.000000 0.788531 10.919834 0.948813 -2.523056 7.266058 7.266058 
671.000000 168 2.000000 0.716082 12.711018 -5.678341 -0.539995 32.535147 32.535147 
671.000000 169 2.000000 0.560319 4.819530 -0.091562 -2.653526 7.049584 7.049584 
671.000000 170 2.000000 0.171227 18.297610 1.712260 4.135884 20.037371 20.037371 
671.000000 171 2.000000 0.658562 13.256645 -2.670110 -2.266572 12.266838 12.266838 
671.000000 172 2.000000 0.999999 10.025642 -2.977976 -3.627039 22.023754 22.023754 
671.000000 173 2.000000 0.872236 17.846088 5.814897 -2.387893 39.515064 39.515064 
671.000000 174 2.000000 0.760705 10.902454 3.042817 2.543527 15.728264 15.728264 
671.000000 175 2.000000 0.180476 8.416147 1.203169 0.275666 1.523607 1.523607 
671.000000 176 2.000000 0.735528 16.567706 2.101506 1.039569 5.497030 5.497030 
671.000000 177 2.000000 0.746409 1.488740 -5.071807 -3.330272 36.813939 36.813939 
671.000000 178 2.000000 0.108300 2.650599 1.082990 -3.266913 11.845590 11.845590 
671.000000 179 2.000000 0.201766 3.985116 -2.280667 -3.955607 20.848269 20.848269 
671.000000 180 2.000000 0.999999 6.105709 -3.784460 -1.852009 17.752071 17.752071 
671.000000 181 2.000000 0.583100 16.038724 3.887329 -3.461043 27.090141 27.090141 
671.000000 182 2.000000 0.580706 14.674780 -1.288204 0.804936 2.307391 2.307391 
671.000000 183 2.000000 0.786547 13.850339 -2.134519 7.694632 63.763539 63.763539 
671.000000 184 2.000000 0.000001 13.353669 4.089532 -3.154165 26.673028 26.673028 
671.000000 185 2.000000 0.568318 1.115604 3.788782 -0.071221 14.359944 14.359944 
671.000000 186 2.000000 0.649216 14.330580 -1.343739 0.061891 1.809466 1.809466 
671.000000 187 2.000000 0.699157 1.390741 -1.504208 4.635799 23.753276 23.753276 
671.000000 188 2.000000 0.199076 13.547617 1.990754 1.049674 5.064918 5.064918 
671.000000 189 2.000000 0.709550 6.233279 2.365165 -1.424594 7.623472 7.623472 
671.000000 190 2.000000 0.502098 2.664854 -4.979014 -0.841898 25.499370 25.499370 
671.000000 191 2.000000 0.632288 14.264416 -2.451410 -0.528245 6.288454 6.288454 
671.000000 192 2.000000 0.628745 18.266053 -1.060726 2.836389 9.170239 9.170239 
671.000000 193 2.000000 0.907947 13.998707 -0.403338 -7.578098 57.590258 57.590258 
671.000000 194 2.000000 0.821124 15.181912 5.474150 -1.058920 31.087634 31.087634 
671.000000 195 2.000000 0.711909 8.680927 -2.880901 -4.570760 29.191443 29.191443 
671.000000 196 2.000000 0.390922 14.168932 7.818412 3.926445 76.544536 76.544536 
671.000000 197 2.000000 0.687674 16.400947 -6.246501 -1.331984 40.792957 40.792957 
671.000000 198 2.000000 0.000001 1.588599 9.229330 -0.618511 85.563097 85.563097 
671.000000 199 2.000000 0.270124 9.910876 -7.298754 -3.253994 63.860287 63.860287 
671.000000 200 2.000000 0.265890 13.869907 -1.631353 -3.124250 12.422254 12.422254 
671.000000 201 2.000000 0.937359 12.094207 3.749432 -3.764663 28.230924 28.230924 
671.000000 202 2.000000 0.000001 16.242241 2.596420 -3.015457 15.834380 15.834380 
671.000000 203 2.000000 0.127332 13.846259 -0.541058 1.004762 1.302292 1.302292 
671.000000 204 2.000000 0.710403 13.263861 4.736016 -1.486582 24.639775 24.639775 
671.000000 205 2.000000 0.439023 0.771278 -0.196834 5.141844 26.477305 26.477305 
671.000000 206 2.000000 0.079223 5.603895 -2.301940 -3.392436 16.807546 16.807546 
671.000000 207 2.000000 0.205661 10.294120 -1.829927 -2.414181 9.176905 9.176905 
671.000000 208 2.000000 0.171362 13.450559 -5.524244 2.205668 35.382238 35.382238 
671.000000 209 2.000000 0.804033 12.284913 -1.959661 -1.216764 5.320784 5.320784 
671.000000 210 2.000000 0.097224 12.608155 -1.445619 0.030910 2.090769 2.090769 
671.000000 211 2.000000 0.780262 8.382001 -4.394733 0.044969 19.315700 19.315700 
671.000000 212 2.000000 0.875959 17.244909 -0.496159 3.565190 12.956753 12.956753 
671.000000 213 2.000000 0.784201 7.003263 5.227998 4.735689 49.758710 49.758710 
671.000000 214 2.000000 0.089731 6.407342 -6.068454 -3.373106 48.203981 48.203981 
671.000000 215 2.000000 0.837144 4.977888 -3.257108 -6.987028 59.427321 59.427321 
671.000000 216 2.000000 0.707705 11.637556 1.495294 -0.941178 3.121719 3.121719 
671.000000 217 2.000000 0.979087 1.646981 1.917690 2.586059 10.365238 10.365238 
671.000000 218 2.000000 0.886783 10.334241 4.433912 0.893774 20.458410 20.458410 
671.000000 219 2.000000 0.256096 13.257666 5.121891 1.716839 29.181303 29.181303 
671.000000 220 2.000000 0.328971 17.491511 -0.197214 6.186811 38.315520 38.315520 
671.000000 221 2.000000 0.000001 10.078586 4.948959 0.194780 24.530135 24.530135 
671.000000 222 2.000000 0.332597 9.194889 -2.224672 -0.680916 5.412812 5.412812 
671.000000 223 2.000000 0.333528 14.756877 -3.775460 -2.057753 18.488447 18.488447 
671.000000 224 2.000000 0.408398 0.889189 -0.492457 -1.401558 2.206880 2.206880 
671.000000 225 2.000000 0.440253 0.075807 -1.865822 -1.428637 5.522293 5.522293 
671.000000 226 2.000000 0.941182 3.098962 -1.176337 1.533871 3.736528 3.736528 
671.000000 227 2.000000 0.791439 14.262018 1.758752 -0.868241 3.847051 3.847051 
671.000000 228 2.000000 0.301607 17.357916 3.016062 -0.487451 9.334238 9.334238 
671.000000 229 2.000000 0.614761 10.330375 -3.852376 7.996405 78.783300 78.783300 
671.000000 230 2.000000 0.804788 3.779154 -1.952111 -0.773830 4.409550 4.409550 
671.000000 231 2.000000 0.219536 2.621405 4.390700 -3.569211 32.017513 32.017513 
671.000000 232 2.000000 0.468046 14.219014 -1.519864 -4.999572 27.305711 27.305711 
671.000000 233 2.000000 0.627642 11.397589 6.276415 -1.987273 43.342636 43.342636 
671.000000 234 2.000000 0.535402 9.373814 3.569337 -0.486316 12.976669 12.976669 
671.000000 235 2.000000 0.975421 6.303238 6.502802 -1.686005 45.129041 45.129041 
671.000000 236 2.000000 0.267052 4.191210 -0.038211 -0.347895 0.122491 0.122491 
671.000000 237 2.000000 0.620232 7.542897 -2.531783 -6.443430 47.927716 47.927716 
671.000000 238 2.000000 0.275785 16.780714 -3.813685 -1.103710 15.762367 15.762367 
671.000000 239 2.000000 0.026288 1.813522 -6.491405 1.706287 45.049750 45.049750 
671.000000 240 2.000000 0.535208 10.794514 3.568046 5.160428 39.360973 39.360973 
671.000000 241 2.000000 0.192373 0.925282 3.847444 -0.941313 15.688895 15.688895 
671.000000 242 2.000000 0.584166 2.892430 -2.772218 5.784858 41.149770 41.149770 
671.000000 243 2.000000 0.900200 14.065693 2.250499 -2.967153 13.868741 13.868741 
671.000000 244 2.000000 0.212528 1.895393 -5.249808 -5.096427 53.534058 53.534058 
671.000000 245 2.000000 0.000001 10.964776 4.620766 -2.219656 26.278349 26.278349 
671.000000 246 2.000000 0.387479 3.207510 7.749560 -1.145487 61.367824 61.367824 
671.000000 247 2.000000 0.000001 18.790046 2.094373 -4.033177 20.652914 20.652914 
671.000000 248 2.000000 0.349003 2.757247 -3.254978 -0.199474 10.634674 10.634674 
671.000000 249 2.000000 0.783413 7.270337 -0.433172 -6.363126 40.677010 40.677010 
671.000000 250 2.000000 0.670949 0.940217 -2.193666 -1.686959 7.658002 7.658002 
671.000000 251 2.000000 0.999999 14.171524 -3.990040 -3.344371 27.105232 27.105232 
671.000000 252 2.000000 0.322251 13.889509 -6.777482 6.402100 86.921158 86.921158 
671.000000 253 2.000000 0.999999 13.255552 -3.126212 0.076322 9.779027 9.779027 
671.000000 254 2.000000 0.719538 14.023990 1.439073 -0.078419 2.077082 2.077082 
671.000000 255 2.000000 0.323239 17.082041 6.464761 -0.644885 42.209014 42.209014 
671.000000 256 2.000000 0.898770 1.715319 0.104408 -2.973015 8.849718 8.849718 
671.000000 257 2.000000 0.000001 7.624171 5.665078 -0.564273 32.411517 32.411517 
671.000000 258 2.000000 0.576480 4.444152 -2.823457 -0.236785 8.027978 8.027978 
671.000000 259 2.000000 0.244820 8.426442 -0.888446 1.263174 2.384945 2.384945 
671.000000 260 2.000000 0.806588 9.733935 1.008233 2.069608 5.299813 5.299813 
671.000000 261 2.000000 0.115605 19.436557 -5.895961 -2.817212 42.699044 42.699044 
671.000000 262 2.000000 0.965346 11.686982 1.287127 -1.679397 4.477071 4.477071 
671.000000 263 2.000000 0.930847 9.516522 -0.461014 5.030602 25.519490 25.519490 
671.000000 264 2.000000 0.832872 6.131443 -0.477506 4.541809 20.856042 20.856042 
671.000000 265 2.000000 0.735183 2.669907 7.351820 -4.590833 75.125000 75.125000 
671.000000 266 2.000000 0.015689 15.361489 -3.281032 -2.649230 17.783595 17.783595 
671.000000 267 2.000000 0.065698 13.811758 -0.101790 3.161252 10.003878 10.003878 
671.000000 268 2.000000 0.696887 5.044178 -0.064482 -2.798866 7.837810 7.837810 
671.000000 269 2.000000 0.670556 6.511249 -0.941267 3.946211 16.458566 16.458566 
671.000000 270 2.000000 0.000001 13.306426 7.062012 3.475309 61.949789 61.949789 
671.000000 271 2.000000 0.139762 5.202424 -3.440950 -0.222915 11.889826 11.889826 
671.000000 272 2.000000 0.258202 7.443124 -2.967186 2.476013 14.934835 14.934835 
671.000000 273 2.000000 0.701640 13.138674 3.508195 -8.685827 87.751024 87.751024 
671.000000 274 2.000000 0.140187 15.390058 -4.299060 1.002838 19.487599 19.487599 
671.000000 275 2.000000 0.858459 0.696057 0.903640 0.296194 0.904296 0.904296 
671.000000 276 2.000000 0.304096 6.538433 3.040951 -3.578429 22.052537 22.052537 
671.000000 277 2.000000 0.999999 19.897052 -6.861845 2.838132 55.139912 55.139912 
671.000000 278 2.000000 0.118061 5.816992 -0.211088 -3.519517 12.431559 12.431559 
671.000000 279 2.000000 0.375378 5.656837 2.502512 -0.352002 6.386470 6.386470 
671.000000 280 2.000000 0.722187 17.897635 -1.389059 -2.803152 9.787143 9.787143 
671.000000 281 2.000000 0.905936 17.275829 0.953615 2.363517 6.495593 6.495593 
671.000000 282 2.000000 0.767707 11.691924 -4.645844 3.229507 32.013587 32.013587 
671.000000 283 2.000000 0.582698 0.765468 5.826967 2.187048 38.736727 38.736727 
671.000000 284 2.000000 0.941797 16.883910 6.278641 -1.581251 41.921684 41.921684 
671.000000 285 2.000000 0.999999 12.276869 2.069184 0.653802 4.708979 4.708979 
671.000000 286 2.000000 0.999999 2.391588 -4.171004 -0.962836 18.324328 18.324328 
671.000000 287 2.000000 0.279093 7.915223 0.595247 1.032845 1.421088 1.421088 
671.000000 288 2.000000 0.724805 4.002859 -0.917314 4.447620 20.622785 20.622785 
671.000000 289 2.000000 0.000001 2.296948 8.351793 2.202422 74.603101 74.603101 
671.000000 290 2.000000 0.093325 8.189542 0.622160 0.739716 0.934262 0.934262 
671.000000 291 2.000000 0.568537 19.211247 0.874671 4.168608 18.142344 18.142344 
671.000000 292 2.000000 0.721461 7.682269 -1.982074 -0.482606 4.161524 4.161524 
671.000000 293 2.000000 0.748769 14.996803 3.743838 -0.901351 14.828755 14.828755 
671.000000 294 2.000000 0.520972 5.712218 0.947220 4.449904 20.698868 20.698868 
671.000000 295 2.000000 0.000001 7.542270 2.641244 1.818220 10.282096 10.282096 
671.000000 296 2.000000 0.230212 18.119848 4.604223 -0.136059 21.217380 21.217380 
671.000000 297 2.000000 0.000001 0.435376 1.476822 0.512206 2.443359 2.443359 
671.000000 298 2.000000 0.855316 3.860119 1.710630 2.662150 10.013298 10.013298 
671.000000 299 2.000000 0.173616 6.290954 -0.262344 -0.328577 0.176787 0.176787 
671.000000 300 2.000000 0.462061 7.024234 -5.379383 -0.852352 29.664261 29.664261 
671.000000 301 2.000000 0.182357 18.905409 0.008320 0.666660 0.444505 0.444505 
671.000000 302 2.000000 0.999999 3.607429 -9.331827 0.655298 87.512411 87.512411 
671.000000 303 2.000000 0.511559 18.006709 -4.884404 0.267437 23.928925 23.928925 
671.000000 304 2.000000 0.148104 2.814659 2.962054 -3.953934 24.407358 24.407358 
671.000000 305 2.000000 0.600623 8.530600 3.003109 -1.125966 10.286465 10.286465 
671.000000 306 2.000000 0.465965 8.535157 1.202933 -2.891897 9.810117 9.810117 
671.000000 307 2.000000 0.524302 10.113138 -4.756974 0.623577 23.017654 23.017654 
671.000000 308 2.000000 0.272502 16.107453 0.340627 -1.898930 3.721961 3.721961 
671.000000 309 2.000000 0.931216 0.841908 3.104051 -0.696492 10.120235 10.120235 
671.000000 310 2.000000 0.328535 6.073455 1.642672 1.984440 6.636375 6.636375 
671.000000 311 2.000000 0.831357 10.524353 5.542376 -3.264589 41.375469 41.375469 
671.000000 312 2.000000 0.882188 14.596959 2.940622 -0.058183 8.650642 8.650642 
671.000000 313 2.000000 0.235543 19.006392 -1.528912 -0.346857 2.457882 2.457882 
671.000000 314 2.000000 0.324954 12.531033 -4.646793 -1.010622 22.614041 22.614041 
671.000000 315 2.000000 0.932339 13.350811 2.732952 -0.346953 7.589405 7.589405 
671.000000 316 2.000000 0.123124 14.647261 -1.096094 -2.939763 9.843625 9.843625 
671.000000 317 2.000000 0.945732 3.690998 1.112625 2.306873 6.559598 6.559598 
671.000000 318 2.000000 0.872308 8.143602 2.180767 1.526725 7.086634 7.086634 
671.000000 319 2.000000 0.727430 2.051419 -2.725690 2.930597 16.017784 16.017784 
671.000000 320 2.000000 0.426829 6.402120 -2.292680 3.888314 20.375371 20.375371 
671.000000 321 2.000000 0.725692 7.687859 2.688496 3.849237 22.044641 22.044641 
671.000000 322 2.000000 0.000001 13.877481 7.297866 -5.044506 78.705881 78.705881 
671.000000 323 2.000000 0.596662 19.721037 -2.688915 -1.859744 10.688911 10.688911 
671.000000 324 2.000000 0.287492 16.374589 5.749822 -7.175931 84.554432 84.554432 
671.000000 325 2.000000 0.243148 1.065745 -0.657471 -0.235027 0.487506 0.487506 
671.000000 326 2.000000 0.526750 16.820622 -0.414239 -2.577405 6.814608 6.814608 
671.000000 327 2.000000 0.621055 10.711369 -2.526293 8.177284 73.250127 73.250127 
671.000000 328 2.000000 0.338628 8.412142 -0.156839 -0.652276 0.450063 0.450063 
671.000000 329 2.000000 0.091859 9.830109 -1.397139 -5.497238 32.171618 32.171618 
671.000000 330 2.000000 0.787696 1.226424 -4.246051 8.176153 84.878417 84.878417 
671.000000 331 2.000000 0.958105 19.953159 3.193681 0.078877 10.205820 10.205820 
671.000000 332 2.000000 0.721096 11.684200 -1.394516 3.222190 12.327183 12.327183 
671.000000 333 2.000000 0.659331 3.820635 1.318659 -1.901584 5.354882 5.354882 
671.000000 334 2.000000 0.358420 8.437807 -1.833082 1.423136 5.385504 5.385504 
671.000000 335 2.000000 0.955397 18.971803 1.273861 -5.140978 28.052376 28.052376 
671.000000 336 2.000000 0.712398 18.538793 -0.719002 -0.397095 0.674649 0.674649 
671.000000 337 2.000000 0.412053 15.876290 2.747016 -2.094469 11.932896 11.932896 
671.000000 338 2.000000 0.477315 1.263343 4.773143 3.158354 32.758097 32.758097 
671.000000 339 2.000000 0.606777 17.682421 3.033878 0.475683 9.430691 9.430691 
671.000000 340 2.000000 0.548065 5.220506 10.961276 4.772538 142.926695 142.926695 
671.000000 341 2.000000 0.975023 12.454199 3.900087 3.585816 28.068750 28.068750 
671.000000 342 2.000000 0.802378 10.984611 0.949225 -2.155160 5.545742 5.545742 
671.000000 343 2.000000 0.584415 5.489934 0.899099 3.049963 10.110654 10.110654 
671.000000 344 2.000000 0.347949 3.408283 3.479479 4.544376 32.758131 32.758131 
671.000000 345 2.000000 0.999999 9.541379 -1.903596 -2.610607 10.438945 10.438945 
671.000000 346 2.000000 0.000001 16.916292 3.495683 -4.773719 35.008195 35.008195 
671.000000 347 2.000000 0.143991 9.488832 2.879791 -6.183039 46.523170 46.523170 
671.000000 348 2.000000 0.287412 5.910102 -0.791763 2.106853 5.065719 5.065719 
671.000000 349 2.000000 0.771791 8.892847 0.523280 -3.461065 12.252794 12.252794 
671.000000 350 2.000000 0.405880 6.449683 -3.960791 -3.146261 25.586820 25.586820 
671.000000 351 2.000000 0.563007 11.921978 5.630062 -8.975579 112.258606 112.258606 
671.000000 352 2.000000 0.738695 10.404630 1.231156 2.771417 9.196497 9.196497 
671.000000 353 2.000000 0.694615 6.340976 -6.107686 -1.654050 40.039708 40.039708 
671.000000 354 2.000000 0.307714 2.661477 6.154253 -3.618306 50.966967 50.966967 
671.000000 355 2.000000 0.573104 18.648375 5.731033 2.356229 38.396554 38.396554 
671.000000 356 2.000000 0.999999 10.942264 -3.414225 0.476061 11.883565 11.883565 
671.000000 357 2.000000 0.729785 13.741973 7.297836 2.405684 59.045729 59.045729 
671.000000 358 2.000000 0.999999 10.745715 -1.284815 0.752375 2.216818 2.216818 
671.000000 359 2.000000 0.274833 1.710376 4.071202 -6.063856 53.345033 53.345033 
671.000000 360 2.000000 0.999999 19.141380 -3.951895 4.078854 32.254526 32.254526 
671.000000 361 2.000000 0.007082 11.398816 -0.717456 -10.751479 116.109047 116.109047 
671.000000 362 2.000000 0.320881 11.716558 -1.152982 -3.079196 10.810816 10.810816 
671.000000 363 2.000000 0.034061 9.764151 -6.206545 -0.476383 38.748142 38.748142 
671.000000 364 2.000000 0.510333 3.467202 -4.896663 -4.432802 43.627044 43.627044 
671.000000 365 2.000000 0.229536 13.958609 -2.677647 -1.991094 11.134248 11.134248 
671.000000 366 2.000000 0.138546 16.445647 0.011461 -7.108705 50.533812 50.533812 
671.000000 367 2.000000 0.832291 8.604488 0.208457 -5.100267 26.056179 26.056179 
671.000000 368 2.000000 0.288329 12.865500 -4.744467 2.389605 28.220185 28.220185 
671.000000 369 2.000000 0.667626 14.463448 2.225416 0.474486 5.177612 5.177612 
671.000000 370 2.000000 0.081283 19.614401 0.232234 -0.674360 0.508694 0.508694 
671.000000 371 2.000000 0.773367 10.513290 3.093465 1.180919 10.964093 10.964093 
671.000000 372 2.000000 0.000001 1.448025 2.564356 -2.631201 13.499138 13.499138 
671.000000 373 2.000000 0.756489 7.592830 -0.608775 -0.741101 0.919837 0.919837 
671.000000 374 2.000000 0.479270 17.848185 1.198172 -6.148039 39.233996 39.233996 
671.000000 375 2.000000 0.293357 16.214618 2.933559 4.471118 28.596664 28.596664 
671.000000 376 2.000000 0.000001 11.622862 6.094445 5.807594 70.870407 70.870407 
671.000000 377 2.000000 0.068125 11.240851 -0.564772 3.874261 15.328864 15.328864 
671.000000 378 2.000000 0.908957 13.608651 -0.606944 1.210824 1.834476 1.834476 
671.000000 379 2.000000 0.000001 11.810110 1.688925 3.248278 13.403777 13.403777 
671.000000 380 2.000000 0.004584 5.841143 -1.659025 -1.892218 6.332853 6.332853 
671.000000 381 2.000000 0.553877 1.154220 5.538762 0.530734 30.959558 30.959558 
671.000000 382 2.000000 0.318517 17.616535 1.274063 2.668390 8.743545 8.743545 
671.000000 383 2.000000 0.308566 15.567160 0.147882 -0.886806 0.808294 0.808294 
671.000000 384 2.000000 0.912020 18.031867 -1.759585 4.740495 25.568433 25.568433 
671.000000 385 2.000000 0.874251 15.938895 -0.502992 3.317074 11.255979 11.255979 
671.000000 386 2.000000 0.942491 9.370230 0.054224 5.111662 26.132033 26.132033 
671.000000 387 2.000000 0.248811 19.791041 -2.146252 3.758958 18.736164 18.736164 
671.000000 388 2.000000 0.121323 0.708038 -0.836834 1.287341 2.357538 2.357538 
671.000000 389 2.000000 0.591206 7.108476 11.824103 -0.404488 139.973023 139.973023 
671.000000 390 2.000000 0.999999 3.813837 -4.386974 3.351267 30.476533 30.476533 
671.000000 391 2.000000 0.130697 9.888751 0.022055 2.682844 7.198137 7.198137 
671.000000 392 2.000000 0.835483 12.486291 -3.290318 9.166000 94.841752 94.841752 
671.000000 393 2.000000 0.851508 6.396022 -2.969829 -1.302028 10.515160 10.515160 
671.000000 394 2.000000 0.000001 5.303387 2.899341 -6.445129 49.945872 49.945872 
671.000000 395 2.000000 0.734939 9.800931 -1.767066 -1.192191 4.543842 4.543842 
671.000000 396 2.000000 0.594877 5.866565 1.189751 -4.328609 20.152366 20.152366 
671.000000 397 2.000000 0.483282 14.693893 1.610935 7.524180 59.208392 59.208392 
671.000000 398 2.000000 0.188540 14.065654 1.256925 5.023447 26.814884 26.814884 
671.000000 399 2.000000 0.377344 17.465405 -6.226551 7.938820 101.794803 101.794803 
671.000000 400 2.000000 0.466639 8.533301 -4.094129 7.241435 69.200270 69.200270 
671.000000 401 2.000000 0.681749 13.614706 2.272492 -1.983820 9.099763 9.099763 
671.000000 402 2.000000 0.117667 2.491030 -8.823323 1.747438 80.904566 80.904566 
671.000000 403 2.000000 0.999999 13.458966 -2.325844 6.289080 44.962076 44.962076 
671.000000 404 2.000000 0.915695 6.744732 -1.686081 2.152029 7.474099 7.474099 
671.000000 405 2.000000 0.784403 13.545380 1.743116 -0.169638 3.067229 3.067229 
671.000000 406 2.000000 0.052587 7.063415 0.121645 -0.147335 0.036505 0.036505 
671.000000 407 2.000000 0.415546 14.408612 -0.317908 3.077803 9.573939 9.573939 
671.000000 408 2.000000 0.402552 9.873612 -0.442553 -3.203617 10.459015 10.459015 
671.000000 409 2.000000 0.544773 8.828659 -4.552260 1.163377 22.076517 22.076517 
671.000000 410 2.000000 0.859806 13.073139 5.732031 0.360364 32.986040 32.986040 
671.000000 411 2.000000 0.526879 10.139006 -1.351772 1.855272 5.269323 5.269323 
671.000000 412 2.000000 0.370005 14.484382 -3.149972 0.552862 10.227981 10.227981 
671.000000 413 2.000000 0.151615 14.083275 -0.089662 -0.922642 0.859307 0.859307 
671.000000 414 2.000000 0.976928 2.282377 3.907706 -3.102696 24.896889 24.896889 
671.000000 415 2.000000 0.181827 5.754834 -4.090861 -4.385891 35.971180 35.971180 
671.000000 416 2.000000 0.345173 5.456197 1.725858 -7.400165 57.741027 57.741027 
671.000000 417 2.000000 0.970354 15.328785 0.746426 5.144379 27.021789 27.021789 
671.000000 418 2.000000 0.282391 11.275830 -0.850522 5.705267 33.273465 33.273465 
671.000000 419 2.000000 0.000001 4.205238 6.212453 5.446647 68.260538 68.260538 
671.000000 420 2.000000 0.633067 12.317889 -2.446215 -0.944551 6.876145 6.876145 
671.000000 421 2.000000 0.415661 14.994720 -6.850226 -0.935177 47.800149 47.800149 
671.000000 422 2.000000 0.669531 12.047327 -1.321871 3.419613 13.441098 13.441098 
671.000000 423 2.000000 0.666568 18.629607 2.666267 -0.230475 7.162098 7.162098 
671.000000 424 2.000000 0.073408 6.188697 -1.323701 2.250435 6.816644 6.816644 
671.000000 425 2.000000 0.948009 2.133059 4.740042 -6.031602 58.848225 58.848225 
671.000000 426 2.000000 0.621370 18.531840 -7.572576 -0.139004 57.363235 57.363235 
671.000000 427 2.000000 0.369256 7.829687 -3.153715 4.465395 29.885667 29.885667 
671.000000 428 2.000000 0.113441 7.546110 -2.533023 5.804699 40.110737 40.110737 
671.000000 429 2.000000 0.547500 3.118219 0.559163 -2.637184 7.267403 7.267403 
671.000000 430 2.000000 0.675166 11.867000 -6.496654 -1.964058 46.064035 46.064035 
671.000000 431 2.000000 0.000001 11.686387 4.207341 0.465138 17.918069 17.918069 
671.000000 432 2.000000 0.999999 1.645245 -5.003540 -6.611794 68.751230 68.751230 
671.000000 433 2.000000 0.270304 14.642251 0.600673 -2.970028 9.181876 9.181876 
671.000000 434 2.000000 0.671315 11.038801 -1.314737 3.470281 13.771386 13.771386 
671.000000 435 2.000000 0.511407 18.921795 2.557031 -5.391020 35.601500 35.601500 
671.000000 436 2.000000 0.751016 9.932857 -1.244917 2.691661 8.794854 8.794854 
671.000000 437 2.000000 0.554097 15.740681 1.027641 0.267728 1.127723 1.127723 
671.000000 438 2.000000 0.644122 5.125523 -7.117549 0.977534 51.615074 51.615074 
671.000000 439 2.000000 0.234636 2.486051 -2.186750 -3.548268 17.372083 17.372083 
671.000000 440 2.000000 0.238796 16.907478 -0.434973 0.621276 0.575185 0.575185 
671.000000 441 2.000000 0.000001 16.001770 0.677962 -0.390764 0.612329 0.612329 
671.000000 442 2.000000 0.703663 6.656230 -5.926727 -3.105630 44.771033 44.771033 
671.000000 443 2.000000 0.248421 6.138064 -3.757889 -0.975232 15.072812 15.072812 
671.000000 444 2.000000 0.999999 14.162058 -7.896930 -6.476084 104.301167 104.301167 
671.000000 445 2.000000 0.613568 2.649847 -1.288104 -1.750697 4.724151 4.724151 
671.000000 446 2.000000 0.000001 1.129330 4.145542 -3.077190 26.654619 26.654619 
671.000000 447 2.000000 0.540022 16.919131 -4.599772 -0.429327 21.342220 21.342220 
671.000000 448 2.000000 0.312176 9.694324 -1.528495 -0.346443 2.456318 2.456318 
671.000000 449 2.000000 0.586240 16.521111 -2.068796 -4.638517 25.795761 25.795761 
671.000000 450 2.000000 0.945405 7.819852 -0.545937 -2.339724 5.772355 5.772355 
671.000000 451 2.000000 0.196132 7.652227 3.922621 4.027488 31.607615 31.607615 
671.000000 452 2.000000 0.000001 16.897082 3.549300 2.987488 21.522615 21.522615 
671.000000 453 2.000000 0.865614 4.290662 -1.343853 5.334651 30.264437 30.264437 
671.000000 454 2.000000 0.791716 2.392528 3.958576 -1.089783 16.857954 16.857954 
671.000000 455 2.000000 0.999999 10.702891 -3.509571 4.668899 34.115701 34.115701 
671.000000 456 2.000000 0.886076 5.759214 -2.278469 1.332415 6.966749 6.966749 
671.000000 457 2.000000 0.201670 18.504884 4.033372 -3.731057 30.188878 30.188878 
671.000000 458 2.000000 0.465835 11.745631 -5.341639 1.002220 29.537553 29.537553 
671.000000 459 2.000000 0.353092 18.830688 7.061822 0.346859 49.989644 49.989644 
671.000000 460 2.000000 0.540952 8.286693 0.400705 -0.877923 0.931313 0.931313 
671.000000 461 2.000000 0.629789 4.275660 6.297879 7.773925 100.097183 100.097183 
671.000000 462 2.000000 0.000001 0.819416 4.028588 4.097073 33.015530 33.015530 
671.000000 463 2.000000 0.726485 15.747643 -5.470281 3.936910 45.423238 45.423238 
671.000000 464 2.000000 0.157833 8.309941 0.394580 -4.010946 16.243380 16.243380 
671.000000 465 2.000000 0.597140 16.994673 2.148435 -0.933065 5.486384 5.486384 
671.000000 466 2.000000 0.250034 17.828250 -3.749827 -2.379361 19.722558 19.722558 
671.000000 467 2.000000 0.869854 6.949198 -0.520581 3.657472 13.648106 13.648106 
671.000000 468 2.000000 0.384073 7.086681 2.560480 -3.896999 21.742660 21.742660 
671.000000 469 2.000000 0.780270 13.086263 0.709336 3.725580 14.383107 14.383107 
671.000000 470 2.000000 0.706459 12.588538 -5.870796 0.043431 34.468130 34.468130 
671.000000 471 2.000000 0.000001 15.710912 5.575085 0.847911 31.800527 31.800527 
671.000000 472 2.000000 0.850258 13.242268 -0.998272 -2.823650 8.969545 8.969545 
671.000000 473 2.000000 0.234997 15.469093 -1.176926 0.471532 1.607498 1.607498 
671.000000 474 2.000000 0.263590 6.194350 5.271781 -2.654491 34.837996 34.837996 
671.000000 475 2.000000 0.439062 2.782451 -1.246526 -2.342019 7.038881 7.038881 
671.000000 476 2.000000 0.000001 11.853529 8.197441 -0.136997 67.216812 67.216812 
671.000000 477 2.000000 0.999999 11.299632 -5.229906 1.158551 28.694160 28.694160 
671.000000 478 2.000000 0.024779 9.774414 -1.889350 -2.575869 10.204743 10.204743 
671.000000 479 2.000000 0.829484 13.255112 -0.568383 5.763092 33.536285 33.536285 
671.000000 480 2.000000 0.399183 19.424687 -2.403264 1.713476 8.711678 8.711678 
671.000000 481 2.000000 0.999999 4.484632 -5.183106 1.315717 28.595695 28.595695 
671.000000 482 2.000000 0.782635 8.163066 1.565269 6.108433 39.763016 39.763016 
671.000000 483 2.000000 0.398915 12.274444 2.659428 1.176566 8.456863 8.456863 
671.000000 484 2.000000 0.764601 3.333351 0.214225 -1.561844 2.485250 2.485250 
671.000000 485 2.000000 0.000001 19.868215 3.067989 3.311646 20.379560 20.379560 
671.000000 486 2.000000 0.050226 16.422716 -0.431514 -0.700473 0.676866 0.676866 
671.000000 487 2.000000 0.000001 13.165671 4.375021 1.946801 22.930838 22.930838 
671.000000 488 2.000000 0.117058 18.849434 2.341144 3.106095 15.128781 15.128781 
671.000000 489 2.000000 0.262168 15.995489 2.621672 1.206609 8.329066 8.329066 
671.000000 490 2.000000 0.596583 16.988819 -3.794037 2.177787 19.137473 19.137473 
671.000000 491 2.000000 0.751493 5.987985 -0.011119 5.414697 29.319068 29.319068 
671.000000 492 2.000000 0.433917 10.417687 -1.617378 2.083537 6.957040 6.957040 
671.000000 493 2.000000 0.999999 16.912621 -5.676158 0.473439 32.442918 32.442918 
671.000000 494 2.000000 0.999999 3.289543 -7.331941 -0.682667 54.223389 54.223389 
671.000000 495 2.000000 0.999999 12.709974 -1.519893 -0.010007 2.310176 2.310176 
671.000000 496 2.000000 0.706332 16.334087 2.825325 -2.347306 13.492306 13.492306 
671.000000 497 2.000000 0.434423 7.821865 -5.655760 -4.843033 55.442585 55.442585 
671.000000 498 2.000000 0.000001 0.335795 7.221799 -0.888236 52.943351 52.943351 
671.000000 499 2.000000 0.630782 16.243270 -2.461447 -2.206150 10.925820 10.925820 
671.000000 500 2.000000 0.368628 1.856308 -4.209141 1.199739 19.156237 19.156237 
