212.000000 1 2.000000 10.608919 1.830741 -0.119275 -1.387354 1.938977 1.938977 
212.000000 2 2.000000 3.973928 4.534688 2.408441 -0.397055 5.958240 5.958240 
212.000000 3 2.000000 8.633418 7.730613 1.359593 0.761637 2.428584 2.428584 
212.000000 4 2.000000 0.846231 14.714743 -0.988467 -1.704921 3.883824 3.883824 
212.000000 5 2.000000 7.525739 14.290873 -0.114079 1.155641 1.348520 1.348520 
212.000000 6 2.000000 6.880537 17.557074 1.603185 -1.202930 4.017241 4.017241 
212.000000 7 2.000000 9.223322 9.482139 -0.815336 0.962654 1.591475 1.591475 
212.000000 8 2.000000 2.636175 9.946973 -0.092488 0.402711 0.170730 0.170730 
212.000000 9 2.000000 2.178019 18.096353 -0.735570 0.627523 0.934848 0.934848 
212.000000 10 2.000000 10.982764 13.821873 2.614944 0.434650 7.026851 7.026851 
212.000000 11 2.000000 0.949024 9.770784 1.460035 -0.824937 2.812224 2.812224 
212.000000 12 2.000000 7.735531 9.446579 -0.796283 -0.624735 1.024360 1.024360 
212.000000 13 2.000000 2.168821 7.125415 2.891760 -0.593715 8.714774 8.714774 
212.000000 14 2.000000 8.942774 5.336320 0.519929 -1.007813 1.286013 1.286013 
212.000000 15 2.000000 10.921651 11.661823 0.898901 -0.304282 0.900611 0.900611 
212.000000 16 2.000000 6.984338 8.685826 -0.185895 -0.691998 0.513419 0.513419 
212.000000 17 2.000000 10.563495 7.978059 0.267489 1.491226 2.295305 2.295305 
212.000000 18 2.000000 7.038340 13.802902 0.210318 0.621131 0.430038 0.430038 
212.000000 19 2.000000 1.156401 13.354927 -0.946615 -1.340552 2.693161 2.693161 
212.000000 20 2.000000 5.264934 13.802250 -0.763985 -0.290293 0.667943 0.667943 
212.000000 21 2.000000 10.737310 15.148102 -1.894445 0.126344 3.604885 3.604885 
212.000000 22 2.000000 3.049426 12.178267 0.559527 0.122855 0.328164 0.328164 
212.000000 23 2.000000 9.591814 10.347516 0.397308 -0.288957 0.241350 0.241350 
212.000000 24 2.000000 9.311179 9.648707 -0.198004 0.295706 0.126648 0.126648 
212.000000 25 2.000000 1.662959 19.606155 0.583494 1.133828 1.626030 1.626030 
212.000000 26 2.000000 2.989152 4.763668 -0.833986 -0.335338 0.807985 0.807985 
212.000000 27 2.000000 3.231078 2.765363 0.282190 -0.553279 0.385749 0.385749 
212.000000 28 2.000000 0.858829 14.913585 -0.002246 -0.654855 0.428841 0.428841 
212.000000 29 2.000000 10.865071 3.759416 -0.423331 -0.176337 0.210304 0.210304 
212.000000 30 2.000000 6.832781 5.888679 -0.417374 1.869421 3.668938 3.668938 
212.000000 31 2.000000 3.158203 3.900555 -1.129403 -1.201451 2.719036 2.719036 
212.000000 32 2.000000 11.841792 19.923196 -1.060065 0.155585 1.147945 1.147945 
212.000000 33 2.000000 1.029698 19.826847 1.211409 -0.865761 2.217053 2.217053 
212.000000 34 2.000000 1.650407 4.091396 0.532156 0.848838 1.003716 1.003716 
212.000000 35 2.000000 9.788690 0.477801 -1.385068 -0.747977 2.477883 2.477883 
212.000000 36 2.000000 0.796496 9.818211 -0.731352 -1.033684 1.603379 1.603379 
212.000000 37 2.000000 11.627062 7.696594 0.091270 -0.631749 0.407438 0.407438 
212.000000 38 2.000000 6.237193 14.208328 1.756955 -0.442112 3.282356 3.282356 
212.000000 39 2.000000 11.810896 2.527226 -0.228147 -0.778411 0.657975 0.657975 
212.000000 40 2.000000 4.231680 14.598547 -0.555605 0.132610 0.326283 0.326283 
212.000000 41 2.000000 0.556940 6.499115 0.085683 1.074234 1.161320 1.161320 
212.000000 42 2.000000 3.967811 5.067411 1.030600 0.380947 1.207256 1.207256 
212.000000 43 2.000000 4.287422 0.902018 0.312986 0.916287 0.937542 0.937542 
212.000000 44 2.000000 6.875984 18.224978 -0.255965 0.607978 0.435155 0.435155 
212.000000 45 2.000000 8.125678 19.734006 0.907897 0.002367 0.824282 0.824282 
212.000000 46 2.000000 10.609882 15.804562 0.358570 -0.892646 0.925389 0.925389 
212.000000 47 2.000000 4.480768 7.816318 1.469104 1.532611 4.507164 4.507164 
212.000000 48 2.000000 9.461137 19.680983 0.032221 -0.490794 0.241916 0.241916 
212.000000 49 2.000000 4.377078 6.306075 -0.738641 -0.033660 0.546723 0.546723 
212.000000 50 2.000000 7.787285 4.539990 -0.424671 -0.265946 0.251073 0.251073 
212.000000 51 2.000000 6.804041 10.101358 -0.727927 -0.371036 0.667546 0.667546 
212.000000 52 2.000000 8.936532 1.282577 -1.273874 0.970156 2.563959 2.563959 
212.000000 53 2.000000 0.261477 8.265002 0.581057 -0.668661 0.784735 0.784735 
212.000000 54 2.000000 10.067182 7.445675 -0.479604 1.816018 3.527941 3.527941 
212.000000 55 2.000000 6.880974 9.988661 1.274254 0.795909 2.257195 2.257195 
212.000000 56 2.000000 9.411644 1.488013 0.950947 -0.290907 0.988927 0.988927 
212.000000 57 2.000000 9.703592 10.153621 0.169937 0.867885 0.782103 0.782103 
212.000000 58 2.000000 6.388665 13.837488 0.893519 0.476333 1.025270 1.025270 
212.000000 59 2.000000 2.292692 7.615929 -1.594662 1.162737 3.894906 3.894906 
212.000000 60 2.000000 4.323635 10.782571 -1.060830 -1.105270 2.346982 2.346982 
212.000000 61 2.000000 7.632563 12.441987 -0.597927 0.572788 0.685603 0.685603 
212.000000 62 2.000000 10.007919 3.379006 3.511550 -0.874861 13.096365 13.096365 
212.000000 63 2.000000 6.085834 2.824855 -0.667910 -0.034237 0.447276 0.447276 
212.000000 64 2.000000 11.194074 15.232987 0.328394 0.409212 0.275298 0.275298 
212.000000 65 2.000000 5.796391 7.270805 -0.218736 0.110540 0.060065 0.060065 
212.000000 66 2.000000 5.108067 14.383199 -0.365078 -0.748907 0.694143 0.694143 
212.000000 67 2.000000 4.320697 7.170566 0.270044 0.758790 0.648686 0.648686 
212.000000 68 2.000000 6.401864 14.574473 0.291010 -0.586543 0.428720 0.428720 
212.000000 69 2.000000 3.638920 17.941655 -0.113489 -0.807194 0.664442 0.664442 
212.000000 70 2.000000 10.049720 15.388310 1.456481 0.222206 2.170712 2.170712 
212.000000 71 2.000000 4.663713 7.910723 -0.888597 -0.063212 0.793601 0.793601 
212.000000 72 2.000000 7.016550 18.597614 -1.183918 -0.596759 1.757784 1.757784 
212.000000 73 2.000000 1.325485 10.070244 0.083627 -1.289579 1.670006 1.670006 
212.000000 74 2.000000 2.308332 8.727803 0.329762 -0.687329 0.581164 0.581164 
212.000000 75 2.000000 11.357344 9.019772 0.711076 -0.112118 0.518199 0.518199 
212.000000 76 2.000000 3.457646 5.801980 1.257325 0.291157 1.665639 1.665639 
212.000000 77 2.000000 2.546809 1.516022 0.485106 -0.096063 0.244556 0.244556 
212.000000 78 2.000000 3.984610 12.852435 -1.311502 -0.233963 1.774777 1.774777 
212.000000 79 2.000000 10.869684 0.530467 -0.319969 -0.376668 0.244259 0.244259 
212.000000 80 2.000000 11.847157 7.556570 0.471585 1.322169 1.970523 1.970523 
212.000000 81 2.000000 11.861534 13.231760 0.184982 0.694501 0.516550 0.516550 
212.000000 82 2.000000 11.248329 19.354265 -0.856436 0.084377 0.740601 0.740601 
212.000000 83 2.000000 0.356950 16.538200 -0.831633 0.259519 0.758964 0.758964 
212.000000 84 2.000000 6.267208 19.431329 -0.295327 0.037213 0.088603 0.088603 
212.000000 85 2.000000 2.368827 10.245770 -0.632617 0.553638 0.706718 0.706718 
212.000000 86 2.000000 9.505449 11.462420 0.541621 0.292003 0.378619 0.378619 
212.000000 87 2.000000 1.654310 2.342104 0.736343 -0.966224 1.475789 1.475789 
212.000000 88 2.000000 11.311315 10.320855 0.228640 -0.658445 0.485826 0.485826 
212.000000 89 2.000000 4.864030 13.887668 -1.313670 -0.014081 1.725928 1.725928 
212.000000 90 2.000000 2.801980 17.101845 -1.324419 -0.041332 1.755795 1.755795 
212.000000 91 2.000000 6.421027 17.950026 -0.215436 -0.253326 0.110587 0.110587 
212.000000 92 2.000000 10.065882 4.764868 1.846951 -0.330839 3.520681 3.520681 
212.000000 93 2.000000 6.922671 2.365539 -1.432813 0.067844 2.057557 2.057557 
212.000000 94 2.000000 7.783670 4.784373 -0.890723 0.101480 0.803686 0.803686 
212.000000 95 2.000000 7.959610 5.246399 -1.770343 0.086303 3.141563 3.141563 
212.000000 96 2.000000 2.553595 16.803631 0.167101 -1.420608 2.046049 2.046049 
212.000000 97 2.000000 2.471087 5.796493 0.175878 0.131143 0.048132 0.048132 
212.000000 98 2.000000 3.783467 6.537796 0.494571 0.619696 0.628624 0.628624 
212.000000 99 2.000000 0.251763 4.778826 0.457750 0.629270 0.605515 0.605515 
212.000000 100 2.000000 2.730855 13.910993 1.354051 -1.621699 4.463361 4.463361 
212.000000 101 2.000000 0.519937 18.708639 -0.327825 1.154854 1.441157 1.441157 
212.000000 102 2.000000 2.113631 13.941973 0.899417 -1.067223 1.947916 1.947916 
212.000000 103 2.000000 9.551740 17.193094 -0.498050 -0.920297 1.095000 1.095000 
212.000000 104 2.000000 5.376190 6.670367 0.342432 -0.627277 0.510736 0.510736 
212.000000 105 2.000000 0.569902 6.316819 0.712377 -0.656139 0.937999 0.937999 
212.000000 106 2.000000 11.146360 3.340714 -1.633279 1.284890 4.318542 4.318542 
212.000000 107 2.000000 3.153252 10.519449 -0.744084 -1.364108 2.414452 2.414452 
212.000000 108 2.000000 3.101200 17.258880 0.826987 -0.548224 0.984456 0.984456 
212.000000 109 2.000000 11.836196 18.204993 0.663212 0.603796 0.804420 0.804420 
212.000000 110 2.000000 6.215571 0.462507 0.640780 0.486848 0.647621 0.647621 
212.000000 111 2.000000 7.484128 19.999999 0.016623 -1.144583 1.310346 1.310346 
212.000000 112 2.000000 6.082136 16.737646 0.390440 -0.202656 0.193513 0.193513 
212.000000 113 2.000000 2.315296 15.145760 0.702805 -0.068403 0.498613 0.498613 
212.000000 114 2.000000 8.307553 9.312591 0.192855 -0.305681 0.130634 0.130634 
212.000000 115 2.000000 3.808276 15.528781 0.343202 -0.009654 0.117881 0.117881 
212.000000 116 2.000000 2.434660 10.893990 -0.641045 -0.397467 0.568918 0.568918 
212.000000 117 2.000000 10.638299 16.621333 -0.690850 -0.877576 1.247412 1.247412 
212.000000 118 2.000000 8.177691 4.583337 -0.755392 0.352564 0.694919 0.694919 
212.000000 119 2.000000 4.339782 18.860741 -1.264487 0.836396 2.298485 2.298485 
212.000000 120 2.000000 7.248415 11.048237 -1.139735 0.005076 1.299023 1.299023 
212.000000 121 2.000000 4.074499 8.660785 0.342395 1.302374 1.813411 1.813411 
212.000000 122 2.000000 4.349982 5.461643 -0.969781 -1.131390 2.220518 2.220518 
212.000000 123 2.000000 8.476196 7.562562 0.061515 0.813179 0.665044 0.665044 
212.000000 124 2.000000 11.884710 18.779575 -0.014623 2.304242 5.309746 5.309746 
212.000000 125 2.000000 1.403766 18.369032 -0.550241 0.285746 0.384416 0.384416 
212.000000 126 2.000000 9.893072 17.156862 -2.450855 0.075633 6.012410 6.012410 
212.000000 127 2.000000 4.157084 16.256193 -0.261121 -0.492606 0.310845 0.310845 
212.000000 128 2.000000 10.785237 18.209014 -1.820711 -0.316210 3.414976 3.414976 
212.000000 129 2.000000 4.517181 19.308682 -0.932384 0.029091 0.870186 0.870186 
212.000000 130 2.000000 11.478149 2.088043 0.814053 0.773349 1.260751 1.260751 
212.000000 131 2.000000 6.832632 4.751766 0.128714 1.067812 1.156791 1.156791 
212.000000 132 2.000000 9.447275 8.448687 0.144427 0.313130 0.118910 0.118910 
212.000000 133 2.000000 3.027681 3.400757 0.540657 -0.102493 0.302815 0.302815 
212.000000 134 2.000000 11.048401 1.325138 -0.890951 -0.978119 1.750509 1.750509 
212.000000 135 2.000000 4.285977 0.512397 0.324787 0.423846 0.285133 0.285133 
212.000000 136 2.000000 7.124009 11.973966 0.975892 -0.436173 1.142611 1.142611 
212.000000 137 2.000000 11.257348 13.226604 -2.326837 -1.026272 6.467403 6.467403 
212.000000 138 2.000000 3.393850 4.477858 -0.449908 1.393053 2.143014 2.143014 
212.000000 139 2.000000 0.569191 14.262081 1.264866 -1.006652 2.613234 2.613234 
212.000000 140 2.000000 5.256581 3.676792 0.168922 0.456744 0.237150 0.237150 
212.000000 141 2.000000 5.785992 2.609719 -0.160118 0.264946 0.095834 0.095834 
212.000000 142 2.000000 1.874337 2.583364 0.064521 0.184526 0.038213 0.038213 
212.000000 143 2.000000 9.916332 9.569523 -0.230196 -1.097945 1.258473 1.258473 
212.000000 144 2.000000 9.889799 17.930914 0.566751 1.093348 1.516617 1.516617 
212.000000 145 2.000000 5.379839 16.050307 -0.410964 0.587021 0.513484 0.513484 
212.000000 146 2.000000 1.598318 1.018316 1.880373 0.754308 4.104781 4.104781 
212.000000 147 2.000000 5.660986 1.007296 1.572496 -0.902079 3.286489 3.286489 
212.000000 148 2.000000 11.609082 9.534569 -0.707834 1.764489 3.614449 3.614449 
212.000000 149 2.000000 3.005324 17.943455 0.250444 -0.563437 0.380183 0.380183 
212.000000 150 2.000000 4.805547 7.890551 0.288621 1.901337 3.698386 3.698386 
212.000000 151 2.000000 3.154623 4.943574 -0.458163 -1.799115 3.446729 3.446729 
212.000000 152 2.000000 10.843139 9.924301 -0.853452 -0.558210 1.039979 1.039979 
212.000000 153 2.000000 4.367987 7.147271 0.773095 -0.629293 0.993686 0.993686 
212.000000 154 2.000000 1.015926 1.003205 0.203758 0.945748 0.935957 0.935957 
212.000000 155 2.000000 3.812495 8.162440 1.337717 0.417516 1.963807 1.963807 
212.000000 156 2.000000 7.172714 8.415955 -1.023073 -1.010144 2.067069 2.067069 
212.000000 157 2.000000 2.124200 12.435087 -1.104913 1.132698 2.503836 2.503836 
212.000000 158 2.000000 10.462734 14.210342 0.491208 -1.092388 1.434597 1.434597 
212.000000 159 2.000000 2.475036 4.675208 0.738816 -0.033893 0.546998 0.546998 
212.000000 160 2.000000 11.249448 16.639488 1.142710 1.173529 2.682956 2.682956 
212.000000 161 2.000000 1.469140 10.982600 0.402504 0.103173 0.172654 0.172654 
212.000000 162 2.000000 11.072391 7.684241 -0.735287 0.554819 0.848470 0.848470 
212.000000 163 2.000000 6.189599 16.334986 1.303073 -0.276511 1.774458 1.774458 
212.000000 164 2.000000 1.315231 0.769317 -0.133296 -0.208289 0.061152 0.061152 
212.000000 165 2.000000 0.235192 8.103033 1.567943 0.359145 2.587430 2.587430 
212.000000 166 2.000000 1.434058 0.664140 0.796698 0.117547 0.648546 0.648546 
212.000000 167 2.000000 11.684335 13.782264 0.235246 -2.302865 5.358528 5.358528 
212.000000 168 2.000000 2.987585 15.778775 1.111381 0.306874 1.329340 1.329340 
212.000000 169 2.000000 6.482643 16.358103 -1.130271 -0.984296 2.246352 2.246352 
212.000000 170 2.000000 8.564418 9.112966 0.669095 1.207015 1.904574 1.904574 
212.000000 171 2.000000 6.076052 9.832542 0.610658 1.425006 2.403545 2.403545 
212.000000 172 2.000000 6.326735 4.906927 -1.118243 1.066723 2.388366 2.388366 
212.000000 173 2.000000 9.521983 14.759537 0.616676 0.787281 1.000100 1.000100 
212.000000 174 2.000000 11.126304 8.051205 0.226794 0.659848 0.486835 0.486835 
212.000000 175 2.000000 6.235426 17.091875 -1.048367 1.225224 2.600247 2.600247 
212.000000 176 2.000000 11.444486 19.650618 0.513805 -2.329206 5.689195 5.689195 
212.000000 177 2.000000 6.294098 2.280202 2.468273 0.373804 6.232102 6.232102 
212.000000 178 2.000000 10.569780 15.948483 0.334916 1.151515 1.438156 1.438156 
212.000000 179 2.000000 11.601928 10.492308 -0.798159 -0.591181 0.986552 0.986552 
212.000000 180 2.000000 3.218740 0.523951 -0.436414 0.388111 0.341087 0.341087 
212.000000 181 2.000000 0.820757 17.221883 -0.108013 -1.292147 1.681310 1.681310 
212.000000 182 2.000000 9.998094 9.571314 0.143336 -0.962888 0.947699 0.947699 
212.000000 183 2.000000 0.328421 11.741454 1.642099 1.190440 4.113637 4.113637 
212.000000 184 2.000000 4.530942 13.048867 0.355368 -1.287247 1.783290 1.783290 
212.000000 185 2.000000 2.104682 9.671415 0.876950 0.600709 1.129893 1.129893 
212.000000 186 2.000000 8.811261 18.987809 0.605585 0.220867 0.415515 0.415515 
212.000000 187 2.000000 11.456757 6.997642 -0.850070 0.647930 1.142433 1.142433 
212.000000 188 2.000000 5.905710 18.670438 0.008419 0.663218 0.439929 0.439929 
212.000000 189 2.000000 8.483707 3.273549 0.393565 0.422393 0.333309 0.333309 
212.000000 190 2.000000 10.322827 3.403256 0.014818 0.472674 0.223641 0.223641 
212.000000 191 2.000000 10.741054 10.785417 -0.145751 1.447707 2.117098 2.117098 
212.000000 192 2.000000 9.798866 16.150587 0.636290 0.325945 0.511105 0.511105 
212.000000 193 2.000000 4.702102 3.145423 -0.033603 0.451085 0.204606 0.204606 
212.000000 194 2.000000 2.997283 17.111807 -0.847658 -0.634768 1.121453 1.121453 
212.000000 195 2.000000 6.493098 14.820900 -1.885763 -0.401481 3.717289 3.717289 
212.000000 196 2.000000 11.587504 10.417425 -0.323196 -1.277677 1.736913 1.736913 
212.000000 197 2.000000 9.117074 10.362340 -0.823257 -1.768378 3.804912 3.804912 
212.000000 198 2.000000 6.839201 3.459738 -1.159934 -0.924037 2.199290 2.199290 
212.000000 199 2.000000 11.485693 5.833848 -0.042999 -0.885384 0.785754 0.785754 
212.000000 200 2.000000 10.983398 8.558962 -0.518301 -1.196433 1.700088 1.700088 
212.000000 201 2.000000 2.498307 14.631565 0.401205 -0.319489 0.263038 0.263038 
212.000000 202 2.000000 5.979073 11.982493 -0.783616 -1.076175 1.772207 1.772207 
212.000000 203 2.000000 2.934894 6.083002 1.467446 -0.604191 2.518445 2.518445 
212.000000 204 2.000000 11.532532 19.414797 0.933808 1.066747 2.009947 2.009947 
212.000000 205 2.000000 5.996095 14.226636 1.033809 0.016382 1.069030 1.069030 
212.000000 206 2.000000 8.932842 5.704505 -0.722354 -1.343343 2.326366 2.326366 
212.000000 207 2.000000 9.995303 14.302613 -1.295223 -2.532171 8.089495 8.089495 
212.000000 208 2.000000 0.616762 12.283497 -0.434698 -0.274568 0.264350 0.264350 
212.000000 209 2.000000 8.866089 2.414762 -0.024809 0.164268 0.027600 0.027600 
212.000000 210 2.000000 8.588937 18.892306 0.946596 0.259323 0.963292 0.963292 
212.000000 211 2.000000 9.542266 3.474918 0.691469 -1.155600 1.813540 1.813540 
212.000000 212 2.000000 2.964614 19.999999 0.268291 -0.820788 0.745673 0.745673 
212.000000 213 2.000000 8.938547 15.954586 0.080781 0.115674 0.019906 0.019906 
212.000000 214 2.000000 2.548278 15.668657 -0.540445 -0.039239 0.293620 0.293620 
212.000000 215 2.000000 8.806073 8.101301 0.366157 0.552990 0.439868 0.439868 
212.000000 216 2.000000 6.923423 14.312839 0.839203 1.522642 3.022701 3.022701 
212.000000 217 2.000000 10.757915 17.877463 0.165793 0.332187 0.137836 0.137836 
212.000000 218 2.000000 10.846545 0.251385 1.112466 0.628460 1.632542 1.632542 
212.000000 219 2.000000 10.396708 6.973250 1.474710 0.611689 2.548933 2.548933 
212.000000 220 2.000000 1.466922 1.956187 -1.101663 -0.405578 1.378154 1.378154 
212.000000 221 2.000000 7.338030 19.353069 -0.385686 -0.738064 0.693492 0.693492 
212.000000 222 2.000000 4.441622 5.096612 -1.078278 0.609029 1.533600 1.533600 
212.000000 223 2.000000 5.775800 18.005872 0.357635 0.942716 1.016616 1.016616 
212.000000 224 2.000000 2.659932 19.999999 -0.789257 -0.155420 0.647082 0.647082 
212.000000 225 2.000000 2.578231 1.432138 -1.007859 0.511477 1.277388 1.277388 
212.000000 226 2.000000 9.808854 8.925981 -0.289194 -0.772925 0.681045 0.681045 
212.000000 227 2.000000 0.820091 3.288505 1.025113 -1.261245 2.641594 2.641594 
212.000000 228 2.000000 0.821761 2.362220 1.643520 0.088668 2.709021 2.709021 
212.000000 229 2.000000 7.731335 9.850082 -1.516128 0.588065 2.644463 2.644463 
212.000000 230 2.000000 5.264003 3.522334 0.446807 1.718211 3.151885 3.151885 
212.000000 231 2.000000 8.602531 7.785121 -0.264540 0.568257 0.392898 0.392898 
212.000000 232 2.000000 1.865260 13.773789 0.678276 -0.029424 0.460924 0.460924 
212.000000 233 2.000000 9.033716 15.088496 0.864470 -0.043272 0.749181 0.749181 
212.000000 234 2.000000 5.905946 6.903618 -0.657288 0.693831 0.913428 0.913428 
212.000000 235 2.000000 5.719222 5.511787 0.401349 0.140966 0.180952 0.180952 
212.000000 236 2.000000 8.270673 7.706967 -0.098298 -0.730911 0.543893 0.543893 
212.000000 237 2.000000 6.412219 17.016933 0.398274 0.724125 0.682979 0.682979 
212.000000 238 2.000000 2.972796 6.653380 0.260070 -0.830289 0.757016 0.757016 
212.000000 239 2.000000 5.636477 0.087746 -0.166400 -1.002332 1.032358 1.032358 
212.000000 240 2.000000 8.137638 3.091399 0.689630 1.627052 3.122887 3.122887 
212.000000 241 2.000000 2.549971 16.377757 1.378362 1.430372 3.945845 3.945845 
212.000000 242 2.000000 5.718829 12.004063 -0.622523 -0.442988 0.583773 0.583773 
212.000000 243 2.000000 8.289183 19.591928 -0.963270 -0.429548 1.112400 1.112400 
212.000000 244 2.000000 8.982280 4.644887 -0.860700 -0.065966 0.745155 0.745155 
212.000000 245 2.000000 1.729087 1.048126 1.152724 0.160019 1.354379 1.354379 
212.000000 246 2.000000 8.358865 2.325455 -0.190687 -0.409742 0.204251 0.204251 
212.000000 247 2.000000 7.022587 3.861398 -0.670158 0.302756 0.540772 0.540772 
212.000000 248 2.000000 10.295759 9.201133 1.422528 0.013979 2.023781 2.023781 
212.000000 249 2.000000 2.905599 19.243702 1.236424 0.628061 1.923206 1.923206 
212.000000 250 2.000000 11.815199 7.682720 -0.360000 -0.596661 0.485605 0.485605 
212.000000 251 2.000000 7.307306 3.838750 0.796655 0.113692 0.647586 0.647586 
212.000000 252 2.000000 4.528289 10.742935 -1.667826 -0.585776 3.124778 3.124778 
212.000000 253 2.000000 0.589886 18.905451 1.310856 1.027470 2.774039 2.774039 
212.000000 254 2.000000 4.731661 6.167190 -1.411779 1.401634 3.957697 3.957697 
212.000000 255 2.000000 2.073966 12.339378 -0.027265 0.084294 0.007849 0.007849 
212.000000 256 2.000000 2.529920 11.463648 -0.803851 0.486043 0.882413 0.882413 
212.000000 257 2.000000 9.282802 0.624339 -0.958647 0.643790 1.333469 1.333469 
212.000000 258 2.000000 4.112923 8.560609 1.552046 0.339076 2.523819 2.523819 
212.000000 259 2.000000 8.300018 12.982238 2.862075 -0.557815 8.502629 8.502629 
212.000000 260 2.000000 6.511657 2.444350 -0.534104 0.842879 0.995713 0.995713 
212.000000 261 2.000000 2.622846 17.859870 0.920297 -0.023172 0.847483 0.847483 
212.000000 262 2.000000 1.873951 11.221519 -0.952096 1.172597 2.281469 2.281469 
212.000000 263 2.000000 3.860428 8.840432 -0.807864 1.964540 4.512062 4.512062 
212.000000 264 2.000000 10.027963 13.998082 0.915796 1.033069 1.905912 1.905912 
212.000000 265 2.000000 7.612786 2.049770 0.495947 -0.071102 0.251019 0.251019 
212.000000 266 2.000000 2.387388 16.072991 0.149212 -0.470300 0.243447 0.243447 
212.000000 267 2.000000 7.466961 2.062610 -0.082594 0.133046 0.024523 0.024523 
212.000000 268 2.000000 3.171791 16.784845 -0.635162 -0.621244 0.789375 0.789375 
212.000000 269 2.000000 6.709533 17.838013 2.049411 0.367326 4.335015 4.335015 
212.000000 270 2.000000 4.483845 18.800275 -0.741330 -0.599862 0.909404 0.909404 
212.000000 271 2.000000 1.449600 15.554127 -1.170545 0.158051 1.395155 1.395155 
212.000000 272 2.000000 9.349526 12.183018 -1.055440 -0.930593 1.979958 1.979958 
212.000000 273 2.000000 0.000001 5.456688 1.396280 -0.117446 1.963391 1.963391 
212.000000 274 2.000000 0.583433 10.408363 -0.759306 0.785537 1.193613 1.193613 
212.000000 275 2.000000 8.076498 8.276381 -0.625356 0.693387 0.871856 0.871856 
212.000000 276 2.000000 0.801802 15.554512 -0.691501 -0.639638 0.887311 0.887311 
212.000000 277 2.000000 6.499790 4.687501 -1.365856 0.976563 2.819237 2.819237 
212.000000 278 2.000000 9.419384 2.279469 1.023846 -0.323958 1.153210 1.153210 
212.000000 279 2.000000 10.766925 19.836509 -0.443887 0.034840 0.198250 0.198250 
212.000000 280 2.000000 11.344022 5.141087 1.385990 0.630626 2.318658 2.318658 
212.000000 281 2.000000 0.797938 0.646451 -0.121673 0.395966 0.171594 0.171594 
212.000000 282 2.000000 8.889761 12.838525 -0.576499 -0.610903 0.705553 0.705553 
212.000000 283 2.000000 7.667814 15.402320 0.748908 1.078016 1.722982 1.722982 
212.000000 284 2.000000 3.013354 13.528870 0.305924 0.117006 0.107280 0.107280 
212.000000 285 2.000000 4.648974 11.938569 0.201464 -0.839539 0.745414 0.745414 
212.000000 286 2.000000 4.234849 18.662561 0.951651 -0.891626 1.700636 1.700636 
212.000000 287 2.000000 2.683994 14.983714 0.798166 0.440856 0.831422 0.831422 
212.000000 288 2.000000 7.023570 7.780185 -0.011265 -1.299980 1.690076 1.690076 
212.000000 289 2.000000 1.977162 10.813227 0.181391 -0.644686 0.448522 0.448522 
212.000000 290 2.000000 2.976090 9.220836 -0.505835 1.143104 1.562555 1.562555 
212.000000 291 2.000000 5.418946 15.329443 1.245735 1.114929 2.794922 2.794922 
212.000000 292 2.000000 2.800405 12.401142 -1.273621 0.700629 2.112992 2.112992 
212.000000 293 2.000000 6.133024 7.144504 -0.525914 -1.268470 1.885601 1.885601 
212.000000 294 2.000000 9.635962 11.164733 -0.101689 0.245166 0.070447 0.070447 
212.000000 295 2.000000 6.715626 2.902494 -0.334736 0.140860 0.131890 0.131890 
212.000000 296 2.000000 1.588715 0.827934 -0.764687 0.097980 0.594346 0.594346 
212.000000 297 2.000000 10.531109 7.597768 -1.124838 0.571261 1.591600 1.591600 
212.000000 298 2.000000 10.000121 13.312757 -2.197865 -0.488120 5.068870 5.068870 
212.000000 299 2.000000 9.421790 0.569068 -0.036250 0.366779 0.135841 0.135841 
212.000000 300 2.000000 6.106884 18.889184 -0.979470 -1.234239 2.482708 2.482708 
212.000000 301 2.000000 11.210073 5.974653 0.169800 0.341102 0.145183 0.145183 
212.000000 302 2.000000 7.445143 1.147767 -0.101667 0.478236 0.239046 0.239046 
212.000000 303 2.000000 8.265737 10.261002 0.802499 1.127583 1.915446 1.915446 
212.000000 304 2.000000 1.247827 15.253385 1.085066 1.733339 4.181834 4.181834 
212.000000 305 2.000000 2.019635 11.691069 0.132583 -0.148921 0.039756 0.039756 
212.000000 306 2.000000 11.902524 1.704395 -0.141687 -0.506007 0.276119 0.276119 
212.000000 307 2.000000 8.860719 18.589196 -0.463763 -0.966426 1.149056 1.149056 
212.000000 308 2.000000 9.739701 4.542171 -0.038613 0.112481 0.014143 0.014143 
212.000000 309 2.000000 6.384539 0.239923 -1.427865 0.111591 2.051251 2.051251 
212.000000 310 2.000000 2.246855 16.950875 -0.308610 0.770438 0.688815 0.688815 
212.000000 311 2.000000 8.338385 12.597454 -0.117534 -1.184407 1.416635 1.416635 
212.000000 312 2.000000 1.277259 14.895806 -2.827633 1.170805 9.366293 9.366293 
212.000000 313 2.000000 1.729595 17.834523 1.820625 -1.082738 4.486998 4.486998 
212.000000 314 2.000000 10.512212 4.330241 -0.791572 0.275811 0.702659 0.702659 
212.000000 315 2.000000 11.434300 3.180032 -0.964726 0.993760 1.918255 1.918255 
212.000000 316 2.000000 6.815299 10.494019 0.386217 0.215841 0.195750 0.195750 
212.000000 317 2.000000 10.926270 9.019632 -1.168811 0.355436 1.492453 1.492453 
212.000000 318 2.000000 1.407425 2.554991 -0.317512 0.058387 0.104223 0.104223 
212.000000 319 2.000000 2.892427 18.743601 2.754691 0.639713 7.997558 7.997558 
212.000000 320 2.000000 6.475952 11.814009 -0.266904 0.231189 0.124686 0.124686 
212.000000 321 2.000000 7.882539 5.131521 1.029826 -0.651964 1.485599 1.485599 
212.000000 322 2.000000 5.431746 14.163318 1.122877 1.077631 2.422142 2.422142 
212.000000 323 2.000000 6.428873 10.527905 1.785798 0.190896 3.225515 3.225515 
212.000000 324 2.000000 4.804117 5.856812 0.615292 -1.218725 1.863876 1.863876 
212.000000 325 2.000000 7.787957 15.879272 -1.131695 -0.233211 1.335121 1.335121 
212.000000 326 2.000000 4.366613 2.278084 -0.344157 0.484699 0.353377 0.353377 
212.000000 327 2.000000 7.039958 13.040161 -0.556946 1.095960 1.511317 1.511317 
212.000000 328 2.000000 8.764764 11.944709 -0.690188 -1.400687 2.438284 2.438284 
212.000000 329 2.000000 6.651115 7.373740 -1.006517 0.253906 1.077545 1.077545 
212.000000 330 2.000000 0.581781 19.710448 1.454449 -0.193034 2.152684 2.152684 
212.000000 331 2.000000 8.169415 0.734931 0.103999 -0.360568 0.140825 0.140825 
212.000000 332 2.000000 4.992061 7.729386 -0.309560 1.392682 2.035391 2.035391 
212.000000 333 2.000000 0.001752 1.539626 -0.674090 0.205283 0.496538 0.496538 
212.000000 334 2.000000 11.036395 3.363935 -1.248139 1.601873 4.123849 4.123849 
212.000000 335 2.000000 3.264148 4.504738 -1.286899 0.529969 1.936977 1.936977 
212.000000 336 2.000000 3.857392 7.747954 -1.795958 0.401094 3.386342 3.386342 
212.000000 337 2.000000 6.267824 11.999776 0.355117 1.643805 2.828202 2.828202 
212.000000 338 2.000000 7.109336 18.891709 0.319352 -0.373534 0.241514 0.241514 
212.000000 339 2.000000 5.042368 6.882918 -0.532081 -1.024158 1.332010 1.332010 
212.000000 340 2.000000 2.342648 16.804676 -1.526582 1.412158 4.324640 4.324640 
212.000000 341 2.000000 8.619842 16.090442 1.119460 -2.004901 5.272819 5.272819 
212.000000 342 2.000000 2.787071 14.841031 -1.491481 -0.260554 2.292403 2.292403 
212.000000 343 2.000000 3.365434 14.788598 0.025629 1.217168 1.482156 1.482156 
212.000000 344 2.000000 1.826648 19.154187 -0.755543 0.773906 1.169776 1.169776 
212.000000 345 2.000000 9.350698 2.063892 -0.531962 -0.110578 0.295211 0.295211 
212.000000 346 2.000000 1.850851 2.476191 1.423731 1.076605 3.186087 3.186087 
212.000000 347 2.000000 10.699492 17.702813 0.434209 -1.020971 1.230920 1.230920 
212.000000 348 2.000000 8.621423 11.543228 -0.018223 -0.423043 0.179297 0.179297 
212.000000 349 2.000000 4.739500 7.141530 -0.856693 0.740055 1.281604 1.281604 
212.000000 350 2.000000 11.626318 18.117401 -0.567469 -1.193062 1.745419 1.745419 
212.000000 351 2.000000 4.005935 2.679591 -1.553490 -1.128202 3.686170 3.686170 
212.000000 352 2.000000 2.599143 8.528234 -1.177617 0.036591 1.388120 1.388120 
212.000000 353 2.000000 5.134126 15.727580 -0.471750 0.617980 0.604447 0.604447 
212.000000 354 2.000000 4.666317 3.726256 0.740685 -0.870254 1.305956 1.305956 
212.000000 355 2.000000 0.045211 17.351920 0.452104 -0.490385 0.444876 0.444876 
212.000000 356 2.000000 3.688492 10.829869 -0.981486 -0.310326 1.059618 1.059618 
212.000000 357 2.000000 4.226824 10.897434 -0.733222 -0.170007 0.566517 0.566517 
212.000000 358 2.000000 11.146007 1.185482 -0.350938 -0.492527 0.365740 0.365740 
212.000000 359 2.000000 7.697567 4.782289 -3.304486 -0.204389 10.961402 10.961402 
212.000000 360 2.000000 10.411627 14.874984 -0.293395 0.480613 0.317070 0.317070 
212.000000 361 2.000000 10.261578 16.969312 -0.672876 -0.264689 0.522822 0.522822 
212.000000 362 2.000000 9.475865 12.194077 2.283341 -0.371711 5.351814 5.351814 
212.000000 363 2.000000 4.387591 5.077222 -0.033216 -0.850301 0.724114 0.724114 
212.000000 364 2.000000 5.887699 9.462040 -0.909410 1.039785 1.908179 1.908179 
212.000000 365 2.000000 3.720225 5.257768 -0.450219 -0.535108 0.489038 0.489038 
212.000000 366 2.000000 1.864117 4.793320 0.109241 -0.886403 0.797644 0.797644 
212.000000 367 2.000000 10.566361 18.288803 0.809733 1.758539 3.748126 3.748126 
212.000000 368 2.000000 1.281996 3.339871 0.262005 0.358265 0.197001 0.197001 
212.000000 369 2.000000 7.875764 10.665827 -0.003422 -0.621800 0.386647 0.386647 
212.000000 370 2.000000 7.096196 4.811363 1.689570 -0.748681 3.415171 3.415171 
212.000000 371 2.000000 11.110637 5.264794 -2.419034 1.268625 7.461133 7.461133 
212.000000 372 2.000000 1.937876 15.638034 -1.025680 0.130372 1.069016 1.069016 
212.000000 373 2.000000 3.720298 11.650865 1.907844 0.398788 3.798902 3.798902 
212.000000 374 2.000000 3.442268 9.255014 -0.179189 -0.321997 0.135791 0.135791 
212.000000 375 2.000000 11.464915 13.324105 0.139938 -1.348665 1.838481 1.838481 
212.000000 376 2.000000 6.890400 8.108453 0.058459 -0.900875 0.814993 0.814993 
212.000000 377 2.000000 11.878409 7.421922 -1.349796 -0.492456 2.064463 2.064463 
212.000000 378 2.000000 5.027728 2.235070 0.831029 1.441980 2.769916 2.769916 
212.000000 379 2.000000 5.385182 15.400339 -0.283393 -0.766707 0.668151 0.668151 
212.000000 380 2.000000 10.138168 18.401162 -1.427101 0.396322 2.193688 2.193688 
212.000000 381 2.000000 4.832591 7.726799 0.773214 -0.333944 0.709379 0.709379 
212.000000 382 2.000000 5.567609 11.118859 -0.289039 0.571664 0.410343 0.410343 
212.000000 383 2.000000 0.235675 16.044314 -0.539912 -0.700121 0.781675 0.781675 
212.000000 384 2.000000 11.667719 1.870689 0.085069 -0.170790 0.036406 0.036406 
212.000000 385 2.000000 8.357355 19.107272 -0.205982 -1.487878 2.256209 2.256209 
212.000000 386 2.000000 2.924449 9.348037 0.001072 -1.306989 1.708222 1.708222 
212.000000 387 2.000000 11.428000 14.445875 0.117259 -1.248118 1.571547 1.571547 
212.000000 388 2.000000 10.727741 11.613020 0.327237 -0.975230 1.058158 1.058158 
212.000000 389 2.000000 5.281603 18.444578 2.071217 0.307154 4.384281 4.384281 
212.000000 390 2.000000 7.868474 18.265387 0.632006 1.363089 2.257442 2.257442 
212.000000 391 2.000000 4.158047 2.951939 -1.296084 -0.660859 2.116568 2.116568 
212.000000 392 2.000000 11.058981 3.319649 0.000942 -0.167330 0.028000 0.028000 
212.000000 393 2.000000 1.300707 14.423646 -0.963504 -1.548987 3.327700 3.327700 
212.000000 394 2.000000 8.378023 2.013651 1.132165 -0.619151 1.665146 1.665146 
212.000000 395 2.000000 2.300295 0.982086 1.484061 -1.156104 3.539013 3.539013 
212.000000 396 2.000000 9.699146 1.377780 0.323865 -1.145983 1.418165 1.418165 
212.000000 397 2.000000 7.402226 7.155674 -0.736734 -0.547732 0.842788 0.842788 
212.000000 398 2.000000 3.807090 10.375556 1.269030 1.003311 2.617069 2.617069 
212.000000 399 2.000000 4.520481 4.272401 -1.402983 -0.433704 2.156459 2.156459 
212.000000 400 2.000000 1.066683 2.235174 -1.045159 -0.502541 1.344904 1.344904 
212.000000 401 2.000000 4.516819 4.525627 1.771301 0.464167 3.352959 3.352959 
212.000000 402 2.000000 8.534443 5.756831 -0.130889 1.064774 1.150875 1.150875 
212.000000 403 2.000000 11.049896 6.366754 0.603230 0.473365 0.587960 0.587960 
212.000000 404 2.000000 8.188217 15.130185 1.882349 0.973002 4.489970 4.489970 
212.000000 405 2.000000 9.705320 7.044950 1.081852 -0.569637 1.494891 1.494891 
212.000000 406 2.000000 4.576468 4.944902 -0.904768 0.252697 0.882462 0.882462 
212.000000 407 2.000000 2.113155 3.019377 0.630792 0.050511 0.400450 0.400450 
212.000000 408 2.000000 0.806164 7.621848 -0.658312 -0.869991 1.190259 1.190259 
212.000000 409 2.000000 8.205756 15.363531 -1.305201 0.213848 1.749280 1.749280 
212.000000 410 2.000000 4.754828 7.414011 -1.394447 1.398870 3.901320 3.901320 
212.000000 411 2.000000 10.426237 2.211768 -0.543921 0.921570 1.145140 1.145140 
212.000000 412 2.000000 10.281175 18.883485 0.030765 -0.253753 0.065337 0.065337 
212.000000 413 2.000000 3.972977 13.049323 -2.517304 1.047800 7.434705 7.434705 
212.000000 414 2.000000 3.793033 9.078678 -0.684153 0.033388 0.469180 0.469180 
212.000000 415 2.000000 8.674774 15.368933 1.861619 1.028377 4.523185 4.523185 
212.000000 416 2.000000 3.072930 7.652209 -0.774188 0.683233 1.066175 1.066175 
212.000000 417 2.000000 2.509709 17.786241 0.158024 0.236754 0.081024 0.081024 
212.000000 418 2.000000 5.243489 9.640437 -0.679197 -1.102081 1.675891 1.675891 
212.000000 419 2.000000 5.406045 13.097717 1.522829 -1.683483 5.153125 5.153125 
212.000000 420 2.000000 11.159737 10.247804 -0.863539 -0.647986 1.165585 1.165585 
212.000000 421 2.000000 1.999279 3.212170 0.363505 -0.632388 0.532051 0.532051 
212.000000 422 2.000000 6.426617 6.804424 -0.698764 -0.398065 0.646727 0.646727 
212.000000 423 2.000000 2.319966 2.450655 2.017360 1.256746 5.649153 5.649153 
212.000000 424 2.000000 5.916912 14.470433 -1.864390 0.046815 3.478141 3.478141 
212.000000 425 2.000000 0.771056 1.565516 0.811637 -0.154428 0.682602 0.682602 
212.000000 426 2.000000 0.611421 1.605866 -1.755057 -1.711082 6.008028 6.008028 
212.000000 427 2.000000 0.126380 3.784155 0.505516 0.252468 0.319286 0.319286 
212.000000 428 2.000000 9.228756 14.082602 -0.871761 -2.616262 7.604794 7.604794 
212.000000 429 2.000000 1.487866 0.523159 0.031932 -0.577234 0.334218 0.334218 
212.000000 430 2.000000 10.279469 11.661264 -0.550163 2.355811 5.852524 5.852524 
212.000000 431 2.000000 7.490670 0.741248 2.582989 -1.003060 7.677963 7.677963 
212.000000 432 2.000000 4.788177 0.804893 0.957635 -0.040472 0.918703 0.918703 
212.000000 433 2.000000 6.867155 1.406574 -0.813091 -1.947373 4.453379 4.453379 
212.000000 434 2.000000 4.261567 13.681783 0.843874 1.073081 1.863627 1.863627 
212.000000 435 2.000000 11.361881 8.789324 -0.544190 -1.281220 1.937667 1.937667 
212.000000 436 2.000000 3.060292 7.973329 -0.323351 1.056070 1.219839 1.219839 
212.000000 437 2.000000 3.253089 10.881408 -0.558922 -0.047297 0.314630 0.314630 
212.000000 438 2.000000 8.736419 17.756512 1.486436 -0.934786 3.083316 3.083316 
212.000000 439 2.000000 1.108977 15.713426 0.117976 0.805817 0.663259 0.663259 
212.000000 440 2.000000 8.293318 15.248120 -0.611966 -2.436861 6.312793 6.312793 
212.000000 441 2.000000 7.108782 6.334085 -1.112493 0.108399 1.249391 1.249391 
212.000000 442 2.000000 3.118691 4.387461 -1.797631 0.872993 3.993593 3.993593 
212.000000 443 2.000000 3.594379 16.642350 -1.793475 -0.004037 3.216570 3.216570 
212.000000 444 2.000000 2.870996 11.836145 -1.172802 -1.316751 3.109298 3.109298 
212.000000 445 2.000000 10.836248 19.107882 -0.964855 -0.206627 0.973639 0.973639 
212.000000 446 2.000000 4.783996 11.785251 0.215011 0.224018 0.096414 0.096414 
212.000000 447 2.000000 11.186262 4.093263 0.486359 0.718116 0.752236 0.752236 
212.000000 448 2.000000 1.759071 4.542144 -0.312897 -0.126033 0.113789 0.113789 
212.000000 449 2.000000 5.691894 5.807162 0.080337 0.790090 0.630696 0.630696 
212.000000 450 2.000000 5.045023 9.074615 0.855088 -0.482357 0.963844 0.963844 
212.000000 451 2.000000 8.050187 16.405080 0.685122 1.242809 2.013967 2.013967 
212.000000 452 2.000000 2.923171 11.667663 0.584634 -0.943753 1.232467 1.232467 
212.000000 453 2.000000 0.165599 13.735037 1.655979 -0.220794 2.791017 2.791017 
212.000000 454 2.000000 8.318191 13.003692 0.613759 -0.003182 0.376710 0.376710 
212.000000 455 2.000000 3.732933 9.615951 -0.355648 0.131653 0.143818 0.143818 
212.000000 456 2.000000 6.777903 18.835911 -1.362640 0.372946 1.995876 1.995876 
212.000000 457 2.000000 5.597542 12.321584 1.190966 -0.074717 1.423983 1.423983 
212.000000 458 2.000000 10.752610 16.097671 0.457577 1.341892 2.010051 2.010051 
212.000000 459 2.000000 5.555211 14.215422 -1.655415 -0.572730 3.068418 3.068418 
212.000000 460 2.000000 4.368655 0.368561 -0.309760 -0.097277 0.105414 0.105414 
212.000000 461 2.000000 1.940504 19.702130 -2.018890 -0.661931 4.514070 4.514070 
212.000000 462 2.000000 7.139323 4.482488 0.512966 -1.453764 2.376565 2.376565 
212.000000 463 2.000000 4.337488 9.209160 0.932793 0.501862 1.121968 1.121968 
212.000000 464 2.000000 9.822148 12.021831 0.838212 0.179950 0.734981 0.734981 
212.000000 465 2.000000 9.957253 13.079744 -0.920998 -0.018511 0.848580 0.848580 
212.000000 466 2.000000 2.294293 14.672387 -2.225914 0.536107 5.242105 5.242105 
212.000000 467 2.000000 1.005495 6.810574 0.804395 -0.116994 0.660739 0.660739 
212.000000 468 2.000000 0.128431 10.027987 0.856198 0.726575 1.260986 1.260986 
212.000000 469 2.000000 2.038751 11.523236 -0.995707 0.172854 1.021312 1.021312 
212.000000 470 2.000000 7.317693 19.744212 -1.554822 0.052007 2.420175 2.420175 
212.000000 471 2.000000 10.543723 16.606516 1.146057 -0.605979 1.680657 1.680657 
212.000000 472 2.000000 2.041523 10.619356 -0.277663 -0.158856 0.102332 0.102332 
212.000000 473 2.000000 8.780511 1.966079 -0.081411 0.524045 0.281250 0.281250 
212.000000 474 2.000000 3.117503 8.997936 0.378681 -0.380576 0.288237 0.288237 
212.000000 475 2.000000 5.268275 2.467896 -1.141425 1.762782 4.410253 4.410253 
212.000000 476 2.000000 5.836646 2.626453 -1.599581 0.405732 2.723277 2.723277 
212.000000 477 2.000000 5.106243 3.902674 -0.275422 -0.435063 0.265137 0.265137 
212.000000 478 2.000000 0.231807 15.281475 2.318055 0.442941 5.569577 5.569577 
212.000000 479 2.000000 9.152287 0.535449 -1.151078 0.268274 1.396951 1.396951 
212.000000 480 2.000000 11.875576 2.748535 -1.406467 0.571738 2.305034 2.305034 
212.000000 481 2.000000 4.998177 14.211922 -1.547961 -0.776923 2.999794 2.999794 
212.000000 482 2.000000 10.870428 0.536951 -0.881413 0.482885 1.010067 1.010067 
212.000000 483 2.000000 9.066668 10.630654 -0.909919 -0.103342 0.838631 0.838631 
212.000000 484 2.000000 7.301384 14.918920 1.659405 -0.139399 2.773058 2.773058 
212.000000 485 2.000000 0.952933 9.150031 -0.204635 -1.409087 2.027401 2.027401 
212.000000 486 2.000000 4.895491 5.216414 -2.527543 1.896460 9.985033 9.985033 
212.000000 487 2.000000 11.450226 8.334918 0.491320 -0.367261 0.376276 0.376276 
212.000000 488 2.000000 5.136895 14.570004 -0.640399 0.728500 0.940823 0.940823 
212.000000 489 2.000000 7.300007 4.730590 -0.587520 -0.303578 0.437340 0.437340 
212.000000 490 2.000000 7.473968 12.607839 -0.203676 -0.885289 0.825220 0.825220 
212.000000 491 2.000000 3.614140 16.409610 -1.280327 -0.560998 1.953957 1.953957 
212.000000 492 2.000000 10.711073 7.367688 0.295514 -0.359092 0.216276 0.216276 
212.000000 493 2.000000 4.596138 12.864794 0.337170 -0.157758 0.138571 0.138571 
212.000000 494 2.000000 8.225465 12.807772 1.158516 1.045532 2.435297 2.435297 
212.000000 495 2.000000 0.007687 1.895281 -0.548099 0.116993 0.314100 0.314100 
212.000000 496 2.000000 7.845787 18.548004 -0.980118 0.372273 1.099218 1.099218 
212.000000 497 2.000000 10.177729 0.186211 -1.720162 -0.219243 3.007024 3.007024 
212.000000 498 2.000000 5.655447 1.506174 0.555978 -1.044366 1.399813 1.399813 
212.000000 499 2.000000 7.625962 10.562636 -0.518309 -0.866694 1.019803 1.019803 
212.000000 500 2.000000 8.742986 10.037609 -0.903139 0.489639 1.055406 1.055406 
