469.000000 1 2.000000 1.498502 5.521645 -2.755987 1.292102 9.264991 9.264991 
469.000000 2 2.000000 1.971244 15.177714 -2.105546 -1.461299 6.568719 6.568719 
469.000000 3 2.000000 2.014421 3.104647 0.671473 2.822405 8.416847 8.416847 
469.000000 4 2.000000 1.327360 12.362503 0.884906 4.415179 20.276868 20.276868 
469.000000 5 2.000000 1.830349 7.236054 3.327905 0.964807 12.005806 12.005806 
469.000000 6 2.000000 1.810290 0.706837 2.011432 -0.129281 4.062574 4.062574 
469.000000 7 2.000000 1.836262 14.000505 0.420167 1.596192 2.724368 2.724368 
469.000000 8 2.000000 0.197352 16.143521 0.538100 7.683688 59.328610 59.328610 
469.000000 9 2.000000 0.346001 5.244258 1.153332 -1.954403 5.149866 5.149866 
469.000000 10 2.000000 0.400993 13.575845 -0.864515 -0.441605 0.942400 0.942400 
469.000000 11 2.000000 1.500847 12.958639 3.001692 1.680935 11.835695 11.835695 
469.000000 12 2.000000 1.151582 8.084576 0.329023 -0.990139 1.088632 1.088632 
469.000000 13 2.000000 1.294419 4.105793 2.353487 -1.026075 6.591730 6.591730 
469.000000 14 2.000000 1.761381 8.979696 -1.228339 4.751052 24.081315 24.081315 
469.000000 15 2.000000 1.128932 4.478790 0.216949 0.542835 0.341737 0.341737 
469.000000 16 2.000000 1.901887 6.008100 5.433960 -1.622650 32.160918 32.160918 
469.000000 17 2.000000 1.413412 6.729446 -1.737081 -2.949012 11.714122 11.714122 
469.000000 18 2.000000 1.970445 10.374707 2.519514 0.488777 6.586852 6.586852 
469.000000 19 2.000000 0.483151 11.762620 4.831502 -4.078942 39.981178 39.981178 
469.000000 20 2.000000 1.675934 1.721304 3.724295 6.885212 61.276513 61.276513 
469.000000 21 2.000000 0.644348 6.896487 4.295648 5.747072 51.481419 51.481419 
469.000000 22 2.000000 1.727165 3.802933 -2.292171 1.887765 8.817705 8.817705 
469.000000 23 2.000000 0.898953 8.166487 0.672744 -2.372336 6.080564 6.080564 
469.000000 24 2.000000 1.773871 6.535160 -1.385094 -1.571870 4.389259 4.389259 
469.000000 25 2.000000 1.701364 10.539336 1.031129 2.883928 9.380270 9.380270 
469.000000 26 2.000000 0.873915 0.794951 -1.776779 0.635960 3.561388 3.561388 
469.000000 27 2.000000 1.709194 16.468725 -1.377443 1.311899 3.618429 3.618429 
469.000000 28 2.000000 2.069380 14.235035 2.764912 4.474758 27.668201 27.668201 
469.000000 29 2.000000 0.981780 12.935582 -1.573311 -0.744036 3.028898 3.028898 
469.000000 30 2.000000 1.669608 7.378263 -3.427276 -2.474850 17.871107 17.871107 
469.000000 31 2.000000 1.380355 5.740669 0.026706 3.759444 14.134132 14.134132 
469.000000 32 2.000000 1.622515 6.737686 -3.741227 1.585338 16.510073 16.510073 
469.000000 33 2.000000 1.555402 3.719550 -1.594492 1.062728 3.671798 3.671798 
469.000000 34 2.000000 2.148008 13.117342 3.304626 0.891739 11.715752 11.715752 
469.000000 35 2.000000 2.177999 9.721667 -2.952991 -0.573133 9.048636 9.048636 
469.000000 36 2.000000 0.705987 1.837309 3.529929 0.890468 13.253329 13.253329 
469.000000 37 2.000000 0.052697 15.786862 1.053923 -1.988359 5.064324 5.064324 
469.000000 38 2.000000 1.364588 14.676641 0.880379 -2.541183 7.232676 7.232676 
469.000000 39 2.000000 1.924917 9.765729 -0.032852 0.082741 0.007925 0.007925 
469.000000 40 2.000000 2.008199 14.088564 2.023187 2.380243 9.758842 9.758842 
469.000000 41 2.000000 0.702447 8.890804 1.170743 -0.197896 1.409801 1.409801 
469.000000 42 2.000000 0.798739 0.962146 -3.028595 -0.837825 9.874336 9.874336 
469.000000 43 2.000000 1.680978 0.381388 0.621126 1.906934 4.022194 4.022194 
469.000000 44 2.000000 0.509355 0.942009 5.093543 0.122339 25.959148 25.959148 
469.000000 45 2.000000 0.086287 9.325299 1.725725 -0.948862 3.878467 3.878467 
469.000000 46 2.000000 0.601158 1.141978 0.226852 2.854943 8.202163 8.202163 
469.000000 47 2.000000 1.931632 0.782098 -4.965348 -0.699373 25.143799 25.143799 
469.000000 48 2.000000 1.913642 18.077888 -1.800383 -1.922111 6.935889 6.935889 
469.000000 49 2.000000 2.034285 1.163692 1.232899 -5.160632 28.152165 28.152165 
469.000000 50 2.000000 0.830495 11.494643 2.372839 0.516780 5.897426 5.897426 
469.000000 51 2.000000 1.845796 6.560491 -1.699013 -2.220190 7.815891 7.815891 
469.000000 52 2.000000 1.166144 14.641444 0.593506 -0.160998 0.378170 0.378170 
469.000000 53 2.000000 2.008630 7.642699 -3.425383 -1.154796 13.066807 13.066807 
469.000000 54 2.000000 0.246686 15.214050 -1.061521 0.400844 1.287502 1.287502 
469.000000 55 2.000000 0.154437 1.278117 1.029573 -0.763251 1.642573 1.642573 
469.000000 56 2.000000 0.614946 10.772397 0.173224 0.695035 0.513080 0.513080 
469.000000 57 2.000000 0.475967 18.042245 0.034246 0.845113 0.715388 0.715388 
469.000000 58 2.000000 0.449902 17.683253 1.124753 0.166709 1.292862 1.292862 
469.000000 59 2.000000 1.042874 18.968423 -0.684239 0.725649 0.994749 0.994749 
469.000000 60 2.000000 1.642439 19.851659 4.106096 1.464224 19.003978 19.003978 
469.000000 61 2.000000 0.085530 16.446179 -0.945278 -0.570985 1.219575 1.219575 
469.000000 62 2.000000 2.176935 16.286052 6.219811 -0.930318 39.551533 39.551533 
469.000000 63 2.000000 0.775643 4.971663 -3.543890 1.553644 14.972964 14.972964 
469.000000 64 2.000000 2.010566 17.856273 2.513206 -4.763836 29.010332 29.010332 
469.000000 65 2.000000 0.952093 19.606620 -0.607309 -0.343643 0.486914 0.486914 
469.000000 66 2.000000 1.466100 16.680009 2.094427 1.489917 6.606477 6.606477 
469.000000 67 2.000000 0.524285 4.183649 1.310710 0.200732 1.758255 1.758255 
469.000000 68 2.000000 0.664368 6.304591 1.898191 1.432861 5.656221 5.656221 
469.000000 69 2.000000 0.224549 4.716962 -1.515033 2.214542 7.199520 7.199520 
469.000000 70 2.000000 0.557366 2.573308 1.114731 -0.598715 1.601084 1.601084 
469.000000 71 2.000000 1.957576 0.621704 1.151515 1.381562 3.234699 3.234699 
469.000000 72 2.000000 0.815156 3.742554 1.358591 -3.078044 11.320127 11.320127 
469.000000 73 2.000000 2.177999 19.158557 -1.372543 0.004464 1.883894 1.883894 
469.000000 74 2.000000 1.140024 1.181994 0.323560 -0.545264 0.402004 0.402004 
469.000000 75 2.000000 0.757230 16.309556 1.164967 -2.952354 10.073546 10.073546 
469.000000 76 2.000000 0.454103 4.448048 -1.187264 0.070812 1.414610 1.414610 
469.000000 77 2.000000 0.940795 19.333114 -6.224021 1.790103 41.942901 41.942901 
469.000000 78 2.000000 0.575160 10.543097 -2.201918 -3.647536 18.152964 18.152964 
469.000000 79 2.000000 1.948713 13.887377 1.771556 1.260631 4.727602 4.727602 
469.000000 80 2.000000 1.791326 9.079319 4.478314 -1.539809 22.426306 22.426306 
469.000000 81 2.000000 1.736054 5.264387 -0.921889 1.238679 2.384206 2.384206 
469.000000 82 2.000000 0.845107 13.320609 -0.358376 -2.087688 4.486874 4.486874 
469.000000 83 2.000000 0.191218 16.145244 0.887450 -4.169517 18.172442 18.172442 
469.000000 84 2.000000 1.424954 14.702624 -2.750247 0.127371 7.580082 7.580082 
469.000000 85 2.000000 0.721774 19.641179 -0.990456 4.510084 21.321865 21.321865 
469.000000 86 2.000000 0.677622 19.528007 2.710484 -1.573305 9.822012 9.822012 
469.000000 87 2.000000 0.548584 2.647907 -1.099064 1.333305 2.985645 2.985645 
469.000000 88 2.000000 1.934218 13.435853 0.198965 2.312004 5.384949 5.384949 
469.000000 89 2.000000 0.527286 4.906736 2.636424 -0.162568 6.977161 6.977161 
469.000000 90 2.000000 0.233451 2.444221 0.161000 -1.556293 2.447969 2.447969 
469.000000 91 2.000000 1.731309 10.350454 3.147833 -1.044802 11.000463 11.000463 
469.000000 92 2.000000 0.870126 14.060924 -0.368391 -0.030727 0.136656 0.136656 
469.000000 93 2.000000 1.098804 1.786811 1.569718 2.552586 8.979711 8.979711 
469.000000 94 2.000000 0.974903 11.625261 3.249672 0.019560 10.560753 10.560753 
469.000000 95 2.000000 2.177999 11.779202 -1.221743 -0.722844 2.015159 2.015159 
469.000000 96 2.000000 1.301509 13.155191 3.710843 0.537004 14.058730 14.058730 
469.000000 97 2.000000 0.254571 11.261661 0.242448 -0.057896 0.062133 0.062133 
469.000000 98 2.000000 0.003850 11.519376 -0.122621 -1.417281 2.023721 2.023721 
469.000000 99 2.000000 0.641653 2.377781 -1.958433 -1.075055 4.991201 4.991201 
469.000000 100 2.000000 1.627492 18.868238 1.808323 2.013856 7.325649 7.325649 
469.000000 101 2.000000 1.894008 2.384279 -2.877914 -0.236104 8.338133 8.338133 
469.000000 102 2.000000 0.833826 15.186366 -2.105959 0.326348 4.541567 4.541567 
469.000000 103 2.000000 0.705551 18.893196 -0.856026 -1.229781 2.245143 2.245143 
469.000000 104 2.000000 1.423882 4.053229 0.742558 -0.497477 0.798876 0.798876 
469.000000 105 2.000000 0.801188 4.621847 3.204747 2.567692 16.863447 16.863447 
469.000000 106 2.000000 1.691440 18.452990 -3.281723 -2.578348 17.417587 17.417587 
469.000000 107 2.000000 1.286441 10.179320 3.675544 -2.188270 18.298149 18.298149 
469.000000 108 2.000000 1.223174 7.352887 2.223950 -1.112079 6.182675 6.182675 
469.000000 109 2.000000 0.210167 1.983800 2.101656 0.033765 4.418100 4.418100 
469.000000 110 2.000000 0.903476 0.917624 4.517377 -0.503506 20.660214 20.660214 
469.000000 111 2.000000 1.116761 1.316789 3.190742 -1.882004 13.722775 13.722775 
469.000000 112 2.000000 0.644345 5.223949 0.501628 2.953193 8.972980 8.972980 
469.000000 113 2.000000 1.783572 16.266394 2.971119 0.057513 8.830855 8.830855 
469.000000 114 2.000000 0.782165 18.787076 -7.017170 -2.425847 55.125406 55.125406 
469.000000 115 2.000000 1.323853 5.043565 4.412840 1.772931 22.616443 22.616443 
469.000000 116 2.000000 0.466534 19.489258 -0.479855 3.588043 13.104313 13.104313 
469.000000 117 2.000000 0.330615 19.502459 2.204090 0.956092 5.772125 5.772125 
469.000000 118 2.000000 1.210113 8.798266 6.050560 0.543447 36.904616 36.904616 
469.000000 119 2.000000 0.331996 12.474143 -0.550779 -0.148191 0.325318 0.325318 
469.000000 120 2.000000 0.611403 18.324639 6.114020 -2.259489 42.486532 42.486532 
469.000000 121 2.000000 0.693745 2.977595 -0.479818 -3.089393 9.774574 9.774574 
469.000000 122 2.000000 0.935307 1.540342 1.100359 -1.306798 2.918512 2.918512 
469.000000 123 2.000000 0.613320 18.891201 -0.562465 -0.454798 0.523208 0.523208 
469.000000 124 2.000000 1.205985 16.551784 0.634728 1.437715 2.469905 2.469905 
469.000000 125 2.000000 0.277725 10.065881 -3.838548 1.358637 16.580345 16.580345 
469.000000 126 2.000000 0.904485 7.159018 -0.996058 -0.569887 1.316902 1.316902 
469.000000 127 2.000000 2.147493 5.561915 -0.343061 -0.000114 0.117691 0.117691 
469.000000 128 2.000000 0.107590 16.465951 2.151780 -5.436997 34.191096 34.191096 
469.000000 129 2.000000 0.296809 17.534262 -0.609053 0.139331 0.390359 0.390359 
469.000000 130 2.000000 1.453559 2.619990 -7.282400 -5.698364 85.504705 85.504705 
469.000000 131 2.000000 0.449629 10.596687 2.997520 -2.757222 16.587399 16.587399 
469.000000 132 2.000000 0.902935 18.156678 -6.413320 1.933445 44.868884 44.868884 
469.000000 133 2.000000 1.039688 2.291694 -1.935185 0.587613 4.090232 4.090232 
469.000000 134 2.000000 0.774062 15.212434 3.870303 2.675815 22.139232 22.139232 
469.000000 135 2.000000 2.177999 1.426873 -3.264122 -1.592719 13.191246 13.191246 
469.000000 136 2.000000 1.192958 14.582346 -1.679736 -3.611696 15.865859 15.865859 
469.000000 137 2.000000 0.455461 12.064042 1.518200 -0.908250 3.129850 3.129850 
469.000000 138 2.000000 0.429855 3.217913 0.376934 1.132400 1.424409 1.424409 
469.000000 139 2.000000 2.039021 1.737076 2.718693 -1.633360 10.059157 10.059157 
469.000000 140 2.000000 0.200367 0.057052 0.667888 -0.645035 0.862144 0.862144 
469.000000 141 2.000000 1.064124 8.655656 1.013450 -2.232791 6.012435 6.012435 
469.000000 142 2.000000 0.700047 17.878337 0.125032 1.601472 2.580347 2.580347 
469.000000 143 2.000000 0.392664 6.531075 0.178483 -2.806026 7.905637 7.905637 
469.000000 144 2.000000 1.513158 14.206444 -1.937547 3.875592 18.774302 18.774302 
469.000000 145 2.000000 0.525227 2.953779 -0.430137 0.729709 0.717493 0.717493 
469.000000 146 2.000000 0.508040 5.543539 -0.278797 2.896131 8.465305 8.465305 
469.000000 147 2.000000 1.286574 17.222531 -0.605089 -1.841332 3.756635 3.756635 
469.000000 148 2.000000 0.410921 12.126390 -0.330520 -1.944101 3.888772 3.888772 
469.000000 149 2.000000 0.760338 10.942169 0.040497 -1.412687 1.997325 1.997325 
469.000000 150 2.000000 1.141323 10.759831 -2.645901 -1.069269 8.144128 8.144128 
469.000000 151 2.000000 0.756447 0.451896 2.161275 -0.229348 4.723712 4.723712 
469.000000 152 2.000000 1.071596 9.872685 -4.463613 -0.807697 20.576220 20.576220 
469.000000 153 2.000000 1.513303 18.899118 3.362893 -4.403525 30.700085 30.700085 
469.000000 154 2.000000 0.351772 9.425719 -1.498982 -1.368617 4.120058 4.120058 
469.000000 155 2.000000 0.067954 7.534663 1.359058 -0.958872 2.766474 2.766474 
469.000000 156 2.000000 0.117512 13.138612 -2.000368 4.692361 26.019725 26.019725 
469.000000 157 2.000000 0.378889 17.498746 1.515554 1.968025 6.170026 6.170026 
469.000000 158 2.000000 0.076882 17.769653 -5.290793 -1.715651 30.935954 30.935954 
469.000000 159 2.000000 0.535732 14.702855 -1.254494 0.817735 2.242446 2.242446 
469.000000 160 2.000000 2.039226 9.534866 -1.425731 -2.491698 8.241270 8.241270 
469.000000 161 2.000000 1.149470 1.373110 -5.180643 1.445378 28.928177 28.928177 
469.000000 162 2.000000 1.083110 4.022086 -0.585444 4.468983 20.314553 20.314553 
469.000000 163 2.000000 1.907770 13.940345 -0.713572 0.634321 0.911549 0.911549 
469.000000 164 2.000000 0.349932 6.954285 0.777624 1.770863 3.740654 3.740654 
469.000000 165 2.000000 2.046943 5.006625 -2.659128 -0.859219 7.809219 7.809219 
469.000000 166 2.000000 1.936128 16.855710 -0.844236 -2.994561 9.680128 9.680128 
469.000000 167 2.000000 0.553652 6.696589 3.691008 1.898784 17.228918 17.228918 
469.000000 168 2.000000 2.060034 13.477179 -2.397296 2.005819 9.770336 9.770336 
469.000000 169 2.000000 1.163387 17.458221 -1.598942 -0.715994 3.069261 3.069261 
469.000000 170 2.000000 0.110863 2.216884 -4.631636 1.365834 23.317560 23.317560 
469.000000 171 2.000000 1.489447 15.526561 3.309881 2.432764 16.873652 16.873652 
469.000000 172 2.000000 1.440854 14.176058 -4.952302 -1.266980 26.130529 26.130529 
469.000000 173 2.000000 0.000001 7.065665 4.763702 -1.700186 25.583485 25.583485 
469.000000 174 2.000000 2.049591 5.066065 0.749279 -2.846626 8.664699 8.664699 
469.000000 175 2.000000 0.588261 6.665536 -0.128329 4.936018 24.380742 24.380742 
469.000000 176 2.000000 0.292497 2.783372 0.030627 4.282110 18.337400 18.337400 
469.000000 177 2.000000 0.000001 12.252698 3.265587 3.310794 21.625415 21.625415 
469.000000 178 2.000000 0.964500 16.506867 1.285999 0.315067 1.753061 1.753061 
469.000000 179 2.000000 0.341788 19.955389 -3.710422 0.124172 13.782647 13.782647 
469.000000 180 2.000000 0.677440 16.016278 1.529525 -1.643834 5.041636 5.041636 
469.000000 181 2.000000 1.436700 1.798920 0.532782 3.597838 13.228294 13.228294 
469.000000 182 2.000000 1.149520 5.295814 0.276417 1.361963 1.931349 1.931349 
469.000000 183 2.000000 0.100484 14.393042 0.502415 1.650339 2.976040 2.976040 
469.000000 184 2.000000 0.417741 19.023418 -0.536467 -2.790232 8.073190 8.073190 
469.000000 185 2.000000 1.098925 16.089486 0.689263 -0.596589 0.831001 0.831001 
469.000000 186 2.000000 1.795280 13.080059 -0.402494 -4.924593 24.413613 24.413613 
469.000000 187 2.000000 0.631584 19.700083 2.526330 1.240993 7.922407 7.922407 
469.000000 188 2.000000 1.016287 11.268492 -1.697588 1.908726 6.525040 6.525040 
469.000000 189 2.000000 1.181680 6.158728 -1.004456 -0.632529 1.409025 1.409025 
469.000000 190 2.000000 1.730298 11.711895 0.298659 -1.913117 3.749214 3.749214 
469.000000 191 2.000000 1.892168 18.634592 -2.896309 -0.780233 8.997367 8.997367 
469.000000 192 2.000000 0.299589 4.769933 0.332876 -0.521945 0.383232 0.383232 
469.000000 193 2.000000 1.014561 18.748729 -2.364876 -1.088061 6.776515 6.776515 
469.000000 194 2.000000 1.949653 14.608118 -2.321459 1.987499 9.339323 9.339323 
469.000000 195 2.000000 1.922719 18.271097 -5.143592 0.517899 26.724755 26.724755 
469.000000 196 2.000000 1.358686 7.772350 0.946422 5.728932 33.716377 33.716377 
469.000000 197 2.000000 1.999986 10.455360 0.999992 -3.742996 15.010000 15.010000 
469.000000 198 2.000000 1.264248 10.917172 -0.493605 2.083538 4.584776 4.584776 
469.000000 199 2.000000 1.772250 16.674537 1.181500 -0.949252 2.297021 2.297021 
469.000000 200 2.000000 0.632291 12.851044 4.215268 -0.301213 17.859210 17.859210 
469.000000 201 2.000000 0.000001 16.382576 2.763666 1.177531 9.024428 9.024428 
469.000000 202 2.000000 0.734692 13.292881 4.897940 2.583512 30.664346 30.664346 
469.000000 203 2.000000 0.276093 19.177650 -6.377687 -0.353025 40.799512 40.799512 
469.000000 204 2.000000 1.784591 13.243907 0.767087 -1.406117 2.565589 2.565589 
469.000000 205 2.000000 1.033753 11.528629 1.590387 -1.303288 4.227890 4.227890 
469.000000 206 2.000000 1.158239 18.892746 2.014919 2.135550 8.620471 8.620471 
469.000000 207 2.000000 0.755095 15.409171 -0.807137 -2.869268 8.884168 8.884168 
469.000000 208 2.000000 0.314957 3.864063 0.699903 -1.077083 1.649973 1.649973 
469.000000 209 2.000000 1.471748 5.762334 -1.803628 -0.249251 3.315201 3.315201 
469.000000 210 2.000000 1.098183 2.409464 -2.001303 -2.748521 11.559581 11.559581 
469.000000 211 2.000000 1.646413 9.127134 -2.695932 1.323670 9.020154 9.020154 
469.000000 212 2.000000 1.678035 13.989243 2.581591 1.082728 7.836912 7.836912 
469.000000 213 2.000000 0.149593 4.748817 2.991838 1.609768 11.542448 11.542448 
469.000000 214 2.000000 1.154425 14.269305 -4.132294 -1.528185 19.411207 19.411207 
469.000000 215 2.000000 1.516571 12.986248 0.492701 3.308140 11.186546 11.186546 
469.000000 216 2.000000 0.167371 4.736613 -3.131274 1.315725 11.536011 11.536011 
469.000000 217 2.000000 0.842590 5.300670 -0.958971 -0.509514 1.179231 1.179231 
469.000000 218 2.000000 0.585905 5.437085 3.906023 -1.373576 17.143728 17.143728 
469.000000 219 2.000000 1.724564 17.594960 -2.305175 1.122621 6.574109 6.574109 
469.000000 220 2.000000 0.280505 5.044491 0.801441 -4.467377 20.599764 20.599764 
469.000000 221 2.000000 1.217340 19.301215 -0.518329 0.544315 0.564944 0.564944 
469.000000 222 2.000000 1.313132 2.218254 3.282829 -0.377182 10.919230 10.919230 
469.000000 223 2.000000 0.857367 3.614066 -0.373718 2.125920 4.659203 4.659203 
469.000000 224 2.000000 0.283229 16.253209 2.832277 3.421684 19.729713 19.729713 
469.000000 225 2.000000 0.705874 7.779512 0.017771 -0.267094 0.071655 0.071655 
469.000000 226 2.000000 1.685417 6.685054 4.815476 -4.931461 47.508113 47.508113 
469.000000 227 2.000000 1.997445 15.834508 -0.489385 3.480111 12.350674 12.350674 
469.000000 228 2.000000 0.064888 10.743914 -1.447027 -0.457472 2.303169 2.303169 
469.000000 229 2.000000 1.159009 19.999999 -3.434634 -3.184143 21.935476 21.935476 
469.000000 230 2.000000 0.151596 6.257523 3.031890 0.007119 9.192409 9.192409 
469.000000 231 2.000000 1.278114 18.582738 0.653732 -0.837525 1.128815 1.128815 
469.000000 232 2.000000 1.580116 6.567446 -0.244167 -0.670814 0.509609 0.509609 
469.000000 233 2.000000 1.716692 5.238510 -3.113381 0.560321 10.007100 10.007100 
469.000000 234 2.000000 0.820863 14.125924 -1.218118 0.511275 1.745213 1.745213 
469.000000 235 2.000000 2.177999 17.082625 -1.479754 -2.330257 7.619767 7.619767 
469.000000 236 2.000000 0.809107 16.324284 -1.648461 -2.625511 9.610732 9.610732 
469.000000 237 2.000000 1.239839 0.655578 2.281042 -2.513005 11.518347 11.518347 
469.000000 238 2.000000 0.488697 16.584280 0.432200 -0.906072 1.007764 1.007764 
469.000000 239 2.000000 0.398128 10.212724 1.990635 -1.448990 6.062201 6.062201 
469.000000 240 2.000000 0.484159 12.262799 0.569597 0.249978 0.386930 0.386930 
469.000000 241 2.000000 0.453374 12.999429 -4.349564 -1.202130 20.363820 20.363820 
469.000000 242 2.000000 0.175244 5.704126 1.752434 0.066277 3.075418 3.075418 
469.000000 243 2.000000 2.048355 3.501896 1.483244 0.644301 2.615135 2.615135 
469.000000 244 2.000000 2.177999 2.775046 -3.601240 1.753933 16.045212 16.045212 
469.000000 245 2.000000 0.000001 16.260294 1.907674 -2.770152 11.312960 11.312960 
469.000000 246 2.000000 0.262956 15.844984 -0.520578 -1.616520 2.884140 2.884140 
469.000000 247 2.000000 1.855430 19.495036 -3.263690 -2.019853 14.731478 14.731478 
469.000000 248 2.000000 0.627954 16.410361 0.884161 2.322209 6.174394 6.174394 
469.000000 249 2.000000 1.894755 12.633612 -0.953739 5.042969 26.341150 26.341150 
469.000000 250 2.000000 0.727839 14.682663 -5.838641 1.780332 37.259310 37.259310 
469.000000 251 2.000000 0.530932 16.778655 0.965330 -1.695444 3.806392 3.806392 
469.000000 252 2.000000 1.386183 19.335751 0.918665 1.060572 1.968759 1.968759 
469.000000 253 2.000000 1.636829 17.670693 -5.449699 -2.025484 33.801802 33.801802 
469.000000 254 2.000000 1.424829 4.219597 -0.358498 3.013997 9.212699 9.212699 
469.000000 255 2.000000 2.019044 0.076091 1.442174 -2.750135 9.643109 9.643109 
469.000000 256 2.000000 0.783415 4.115719 2.176977 -1.803494 7.991819 7.991819 
469.000000 257 2.000000 1.837272 18.486355 0.386249 -5.045480 25.606058 25.606058 
469.000000 258 2.000000 1.110332 10.566954 2.220662 -1.025331 5.982643 5.982643 
469.000000 259 2.000000 1.291217 6.575371 -0.592239 -1.786173 3.541161 3.541161 
469.000000 260 2.000000 1.616380 3.940211 -1.642625 4.925262 26.956422 26.956422 
469.000000 261 2.000000 1.182729 0.490276 -2.249711 -1.126006 6.329090 6.329090 
469.000000 262 2.000000 1.457491 10.623101 -1.639130 2.616899 9.534904 9.534904 
469.000000 263 2.000000 0.968130 4.366912 1.177432 0.486127 1.622666 1.622666 
469.000000 264 2.000000 1.259947 16.550408 -1.568087 -0.331774 2.568972 2.568972 
469.000000 265 2.000000 0.701506 9.827208 1.753761 0.934211 3.948429 3.948429 
469.000000 266 2.000000 0.529499 6.821283 5.294985 -1.962923 31.889929 31.889929 
469.000000 267 2.000000 1.124851 1.282352 0.182902 -0.855208 0.764834 0.764834 
469.000000 268 2.000000 1.930286 17.423658 -4.992259 1.941973 28.693911 28.693911 
469.000000 269 2.000000 1.844462 16.180611 5.269890 1.708616 30.691105 30.691105 
469.000000 270 2.000000 0.457176 18.774774 -4.340058 -2.450451 24.840809 24.840809 
469.000000 271 2.000000 0.181729 10.932723 1.817276 -2.811965 11.209643 11.209643 
469.000000 272 2.000000 0.847700 9.661366 1.304153 -2.455971 7.732606 7.732606 
469.000000 273 2.000000 0.703784 8.764436 -1.105862 5.966217 36.818675 36.818675 
469.000000 274 2.000000 1.623600 17.576896 -2.809994 0.412732 8.066412 8.066412 
469.000000 275 2.000000 0.512695 17.437262 -0.274822 -1.975539 3.978282 3.978282 
469.000000 276 2.000000 1.147607 7.818086 -0.594969 2.743188 7.879067 7.879067 
469.000000 277 2.000000 1.999719 9.911493 -1.820805 0.452314 3.519918 3.519918 
469.000000 278 2.000000 1.585694 4.649221 -0.202848 1.579462 2.535849 2.535849 
469.000000 279 2.000000 0.517757 11.721610 -1.514338 -0.911875 3.124736 3.124736 
469.000000 280 2.000000 0.388405 3.778458 1.942019 -3.363264 15.082979 15.082979 
469.000000 281 2.000000 1.489280 8.747369 2.291199 1.358065 7.093933 7.093933 
469.000000 282 2.000000 1.416918 9.770642 3.542293 -4.847851 36.049501 36.049501 
469.000000 283 2.000000 0.309246 8.231709 -4.190784 -0.173549 17.592787 17.592787 
469.000000 284 2.000000 1.480745 4.861250 -0.153850 0.185902 0.058229 0.058229 
469.000000 285 2.000000 0.119801 11.168058 1.197996 -1.243935 2.982569 2.982569 
469.000000 286 2.000000 0.217786 16.231705 -0.549042 -2.052643 4.514793 4.514793 
469.000000 287 2.000000 0.480413 1.932573 3.202747 -1.686298 13.101191 13.101191 
469.000000 288 2.000000 1.074667 3.167736 3.582221 -0.443196 13.028732 13.028732 
469.000000 289 2.000000 0.345972 17.124249 2.306476 -2.396458 11.062842 11.062842 
469.000000 290 2.000000 0.491351 3.370887 0.818917 -2.620777 7.539096 7.539096 
469.000000 291 2.000000 1.462525 0.879646 -3.615368 0.651589 13.495454 13.495454 
469.000000 292 2.000000 0.808129 11.048324 -0.115256 2.438212 5.958162 5.958162 
469.000000 293 2.000000 0.885160 15.426128 2.529025 -0.207313 6.438945 6.438945 
469.000000 294 2.000000 1.059666 8.738224 4.238659 4.945111 42.420356 42.420356 
469.000000 295 2.000000 0.437563 14.624630 -2.938727 -3.359606 19.923067 19.923067 
469.000000 296 2.000000 0.665613 18.148073 -2.054515 -0.451689 4.425055 4.425055 
469.000000 297 2.000000 2.082657 6.858643 -1.944836 1.175595 5.164410 5.164410 
469.000000 298 2.000000 1.243429 17.028393 4.144761 0.477044 17.406613 17.406613 
469.000000 299 2.000000 0.581382 9.773540 -1.178440 3.054231 10.717048 10.717048 
469.000000 300 2.000000 0.179916 14.420947 -0.906732 1.374914 2.712552 2.712552 
469.000000 301 2.000000 0.118012 10.182891 -0.099500 0.654024 0.437648 0.437648 
469.000000 302 2.000000 1.391949 1.933178 -0.752591 -0.269370 0.638953 0.638953 
469.000000 303 2.000000 0.514010 3.813064 -1.424658 1.694695 4.901639 4.901639 
469.000000 304 2.000000 1.291473 12.347408 -5.948170 -0.672485 35.832966 35.832966 
469.000000 305 2.000000 1.445329 11.533036 1.313934 0.032975 1.727511 1.727511 
469.000000 306 2.000000 0.000001 16.292645 4.433780 1.916966 23.333166 23.333166 
469.000000 307 2.000000 1.540876 4.773213 1.150667 -0.483032 1.557354 1.557354 
469.000000 308 2.000000 0.779993 8.584449 0.167740 2.814573 7.949958 7.949958 
469.000000 309 2.000000 0.069040 12.457134 1.380783 -0.750534 2.469863 2.469863 
469.000000 310 2.000000 1.243938 1.799254 2.764304 -0.882532 8.420241 8.420241 
469.000000 311 2.000000 0.130732 18.046733 -2.767689 -1.953266 11.475350 11.475350 
469.000000 312 2.000000 1.989436 1.108302 1.326290 -1.174235 3.137873 3.137873 
469.000000 313 2.000000 1.008373 1.133666 2.520929 0.137675 6.374039 6.374039 
469.000000 314 2.000000 0.684233 0.653230 -2.171951 1.866368 8.200699 8.200699 
469.000000 315 2.000000 0.720379 3.970036 -0.291484 3.780985 14.380813 14.380813 
469.000000 316 2.000000 0.109872 8.608888 0.549357 1.888210 3.867131 3.867131 
469.000000 317 2.000000 0.776527 13.953205 0.575204 3.238417 10.818204 10.818204 
469.000000 318 2.000000 0.447306 10.776838 -1.686279 3.989841 18.762363 18.762363 
469.000000 319 2.000000 0.340596 6.288103 0.756878 1.722768 3.540793 3.540793 
469.000000 320 2.000000 1.822228 14.754626 1.256708 -2.558718 8.126355 8.126355 
469.000000 321 2.000000 1.858851 15.304107 -2.165656 -0.798337 5.327409 5.327409 
469.000000 322 2.000000 1.057868 9.335341 1.627487 -4.631165 24.096403 24.096403 
469.000000 323 2.000000 0.501773 1.842860 -0.201307 0.018782 0.040877 0.040877 
469.000000 324 2.000000 0.238214 16.641578 -3.564881 -0.603500 13.072590 13.072590 
469.000000 325 2.000000 0.767383 7.894449 0.128972 1.998594 4.011013 4.011013 
469.000000 326 2.000000 1.526385 18.580228 -1.667036 -0.788762 3.401153 3.401153 
469.000000 327 2.000000 0.285903 0.585867 -0.918045 -2.872350 9.093203 9.093203 
469.000000 328 2.000000 0.079820 1.214406 -0.518971 4.048017 16.655769 16.655769 
469.000000 329 2.000000 1.264253 13.663022 -0.367259 1.759297 3.230006 3.230006 
469.000000 330 2.000000 0.746329 12.865937 -0.021458 -1.327943 1.763892 1.763892 
469.000000 331 2.000000 1.530967 10.482879 -0.013028 -1.133056 1.283986 1.283986 
469.000000 332 2.000000 0.801441 10.988846 -3.097019 1.366446 11.458700 11.458700 
469.000000 333 2.000000 1.716557 5.785257 1.806901 -2.103864 7.691136 7.691136 
469.000000 334 2.000000 0.178317 6.735338 -1.466344 -2.375861 7.794881 7.794881 
469.000000 335 2.000000 2.177999 15.141706 -4.028151 2.804019 24.088528 24.088528 
469.000000 336 2.000000 0.220882 15.236271 2.208810 -1.058606 5.999490 5.999490 
469.000000 337 2.000000 0.102196 19.177718 -0.623536 -2.055701 4.614706 4.614706 
469.000000 338 2.000000 0.281257 3.947424 2.812564 0.447168 8.110476 8.110476 
469.000000 339 2.000000 1.650276 10.928235 1.007227 0.358395 1.142953 1.142953 
469.000000 340 2.000000 0.802005 5.035007 -6.917970 -1.648900 50.577173 50.577173 
469.000000 341 2.000000 1.653985 5.551188 4.725668 1.534032 24.685193 24.685193 
469.000000 342 2.000000 1.053947 0.237417 3.011275 -3.544925 21.634271 21.634271 
469.000000 343 2.000000 0.477769 4.800431 1.911074 4.000358 19.655067 19.655067 
469.000000 344 2.000000 1.295417 6.182964 1.295416 -2.720399 9.078672 9.078672 
469.000000 345 2.000000 0.954351 17.153871 1.387096 -3.673426 15.418094 15.418094 
469.000000 346 2.000000 1.742892 7.142228 1.089307 0.210228 1.230786 1.230786 
469.000000 347 2.000000 0.944060 4.196500 3.146863 -0.495125 10.147898 10.147898 
469.000000 348 2.000000 1.135879 2.039663 1.514504 1.073506 3.446139 3.446139 
469.000000 349 2.000000 1.086480 18.056141 -1.186968 0.698194 1.896367 1.896367 
469.000000 350 2.000000 2.028306 5.231911 -0.536975 0.967484 1.224367 1.224367 
469.000000 351 2.000000 1.626866 19.962452 1.355721 2.705044 9.155241 9.155241 
469.000000 352 2.000000 1.986448 7.401819 2.090996 3.289697 15.194371 15.194371 
469.000000 353 2.000000 1.056404 15.876626 2.112806 3.999705 20.461589 20.461589 
469.000000 354 2.000000 2.137896 3.814511 5.344737 1.695338 31.440386 31.440386 
469.000000 355 2.000000 1.357930 5.142803 0.216875 1.527062 2.378952 2.378952 
469.000000 356 2.000000 0.164457 18.917092 -1.188596 0.708900 1.915299 1.915299 
469.000000 357 2.000000 0.519980 17.017104 -1.457213 -1.298703 3.810099 3.810099 
469.000000 358 2.000000 0.222259 7.749894 -3.046830 -2.985314 18.195277 18.195277 
469.000000 359 2.000000 0.609919 2.833057 2.033059 -0.113001 4.146097 4.146097 
469.000000 360 2.000000 0.704296 8.812323 0.061029 0.311655 0.100854 0.100854 
469.000000 361 2.000000 0.284270 13.344928 -0.252636 2.932951 8.666027 8.666027 
469.000000 362 2.000000 1.154852 1.293902 0.083458 3.696861 13.673745 13.673745 
469.000000 363 2.000000 2.108551 12.570474 3.833728 2.649874 21.719300 21.719300 
469.000000 364 2.000000 0.560194 0.507520 -0.402259 2.030074 4.283014 4.283014 
469.000000 365 2.000000 0.367539 5.846863 3.675382 2.598605 20.261180 20.261180 
469.000000 366 2.000000 0.719076 8.393451 -0.509754 -1.250081 1.822553 1.822553 
469.000000 367 2.000000 0.225289 1.777996 -1.813191 4.444987 23.045567 23.045567 
469.000000 368 2.000000 2.048142 1.614594 -0.081286 1.403994 1.977806 1.977806 
469.000000 369 2.000000 0.780606 0.000001 -3.078740 5.294737 37.512881 37.512881 
469.000000 370 2.000000 1.666620 5.048660 -0.386977 0.020221 0.150160 0.150160 
469.000000 371 2.000000 0.506394 16.269068 0.035262 -0.847939 0.720244 0.720244 
469.000000 372 2.000000 2.030507 8.864490 1.573080 -2.257933 7.572840 7.572840 
469.000000 373 2.000000 0.362034 16.399631 2.413555 -2.057353 10.057949 10.057949 
469.000000 374 2.000000 0.945559 17.089889 -1.056466 -5.502255 31.390925 31.390925 
469.000000 375 2.000000 1.079679 16.695648 1.136503 -0.442282 1.487252 1.487252 
469.000000 376 2.000000 0.637157 5.499192 -2.426380 -0.841244 6.595011 6.595011 
469.000000 377 2.000000 0.728093 1.000951 1.323803 -1.930275 5.478416 5.478416 
469.000000 378 2.000000 0.579872 5.875161 1.656775 -2.207006 7.615778 7.615778 
469.000000 379 2.000000 1.506125 11.458806 -0.877842 0.804127 1.417227 1.417227 
469.000000 380 2.000000 1.759645 1.773631 0.390224 -0.179585 0.184526 0.184526 
469.000000 381 2.000000 0.961705 9.376616 0.427424 4.935061 24.537516 24.537516 
469.000000 382 2.000000 0.481910 8.784163 -0.255447 -1.780291 3.234691 3.234691 
469.000000 383 2.000000 0.753385 4.512631 1.883461 -0.513647 3.811258 3.811258 
469.000000 384 2.000000 1.905343 17.943374 -0.817018 -0.563459 0.985005 0.985005 
469.000000 385 2.000000 0.891642 9.378515 -6.469786 0.771882 42.453926 42.453926 
469.000000 386 2.000000 1.296277 15.090206 -2.557207 1.444039 8.624556 8.624556 
469.000000 387 2.000000 0.672632 5.320055 3.363153 -3.496017 23.532936 23.532936 
469.000000 388 2.000000 0.903244 12.804404 1.290347 0.643767 2.079430 2.079430 
469.000000 389 2.000000 0.481336 10.076277 -4.279658 -0.641656 18.727197 18.727197 
469.000000 390 2.000000 0.932145 12.181484 0.593405 0.355650 0.478616 0.478616 
469.000000 391 2.000000 0.901786 18.105998 -1.058971 -4.735004 23.541678 23.541678 
469.000000 392 2.000000 0.727614 19.917979 -2.109978 0.190969 4.488476 4.488476 
469.000000 393 2.000000 0.976728 3.557455 -3.041177 3.388052 20.727650 20.727650 
469.000000 394 2.000000 0.134265 10.590184 -0.689517 -1.063160 1.605743 1.605743 
469.000000 395 2.000000 0.128639 10.169630 2.781318 -2.077774 12.052876 12.052876 
469.000000 396 2.000000 1.744935 15.772945 -1.770257 -3.131151 12.937919 12.937919 
469.000000 397 2.000000 2.177999 5.747463 -3.684590 0.367350 13.711146 13.711146 
469.000000 398 2.000000 1.044656 15.173038 1.741092 -0.276964 3.108110 3.108110 
469.000000 399 2.000000 0.799539 12.318333 -1.641743 0.721297 3.215590 3.215590 
469.000000 400 2.000000 0.913087 14.879881 0.153460 0.023743 0.024114 0.024114 
469.000000 401 2.000000 1.924420 3.326973 3.848839 1.302661 16.510488 16.510488 
469.000000 402 2.000000 0.150572 17.872752 -0.387556 -0.283633 0.230648 0.230648 
469.000000 403 2.000000 1.689843 1.052000 -1.122791 1.326586 3.020492 3.020492 
469.000000 404 2.000000 0.817566 12.606432 -0.773369 -0.732898 1.135240 1.135240 
469.000000 405 2.000000 2.048790 12.085721 -1.330091 -1.758729 4.862268 4.862268 
469.000000 406 2.000000 0.527029 8.401057 5.270279 -1.347450 29.591459 29.591459 
469.000000 407 2.000000 0.150650 11.835905 3.012978 -3.535968 21.581111 21.581111 
469.000000 408 2.000000 1.370530 12.977341 0.834111 0.420053 0.872186 0.872186 
469.000000 409 2.000000 1.367267 0.895107 1.439228 0.382444 2.217640 2.217640 
469.000000 410 2.000000 0.972555 19.031111 2.778727 2.819424 15.670473 15.670473 
469.000000 411 2.000000 0.739192 7.193183 3.695955 -1.160403 15.006615 15.006615 
469.000000 412 2.000000 2.177999 19.407036 -3.717259 -2.371851 19.443691 19.443691 
469.000000 413 2.000000 2.177999 4.526713 -0.999762 -3.267691 11.677331 11.677331 
469.000000 414 2.000000 0.000001 5.576530 0.922336 0.075675 0.856431 0.856431 
469.000000 415 2.000000 0.295953 15.854799 -0.976807 2.226219 5.910205 5.910205 
469.000000 416 2.000000 1.719364 18.994969 2.292484 -2.871514 13.501079 13.501079 
469.000000 417 2.000000 0.454374 5.025981 -1.051897 -1.318107 2.843894 2.843894 
469.000000 418 2.000000 0.373053 4.347136 -1.327247 0.468285 1.980876 1.980876 
469.000000 419 2.000000 1.222951 9.249984 -0.331861 1.231746 1.627329 1.627329 
469.000000 420 2.000000 1.249821 13.686799 0.110829 4.977017 24.782984 24.782984 
469.000000 421 2.000000 0.196060 3.286482 -1.925561 -0.591484 4.057638 4.057638 
469.000000 422 2.000000 1.999225 8.549875 1.999224 -1.362562 5.853472 5.853472 
469.000000 423 2.000000 0.161044 13.087001 -3.141008 -1.386076 11.787138 11.787138 
469.000000 424 2.000000 1.591792 3.146805 1.872695 3.146804 13.409360 13.409360 
469.000000 425 2.000000 0.030766 15.688689 -2.722041 1.576409 9.894573 9.894573 
469.000000 426 2.000000 0.116208 19.954090 2.324139 0.489352 5.641086 5.641086 
469.000000 427 2.000000 1.675165 16.075872 2.393091 -2.706295 13.050915 13.050915 
469.000000 428 2.000000 0.413167 5.673504 -1.149582 -0.262758 1.390580 1.390580 
469.000000 429 2.000000 0.781758 14.125111 -0.574091 -0.246322 0.390256 0.390256 
469.000000 430 2.000000 1.197266 17.997259 -2.217407 -2.907703 13.371629 13.371629 
469.000000 431 2.000000 0.579625 2.851896 1.656069 -2.187028 7.525653 7.525653 
469.000000 432 2.000000 1.003592 8.721268 2.230203 -1.611247 7.569924 7.569924 
469.000000 433 2.000000 0.565876 5.310212 3.772499 -2.916537 22.737936 22.737936 
469.000000 434 2.000000 1.440515 1.741421 -0.146569 -0.349852 0.143879 0.143879 
469.000000 435 2.000000 0.209709 3.661868 1.398053 0.016494 1.954824 1.954824 
469.000000 436 2.000000 0.789562 17.705914 -1.300058 -1.144284 2.999536 2.999536 
469.000000 437 2.000000 0.000001 12.221335 3.510249 -0.512110 12.584101 12.584101 
469.000000 438 2.000000 2.177999 19.454293 -5.664481 5.809301 65.834321 65.834321 
469.000000 439 2.000000 0.828186 18.293482 2.760617 -0.574312 7.950842 7.950842 
469.000000 440 2.000000 1.288469 12.997894 0.581712 3.317770 11.345984 11.345984 
469.000000 441 2.000000 0.649202 0.804468 1.150621 2.681558 8.514683 8.514683 
469.000000 442 2.000000 0.777260 2.877194 -2.039056 -2.807017 12.037094 12.037094 
469.000000 443 2.000000 0.978274 0.720263 -2.704056 0.568793 7.635447 7.635447 
469.000000 444 2.000000 0.240406 7.253995 4.808093 -0.300063 23.207793 23.207793 
469.000000 445 2.000000 0.934448 1.778488 -2.110586 -2.826827 12.445522 12.445522 
469.000000 446 2.000000 0.658315 7.898641 1.645785 -1.129522 3.984428 3.984428 
469.000000 447 2.000000 1.465316 15.641384 1.010562 0.326209 1.127648 1.127648 
469.000000 448 2.000000 0.000001 19.826438 2.649362 0.477925 7.247531 7.247531 
469.000000 449 2.000000 2.177999 0.168405 -3.767162 1.684040 17.027501 17.027501 
469.000000 450 2.000000 1.744462 4.812537 -2.928248 2.830904 16.588655 16.588655 
469.000000 451 2.000000 1.686530 5.433202 -0.314658 -0.978763 1.056987 1.056987 
469.000000 452 2.000000 1.734730 10.945482 1.990933 0.433189 4.151467 4.151467 
469.000000 453 2.000000 1.670611 2.063006 6.682439 2.750674 52.221201 52.221201 
469.000000 454 2.000000 0.204948 9.630976 -1.438915 -1.210058 3.534718 3.534718 
469.000000 455 2.000000 2.054421 12.209857 -1.273780 -4.351024 20.553927 20.553927 
469.000000 456 2.000000 0.808718 1.706427 1.010896 -0.650728 1.445357 1.445357 
469.000000 457 2.000000 1.256561 5.743632 -2.085640 -0.652046 4.775058 4.775058 
469.000000 458 2.000000 1.292322 2.757696 4.307738 1.522280 20.873943 20.873943 
469.000000 459 2.000000 0.515225 19.532902 0.368017 -4.670968 21.953381 21.953381 
469.000000 460 2.000000 0.785290 18.390353 -1.430709 -0.813385 2.708525 2.708525 
469.000000 461 2.000000 1.267876 6.226733 -3.678492 -0.623295 13.919798 13.919798 
469.000000 462 2.000000 2.074698 1.037859 -2.104016 2.075716 8.735480 8.735480 
469.000000 463 2.000000 0.150782 13.331394 3.015620 0.239254 9.151204 9.151204 
469.000000 464 2.000000 1.611197 18.558950 3.580435 1.258459 14.403235 14.403235 
469.000000 465 2.000000 1.494981 11.410093 1.107392 0.291925 1.311538 1.311538 
469.000000 466 2.000000 0.000001 16.192320 2.522103 0.700299 6.851424 6.851424 
469.000000 467 2.000000 0.000001 11.617845 0.556477 0.340222 0.425418 0.425418 
469.000000 468 2.000000 1.283310 10.033172 -2.594255 2.068695 11.009657 11.009657 
469.000000 469 2.000000 1.888432 19.370973 4.721079 -0.229408 22.341212 22.341212 
469.000000 470 2.000000 0.231551 8.363467 4.631003 -2.508644 27.739483 27.739483 
469.000000 471 2.000000 1.199088 5.993334 -2.485276 0.799722 6.816153 6.816153 
469.000000 472 2.000000 1.915723 9.253971 1.002675 -5.415689 30.335049 30.335049 
469.000000 473 2.000000 1.081458 11.048394 5.407283 -0.069930 29.243604 29.243604 
469.000000 474 2.000000 1.288662 16.499379 -1.149671 1.395573 3.269368 3.269368 
469.000000 475 2.000000 1.696744 7.060501 -0.106452 -2.928567 8.587837 8.587837 
469.000000 476 2.000000 0.114953 17.485895 2.299049 -1.010176 6.306081 6.306081 
469.000000 477 2.000000 0.231387 8.784117 -1.119451 0.837662 1.954848 1.954848 
469.000000 478 2.000000 1.075165 0.298754 1.791941 1.991687 7.177868 7.177868 
469.000000 479 2.000000 1.551910 0.000001 2.191022 4.527597 25.299706 25.299706 
469.000000 480 2.000000 0.076570 3.006904 -0.580381 -2.565620 6.919248 6.919248 
469.000000 481 2.000000 0.000001 5.720921 7.319605 0.708985 54.079280 54.079280 
469.000000 482 2.000000 0.763564 9.677719 -2.395391 -0.873420 6.500760 6.500760 
469.000000 483 2.000000 1.905275 14.412747 -2.765239 3.034262 16.853295 16.853295 
469.000000 484 2.000000 0.705607 9.529540 0.882008 -0.500369 1.028306 1.028306 
469.000000 485 2.000000 0.433322 10.964083 2.888806 -1.571464 10.814697 10.814697 
469.000000 486 2.000000 0.279572 5.310506 -0.900922 -1.948444 4.608094 4.608094 
469.000000 487 2.000000 2.100203 14.803309 4.667116 0.492136 22.024172 22.024172 
469.000000 488 2.000000 0.904674 10.423756 -1.996962 0.337796 4.101962 4.101962 
469.000000 489 2.000000 1.262290 8.588221 0.388397 -2.564444 6.727227 6.727227 
469.000000 490 2.000000 0.381690 9.052757 3.816892 3.695003 28.221707 28.221707 
469.000000 491 2.000000 0.000001 14.660414 1.875599 3.666443 16.960680 16.960680 
469.000000 492 2.000000 0.945470 19.661063 2.701341 -0.677871 7.756751 7.756751 
469.000000 493 2.000000 1.543434 14.478656 -1.671643 -2.087927 7.153832 7.153832 
469.000000 494 2.000000 0.592952 14.314181 1.078093 -1.588181 3.684604 3.684604 
469.000000 495 2.000000 1.272045 0.491071 -0.793566 1.615069 3.238196 3.238196 
469.000000 496 2.000000 1.703271 5.484973 -0.043306 -1.173087 1.378010 1.378010 
469.000000 497 2.000000 0.260665 19.836881 -1.781031 -0.652473 3.597793 3.597793 
469.000000 498 2.000000 1.922603 2.471592 -5.145910 -1.885264 30.034613 30.034613 
469.000000 499 2.000000 1.234871 2.394423 -1.385326 3.683726 15.488965 15.488965 
469.000000 500 2.000000 1.754229 2.528209 1.670693 -1.899509 6.399351 6.399351 
