528.000000 1 2.000000 0.110446 14.737748 2.208905 4.724761 27.202629 27.202629 
528.000000 2 2.000000 0.730250 0.769304 1.396928 1.160373 3.297872 3.297872 
528.000000 3 2.000000 0.090955 19.534372 -4.545221 5.074245 46.406997 46.406997 
528.000000 4 2.000000 0.607319 8.719650 0.714492 -7.779551 61.031908 61.031908 
528.000000 5 2.000000 0.558484 11.464518 0.334500 0.166161 0.139500 0.139500 
528.000000 6 2.000000 0.000001 12.586753 6.442337 -3.616218 54.580734 54.580734 
528.000000 7 2.000000 0.128635 12.821992 2.572672 2.641682 13.597125 13.597125 
528.000000 8 2.000000 0.348916 1.762220 0.872288 2.182622 5.524724 5.524724 
528.000000 9 2.000000 0.711462 6.024087 -2.885366 2.792648 16.124219 16.124219 
528.000000 10 2.000000 0.999999 17.513847 -2.292046 7.148509 56.354652 56.354652 
528.000000 11 2.000000 0.907528 5.461084 -1.849413 -4.901455 27.444591 27.444591 
528.000000 12 2.000000 0.644437 10.828626 -0.797430 0.026575 0.636601 0.636601 
528.000000 13 2.000000 0.189247 6.367430 -0.170929 1.330962 1.800677 1.800677 
528.000000 14 2.000000 0.685008 12.330840 -3.412654 -1.613785 14.250510 14.250510 
528.000000 15 2.000000 0.693982 4.390135 0.816449 -5.781431 34.091532 34.091532 
528.000000 16 2.000000 0.691408 13.011698 1.382814 2.017662 5.983136 5.983136 
528.000000 17 2.000000 0.285204 0.315053 2.852031 -4.866070 31.812720 31.812720 
528.000000 18 2.000000 0.875001 7.123394 8.749998 -3.977391 92.382107 92.382107 
528.000000 19 2.000000 0.361895 10.809176 -4.254029 -1.151898 19.423631 19.423631 
528.000000 20 2.000000 0.990587 12.182849 2.668396 -4.366207 26.184101 26.184101 
528.000000 21 2.000000 0.016895 7.896140 0.337889 -1.896294 3.710099 3.710099 
528.000000 22 2.000000 0.145026 4.302529 2.900495 7.955887 71.709013 71.709013 
528.000000 23 2.000000 0.994162 11.339428 -0.116734 -1.120975 1.270213 1.270213 
528.000000 24 2.000000 0.862951 10.492650 0.072695 1.751032 3.071399 3.071399 
528.000000 25 2.000000 0.959606 2.978809 0.105032 1.834129 3.375061 3.375061 
528.000000 26 2.000000 0.953252 17.895347 -0.934942 -7.015506 50.091438 50.091438 
528.000000 27 2.000000 0.323107 17.638157 -1.230714 -1.073565 2.667197 2.667197 
528.000000 28 2.000000 0.350298 12.672626 -3.682220 -3.908477 28.834938 28.834938 
528.000000 29 2.000000 0.033745 11.090748 -2.245286 7.909900 67.607830 67.607830 
528.000000 30 2.000000 0.985247 2.802325 2.814988 1.863055 11.395128 11.395128 
528.000000 31 2.000000 0.237134 9.382741 1.185667 0.957631 2.322864 2.322864 
528.000000 32 2.000000 0.943275 13.380301 2.913647 -0.925545 9.345971 9.345971 
528.000000 33 2.000000 0.224681 10.106053 0.414078 -6.002822 36.205338 36.205338 
528.000000 34 2.000000 0.165829 7.958199 -0.090017 -1.778640 3.171663 3.171663 
528.000000 35 2.000000 0.848051 6.859909 4.240249 -0.750742 18.543324 18.543324 
528.000000 36 2.000000 0.597846 4.919989 2.989225 1.872972 12.443489 12.443489 
528.000000 37 2.000000 0.401012 14.425229 2.429762 5.645805 37.778862 37.778862 
528.000000 38 2.000000 0.043750 8.157803 -3.824997 3.078416 24.107245 24.107245 
528.000000 39 2.000000 0.227482 16.959946 4.549620 6.808052 67.048614 67.048614 
528.000000 40 2.000000 0.525982 2.438067 -1.580058 2.713878 9.861716 9.861716 
528.000000 41 2.000000 0.111238 13.132289 -0.744228 6.450087 42.157498 42.157498 
528.000000 42 2.000000 0.999999 8.322114 -0.949080 0.559116 1.213364 1.213364 
528.000000 43 2.000000 0.023731 14.263567 -2.169483 -2.299019 9.992148 9.992148 
528.000000 44 2.000000 0.056080 8.400965 1.121584 -2.665234 8.361421 8.361421 
528.000000 45 2.000000 0.482018 10.806243 3.213444 2.181543 15.085352 15.085352 
528.000000 46 2.000000 0.559690 11.732878 5.596892 4.950841 55.836026 55.836026 
528.000000 47 2.000000 0.999999 12.067103 -3.772763 -1.138242 15.529335 15.529335 
528.000000 48 2.000000 0.378749 7.369959 -4.141665 1.353273 18.984734 18.984734 
528.000000 49 2.000000 0.675203 2.425802 0.009030 2.021501 4.086548 4.086548 
528.000000 50 2.000000 0.218278 19.120382 0.396867 3.844365 14.936644 14.936644 
528.000000 51 2.000000 0.297501 2.559910 -0.389076 1.356933 1.992646 1.992646 
528.000000 52 2.000000 0.299849 14.214431 0.749621 -4.007348 16.620771 16.620771 
528.000000 53 2.000000 0.839259 16.643072 5.595055 -1.918244 34.984300 34.984300 
528.000000 54 2.000000 0.554247 8.642224 5.542463 -0.822437 31.395301 31.395301 
528.000000 55 2.000000 0.866150 11.641004 -2.494709 4.864242 29.884428 29.884428 
528.000000 56 2.000000 0.377520 13.148128 -3.373171 0.782305 11.990286 11.990286 
528.000000 57 2.000000 0.577399 6.878760 0.607787 3.734129 14.313123 14.313123 
528.000000 58 2.000000 0.386694 7.991979 7.733867 -1.718623 62.766370 62.766370 
528.000000 59 2.000000 0.672961 2.463034 -0.597648 -5.328055 28.745357 28.745357 
528.000000 60 2.000000 0.557315 18.606468 5.573137 -1.639448 33.747651 33.747651 
528.000000 61 2.000000 0.547075 3.906577 2.735369 -0.105586 7.493393 7.493393 
528.000000 62 2.000000 0.743055 19.498146 3.801429 -5.018533 39.636530 39.636530 
528.000000 63 2.000000 0.777941 19.146633 -4.441152 -2.844552 27.815310 27.815310 
528.000000 64 2.000000 0.407089 10.566978 -0.220298 6.344761 40.304529 40.304529 
528.000000 65 2.000000 0.894260 8.827764 1.788518 1.821803 6.517763 6.517763 
528.000000 66 2.000000 0.737540 3.314774 0.160196 2.525592 6.404277 6.404277 
528.000000 67 2.000000 0.303559 1.836046 0.024284 0.834566 0.697090 0.697090 
528.000000 68 2.000000 0.592644 12.284144 2.370573 5.580758 36.764474 36.764474 
528.000000 69 2.000000 0.286054 16.786173 5.721058 -7.141835 83.736312 83.736312 
528.000000 70 2.000000 0.881178 14.052915 -2.376413 1.959693 9.487736 9.487736 
528.000000 71 2.000000 0.681886 5.922977 -3.181131 -0.344069 10.237978 10.237978 
528.000000 72 2.000000 0.536418 1.234940 -4.635813 -1.072674 22.641394 22.641394 
528.000000 73 2.000000 0.151684 12.212228 -2.423756 4.830579 29.209088 29.209088 
528.000000 74 2.000000 0.597988 6.802882 -0.893359 1.301108 2.490972 2.490972 
528.000000 75 2.000000 0.596349 2.421092 -1.153286 0.457561 1.539430 1.539430 
528.000000 76 2.000000 0.000001 19.076135 5.154059 -3.079548 36.047943 36.047943 
528.000000 77 2.000000 0.609522 6.430088 -3.904774 -2.493997 21.467278 21.467278 
528.000000 78 2.000000 0.999999 15.267396 -8.002677 6.271229 103.371153 103.371153 
528.000000 79 2.000000 0.256923 6.743242 1.284609 3.588174 14.525216 14.525216 
528.000000 80 2.000000 0.672793 15.484957 2.242639 4.360704 24.045170 24.045170 
528.000000 81 2.000000 0.166018 13.006827 -3.672331 -0.504779 13.740814 13.740814 
528.000000 82 2.000000 0.386221 14.800236 -6.137784 7.047731 87.342908 87.342908 
528.000000 83 2.000000 0.586598 19.427361 -1.653605 3.265442 13.397524 13.397524 
528.000000 84 2.000000 0.100050 12.296800 -2.870996 -4.345378 27.124927 27.124927 
528.000000 85 2.000000 0.000001 3.724145 7.787847 1.429259 62.693348 62.693348 
528.000000 86 2.000000 0.875978 17.064920 5.839844 8.286442 102.768904 102.768904 
528.000000 87 2.000000 0.258444 13.699053 -0.812133 2.136414 5.223825 5.223825 
528.000000 88 2.000000 0.229488 15.821735 2.294867 3.426137 17.004828 17.004828 
528.000000 89 2.000000 0.888938 16.326649 0.839690 -2.525479 7.083122 7.083122 
528.000000 90 2.000000 0.676368 5.117066 2.254557 -3.046348 14.363263 14.363263 
528.000000 91 2.000000 0.855466 12.137946 2.444186 4.176385 23.416241 23.416241 
528.000000 92 2.000000 0.293349 12.860875 -3.533251 6.442015 53.983420 53.983420 
528.000000 93 2.000000 0.444623 13.272748 1.956015 4.939694 28.226569 28.226569 
528.000000 94 2.000000 0.999999 15.333354 -3.475088 0.644535 12.491665 12.491665 
528.000000 95 2.000000 0.864451 0.163011 0.617464 3.260196 11.010137 11.010137 
528.000000 96 2.000000 0.620291 13.092006 -3.797080 3.593818 27.333349 27.333349 
528.000000 97 2.000000 0.462916 19.299706 0.272303 0.653134 0.500733 0.500733 
528.000000 98 2.000000 0.108043 6.100198 -2.229890 -0.376144 5.113895 5.113895 
528.000000 99 2.000000 0.999999 5.413214 -1.385093 6.014681 38.094871 38.094871 
528.000000 100 2.000000 0.691380 6.315167 -3.086192 1.535299 11.881723 11.881723 
528.000000 101 2.000000 0.148409 0.482554 1.484084 -2.741566 9.718690 9.718690 
528.000000 102 2.000000 0.735953 3.166185 1.839879 9.046240 85.219608 85.219608 
528.000000 103 2.000000 0.000001 13.145038 6.124806 2.611215 44.331687 44.331687 
528.000000 104 2.000000 0.224712 15.184301 -1.722861 0.318946 3.069975 3.069975 
528.000000 105 2.000000 0.999999 7.961663 -6.453683 -5.585819 72.851403 72.851403 
528.000000 106 2.000000 0.128553 2.267116 2.571036 -0.422732 6.788930 6.788930 
528.000000 107 2.000000 0.143261 9.511226 -1.647555 -0.073767 2.719879 2.719879 
528.000000 108 2.000000 0.999999 19.127448 -7.017967 -2.901657 57.671476 57.671476 
528.000000 109 2.000000 0.099845 3.090095 -0.818322 4.414420 20.156754 20.156754 
528.000000 110 2.000000 0.000001 0.225762 4.669953 4.515216 42.195640 42.195640 
528.000000 111 2.000000 0.792560 0.757446 -0.829757 -1.322021 2.436236 2.436236 
528.000000 112 2.000000 0.794066 8.941658 7.940654 -1.770925 66.190167 66.190167 
528.000000 113 2.000000 0.456662 16.918883 2.283303 -4.740178 27.682759 27.682759 
528.000000 114 2.000000 0.680589 8.388748 -2.129401 0.283762 4.614870 4.614870 
528.000000 115 2.000000 0.765770 9.276531 2.187911 2.033277 8.921168 8.921168 
528.000000 116 2.000000 0.283787 18.671935 -1.302203 5.663339 33.769140 33.769140 
528.000000 117 2.000000 0.314420 15.168778 -1.106139 2.280893 6.426015 6.426015 
528.000000 118 2.000000 0.911686 17.438011 0.174907 -7.319965 53.612473 53.612473 
528.000000 119 2.000000 0.000001 17.628520 3.697572 -3.952465 29.294023 29.294023 
528.000000 120 2.000000 0.243002 4.470152 4.860012 1.792858 26.834054 26.834054 
528.000000 121 2.000000 0.135489 1.925293 -2.854571 3.134779 17.975418 17.975418 
528.000000 122 2.000000 0.822570 0.471963 1.370948 -1.143029 3.186014 3.186014 
528.000000 123 2.000000 0.268574 1.923327 2.685735 3.371076 18.577327 18.577327 
528.000000 124 2.000000 0.324875 8.467676 6.540093 1.641994 45.468963 45.468963 
528.000000 125 2.000000 0.999999 1.775712 -9.333389 -2.411628 92.928103 92.928103 
528.000000 126 2.000000 0.000001 2.591273 4.195748 -0.798673 18.242182 18.242182 
528.000000 127 2.000000 0.353457 2.448121 3.534557 1.003311 13.499726 13.499726 
528.000000 128 2.000000 0.424027 12.916092 2.120130 0.820887 5.168807 5.168807 
528.000000 129 2.000000 0.695016 13.950461 2.316717 -1.109432 6.598016 6.598016 
528.000000 130 2.000000 0.999999 13.204758 -2.880694 -1.790327 11.503666 11.503666 
528.000000 131 2.000000 0.101326 19.102511 2.026500 -5.983251 39.905992 39.905992 
528.000000 132 2.000000 0.136888 6.289613 1.368866 3.216720 12.221085 12.221085 
528.000000 133 2.000000 0.000001 7.522014 7.295559 -0.775063 53.825903 53.825903 
528.000000 134 2.000000 0.438823 12.878546 -3.741174 -3.354628 25.249909 25.249909 
528.000000 135 2.000000 0.474339 1.445101 -0.095760 0.481700 0.241205 0.241205 
528.000000 136 2.000000 0.065051 13.994977 -0.692554 -1.028774 1.538006 1.538006 
528.000000 137 2.000000 0.364439 9.348105 -1.815885 2.188880 8.088635 8.088635 
528.000000 138 2.000000 0.000001 16.311388 7.300185 -1.831166 56.645875 56.645875 
528.000000 139 2.000000 0.415044 15.575623 -3.899702 -2.639758 22.175995 22.175995 
528.000000 140 2.000000 0.243516 14.135363 4.870300 2.834351 31.753366 31.753366 
528.000000 141 2.000000 0.905437 10.832380 1.646247 -2.778066 10.427782 10.427782 
528.000000 142 2.000000 0.837395 6.312003 2.392554 1.092473 6.917810 6.917810 
528.000000 143 2.000000 0.319486 17.951686 -4.536751 0.643212 20.995833 20.995833 
528.000000 144 2.000000 0.676057 16.291296 0.711638 -0.569014 0.830206 0.830206 
528.000000 145 2.000000 0.137544 9.185603 -4.312273 0.094686 18.604662 18.604662 
528.000000 146 2.000000 0.686213 9.162408 -0.276771 1.699424 2.964645 2.964645 
528.000000 147 2.000000 0.451565 18.064576 -2.969900 -4.203410 26.488956 26.488956 
528.000000 148 2.000000 0.322695 1.419474 -0.163880 -0.046466 0.029016 0.029016 
528.000000 149 2.000000 0.516713 5.730150 1.033423 2.609075 7.875237 7.875237 
528.000000 150 2.000000 0.363832 0.713615 1.170082 1.131880 2.650246 2.650246 
528.000000 151 2.000000 0.999999 19.999999 -1.665155 -2.471537 8.881234 8.881234 
528.000000 152 2.000000 0.000001 11.816713 4.432121 -6.269611 58.951725 58.951725 
528.000000 153 2.000000 0.388830 9.599587 -0.679077 -7.414464 55.435423 55.435423 
528.000000 154 2.000000 0.269402 11.442648 -0.231936 7.891481 62.329264 62.329264 
528.000000 155 2.000000 0.875895 15.138110 -2.482079 6.990499 55.027789 55.027789 
528.000000 156 2.000000 0.463419 6.577271 2.317088 1.386291 7.290699 7.290699 
528.000000 157 2.000000 0.453968 17.892204 3.026444 7.779219 69.675604 69.675604 
528.000000 158 2.000000 0.180456 16.885316 0.200506 6.309428 39.849082 39.849082 
528.000000 159 2.000000 0.188033 0.407685 -2.706555 1.164811 8.682223 8.682223 
528.000000 160 2.000000 0.775289 0.821582 -4.494205 0.912868 21.031204 21.031204 
528.000000 161 2.000000 0.999999 14.885081 -9.815855 0.323208 96.455476 96.455476 
528.000000 162 2.000000 0.418539 0.799817 -2.325841 1.599632 7.968355 7.968355 
528.000000 163 2.000000 0.086620 8.258825 -3.044596 -3.472984 21.331181 21.331181 
528.000000 164 2.000000 0.248873 9.282040 -3.755629 -2.864133 22.308010 22.308010 
528.000000 165 2.000000 0.657395 3.510065 -0.856509 -0.937540 1.612589 1.612589 
528.000000 166 2.000000 0.607764 19.602359 -3.922349 -7.952802 78.631882 78.631882 
528.000000 167 2.000000 0.999999 12.387804 -3.049215 -4.026675 25.511822 25.511822 
528.000000 168 2.000000 0.490947 8.530223 1.402703 0.827689 2.652646 2.652646 
528.000000 169 2.000000 0.222909 7.002905 -7.770901 -2.960849 69.153527 69.153527 
528.000000 170 2.000000 0.695542 17.682185 -6.089150 -4.209978 54.801660 54.801660 
528.000000 171 2.000000 0.220427 0.936548 0.731197 -2.234006 5.525434 5.525434 
528.000000 172 2.000000 0.808153 4.855806 2.020380 5.712712 36.717013 36.717013 
528.000000 173 2.000000 0.427634 15.100394 -1.635329 1.680223 5.497448 5.497448 
528.000000 174 2.000000 0.587546 1.037697 -0.434161 1.729493 3.179641 3.179641 
528.000000 175 2.000000 0.504368 11.311411 2.521836 0.809239 7.014523 7.014523 
528.000000 176 2.000000 0.927364 6.383920 0.806403 -0.478759 0.879496 0.879496 
528.000000 177 2.000000 0.000001 1.023771 5.531021 -0.020282 30.592601 30.592601 
528.000000 178 2.000000 0.925165 8.697632 -1.496672 0.547038 2.539279 2.539279 
528.000000 179 2.000000 0.953932 18.659651 6.359543 7.315483 93.960082 93.960082 
528.000000 180 2.000000 0.115396 16.071331 0.230789 4.726862 22.396486 22.396486 
528.000000 181 2.000000 0.192892 6.066689 -0.672589 -1.472805 2.621530 2.621530 
528.000000 182 2.000000 0.999999 3.246092 -4.084688 2.238683 21.696376 21.696376 
528.000000 183 2.000000 0.150923 12.022602 3.018448 -7.667094 67.895354 67.895354 
528.000000 184 2.000000 0.323008 19.483822 -2.256636 0.815404 5.757290 5.757290 
528.000000 185 2.000000 0.435884 12.844165 0.935511 4.153827 18.129460 18.129460 
528.000000 186 2.000000 0.362883 5.500965 -2.123718 -1.386901 6.433673 6.433673 
528.000000 187 2.000000 0.074486 4.575778 1.489699 4.171913 19.624059 19.624059 
528.000000 188 2.000000 0.745495 17.646688 2.484981 0.513138 6.438442 6.438442 
528.000000 189 2.000000 0.088668 7.055520 1.773343 3.527760 15.589832 15.589832 
528.000000 190 2.000000 0.999999 17.983816 -5.745300 4.567974 53.874859 53.874859 
528.000000 191 2.000000 0.000001 1.209607 3.587337 1.152006 14.196106 14.196106 
528.000000 192 2.000000 0.268436 4.146605 2.684352 1.044691 8.297127 8.297127 
528.000000 193 2.000000 0.978411 6.976372 4.892050 3.072957 33.375218 33.375218 
528.000000 194 2.000000 0.380233 5.470878 -0.652385 0.940540 1.310221 1.310221 
528.000000 195 2.000000 0.732175 2.262619 2.381596 1.294192 7.346931 7.346931 
528.000000 196 2.000000 0.659047 6.693920 -1.136508 0.534975 1.577848 1.577848 
528.000000 197 2.000000 0.112568 11.436752 -1.774861 0.655277 3.579520 3.579520 
528.000000 198 2.000000 0.050451 19.525048 -0.294278 2.120358 4.582517 4.582517 
528.000000 199 2.000000 0.071384 14.815557 -6.190766 2.392836 44.051250 44.051250 
528.000000 200 2.000000 0.573684 2.121056 2.868417 0.458751 8.438268 8.438268 
528.000000 201 2.000000 0.381371 10.030918 -4.124190 0.045667 17.011027 17.011027 
528.000000 202 2.000000 0.780588 0.311974 -4.388219 3.119732 28.989197 28.989197 
528.000000 203 2.000000 0.040276 0.757874 -2.132718 1.057363 5.666505 5.666505 
528.000000 204 2.000000 0.728776 4.539743 7.287745 0.001188 53.111234 53.111234 
528.000000 205 2.000000 0.168443 3.329667 2.827781 0.817174 8.664120 8.664120 
528.000000 206 2.000000 0.000001 11.391445 5.033139 -3.021699 34.463150 34.463150 
528.000000 207 2.000000 0.999999 0.470144 -1.788545 -0.586279 3.542618 3.542618 
528.000000 208 2.000000 0.000001 5.141776 4.447030 -2.325037 25.181869 25.181869 
528.000000 209 2.000000 0.817743 10.656073 -3.645110 2.709443 20.627912 20.627912 
528.000000 210 2.000000 0.177634 1.130131 -3.289459 -1.867093 14.306575 14.306575 
528.000000 211 2.000000 0.243978 16.110009 0.083537 -4.860660 23.632990 23.632990 
528.000000 212 2.000000 0.658243 13.879674 4.388282 2.667759 26.373955 26.373955 
528.000000 213 2.000000 0.580237 4.894567 -8.395233 4.256144 88.594694 88.594694 
528.000000 214 2.000000 0.338805 0.275490 -3.305971 -4.010713 27.015266 27.015266 
528.000000 215 2.000000 0.456148 0.864268 3.124597 -3.147287 19.668524 19.668524 
528.000000 216 2.000000 0.247377 1.725126 -3.010487 -1.638160 11.746599 11.746599 
528.000000 217 2.000000 0.514312 17.503028 1.469459 -1.280498 3.798984 3.798984 
528.000000 218 2.000000 0.167592 0.683609 3.351822 -4.137477 28.353426 28.353426 
528.000000 219 2.000000 0.000001 16.013247 4.192344 -3.066732 26.980593 26.980593 
528.000000 220 2.000000 0.490844 15.698496 -5.091551 -5.703420 58.452889 58.452889 
528.000000 221 2.000000 0.140707 15.796412 -0.201167 -2.155686 4.687449 4.687449 
528.000000 222 2.000000 0.409373 10.743216 -1.476565 -2.551240 8.689068 8.689068 
528.000000 223 2.000000 0.641028 6.408202 0.854703 -2.321165 6.118322 6.118322 
528.000000 224 2.000000 0.088866 11.319372 1.777295 4.441844 22.888758 22.888758 
528.000000 225 2.000000 0.308922 8.468760 -2.049475 -3.120346 13.936904 13.936904 
528.000000 226 2.000000 0.999999 2.207912 -7.210910 -3.522207 64.403169 64.403169 
528.000000 227 2.000000 0.108734 19.043465 0.362444 0.619352 0.514963 0.514963 
528.000000 228 2.000000 0.891581 5.154671 -0.542088 2.937849 8.924816 8.924816 
528.000000 229 2.000000 0.655644 15.379972 -3.443547 -6.160035 49.804053 49.804053 
528.000000 230 2.000000 0.102659 14.555113 -1.121885 -1.125221 2.524749 2.524749 
528.000000 231 2.000000 0.722165 4.374725 -2.778342 -2.923710 16.267265 16.267265 
528.000000 232 2.000000 0.528635 16.048410 -1.719690 -1.524077 5.280145 5.280145 
528.000000 233 2.000000 0.275515 18.433595 1.836758 -3.916010 18.708817 18.708817 
528.000000 234 2.000000 0.586446 4.073854 -0.749100 0.247617 0.622465 0.622465 
528.000000 235 2.000000 0.712085 10.301915 -5.758273 3.492174 45.352983 45.352983 
528.000000 236 2.000000 0.846123 0.866428 8.461224 -1.504739 73.856551 73.856551 
528.000000 237 2.000000 0.000001 5.078440 0.941725 1.088383 2.071425 2.071425 
528.000000 238 2.000000 0.028619 2.620455 0.286176 -1.313413 1.806950 1.806950 
528.000000 239 2.000000 0.000001 6.592642 3.558287 -0.274001 12.736483 12.736483 
528.000000 240 2.000000 0.548728 4.694952 3.658178 -0.599674 13.741876 13.741876 
528.000000 241 2.000000 0.631445 0.745726 -7.371089 7.457248 109.943495 109.943495 
528.000000 242 2.000000 0.884666 5.843196 5.897767 -3.824766 49.412498 49.412498 
528.000000 243 2.000000 0.532397 12.730335 -4.676022 -0.181058 21.897964 21.897964 
528.000000 244 2.000000 0.765854 13.105274 -1.560969 -6.464984 44.232644 44.232644 
528.000000 245 2.000000 0.063433 16.062179 -1.560943 -7.159672 53.697449 53.697449 
528.000000 246 2.000000 0.763156 14.007297 -4.736860 5.354147 51.104733 51.104733 
528.000000 247 2.000000 0.279672 3.425606 -3.601636 -1.835549 16.341019 16.341019 
528.000000 248 2.000000 0.811158 1.380626 -0.419646 1.150521 1.499802 1.499802 
528.000000 249 2.000000 0.061611 6.430241 0.616102 -0.092796 0.388193 0.388193 
528.000000 250 2.000000 0.980298 3.553148 0.181727 1.184382 1.435786 1.435786 
528.000000 251 2.000000 0.086454 3.696828 -3.654178 3.796164 27.763879 27.763879 
528.000000 252 2.000000 0.327778 19.999999 6.555548 -2.514545 49.298147 49.298147 
528.000000 253 2.000000 0.377998 17.522056 1.511990 2.454410 8.310241 8.310241 
528.000000 254 2.000000 0.129093 4.066766 -0.870906 2.464706 6.833254 6.833254 
528.000000 255 2.000000 0.256820 8.013094 -0.825755 1.529333 3.020732 3.020732 
528.000000 256 2.000000 0.241454 8.743782 0.209959 0.414634 0.216004 0.216004 
528.000000 257 2.000000 0.674194 3.825921 2.247310 3.524938 17.475591 17.475591 
528.000000 258 2.000000 0.096556 1.779271 -3.747476 0.098221 14.053226 14.053226 
528.000000 259 2.000000 0.602101 18.063611 6.020998 7.478678 92.183045 92.183045 
528.000000 260 2.000000 0.172566 0.798488 -0.391454 1.596974 2.703563 2.703563 
528.000000 261 2.000000 0.643226 2.476825 -0.594621 -2.316223 5.718463 5.718463 
528.000000 262 2.000000 0.531329 16.125342 -1.874679 0.991752 4.497996 4.497996 
528.000000 263 2.000000 0.432480 17.829044 -1.135038 3.168805 11.329638 11.329638 
528.000000 264 2.000000 0.721700 4.587156 -1.855327 -3.449320 15.340045 15.340045 
528.000000 265 2.000000 0.893104 13.259965 -0.438786 -5.721099 32.923502 32.923502 
528.000000 266 2.000000 0.869239 15.201892 -2.615203 -1.367713 8.709929 8.709929 
528.000000 267 2.000000 0.710798 1.863201 -5.784017 6.210667 72.027233 72.027233 
528.000000 268 2.000000 0.589079 6.017855 0.224129 1.047663 1.147832 1.147832 
528.000000 269 2.000000 0.449946 16.048355 0.254940 3.804404 14.538483 14.538483 
528.000000 270 2.000000 0.002128 8.485862 -6.956503 -5.091979 74.321186 74.321186 
528.000000 271 2.000000 0.550258 3.330766 1.222792 3.027969 10.663815 10.663815 
528.000000 272 2.000000 0.201432 10.096584 -0.887297 7.766602 61.107404 61.107404 
528.000000 273 2.000000 0.808689 12.416242 0.302191 2.479879 6.241121 6.241121 
528.000000 274 2.000000 0.395379 13.180568 -4.030799 -5.051430 41.764289 41.764289 
528.000000 275 2.000000 0.000001 19.260999 3.185812 -2.695268 17.413872 17.413872 
528.000000 276 2.000000 0.008628 13.539168 -2.832489 0.305914 8.116580 8.116580 
528.000000 277 2.000000 0.326925 2.920561 0.817311 -3.284507 11.455985 11.455985 
528.000000 278 2.000000 0.749501 7.862564 -2.504985 -6.708678 51.281305 51.281305 
528.000000 279 2.000000 0.531135 11.986881 0.354089 -2.182241 4.887557 4.887557 
528.000000 280 2.000000 0.293694 18.874147 2.936927 1.729681 11.617335 11.617335 
528.000000 281 2.000000 0.810803 11.859399 -0.014083 -3.786325 14.336458 14.336458 
528.000000 282 2.000000 0.549630 3.805830 5.833740 3.027060 43.195610 43.195610 
528.000000 283 2.000000 0.195963 7.524749 -2.297247 0.857850 6.013249 6.013249 
528.000000 284 2.000000 0.755659 18.211331 0.839620 -7.154672 51.894288 51.894288 
528.000000 285 2.000000 0.812575 6.678669 -3.748476 -0.982215 15.015815 15.015815 
528.000000 286 2.000000 0.480077 3.223411 -2.599611 -0.842628 7.467999 7.467999 
528.000000 287 2.000000 0.594341 10.647576 -2.028292 1.189535 5.528961 5.528961 
528.000000 288 2.000000 0.798799 11.688322 -0.670666 1.670183 3.239305 3.239305 
528.000000 289 2.000000 0.093053 5.313987 -3.627784 -1.500500 15.412321 15.412321 
528.000000 290 2.000000 0.726564 9.598203 -2.734346 -0.582317 7.815740 7.815740 
528.000000 291 2.000000 0.607556 1.169758 2.025182 -0.072848 4.106668 4.106668 
528.000000 292 2.000000 0.700292 7.750799 1.750728 -2.054090 7.284337 7.284337 
528.000000 293 2.000000 0.842914 2.094496 0.700107 -1.810669 3.768671 3.768671 
528.000000 294 2.000000 0.732976 8.378431 7.333555 -0.690691 54.258079 54.258079 
528.000000 295 2.000000 0.743767 5.552836 2.479220 -3.013296 15.226484 15.226484 
528.000000 296 2.000000 0.000001 7.237207 1.873663 3.395644 15.041010 15.041010 
528.000000 297 2.000000 0.548921 8.324546 1.872998 -0.716696 4.021775 4.021775 
528.000000 298 2.000000 0.777854 5.384227 -1.480965 2.386705 7.889618 7.889618 
528.000000 299 2.000000 0.610646 1.719776 1.110264 -1.330023 3.001647 3.001647 
528.000000 300 2.000000 0.404522 7.813338 -0.287382 1.334073 1.862338 1.862338 
528.000000 301 2.000000 0.227106 1.080066 -1.104132 -1.199476 2.657850 2.657850 
528.000000 302 2.000000 0.560542 4.395780 -4.394572 -3.426637 31.054100 31.054100 
528.000000 303 2.000000 0.162571 1.888989 3.251405 -4.940427 34.979459 34.979459 
528.000000 304 2.000000 0.510306 4.079967 -4.896930 -5.314082 52.219387 52.219387 
528.000000 305 2.000000 0.144815 2.746669 -0.450097 -2.227847 5.165888 5.165888 
528.000000 306 2.000000 0.890866 12.817942 -1.091334 -4.224740 19.039433 19.039433 
528.000000 307 2.000000 0.002082 3.080444 -3.318855 -7.407537 65.886405 65.886405 
528.000000 308 2.000000 0.645403 10.478639 -3.545961 -6.132758 50.184555 50.184555 
528.000000 309 2.000000 0.465823 19.427383 4.658220 1.010451 22.720028 22.720028 
528.000000 310 2.000000 0.644044 6.213399 -7.119104 1.911815 54.336673 54.336673 
528.000000 311 2.000000 0.404503 9.458343 0.475885 -0.000209 0.226467 0.226467 
528.000000 312 2.000000 0.988585 19.802083 3.954337 2.373031 21.268058 21.268058 
528.000000 313 2.000000 0.039625 9.186385 -1.200468 -4.025024 17.641945 17.641945 
528.000000 314 2.000000 0.581633 10.592191 -2.091828 -2.650397 11.400350 11.400350 
528.000000 315 2.000000 0.513999 18.752775 -2.314504 2.745235 12.893242 12.893242 
528.000000 316 2.000000 0.122801 15.614710 2.455995 -1.441824 8.110768 8.110768 
528.000000 317 2.000000 0.395349 11.880305 0.075783 -4.282903 18.349005 18.349005 
528.000000 318 2.000000 0.728600 18.187827 -0.445333 -2.856360 8.357111 8.357111 
528.000000 319 2.000000 0.330426 5.648561 0.900181 -0.567657 1.132561 1.132561 
528.000000 320 2.000000 0.973816 3.224897 3.895261 2.687413 22.395249 22.395249 
528.000000 321 2.000000 0.420626 0.000001 -2.896866 4.802643 31.457215 31.457215 
528.000000 322 2.000000 0.194516 6.030545 -4.027417 2.574691 22.849125 22.849125 
528.000000 323 2.000000 0.587902 10.447570 -4.120972 -0.946045 17.877413 17.877413 
528.000000 324 2.000000 0.865843 3.533041 -0.894372 2.204829 5.661173 5.661173 
528.000000 325 2.000000 0.641400 16.222861 6.413988 8.319416 110.351912 110.351912 
528.000000 326 2.000000 0.000001 2.056434 4.730642 0.699339 22.868046 22.868046 
528.000000 327 2.000000 0.842342 7.974060 2.807802 -0.019153 7.884119 7.884119 
528.000000 328 2.000000 0.310054 5.115537 -0.657091 0.862997 1.176532 1.176532 
528.000000 329 2.000000 0.000001 3.640060 2.132017 -3.870263 19.524432 19.524432 
528.000000 330 2.000000 0.972147 6.607617 -0.278516 4.398220 19.421912 19.421912 
528.000000 331 2.000000 0.999999 3.677155 -2.914003 -1.217508 9.973740 9.973740 
528.000000 332 2.000000 0.297565 12.655848 -1.899986 0.597231 3.966630 3.966630 
528.000000 333 2.000000 0.195024 5.766337 -0.125478 -0.008130 0.015811 0.015811 
528.000000 334 2.000000 0.020286 17.138631 -3.918853 3.851878 30.194371 30.194371 
528.000000 335 2.000000 0.316231 11.775496 3.162296 3.007362 19.044343 19.044343 
528.000000 336 2.000000 0.000001 1.914256 1.374348 0.278243 1.966251 1.966251 
528.000000 337 2.000000 0.204540 15.906405 -3.977294 1.692648 18.683922 18.683922 
528.000000 338 2.000000 0.736627 15.601496 2.946503 1.699145 11.568974 11.568974 
528.000000 339 2.000000 0.768036 15.989390 3.325909 -2.586512 17.751713 17.751713 
528.000000 340 2.000000 0.000001 9.854335 1.052763 1.218546 2.593164 2.593164 
528.000000 341 2.000000 0.703055 4.945571 3.515271 0.275270 12.432906 12.432906 
528.000000 342 2.000000 0.889739 8.729182 5.931589 -3.046295 44.463660 44.463660 
528.000000 343 2.000000 0.357973 13.768441 -0.630899 3.977673 16.219916 16.219916 
528.000000 344 2.000000 0.000001 10.926741 8.050780 -0.262566 64.883996 64.883996 
528.000000 345 2.000000 0.367597 15.623672 7.351930 -1.227405 55.557395 55.557395 
528.000000 346 2.000000 0.655912 15.055728 6.559113 1.227672 44.529143 44.529143 
528.000000 347 2.000000 0.703202 13.875034 3.516005 -1.282179 14.006275 14.006275 
528.000000 348 2.000000 0.416491 3.706638 -1.945027 -4.210491 21.511364 21.511364 
528.000000 349 2.000000 0.886692 19.073813 0.049808 -0.251798 0.065883 0.065883 
528.000000 350 2.000000 0.497275 9.688791 -2.010898 5.099363 30.047213 30.047213 
528.000000 351 2.000000 0.237476 0.325910 -0.817485 6.518178 43.154931 43.154931 
528.000000 352 2.000000 0.216156 12.469162 1.441034 4.750294 24.641871 24.641871 
528.000000 353 2.000000 0.593178 19.115414 -2.712143 1.499459 9.604099 9.604099 
528.000000 354 2.000000 0.152820 3.330496 -2.147275 5.400053 33.771357 33.771357 
528.000000 355 2.000000 0.000001 4.716649 6.694570 2.774499 52.515109 52.515109 
528.000000 356 2.000000 0.753447 9.666167 -1.643679 0.932885 3.571955 3.571955 
528.000000 357 2.000000 0.642366 15.868178 4.288227 0.035839 18.390174 18.390174 
528.000000 358 2.000000 0.248736 5.281686 -0.883839 -5.345115 29.351424 29.351424 
528.000000 359 2.000000 0.612623 8.347974 -3.873760 5.173776 41.773978 41.773978 
528.000000 360 2.000000 0.346092 3.946764 1.841894 0.357174 3.520148 3.520148 
528.000000 361 2.000000 0.966478 11.742555 2.416192 1.734941 8.848006 8.848006 
528.000000 362 2.000000 0.235548 6.627130 4.710935 1.005259 23.203453 23.203453 
528.000000 363 2.000000 0.709855 11.771530 -0.292712 -0.707115 0.585691 0.585691 
528.000000 364 2.000000 0.999999 15.711227 -2.137835 1.147018 5.885990 5.885990 
528.000000 365 2.000000 0.441685 15.387530 -2.791568 8.328051 77.149278 77.149278 
528.000000 366 2.000000 0.100773 19.168630 2.015448 -3.325475 15.120814 15.120814 
528.000000 367 2.000000 0.902788 7.014169 -1.944214 -1.983901 7.715833 7.715833 
528.000000 368 2.000000 0.955577 19.461362 1.592626 0.917066 3.377469 3.377469 
528.000000 369 2.000000 0.556225 19.389281 2.781122 -0.871164 8.493566 8.493566 
528.000000 370 2.000000 0.388107 8.048830 -4.079279 1.438061 18.708537 18.708537 
528.000000 371 2.000000 0.455766 14.724061 -3.628223 3.039202 22.400751 22.400751 
528.000000 372 2.000000 0.300155 13.600058 -1.555210 -3.558408 15.080941 15.080941 
528.000000 373 2.000000 0.232136 17.286896 -5.119084 -0.849924 26.927397 26.927397 
528.000000 374 2.000000 0.394977 1.376514 -3.025110 1.539474 11.521268 11.521268 
528.000000 375 2.000000 0.666490 5.043658 -6.670180 2.525219 50.868029 50.868029 
528.000000 376 2.000000 0.482732 4.942218 -1.724223 4.706873 25.127600 25.127600 
528.000000 377 2.000000 0.810693 14.869014 -3.786121 -5.401037 43.505915 43.505915 
528.000000 378 2.000000 0.093884 12.071916 1.877657 -0.887722 4.313646 4.313646 
528.000000 379 2.000000 0.391568 9.778602 -4.056208 3.808429 30.956954 30.956954 
528.000000 380 2.000000 0.001920 6.290785 -4.248938 -0.013355 18.053653 18.053653 
528.000000 381 2.000000 0.923357 5.357715 -0.040862 -2.017441 4.071738 4.071738 
528.000000 382 2.000000 0.066731 3.621150 1.334601 0.837155 2.481988 2.481988 
528.000000 383 2.000000 0.295135 9.800708 -1.244922 -1.791588 4.759617 4.759617 
528.000000 384 2.000000 0.133186 2.530861 1.331852 -1.204531 3.224725 3.224725 
528.000000 385 2.000000 0.871460 2.458142 5.809726 -1.887834 37.316829 37.316829 
528.000000 386 2.000000 0.000001 3.090100 8.663502 3.286697 85.858638 85.858638 
528.000000 387 2.000000 0.201084 0.348886 -0.840963 0.498407 0.955628 0.955628 
528.000000 388 2.000000 0.000001 4.956585 3.125211 0.024788 9.767556 9.767556 
528.000000 389 2.000000 0.640185 18.898592 3.200921 3.848241 25.054851 25.054851 
528.000000 390 2.000000 0.427541 16.856111 2.137699 -5.716159 37.244236 37.244236 
528.000000 391 2.000000 0.868399 16.934734 -2.632007 1.446174 9.018883 9.018883 
528.000000 392 2.000000 0.655079 9.102546 -0.077510 -6.410267 41.097526 41.097526 
528.000000 393 2.000000 0.000001 2.847417 7.718739 -3.209045 69.876906 69.876906 
528.000000 394 2.000000 0.354479 3.951030 0.507312 -0.149689 0.279772 0.279772 
528.000000 395 2.000000 0.718771 16.107643 2.395899 -7.077010 55.824408 55.824408 
528.000000 396 2.000000 0.127412 19.098819 -2.370403 -3.865453 20.560533 20.560533 
528.000000 397 2.000000 0.882635 2.601982 2.942114 -3.800578 23.100425 23.100425 
528.000000 398 2.000000 0.487170 9.950694 -2.051317 2.395018 9.944014 9.944014 
528.000000 399 2.000000 0.059739 2.310047 -4.701301 -5.129079 48.409681 48.409681 
528.000000 400 2.000000 0.000001 10.960958 5.830651 2.597953 40.745850 40.745850 
528.000000 401 2.000000 0.973198 4.242031 3.892788 -1.645965 17.863004 17.863004 
528.000000 402 2.000000 0.726858 4.033477 4.845714 3.841406 38.237347 38.237347 
528.000000 403 2.000000 0.840862 19.999999 -1.591368 -1.088981 3.718334 3.718334 
528.000000 404 2.000000 0.175464 3.119627 -2.748450 6.239253 46.482254 46.482254 
528.000000 405 2.000000 0.999999 1.959396 -6.502781 -5.259427 69.947729 69.947729 
528.000000 406 2.000000 0.296974 7.438901 1.187892 1.839761 4.795806 4.795806 
528.000000 407 2.000000 0.325804 8.999488 1.303214 2.029120 5.815696 5.815696 
528.000000 408 2.000000 0.345411 15.836981 -6.545876 -1.226149 44.351930 44.351930 
528.000000 409 2.000000 0.065805 12.173036 0.438696 -3.130785 9.994271 9.994271 
528.000000 410 2.000000 0.516939 14.736518 3.446252 -1.021402 12.919916 12.919916 
528.000000 411 2.000000 0.000001 13.370507 7.723220 0.098544 59.657845 59.657845 
528.000000 412 2.000000 0.921257 10.135060 9.212565 -2.904552 93.307776 93.307776 
528.000000 413 2.000000 0.008193 0.542349 -2.479515 1.205218 7.600543 7.600543 
528.000000 414 2.000000 0.040490 16.628140 -9.595090 -8.435463 163.222798 163.222798 
528.000000 415 2.000000 0.934482 16.273752 -1.310334 -1.554376 4.133060 4.133060 
528.000000 416 2.000000 0.679563 17.665503 -6.408719 4.737331 63.513991 63.513991 
528.000000 417 2.000000 0.412748 4.597716 -0.193264 2.041709 4.205927 4.205927 
528.000000 418 2.000000 0.000001 8.839275 7.304891 -0.478678 53.590561 53.590561 
528.000000 419 2.000000 0.000001 14.052867 4.043529 -2.891887 24.713132 24.713132 
528.000000 420 2.000000 0.199588 18.218935 3.991733 4.395201 35.251722 35.251722 
528.000000 421 2.000000 0.568841 19.819269 1.422099 -3.614607 15.087752 15.087752 
528.000000 422 2.000000 0.643269 5.171043 0.069325 2.469300 6.102246 6.102246 
528.000000 423 2.000000 0.257298 16.187111 -3.713506 -2.118271 18.277201 18.277201 
528.000000 424 2.000000 0.465046 14.270167 1.860178 -6.366480 43.992329 43.992329 
528.000000 425 2.000000 0.000001 3.141074 0.273060 -3.594223 12.993001 12.993001 
528.000000 426 2.000000 0.000001 1.845253 3.258455 -2.817688 18.556893 18.556893 
528.000000 427 2.000000 0.000001 11.965814 4.678160 -5.023689 47.122632 47.122632 
528.000000 428 2.000000 0.233764 0.291008 -1.915587 1.940044 7.433243 7.433243 
528.000000 429 2.000000 0.457198 1.133333 -3.618676 -0.666464 13.538990 13.538990 
528.000000 430 2.000000 0.091736 19.939831 0.458674 -0.060067 0.213990 0.213990 
528.000000 431 2.000000 0.000001 0.309595 2.442314 -3.488514 18.134625 18.134625 
528.000000 432 2.000000 0.999999 14.215904 -2.135946 -7.230118 56.836876 56.836876 
528.000000 433 2.000000 0.125742 11.133477 -1.165677 -2.788947 9.137030 9.137030 
528.000000 434 2.000000 0.919077 0.449463 3.676303 -2.660158 20.591639 20.591639 
528.000000 435 2.000000 0.128979 12.229320 -1.742040 -1.398761 4.991235 4.991235 
528.000000 436 2.000000 0.777004 3.283831 2.220009 -2.992388 13.882823 13.882823 
528.000000 437 2.000000 0.927494 3.099072 -1.450100 2.502943 8.367517 8.367517 
528.000000 438 2.000000 0.715099 2.807825 0.883969 -3.019346 9.897853 9.897853 
528.000000 439 2.000000 0.828465 3.591693 1.380774 -6.189423 40.215494 40.215494 
528.000000 440 2.000000 0.257639 9.930106 -4.949068 0.959740 25.414378 25.414378 
528.000000 441 2.000000 0.999999 16.212870 -2.731606 3.979846 23.300842 23.300842 
528.000000 442 2.000000 0.000001 16.783626 3.378720 -0.371425 11.553702 11.553702 
528.000000 443 2.000000 0.396500 11.461255 0.227203 -5.793581 33.617207 33.617207 
528.000000 444 2.000000 0.390046 0.848025 -1.016588 4.240119 19.012064 19.012064 
528.000000 445 2.000000 0.544491 13.155728 -1.138771 -2.141327 5.882081 5.882081 
528.000000 446 2.000000 0.191248 11.626115 -5.391677 -1.352876 30.900449 30.900449 
528.000000 447 2.000000 0.786293 12.689557 -0.610588 -0.459125 0.583614 0.583614 
528.000000 448 2.000000 0.235464 14.025987 -1.911338 -2.537403 10.091626 10.091626 
528.000000 449 2.000000 0.044032 4.038606 -6.373114 -5.234098 68.012358 68.012358 
528.000000 450 2.000000 0.903017 0.003728 -0.277092 -1.593031 2.614527 2.614527 
528.000000 451 2.000000 0.475401 0.651547 2.450097 0.506108 6.259120 6.259120 
528.000000 452 2.000000 0.798410 6.586376 -2.015892 -3.280549 14.825820 14.825820 
528.000000 453 2.000000 0.000001 2.302348 5.217098 -5.320746 55.528442 55.528442 
528.000000 454 2.000000 0.922999 2.081335 6.153320 -1.042148 38.949416 38.949416 
528.000000 455 2.000000 0.000001 8.915151 7.383470 3.694771 68.166962 68.166962 
528.000000 456 2.000000 0.999999 1.709877 -0.941965 -2.870907 9.129404 9.129404 
528.000000 457 2.000000 0.653589 18.310781 -3.464098 4.069062 28.557242 28.557242 
528.000000 458 2.000000 0.245366 7.658525 -3.773163 0.779183 14.843885 14.843885 
528.000000 459 2.000000 0.447713 1.768025 3.106550 -5.986423 45.487919 45.487919 
528.000000 460 2.000000 0.886922 9.292296 4.434606 4.532827 40.212249 40.212249 
528.000000 461 2.000000 0.000001 7.678494 5.360492 6.142794 66.468801 66.468801 
528.000000 462 2.000000 0.541069 5.107255 -2.294651 2.767940 12.926913 12.926913 
528.000000 463 2.000000 0.908313 2.915609 4.541561 -3.678470 34.156915 34.156915 
528.000000 464 2.000000 0.435976 19.841584 0.558325 -1.584149 2.821255 2.821255 
528.000000 465 2.000000 0.355959 19.507720 -3.220199 2.172293 15.088536 15.088536 
528.000000 466 2.000000 0.246566 0.268338 -1.726197 -2.151693 7.609541 7.609541 
528.000000 467 2.000000 0.566660 9.814968 -0.412704 10.331544 106.911133 106.911133 
528.000000 468 2.000000 0.097269 7.521733 0.486340 4.298133 18.710471 18.710471 
528.000000 469 2.000000 0.179158 2.761307 0.099048 0.132838 0.027456 0.027456 
528.000000 470 2.000000 0.165715 13.214334 3.314290 -9.047554 92.842746 92.842746 
528.000000 471 2.000000 0.743049 15.550001 2.972192 0.151050 8.856739 8.856739 
528.000000 472 2.000000 0.225968 7.472971 -5.160205 0.023476 26.628262 26.628262 
528.000000 473 2.000000 0.112295 11.628033 -2.959015 -0.016623 8.756045 8.756045 
528.000000 474 2.000000 0.849688 18.798715 -1.503111 -2.981599 11.149274 11.149274 
528.000000 475 2.000000 0.492478 3.171288 0.802110 12.685148 161.556365 161.556365 
528.000000 476 2.000000 0.114128 0.663311 -1.610674 -5.947647 37.968774 37.968774 
528.000000 477 2.000000 0.736058 0.233162 -2.639406 -5.270207 34.741543 34.741543 
528.000000 478 2.000000 0.669378 10.709903 6.693769 2.121613 49.307792 49.307792 
528.000000 479 2.000000 0.033528 2.392698 -0.546575 1.366691 2.166589 2.166589 
528.000000 480 2.000000 0.972956 13.102028 1.024164 1.912429 4.706297 4.706297 
528.000000 481 2.000000 0.567856 19.999999 -2.880952 -7.152699 59.460986 59.460986 
528.000000 482 2.000000 0.739478 3.687629 -5.210411 -2.933289 35.752569 35.752569 
528.000000 483 2.000000 0.471807 13.992571 -5.281917 -3.441722 39.744101 39.744101 
528.000000 484 2.000000 0.489636 7.964846 3.264232 4.699690 32.742302 32.742302 
528.000000 485 2.000000 0.999999 4.776616 -4.734305 -5.887343 57.074443 57.074443 
528.000000 486 2.000000 0.000001 11.603726 2.483837 0.778750 6.775899 6.775899 
528.000000 487 2.000000 0.632826 12.925525 2.531298 -5.053195 31.942255 31.942255 
528.000000 488 2.000000 0.144504 4.454581 2.890064 -0.945547 9.246528 9.246528 
528.000000 489 2.000000 0.315665 19.836187 -1.710836 -3.276242 13.660721 13.660721 
528.000000 490 2.000000 0.999999 15.717443 -4.871253 3.530613 36.194332 36.194332 
528.000000 491 2.000000 0.488036 12.785940 -1.137695 -2.931731 9.889394 9.889394 
528.000000 492 2.000000 0.387573 5.086158 1.121890 -2.825470 9.241919 9.241919 
528.000000 493 2.000000 0.423649 16.084478 2.118238 4.498395 24.722491 24.722491 
528.000000 494 2.000000 0.275562 5.204450 -2.069821 -3.002859 13.301323 13.301323 
528.000000 495 2.000000 0.131823 2.287573 2.636450 1.070195 8.096183 8.096183 
528.000000 496 2.000000 0.838459 12.256570 4.192291 -0.423761 17.754879 17.754879 
528.000000 497 2.000000 0.178653 12.791914 -4.275729 3.195595 28.493688 28.493688 
528.000000 498 2.000000 0.587508 2.869488 -8.249828 -1.615573 70.669731 70.669731 
528.000000 499 2.000000 0.560266 7.868782 -1.256379 1.349209 3.398854 3.398854 
528.000000 500 2.000000 0.535077 8.330967 2.851543 -3.273871 18.849526 18.849526 
