805.500000 1 2.000000 0.691448 19.999999 -6.323646 -3.156196 49.950067 49.950067 
805.500000 2 2.000000 0.370886 7.524830 1.854424 -5.423986 32.858518 32.858518 
805.500000 3 2.000000 0.433966 8.871101 1.735859 2.957033 11.757253 11.757253 
805.500000 4 2.000000 0.687380 5.619228 6.873786 0.253888 47.313390 47.313390 
805.500000 5 2.000000 0.631272 5.585500 -0.670412 0.055460 0.452528 0.452528 
805.500000 6 2.000000 0.174100 5.434124 3.481978 -4.779278 34.965671 34.965671 
805.500000 7 2.000000 0.320044 10.725530 3.200426 -3.049632 19.542981 19.542981 
805.500000 8 2.000000 0.586270 0.815277 0.450976 -4.443980 19.952339 19.952339 
805.500000 9 2.000000 0.317234 16.953013 -4.551764 -2.101370 25.134311 25.134311 
805.500000 10 2.000000 0.495034 6.613478 -5.049650 -1.558555 27.928057 27.928057 
805.500000 11 2.000000 0.623060 7.577771 2.076864 2.196455 9.137777 9.137777 
805.500000 12 2.000000 0.125964 18.954883 -4.370174 2.636875 26.051532 26.051532 
805.500000 13 2.000000 0.000001 4.689673 5.272273 2.302043 33.096267 33.096267 
805.500000 14 2.000000 0.124658 18.620768 0.415523 0.257645 0.239040 0.239040 
805.500000 15 2.000000 0.999999 11.326920 -2.908028 -2.074641 12.760761 12.760761 
805.500000 16 2.000000 0.354203 11.419083 -2.583185 2.706083 13.995732 13.995732 
805.500000 17 2.000000 0.958064 4.848099 -0.838706 -2.558643 7.250081 7.250081 
805.500000 18 2.000000 0.124834 10.039777 -2.461711 2.198515 10.893490 10.893490 
805.500000 19 2.000000 0.494539 12.235376 -5.054600 -0.206357 25.591564 25.591564 
805.500000 20 2.000000 0.000001 14.581843 5.364602 -5.364841 57.560472 57.560472 
805.500000 21 2.000000 0.557574 17.978050 -4.424253 6.421759 60.813006 60.813006 
805.500000 22 2.000000 0.999999 7.837251 -4.751470 -0.707868 23.077542 23.077542 
805.500000 23 2.000000 0.225241 11.409126 -0.815535 -0.680216 1.127791 1.127791 
805.500000 24 2.000000 0.302324 13.651957 6.046467 0.917290 37.401182 37.401182 
805.500000 25 2.000000 0.453047 19.133043 -5.469521 1.332628 31.691554 31.691554 
805.500000 26 2.000000 0.298405 6.978088 -0.286365 -0.283989 0.162655 0.162655 
805.500000 27 2.000000 0.800899 12.186736 1.601795 -3.324793 13.619994 13.619994 
805.500000 28 2.000000 0.278737 2.654512 0.619414 0.626666 0.776384 0.776384 
805.500000 29 2.000000 0.849965 10.871197 2.350271 4.752707 28.111998 28.111998 
805.500000 30 2.000000 0.667013 14.863032 -3.329863 2.750413 18.652758 18.652758 
805.500000 31 2.000000 0.853231 12.202192 5.688202 -0.944602 33.247921 33.247921 
805.500000 32 2.000000 0.592985 1.275138 1.482461 4.250457 20.264071 20.264071 
805.500000 33 2.000000 0.048614 19.810644 -2.718243 -1.893549 10.974370 10.974370 
805.500000 34 2.000000 0.000001 3.616315 4.802311 2.678751 30.237897 30.237897 
805.500000 35 2.000000 0.978269 10.302953 1.086964 0.422464 1.359966 1.359966 
805.500000 36 2.000000 0.871894 6.684714 -2.562105 1.291934 8.233475 8.233475 
805.500000 37 2.000000 0.875172 17.173183 -0.624134 3.961612 16.083913 16.083913 
805.500000 38 2.000000 0.650069 9.609195 2.600272 -2.516352 13.093446 13.093446 
805.500000 39 2.000000 0.283115 17.422969 -2.867537 -0.897307 9.027932 9.027932 
805.500000 40 2.000000 0.455403 14.623077 -1.555989 1.023882 3.469436 3.469436 
805.500000 41 2.000000 0.800842 12.137459 -1.991573 0.503380 4.219754 4.219754 
805.500000 42 2.000000 0.546415 8.881022 -0.317760 -0.141244 0.120922 0.120922 
805.500000 43 2.000000 0.044315 10.986723 -2.730526 9.987929 107.214509 107.214509 
805.500000 44 2.000000 0.754123 6.264342 -4.917514 4.041510 40.515752 40.515752 
805.500000 45 2.000000 0.366838 17.299152 3.668372 2.105402 17.889674 17.889674 
805.500000 46 2.000000 0.347193 1.110847 -4.352037 -8.382896 89.213165 89.213165 
805.500000 47 2.000000 0.999999 14.463398 -1.283206 -5.828001 35.612213 35.612213 
805.500000 48 2.000000 0.999999 6.609095 -3.739892 5.100350 40.000359 40.000359 
805.500000 49 2.000000 0.360759 7.116993 7.215157 0.366585 52.192871 52.192871 
805.500000 50 2.000000 0.777299 8.156377 5.181985 2.195657 31.673879 31.673879 
805.500000 51 2.000000 0.359198 9.607782 0.753122 -5.619665 32.147826 32.147826 
805.500000 52 2.000000 0.469281 16.765702 -0.393124 -3.404524 11.745328 11.745328 
805.500000 53 2.000000 0.628743 13.844163 0.706733 -2.017461 4.569619 4.569619 
805.500000 54 2.000000 0.912716 5.725806 0.267740 4.978961 24.861733 24.861733 
805.500000 55 2.000000 0.514002 15.331785 5.140006 -2.399125 32.175466 32.175466 
805.500000 56 2.000000 0.199238 18.754415 -4.003805 3.585392 28.885493 28.885493 
805.500000 57 2.000000 0.000001 8.134047 4.563315 -0.388788 20.975003 20.975003 
805.500000 58 2.000000 0.884076 18.898345 1.360115 -3.147583 11.757194 11.757194 
805.500000 59 2.000000 0.456376 14.796061 -5.436232 6.281382 69.008380 69.008380 
805.500000 60 2.000000 0.935428 9.819777 2.672648 6.546518 49.999940 49.999940 
805.500000 61 2.000000 0.095202 3.767507 0.952010 -2.920064 9.433096 9.433096 
805.500000 62 2.000000 0.314034 11.459302 -1.030312 4.397202 20.396931 20.396931 
805.500000 63 2.000000 0.000001 18.718081 0.424028 -1.972182 4.069302 4.069302 
805.500000 64 2.000000 0.999999 12.896329 -4.753686 -0.613213 22.973556 22.973556 
805.500000 65 2.000000 0.757188 1.821467 1.326107 -1.638458 4.443105 4.443105 
805.500000 66 2.000000 0.862620 11.926173 0.774752 -3.640780 13.855522 13.855522 
805.500000 67 2.000000 0.296464 18.067916 -1.364946 2.029045 5.980101 5.980101 
805.500000 68 2.000000 0.777627 5.555446 -0.635347 5.555445 31.266633 31.266633 
805.500000 69 2.000000 0.798032 18.288539 -2.019669 -3.803246 18.543738 18.543738 
805.500000 70 2.000000 0.053027 4.137057 0.050501 -1.425767 2.035363 2.035363 
805.500000 71 2.000000 0.308314 10.059674 -0.293526 3.970744 15.852968 15.852968 
805.500000 72 2.000000 0.847512 6.885868 0.245816 -6.388995 40.879683 40.879683 
805.500000 73 2.000000 0.849054 5.397778 -0.335433 0.995741 1.104016 1.104016 
805.500000 74 2.000000 0.113794 9.605369 2.275851 -1.247484 6.735713 6.735713 
805.500000 75 2.000000 0.543649 10.655109 5.436476 3.139262 39.410239 39.410239 
805.500000 76 2.000000 0.344890 5.101272 2.299261 -7.880451 67.388111 67.388111 
805.500000 77 2.000000 0.965480 19.082436 3.861918 -4.587813 35.962433 35.962433 
805.500000 78 2.000000 0.999999 17.955095 -7.054435 2.606940 56.561195 56.561195 
805.500000 79 2.000000 0.201709 3.513679 -2.660966 -6.730284 52.377462 52.377462 
805.500000 80 2.000000 0.571810 15.412458 0.557424 1.101384 1.523768 1.523768 
805.500000 81 2.000000 0.008621 2.864473 -3.965512 3.819296 30.312309 30.312309 
805.500000 82 2.000000 0.999999 15.274731 -1.290634 -5.559139 32.569763 32.569763 
805.500000 83 2.000000 0.506556 10.645446 5.065553 1.360750 27.511464 27.511464 
805.500000 84 2.000000 0.685388 7.337916 -3.146108 3.305660 20.825381 20.825381 
805.500000 85 2.000000 0.135142 12.017670 -4.324284 2.467334 24.787172 24.787172 
805.500000 86 2.000000 0.726462 16.202850 -5.470741 0.183819 29.962801 29.962801 
805.500000 87 2.000000 0.101985 9.739775 -1.583285 0.548616 2.807772 2.807772 
805.500000 88 2.000000 0.777357 8.003382 -0.636119 -1.326107 2.163207 2.163207 
805.500000 89 2.000000 0.083971 1.970773 -0.153521 -1.922615 3.720016 3.720016 
805.500000 90 2.000000 0.305926 3.466877 -1.312906 1.458806 3.851837 3.851837 
805.500000 91 2.000000 0.113120 17.445979 -2.653667 -2.402003 12.811563 12.811563 
805.500000 92 2.000000 0.000001 1.064299 1.900524 0.700674 4.102934 4.102934 
805.500000 93 2.000000 0.999999 0.001689 -7.636042 -1.788756 61.508793 61.508793 
805.500000 94 2.000000 0.885748 9.944622 -2.285029 -5.914927 40.207724 40.207724 
805.500000 95 2.000000 0.689117 0.477859 3.061452 3.555813 22.016295 22.016295 
805.500000 96 2.000000 0.488398 11.889314 -10.232022 -1.870855 108.194366 108.194366 
805.500000 97 2.000000 0.100706 13.980170 -0.946624 -0.541495 1.189313 1.189313 
805.500000 98 2.000000 0.810323 16.107507 2.315206 -0.699767 5.849855 5.849855 
805.500000 99 2.000000 0.000001 4.267686 5.858265 -5.177821 61.129101 61.129101 
805.500000 100 2.000000 0.888369 8.827647 2.635165 0.597117 7.300643 7.300643 
805.500000 101 2.000000 0.766072 3.761372 5.107139 -7.737873 85.957557 85.957557 
805.500000 102 2.000000 0.791152 3.278961 -1.392316 2.227878 6.901984 6.901984 
805.500000 103 2.000000 0.985283 18.050500 0.615801 2.768114 8.041667 8.041667 
805.500000 104 2.000000 0.036632 4.161419 0.732623 -3.482403 12.663869 12.663869 
805.500000 105 2.000000 0.366259 6.259786 -3.168698 0.093363 10.049365 10.049365 
805.500000 106 2.000000 0.985290 7.285993 3.941157 -3.567301 28.258356 28.258356 
805.500000 107 2.000000 0.637880 2.014196 -0.905298 4.028390 17.047492 17.047492 
805.500000 108 2.000000 0.867052 19.558338 -2.658938 5.388191 36.102551 36.102551 
805.500000 109 2.000000 0.634050 1.358305 2.536197 0.883666 7.213161 7.213161 
805.500000 110 2.000000 0.000001 8.171828 5.533255 -1.099120 31.824979 31.824979 
805.500000 111 2.000000 0.178698 6.617110 -1.825113 -0.655352 3.760524 3.760524 
805.500000 112 2.000000 0.278036 13.406938 0.926782 -2.082222 5.194574 5.194574 
805.500000 113 2.000000 0.821398 8.752717 1.048133 -4.264661 19.285914 19.285914 
805.500000 114 2.000000 0.524624 17.131888 0.144610 2.900070 8.431321 8.431321 
805.500000 115 2.000000 0.137721 11.252464 2.754391 -3.633440 20.788552 20.788552 
805.500000 116 2.000000 0.316871 13.317066 -1.707820 0.009337 2.916738 2.916738 
805.500000 117 2.000000 0.424498 7.212514 1.212850 -1.616459 4.083944 4.083944 
805.500000 118 2.000000 0.916783 3.943347 1.045843 -7.958107 64.425258 64.425258 
805.500000 119 2.000000 0.000001 2.905409 4.329634 5.282560 46.651177 46.651177 
805.500000 120 2.000000 0.311642 10.518060 -5.406866 2.570763 35.843023 35.843023 
805.500000 121 2.000000 0.670441 2.044117 4.469602 -0.255112 20.042426 20.042426 
805.500000 122 2.000000 0.014834 8.834098 -0.984371 -1.452797 3.079606 3.079606 
805.500000 123 2.000000 0.250280 17.768930 5.005586 2.710692 32.403739 32.403739 
805.500000 124 2.000000 0.999999 17.290129 -2.106807 2.479503 10.586570 10.586570 
805.500000 125 2.000000 0.684337 12.668718 3.421678 2.015443 15.769892 15.769892 
805.500000 126 2.000000 0.094305 12.742934 -6.037958 2.354404 42.000153 42.000153 
805.500000 127 2.000000 0.937393 6.115569 -1.252120 0.514962 1.832990 1.832990 
805.500000 128 2.000000 0.493312 16.251354 -5.066865 5.938675 60.940979 60.940979 
805.500000 129 2.000000 0.190287 8.012819 0.345975 -1.432194 2.170878 2.170878 
805.500000 130 2.000000 0.263138 14.384164 0.154787 -1.270219 1.637416 1.637416 
805.500000 131 2.000000 0.390446 6.528698 1.115558 -3.119714 10.977085 10.977085 
805.500000 132 2.000000 0.172310 1.724078 -3.310756 -4.023797 27.152049 27.152049 
805.500000 133 2.000000 0.000001 10.814877 1.995633 -5.101408 30.006920 30.006920 
805.500000 134 2.000000 0.999999 7.100431 -2.108637 -3.486370 16.601123 16.601123 
805.500000 135 2.000000 0.475437 8.243384 -2.098247 4.217409 22.189176 22.189176 
805.500000 136 2.000000 0.827746 19.595694 0.506791 -4.043050 16.603092 16.603092 
805.500000 137 2.000000 0.999999 6.257536 -3.071781 2.790111 17.220555 17.220555 
805.500000 138 2.000000 0.077281 1.999203 -0.498767 2.352003 5.780685 5.780685 
805.500000 139 2.000000 0.140012 12.798666 0.560044 7.384072 54.838169 54.838169 
805.500000 140 2.000000 0.999999 8.088354 -0.786163 2.734108 8.093397 8.093397 
805.500000 141 2.000000 0.741867 11.359405 7.418657 -4.094765 71.803571 71.803571 
805.500000 142 2.000000 0.903474 3.804360 6.023155 5.852860 70.534365 70.534365 
805.500000 143 2.000000 0.527660 5.883936 -0.410729 -2.036625 4.316541 4.316541 
805.500000 144 2.000000 0.609687 3.158902 4.064572 -1.546579 18.912655 18.912655 
805.500000 145 2.000000 0.701888 16.561007 0.531319 1.605935 2.861328 2.861328 
805.500000 146 2.000000 0.720367 8.306346 3.381640 0.960808 12.358645 12.358645 
805.500000 147 2.000000 0.999999 15.308941 -5.086895 1.088954 27.062322 27.062322 
805.500000 148 2.000000 0.920345 11.139575 1.415914 -11.077187 124.708877 124.708877 
805.500000 149 2.000000 0.098358 13.559882 0.491784 -0.445295 0.440139 0.440139 
805.500000 150 2.000000 0.626059 3.985672 -0.089110 -1.804308 3.263467 3.263467 
805.500000 151 2.000000 0.680329 19.932104 6.803283 -1.357909 48.128582 48.128582 
805.500000 152 2.000000 0.000001 11.053710 4.296519 -2.089412 22.825721 22.825721 
805.500000 153 2.000000 0.363821 5.336247 1.455278 -0.704499 2.614154 2.614154 
805.500000 154 2.000000 0.296366 10.505245 -3.235789 -3.016308 19.568445 19.568445 
805.500000 155 2.000000 0.239108 6.343093 2.391071 -2.152457 10.350293 10.350293 
805.500000 156 2.000000 0.297653 5.202659 5.953035 -2.196609 40.263720 40.263720 
805.500000 157 2.000000 0.000001 4.922411 2.854259 -4.070775 24.718003 24.718003 
805.500000 158 2.000000 0.000001 17.956227 5.502422 2.312929 35.626288 35.626288 
805.500000 159 2.000000 0.862291 11.928692 5.932314 -4.395940 54.516636 54.516636 
805.500000 160 2.000000 0.660287 6.765924 -1.698559 1.995058 6.865360 6.865360 
805.500000 161 2.000000 0.999999 16.835921 -2.587440 -0.394887 6.850784 6.850784 
805.500000 162 2.000000 0.207406 19.037529 -0.880659 4.220354 18.586949 18.586949 
805.500000 163 2.000000 0.625559 12.173337 -1.248133 -5.797527 35.169159 35.169159 
805.500000 164 2.000000 0.000001 10.214988 2.552809 -0.918475 7.360430 7.360430 
805.500000 165 2.000000 0.989291 10.432327 0.581935 -3.660220 13.735861 13.735861 
805.500000 166 2.000000 0.921201 19.284968 -1.575961 5.664495 34.570159 34.570159 
805.500000 167 2.000000 0.324193 6.454720 2.161281 -5.611372 36.158627 36.158627 
805.500000 168 2.000000 0.249619 1.606565 -1.667510 4.590182 23.850364 23.850364 
805.500000 169 2.000000 0.117726 18.405165 2.354506 9.948737 104.521070 104.521070 
805.500000 170 2.000000 0.379182 14.155982 -6.208169 2.159470 43.204677 43.204677 
805.500000 171 2.000000 0.514009 1.077674 10.280163 2.694183 112.940384 112.940384 
805.500000 172 2.000000 0.191736 6.074459 -4.041315 -0.672282 16.784188 16.784188 
805.500000 173 2.000000 0.000001 18.380977 3.173650 -3.833383 24.766884 24.766884 
805.500000 174 2.000000 0.010393 18.409523 -0.586308 -3.298833 11.226058 11.226058 
805.500000 175 2.000000 0.764121 18.379204 0.876556 -6.483178 42.799952 42.799952 
805.500000 176 2.000000 0.120449 13.837365 -0.794297 -1.889615 4.201553 4.201553 
805.500000 177 2.000000 0.701777 1.157774 -0.852062 1.781189 3.898643 3.898643 
805.500000 178 2.000000 0.486441 1.120375 -5.135584 2.240748 31.395176 31.395176 
805.500000 179 2.000000 0.941314 6.275413 -1.173708 5.704920 33.923701 33.923701 
805.500000 180 2.000000 0.999999 17.223210 -5.478459 3.641266 43.272337 43.272337 
805.500000 181 2.000000 0.660389 19.459567 2.201293 5.183933 31.718849 31.718849 
805.500000 182 2.000000 0.117932 1.249461 -2.796756 -1.014794 8.851650 8.851650 
805.500000 183 2.000000 0.217418 9.214943 4.348349 6.820152 65.422615 65.422615 
805.500000 184 2.000000 0.000001 8.444193 1.823496 -1.295842 5.004343 5.004343 
805.500000 185 2.000000 0.000001 13.739822 3.892451 -4.156213 32.425286 32.425286 
805.500000 186 2.000000 0.344904 10.673465 0.985438 1.952225 4.782272 4.782272 
805.500000 187 2.000000 0.478260 0.066541 2.391297 1.330800 7.489330 7.489330 
805.500000 188 2.000000 0.734724 15.706364 -0.096519 5.762168 33.211891 33.211891 
805.500000 189 2.000000 0.999999 4.801028 -2.871047 -6.250019 47.305653 47.305653 
805.500000 190 2.000000 0.528180 12.553642 -1.048487 -5.318826 29.389236 29.389236 
805.500000 191 2.000000 0.000001 11.008926 6.144268 0.740107 38.299790 38.299790 
805.500000 192 2.000000 0.075123 6.978783 0.250407 0.919947 0.909006 0.909006 
805.500000 193 2.000000 0.639516 4.590704 -7.209660 6.139164 89.668529 89.668529 
805.500000 194 2.000000 0.648348 14.125167 -0.439564 -1.812757 3.479304 3.479304 
805.500000 195 2.000000 0.364762 16.932657 -0.989239 -5.615638 32.513982 32.513982 
805.500000 196 2.000000 0.374960 1.464849 -2.416181 -3.736634 19.800368 19.800368 
805.500000 197 2.000000 0.120440 17.314761 -8.795589 0.129049 77.379044 77.379044 
805.500000 198 2.000000 0.937571 7.574326 2.343924 -4.514336 25.873207 25.873207 
805.500000 199 2.000000 0.276970 2.328978 -2.410095 -0.936403 6.685410 6.685410 
805.500000 200 2.000000 0.448579 10.357016 -0.648729 2.389116 6.128726 6.128726 
805.500000 201 2.000000 0.977463 3.573318 5.228144 0.547875 27.633658 27.633658 
805.500000 202 2.000000 0.432537 11.168525 -0.410706 -2.483347 6.335692 6.335692 
805.500000 203 2.000000 0.743340 7.017762 -5.133188 -2.422512 32.218190 32.218190 
805.500000 204 2.000000 0.290653 15.484270 1.937679 -4.568567 24.626405 24.626405 
805.500000 205 2.000000 0.673816 15.088782 0.561513 4.715244 22.548824 22.548824 
805.500000 206 2.000000 0.364531 1.480761 0.251920 -4.142747 17.225819 17.225819 
805.500000 207 2.000000 0.578008 17.940242 0.544540 3.367915 11.639373 11.639373 
805.500000 208 2.000000 0.308932 8.105747 -1.535705 2.303202 7.663129 7.663129 
805.500000 209 2.000000 0.699172 0.494879 2.747792 2.032916 11.683107 11.683107 
805.500000 210 2.000000 0.963033 17.043494 2.407579 -0.841212 6.504075 6.504075 
805.500000 211 2.000000 0.443427 4.833799 0.466765 8.056329 65.122314 65.122314 
805.500000 212 2.000000 0.103175 18.204939 2.063477 -0.944768 5.150523 5.150523 
805.500000 213 2.000000 0.518466 2.829166 0.509391 -0.912356 1.091873 1.091873 
805.500000 214 2.000000 0.197519 4.801910 3.950357 3.136978 25.445952 25.445952 
805.500000 215 2.000000 0.707171 8.207422 -5.856562 -1.244564 35.848259 35.848259 
805.500000 216 2.000000 0.870300 18.184801 -2.593980 3.399271 18.283775 18.283775 
805.500000 217 2.000000 0.000001 13.725969 7.218275 2.322633 57.498122 57.498122 
805.500000 218 2.000000 0.616250 10.790101 -0.451469 0.802078 0.847153 0.847153 
805.500000 219 2.000000 0.054761 17.745770 1.095205 -0.963026 2.126894 2.126894 
805.500000 220 2.000000 0.475074 6.772879 4.750730 -4.181230 40.052123 40.052123 
805.500000 221 2.000000 0.966729 12.099979 0.481655 -0.569526 0.556351 0.556351 
805.500000 222 2.000000 0.709612 16.891979 7.096105 1.970930 54.239271 54.239271 
805.500000 223 2.000000 0.814530 18.308133 0.078119 -1.538060 2.371732 2.371732 
805.500000 224 2.000000 0.298473 6.228822 -0.383980 -0.354551 0.273147 0.273147 
805.500000 225 2.000000 0.904770 9.017505 -0.380917 -7.085480 50.349125 50.349125 
805.500000 226 2.000000 0.000001 14.272970 1.969485 -3.470927 15.926203 15.926203 
805.500000 227 2.000000 0.450035 19.172930 -0.647016 4.853592 23.975989 23.975989 
805.500000 228 2.000000 0.755247 5.216187 -1.631679 7.451695 58.190127 58.190127 
805.500000 229 2.000000 0.999999 4.180257 -7.163379 0.140519 51.333749 51.333749 
805.500000 230 2.000000 0.000001 14.855103 5.790392 2.914255 42.021516 42.021516 
805.500000 231 2.000000 0.821606 11.923133 -3.567865 -5.210881 39.882944 39.882944 
805.500000 232 2.000000 0.076593 1.057295 -4.617032 3.020840 30.442458 30.442458 
805.500000 233 2.000000 0.674456 19.024318 1.348910 -6.504542 44.128623 44.128623 
805.500000 234 2.000000 0.000001 19.091186 4.166690 5.169165 44.081574 44.081574 
805.500000 235 2.000000 0.273307 14.357088 0.121469 -6.269901 39.326412 39.326412 
805.500000 236 2.000000 0.163937 10.099076 0.546454 3.809433 14.810390 14.810390 
805.500000 237 2.000000 0.944297 18.389187 3.777186 -1.288650 15.927752 15.927752 
805.500000 238 2.000000 0.560027 11.792152 3.733505 0.278549 14.016647 14.016647 
805.500000 239 2.000000 0.723099 10.318230 -5.538008 -1.400362 32.630544 32.630544 
805.500000 240 2.000000 0.385210 2.862821 -0.359423 -1.943210 3.905249 3.905249 
805.500000 241 2.000000 0.323405 5.018979 3.234036 3.041805 19.711569 19.711569 
805.500000 242 2.000000 0.582653 18.942803 -8.346919 2.071864 73.963673 73.963673 
805.500000 243 2.000000 0.372540 6.235641 -1.568647 4.796646 25.468472 25.468472 
805.500000 244 2.000000 0.999999 10.220650 -3.078194 0.334321 9.587047 9.587047 
805.500000 245 2.000000 0.345062 6.006508 -6.549372 -6.671418 87.402087 87.402087 
805.500000 246 2.000000 0.999999 16.619304 -4.658304 -4.891532 45.626890 45.626890 
805.500000 247 2.000000 0.359343 13.709657 -2.562624 3.427414 18.314206 18.314206 
805.500000 248 2.000000 0.139219 3.154005 0.928122 1.770766 3.997021 3.997021 
805.500000 249 2.000000 0.290032 12.568996 -4.733111 0.423175 22.581413 22.581413 
805.500000 250 2.000000 0.760694 9.282334 0.894933 4.041961 17.138351 17.138351 
805.500000 251 2.000000 0.803179 3.013043 2.677261 -1.449415 9.268527 9.268527 
805.500000 252 2.000000 0.804509 7.214251 -3.909798 0.083034 15.293418 15.293418 
805.500000 253 2.000000 0.385794 10.660311 1.127391 4.840803 24.704383 24.704383 
805.500000 254 2.000000 0.617527 11.831636 -3.824719 0.756394 15.200606 15.200606 
805.500000 255 2.000000 0.458391 15.513161 -5.416081 0.256635 29.399798 29.399798 
805.500000 256 2.000000 0.462308 0.845752 0.355621 3.383003 11.571173 11.571173 
805.500000 257 2.000000 0.085848 9.470185 -1.425021 -4.891542 25.957873 25.957873 
805.500000 258 2.000000 0.642552 13.464473 0.401594 -2.462437 6.224872 6.224872 
805.500000 259 2.000000 0.201070 5.028095 -3.195718 4.303363 28.731542 28.731542 
805.500000 260 2.000000 0.417001 15.992690 0.694999 1.364899 2.345973 2.345973 
805.500000 261 2.000000 0.390481 0.497377 -4.063455 3.315842 27.506474 27.506474 
805.500000 262 2.000000 0.514942 13.772381 -1.616856 4.173448 20.031896 20.031896 
805.500000 263 2.000000 0.101681 19.504585 -8.983184 -4.954145 105.241145 105.241145 
805.500000 264 2.000000 0.187144 13.878140 -0.947089 2.893466 9.269125 9.269125 
805.500000 265 2.000000 0.580913 6.603532 -4.190856 2.534549 23.987212 23.987212 
805.500000 266 2.000000 0.612384 12.085234 6.123829 -4.796827 60.510830 60.510830 
805.500000 267 2.000000 0.312050 19.798953 -2.293165 -0.670153 5.707708 5.707708 
805.500000 268 2.000000 0.444755 12.916209 -0.616937 3.775444 14.634589 14.634589 
805.500000 269 2.000000 0.000001 15.618780 0.793354 4.704920 22.765684 22.765684 
805.500000 270 2.000000 0.597618 15.298402 0.919411 4.556534 21.607320 21.607320 
805.500000 271 2.000000 0.200901 2.353738 4.018001 7.845792 77.700775 77.700775 
805.500000 272 2.000000 0.172184 0.516967 -4.139075 -1.486853 19.342676 19.342676 
805.500000 273 2.000000 0.999999 7.523993 -6.245886 -1.955425 42.834782 42.834782 
805.500000 274 2.000000 0.494927 16.527330 -5.050723 -4.085493 42.201050 42.201050 
805.500000 275 2.000000 0.436752 10.673490 2.911674 -1.556451 10.900386 10.900386 
805.500000 276 2.000000 0.864159 10.540679 0.107474 6.200399 38.456496 38.456496 
805.500000 277 2.000000 0.494711 11.289409 4.947097 5.644704 56.336449 56.336449 
805.500000 278 2.000000 0.023564 5.619479 -4.882175 -2.968355 32.646771 32.646771 
805.500000 279 2.000000 0.542057 14.201457 -4.579423 1.426931 23.007248 23.007248 
805.500000 280 2.000000 0.635315 19.626833 -0.182342 -0.932916 0.903580 0.903580 
805.500000 281 2.000000 0.131577 0.250816 -2.894738 5.016300 33.542779 33.542779 
805.500000 282 2.000000 0.537009 19.277058 1.044197 6.099522 38.294511 38.294511 
805.500000 283 2.000000 0.305642 3.130801 6.112815 -2.292917 42.623971 42.623971 
805.500000 284 2.000000 0.481629 11.618115 -5.183703 0.418420 27.045851 27.045851 
805.500000 285 2.000000 0.999999 5.358760 -2.589732 -5.604422 38.116253 38.116253 
805.500000 286 2.000000 0.540704 5.943720 -0.612393 -0.903751 1.191792 1.191792 
805.500000 287 2.000000 0.527997 16.461728 -0.271030 -2.526260 6.455446 6.455446 
805.500000 288 2.000000 0.000001 9.572419 3.423226 -3.658800 25.105293 25.105293 
805.500000 289 2.000000 0.000001 0.801236 3.001568 -2.106901 13.448439 13.448439 
805.500000 290 2.000000 0.495493 8.497560 1.651641 1.902323 6.346753 6.346753 
805.500000 291 2.000000 0.930147 17.422782 -0.698519 3.485624 12.637501 12.637501 
805.500000 292 2.000000 0.863292 4.377435 0.640675 -1.947892 4.204747 4.204747 
805.500000 293 2.000000 0.240679 4.447445 0.481356 6.842221 47.047697 47.047697 
805.500000 294 2.000000 0.686912 5.791873 -1.258759 3.608414 14.605123 14.605123 
805.500000 295 2.000000 0.643077 2.471401 1.458598 -2.724028 9.547836 9.547836 
805.500000 296 2.000000 0.236000 15.561820 -2.546662 2.149890 11.107517 11.107517 
805.500000 297 2.000000 0.040365 15.415087 -3.198778 0.124735 10.247742 10.247742 
805.500000 298 2.000000 0.000001 9.269597 5.059784 3.503668 37.877106 37.877106 
805.500000 299 2.000000 0.257978 14.189503 5.159547 0.846028 27.336688 27.336688 
805.500000 300 2.000000 0.414718 18.445637 2.764781 -10.362412 115.023590 115.023590 
805.500000 301 2.000000 0.738436 1.089468 -2.615627 -2.089565 11.207785 11.207785 
805.500000 302 2.000000 0.725826 0.499731 -5.483460 -4.137479 47.187062 47.187062 
805.500000 303 2.000000 0.111136 8.554021 -0.682781 1.106473 1.690471 1.690471 
805.500000 304 2.000000 0.893765 14.105464 1.787528 -5.613843 34.710493 34.710493 
805.500000 305 2.000000 0.088120 12.335458 -4.559397 4.709198 42.964642 42.964642 
805.500000 306 2.000000 0.068589 3.173361 0.685879 -4.890417 24.386613 24.386613 
805.500000 307 2.000000 0.593288 19.658551 -4.067110 -6.828969 63.176195 63.176195 
805.500000 308 2.000000 0.684659 0.844447 -2.102269 -0.496709 4.666255 4.666255 
805.500000 309 2.000000 0.663542 11.576509 2.211803 -2.331823 10.329471 10.329471 
805.500000 310 2.000000 0.009632 11.169843 -1.320489 -2.680724 8.929969 8.929969 
805.500000 311 2.000000 0.794095 2.878940 -2.059041 -0.391115 4.392619 4.392619 
805.500000 312 2.000000 0.089845 7.238014 -6.067693 -2.052230 41.028544 41.028544 
805.500000 313 2.000000 0.244834 5.509027 4.896665 -0.145890 23.998616 23.998616 
805.500000 314 2.000000 0.000001 0.056822 5.698014 -2.613831 39.299480 39.299480 
805.500000 315 2.000000 0.931258 7.202951 2.660733 4.001639 23.092615 23.092615 
805.500000 316 2.000000 0.681350 18.189432 1.946710 1.688818 6.641787 6.641787 
805.500000 317 2.000000 0.905329 15.184768 -0.946696 3.607050 13.907046 13.907046 
805.500000 318 2.000000 0.999999 15.307094 -4.183922 -0.664738 17.947076 17.947076 
805.500000 319 2.000000 0.298868 19.999999 -1.402262 -1.669271 4.752803 4.752803 
805.500000 320 2.000000 0.664946 12.417755 -6.701070 0.613539 45.280768 45.280768 
805.500000 321 2.000000 0.458774 11.807064 -2.706123 1.259794 8.910185 8.910185 
805.500000 322 2.000000 0.687323 11.033560 -3.126762 -0.265699 9.847239 9.847239 
805.500000 323 2.000000 0.491676 7.306356 -2.541617 -4.689915 28.455118 28.455118 
805.500000 324 2.000000 0.848367 6.579269 -1.516316 1.302037 3.994515 3.994515 
805.500000 325 2.000000 0.618177 0.098052 2.472703 0.980511 7.075663 7.075663 
805.500000 326 2.000000 0.436367 14.407327 4.363656 -1.280835 20.682029 20.682029 
805.500000 327 2.000000 0.304159 3.780257 1.520790 0.048884 2.315191 2.315191 
805.500000 328 2.000000 0.999999 15.009257 -4.517081 -1.002888 21.409803 21.409803 
805.500000 329 2.000000 0.981028 3.568758 6.199350 2.009514 42.470092 42.470092 
805.500000 330 2.000000 0.857594 19.141554 2.450265 -4.292223 24.426979 24.426979 
805.500000 331 2.000000 0.867921 13.189539 0.126894 2.136829 4.582139 4.582139 
805.500000 332 2.000000 0.514816 16.769904 3.432098 -2.208746 16.657851 16.657851 
805.500000 333 2.000000 0.432557 8.439865 -2.412488 3.859131 20.712990 20.712990 
805.500000 334 2.000000 0.169617 8.965699 0.678462 1.204343 1.910754 1.910754 
805.500000 335 2.000000 0.652605 1.071359 -2.315960 -1.234557 6.887803 6.887803 
805.500000 336 2.000000 0.583884 7.117718 -0.756573 -0.067861 0.577008 0.577008 
805.500000 337 2.000000 0.583436 8.912125 -2.082817 -1.849811 7.759930 7.759930 
805.500000 338 2.000000 0.777827 13.722759 -4.443448 -1.849387 23.164459 23.164459 
805.500000 339 2.000000 0.563975 6.316226 -2.180122 7.895281 67.088396 67.088396 
805.500000 340 2.000000 0.852815 13.551152 -2.943687 1.288302 10.325013 10.325013 
805.500000 341 2.000000 0.999999 17.164981 -6.798544 0.440304 46.414075 46.414075 
805.500000 342 2.000000 0.556494 2.628477 3.709954 -0.599556 14.123226 14.123226 
805.500000 343 2.000000 0.999999 13.444944 -2.520879 -0.273247 6.429496 6.429496 
805.500000 344 2.000000 0.912205 11.666191 -1.755888 -1.943168 6.859046 6.859046 
805.500000 345 2.000000 0.410733 15.742478 1.369106 -0.208974 1.918121 1.918121 
805.500000 346 2.000000 0.383546 11.634057 3.835454 0.332850 14.821497 14.821497 
805.500000 347 2.000000 0.695534 6.663257 1.545629 1.908208 6.030227 6.030227 
805.500000 348 2.000000 0.000001 6.923266 6.965694 -2.340861 54.000526 54.000526 
805.500000 349 2.000000 0.378576 7.885210 -2.071408 -4.781042 27.149097 27.149097 
805.500000 350 2.000000 0.327417 17.264359 -1.681454 3.886577 17.932767 17.932767 
805.500000 351 2.000000 0.090727 16.576265 -1.818544 -5.706224 35.868090 35.868090 
805.500000 352 2.000000 0.755068 18.136683 5.033780 -2.192136 30.144406 30.144406 
805.500000 353 2.000000 0.227552 2.251303 1.517008 1.414780 4.302917 4.302917 
805.500000 354 2.000000 0.203235 5.634926 -5.311758 -3.343526 39.393938 39.393938 
805.500000 355 2.000000 0.321249 3.507855 2.141654 1.069340 5.730171 5.730171 
805.500000 356 2.000000 0.741942 11.909400 -5.161149 -3.172784 36.704020 36.704020 
805.500000 357 2.000000 0.856474 1.993754 5.709817 -3.213400 42.927949 42.927949 
805.500000 358 2.000000 0.211307 8.064276 -3.154769 0.528522 10.231900 10.231900 
805.500000 359 2.000000 0.723302 9.853837 -5.533937 0.051865 30.627145 30.627145 
805.500000 360 2.000000 0.300779 1.638528 2.005188 3.277054 14.759864 14.759864 
805.500000 361 2.000000 0.444141 7.907208 -0.633116 -1.197750 1.835442 1.835442 
805.500000 362 2.000000 0.000001 12.137220 1.301583 -3.786975 16.035298 16.035298 
805.500000 363 2.000000 0.033245 17.454191 -6.445025 0.031398 41.539336 41.539336 
805.500000 364 2.000000 0.376943 10.798696 0.837648 2.999637 9.699479 9.699479 
805.500000 365 2.000000 0.081749 4.044073 -1.412692 -4.308209 20.556361 20.556361 
805.500000 366 2.000000 0.831232 3.534059 4.156155 -2.999635 26.271430 26.271430 
805.500000 367 2.000000 0.434896 11.151046 0.324116 -3.586078 12.965006 12.965006 
805.500000 368 2.000000 0.861815 11.707223 5.745426 0.908897 33.836013 33.836013 
805.500000 369 2.000000 0.217045 19.570003 -2.609848 -2.149980 11.433719 11.433719 
805.500000 370 2.000000 0.999999 8.503641 -6.340700 -6.191138 78.534664 78.534664 
805.500000 371 2.000000 0.999999 11.773093 -0.329323 2.786737 7.874354 7.874354 
805.500000 372 2.000000 0.579754 16.339338 -4.202452 0.765877 18.247167 18.247167 
805.500000 373 2.000000 0.328350 0.617994 -6.716486 -0.966702 46.045690 46.045690 
805.500000 374 2.000000 0.354666 3.853709 -1.613333 -2.824293 10.579471 10.579471 
805.500000 375 2.000000 0.608607 12.655676 3.043031 0.735222 9.800585 9.800585 
805.500000 376 2.000000 0.774024 11.699006 3.096090 -1.484480 11.789455 11.789455 
805.500000 377 2.000000 0.671929 5.791789 0.838883 -1.904398 4.330455 4.330455 
805.500000 378 2.000000 0.814796 7.856056 -0.617343 5.819300 34.245368 34.245368 
805.500000 379 2.000000 0.691957 8.176876 2.306521 7.138548 56.278901 56.278901 
805.500000 380 2.000000 0.999999 18.466788 -3.551393 3.847524 27.415838 27.415838 
805.500000 381 2.000000 0.286069 5.941605 2.860678 -0.552158 8.488359 8.488359 
805.500000 382 2.000000 0.000001 10.237011 3.656546 -0.364864 13.503452 13.503452 
805.500000 383 2.000000 0.453393 9.086699 4.533921 0.914031 21.391894 21.391894 
805.500000 384 2.000000 0.309493 4.061744 3.094921 4.069335 26.138024 26.138024 
805.500000 385 2.000000 0.772682 11.655372 -4.546349 -1.355933 22.507842 22.507842 
805.500000 386 2.000000 0.116159 1.655102 2.323154 -3.144949 15.287748 15.287748 
805.500000 387 2.000000 0.353126 5.719193 -6.468734 3.759135 55.975618 55.975618 
805.500000 388 2.000000 0.657040 13.092189 1.071130 -1.414317 3.147612 3.147612 
805.500000 389 2.000000 0.760803 10.007895 2.173721 -5.259002 32.382170 32.382170 
805.500000 390 2.000000 0.458921 13.132860 -2.164313 1.825448 8.016514 8.016514 
805.500000 391 2.000000 0.047972 13.123380 -4.760133 -3.619273 35.758002 35.758002 
805.500000 392 2.000000 0.999999 15.990156 -4.834866 1.794860 26.597454 26.597454 
805.500000 393 2.000000 0.000001 0.659290 5.204513 -7.075523 77.149980 77.149980 
805.500000 394 2.000000 0.772698 19.237407 -0.156759 3.681045 13.574664 13.574664 
805.500000 395 2.000000 0.379002 1.844587 -6.244948 -1.064147 40.131782 40.131782 
805.500000 396 2.000000 0.000001 17.956211 5.774735 2.267627 38.489692 38.489692 
805.500000 397 2.000000 0.030070 15.583985 -0.698081 5.932188 35.678172 35.678172 
805.500000 398 2.000000 0.671191 4.284404 6.711902 0.895648 45.851816 45.851816 
805.500000 399 2.000000 0.645775 18.300078 -1.180746 -2.124902 5.909368 5.909368 
805.500000 400 2.000000 0.110274 9.738628 2.436674 2.915652 14.438406 14.438406 
805.500000 401 2.000000 0.706616 3.460970 -5.867650 3.954455 50.067034 50.067034 
805.500000 402 2.000000 0.537019 5.159070 -0.841782 -0.727544 1.237918 1.237918 
805.500000 403 2.000000 0.341345 13.392354 -0.986460 -0.777938 1.578290 1.578290 
805.500000 404 2.000000 0.187136 2.326571 0.623782 -1.273740 2.011519 2.011519 
805.500000 405 2.000000 0.153690 4.239381 3.073771 0.243438 9.507332 9.507332 
805.500000 406 2.000000 0.629580 14.285935 -7.408383 3.750118 68.947532 68.947532 
805.500000 407 2.000000 0.499446 10.064589 0.595609 -1.957532 4.186683 4.186683 
805.500000 408 2.000000 0.845351 12.179540 -1.546477 -1.189697 3.806970 3.806970 
805.500000 409 2.000000 0.640160 14.690146 -1.799194 -2.021453 7.323370 7.323370 
805.500000 410 2.000000 0.000001 5.056064 1.237753 2.354506 7.075731 7.075731 
805.500000 411 2.000000 0.547605 15.393978 -0.565493 -3.506549 12.615670 12.615670 
805.500000 412 2.000000 0.999999 10.850006 -5.514840 0.508969 30.672510 30.672510 
805.500000 413 2.000000 0.541561 9.959317 3.880542 5.802995 48.733357 48.733357 
805.500000 414 2.000000 0.532700 6.388016 1.775663 -1.494827 5.387489 5.387489 
805.500000 415 2.000000 0.213733 8.032855 -0.400660 2.661494 7.244080 7.244080 
805.500000 416 2.000000 0.204458 9.460327 -2.651802 1.544585 9.417799 9.417799 
805.500000 417 2.000000 0.537028 9.953122 7.551820 -3.574495 69.807001 69.807001 
805.500000 418 2.000000 0.214339 5.012991 -0.628528 3.457234 12.347518 12.347518 
805.500000 419 2.000000 0.559218 7.156165 0.254396 1.575620 2.547295 2.547295 
805.500000 420 2.000000 0.703206 6.060869 -2.967931 -1.993691 12.783417 12.783417 
805.500000 421 2.000000 0.377374 15.821945 3.773729 -0.992430 15.225949 15.225949 
805.500000 422 2.000000 0.000001 8.197443 3.990734 -4.257467 34.051984 34.051984 
805.500000 423 2.000000 0.752386 18.211929 -0.990450 -3.973490 16.769612 16.769612 
805.500000 424 2.000000 0.187761 17.067148 1.877600 0.981587 4.488892 4.488892 
805.500000 425 2.000000 0.640381 19.119838 -1.438472 -0.510116 2.329421 2.329421 
805.500000 426 2.000000 0.999999 0.524471 -0.333216 3.496470 12.336332 12.336332 
805.500000 427 2.000000 0.350727 14.483329 3.507259 3.041749 21.553101 21.553101 
805.500000 428 2.000000 0.635774 16.387144 -3.642251 -3.803006 27.728847 27.728847 
805.500000 429 2.000000 0.188787 17.173541 1.258576 1.317224 3.319093 3.319093 
805.500000 430 2.000000 0.509619 1.745628 -2.451898 -1.416056 8.017020 8.017020 
805.500000 431 2.000000 0.515647 2.832838 2.151245 -3.964765 20.347216 20.347216 
805.500000 432 2.000000 0.161646 1.259224 3.232892 -0.271837 10.525487 10.525487 
805.500000 433 2.000000 0.999999 6.557535 -9.688816 -4.966669 118.540958 118.540958 
805.500000 434 2.000000 0.608988 6.849797 -7.820225 -3.631353 74.342638 74.342638 
805.500000 435 2.000000 0.601436 13.932901 -3.985627 5.746439 48.906787 48.906787 
805.500000 436 2.000000 0.957052 11.949088 -0.858930 -1.394059 2.681161 2.681161 
805.500000 437 2.000000 0.000001 8.435108 5.419484 -3.902628 44.601311 44.601311 
805.500000 438 2.000000 0.999999 15.601576 -3.605746 2.023520 17.096036 17.096036 
805.500000 439 2.000000 0.720436 3.649141 -5.591254 3.110684 40.938478 40.938478 
805.500000 440 2.000000 0.322494 13.426229 -3.387525 -1.817511 14.778670 14.778670 
805.500000 441 2.000000 0.000001 6.158064 5.334168 -4.312975 47.055100 47.055100 
805.500000 442 2.000000 0.335240 6.962458 -2.659037 3.164753 17.086138 17.086138 
805.500000 443 2.000000 0.429641 10.740049 4.296403 -2.144822 23.059338 23.059338 
805.500000 444 2.000000 0.309895 8.433929 6.197875 -1.840491 41.801064 41.801064 
805.500000 445 2.000000 0.249377 9.468297 4.987522 -8.046070 89.614609 89.614609 
805.500000 446 2.000000 0.687008 8.353373 0.687007 -4.159509 17.773495 17.773495 
805.500000 447 2.000000 0.552790 8.378369 0.152254 1.854432 3.462100 3.462100 
805.500000 448 2.000000 0.685589 3.534611 -3.144101 7.069219 59.859230 59.859230 
805.500000 449 2.000000 0.521904 8.070758 -0.511691 -0.023799 0.262394 0.262394 
805.500000 450 2.000000 0.467888 5.829208 0.467887 -1.898160 3.821929 3.821929 
805.500000 451 2.000000 0.759739 14.314393 1.168827 1.259861 2.953407 2.953407 
805.500000 452 2.000000 0.000001 10.145360 3.288189 5.514250 41.219134 41.219134 
805.500000 453 2.000000 0.700665 1.915781 -1.197337 -2.429055 7.333922 7.333922 
805.500000 454 2.000000 0.329370 15.259952 1.646846 3.025897 11.868154 11.868154 
805.500000 455 2.000000 0.555737 17.658481 5.557355 1.460237 33.016491 33.016491 
805.500000 456 2.000000 0.538774 17.047183 -0.384354 -3.937088 15.648392 15.648392 
805.500000 457 2.000000 0.951532 19.162632 1.458095 -0.844059 2.838476 2.838476 
805.500000 458 2.000000 0.169558 15.540876 3.391148 -8.918246 91.035001 91.035001 
805.500000 459 2.000000 0.686531 8.011195 3.432652 -4.209189 29.500372 29.500372 
805.500000 460 2.000000 0.965356 14.682020 0.622810 1.133835 1.673472 1.673472 
805.500000 461 2.000000 0.999999 2.992399 -4.678406 0.491087 22.128644 22.128644 
805.500000 462 2.000000 0.499006 7.718679 -1.431408 1.143955 3.357562 3.357562 
805.500000 463 2.000000 0.054588 5.302572 0.218346 7.070095 50.033918 50.033918 
805.500000 464 2.000000 0.942476 3.229631 0.608793 -2.386651 6.066730 6.066730 
805.500000 465 2.000000 0.293572 11.437858 -3.532134 2.283430 17.690021 17.690021 
805.500000 466 2.000000 0.144823 10.633305 -0.743631 -1.490316 2.774029 2.774029 
805.500000 467 2.000000 0.413382 19.751482 -5.866166 -1.576416 36.896996 36.896996 
805.500000 468 2.000000 0.999999 1.354853 -0.777005 -5.108259 26.698047 26.698047 
805.500000 469 2.000000 0.411279 12.169962 -2.354880 2.179107 10.293967 10.293967 
805.500000 470 2.000000 0.176524 3.197183 -8.234745 -5.006565 92.876726 92.876726 
805.500000 471 2.000000 0.689233 13.802868 -2.071773 -0.106086 4.303496 4.303496 
805.500000 472 2.000000 0.614188 2.077336 6.141865 -4.110050 54.615021 54.615021 
805.500000 473 2.000000 0.000001 10.188871 4.036712 0.805038 16.943127 16.943127 
805.500000 474 2.000000 0.848137 10.888216 0.037173 -5.379634 28.941839 28.941839 
805.500000 475 2.000000 0.298111 6.020110 5.962193 0.985462 36.518883 36.518883 
805.500000 476 2.000000 0.288084 1.749249 1.152333 5.830828 35.326423 35.326423 
805.500000 477 2.000000 0.120149 14.922895 2.402967 0.750652 6.337728 6.337728 
805.500000 478 2.000000 0.670758 11.329360 1.676893 7.813351 63.860420 63.860420 
805.500000 479 2.000000 0.545760 0.572043 1.232679 2.959955 10.280830 10.280830 
805.500000 480 2.000000 0.481635 2.524654 1.605446 5.610340 34.053367 34.053367 
805.500000 481 2.000000 0.549191 7.297828 2.196760 3.482583 16.954138 16.954138 
805.500000 482 2.000000 0.231283 3.592703 4.625632 -2.372992 27.027566 27.027566 
805.500000 483 2.000000 0.318807 4.988210 6.376129 -0.008699 40.655098 40.655098 
805.500000 484 2.000000 0.565748 8.639852 5.657469 -2.251278 37.075212 37.075212 
805.500000 485 2.000000 0.783023 1.363737 -1.084880 2.714456 8.545235 8.545235 
805.500000 486 2.000000 0.248562 10.837014 -5.009580 3.432529 36.878144 36.878144 
805.500000 487 2.000000 0.332085 7.393162 -4.452762 -2.247861 24.879967 24.879967 
805.500000 488 2.000000 0.575289 19.216475 -4.247100 0.895727 18.840185 18.840185 
805.500000 489 2.000000 0.683817 19.999999 -2.057010 -2.688650 11.460126 11.460126 
805.500000 490 2.000000 0.000001 7.835257 7.116296 -1.164946 51.998771 51.998771 
805.500000 491 2.000000 0.506974 17.459747 -4.930249 -1.693501 27.175300 27.175300 
805.500000 492 2.000000 0.801029 5.228293 2.670092 -0.738265 7.674429 7.674429 
805.500000 493 2.000000 0.524113 0.207714 1.048225 2.077135 5.413264 5.413264 
805.500000 494 2.000000 0.749096 11.725060 -4.660897 1.720943 24.685604 24.685604 
805.500000 495 2.000000 0.941419 4.143551 -1.171599 0.863205 2.117768 2.117768 
805.500000 496 2.000000 0.415512 19.327400 -1.062704 -1.222907 2.624841 2.624841 
805.500000 497 2.000000 0.070191 13.774617 0.467932 -1.119465 1.472162 1.472162 
805.500000 498 2.000000 0.952074 5.205812 2.380183 -3.148844 15.580492 15.580492 
805.500000 499 2.000000 0.787378 3.465257 5.249180 -1.648308 30.270814 30.270814 
805.500000 500 2.000000 0.362768 8.368259 -6.372306 0.926600 41.464876 41.464876 
