144.500000 1 2.000000 2.199483 8.187461 0.721142 0.891675 1.315129 1.315129 
144.500000 2 2.000000 12.817124 8.682830 -2.028441 0.397055 4.272225 4.272225 
144.500000 3 2.000000 2.153854 3.644058 0.652683 -0.762515 1.007423 1.007423 
144.500000 4 2.000000 6.065888 10.665901 1.225432 -0.876441 2.269832 2.269832 
144.500000 5 2.000000 6.946025 8.009834 -0.350751 0.678108 0.582856 0.582856 
144.500000 6 2.000000 5.271511 1.998965 -0.022596 0.929751 0.864947 0.864947 
144.500000 7 2.000000 13.620661 14.071322 -0.128187 0.666408 0.460532 0.460532 
144.500000 8 2.000000 5.326940 16.331684 0.049740 -0.112698 0.015175 0.015175 
144.500000 9 2.000000 10.971045 6.743489 -0.466843 1.061967 1.345715 1.345715 
144.500000 10 2.000000 9.175511 15.501371 2.158944 -0.434650 4.849958 4.849958 
144.500000 11 2.000000 13.137394 1.726158 1.085735 0.663907 1.619592 1.619592 
144.500000 12 2.000000 14.277737 8.388043 0.580496 -0.430110 0.521970 0.521970 
144.500000 13 2.000000 8.708250 9.239496 -1.259210 -0.234114 1.640420 1.640420 
144.500000 14 2.000000 2.876085 6.665455 0.443929 1.007813 1.212760 1.212760 
144.500000 15 2.000000 5.651642 4.459244 -1.369933 0.269848 1.949535 1.949535 
144.500000 16 2.000000 2.125310 12.697548 1.465731 -0.103433 2.159065 2.159065 
144.500000 17 2.000000 13.881678 6.739575 0.417727 -0.029851 0.175387 0.175387 
144.500000 18 2.000000 1.046345 8.409796 -1.907813 -0.545506 3.937328 3.937328 
144.500000 19 2.000000 3.288135 13.445169 -0.718052 -0.615477 0.894411 0.894411 
144.500000 20 2.000000 1.254571 6.604159 0.611985 0.290293 0.458796 0.458796 
144.500000 21 2.000000 5.025784 5.011107 -1.973350 1.727968 6.879982 6.879982 
144.500000 22 2.000000 3.963705 5.423059 -0.832044 -1.147712 2.009541 2.009541 
144.500000 23 2.000000 9.093013 1.151969 -0.689491 -0.847071 1.192927 1.192927 
144.500000 24 2.000000 12.524509 5.397789 1.391612 0.072409 1.941827 1.941827 
144.500000 25 2.000000 5.724555 14.242084 0.242566 -0.100400 0.068918 0.068918 
144.500000 26 2.000000 2.777299 10.296675 -0.389249 -1.285209 1.803275 1.803275 
144.500000 27 2.000000 12.262067 4.029466 -0.003880 -0.865612 0.749298 0.749298 
144.500000 28 2.000000 12.455272 6.712380 1.491649 -1.121318 3.482371 3.482371 
144.500000 29 2.000000 7.870180 11.219319 0.645097 1.139017 1.713510 1.713510 
144.500000 30 2.000000 3.013206 3.256352 -0.251155 -0.034142 0.064244 0.064244 
144.500000 31 2.000000 3.584926 5.646758 1.236181 -1.259357 3.114124 3.114124 
144.500000 32 2.000000 0.169366 8.052519 -0.251946 -0.148435 0.085510 0.085510 
144.500000 33 2.000000 8.436807 12.293867 -0.836973 -0.650307 1.123422 1.123422 
144.500000 34 2.000000 5.160258 12.370902 0.174131 -0.081652 0.036989 0.036989 
144.500000 35 2.000000 3.019055 5.406622 0.425219 0.006636 0.180855 0.180855 
144.500000 36 2.000000 10.619001 9.401956 0.863333 -0.281221 0.824430 0.824430 
144.500000 37 2.000000 10.409366 15.055015 -0.514702 -0.344598 0.383666 0.383666 
144.500000 38 2.000000 11.790545 11.399055 1.247677 0.041576 1.558426 1.558426 
144.500000 39 2.000000 4.334900 6.031980 0.312989 -0.067522 0.102521 0.102521 
144.500000 40 2.000000 3.918793 10.331993 0.617133 -0.867086 1.132690 1.132690 
144.500000 41 2.000000 5.224088 14.093990 -0.085683 1.074234 1.161320 1.161320 
144.500000 42 2.000000 2.417013 4.714046 -0.742849 -0.778768 1.158303 1.158303 
144.500000 43 2.000000 7.107005 17.584499 0.014955 -0.492959 0.243232 0.243232 
144.500000 44 2.000000 3.057151 16.684844 -0.779220 -0.301378 0.698012 0.698012 
144.500000 45 2.000000 5.162308 6.274705 -0.754222 0.627470 0.962569 0.962569 
144.500000 46 2.000000 8.069554 8.172143 -0.068426 0.464326 0.220281 0.220281 
144.500000 47 2.000000 9.931557 3.726002 0.945863 -0.715341 1.406368 1.406368 
144.500000 48 2.000000 9.236891 7.200720 1.133361 -0.038751 1.286008 1.286008 
144.500000 49 2.000000 11.776921 8.429977 0.179841 0.202400 0.073309 0.073309 
144.500000 50 2.000000 4.782267 17.155274 -1.001043 -0.574692 1.332358 1.332358 
144.500000 51 2.000000 8.293688 15.697300 0.964382 0.479307 1.159768 1.159768 
144.500000 52 2.000000 11.144768 12.809528 0.070454 -0.658233 0.438235 0.438235 
144.500000 53 2.000000 7.183589 12.691112 -0.442719 -0.652579 0.621860 0.621860 
144.500000 54 2.000000 5.747493 10.104591 -0.776590 0.830029 1.292040 1.292040 
144.500000 55 2.000000 8.108472 3.666968 1.046254 -0.795909 1.728120 1.728120 
144.500000 56 2.000000 8.717286 19.667699 1.263375 0.254048 1.660656 1.660656 
144.500000 57 2.000000 14.290186 13.760652 -0.913254 -0.526341 1.111068 1.111068 
144.500000 58 2.000000 3.985155 7.941400 0.857022 -1.347329 2.549784 2.549784 
144.500000 59 2.000000 14.243172 3.893255 0.998412 0.472076 1.219683 1.219683 
144.500000 60 2.000000 6.846981 5.230526 -0.754076 -0.158556 0.593771 0.593771 
144.500000 61 2.000000 0.734865 1.103447 0.085139 1.103446 1.224841 1.224841 
144.500000 62 2.000000 0.888907 6.887245 1.045772 -0.848722 1.813969 1.813969 
144.500000 63 2.000000 9.501969 3.327790 0.280714 -0.462260 0.292485 0.292485 
144.500000 64 2.000000 6.044865 6.461446 0.078352 -0.334285 0.117886 0.117886 
144.500000 65 2.000000 5.933736 3.124630 0.019159 0.743959 0.553843 0.553843 
144.500000 66 2.000000 8.077239 14.127452 -0.116855 0.811922 0.672873 0.672873 
144.500000 67 2.000000 10.676769 15.955822 -1.274203 0.605240 1.989909 1.989909 
144.500000 68 2.000000 5.896624 16.352000 -0.770968 -0.060785 0.598087 0.598087 
144.500000 69 2.000000 11.299397 7.648297 -0.113489 0.807194 0.664442 0.664442 
144.500000 70 2.000000 14.175593 12.516997 -0.408452 0.955496 1.079805 1.079805 
144.500000 71 2.000000 11.602650 17.415576 -0.946234 1.213629 2.368254 2.368254 
144.500000 72 2.000000 0.640366 9.202606 0.914807 0.984236 1.805592 1.805592 
144.500000 73 2.000000 12.558609 4.852282 0.298136 -0.689666 0.564524 0.564524 
144.500000 74 2.000000 9.120861 7.686250 -0.842200 -1.375838 2.602230 2.602230 
144.500000 75 2.000000 14.022921 17.108551 -0.549661 0.595080 0.656247 0.656247 
144.500000 76 2.000000 7.559606 3.327249 1.737840 0.241982 3.078644 3.078644 
144.500000 77 2.000000 0.353761 3.569127 -0.981683 -0.065707 0.968018 0.968018 
144.500000 78 2.000000 5.256305 11.361917 -1.083502 0.233963 1.228716 1.228716 
144.500000 79 2.000000 0.108537 16.402750 -0.260051 0.441651 0.262682 0.262682 
144.500000 80 2.000000 6.649830 2.987641 -0.616064 0.329855 0.488339 0.488339 
144.500000 81 2.000000 6.251281 11.155398 1.059539 -0.159383 1.148026 1.148026 
144.500000 82 2.000000 9.076254 5.691247 1.686873 -0.515733 3.111523 3.111523 
144.500000 83 2.000000 11.615382 10.269914 -0.013436 -1.280274 1.639283 1.639283 
144.500000 84 2.000000 13.279503 4.707841 -0.539835 1.238905 1.826308 1.826308 
144.500000 85 2.000000 8.773256 17.983421 1.218508 1.215096 2.961219 2.961219 
144.500000 86 2.000000 0.520158 16.036367 -0.253619 0.095890 0.073517 0.073517 
144.500000 87 2.000000 13.276151 3.154241 0.804615 0.023128 0.647940 0.647940 
144.500000 88 2.000000 12.620124 16.674615 0.312810 0.317213 0.198474 0.198474 
144.500000 89 2.000000 6.058030 18.899578 0.917883 0.748498 1.402759 1.402759 
144.500000 90 2.000000 11.069887 3.434840 0.874197 0.706883 1.263905 1.263905 
144.500000 91 2.000000 10.079537 12.227365 -0.951291 1.096226 2.106666 2.106666 
144.500000 92 2.000000 6.294988 0.276989 1.614099 0.923292 3.457784 3.457784 
144.500000 93 2.000000 3.025126 13.719775 0.728946 0.372820 0.670357 0.670357 
144.500000 94 2.000000 13.562747 12.031626 1.695343 0.666572 3.318507 3.318507 
144.500000 95 2.000000 12.569067 10.813335 0.062818 0.504176 0.258139 0.258139 
144.500000 96 2.000000 11.576016 2.228057 -0.668749 0.253188 0.511329 0.511329 
144.500000 97 2.000000 9.210614 2.973184 0.868926 -0.129481 0.771797 0.771797 
144.500000 98 2.000000 12.911845 1.443203 -0.798549 -0.508405 0.896157 0.896157 
144.500000 99 2.000000 2.139908 1.846059 -1.188513 -0.773665 2.011121 2.011121 
144.500000 100 2.000000 10.936290 9.534649 -0.026980 -1.245875 1.552932 1.552932 
144.500000 101 2.000000 0.135589 8.778472 1.355876 0.382568 1.984759 1.984759 
144.500000 102 2.000000 13.184929 18.835751 0.448467 0.501830 0.452956 0.452956 
144.500000 103 2.000000 5.207744 6.443683 -1.551638 0.637430 2.813898 2.813898 
144.500000 104 2.000000 11.283413 8.991291 0.266432 -0.627277 0.464462 0.464462 
144.500000 105 2.000000 13.210325 5.433539 -0.425664 0.883502 0.961766 0.961766 
144.500000 106 2.000000 7.168720 14.967046 -1.303565 1.021237 2.742207 2.742207 
144.500000 107 2.000000 8.079211 17.122343 -1.625602 0.077698 2.648619 2.648619 
144.500000 108 2.000000 2.445213 19.810033 0.889168 -0.949828 1.692793 1.692793 
144.500000 109 2.000000 8.321452 1.746461 0.299333 -1.096309 1.291493 1.291493 
144.500000 110 2.000000 4.875106 11.434559 -0.076624 -0.973345 0.953273 0.953273 
144.500000 111 2.000000 6.043279 19.553899 0.276739 0.477000 0.304114 0.304114 
144.500000 112 2.000000 4.920618 11.106890 0.128356 -0.427553 0.199277 0.199277 
144.500000 113 2.000000 12.953116 7.707883 -1.282706 0.997802 2.640944 2.640944 
144.500000 114 2.000000 14.309215 15.594277 -0.703946 0.175114 0.526205 0.526205 
144.500000 115 2.000000 7.529387 16.237856 -0.634548 -0.026453 0.403351 0.403351 
144.500000 116 2.000000 6.343215 13.882955 -0.382401 0.336229 0.259280 0.259280 
144.500000 117 2.000000 12.956492 1.505990 -0.877193 -0.339189 0.884517 0.884517 
144.500000 118 2.000000 1.348188 3.416700 1.123489 -1.128116 2.534872 2.534872 
144.500000 119 2.000000 6.276946 17.385060 -1.181341 -0.197354 1.434515 1.434515 
144.500000 120 2.000000 3.720516 15.043648 -1.616404 0.818779 3.283161 3.283161 
144.500000 121 2.000000 1.289173 8.416870 -0.692447 -0.043286 0.481356 0.481356 
144.500000 122 2.000000 4.670086 8.670014 0.126238 0.744209 0.569783 0.569783 
144.500000 123 2.000000 2.496966 9.792564 -0.511824 -0.409252 0.429451 0.429451 
144.500000 124 2.000000 2.716619 6.083751 -0.529856 -0.287043 0.363141 0.363141 
144.500000 125 2.000000 11.050568 9.274262 -1.646572 -0.578207 3.045524 3.045524 
144.500000 126 2.000000 11.645401 6.598276 0.120598 -0.127424 0.030781 0.030781 
144.500000 127 2.000000 8.998605 13.700535 -1.319487 -0.787362 2.360985 2.360985 
144.500000 128 2.000000 7.583350 4.114815 0.047329 -0.257613 0.068605 0.068605 
144.500000 129 2.000000 10.025432 14.378520 -0.550408 -1.091549 1.494429 1.494429 
144.500000 130 2.000000 14.291340 6.129393 0.763645 0.358085 0.711379 0.711379 
144.500000 131 2.000000 12.819610 16.671176 -0.167455 1.572752 2.501591 2.501591 
144.500000 132 2.000000 2.999215 7.474658 -0.691965 0.590882 0.827957 0.827957 
144.500000 133 2.000000 3.132010 9.311117 0.156922 -1.875242 3.541158 3.541158 
144.500000 134 2.000000 10.066104 9.389315 -1.034255 -0.009584 1.069776 1.069776 
144.500000 135 2.000000 0.960078 17.919266 -0.758687 1.714762 3.516016 3.516016 
144.500000 136 2.000000 6.270413 4.231583 0.198745 0.798412 0.676961 0.676961 
144.500000 137 2.000000 1.894012 11.537018 -0.166010 0.770461 0.621170 0.621170 
144.500000 138 2.000000 6.361860 9.830202 -0.865121 -0.560072 1.062114 1.062114 
144.500000 139 2.000000 10.616203 10.996546 -1.694509 0.290858 2.955959 2.955959 
144.500000 140 2.000000 0.444347 7.038586 0.987435 -0.044586 0.977015 0.977015 
144.500000 141 2.000000 9.686231 4.643140 -0.163788 0.398553 0.185671 0.185671 
144.500000 142 2.000000 5.469339 8.541184 -1.065234 -0.089327 1.142703 1.142703 
144.500000 143 2.000000 11.497034 13.583640 -1.153543 0.527520 1.608938 1.608938 
144.500000 144 2.000000 0.613979 6.608677 -0.642131 -0.348279 0.533631 0.533631 
144.500000 145 2.000000 12.783596 0.801275 -0.603706 0.113656 0.377378 0.377378 
144.500000 146 2.000000 4.505531 5.707298 0.066355 -1.401245 1.967891 1.967891 
144.500000 147 2.000000 5.808234 10.992471 0.816644 0.344240 0.785408 0.785408 
144.500000 148 2.000000 4.502060 5.020964 -0.889654 -0.087404 0.799124 0.799124 
144.500000 149 2.000000 12.244748 15.437669 -0.981205 -0.217470 1.010057 1.010057 
144.500000 150 2.000000 2.993130 3.197423 0.436741 -0.148355 0.212752 0.212752 
144.500000 151 2.000000 13.517768 1.845029 0.318959 -0.811578 0.760393 0.760393 
144.500000 152 2.000000 9.970380 6.525892 0.132972 0.161068 0.043625 0.043625 
144.500000 153 2.000000 12.973020 17.974976 0.653553 -1.012512 1.452311 1.452311 
144.500000 154 2.000000 10.080135 12.309344 1.532047 -0.674142 2.801634 2.801634 
144.500000 155 2.000000 10.605984 13.339479 0.739204 1.465877 2.695216 2.695216 
144.500000 156 2.000000 13.971274 6.009944 -0.806179 -1.392045 2.587714 2.587714 
144.500000 157 2.000000 10.094318 3.766659 -0.903624 -0.203771 0.858059 0.858059 
144.500000 158 2.000000 0.124753 12.553464 0.623760 -0.658985 0.823339 0.823339 
144.500000 159 2.000000 9.868243 6.005215 0.238384 0.197876 0.095982 0.095982 
144.500000 160 2.000000 9.362350 17.717136 -1.057138 -0.368204 1.253115 1.253115 
144.500000 161 2.000000 3.337513 4.018400 0.326504 0.103173 0.117249 0.117249 
144.500000 162 2.000000 14.246541 10.719273 0.623481 0.630545 0.786316 0.786316 
144.500000 163 2.000000 7.436472 0.542898 -0.584754 -0.306610 0.435947 0.435947 
144.500000 164 2.000000 3.524605 2.974988 0.001143 -0.138108 0.019075 0.019075 
144.500000 165 2.000000 5.639385 4.848271 0.767263 -0.699215 1.077595 1.077595 
144.500000 166 2.000000 10.029464 11.186595 0.834883 0.561982 1.012854 1.012854 
144.500000 167 2.000000 12.072703 4.881142 0.669410 1.654624 3.185890 3.185890 
144.500000 168 2.000000 5.958173 4.933957 -0.502449 0.860654 0.993182 0.993182 
144.500000 169 2.000000 8.572655 5.577773 -1.225269 0.878389 2.272851 2.272851 
144.500000 170 2.000000 7.542556 7.785250 -0.593095 1.207015 1.808648 1.808648 
144.500000 171 2.000000 12.221349 5.895175 2.182384 0.316945 4.863252 4.863252 
144.500000 172 2.000000 13.654528 15.009722 0.956742 0.814059 1.578048 1.578048 
144.500000 173 2.000000 0.014431 4.525223 -0.218001 0.464125 0.262937 0.262937 
144.500000 174 2.000000 7.359828 16.496735 0.298796 0.627598 0.483159 0.483159 
144.500000 175 2.000000 10.214666 13.109373 0.820367 1.225886 2.175798 2.175798 
144.500000 176 2.000000 11.253841 17.490098 1.642896 1.239102 4.234482 4.234482 
144.500000 177 2.000000 13.176261 14.541174 -1.626040 0.661521 3.081615 3.081615 
144.500000 178 2.000000 11.696284 12.160123 -0.172258 1.381832 1.939133 1.939133 
144.500000 179 2.000000 10.073131 15.609378 -0.882927 0.963542 1.707973 1.707973 
144.500000 180 2.000000 5.784347 18.480640 -0.213065 0.136755 0.064099 0.064099 
144.500000 181 2.000000 13.890639 13.588972 0.702915 0.239704 0.551548 0.551548 
144.500000 182 2.000000 5.455602 19.676438 -0.147738 0.896421 0.825397 0.825397 
144.500000 183 2.000000 0.057001 3.696754 -0.982575 -0.213786 1.011158 1.011158 
144.500000 184 2.000000 9.588282 19.871274 0.279368 -1.287247 1.735051 1.735051 
144.500000 185 2.000000 10.275054 5.220550 -0.822064 0.773415 1.273959 1.273959 
144.500000 186 2.000000 6.077612 10.895081 -0.544390 0.798174 0.933442 0.933442 
144.500000 187 2.000000 0.825554 7.865788 0.532615 0.636340 0.688607 0.688607 
144.500000 188 2.000000 2.531532 1.924927 -0.038494 1.132309 1.283606 1.283606 
144.500000 189 2.000000 7.810597 19.304243 -0.292541 -1.739390 3.111057 3.111057 
144.500000 190 2.000000 2.301307 9.950339 1.770236 0.033834 3.134879 3.134879 
144.500000 191 2.000000 5.431110 19.114382 -1.281546 -0.590412 1.990947 1.990947 
144.500000 192 2.000000 7.520438 3.730580 -0.951537 -0.762034 1.486119 1.486119 
144.500000 193 2.000000 8.589059 13.905293 1.443539 0.787835 2.704490 2.704490 
144.500000 194 2.000000 6.932854 16.627761 -1.112630 0.676639 1.695786 1.695786 
144.500000 195 2.000000 3.047826 15.574671 1.210848 0.967024 2.401288 2.401288 
144.500000 196 2.000000 0.834210 10.106299 -1.242827 -0.989370 2.523472 2.523472 
144.500000 197 2.000000 2.754483 9.793924 0.573859 2.287683 5.562810 5.562810 
144.500000 198 2.000000 11.433194 2.033763 -0.770334 -0.016704 0.593694 0.593694 
144.500000 199 2.000000 4.800561 15.032786 -0.454806 0.381694 0.352539 0.352539 
144.500000 200 2.000000 10.667797 16.164969 -0.263953 -0.540145 0.361428 0.361428 
144.500000 201 2.000000 11.565767 2.365890 0.132344 -0.334798 0.129605 0.129605 
144.500000 202 2.000000 0.779092 4.539654 -0.631616 -1.076175 1.557092 1.557092 
144.500000 203 2.000000 5.833487 6.978921 -0.177478 -0.672924 0.484325 0.484325 
144.500000 204 2.000000 6.606280 12.586107 0.781808 -1.066747 1.749173 1.749173 
144.500000 205 2.000000 2.107054 1.036385 0.342610 1.090931 1.307512 1.307512 
144.500000 206 2.000000 8.562299 10.013851 0.658638 -0.828726 1.120591 1.120591 
144.500000 207 2.000000 12.812604 19.202194 -0.318396 -1.450554 2.205484 2.205484 
144.500000 208 2.000000 1.455050 9.385473 0.727525 0.042836 0.531127 0.531127 
144.500000 209 2.000000 11.278757 8.616280 0.064978 0.002273 0.004227 0.004227 
144.500000 210 2.000000 4.895969 10.072205 -0.533755 1.263274 1.880755 1.880755 
144.500000 211 2.000000 8.088736 11.765088 0.805621 0.663721 1.089552 1.089552 
144.500000 212 2.000000 8.280357 17.070450 1.391656 -0.623308 2.325221 2.325221 
144.500000 213 2.000000 9.203329 13.764403 -1.511797 -0.156281 2.309955 2.309955 
144.500000 214 2.000000 9.965532 18.317258 -0.464445 -0.039239 0.217249 0.217249 
144.500000 215 2.000000 4.207976 10.282804 -0.407212 -0.966885 1.100689 1.100689 
144.500000 216 2.000000 13.502666 10.708187 -0.009876 0.339942 0.115658 0.115658 
144.500000 217 2.000000 8.610685 14.080213 -1.632139 0.500025 2.913903 2.913903 
144.500000 218 2.000000 12.894865 9.628580 -0.221424 0.795750 0.682247 0.682247 
144.500000 219 2.000000 5.506197 10.858761 -0.225717 0.482100 0.283368 0.283368 
144.500000 220 2.000000 11.739861 12.003581 0.848847 0.385236 0.868948 0.868948 
144.500000 221 2.000000 4.097994 12.026637 -1.006466 0.799112 1.651553 1.651553 
144.500000 222 2.000000 12.944073 0.000001 -1.776807 0.642114 3.569353 3.569353 
144.500000 223 2.000000 6.250260 15.576773 0.892894 0.389913 0.949292 0.949292 
144.500000 224 2.000000 14.316719 9.081607 -0.999399 -0.074281 1.004316 1.004316 
144.500000 225 2.000000 3.340078 12.888727 0.624313 -0.292308 0.475211 0.475211 
144.500000 226 2.000000 3.425295 11.354717 -0.572154 -0.006402 0.327402 0.327402 
144.500000 227 2.000000 1.967170 11.425766 -0.190804 0.810338 0.693054 0.693054 
144.500000 228 2.000000 3.007730 11.136074 -0.102296 -0.402146 0.172186 0.172186 
144.500000 229 2.000000 6.725359 12.271587 -0.309680 0.300774 0.186367 0.186367 
144.500000 230 2.000000 7.135355 17.366203 -0.625541 0.489838 0.631243 0.631243 
144.500000 231 2.000000 1.358169 12.537331 -0.811006 -0.969178 1.597037 1.597037 
144.500000 232 2.000000 7.921088 12.159938 -0.349118 0.120887 0.136497 0.136497 
144.500000 233 2.000000 1.688962 8.035063 1.876624 -0.740863 4.070594 4.070594 
144.500000 234 2.000000 7.393723 12.562306 0.684604 -0.747507 1.027449 1.027449 
144.500000 235 2.000000 11.428862 1.932427 0.910666 0.270269 0.902359 0.902359 
144.500000 236 2.000000 13.983808 0.475865 -0.093135 -0.229702 0.061437 0.061437 
144.500000 237 2.000000 12.929494 5.181813 0.828513 0.803382 1.331856 1.331856 
144.500000 238 2.000000 4.511915 19.775173 -0.697874 -0.059954 0.490622 0.490622 
144.500000 239 2.000000 11.946708 0.341641 0.529782 -1.193139 1.704251 1.704251 
144.500000 240 2.000000 8.352261 16.683749 0.818849 1.384543 2.587474 2.587474 
144.500000 241 2.000000 3.218523 0.046314 -1.150362 -1.430372 3.369296 3.369296 
144.500000 242 2.000000 3.316112 2.613182 0.710965 0.913253 1.339501 1.339501 
144.500000 243 2.000000 11.535272 10.638828 1.130909 -0.557967 1.590282 1.590282 
144.500000 244 2.000000 4.751795 8.190654 -1.206527 -0.650653 1.879057 1.879057 
144.500000 245 2.000000 0.610772 8.968746 1.745059 0.212010 3.090179 3.090179 
144.500000 246 2.000000 13.598133 18.084947 -1.694119 0.987796 3.845781 3.845781 
144.500000 247 2.000000 2.110764 4.391437 0.649465 -0.466459 0.639389 0.639389 
144.500000 248 2.000000 8.401790 19.264061 1.146201 0.925695 2.170687 2.170687 
144.500000 249 2.000000 0.056053 18.841241 1.121033 0.046567 1.258883 1.258883 
144.500000 250 2.000000 11.334665 14.603005 1.351981 0.722057 2.349220 2.349220 
144.500000 251 2.000000 6.066202 5.654907 -1.113516 -0.115542 1.253267 1.253267 
144.500000 252 2.000000 1.505458 0.023224 0.114194 -1.337612 1.802247 1.802247 
144.500000 253 2.000000 4.014572 0.059526 0.501821 -0.555922 0.560874 0.560874 
144.500000 254 2.000000 3.782706 6.250302 0.099545 1.213651 1.482857 1.482857 
144.500000 255 2.000000 11.666059 18.670900 0.992856 -1.399051 2.943108 2.943108 
144.500000 256 2.000000 3.005241 5.233845 0.218170 -0.928956 0.910556 0.910556 
144.500000 257 2.000000 2.375491 14.947341 -1.525524 -1.490660 4.549290 4.549290 
144.500000 258 2.000000 13.398957 14.667276 1.531145 0.152685 2.367719 2.367719 
144.500000 259 2.000000 12.896417 7.079846 1.240040 -0.283893 1.618294 1.618294 
144.500000 260 2.000000 8.852779 14.023102 -0.112157 -0.815762 0.678047 0.678047 
144.500000 261 2.000000 1.952901 6.668135 1.775364 1.075506 4.308630 4.308630 
144.500000 262 2.000000 0.171210 5.103825 0.489168 -0.986502 1.212470 1.212470 
144.500000 263 2.000000 7.828409 8.959808 -1.322729 0.865682 2.499017 2.499017 
144.500000 264 2.000000 3.250635 16.268328 0.570287 0.054572 0.328205 0.328205 
144.500000 265 2.000000 1.830676 10.313026 1.181081 -0.397822 1.553215 1.553215 
144.500000 266 2.000000 14.082584 7.657981 0.853490 -0.695325 1.211922 1.211922 
144.500000 267 2.000000 2.173759 12.231368 -0.581403 -0.340729 0.454126 0.454126 
144.500000 268 2.000000 5.154669 10.865475 -1.872182 -0.481820 3.737217 3.737217 
144.500000 269 2.000000 14.383008 9.641054 1.376364 -1.010629 2.915749 2.915749 
144.500000 270 2.000000 8.128132 3.079704 -0.764923 -1.072973 1.736378 1.736378 
144.500000 271 2.000000 6.560598 18.575781 0.152165 -0.539252 0.313947 0.313947 
144.500000 272 2.000000 10.056184 15.029831 0.690711 0.946371 1.372700 1.372700 
144.500000 273 2.000000 11.803249 9.206757 0.651556 0.037278 0.425915 0.425915 
144.500000 274 2.000000 2.576272 6.552607 0.660582 1.680155 3.259291 3.259291 
144.500000 275 2.000000 7.007158 13.410412 0.276636 -0.515901 0.342681 0.342681 
144.500000 276 2.000000 7.776567 14.764871 0.691250 1.447536 2.573188 2.573188 
144.500000 277 2.000000 13.813237 15.507432 0.370130 -1.182255 1.534722 1.534722 
144.500000 278 2.000000 1.547583 15.860305 -0.871846 0.323958 0.865064 0.865064 
144.500000 279 2.000000 10.581794 5.344345 -0.489403 0.640041 0.649168 0.649168 
144.500000 280 2.000000 11.553419 5.203381 -0.507425 -1.478496 2.443429 2.443429 
144.500000 281 2.000000 9.142918 15.641298 -0.149919 0.370545 0.159779 0.159779 
144.500000 282 2.000000 5.924348 5.103713 0.191838 -1.041906 1.122370 1.122370 
144.500000 283 2.000000 7.432687 14.665585 1.327265 0.685308 2.231280 2.231280 
144.500000 284 2.000000 2.550540 15.929704 0.435989 -0.074005 0.195564 0.195564 
144.500000 285 2.000000 6.059410 19.861594 0.036912 1.839036 3.383417 3.383417 
144.500000 286 2.000000 13.175161 14.136721 -1.250580 0.609647 1.935621 1.935621 
144.500000 287 2.000000 9.333772 0.180342 -0.140328 -0.343012 0.137349 0.137349 
144.500000 288 2.000000 14.405525 17.185615 0.209825 -0.010477 0.044136 0.044136 
144.500000 289 2.000000 1.081497 5.590781 -0.849329 -0.324647 0.826756 0.826756 
144.500000 290 2.000000 6.538209 7.043280 -0.855517 -0.569526 1.056269 1.056269 
144.500000 291 2.000000 7.445521 15.248965 -0.878890 -0.142710 0.792814 0.792814 
144.500000 292 2.000000 12.535583 13.184492 -1.556013 -0.639954 2.830716 2.830716 
144.500000 293 2.000000 12.539112 12.547404 -0.729189 0.865338 1.280526 1.280526 
144.500000 294 2.000000 0.465503 3.090171 0.665003 0.824045 1.121280 1.121280 
144.500000 295 2.000000 8.817201 19.392784 0.623578 0.458793 0.599341 0.599341 
144.500000 296 2.000000 5.350586 3.661439 -0.807615 -0.814891 1.316288 1.316288 
144.500000 297 2.000000 6.286159 15.333450 0.386840 -0.758788 0.725406 0.725406 
144.500000 298 2.000000 12.263680 19.085285 1.114880 0.904516 2.061106 2.061106 
144.500000 299 2.000000 13.664804 17.173234 0.102860 -0.657387 0.442738 0.442738 
144.500000 300 2.000000 11.379745 15.642179 -0.261518 0.021316 0.068846 0.068846 
144.500000 301 2.000000 6.989613 12.843746 -0.610082 -1.325232 2.128439 2.128439 
144.500000 302 2.000000 5.872409 10.099667 -0.074901 -1.531696 2.351704 2.351704 
144.500000 303 2.000000 10.495336 14.041070 0.145001 -0.142588 0.041357 0.041357 
144.500000 304 2.000000 6.816941 4.556342 -1.141758 1.446457 3.395851 3.395851 
144.500000 305 2.000000 1.562535 8.929968 -0.742949 -0.219632 0.600212 0.600212 
144.500000 306 2.000000 1.379085 8.123727 1.149236 -0.042028 1.322510 1.322510 
144.500000 307 2.000000 10.863883 15.192131 0.049654 1.400437 1.963689 1.963689 
144.500000 308 2.000000 8.205022 19.131791 0.841541 0.462773 0.922349 0.922349 
144.500000 309 2.000000 4.341811 8.393722 0.782308 0.981722 1.575783 1.575783 
144.500000 310 2.000000 0.118191 13.129838 0.236379 -0.589713 0.403637 0.403637 
144.500000 311 2.000000 9.915994 7.485046 -1.331804 -0.074865 1.779307 1.779307 
144.500000 312 2.000000 6.611114 14.969290 -0.701688 -0.315405 0.591846 0.591846 
144.500000 313 2.000000 11.549383 3.484021 -1.198634 0.829529 2.124841 2.124841 
144.500000 314 2.000000 5.851526 14.295300 -0.620995 -0.369236 0.521970 0.521970 
144.500000 315 2.000000 2.529826 11.215283 -0.315689 0.061926 0.103495 0.103495 
144.500000 316 2.000000 14.499334 10.617153 0.233459 -1.123694 1.317191 1.317191 
144.500000 317 2.000000 1.635112 11.145825 0.302798 1.676064 2.900877 2.900877 
144.500000 318 2.000000 10.799640 13.301236 -0.356400 -1.116461 1.373505 1.373505 
144.500000 319 2.000000 3.922880 8.309122 -1.895214 0.923236 4.444200 4.444200 
144.500000 320 2.000000 11.913472 11.974307 -0.315596 0.478972 0.329016 0.329016 
144.500000 321 2.000000 1.280884 8.192325 1.219888 -0.908283 2.313105 2.313105 
144.500000 322 2.000000 0.420827 7.709118 -0.679001 -0.644712 0.876696 0.876696 
144.500000 323 2.000000 11.369434 1.946618 -0.672255 -0.839692 1.157010 1.157010 
144.500000 324 2.000000 13.772940 12.467949 0.558740 -0.738436 0.857478 0.857478 
144.500000 325 2.000000 11.488772 2.147076 0.702589 -0.432895 0.681029 0.681029 
144.500000 326 2.000000 8.659081 19.515952 -0.144154 0.077937 0.026855 0.026855 
144.500000 327 2.000000 7.013808 3.869394 -0.946508 -0.051852 0.898566 0.898566 
144.500000 328 2.000000 7.048751 7.195685 -0.346252 0.995313 1.110538 1.110538 
144.500000 329 2.000000 10.560979 9.758142 -0.371166 0.419885 0.314068 0.314068 
144.500000 330 2.000000 14.035830 1.846578 -0.115569 -0.361532 0.144062 0.144062 
144.500000 331 2.000000 14.138401 1.093937 0.929198 -1.135521 2.152817 2.152817 
144.500000 332 2.000000 2.935089 7.334074 -0.659211 0.928364 1.296418 1.296418 
144.500000 333 2.000000 10.919401 18.643554 -1.159749 0.552402 1.650166 1.650166 
144.500000 334 2.000000 5.812741 19.234731 -0.348415 -0.472831 0.344962 0.344962 
144.500000 335 2.000000 11.803847 14.845337 -1.425258 0.068115 2.035999 2.035999 
144.500000 336 2.000000 9.487609 0.972446 -0.796482 -1.044455 1.725269 1.725269 
144.500000 337 2.000000 10.939113 2.826674 0.421425 -1.264922 1.777626 1.777626 
144.500000 338 2.000000 13.818227 18.144557 -0.590618 -1.159651 1.693621 1.693621 
144.500000 339 2.000000 3.853242 5.561848 0.917438 -1.343084 2.645567 2.645567 
144.500000 340 2.000000 8.406010 17.395146 0.307350 1.574221 2.572636 2.572636 
144.500000 341 2.000000 14.490068 15.668139 0.448060 -1.082965 1.373571 1.373571 
144.500000 342 2.000000 11.264650 10.482307 1.357187 -0.034374 1.843137 1.843137 
144.500000 343 2.000000 4.384801 9.438460 -0.071089 1.452071 2.113563 2.113563 
144.500000 344 2.000000 1.539204 1.185202 0.416001 -0.209440 0.216922 0.216922 
144.500000 345 2.000000 5.177713 12.489010 0.306193 0.671855 0.545143 0.545143 
144.500000 346 2.000000 1.267406 14.761839 -1.560022 -0.787693 3.054130 3.054130 
144.500000 347 2.000000 4.179347 8.855717 -0.182534 -0.205432 0.075521 0.075521 
144.500000 348 2.000000 2.027248 11.708767 -0.945764 0.291263 0.979303 0.979303 
144.500000 349 2.000000 4.864634 5.100066 0.164069 -0.685054 0.496218 0.496218 
144.500000 350 2.000000 6.119368 17.223339 -1.785840 -0.677234 3.647870 3.647870 
144.500000 351 2.000000 1.831213 0.357211 0.164974 0.420247 0.203824 0.203824 
144.500000 352 2.000000 0.810982 18.143302 -0.534305 -0.757835 0.859796 0.859796 
144.500000 353 2.000000 11.496976 2.684423 -0.187480 0.058616 0.038585 0.038585 
144.500000 354 2.000000 12.774468 17.579124 0.588685 0.870254 1.103892 1.103892 
144.500000 355 2.000000 7.902568 3.337100 -0.810682 0.201869 0.697956 0.697956 
144.500000 356 2.000000 11.817945 8.223637 -0.829486 0.310326 0.784350 0.784350 
144.500000 357 2.000000 3.452238 15.546292 -1.071342 0.479084 1.377296 1.377296 
144.500000 358 2.000000 5.802860 5.585074 -0.274938 0.492527 0.318173 0.318173 
144.500000 359 2.000000 8.792728 3.536347 0.149564 1.443406 2.105791 2.105791 
144.500000 360 2.000000 1.193034 17.548871 -0.217395 -0.480613 0.278250 0.278250 
144.500000 361 2.000000 3.933743 8.540413 -0.733757 -1.698431 3.423068 3.423068 
144.500000 362 2.000000 14.139152 1.510417 1.386191 -0.042151 1.923303 1.923303 
144.500000 363 2.000000 6.931827 7.027407 0.906121 1.115461 2.065309 2.065309 
144.500000 364 2.000000 7.577398 11.258348 -0.427416 1.434184 2.239569 2.239569 
144.500000 365 2.000000 5.078048 1.351478 -0.374219 -0.535108 0.426381 0.426381 
144.500000 366 2.000000 11.424113 19.149014 1.483651 0.564868 2.520295 2.520295 
144.500000 367 2.000000 3.583411 15.199544 0.056476 -1.200114 1.443463 1.443463 
144.500000 368 2.000000 10.234149 17.125780 0.130338 1.168995 1.383538 1.383538 
144.500000 369 2.000000 3.564551 3.135182 -0.292672 -0.480337 0.316381 0.316381 
144.500000 370 2.000000 13.782747 9.190682 0.281856 -0.679831 0.541613 0.541613 
144.500000 371 2.000000 3.985634 7.609712 0.675531 1.396277 2.405933 2.405933 
144.500000 372 2.000000 12.943013 15.268026 0.542954 -0.116437 0.308357 0.308357 
144.500000 373 2.000000 4.956458 10.549796 -0.660022 0.493846 0.679513 0.679513 
144.500000 374 2.000000 9.317227 8.684800 0.605015 0.194074 0.403707 0.403707 
144.500000 375 2.000000 0.378788 7.812124 -0.361730 -1.155249 1.465449 1.465449 
144.500000 376 2.000000 6.479496 18.671770 -0.236964 -0.161561 0.082254 0.082254 
144.500000 377 2.000000 2.259294 18.822916 0.207795 -1.471354 2.208060 2.208060 
144.500000 378 2.000000 12.268429 15.625640 0.377951 1.270377 1.756705 1.756705 
144.500000 379 2.000000 8.697904 10.549581 0.056990 0.582625 0.342699 0.342699 
144.500000 380 2.000000 4.884946 6.483868 -0.697182 -0.488154 0.724357 0.724357 
144.500000 381 2.000000 8.065923 10.441775 0.683553 0.317862 0.568281 0.568281 
144.500000 382 2.000000 11.422637 16.893327 1.328214 -0.554763 2.071913 2.071913 
144.500000 383 2.000000 4.979341 8.932602 -0.230867 -0.656819 0.484711 0.484711 
144.500000 384 2.000000 5.925590 13.398983 0.085069 -0.170790 0.036406 0.036406 
144.500000 385 2.000000 7.166628 7.868949 -0.489838 0.546455 0.538554 0.538554 
144.500000 386 2.000000 9.278360 1.186237 -0.120742 -1.140228 1.314699 1.314699 
144.500000 387 2.000000 5.962604 8.640082 1.590028 -0.504119 2.782323 2.782323 
144.500000 388 2.000000 13.539345 3.047829 0.328625 0.967564 1.044175 1.044175 
144.500000 389 2.000000 10.908348 2.280765 1.691217 -0.307154 2.954557 2.954557 
144.500000 390 2.000000 9.703592 2.087964 0.152639 -0.874123 0.787389 0.787389 
144.500000 391 2.000000 5.914180 12.431698 -0.766374 0.155092 0.611383 0.611383 
144.500000 392 2.000000 7.804490 15.894220 1.173607 0.147331 1.399061 1.399061 
144.500000 393 2.000000 4.172331 18.815127 -0.059938 -0.640472 0.413796 0.413796 
144.500000 394 2.000000 9.892390 3.747275 -0.980165 -0.619151 1.344072 1.344072 
144.500000 395 2.000000 5.671166 1.412490 -0.367065 1.086530 1.315283 1.315283 
144.500000 396 2.000000 1.854403 12.562522 0.016297 0.355178 0.126417 0.126417 
144.500000 397 2.000000 6.208458 5.399906 -0.925758 -0.609884 1.228987 1.228987 
144.500000 398 2.000000 6.051109 2.687265 -0.397810 -1.505252 2.424037 2.424037 
144.500000 399 2.000000 8.064825 1.005882 0.426710 -0.979078 1.140676 1.140676 
144.500000 400 2.000000 13.525566 3.844440 -0.893159 0.502541 1.050280 1.050280 
144.500000 401 2.000000 1.139087 4.416135 -0.649895 -1.741214 3.454189 3.454189 
144.500000 402 2.000000 3.156838 2.661612 1.035029 1.237958 2.603825 2.603825 
144.500000 403 2.000000 11.935567 1.221329 0.722049 -1.640059 3.211147 3.211147 
144.500000 404 2.000000 0.270827 11.227369 0.285080 1.796379 3.308248 3.308248 
144.500000 405 2.000000 3.940796 2.920123 1.433016 0.572573 2.381376 2.381376 
144.500000 406 2.000000 12.444811 19.513702 -0.976267 -0.607871 1.322605 1.322605 
144.500000 407 2.000000 13.734726 16.814601 -1.328454 -0.544513 2.061284 2.061284 
144.500000 408 2.000000 2.610029 5.769301 -1.029581 0.047289 1.062273 1.062273 
144.500000 409 2.000000 12.581650 15.380842 -0.473159 0.057331 0.227166 0.227166 
144.500000 410 2.000000 12.743992 9.532039 -0.920504 0.063200 0.851321 0.851321 
144.500000 411 2.000000 2.999263 18.754410 0.740558 0.997611 1.543654 1.543654 
144.500000 412 2.000000 7.760912 2.728115 1.315409 -1.556026 4.151516 4.151516 
144.500000 413 2.000000 6.460245 10.579644 -0.312274 0.296301 0.185309 0.185309 
144.500000 414 2.000000 11.801181 3.788497 1.229290 0.522551 1.784213 1.784213 
144.500000 415 2.000000 4.755694 12.877049 -0.092918 -0.054983 0.011657 0.011657 
144.500000 416 2.000000 10.190675 12.458973 0.337999 0.969570 1.054309 1.054309 
144.500000 417 2.000000 5.474332 11.898351 0.844701 1.289766 2.377016 2.377016 
144.500000 418 2.000000 4.236452 4.273304 1.144987 -1.127362 2.581939 2.581939 
144.500000 419 2.000000 0.967128 12.021260 1.487888 0.185570 2.248245 2.248245 
144.500000 420 2.000000 3.033294 3.874039 1.309480 -0.551062 2.018406 2.018406 
144.500000 421 2.000000 11.102764 5.438382 -0.038864 -1.032739 1.068060 1.068060 
144.500000 422 2.000000 13.258943 1.157653 0.957324 -1.273131 2.537334 2.537334 
144.500000 423 2.000000 11.929182 8.292566 -0.428881 -0.983818 1.151837 1.151837 
144.500000 424 2.000000 5.645607 10.624479 -0.509799 -0.499914 0.509809 0.509809 
144.500000 425 2.000000 11.199874 8.513625 -1.361650 -0.193078 1.891370 1.891370 
144.500000 426 2.000000 12.244719 0.396210 -0.925953 -0.926561 1.715904 1.715904 
144.500000 427 2.000000 0.345112 0.160370 0.862778 1.069130 1.887424 1.887424 
144.500000 428 2.000000 4.241107 5.229632 2.019574 0.232946 4.132943 4.132943 
144.500000 429 2.000000 8.419569 10.618272 0.474342 0.804414 0.872083 0.872083 
144.500000 430 2.000000 3.943468 12.030645 -0.050390 -1.385975 1.923465 1.923465 
144.500000 431 2.000000 10.372702 10.399956 1.903248 -0.884797 4.405218 4.405218 
144.500000 432 2.000000 2.096809 1.903173 -0.823582 -0.246025 0.738815 0.738815 
144.500000 433 2.000000 8.989261 17.218325 0.123167 -0.625095 0.405914 0.405914 
144.500000 434 2.000000 5.431215 18.712302 0.691874 -1.073081 1.630193 1.630193 
144.500000 435 2.000000 0.747770 6.169490 0.997026 -0.179903 1.026426 1.026426 
144.500000 436 2.000000 5.096542 18.742636 0.340906 1.338760 1.908494 1.908494 
144.500000 437 2.000000 14.328788 7.882469 1.000047 1.142387 2.305141 2.305141 
144.500000 438 2.000000 6.837227 7.682866 0.222349 0.756933 0.622386 0.622386 
144.500000 439 2.000000 7.795354 8.493776 -1.103658 -0.804901 1.865926 1.865926 
144.500000 440 2.000000 2.789313 4.925039 1.297355 0.361879 1.814086 1.814086 
144.500000 441 2.000000 10.123140 1.091108 0.632696 0.872886 1.162234 1.162234 
144.500000 442 2.000000 7.634488 7.004032 -1.516389 -0.429288 2.483725 2.483725 
144.500000 443 2.000000 12.507562 17.167360 -0.571717 1.373389 2.213056 2.213056 
144.500000 444 2.000000 9.671841 0.117696 1.696814 1.176946 4.264380 4.264380 
144.500000 445 2.000000 14.353028 10.641427 -1.077810 0.633418 1.562892 1.562892 
144.500000 446 2.000000 13.522722 13.692957 -1.270846 1.699350 4.502841 4.502841 
144.500000 447 2.000000 7.386466 4.273255 0.410359 -0.718116 0.684086 0.684086 
144.500000 448 2.000000 2.880287 6.967575 0.419309 1.266800 1.780602 1.780602 
144.500000 449 2.000000 9.869343 15.539805 -0.286231 0.019165 0.082295 0.082295 
144.500000 450 2.000000 1.601241 0.716723 0.941906 -0.426358 1.068968 1.068968 
144.500000 451 2.000000 7.764713 19.496214 1.338744 -0.015289 1.792468 1.792468 
144.500000 452 2.000000 4.256266 6.786701 -0.290585 0.211945 0.129361 0.129361 
144.500000 453 2.000000 10.600992 0.027316 -0.126857 -0.408442 0.182918 0.182918 
144.500000 454 2.000000 8.455567 2.926470 1.483433 0.260131 2.268240 2.268240 
144.500000 455 2.000000 9.787343 19.624081 0.643746 -0.501224 0.665635 0.665635 
144.500000 456 2.000000 8.403549 1.850121 -0.528398 -0.159972 0.304795 0.304795 
144.500000 457 2.000000 13.248502 3.722550 0.777038 0.043376 0.605670 0.605670 
144.500000 458 2.000000 10.390279 6.792566 0.597142 -0.849353 1.077979 1.077979 
144.500000 459 2.000000 5.721535 1.472391 -1.744304 -0.481798 3.274725 3.274725 
144.500000 460 2.000000 6.907698 6.174315 -0.261103 0.574355 0.398058 0.398058 
144.500000 461 2.000000 12.310856 13.949573 -0.469008 1.428500 2.260581 2.260581 
144.500000 462 2.000000 14.384139 18.169378 -1.286598 0.895043 2.456436 2.456436 
144.500000 463 2.000000 1.712001 6.345538 -0.608022 0.242196 0.428350 0.428350 
144.500000 464 2.000000 7.954743 19.302422 -0.987892 -0.387543 1.126121 1.126121 
144.500000 465 2.000000 5.832538 2.566653 -1.129379 0.933328 2.146598 2.146598 
144.500000 466 2.000000 1.461556 14.947209 -1.619508 0.420456 2.799590 2.799590 
144.500000 467 2.000000 2.356439 0.668039 1.386140 -0.790762 2.546689 2.546689 
144.500000 468 2.000000 5.796791 19.039611 0.319926 0.710658 0.607387 0.607387 
144.500000 469 2.000000 4.867817 11.657538 0.529110 -0.416685 0.453584 0.453584 
144.500000 470 2.000000 4.076319 7.976735 -0.085117 0.274768 0.082742 0.082742 
144.500000 471 2.000000 6.274390 17.218008 -1.847804 -0.452356 3.619007 3.619007 
144.500000 472 2.000000 11.205352 13.773733 0.896428 -1.208984 2.265225 2.265225 
144.500000 473 2.000000 9.611302 7.112807 -0.301826 -0.847205 0.808854 0.808854 
144.500000 474 2.000000 2.974915 16.611095 0.772705 -0.639416 1.005926 1.005926 
144.500000 475 2.000000 5.363916 17.949311 0.879330 0.768707 1.364132 1.364132 
144.500000 476 2.000000 11.564914 8.799956 1.157356 -0.708555 1.841522 1.841522 
144.500000 477 2.000000 5.324570 6.743475 0.199422 0.435063 0.229049 0.229049 
144.500000 478 2.000000 8.133737 8.894396 -1.738070 0.054979 3.023909 3.023909 
144.500000 479 2.000000 2.006426 0.000001 -0.289814 1.112376 1.321373 1.321373 
144.500000 480 2.000000 4.784810 8.481607 -1.106592 -0.963882 2.153615 2.153615 
144.500000 481 2.000000 6.273901 2.021640 1.063373 -0.009595 1.130854 1.130854 
144.500000 482 2.000000 5.939228 13.780433 0.893117 0.977111 1.752404 1.752404 
144.500000 483 2.000000 7.651943 6.406627 0.360903 -0.507130 0.387432 0.387432 
144.500000 484 2.000000 8.341243 9.705450 -0.463363 1.096661 1.417370 1.417370 
144.500000 485 2.000000 13.433751 18.812198 -0.199691 0.124078 0.055272 0.055272 
144.500000 486 2.000000 13.177215 5.966945 0.801046 0.052723 0.644455 0.644455 
144.500000 487 2.000000 10.608099 4.852119 0.411167 0.942159 1.056721 1.056721 
144.500000 488 2.000000 0.881295 5.114240 0.076634 0.220752 0.054604 0.054604 
144.500000 489 2.000000 5.575328 17.746513 -0.599866 0.161514 0.385926 0.385926 
144.500000 490 2.000000 10.450280 18.570445 0.685264 0.761295 1.049158 1.049158 
144.500000 491 2.000000 7.936624 1.245880 -0.385464 -1.065757 1.284421 1.284421 
144.500000 492 2.000000 9.921262 1.417172 -1.647732 -0.674513 3.169989 3.169989 
144.500000 493 2.000000 5.683867 9.689469 -0.938524 1.601565 3.445837 3.445837 
144.500000 494 2.000000 7.867327 0.405112 0.023692 0.119150 0.014758 0.014758 
144.500000 495 2.000000 3.000391 3.905362 1.089699 -0.091438 1.195806 1.195806 
144.500000 496 2.000000 13.306776 14.300288 -1.083412 -0.872107 1.934351 1.934351 
144.500000 497 2.000000 8.626644 7.123446 -0.543919 0.841227 1.003511 1.003511 
144.500000 498 2.000000 6.255290 7.047611 0.208800 0.549039 0.345041 0.345041 
144.500000 499 2.000000 4.677801 7.343427 -0.023370 -0.517651 0.268509 0.268509 
144.500000 500 2.000000 3.087179 8.273956 0.117607 -0.961151 0.937643 0.937643 
