725.500000 1 2.000000 0.801735 19.780090 -3.965277 -1.466058 17.872746 17.872746 
725.500000 2 2.000000 0.656136 9.115278 1.640338 -3.792895 17.076757 17.076757 
725.500000 3 2.000000 0.162332 8.957583 0.022744 3.151698 9.933720 9.933720 
725.500000 4 2.000000 0.320489 9.154732 -0.124057 4.847201 23.510747 23.510747 
725.500000 5 2.000000 0.103096 12.592029 -4.484515 0.651018 20.534704 20.534704 
725.500000 6 2.000000 0.746140 10.075927 -1.015437 -3.811215 15.556475 15.556475 
725.500000 7 2.000000 0.627799 7.876291 -7.444004 6.788531 101.497360 101.497360 
725.500000 8 2.000000 0.953462 3.683804 2.383651 -3.341842 16.849703 16.849703 
725.500000 9 2.000000 0.570491 13.833974 -2.147538 -6.851139 51.550019 51.550019 
725.500000 10 2.000000 0.999999 15.409037 -6.739998 3.649849 58.748963 58.748963 
725.500000 11 2.000000 0.679234 4.690167 -6.415304 4.698854 63.235353 63.235353 
725.500000 12 2.000000 0.855060 17.115268 2.443026 0.868269 6.722265 6.722265 
725.500000 13 2.000000 0.264218 0.275127 1.761443 5.502524 33.380457 33.380457 
725.500000 14 2.000000 0.749895 3.596531 -2.501037 -3.910188 21.544756 21.544756 
725.500000 15 2.000000 0.851477 5.774088 0.810930 -2.661010 7.738582 7.738582 
725.500000 16 2.000000 0.329666 1.954214 -6.350710 -4.422351 59.888704 59.888704 
725.500000 17 2.000000 0.829358 17.748557 0.579888 2.757367 7.939341 7.939341 
725.500000 18 2.000000 0.879567 14.224331 1.759131 -0.173612 3.124684 3.124684 
725.500000 19 2.000000 0.000001 3.546777 6.234595 -6.304782 78.620455 78.620455 
725.500000 20 2.000000 0.954219 12.418959 2.385545 0.525085 5.966541 5.966541 
725.500000 21 2.000000 0.891371 5.052165 1.438889 1.539335 4.439954 4.439954 
725.500000 22 2.000000 0.999999 1.226311 -2.248312 1.474634 7.229452 7.229452 
725.500000 23 2.000000 0.000001 3.501566 2.727734 6.375676 48.089775 48.089775 
725.500000 24 2.000000 0.561781 9.325616 -2.921450 0.380751 8.679843 8.679843 
725.500000 25 2.000000 0.619351 9.889073 0.538565 -5.318431 28.575758 28.575758 
725.500000 26 2.000000 0.798440 6.780212 0.739424 -0.775510 1.148163 1.148163 
725.500000 27 2.000000 0.084345 5.724170 0.843443 -2.128973 5.243922 5.243922 
725.500000 28 2.000000 0.028680 3.183963 -3.237730 -4.020937 26.650833 26.650833 
725.500000 29 2.000000 0.690043 11.846478 1.778941 -3.461356 15.145620 15.145620 
725.500000 30 2.000000 0.931905 12.179029 -0.680937 -2.699349 7.750158 7.750158 
725.500000 31 2.000000 0.999999 14.416267 -4.479448 -3.988380 35.972633 35.972633 
725.500000 32 2.000000 0.158308 0.100390 0.791534 -1.285679 2.279497 2.279497 
725.500000 33 2.000000 0.612098 0.256266 -0.461351 1.708434 3.131590 3.131590 
725.500000 34 2.000000 0.361203 7.736442 2.408017 2.442184 11.762806 11.762806 
725.500000 35 2.000000 0.266767 0.155667 -1.222053 -3.326103 12.556375 12.556375 
725.500000 36 2.000000 0.717707 14.199905 3.588530 -3.846647 27.674236 27.674236 
725.500000 37 2.000000 0.901981 14.342780 0.594055 1.051877 1.459347 1.459347 
725.500000 38 2.000000 0.999999 15.651730 -5.065271 1.704414 28.561995 28.561995 
725.500000 39 2.000000 0.886251 19.465384 5.908330 1.318967 36.648037 36.648037 
725.500000 40 2.000000 0.024692 14.330257 -0.553481 -2.732670 7.773824 7.773824 
725.500000 41 2.000000 0.699744 5.786153 -6.005109 -4.712918 58.272935 58.272935 
725.500000 42 2.000000 0.145400 14.512893 -5.697329 -3.658070 45.841032 45.841032 
725.500000 43 2.000000 0.612989 1.194497 -2.580069 -3.685802 20.241895 20.241895 
725.500000 44 2.000000 0.059800 14.229769 -2.350498 -0.966982 6.459896 6.459896 
725.500000 45 2.000000 0.238842 11.647346 -0.318728 2.697078 7.375820 7.375820 
725.500000 46 2.000000 0.694709 15.484291 2.315694 -1.374041 7.250429 7.250429 
725.500000 47 2.000000 0.441857 13.853221 -3.720950 -4.194790 31.441732 31.441732 
725.500000 48 2.000000 0.306735 13.665375 0.671387 1.238775 1.985324 1.985324 
725.500000 49 2.000000 0.710723 4.959296 -5.785524 0.666683 33.916756 33.916756 
725.500000 50 2.000000 0.500594 8.618947 0.259929 3.184068 10.205850 10.205850 
725.500000 51 2.000000 0.436560 19.301652 -5.634388 -1.269722 33.358518 33.358518 
725.500000 52 2.000000 0.322692 10.338539 -0.699414 -0.119103 0.503365 0.503365 
725.500000 53 2.000000 0.596897 2.589444 0.839625 4.376447 19.858255 19.858255 
725.500000 54 2.000000 0.283496 5.024874 1.417476 0.111912 2.021761 2.021761 
725.500000 55 2.000000 0.849365 1.128856 -3.064697 -1.411320 11.384191 11.384191 
725.500000 56 2.000000 0.702190 8.065491 -2.978087 -2.273240 14.036618 14.036618 
725.500000 57 2.000000 0.031857 13.595336 -6.454279 -2.561865 48.220867 48.220867 
725.500000 58 2.000000 0.564192 13.703484 -0.053011 2.342476 5.490003 5.490003 
725.500000 59 2.000000 0.726546 9.476037 -2.734533 0.750215 8.040492 8.040492 
725.500000 60 2.000000 0.540173 11.561592 -3.065504 4.036668 25.692000 25.692000 
725.500000 61 2.000000 0.672185 12.415066 3.360919 2.461657 17.355527 17.355527 
725.500000 62 2.000000 0.046294 4.391977 -9.537050 0.846777 91.672357 91.672357 
725.500000 63 2.000000 0.010938 5.771126 -2.197914 5.014424 29.975269 29.975269 
725.500000 64 2.000000 0.218768 9.623307 4.375349 -4.385723 38.378245 38.378245 
725.500000 65 2.000000 0.342674 2.709427 6.853464 0.627333 47.363521 47.363521 
725.500000 66 2.000000 0.122958 2.199669 -5.846941 1.228249 35.695318 35.695318 
725.500000 67 2.000000 0.999999 16.902677 -5.523798 -2.026741 34.620024 34.620024 
725.500000 68 2.000000 0.647730 19.431640 -2.348461 -1.453978 7.629320 7.629320 
725.500000 69 2.000000 0.999999 1.034186 -4.120882 1.236398 18.510344 18.510344 
725.500000 70 2.000000 0.840124 8.378806 3.318683 -3.496732 23.240794 23.240794 
725.500000 71 2.000000 0.258456 4.907286 -1.348260 4.267204 20.026836 20.026836 
725.500000 72 2.000000 0.294305 4.110830 -4.704623 1.957538 25.965434 25.965434 
725.500000 73 2.000000 0.341016 9.308227 -4.271457 -1.666326 21.021987 21.021987 
725.500000 74 2.000000 0.498835 13.800358 4.988344 0.867645 25.636387 25.636387 
725.500000 75 2.000000 0.160125 18.867499 -1.180099 5.429994 30.877472 30.877472 
725.500000 76 2.000000 0.366492 5.454980 -4.223377 1.176102 19.220128 19.220128 
725.500000 77 2.000000 0.999999 12.404687 -1.590985 -1.793351 5.747344 5.747344 
725.500000 78 2.000000 0.217226 2.983570 -2.236495 3.729461 18.910789 18.910789 
725.500000 79 2.000000 0.383741 2.435394 -0.779579 -0.332443 0.718261 0.718261 
725.500000 80 2.000000 0.153625 10.289504 0.133586 -1.524492 2.341921 2.341921 
725.500000 81 2.000000 0.983452 18.158059 4.917253 5.455803 53.945165 53.945165 
725.500000 82 2.000000 0.168294 7.295776 3.365865 4.856393 34.913605 34.913605 
725.500000 83 2.000000 0.876159 7.735429 0.922271 -2.663192 7.943176 7.943176 
725.500000 84 2.000000 0.730392 10.722727 0.687319 -2.361122 6.047304 6.047304 
725.500000 85 2.000000 0.958282 18.613767 -0.030901 0.596791 0.357115 0.357115 
725.500000 86 2.000000 0.999999 0.020315 -3.946732 0.029020 15.577533 15.577533 
725.500000 87 2.000000 0.769110 5.257817 0.769109 1.038357 1.669714 1.669714 
725.500000 88 2.000000 0.999999 16.063391 -7.179496 -4.920760 75.759041 75.759041 
725.500000 89 2.000000 0.792880 12.720505 -2.071191 0.421681 4.467647 4.467647 
725.500000 90 2.000000 0.421950 6.419236 -3.853657 0.113534 14.863560 14.863560 
725.500000 91 2.000000 0.344694 7.475532 -1.872300 -6.951338 51.826610 51.826610 
725.500000 92 2.000000 0.760900 15.549230 -4.781981 -1.648433 25.584675 25.584675 
725.500000 93 2.000000 0.272776 2.960035 0.016988 -1.051774 1.106517 1.106517 
725.500000 94 2.000000 0.979281 17.441753 0.612050 8.377249 70.552908 70.552908 
725.500000 95 2.000000 0.000001 8.005298 3.680053 1.840298 16.929484 16.929484 
725.500000 96 2.000000 0.105516 8.908319 -5.963222 6.302485 75.281332 75.281332 
725.500000 97 2.000000 0.436382 2.686774 -2.818084 1.013877 8.969545 8.969545 
725.500000 98 2.000000 0.222695 1.358867 -5.182025 -3.130544 36.653689 36.653689 
725.500000 99 2.000000 0.026890 4.246620 -9.731091 7.875319 156.714792 156.714792 
725.500000 100 2.000000 0.388188 15.293424 0.970467 5.049030 26.434506 26.434506 
725.500000 101 2.000000 0.279159 2.048839 5.583154 -2.245258 36.212792 36.212792 
725.500000 102 2.000000 0.000001 12.288836 4.029403 1.015030 17.266376 17.266376 
725.500000 103 2.000000 0.577481 9.529426 1.443701 1.474062 4.257133 4.257133 
725.500000 104 2.000000 0.888031 12.500069 1.366199 4.234882 19.800727 19.800727 
725.500000 105 2.000000 0.674514 6.088477 -2.169902 5.210745 31.860339 31.860339 
725.500000 106 2.000000 0.938273 1.667532 1.111098 -2.590968 7.947652 7.947652 
725.500000 107 2.000000 0.555264 1.514199 2.776316 -4.578591 28.671424 28.671424 
725.500000 108 2.000000 0.439850 3.512562 2.932329 -3.816068 23.160927 23.160927 
725.500000 109 2.000000 0.943456 2.132654 0.285528 2.843537 8.167231 8.167231 
725.500000 110 2.000000 0.615852 1.395894 3.079257 3.101984 19.104127 19.104127 
725.500000 111 2.000000 0.700812 9.020989 -5.983742 0.990085 36.785438 36.785438 
725.500000 112 2.000000 0.882899 3.885283 -2.342001 -7.860837 67.277730 67.277730 
725.500000 113 2.000000 0.092476 15.251941 -1.994467 1.245247 5.528539 5.528539 
725.500000 114 2.000000 0.424824 15.722818 8.496465 -1.527804 74.524100 74.524100 
725.500000 115 2.000000 0.275926 4.969537 5.518506 3.309004 41.403419 41.403419 
725.500000 116 2.000000 0.706681 2.786841 -5.866367 -5.911540 69.360569 69.360569 
725.500000 117 2.000000 0.388156 9.665570 -2.039477 6.903978 51.824372 51.824372 
725.500000 118 2.000000 0.633829 3.080303 0.561236 0.598168 0.672791 0.672791 
725.500000 119 2.000000 0.623866 1.714072 -3.761332 5.713570 46.792507 46.792507 
725.500000 120 2.000000 0.052107 1.154201 -3.791568 3.847332 29.177955 29.177955 
725.500000 121 2.000000 0.572950 6.908497 -4.270495 2.732797 25.705306 25.705306 
725.500000 122 2.000000 0.879908 15.899407 2.514019 7.063322 56.210815 56.210815 
725.500000 123 2.000000 0.512663 16.046647 -4.873355 -0.830978 24.440117 24.440117 
725.500000 124 2.000000 0.566127 9.780693 3.774175 0.988168 15.220870 15.220870 
725.500000 125 2.000000 0.903236 8.367949 -2.304572 -4.432145 24.954962 24.954962 
725.500000 126 2.000000 0.536887 15.963973 2.147546 -4.036026 20.901456 20.901456 
725.500000 127 2.000000 0.000001 16.287545 5.339684 -4.949938 53.014108 53.014108 
725.500000 128 2.000000 0.822330 19.081129 -1.776689 1.290560 4.822171 4.822171 
725.500000 129 2.000000 0.643452 4.850665 -2.376982 -3.610759 18.687625 18.687625 
725.500000 130 2.000000 0.294405 15.590149 5.888076 2.817734 42.609058 42.609058 
725.500000 131 2.000000 0.214714 15.745618 -2.243672 -1.219612 6.521518 6.521518 
725.500000 132 2.000000 0.884697 8.364564 5.683277 -2.965294 41.092605 41.092605 
725.500000 133 2.000000 0.000001 0.181573 2.832536 3.631441 21.210626 21.210626 
725.500000 134 2.000000 0.733124 9.356876 2.443743 -0.919597 6.817538 6.817538 
725.500000 135 2.000000 0.660613 16.680285 -1.600941 1.645186 5.269649 5.269649 
725.500000 136 2.000000 0.830091 10.924995 -3.398159 -5.500002 41.797506 41.797506 
725.500000 137 2.000000 0.876186 16.516641 4.380924 3.204255 29.459745 29.459745 
725.500000 138 2.000000 0.179208 8.507919 -3.283164 0.344553 10.897882 10.897882 
725.500000 139 2.000000 0.881954 15.717758 -1.180446 2.151137 6.020843 6.020843 
725.500000 140 2.000000 0.976547 1.784340 1.389617 -1.904486 5.558103 5.558103 
725.500000 141 2.000000 0.850161 11.913735 -1.498376 2.959070 11.001227 11.001227 
725.500000 142 2.000000 0.528892 1.304357 2.644455 3.260891 17.626552 17.626552 
725.500000 143 2.000000 0.109249 12.168740 -4.016313 -1.677991 18.946422 18.946422 
725.500000 144 2.000000 0.970706 2.253957 0.281164 2.504396 6.351051 6.351051 
725.500000 145 2.000000 0.309005 3.645834 1.236014 -5.046624 26.996148 26.996148 
725.500000 146 2.000000 0.000001 0.545255 4.740938 -4.972657 47.203809 47.203809 
725.500000 147 2.000000 0.734967 4.404980 -5.300635 -1.467639 30.250693 30.250693 
725.500000 148 2.000000 0.963520 13.204601 3.854076 -1.768523 17.981579 17.981579 
725.500000 149 2.000000 0.000001 14.411845 6.845993 0.717957 47.383079 47.383079 
725.500000 150 2.000000 0.166617 6.026772 3.332323 -0.734355 11.643651 11.643651 
725.500000 151 2.000000 0.443135 7.476712 -2.227455 -0.956748 5.876922 5.876922 
725.500000 152 2.000000 0.999999 1.754714 -4.348029 -1.580562 21.403532 21.403532 
725.500000 153 2.000000 0.527453 5.226796 1.758173 3.705597 16.822620 16.822620 
725.500000 154 2.000000 0.067386 16.018836 -3.108710 -1.007679 10.679495 10.679495 
725.500000 155 2.000000 0.752672 6.515779 -4.946533 -3.038897 33.703084 33.703084 
725.500000 156 2.000000 0.766292 3.387372 1.532582 3.985142 18.230162 18.230162 
725.500000 157 2.000000 0.234917 17.140290 -0.850091 0.557727 1.033715 1.033715 
725.500000 158 2.000000 0.999999 18.905136 -4.013577 2.201847 20.956932 20.956932 
725.500000 159 2.000000 0.000001 17.538997 5.310092 10.619049 140.961277 140.961277 
725.500000 160 2.000000 0.000001 19.432427 4.690554 3.609706 35.031273 35.031273 
725.500000 161 2.000000 0.358579 15.322932 1.434311 6.810192 48.435957 48.435957 
725.500000 162 2.000000 0.915497 6.355196 0.188466 4.393983 19.342603 19.342603 
725.500000 163 2.000000 0.982126 18.641571 2.806070 -5.433712 37.399251 37.399251 
725.500000 164 2.000000 0.701126 19.390751 7.011246 -1.523120 51.477465 51.477465 
725.500000 165 2.000000 0.928343 17.866257 0.928342 1.798159 4.095195 4.095195 
725.500000 166 2.000000 0.171797 1.966649 1.717958 5.618995 34.524482 34.524482 
725.500000 167 2.000000 0.251304 8.187025 0.718008 2.098657 4.919898 4.919898 
725.500000 168 2.000000 0.615353 14.458298 2.461408 4.154332 23.316999 23.316999 
725.500000 169 2.000000 0.978498 0.844846 -0.430024 -2.188529 4.974582 4.974582 
725.500000 170 2.000000 0.282380 18.442522 5.647571 -3.893691 47.055894 47.055894 
725.500000 171 2.000000 0.323594 3.956250 -0.409212 0.003932 0.167470 0.167470 
725.500000 172 2.000000 0.999999 7.293587 -5.958609 -7.950010 98.707670 98.707670 
725.500000 173 2.000000 0.481246 14.890495 2.406224 -2.304954 11.102725 11.102725 
725.500000 174 2.000000 0.484109 19.375826 -3.439266 -1.651347 14.555498 14.555498 
725.500000 175 2.000000 0.826844 18.024329 -3.463106 -0.878917 12.765602 12.765602 
725.500000 176 2.000000 0.226537 8.759913 2.265364 -4.778500 27.965938 27.965938 
725.500000 177 2.000000 0.259454 12.055162 -1.730379 4.341340 21.841442 21.841442 
725.500000 178 2.000000 0.832907 6.534934 -3.341832 3.766620 25.355273 25.355273 
725.500000 179 2.000000 0.000001 8.291224 6.734007 2.360685 50.919685 50.919685 
725.500000 180 2.000000 0.426372 12.391710 1.705484 -6.086632 39.955760 39.955760 
725.500000 181 2.000000 0.000001 8.385119 2.204694 4.300061 23.351198 23.351198 
725.500000 182 2.000000 0.661256 3.543225 2.064885 -0.125629 4.279535 4.279535 
725.500000 183 2.000000 0.826981 6.603108 3.307920 -0.950772 11.846303 11.846303 
725.500000 184 2.000000 0.584975 9.105674 -1.185781 2.300344 6.697662 6.697662 
725.500000 185 2.000000 0.314861 8.307307 -2.740553 -5.846346 41.690393 41.690393 
725.500000 186 2.000000 0.353268 3.946565 3.532666 6.577606 55.744633 55.744633 
725.500000 187 2.000000 0.999999 4.411825 -6.581468 0.021826 43.316193 43.316193 
725.500000 188 2.000000 0.836551 13.176123 -3.268956 3.419972 22.382286 22.382286 
725.500000 189 2.000000 0.171976 19.298597 3.439502 4.034426 28.106762 28.106762 
725.500000 190 2.000000 0.097533 18.168395 -6.016437 5.878752 70.757238 70.757238 
725.500000 191 2.000000 0.244844 16.396643 4.896868 -0.009962 23.979418 23.979418 
725.500000 192 2.000000 0.517083 10.968158 -1.417935 -3.197504 12.234575 12.234575 
725.500000 193 2.000000 0.779923 19.496610 5.199479 -2.013555 31.088984 31.088984 
725.500000 194 2.000000 0.421418 19.022391 -5.785812 1.121630 34.733678 34.733678 
725.500000 195 2.000000 0.302924 12.087248 -3.485375 -5.121968 38.382394 38.382394 
725.500000 196 2.000000 0.478847 5.932839 0.798077 0.491755 0.878750 0.878750 
725.500000 197 2.000000 0.411078 14.181809 2.055383 2.208321 9.101282 9.101282 
725.500000 198 2.000000 0.275534 9.082341 -7.244652 -3.237191 62.964395 62.964395 
725.500000 199 2.000000 0.658618 3.825833 -3.413810 -2.287265 16.885677 16.885677 
725.500000 200 2.000000 0.528216 16.472717 5.282146 7.661728 86.603150 86.603150 
725.500000 201 2.000000 0.230930 1.503216 -1.281781 4.294899 20.089121 20.089121 
725.500000 202 2.000000 0.342382 6.776801 3.423812 -3.975475 27.526885 27.526885 
725.500000 203 2.000000 0.794701 10.411775 -2.052984 -0.133134 4.232470 4.232470 
725.500000 204 2.000000 0.162055 7.173253 -0.042916 -3.784217 14.322142 14.322142 
725.500000 205 2.000000 0.193709 9.690951 1.291389 -1.032908 2.734584 2.734584 
725.500000 206 2.000000 0.816415 10.028269 -1.835838 3.068427 12.785546 12.785546 
725.500000 207 2.000000 0.630714 17.917720 2.522853 0.590175 6.713091 6.713091 
725.500000 208 2.000000 0.466061 3.030292 2.330298 -1.917149 9.105750 9.105750 
725.500000 209 2.000000 0.447560 11.527259 0.235558 -8.472740 71.842814 71.842814 
725.500000 210 2.000000 0.999999 11.696177 -5.911550 6.038114 71.405237 71.405237 
725.500000 211 2.000000 0.345501 18.849182 -2.617991 3.485456 19.002279 19.002279 
725.500000 212 2.000000 0.704925 10.953368 7.049236 2.540246 56.144582 56.144582 
725.500000 213 2.000000 0.709590 13.366806 2.314390 -2.424565 11.234919 11.234919 
725.500000 214 2.000000 0.999999 18.890372 -2.993105 -5.474315 38.926796 38.926796 
725.500000 215 2.000000 0.055174 10.961972 -2.099611 -2.416562 10.248136 10.248136 
725.500000 216 2.000000 0.355756 5.129052 2.371699 -3.255632 16.224097 16.224097 
725.500000 217 2.000000 0.824286 19.559516 -0.351426 1.119227 1.376169 1.376169 
725.500000 218 2.000000 0.313921 17.947246 0.158180 0.371284 0.162873 0.162873 
725.500000 219 2.000000 0.680211 10.951761 -6.395768 -5.655149 72.886560 72.886560 
725.500000 220 2.000000 0.402919 0.751943 3.762103 1.139597 15.452103 15.452103 
725.500000 221 2.000000 0.735495 2.223111 1.863944 0.658487 3.907892 3.907892 
725.500000 222 2.000000 0.397971 10.321124 0.679443 -0.758463 1.036910 1.036910 
725.500000 223 2.000000 0.710285 12.828013 3.551422 -3.625900 25.759753 25.759753 
725.500000 224 2.000000 0.990291 5.403168 6.601930 -2.144947 48.186282 48.186282 
725.500000 225 2.000000 0.802643 12.093658 -3.947117 -0.647207 15.998607 15.998607 
725.500000 226 2.000000 0.141314 11.359173 -5.724564 -3.924530 48.172570 48.172570 
725.500000 227 2.000000 0.450000 11.829621 2.999996 2.517009 15.335314 15.335314 
725.500000 228 2.000000 0.254754 17.236517 -1.490490 -5.024512 27.467285 27.467285 
725.500000 229 2.000000 0.319712 7.730197 6.394224 -2.793734 48.691057 48.691057 
725.500000 230 2.000000 0.852924 1.264974 5.686155 8.433153 103.450437 103.450437 
725.500000 231 2.000000 0.676247 1.454932 2.254152 1.039237 6.161214 6.161214 
725.500000 232 2.000000 0.223884 11.414449 4.477653 0.664866 20.491426 20.491426 
725.500000 233 2.000000 0.670621 8.872120 -1.097926 6.126417 38.738425 38.738425 
725.500000 234 2.000000 0.428131 15.120980 8.562601 -0.153354 73.341651 73.341651 
725.500000 235 2.000000 0.361262 14.402611 7.225218 1.330545 53.974125 53.974125 
725.500000 236 2.000000 0.207259 18.823731 -0.082556 -0.411918 0.176492 0.176492 
725.500000 237 2.000000 0.290606 3.961969 -0.383456 -5.007995 25.227053 25.227053 
725.500000 238 2.000000 0.912954 17.558654 0.497374 2.524967 6.622841 6.622841 
725.500000 239 2.000000 0.155420 0.983131 3.108372 4.915649 33.825581 33.825581 
725.500000 240 2.000000 0.158162 7.655105 1.054410 -0.795072 1.743919 1.743919 
725.500000 241 2.000000 0.103482 14.331192 -0.853826 -2.581635 7.393855 7.393855 
725.500000 242 2.000000 0.641103 2.676562 -1.025416 1.189583 2.466585 2.466585 
725.500000 243 2.000000 0.721650 6.247070 -5.566987 0.436090 31.181524 31.181524 
725.500000 244 2.000000 0.176849 16.190016 3.536960 3.639532 25.756280 25.756280 
725.500000 245 2.000000 0.999999 12.337531 -2.140832 7.049968 54.285214 54.285214 
725.500000 246 2.000000 0.999999 0.732630 -2.859923 2.930516 16.767080 16.767080 
725.500000 247 2.000000 0.333699 0.157951 -4.442002 -6.643767 63.871031 63.871031 
725.500000 248 2.000000 0.702716 2.038137 -1.981889 -6.178376 42.100209 42.100209 
725.500000 249 2.000000 0.000001 5.364836 2.192725 2.012817 8.859475 8.859475 
725.500000 250 2.000000 0.230050 4.699961 -5.132993 -5.439935 55.940509 55.940509 
725.500000 251 2.000000 0.865817 4.414947 -2.683643 -0.979302 8.160970 8.160970 
725.500000 252 2.000000 0.187203 12.116650 3.744032 -0.854602 14.748121 14.748121 
725.500000 253 2.000000 0.144055 13.611520 2.881085 -1.892935 11.883855 11.883855 
725.500000 254 2.000000 0.724861 12.009357 -0.917126 2.603116 7.617335 7.617335 
725.500000 255 2.000000 0.772480 9.346942 -0.123214 -3.240293 10.514683 10.514683 
725.500000 256 2.000000 0.580300 4.974669 0.351815 2.801867 7.974232 7.974232 
725.500000 257 2.000000 0.844184 19.892252 0.790644 4.693481 22.653885 22.653885 
725.500000 258 2.000000 0.219428 10.078151 -1.073946 4.411525 20.614911 20.614911 
725.500000 259 2.000000 0.834021 2.900603 -3.319561 3.544024 23.579587 23.579587 
725.500000 260 2.000000 0.172213 0.063170 0.119548 -2.715650 7.389048 7.389048 
725.500000 261 2.000000 0.313985 12.047186 0.004148 2.942771 8.659916 8.659916 
725.500000 262 2.000000 0.520081 11.164141 -1.476209 1.061772 3.306552 3.306552 
725.500000 263 2.000000 0.222228 11.078771 0.252361 -0.918564 0.907445 0.907445 
725.500000 264 2.000000 0.079361 10.745948 1.587208 -6.270246 41.835210 41.835210 
725.500000 265 2.000000 0.186082 4.744357 1.860812 6.325807 43.478461 43.478461 
725.500000 266 2.000000 0.098200 12.178065 -4.498591 1.650053 22.959994 22.959994 
725.500000 267 2.000000 0.999999 13.727816 -6.915763 -1.242017 49.370378 49.370378 
725.500000 268 2.000000 0.356561 13.379198 1.782799 6.861127 50.253429 50.253429 
725.500000 269 2.000000 0.087428 6.060927 1.748547 -0.501424 3.308844 3.308844 
725.500000 270 2.000000 0.905362 2.827305 6.035738 -1.636388 39.107895 39.107895 
725.500000 271 2.000000 0.698737 15.429867 -6.025230 1.650293 39.026869 39.026869 
725.500000 272 2.000000 0.119983 16.475752 -4.400081 -2.273707 24.530457 24.530457 
725.500000 273 2.000000 0.319349 0.276863 -1.944713 -6.637406 47.837074 47.837074 
725.500000 274 2.000000 0.067351 14.331923 -4.663241 2.332748 27.187530 27.187530 
725.500000 275 2.000000 0.601014 17.629644 -3.519981 1.045346 13.483014 13.483014 
725.500000 276 2.000000 0.204530 18.808370 4.216699 -0.443505 17.977244 17.977244 
725.500000 277 2.000000 0.179210 11.240898 -2.157232 2.055730 8.879676 8.879676 
725.500000 278 2.000000 0.041934 6.701100 -1.473946 -3.611395 15.214693 15.214693 
725.500000 279 2.000000 0.269048 14.474193 -0.256692 -0.203539 0.107318 0.107318 
725.500000 280 2.000000 0.396922 2.644614 -1.723078 -5.679319 35.223662 35.223662 
725.500000 281 2.000000 0.692600 3.578844 -6.147986 2.105202 42.229612 42.229612 
725.500000 282 2.000000 0.904520 9.742352 4.522594 -2.414340 26.282895 26.282895 
725.500000 283 2.000000 0.000001 13.293553 8.079809 3.631938 78.474286 78.474286 
725.500000 284 2.000000 0.417567 15.674500 0.397682 -0.984536 1.127461 1.127461 
725.500000 285 2.000000 0.141881 2.736614 -0.786467 -5.590081 31.867532 31.867532 
725.500000 286 2.000000 0.912973 16.896880 -1.740511 3.122370 12.778570 12.778570 
725.500000 287 2.000000 0.006903 17.746145 -2.837418 0.245821 8.111367 8.111367 
725.500000 288 2.000000 0.126018 6.602547 -8.739807 1.917145 80.059674 80.059674 
725.500000 289 2.000000 0.329715 3.509800 0.519773 0.190180 0.306333 0.306333 
725.500000 290 2.000000 0.489059 14.984181 -5.109399 2.537542 32.545072 32.545072 
725.500000 291 2.000000 0.191286 12.925669 -4.043563 -4.052016 32.769240 32.769240 
725.500000 292 2.000000 0.296225 17.939135 -1.222326 1.666425 4.271052 4.271052 
725.500000 293 2.000000 0.000001 6.440678 3.082181 -1.021382 10.543064 10.543064 
725.500000 294 2.000000 0.381259 1.014725 0.382558 6.624356 44.028445 44.028445 
725.500000 295 2.000000 0.109268 9.401898 -1.484552 -4.469926 22.184130 22.184130 
725.500000 296 2.000000 0.669480 8.286242 -1.322077 5.524161 32.264242 32.264242 
725.500000 297 2.000000 0.000001 15.359450 6.680740 0.357027 44.759760 44.759760 
725.500000 298 2.000000 0.241928 10.543076 2.419266 1.758412 8.944863 8.944863 
725.500000 299 2.000000 0.864262 4.847694 -0.904916 -2.852488 8.955559 8.955559 
725.500000 300 2.000000 0.641300 17.665418 3.206493 3.877703 25.318176 25.318176 
725.500000 301 2.000000 0.673245 5.047601 1.346488 2.100084 6.223382 6.223382 
725.500000 302 2.000000 0.434380 13.360726 -0.808027 -0.823736 1.331449 1.331449 
725.500000 303 2.000000 0.499343 0.885363 1.997367 2.529605 10.388378 10.388378 
725.500000 304 2.000000 0.609057 7.265320 -1.303139 -7.490988 57.813071 57.813071 
725.500000 305 2.000000 0.749853 10.691586 2.039008 -7.330183 57.889141 57.889141 
725.500000 306 2.000000 0.000001 10.611171 4.099124 4.290580 35.211891 35.211891 
725.500000 307 2.000000 0.232278 7.871009 0.929108 3.884635 15.953634 15.953634 
725.500000 308 2.000000 0.987221 9.025159 0.433046 -2.579215 6.839880 6.839880 
725.500000 309 2.000000 0.999999 8.699412 -1.586797 -1.494785 4.752307 4.752307 
725.500000 310 2.000000 0.999999 0.819715 -4.836527 1.366190 25.258469 25.258469 
725.500000 311 2.000000 0.314902 5.782030 -2.740390 -3.442745 19.362231 19.362231 
725.500000 312 2.000000 0.999999 3.611417 -2.640098 -2.881435 15.272781 15.272781 
725.500000 313 2.000000 0.349141 0.482512 3.491402 0.075771 12.195627 12.195627 
725.500000 314 2.000000 0.807875 5.320688 0.426848 -1.079501 1.347523 1.347523 
725.500000 315 2.000000 0.999999 11.262890 -11.268484 2.814359 134.899355 134.899355 
725.500000 316 2.000000 0.797460 6.022665 1.091276 -4.635280 22.676704 22.676704 
725.500000 317 2.000000 0.269347 13.349225 5.386913 -3.344552 40.204856 40.204856 
725.500000 318 2.000000 0.000780 0.778231 -0.060035 -2.248370 5.058771 5.058771 
725.500000 319 2.000000 0.345740 10.656284 2.304928 3.334093 16.428866 16.428866 
725.500000 320 2.000000 0.590167 18.696652 -2.732211 -0.602118 7.827524 7.827524 
725.500000 321 2.000000 0.791680 5.320392 -1.378122 4.211794 19.638430 19.638430 
725.500000 322 2.000000 0.107881 11.128747 -3.658353 -0.217756 13.430965 13.430965 
725.500000 323 2.000000 0.143639 15.611583 -2.854533 -1.020056 9.188875 9.188875 
725.500000 324 2.000000 0.239092 10.158564 -1.902268 0.503659 3.872297 3.872297 
725.500000 325 2.000000 0.165423 15.061139 3.308441 5.911952 45.896955 45.896955 
725.500000 326 2.000000 0.759613 10.438003 3.798061 0.405019 14.589307 14.589307 
725.500000 327 2.000000 0.372232 13.482247 -4.188590 -0.309397 17.640014 17.640014 
725.500000 328 2.000000 0.721984 12.930633 -2.780148 2.787188 15.497640 15.497640 
725.500000 329 2.000000 0.299778 7.991736 1.998515 3.329890 15.082226 15.082226 
725.500000 330 2.000000 0.954086 16.111265 9.540854 1.189846 92.443630 92.443630 
725.500000 331 2.000000 0.442516 4.311821 -3.716554 -2.454075 19.835262 19.835262 
725.500000 332 2.000000 0.405492 6.295239 2.027453 -0.773997 4.709637 4.709637 
725.500000 333 2.000000 0.939533 8.746986 4.697659 -3.805911 36.552957 36.552957 
725.500000 334 2.000000 0.435086 15.301236 -1.129826 0.314036 1.375126 1.375126 
725.500000 335 2.000000 0.999999 3.203505 -1.873761 8.008761 67.651237 67.651237 
725.500000 336 2.000000 0.121457 12.737195 -1.351604 0.088788 1.834715 1.834715 
725.500000 337 2.000000 0.000001 8.295010 4.751312 3.281274 33.341719 33.341719 
725.500000 338 2.000000 0.202718 19.494298 4.054332 -3.371343 27.803563 27.803563 
725.500000 339 2.000000 0.923048 1.420661 0.555128 0.657013 0.739833 0.739833 
725.500000 340 2.000000 0.569861 17.111170 -2.867584 1.645046 10.929213 10.929213 
725.500000 341 2.000000 0.999999 12.225224 -1.485087 -2.660342 9.282904 9.282904 
725.500000 342 2.000000 0.643960 14.825227 4.293061 5.124835 44.694299 44.694299 
725.500000 343 2.000000 0.168248 0.191379 -3.864233 3.827552 29.582447 29.582447 
725.500000 344 2.000000 0.460230 4.261871 -0.716289 5.959222 36.025402 36.025402 
725.500000 345 2.000000 0.623674 10.605802 -3.763253 2.430568 20.069735 20.069735 
725.500000 346 2.000000 0.038421 12.704491 -4.807890 -1.969586 26.995078 26.995078 
725.500000 347 2.000000 0.951119 0.407392 -0.977598 2.715942 8.332038 8.332038 
725.500000 348 2.000000 0.394292 18.600227 0.006816 -2.332954 5.442720 5.442720 
725.500000 349 2.000000 0.286880 0.296823 1.912525 -6.225045 42.408934 42.408934 
725.500000 350 2.000000 0.403710 14.352851 -0.518513 -2.011422 4.314674 4.314674 
725.500000 351 2.000000 0.432422 19.999999 1.441402 -0.491060 2.318781 2.318781 
725.500000 352 2.000000 0.193568 1.120379 -0.785450 -4.478754 20.676169 20.676169 
725.500000 353 2.000000 0.778037 14.115534 -4.439248 -3.028814 28.880641 28.880641 
725.500000 354 2.000000 0.906324 4.967169 4.531615 -0.019516 20.535912 20.535912 
725.500000 355 2.000000 0.168818 0.810691 -2.770604 4.053451 24.106715 24.106715 
725.500000 356 2.000000 0.999999 5.462155 -3.432679 0.929126 12.646560 12.646560 
725.500000 357 2.000000 0.999999 8.524154 -7.990537 1.149924 65.171013 65.171013 
725.500000 358 2.000000 0.533186 3.490261 1.777284 -0.073833 3.164189 3.164189 
725.500000 359 2.000000 0.165623 16.158978 3.312440 -4.043180 27.319564 27.319564 
725.500000 360 2.000000 0.197372 8.564500 -5.350845 -9.943912 127.512935 127.512935 
725.500000 361 2.000000 0.833308 13.098946 2.083267 -3.833918 19.038929 19.038929 
725.500000 362 2.000000 0.819842 6.430640 1.522725 4.000998 18.326676 18.326676 
725.500000 363 2.000000 0.045019 6.790178 -0.561753 -2.192712 5.123554 5.123554 
725.500000 364 2.000000 0.649881 15.303633 2.166265 -1.719822 7.650494 7.650494 
725.500000 365 2.000000 0.196515 12.897983 -5.356563 -0.633682 29.094322 29.094322 
725.500000 366 2.000000 0.375713 1.027810 -1.350079 0.960254 2.744802 2.744802 
725.500000 367 2.000000 0.461406 3.556694 -0.718124 4.445866 20.281429 20.281429 
725.500000 368 2.000000 0.999999 11.499553 -2.339255 -2.266786 10.610431 10.610431 
725.500000 369 2.000000 0.273340 10.916239 -2.076169 -9.083760 86.825169 86.825169 
725.500000 370 2.000000 0.825979 1.043973 -3.480404 -0.556630 12.423048 12.423048 
725.500000 371 2.000000 0.360450 16.814314 -4.263657 7.473028 74.024915 74.024915 
725.500000 372 2.000000 0.666335 1.063373 -0.741475 10.633719 113.625766 113.625766 
725.500000 373 2.000000 0.754889 7.734291 -2.451099 -2.235740 11.006421 11.006421 
725.500000 374 2.000000 0.357985 1.965797 -0.917163 4.914491 24.993406 24.993406 
725.500000 375 2.000000 0.163118 12.243789 0.217489 3.417639 11.727559 11.727559 
725.500000 376 2.000000 0.493155 15.297654 9.863071 -5.877932 131.830242 131.830242 
725.500000 377 2.000000 0.903129 2.937855 2.580365 6.528565 49.280441 49.280441 
725.500000 378 2.000000 0.326796 10.442059 -1.923438 -3.053038 13.020654 13.020654 
725.500000 379 2.000000 0.869137 1.125921 1.754169 0.954152 3.987515 3.987515 
725.500000 380 2.000000 0.782153 10.757361 3.910762 1.506896 17.564793 17.564793 
725.500000 381 2.000000 0.000001 13.511287 2.255324 5.074351 30.835530 30.835530 
725.500000 382 2.000000 0.770484 15.312682 -4.590292 2.096769 25.467219 25.467219 
725.500000 383 2.000000 0.635330 7.725160 0.087786 0.196201 0.046201 0.046201 
725.500000 384 2.000000 0.194322 12.649508 -2.301934 5.760621 38.483654 38.483654 
725.500000 385 2.000000 0.999999 18.984242 -3.471428 -4.063028 28.559012 28.559012 
725.500000 386 2.000000 0.502743 5.553965 -1.105014 -0.793051 1.849985 1.849985 
725.500000 387 2.000000 0.660075 15.466904 3.300370 -1.440511 12.967514 12.967514 
725.500000 388 2.000000 0.891326 18.387971 -2.173451 3.619049 17.821406 17.821406 
725.500000 389 2.000000 0.635630 19.999999 -1.214563 -6.446277 43.029656 43.029656 
725.500000 390 2.000000 0.000001 5.833720 3.065579 -1.656508 12.141795 12.141795 
725.500000 391 2.000000 0.573267 9.700706 -2.133660 -0.074363 4.558033 4.558033 
725.500000 392 2.000000 0.206216 11.294434 0.458256 2.873958 8.469635 8.469635 
725.500000 393 2.000000 0.321368 17.182730 -4.524208 2.589852 27.175789 27.175789 
725.500000 394 2.000000 0.271949 6.809425 1.812986 0.194296 3.324670 3.324670 
725.500000 395 2.000000 0.166458 13.464897 -1.305199 5.061955 27.326937 27.326937 
725.500000 396 2.000000 0.637298 4.627752 -7.254026 -2.062224 56.873654 56.873654 
725.500000 397 2.000000 0.999999 18.258633 -4.661726 3.906646 36.993571 36.993571 
725.500000 398 2.000000 0.560229 6.332844 2.240911 -0.350949 5.144849 5.144849 
725.500000 399 2.000000 0.716967 13.930714 2.867865 1.413361 10.222240 10.222240 
725.500000 400 2.000000 0.663689 3.601985 2.039530 0.701468 4.651741 4.651741 
725.500000 401 2.000000 0.999999 19.764925 -2.921695 2.607991 15.337919 15.337919 
725.500000 402 2.000000 0.652320 13.355818 -3.476786 -0.158521 12.113167 12.113167 
725.500000 403 2.000000 0.491252 0.731408 -1.652419 2.292665 7.986802 7.986802 
725.500000 404 2.000000 0.535412 7.572400 -1.858348 4.732750 25.852376 25.852376 
725.500000 405 2.000000 0.613721 0.600571 3.068599 1.334601 11.197460 11.197460 
725.500000 406 2.000000 0.999999 16.502806 -4.098972 -1.369317 18.676598 18.676598 
725.500000 407 2.000000 0.669960 5.420956 3.349797 0.557675 11.532143 11.532143 
725.500000 408 2.000000 0.551392 13.230696 1.050761 1.507357 3.376223 3.376223 
725.500000 409 2.000000 0.489508 15.835208 -1.276229 -0.990239 2.609334 2.609334 
725.500000 410 2.000000 0.446301 5.739537 -3.691318 3.684901 27.204324 27.204324 
725.500000 411 2.000000 0.683825 16.243585 -1.580868 -2.285583 7.723033 7.723033 
725.500000 412 2.000000 0.059702 15.273087 -4.701487 -5.561073 53.029510 53.029510 
725.500000 413 2.000000 0.069682 12.890002 -2.658049 -3.600055 20.025617 20.025617 
725.500000 414 2.000000 0.809128 7.799990 -3.817419 1.016649 15.606262 15.606262 
725.500000 415 2.000000 0.999999 9.008468 -4.305463 -2.168588 23.239781 23.239781 
725.500000 416 2.000000 0.294148 19.681058 2.941474 -1.528824 10.989569 10.989569 
725.500000 417 2.000000 0.579762 6.237749 -1.680950 4.590486 23.898155 23.898155 
725.500000 418 2.000000 0.254985 4.111735 -2.980055 2.147960 13.494461 13.494461 
725.500000 419 2.000000 0.738432 7.232595 -2.615673 -0.297671 6.930355 6.930355 
725.500000 420 2.000000 0.868716 12.556072 -2.625654 -2.849271 15.012406 15.012406 
725.500000 421 2.000000 0.999999 1.988782 -2.818321 -2.206868 12.813202 12.813202 
725.500000 422 2.000000 0.528372 7.311016 3.522473 -4.967624 37.085109 37.085109 
725.500000 423 2.000000 0.999999 5.490543 -0.980017 -2.353324 6.498565 6.498565 
725.500000 424 2.000000 0.415200 4.307456 -3.898658 1.823084 18.523167 18.523167 
725.500000 425 2.000000 0.715727 17.982537 4.771508 0.638802 23.175357 23.175357 
725.500000 426 2.000000 0.047345 11.737044 0.946872 0.683034 1.363102 1.363102 
725.500000 427 2.000000 0.000001 7.831940 4.932333 -3.088320 33.865633 33.865633 
725.500000 428 2.000000 0.336063 17.513616 3.360623 1.536951 13.656004 13.656004 
725.500000 429 2.000000 0.087599 5.020162 1.751967 -3.722977 16.929949 16.929949 
725.500000 430 2.000000 0.542283 11.693083 -0.610287 -0.997124 1.366707 1.366707 
725.500000 431 2.000000 0.000001 19.487963 4.098780 -0.495360 17.045380 17.045380 
725.500000 432 2.000000 0.831614 12.259567 8.316130 -3.210168 79.463198 79.463198 
725.500000 433 2.000000 0.856297 0.855130 3.425184 -2.225264 16.683682 16.683682 
725.500000 434 2.000000 0.313588 3.515669 -4.619410 1.591107 23.870566 23.870566 
725.500000 435 2.000000 0.981300 14.238576 1.769211 0.080805 3.136638 3.136638 
725.500000 436 2.000000 0.571091 13.549061 -1.225450 -2.278118 6.691548 6.691548 
725.500000 437 2.000000 0.255700 11.430338 1.022796 -0.041936 1.047870 1.047870 
725.500000 438 2.000000 0.468089 16.892628 2.340441 2.988242 14.407257 14.407257 
725.500000 439 2.000000 0.663083 17.557382 -3.369164 0.227818 11.403168 11.403168 
725.500000 440 2.000000 0.490723 17.890626 -0.624297 -3.290513 11.217220 11.217220 
725.500000 441 2.000000 0.125970 3.507544 0.314922 -2.625077 6.990206 6.990206 
725.500000 442 2.000000 0.460339 0.535119 1.841353 -0.224269 3.440877 3.440877 
725.500000 443 2.000000 0.455587 9.207987 4.555864 -6.289787 60.317310 60.317310 
725.500000 444 2.000000 0.000001 9.327827 3.720559 -4.959323 38.437446 38.437446 
725.500000 445 2.000000 0.999999 13.860259 1.859394 -4.714291 25.681885 25.681885 
725.500000 446 2.000000 0.051673 7.439407 1.033442 4.086396 17.766634 17.766634 
725.500000 447 2.000000 0.257959 2.758741 -4.946935 1.175248 25.853375 25.853375 
725.500000 448 2.000000 0.544735 13.961242 -1.011698 -0.759592 1.600513 1.600513 
725.500000 449 2.000000 0.355416 9.333263 -1.611457 4.751547 25.173993 25.173993 
725.500000 450 2.000000 0.451510 13.124531 -0.011149 4.491758 20.176015 20.176015 
725.500000 451 2.000000 0.124270 1.383533 0.621343 2.305886 5.703179 5.703179 
725.500000 452 2.000000 0.999999 12.994768 -0.566028 3.289814 11.143266 11.143266 
725.500000 453 2.000000 0.204063 8.048179 1.020310 -2.494157 7.261851 7.261851 
725.500000 454 2.000000 0.694352 8.534857 -6.112947 1.888905 40.936086 40.936086 
725.500000 455 2.000000 0.995287 4.707188 1.990572 -0.393205 4.116985 4.116985 
725.500000 456 2.000000 0.136499 4.704899 -2.158750 -0.939487 5.542836 5.542836 
725.500000 457 2.000000 0.133656 15.503370 2.673110 -3.000139 16.146348 16.146348 
725.500000 458 2.000000 0.422367 13.935846 -1.925441 -2.407232 9.502089 9.502089 
725.500000 459 2.000000 0.453581 19.495144 -1.214263 2.616304 8.319480 8.319480 
725.500000 460 2.000000 0.140091 17.177917 2.801801 -3.527602 20.294063 20.294063 
725.500000 461 2.000000 0.330666 4.154882 2.204432 -1.885290 8.413842 8.413842 
725.500000 462 2.000000 0.122257 2.377631 2.445120 0.048645 5.980979 5.980979 
725.500000 463 2.000000 0.798062 15.980829 -4.038733 -3.494930 28.525902 28.525902 
725.500000 464 2.000000 0.000001 3.775228 1.209212 7.550455 58.471562 58.471562 
725.500000 465 2.000000 0.648787 3.093492 1.576454 0.444963 2.683199 2.683199 
725.500000 466 2.000000 0.880249 3.182239 -2.394990 1.138614 7.032420 7.032420 
725.500000 467 2.000000 0.189106 15.567017 3.782100 -1.655626 17.045377 17.045377 
725.500000 468 2.000000 0.999999 15.496041 -2.132960 1.577068 7.036661 7.036661 
725.500000 469 2.000000 0.794562 7.514904 7.945611 -3.629479 76.305857 76.305857 
725.500000 470 2.000000 0.989183 12.874048 3.956728 2.682453 22.851248 22.851248 
725.500000 471 2.000000 0.000001 3.506623 5.635076 5.387023 60.774099 60.774099 
725.500000 472 2.000000 0.441567 19.206293 -2.792160 -1.587411 10.316033 10.316033 
725.500000 473 2.000000 0.000001 4.419485 10.018422 1.740813 103.399204 103.399204 
725.500000 474 2.000000 0.457938 17.831728 -5.420611 -1.806892 32.647878 32.647878 
725.500000 475 2.000000 0.358816 10.252472 0.287052 -4.873763 23.835969 23.835969 
725.500000 476 2.000000 0.913552 11.714618 0.677278 -1.215138 1.935267 1.935267 
725.500000 477 2.000000 0.634167 12.514670 1.382958 -0.850339 2.635650 2.635650 
725.500000 478 2.000000 0.662530 12.745021 6.625293 1.348439 45.712791 45.712791 
725.500000 479 2.000000 0.000001 6.272989 2.586570 0.410528 6.858879 6.858879 
725.500000 480 2.000000 0.399896 0.749070 2.481445 -0.551408 6.461621 6.461621 
725.500000 481 2.000000 0.507602 1.567085 -1.969588 3.917709 19.227720 19.227720 
725.500000 482 2.000000 0.567532 9.489746 1.418827 2.076582 6.325263 6.325263 
725.500000 483 2.000000 0.959582 11.425020 1.777596 0.361401 3.290458 3.290458 
725.500000 484 2.000000 0.999999 7.671037 -4.523279 4.638194 41.972903 41.972903 
725.500000 485 2.000000 0.390276 7.523982 3.902747 4.049026 31.626043 31.626043 
725.500000 486 2.000000 0.999999 0.194682 -7.544438 -1.478793 59.105380 59.105380 
725.500000 487 2.000000 0.262515 17.613166 5.250272 -3.674997 41.070957 41.070957 
725.500000 488 2.000000 0.262498 5.938104 -1.340911 -1.276779 3.428205 3.428205 
725.500000 489 2.000000 0.745096 9.495791 -2.549031 2.601586 13.265811 13.265811 
725.500000 490 2.000000 0.983003 13.865627 -1.641191 3.940845 18.223769 18.223769 
725.500000 491 2.000000 0.446536 13.310183 0.541826 3.172167 10.356218 10.356218 
725.500000 492 2.000000 0.591793 17.641030 -0.535515 -3.501831 12.549597 12.549597 
725.500000 493 2.000000 0.789655 6.034399 2.329833 -3.446629 17.307372 17.307372 
725.500000 494 2.000000 0.257636 13.143740 2.576345 1.574755 9.117409 9.117409 
725.500000 495 2.000000 0.000001 13.410000 4.928657 0.969056 25.230728 25.230728 
725.500000 496 2.000000 0.056932 8.139361 -4.715336 3.980090 38.075510 38.075510 
725.500000 497 2.000000 0.580189 16.715959 1.657679 6.078530 39.696427 39.696427 
725.500000 498 2.000000 0.794123 8.100994 1.443859 6.480794 44.085419 44.085419 
725.500000 499 2.000000 0.749170 4.576368 -1.672190 2.052095 7.007314 7.007314 
725.500000 500 2.000000 0.000001 17.262207 5.065397 3.672637 39.146508 39.146508 
