634.500000 1 2.000000 0.042503 0.000001 -0.870451 7.418455 55.791153 55.791153 
634.500000 2 2.000000 0.026240 3.739463 -2.451438 -1.701326 8.904055 8.904055 
634.500000 3 2.000000 0.199980 0.242706 3.999580 -0.272235 16.070751 16.070751 
634.500000 4 2.000000 0.229565 19.842329 0.479289 0.097786 0.239280 0.239280 
634.500000 5 2.000000 0.376075 1.482523 -4.159495 -2.425333 23.183637 23.183637 
634.500000 6 2.000000 0.828714 8.699729 0.381539 -8.737330 76.486511 76.486511 
634.500000 7 2.000000 0.552027 13.475521 2.820839 0.676442 8.414704 8.414704 
634.500000 8 2.000000 0.608043 0.715177 -3.919560 -0.232343 15.416931 15.416931 
634.500000 9 2.000000 0.559004 1.243218 -4.409945 -1.683462 22.281662 22.281662 
634.500000 10 2.000000 0.832176 3.595030 5.288055 4.013464 44.071418 44.071418 
634.500000 11 2.000000 0.307631 14.575171 1.148016 -2.113959 5.786764 5.786764 
634.500000 12 2.000000 0.110244 13.303053 -2.542158 -1.060889 7.588052 7.588052 
634.500000 13 2.000000 0.089478 0.664781 -3.035070 -0.346496 9.331712 9.331712 
634.500000 14 2.000000 0.884779 11.798667 2.527936 2.359733 11.958803 11.958803 
634.500000 15 2.000000 0.763795 6.503522 -4.724086 -5.061064 47.931360 47.931360 
634.500000 16 2.000000 0.065241 14.020648 0.326199 1.403229 2.075457 2.075457 
634.500000 17 2.000000 0.700193 9.772617 -5.996125 4.650358 57.579340 57.579340 
634.500000 18 2.000000 0.000001 12.024138 6.124602 -6.380689 78.223943 78.223943 
634.500000 19 2.000000 0.000001 10.224742 0.988583 2.672673 8.120478 8.120478 
634.500000 20 2.000000 0.877773 17.622350 2.194431 5.232230 32.191755 32.191755 
634.500000 21 2.000000 0.775946 6.398836 1.939862 -0.303360 3.855091 3.855091 
634.500000 22 2.000000 0.026715 17.506743 -3.244281 -4.533193 31.075202 31.075202 
634.500000 23 2.000000 0.605117 18.078097 -1.386171 -1.603853 4.493815 4.493815 
634.500000 24 2.000000 0.265457 0.689110 2.654559 4.594062 28.152087 28.152087 
634.500000 25 2.000000 0.914532 3.384359 9.145313 1.250280 85.199945 85.199945 
634.500000 26 2.000000 0.022029 17.083131 -3.911881 -4.487490 35.440375 35.440375 
634.500000 27 2.000000 0.968568 2.103357 0.691833 4.206711 18.175054 18.175054 
634.500000 28 2.000000 0.106710 17.138805 -5.955262 -3.011783 44.535988 44.535988 
634.500000 29 2.000000 0.609064 5.310263 -2.586320 2.373127 12.320781 12.320781 
634.500000 30 2.000000 0.310974 14.160633 2.073155 -1.718603 7.251568 7.251568 
634.500000 31 2.000000 0.781626 12.751078 1.954062 -2.225993 8.773404 8.773404 
634.500000 32 2.000000 0.953389 8.341978 6.355921 -4.574466 61.323472 61.323472 
634.500000 33 2.000000 0.903285 8.266802 4.516421 6.383923 61.152524 61.152524 
634.500000 34 2.000000 0.251066 6.244454 -0.788350 1.614099 3.226811 3.226811 
634.500000 35 2.000000 0.092526 13.832062 -0.350784 -4.304625 18.652849 18.652849 
634.500000 36 2.000000 0.999999 19.610144 -1.315784 0.736471 2.273676 2.273676 
634.500000 37 2.000000 0.327254 4.533306 -3.363723 -4.589779 32.380706 32.380706 
634.500000 38 2.000000 0.868839 6.164249 -2.623208 -1.558805 9.311091 9.311091 
634.500000 39 2.000000 0.365620 6.446581 2.437457 -0.561657 6.256656 6.256656 
634.500000 40 2.000000 0.068830 19.120276 -4.655845 4.770304 44.432693 44.432693 
634.500000 41 2.000000 0.845964 1.490518 -3.080706 1.399208 11.448533 11.448533 
634.500000 42 2.000000 0.415960 6.573502 -2.920197 -5.208835 35.659507 35.659507 
634.500000 43 2.000000 0.329290 15.730360 2.195260 -0.470326 5.040374 5.040374 
634.500000 44 2.000000 0.163265 18.023667 -8.367344 -2.833181 78.039367 78.039367 
634.500000 45 2.000000 0.387063 17.693549 -6.129362 3.745034 51.594360 51.594360 
634.500000 46 2.000000 0.000001 6.789150 2.093122 -1.784777 7.566587 7.566587 
634.500000 47 2.000000 0.140434 19.293709 -3.438259 -1.569533 14.285056 14.285056 
634.500000 48 2.000000 0.776075 4.792684 0.554339 0.354195 0.432746 0.432746 
634.500000 49 2.000000 0.112642 19.999999 2.252820 -4.471414 25.068743 25.068743 
634.500000 50 2.000000 0.999999 4.269873 -2.775517 2.710510 15.050358 15.050358 
634.500000 51 2.000000 0.309180 0.564145 -2.763277 0.402490 7.797696 7.797696 
634.500000 52 2.000000 0.342882 4.163162 -0.944893 2.710076 8.237333 8.237333 
634.500000 53 2.000000 0.466574 13.273076 0.829630 -3.469125 12.723111 12.723111 
634.500000 54 2.000000 0.536780 13.793243 -0.487599 1.862072 3.705066 3.705066 
634.500000 55 2.000000 0.486699 7.114780 9.733970 4.186779 112.279294 112.279294 
634.500000 56 2.000000 0.132602 14.264236 2.567822 -1.408036 8.576274 8.576274 
634.500000 57 2.000000 0.571038 1.982408 5.710372 -8.085685 97.986652 97.986652 
634.500000 58 2.000000 0.440319 9.691791 2.935453 1.711600 11.546455 11.546455 
634.500000 59 2.000000 0.925286 18.360992 -0.298854 -2.731679 7.551381 7.551381 
634.500000 60 2.000000 0.722807 3.184533 -2.771916 -1.139000 8.980836 8.980836 
634.500000 61 2.000000 0.745188 3.939424 1.862968 -0.354135 3.596061 3.596061 
634.500000 62 2.000000 0.804542 8.579132 -1.303045 -3.192449 11.889656 11.889656 
634.500000 63 2.000000 0.815257 0.019458 4.076281 -5.185051 43.500819 43.500819 
634.500000 64 2.000000 0.491086 15.918480 -1.017826 -0.403729 1.198967 1.198967 
634.500000 65 2.000000 0.000001 9.715869 2.268142 0.724469 5.669325 5.669325 
634.500000 66 2.000000 0.268235 7.551748 -2.927054 -0.036445 8.568975 8.568975 
634.500000 67 2.000000 0.343503 4.343336 1.374006 4.571932 22.790454 22.790454 
634.500000 68 2.000000 0.396211 10.881640 -1.341750 2.225231 6.751948 6.751948 
634.500000 69 2.000000 0.265268 11.404605 -1.469462 1.179751 3.551130 3.551130 
634.500000 70 2.000000 0.999999 10.649012 -1.517539 -1.535825 4.661682 4.661682 
634.500000 71 2.000000 0.358964 5.734938 7.179257 0.498752 51.790484 51.790484 
634.500000 72 2.000000 0.001436 5.554570 -2.682358 -0.766261 7.782202 7.782202 
634.500000 73 2.000000 0.334715 8.674276 0.230837 -2.078410 4.373074 4.373074 
634.500000 74 2.000000 0.433993 12.181286 -0.471672 0.233279 0.276894 0.276894 
634.500000 75 2.000000 0.506009 3.849869 -1.234975 0.750482 2.088388 2.088388 
634.500000 76 2.000000 0.769906 0.892796 -2.300930 -6.477018 47.246043 47.246043 
634.500000 77 2.000000 0.240333 11.445723 4.807039 2.730224 30.561749 30.561749 
634.500000 78 2.000000 0.035211 4.030256 -3.859152 8.060510 79.864873 79.864873 
634.500000 79 2.000000 0.572048 9.592189 11.440935 -2.756794 138.494899 138.494899 
634.500000 80 2.000000 0.987465 14.481445 4.937318 -1.187061 25.786224 25.786224 
634.500000 81 2.000000 0.384449 6.021082 -0.494780 -1.718699 3.198733 3.198733 
634.500000 82 2.000000 0.732068 0.560706 -2.679310 -7.378189 61.616367 61.616367 
634.500000 83 2.000000 0.404003 16.195570 -4.519141 -3.650321 33.747480 33.747480 
634.500000 84 2.000000 0.000001 0.077220 5.473430 1.544385 32.343558 32.343558 
634.500000 85 2.000000 0.999999 8.607911 -1.825671 0.532029 3.616130 3.616130 
634.500000 86 2.000000 0.578634 12.951318 0.826618 -7.831868 62.021448 62.021448 
634.500000 87 2.000000 0.136746 0.313451 3.869990 -4.161173 32.292186 32.292186 
634.500000 88 2.000000 0.852420 10.731786 0.487096 9.331987 87.323249 87.323249 
634.500000 89 2.000000 0.825155 16.142948 1.139506 1.534329 3.652639 3.652639 
634.500000 90 2.000000 0.744755 10.460863 -1.020976 -5.070701 26.754395 26.754395 
634.500000 91 2.000000 0.321115 19.820126 2.140760 -3.597453 17.524525 17.524525 
634.500000 92 2.000000 0.432816 15.257445 4.328149 -3.059713 28.094717 28.094717 
634.500000 93 2.000000 0.999999 6.241207 -3.424674 2.496482 17.960814 17.960814 
634.500000 94 2.000000 0.691187 16.286483 -3.088117 -1.169958 10.905267 10.905267 
634.500000 95 2.000000 0.635493 12.391366 -1.215020 4.062743 17.982151 17.982151 
634.500000 96 2.000000 0.928339 12.986597 -1.433193 -2.743380 9.580173 9.580173 
634.500000 97 2.000000 0.264305 16.961877 -4.904625 4.909796 48.161440 48.161440 
634.500000 98 2.000000 0.999999 10.813414 -2.034313 -2.166947 8.834089 8.834089 
634.500000 99 2.000000 0.000001 1.940188 3.606579 3.843643 27.781002 27.781002 
634.500000 100 2.000000 0.941475 7.034124 6.276496 0.966329 40.328199 40.328199 
634.500000 101 2.000000 0.435931 16.791117 -0.201453 -5.348136 28.643142 28.643142 
634.500000 102 2.000000 0.000001 4.788448 5.058536 -1.199709 27.028091 27.028091 
634.500000 103 2.000000 0.832891 1.286539 -3.342152 -1.047335 12.266887 12.266887 
634.500000 104 2.000000 0.509806 0.622031 -4.901926 -0.086000 24.036276 24.036276 
634.500000 105 2.000000 0.804895 15.348412 4.024468 1.867738 19.684786 19.684786 
634.500000 106 2.000000 0.839052 9.427163 -3.218950 0.857728 11.097335 11.097335 
634.500000 107 2.000000 0.863903 10.947702 4.319508 -1.040387 19.740556 19.740556 
634.500000 108 2.000000 0.842476 16.926306 3.437946 -3.242131 22.330883 22.330883 
634.500000 109 2.000000 0.062049 19.968726 -6.253001 0.745431 39.655692 39.655692 
634.500000 110 2.000000 0.050337 6.834504 -2.713321 5.733148 40.231098 40.231098 
634.500000 111 2.000000 0.952298 5.358470 6.348647 2.976927 49.167415 49.167415 
634.500000 112 2.000000 0.999999 3.887766 -6.189793 1.729520 41.304782 41.304782 
634.500000 113 2.000000 0.960612 2.449981 3.202038 -3.027239 19.417225 19.417225 
634.500000 114 2.000000 0.376914 9.304517 -6.230849 1.714084 41.761564 41.761564 
634.500000 115 2.000000 0.077447 4.080429 -6.150347 1.569396 40.289765 40.289765 
634.500000 116 2.000000 0.320114 8.613840 6.402250 -1.714048 43.926769 43.926769 
634.500000 117 2.000000 0.825808 10.545648 1.376345 -0.384568 2.042219 2.042219 
634.500000 118 2.000000 0.326622 14.775254 1.088738 -0.974505 2.135009 2.135009 
634.500000 119 2.000000 0.250450 0.851765 1.669657 -7.392495 57.436743 57.436743 
634.500000 120 2.000000 0.937617 17.601851 1.398273 -1.963016 5.808599 5.808599 
634.500000 121 2.000000 0.192738 6.618824 -0.436357 -4.695149 22.234832 22.234832 
634.500000 122 2.000000 0.196320 10.325654 3.926388 -3.517944 27.792453 27.792453 
634.500000 123 2.000000 0.240329 11.463822 2.402876 4.975965 30.534047 30.534047 
634.500000 124 2.000000 0.528332 11.463221 10.566628 0.967786 112.590242 112.590242 
634.500000 125 2.000000 0.539154 4.577539 5.391527 2.201872 33.916800 33.916800 
634.500000 126 2.000000 0.356370 9.805124 1.018198 -0.341760 1.153527 1.153527 
634.500000 127 2.000000 0.719188 6.053554 0.637249 -5.374826 29.294845 29.294845 
634.500000 128 2.000000 0.421592 16.427050 1.053977 -2.858359 9.281085 9.281085 
634.500000 129 2.000000 0.711374 12.278827 1.314285 -1.999311 5.724592 5.724592 
634.500000 130 2.000000 0.000001 0.441167 4.022346 -3.779829 30.466369 30.466369 
634.500000 131 2.000000 0.219706 14.418038 -2.600976 2.275208 11.941650 11.941650 
634.500000 132 2.000000 0.843293 3.224537 4.216462 4.960825 42.388336 42.388336 
634.500000 133 2.000000 0.000001 1.994239 2.298001 -0.410776 5.449543 5.449543 
634.500000 134 2.000000 0.999999 10.464854 -4.438282 -3.012730 28.774892 28.774892 
634.500000 135 2.000000 0.036983 8.477539 -6.420108 0.025074 41.218420 41.218420 
634.500000 136 2.000000 0.403763 12.751274 -2.981180 3.104670 18.526408 18.526408 
634.500000 137 2.000000 0.934588 3.169707 -1.308220 2.881551 10.014776 10.014776 
634.500000 138 2.000000 0.197316 10.760944 1.315433 1.207003 3.187220 3.187220 
634.500000 139 2.000000 0.660067 6.864651 0.040159 2.540143 6.453941 6.453941 
634.500000 140 2.000000 0.387517 12.577651 2.583440 -3.806332 21.162328 21.162328 
634.500000 141 2.000000 0.093732 10.409566 -4.531333 -3.267461 31.209282 31.209282 
634.500000 142 2.000000 0.922725 12.205473 0.594309 -1.609989 2.945266 2.945266 
634.500000 143 2.000000 0.420805 13.967585 1.683215 -0.541817 3.126779 3.126779 
634.500000 144 2.000000 0.289762 8.614325 -4.734916 -2.712187 29.775385 29.775385 
634.500000 145 2.000000 0.765823 16.719167 3.063289 4.911744 33.508965 33.508965 
634.500000 146 2.000000 0.404128 5.914338 -2.383485 5.376670 34.589582 34.589582 
634.500000 147 2.000000 0.657564 19.504318 -3.424350 0.958133 12.644191 12.644191 
634.500000 148 2.000000 0.694910 11.541211 -1.220357 1.413747 3.487953 3.487953 
634.500000 149 2.000000 0.157114 3.302984 3.142262 1.164399 11.229634 11.229634 
634.500000 150 2.000000 0.488456 5.427808 -5.115431 8.350472 95.898025 95.898025 
634.500000 151 2.000000 0.667144 19.301738 1.111904 -3.491303 13.425525 13.425525 
634.500000 152 2.000000 0.330658 4.971113 -4.462272 -2.151411 24.540442 24.540442 
634.500000 153 2.000000 0.972240 9.780562 1.944479 -0.291490 3.865964 3.865964 
634.500000 154 2.000000 0.612537 0.361700 3.062682 1.446794 11.473238 11.473238 
634.500000 155 2.000000 0.141913 3.673848 -2.145216 2.370224 10.219913 10.219913 
634.500000 156 2.000000 0.673105 6.764094 4.487363 -0.996557 21.129554 21.129554 
634.500000 157 2.000000 0.828315 14.802919 6.424947 0.118297 41.293933 41.293933 
634.500000 158 2.000000 0.868325 3.061513 4.341619 -2.358890 24.414021 24.414021 
634.500000 159 2.000000 0.411538 7.150544 -1.058086 4.823037 24.381228 24.381228 
634.500000 160 2.000000 0.000001 3.341592 7.778640 3.517464 72.879791 72.879791 
634.500000 161 2.000000 0.393936 14.341172 7.878702 3.684268 75.647781 75.647781 
634.500000 162 2.000000 0.332777 16.409638 2.218505 5.860585 39.268216 39.268216 
634.500000 163 2.000000 0.444766 14.248234 -1.009515 1.780988 4.191040 4.191040 
634.500000 164 2.000000 0.359577 8.426594 2.397174 -5.357682 34.451198 34.451198 
634.500000 165 2.000000 0.969484 17.360622 0.468360 0.156240 0.243772 0.243772 
634.500000 166 2.000000 0.171768 10.048157 -0.190000 5.431436 29.536593 29.536593 
634.500000 167 2.000000 0.314423 14.118633 -1.523502 -0.266897 2.392294 2.392294 
634.500000 168 2.000000 0.054752 2.657272 -0.700183 0.617970 0.872143 0.872143 
634.500000 169 2.000000 0.830008 11.783909 -1.699912 -4.578223 23.849825 23.849825 
634.500000 170 2.000000 0.347382 6.524400 -2.610469 2.724925 14.239763 14.239763 
634.500000 171 2.000000 0.560166 0.524441 0.422344 -0.082896 0.185246 0.185246 
634.500000 172 2.000000 0.109518 18.939275 -2.226204 0.676018 5.412983 5.412983 
634.500000 173 2.000000 0.000001 9.055810 4.105162 -5.299806 44.940300 44.940300 
634.500000 174 2.000000 0.254069 13.595726 5.081350 2.050589 30.025035 30.025035 
634.500000 175 2.000000 0.071585 7.971180 1.431673 -2.798887 9.883455 9.883455 
634.500000 176 2.000000 0.763928 19.202354 1.150039 -3.988227 17.228544 17.228544 
634.500000 177 2.000000 0.218204 10.746407 4.364051 -0.716157 19.557825 19.557825 
634.500000 178 2.000000 0.000001 10.635283 5.678347 -1.766896 35.365543 35.365543 
634.500000 179 2.000000 0.711102 0.883372 4.740676 0.929864 23.338655 23.338655 
634.500000 180 2.000000 0.579999 11.590649 -0.560000 -2.953614 9.037435 9.037435 
634.500000 181 2.000000 0.919943 3.907495 -0.800556 -7.601998 58.431271 58.431271 
634.500000 182 2.000000 0.059534 11.915665 1.190651 -2.352723 6.952956 6.952956 
634.500000 183 2.000000 0.855573 9.953472 1.619847 2.966059 11.421410 11.421410 
634.500000 184 2.000000 0.318725 4.752994 6.374474 4.526660 61.124567 61.124567 
634.500000 185 2.000000 0.595103 8.055050 1.487756 0.740190 2.761300 2.761300 
634.500000 186 2.000000 0.119083 17.353164 0.793882 -4.411392 20.090625 20.090625 
634.500000 187 2.000000 0.137647 15.312119 -0.358674 3.421665 11.836440 11.836440 
634.500000 188 2.000000 0.345475 17.246719 1.004079 -1.626825 3.654733 3.654733 
634.500000 189 2.000000 0.424094 8.289402 1.696373 -0.392881 3.032036 3.032036 
634.500000 190 2.000000 0.370618 18.017003 -2.517525 4.361737 25.362681 25.362681 
634.500000 191 2.000000 0.644335 6.076550 6.443343 -2.734561 48.994490 48.994490 
634.500000 192 2.000000 0.192120 19.734458 -0.167095 2.422318 5.895546 5.895546 
634.500000 193 2.000000 0.144305 12.207786 -1.012276 0.333024 1.135608 1.135608 
634.500000 194 2.000000 0.218595 1.019611 -2.232584 -0.506210 5.240678 5.240678 
634.500000 195 2.000000 0.468101 10.002888 -0.217101 -1.021135 1.089850 1.089850 
634.500000 196 2.000000 0.295475 15.135130 1.477372 -0.692356 2.661985 2.661985 
634.500000 197 2.000000 0.848741 14.862829 -3.025165 0.921101 10.000052 10.000052 
634.500000 198 2.000000 0.980577 8.091594 0.218124 -3.186346 10.200381 10.200381 
634.500000 199 2.000000 0.999999 4.036130 -6.520353 1.501925 44.770783 44.770783 
634.500000 200 2.000000 0.737611 2.633575 -1.049551 -3.459005 13.066269 13.066269 
634.500000 201 2.000000 0.000001 5.045408 3.168333 1.237778 11.570430 11.570430 
634.500000 202 2.000000 0.298901 15.928691 0.150423 -0.099433 0.032514 0.032514 
634.500000 203 2.000000 0.508381 16.238556 -4.916182 -2.506206 30.449915 30.449915 
634.500000 204 2.000000 0.975578 10.900654 3.180898 -0.274805 10.193627 10.193627 
634.500000 205 2.000000 0.999999 15.570751 -0.234934 -4.026589 16.268611 16.268611 
634.500000 206 2.000000 0.593131 8.294624 2.372519 -0.414791 5.800897 5.800897 
634.500000 207 2.000000 0.106116 15.648827 -1.625241 -2.559513 9.192516 9.192516 
634.500000 208 2.000000 0.639532 4.546327 -0.054394 7.034458 49.486562 49.486562 
634.500000 209 2.000000 0.999999 7.859967 -3.844762 -2.517995 21.122496 21.122496 
634.500000 210 2.000000 0.000001 5.860839 2.910480 -1.320764 10.215313 10.215313 
634.500000 211 2.000000 0.311564 9.101608 -3.442174 2.116653 16.328784 16.328784 
634.500000 212 2.000000 0.106120 3.521252 -4.469394 -3.285921 30.772760 30.772760 
634.500000 213 2.000000 0.042306 4.399576 -1.446910 4.391730 21.380842 21.380842 
634.500000 214 2.000000 0.844060 2.290086 2.411598 2.290085 11.060294 11.060294 
634.500000 215 2.000000 0.721805 6.483650 -5.563871 -0.163823 30.983500 30.983500 
634.500000 216 2.000000 0.804977 8.005729 1.238425 3.759560 15.667988 15.667988 
634.500000 217 2.000000 0.153135 7.973251 3.062677 1.062341 10.508560 10.508560 
634.500000 218 2.000000 0.332497 16.802378 3.324965 2.661631 18.139673 18.139673 
634.500000 219 2.000000 0.427784 19.684090 -2.861073 -2.106063 12.621237 12.621237 
634.500000 220 2.000000 0.787604 5.193103 -0.052655 1.082082 1.173673 1.173673 
634.500000 221 2.000000 0.455268 17.173589 4.552673 -1.242061 22.269550 22.269550 
634.500000 222 2.000000 0.687727 6.959444 0.198111 -1.117863 1.288865 1.288865 
634.500000 223 2.000000 0.742091 9.382089 2.968359 -1.456786 10.933383 10.933383 
634.500000 224 2.000000 0.171247 18.564204 3.424918 -5.743179 44.714163 44.714163 
634.500000 225 2.000000 0.111314 18.507635 -0.566480 3.682210 13.879573 13.879573 
634.500000 226 2.000000 0.613147 7.712444 3.065732 1.709669 12.321681 12.321681 
634.500000 227 2.000000 0.187593 8.440388 1.875920 3.013713 12.601541 12.601541 
634.500000 228 2.000000 0.587598 12.618058 -1.107986 2.591633 7.944196 7.944196 
634.500000 229 2.000000 0.507305 1.120359 -2.463468 -5.255881 33.692961 33.692961 
634.500000 230 2.000000 0.745028 16.076521 -0.594115 0.689445 0.828307 0.828307 
634.500000 231 2.000000 0.438397 11.011393 -1.604577 -3.219323 12.938711 12.938711 
634.500000 232 2.000000 0.265013 3.555283 4.144935 1.050605 18.284258 18.284258 
634.500000 233 2.000000 0.899517 1.324097 1.635484 -2.578290 9.322387 9.322387 
634.500000 234 2.000000 0.918826 16.335398 3.675298 4.630146 34.946070 34.946070 
634.500000 235 2.000000 0.799891 10.781285 -4.002167 -3.348130 27.227314 27.227314 
634.500000 236 2.000000 0.385880 4.064675 2.572525 6.369529 47.188786 47.188786 
634.500000 237 2.000000 0.758725 5.744795 1.896811 0.122394 3.612872 3.612872 
634.500000 238 2.000000 0.823458 1.790547 1.646914 -6.389281 43.535245 43.535245 
634.500000 239 2.000000 0.863840 19.766090 2.879463 -4.678175 30.176630 30.176630 
634.500000 240 2.000000 0.736788 9.354893 -5.264214 5.854751 61.990068 61.990068 
634.500000 241 2.000000 0.235803 3.280258 0.362773 6.560514 43.171948 43.171948 
634.500000 242 2.000000 0.000001 10.344907 5.782351 -1.629729 36.091603 36.091603 
634.500000 243 2.000000 0.778627 17.154422 -4.427442 6.950110 67.906275 67.906275 
634.500000 244 2.000000 0.960418 10.913238 4.800511 -5.085127 48.903416 48.903416 
634.500000 245 2.000000 0.412505 11.623053 0.815608 -3.683075 14.230261 14.230261 
634.500000 246 2.000000 0.697802 1.541481 1.268728 5.138265 28.011440 28.011440 
634.500000 247 2.000000 0.107353 4.969821 -0.776214 -1.318826 2.341812 2.341812 
634.500000 248 2.000000 0.392301 6.238434 -12.153963 -0.502287 147.971109 147.971109 
634.500000 249 2.000000 0.132888 14.249539 -1.650024 -5.819462 36.588716 36.588716 
634.500000 250 2.000000 0.889964 8.471521 4.449816 -1.202773 21.247525 21.247525 
634.500000 251 2.000000 0.325385 3.202456 -0.963734 0.908584 1.754307 1.754307 
634.500000 252 2.000000 0.809828 18.009166 3.097959 -2.907682 18.051964 18.051964 
634.500000 253 2.000000 0.900214 10.420687 2.250532 -1.307968 6.775674 6.775674 
634.500000 254 2.000000 0.116086 16.370421 2.321690 -7.259157 58.085599 58.085599 
634.500000 255 2.000000 0.028277 0.995818 0.043502 0.199533 0.041706 0.041706 
634.500000 256 2.000000 0.304789 2.108840 3.047876 -2.787365 17.058951 17.058951 
634.500000 257 2.000000 0.387276 8.024871 7.745494 -5.825900 93.933793 93.933793 
634.500000 258 2.000000 0.141520 4.125516 -8.584793 -2.941201 82.349340 82.349340 
634.500000 259 2.000000 0.120956 0.025692 -5.860289 -2.671303 41.478844 41.478844 
634.500000 260 2.000000 0.078812 17.612343 1.576226 -4.341193 21.330448 21.330448 
634.500000 261 2.000000 0.475209 9.601678 -5.250796 1.679389 30.391200 30.391200 
634.500000 262 2.000000 0.025779 2.334517 -2.435551 -1.180304 7.325027 7.325027 
634.500000 263 2.000000 0.836459 6.871568 -3.270807 -2.547418 17.187515 17.187515 
634.500000 264 2.000000 0.762231 12.246183 2.438652 -2.617614 12.798928 12.798928 
634.500000 265 2.000000 0.044309 13.664389 -2.123755 5.081132 30.328241 30.328241 
634.500000 266 2.000000 0.749576 12.687123 7.495746 4.787593 79.107261 79.107261 
634.500000 267 2.000000 0.927375 17.245833 -1.452489 4.566946 22.966718 22.966718 
634.500000 268 2.000000 0.858924 12.955211 -2.821501 0.554535 8.268374 8.268374 
634.500000 269 2.000000 0.644066 19.763654 -3.559334 0.218467 12.716587 12.716587 
634.500000 270 2.000000 0.666855 15.396160 2.667416 -4.603839 28.310438 28.310438 
634.500000 271 2.000000 0.531677 12.472622 -0.223783 1.592599 2.586451 2.586451 
634.500000 272 2.000000 0.904923 10.009823 3.619688 0.590142 13.450410 13.450410 
634.500000 273 2.000000 0.507731 16.454559 -1.969073 0.658293 4.310599 4.310599 
634.500000 274 2.000000 0.978405 17.574201 4.892018 -6.064496 60.709946 60.709946 
634.500000 275 2.000000 0.759315 18.649656 1.898285 -3.000762 12.608056 12.608056 
634.500000 276 2.000000 0.320488 11.718369 -0.430931 4.553843 20.923187 20.923187 
634.500000 277 2.000000 0.038259 18.205882 -3.205799 1.114712 11.519733 11.519733 
634.500000 278 2.000000 0.334783 1.936142 -0.298415 -5.318485 28.375334 28.375334 
634.500000 279 2.000000 0.192006 17.106936 -4.039965 0.237733 16.377830 16.377830 
634.500000 280 2.000000 0.694509 12.692481 1.061816 -0.289951 1.211525 1.211525 
634.500000 281 2.000000 0.187614 1.451065 -4.061927 4.145896 33.687707 33.687707 
634.500000 282 2.000000 0.787723 17.810656 -4.245510 1.639304 20.711678 20.711678 
634.500000 283 2.000000 0.000001 1.762478 1.481362 0.330407 2.303602 2.303602 
634.500000 284 2.000000 0.417183 14.582438 -2.914080 -1.819436 11.802209 11.802209 
634.500000 285 2.000000 0.314401 17.851025 3.143997 -1.273300 11.506007 11.506007 
634.500000 286 2.000000 0.202555 4.564184 -1.449898 0.150935 2.124985 2.124985 
634.500000 287 2.000000 0.725814 12.025303 2.419377 -7.249724 58.411883 58.411883 
634.500000 288 2.000000 0.268254 18.403103 -1.010446 -6.298885 40.696949 40.696949 
634.500000 289 2.000000 0.355345 11.743848 2.368961 2.425935 11.497138 11.497138 
634.500000 290 2.000000 0.841952 3.747544 -1.580466 -1.942542 6.271341 6.271341 
634.500000 291 2.000000 0.343390 16.295548 -1.459130 -1.397906 4.083203 4.083203 
634.500000 292 2.000000 0.278933 8.253123 -3.605332 -1.752037 16.068055 16.068055 
634.500000 293 2.000000 0.000001 0.593619 2.798319 -3.232282 18.278238 18.278238 
634.500000 294 2.000000 0.905444 2.222839 2.012096 1.725449 7.025705 7.025705 
634.500000 295 2.000000 0.050077 18.588824 -0.678516 -4.031929 16.716838 16.716838 
634.500000 296 2.000000 0.457280 19.037102 -5.427191 -2.407243 35.249225 35.249225 
634.500000 297 2.000000 0.087238 4.155419 1.744745 -10.927297 122.449947 122.449947 
634.500000 298 2.000000 0.528798 4.193616 3.525317 3.106382 22.077464 22.077464 
634.500000 299 2.000000 0.500959 0.446080 5.009578 -1.269795 26.708255 26.708255 
634.500000 300 2.000000 0.999999 7.033637 -7.884058 -0.436040 62.348501 62.348501 
634.500000 301 2.000000 0.718604 13.049363 -2.813948 2.288781 13.156820 13.156820 
634.500000 302 2.000000 0.525730 9.473807 -0.990220 0.105421 0.991649 0.991649 
634.500000 303 2.000000 0.237753 14.306375 2.377515 1.299942 7.342429 7.342429 
634.500000 304 2.000000 0.867338 17.259767 1.927416 -4.982240 28.537643 28.537643 
634.500000 305 2.000000 0.069693 2.216434 1.393848 -6.169361 40.003830 40.003830 
634.500000 306 2.000000 0.946961 0.213628 1.721745 -0.204797 3.006348 3.006348 
634.500000 307 2.000000 0.158951 4.858284 3.178995 5.102977 36.146387 36.146387 
634.500000 308 2.000000 0.000001 1.708660 3.197222 1.160496 11.568983 11.568983 
634.500000 309 2.000000 0.640924 15.989004 -3.590754 2.909322 21.357667 21.357667 
634.500000 310 2.000000 0.684117 17.578936 -6.317633 -0.411174 40.081557 40.081557 
634.500000 311 2.000000 0.466567 19.823359 3.110440 5.286229 37.619052 37.619052 
634.500000 312 2.000000 0.907206 8.861927 0.745758 7.053959 50.314491 50.314491 
634.500000 313 2.000000 0.368034 6.610754 -0.457741 5.428158 29.674421 29.674421 
634.500000 314 2.000000 0.083767 14.196718 -0.338611 -0.327163 0.221693 0.221693 
634.500000 315 2.000000 0.398439 8.237863 1.593750 -1.260739 4.129502 4.129502 
634.500000 316 2.000000 0.000001 7.224153 2.740683 -5.971742 43.173049 43.173049 
634.500000 317 2.000000 0.693184 16.416014 -2.354008 3.675390 19.049849 19.049849 
634.500000 318 2.000000 0.246419 18.561986 -0.793242 6.453325 42.274632 42.274632 
634.500000 319 2.000000 0.427743 12.325120 -0.239492 -1.948677 3.854697 3.854697 
634.500000 320 2.000000 0.683578 6.796943 -3.164209 -0.082800 10.019075 10.019075 
634.500000 321 2.000000 0.297262 9.552006 0.647013 5.088965 26.316192 26.316192 
634.500000 322 2.000000 0.819421 17.061497 -1.805781 -0.623918 3.650117 3.650117 
634.500000 323 2.000000 0.548603 4.252612 -0.392518 -3.860865 15.060353 15.060353 
634.500000 324 2.000000 0.562718 19.178270 11.254338 0.561676 126.975607 126.975607 
634.500000 325 2.000000 0.189223 11.731340 1.892218 -1.088642 4.765630 4.765630 
634.500000 326 2.000000 0.778269 12.109897 1.211033 -1.479760 3.656291 3.656291 
634.500000 327 2.000000 0.446766 5.409776 1.305915 -2.615830 8.547979 8.547979 
634.500000 328 2.000000 0.246897 13.033568 -2.151721 -0.553382 4.936133 4.936133 
634.500000 329 2.000000 0.352643 3.086766 -2.589424 1.976951 10.613449 10.613449 
634.500000 330 2.000000 0.726881 9.991993 -2.731183 4.530343 27.983365 27.983365 
634.500000 331 2.000000 0.789154 7.843103 5.261022 4.313815 46.287360 46.287360 
634.500000 332 2.000000 0.211568 1.542768 1.410444 -4.374340 21.124205 21.124205 
634.500000 333 2.000000 0.257421 1.425336 5.148400 -1.271200 28.121970 28.121970 
634.500000 334 2.000000 0.665177 0.000001 2.217255 6.617487 48.707345 48.707345 
634.500000 335 2.000000 0.608949 4.622171 -7.821007 -2.839679 69.231935 69.231935 
634.500000 336 2.000000 0.555618 17.155838 -4.443815 -3.576643 32.539868 32.539868 
634.500000 337 2.000000 0.999999 8.809410 -3.665831 2.579404 20.091640 20.091640 
634.500000 338 2.000000 0.460069 1.142831 2.300339 1.269811 6.903982 6.903982 
634.500000 339 2.000000 0.552980 0.620195 0.682139 -0.462066 0.678819 0.678819 
634.500000 340 2.000000 0.146436 5.869695 0.976231 -3.704975 14.679869 14.679869 
634.500000 341 2.000000 0.920839 2.546520 3.069461 5.093038 35.360620 35.360620 
634.500000 342 2.000000 0.554757 10.034763 -4.452421 -0.700275 20.314439 20.314439 
634.500000 343 2.000000 0.816482 18.536176 -3.670345 4.885597 37.340484 37.340484 
634.500000 344 2.000000 0.509951 7.655829 -3.266985 4.207832 28.379045 28.379045 
634.500000 345 2.000000 0.999999 1.793795 -3.280239 -3.896845 25.945369 25.945369 
634.500000 346 2.000000 0.999999 18.793930 -3.200317 -3.015173 19.333298 19.333298 
634.500000 347 2.000000 0.035751 17.254306 -1.014998 0.559077 1.342789 1.342789 
634.500000 348 2.000000 0.194909 17.861486 -0.644072 0.648276 0.835090 0.835090 
634.500000 349 2.000000 0.999999 11.189503 -0.923198 1.770481 3.986896 3.986896 
634.500000 350 2.000000 0.890717 3.936115 -1.092823 -7.327225 54.882484 54.882484 
634.500000 351 2.000000 0.113876 12.081810 2.277506 -0.579814 5.523217 5.523217 
634.500000 352 2.000000 0.659097 12.432514 -1.193722 -0.043896 1.426899 1.426899 
634.500000 353 2.000000 0.709105 18.632036 0.526423 -4.559877 21.069595 21.069595 
634.500000 354 2.000000 0.133841 9.994646 -2.474738 6.057361 42.815945 42.815945 
634.500000 355 2.000000 0.840897 11.211659 2.802985 -1.451224 9.962777 9.962777 
634.500000 356 2.000000 0.742139 19.718445 -5.157209 -1.877024 30.120022 30.120022 
634.500000 357 2.000000 0.377597 7.512050 -4.149344 -3.224947 27.617337 27.617337 
634.500000 358 2.000000 0.781817 19.418827 -4.363631 4.651437 40.677148 40.677148 
634.500000 359 2.000000 0.408001 15.744676 -5.919985 -0.809059 35.700799 35.700799 
634.500000 360 2.000000 0.999999 16.456694 -0.619782 3.437439 12.200117 12.200117 
634.500000 361 2.000000 0.205973 17.934010 -2.268646 -2.295543 10.416273 10.416273 
634.500000 362 2.000000 0.392527 16.192374 -2.639211 2.892715 15.333238 15.333238 
634.500000 363 2.000000 0.493218 10.564986 -1.447947 1.954803 5.917806 5.917806 
634.500000 364 2.000000 0.587779 12.000585 -1.030549 -2.908878 9.523602 9.523602 
634.500000 365 2.000000 0.919890 18.560735 -1.602175 3.992758 18.509086 18.509086 
634.500000 366 2.000000 0.855902 17.525372 -1.440967 0.290229 2.160618 2.160618 
634.500000 367 2.000000 0.682043 11.860497 -2.119709 -8.139502 70.744663 70.744663 
634.500000 368 2.000000 0.396012 9.849021 -2.415949 5.648458 37.741882 37.741882 
634.500000 369 2.000000 0.216645 15.583663 4.332878 -1.238065 20.306636 20.306636 
634.500000 370 2.000000 0.679792 7.640188 -2.134710 -4.931354 28.875238 28.875238 
634.500000 371 2.000000 0.281234 18.056331 5.624658 0.141448 31.656790 31.656790 
634.500000 372 2.000000 0.009876 1.392759 -3.300409 -0.218100 10.940269 10.940269 
634.500000 373 2.000000 0.000001 12.264579 3.139714 -1.572059 12.329177 12.329177 
634.500000 374 2.000000 0.488759 19.564070 -0.929527 -2.906192 9.309973 9.309973 
634.500000 375 2.000000 0.284479 18.783196 -1.165198 -6.084014 38.372917 38.372917 
634.500000 376 2.000000 0.159254 15.266754 0.127402 -4.733245 22.419840 22.419840 
634.500000 377 2.000000 0.182722 8.715060 -0.583769 4.828492 23.655124 23.655124 
634.500000 378 2.000000 0.989085 8.427305 3.201455 3.396430 21.785048 21.785048 
634.500000 379 2.000000 0.334923 9.908473 3.349218 -5.936192 46.455630 46.455630 
634.500000 380 2.000000 0.528949 7.336618 -4.710503 1.929731 25.912704 25.912704 
634.500000 381 2.000000 0.172052 8.264317 1.720513 -9.027448 84.454983 84.454983 
634.500000 382 2.000000 0.056587 5.583006 -1.317731 2.198032 6.567761 6.567761 
634.500000 383 2.000000 0.333093 2.843891 1.332367 4.734113 24.187024 24.187024 
634.500000 384 2.000000 0.999999 14.714918 -1.327943 -2.746039 9.304161 9.304161 
634.500000 385 2.000000 0.434127 4.769828 -2.263487 -0.816479 5.790011 5.790011 
634.500000 386 2.000000 0.673546 7.400450 4.490300 0.837980 20.865001 20.865001 
634.500000 387 2.000000 0.714223 7.918810 0.348401 0.941168 1.007181 1.007181 
634.500000 388 2.000000 0.814267 16.524041 -3.714644 -1.696630 16.677132 16.677132 
634.500000 389 2.000000 0.957841 1.412595 3.192801 3.531484 22.665361 22.665361 
634.500000 390 2.000000 0.360999 6.088491 -0.039069 1.513742 2.292941 2.292941 
634.500000 391 2.000000 0.000001 9.718244 3.140313 -4.971221 34.574602 34.574602 
634.500000 392 2.000000 0.659693 11.561574 0.091415 -3.531320 12.478578 12.478578 
634.500000 393 2.000000 0.244181 13.644417 -3.756540 3.667868 27.564845 27.564845 
634.500000 394 2.000000 0.946519 11.816844 2.366294 4.517724 26.009180 26.009180 
634.500000 395 2.000000 0.314329 10.802558 6.286554 -4.286332 57.893402 57.893402 
634.500000 396 2.000000 0.545657 16.444651 -5.257562 4.191131 45.207531 45.207531 
634.500000 397 2.000000 0.000001 15.175285 4.989567 -3.969811 40.655175 40.655175 
634.500000 398 2.000000 0.414626 9.980356 -5.853727 1.616497 36.879182 36.879182 
634.500000 399 2.000000 0.380584 6.152819 -0.197007 -1.697530 2.920420 2.920420 
634.500000 400 2.000000 0.019049 5.942052 -3.269835 -3.906409 25.951849 25.951849 
634.500000 401 2.000000 0.328951 6.463324 -1.677621 -0.994964 3.804366 3.804366 
634.500000 402 2.000000 0.488033 14.059360 4.880323 -4.243313 41.823265 41.823265 
634.500000 403 2.000000 0.344298 1.558510 -1.457113 -3.377877 13.533228 13.533228 
634.500000 404 2.000000 0.448383 5.474844 -2.758081 1.848486 11.023910 11.023910 
634.500000 405 2.000000 0.000001 2.413900 3.601605 -7.810458 73.974816 73.974816 
634.500000 406 2.000000 0.653862 12.442272 3.707940 -1.083142 14.922013 14.922013 
634.500000 407 2.000000 0.347545 12.375955 -6.524544 -3.712099 56.349360 56.349360 
634.500000 408 2.000000 0.235574 5.316848 1.177864 -1.277680 3.019830 3.019830 
634.500000 409 2.000000 0.595136 0.480852 -0.238863 -3.838794 14.793391 14.793391 
634.500000 410 2.000000 0.806972 2.606766 1.075962 -5.648974 33.068596 33.068596 
634.500000 411 2.000000 0.514756 11.720375 0.249296 2.740154 7.570590 7.570590 
634.500000 412 2.000000 0.097237 4.577575 0.972362 -5.140808 27.373393 27.373393 
634.500000 413 2.000000 0.474089 5.746960 4.740882 -3.392373 33.984156 33.984156 
634.500000 414 2.000000 0.983206 11.256320 3.277348 1.128360 12.014209 12.014209 
634.500000 415 2.000000 0.999999 12.402085 -5.905295 3.354977 46.128379 46.128379 
634.500000 416 2.000000 0.999999 5.811486 -6.343159 -4.049533 56.634376 56.634376 
634.500000 417 2.000000 0.000001 16.870012 10.725303 4.501566 135.296228 135.296228 
634.500000 418 2.000000 0.286526 1.331500 -1.097651 -3.308523 12.151163 12.151163 
634.500000 419 2.000000 0.742316 1.113847 3.711577 3.712822 27.560848 27.560848 
634.500000 420 2.000000 0.130123 0.299966 -1.441847 -4.420988 21.624056 21.624056 
634.500000 421 2.000000 0.477204 13.687714 -0.580884 -4.067965 16.885767 16.885767 
634.500000 422 2.000000 0.378358 2.056673 3.783572 -5.870685 48.780360 48.780360 
634.500000 423 2.000000 0.987863 8.301016 1.975724 -0.820035 4.575942 4.575942 
634.500000 424 2.000000 0.531441 9.994275 0.885734 2.964227 9.571164 9.571164 
634.500000 425 2.000000 0.243996 16.592873 4.879902 -1.041476 24.898111 24.898111 
634.500000 426 2.000000 0.627782 2.462609 -1.861086 0.025573 3.464297 3.464297 
634.500000 427 2.000000 0.999999 17.486734 -2.859162 0.702368 8.668131 8.668131 
634.500000 428 2.000000 0.175809 1.926774 -0.275632 3.853546 14.925787 14.925787 
634.500000 429 2.000000 0.524917 1.982480 -4.750824 0.371142 22.708075 22.708075 
634.500000 430 2.000000 0.562786 13.763319 1.406964 -0.766578 2.567188 2.567188 
634.500000 431 2.000000 0.999999 5.051767 -5.589455 2.592858 37.964923 37.964923 
634.500000 432 2.000000 0.089748 13.651795 0.224368 -7.935256 63.018623 63.018623 
634.500000 433 2.000000 0.666285 5.270423 -1.668568 4.269159 21.009842 21.009842 
634.500000 434 2.000000 0.463539 4.792011 0.026133 -0.407991 0.167140 0.167140 
634.500000 435 2.000000 0.120788 14.191541 2.415739 2.899311 14.241801 14.241801 
634.500000 436 2.000000 0.606216 7.395738 2.424860 0.745124 6.435156 6.435156 
634.500000 437 2.000000 0.544616 13.110627 -0.479351 3.636462 13.453632 13.453632 
634.500000 438 2.000000 0.000001 19.663175 1.176540 -1.684118 4.220499 4.220499 
634.500000 439 2.000000 0.480123 8.302260 1.920488 -1.150127 5.011067 5.011067 
634.500000 440 2.000000 0.334710 3.833074 6.694189 -1.114503 46.054282 46.054282 
634.500000 441 2.000000 0.456214 19.519202 -2.718924 -1.923187 11.091194 11.091194 
634.500000 442 2.000000 0.000001 17.211440 3.365504 1.625768 13.969739 13.969739 
634.500000 443 2.000000 0.517308 0.472756 -4.506192 4.314192 38.918022 38.918022 
634.500000 444 2.000000 0.185633 1.903940 -2.326760 -1.387535 7.339067 7.339067 
634.500000 445 2.000000 0.025317 16.127339 0.506327 0.415579 0.429073 0.429073 
634.500000 446 2.000000 0.377435 9.935461 0.943584 1.424343 2.919104 2.919104 
634.500000 447 2.000000 0.502581 8.818161 3.350532 -1.841855 14.618495 14.618495 
634.500000 448 2.000000 0.324758 4.265447 2.165047 -1.135778 5.977422 5.977422 
634.500000 449 2.000000 0.779504 15.277155 -4.409897 3.882182 34.518529 34.518529 
634.500000 450 2.000000 0.642776 10.868900 -0.226997 4.263329 18.227499 18.227499 
634.500000 451 2.000000 0.295484 4.670941 1.206417 0.932471 2.324944 2.324944 
634.500000 452 2.000000 0.805985 11.536297 0.041053 -1.235449 1.528021 1.528021 
634.500000 453 2.000000 0.682149 4.160671 2.728592 3.523161 19.857877 19.857877 
634.500000 454 2.000000 0.693258 11.706463 2.773026 -0.704201 8.185574 8.185574 
634.500000 455 2.000000 0.239996 10.958661 0.042744 0.149054 0.024044 0.024044 
634.500000 456 2.000000 0.031908 10.530213 -4.840453 0.666112 23.873694 23.873694 
634.500000 457 2.000000 0.999999 15.273105 -2.990542 1.043072 10.031337 10.031337 
634.500000 458 2.000000 0.920943 3.341281 6.139610 5.568801 68.706358 68.706358 
634.500000 459 2.000000 0.999999 19.827590 -8.688055 -3.448178 87.372227 87.372227 
634.500000 460 2.000000 0.999999 12.941957 -2.853205 -2.144767 12.740805 12.740805 
634.500000 461 2.000000 0.999999 8.179068 -6.079187 5.051274 62.471875 62.471875 
634.500000 462 2.000000 0.384558 13.563127 -4.102941 -3.218436 27.192456 27.192456 
634.500000 463 2.000000 0.270370 3.553965 3.858995 -5.090446 40.804485 40.804485 
634.500000 464 2.000000 0.281884 15.328208 -4.787431 -1.708555 25.838658 25.838658 
634.500000 465 2.000000 0.411084 19.199895 0.458304 1.608126 2.796112 2.796112 
634.500000 466 2.000000 0.356208 1.213583 -4.291941 -9.204111 103.136418 103.136418 
634.500000 467 2.000000 0.347142 13.598141 3.471414 2.432255 17.966578 17.966578 
634.500000 468 2.000000 0.838836 0.109216 2.038619 -3.317713 15.163189 15.163189 
634.500000 469 2.000000 0.000001 4.545315 3.377750 2.840822 19.479463 19.479463 
634.500000 470 2.000000 0.452377 8.822637 2.261878 -11.177362 130.049518 130.049518 
634.500000 471 2.000000 0.419598 9.007656 2.797315 0.081016 7.831533 7.831533 
634.500000 472 2.000000 0.731357 6.519505 -2.686423 -1.844620 10.619496 10.619496 
634.500000 473 2.000000 0.514904 19.329191 5.149026 6.788268 72.593050 72.593050 
634.500000 474 2.000000 0.147662 5.421579 -0.201569 -2.490028 6.240872 6.240872 
634.500000 475 2.000000 0.000001 7.634893 1.825675 -0.584383 3.674592 3.674592 
634.500000 476 2.000000 0.612453 10.633584 4.083015 2.806501 24.547464 24.547464 
634.500000 477 2.000000 0.488978 2.784208 -3.406803 -4.976822 36.375063 36.375063 
634.500000 478 2.000000 0.632303 11.338199 -1.838482 -0.325380 3.485887 3.485887 
634.500000 479 2.000000 0.593779 5.430143 -2.728044 3.382980 18.886780 18.886780 
634.500000 480 2.000000 0.945714 11.314122 4.728563 -6.753586 67.970233 67.970233 
634.500000 481 2.000000 0.999999 11.084793 -5.454166 4.709260 51.925054 51.925054 
634.500000 482 2.000000 0.725146 1.455506 -5.497066 -0.805739 30.866955 30.866955 
634.500000 483 2.000000 0.440259 5.996662 0.833888 -1.975251 4.596984 4.596984 
634.500000 484 2.000000 0.606956 9.460709 -2.616424 -0.889082 7.636143 7.636143 
634.500000 485 2.000000 0.270476 5.981300 -2.084352 -2.716841 11.725752 11.725752 
634.500000 486 2.000000 0.053486 11.407801 -9.465133 -3.629170 102.759607 102.759607 
634.500000 487 2.000000 0.000001 3.681844 2.040422 -1.108244 5.391525 5.391525 
634.500000 488 2.000000 0.225813 5.763201 1.129061 7.204000 53.172394 53.172394 
634.500000 489 2.000000 0.309426 13.456496 -0.071935 3.124239 9.766041 9.766041 
634.500000 490 2.000000 0.612841 7.500427 -3.871584 0.247270 15.050302 15.050302 
634.500000 491 2.000000 0.436556 17.985249 0.158747 1.368808 1.898836 1.898836 
634.500000 492 2.000000 0.199981 15.923098 -4.000091 3.246685 26.541688 26.541688 
634.500000 493 2.000000 0.821198 3.136933 -0.894005 0.922627 1.650486 1.650486 
634.500000 494 2.000000 0.999999 4.152295 -7.903019 3.610690 75.494798 75.494798 
634.500000 495 2.000000 0.999999 15.906835 -6.715578 -2.646553 52.103228 52.103228 
634.500000 496 2.000000 0.667181 17.957807 3.335899 -3.742206 25.132331 25.132331 
634.500000 497 2.000000 0.130627 2.188526 2.612521 3.647542 20.129825 20.129825 
634.500000 498 2.000000 0.865236 10.101659 -1.347630 3.546496 14.393740 14.393740 
634.500000 499 2.000000 0.317950 18.449407 -6.820490 -1.102641 47.734896 47.734896 
634.500000 500 2.000000 0.999999 12.691751 -1.912648 -2.706759 10.984765 10.984765 
