588.500000 1 2.000000 0.901424 13.419899 2.575494 0.125538 6.648929 6.648929 
588.500000 2 2.000000 0.471119 13.511377 -5.288804 -3.944553 43.530943 43.530943 
588.500000 3 2.000000 0.439583 17.981713 -3.736109 -1.417693 15.968363 15.968363 
588.500000 4 2.000000 0.000001 4.799528 5.728966 2.523897 39.191108 39.191108 
588.500000 5 2.000000 0.268050 12.360561 -3.571616 -1.299756 14.445805 14.445805 
588.500000 6 2.000000 0.583330 18.324468 -2.777792 -2.421688 13.580703 13.580703 
588.500000 7 2.000000 0.618757 13.206023 -1.089263 0.957242 2.102806 2.102806 
588.500000 8 2.000000 0.704664 3.785127 7.046631 -0.945168 50.548357 50.548357 
588.500000 9 2.000000 0.680575 6.436299 -2.129496 2.007907 8.566442 8.566442 
588.500000 10 2.000000 0.330120 11.568240 2.200795 5.562788 35.788112 35.788112 
588.500000 11 2.000000 0.800941 11.035265 1.456255 -5.433172 31.640040 31.640040 
588.500000 12 2.000000 0.260000 14.949934 5.199976 -2.805591 34.911091 34.911091 
588.500000 13 2.000000 0.167181 15.082018 -1.388030 1.803668 5.179845 5.179845 
588.500000 14 2.000000 0.871777 13.427501 -2.564446 0.143198 6.596889 6.596889 
588.500000 15 2.000000 0.999999 1.854320 -2.366486 1.426399 7.634872 7.634872 
588.500000 16 2.000000 0.472632 2.894344 3.382133 2.764019 19.078623 19.078623 
588.500000 17 2.000000 0.139701 13.338094 -0.058583 -5.866054 34.414026 34.414026 
588.500000 18 2.000000 0.107092 6.733036 2.141827 3.493238 16.790136 16.790136 
588.500000 19 2.000000 0.299846 0.765011 2.998446 3.060039 18.354514 18.354514 
588.500000 20 2.000000 0.999999 17.765436 -3.454193 2.376596 17.579657 17.579657 
588.500000 21 2.000000 0.790682 6.144934 -4.186340 -2.554884 24.052873 24.052873 
588.500000 22 2.000000 0.137347 10.250188 2.746910 -3.571922 20.304145 20.304145 
588.500000 23 2.000000 0.525597 18.358704 1.313990 2.697477 9.002950 9.002950 
588.500000 24 2.000000 0.563432 4.656985 0.339945 4.435223 19.786766 19.786766 
588.500000 25 2.000000 0.405061 13.043182 2.025299 -4.488269 24.246396 24.246396 
588.500000 26 2.000000 0.690559 1.013411 2.762233 3.378032 19.041035 19.041035 
588.500000 27 2.000000 0.344649 7.186906 6.892962 -2.226899 52.472007 52.472007 
588.500000 28 2.000000 0.174023 5.922358 3.480432 7.306941 65.504797 65.504797 
588.500000 29 2.000000 0.276982 10.715437 -1.024685 3.999031 17.042228 17.042228 
588.500000 30 2.000000 0.448153 5.659682 4.481519 -1.865683 23.564780 23.564780 
588.500000 31 2.000000 0.000001 7.004783 1.798083 -3.561499 15.917376 15.917376 
588.500000 32 2.000000 0.902609 17.191363 -1.947799 2.655257 10.844312 10.844312 
588.500000 33 2.000000 0.462184 6.556779 -0.338694 -2.261014 5.226900 5.226900 
588.500000 34 2.000000 0.774659 14.573363 -4.506808 2.976858 29.173004 29.173004 
588.500000 35 2.000000 0.753913 12.459423 5.026081 -7.937448 88.264572 88.264572 
588.500000 36 2.000000 0.471108 16.328126 2.355535 1.325718 7.306073 7.306073 
588.500000 37 2.000000 0.740866 5.421442 -5.182668 2.644606 33.853983 33.853983 
588.500000 38 2.000000 0.117996 17.115274 -2.940011 -3.846300 23.437687 23.437687 
588.500000 39 2.000000 0.816425 19.999999 1.632847 -7.723724 62.322104 62.322104 
588.500000 40 2.000000 0.275590 2.310238 -1.581064 5.775591 35.857221 35.857221 
588.500000 41 2.000000 0.474762 10.318990 0.228271 1.262728 1.646589 1.646589 
588.500000 42 2.000000 0.660546 15.744397 -6.789055 -6.345955 86.362410 86.362410 
588.500000 43 2.000000 0.999999 16.473523 -3.405523 -3.526476 24.033614 24.033614 
588.500000 44 2.000000 0.582718 1.866123 -0.564675 -2.026389 4.425109 4.425109 
588.500000 45 2.000000 0.304558 5.055542 0.556723 4.648302 21.916654 21.916654 
588.500000 46 2.000000 0.428255 17.049992 -6.505910 -4.821712 65.575763 65.575763 
588.500000 47 2.000000 0.000001 6.787500 6.369042 -2.192883 45.373435 45.373435 
588.500000 48 2.000000 0.377784 18.737717 -6.222151 -0.470508 38.936542 38.936542 
588.500000 49 2.000000 0.434890 12.435689 -3.767396 5.656577 46.190141 46.190141 
588.500000 50 2.000000 0.000001 15.816866 7.322570 -7.602105 111.412029 111.412029 
588.500000 51 2.000000 0.549017 0.000001 -4.509819 7.247645 72.866826 72.866826 
588.500000 52 2.000000 0.247671 11.467404 -5.015517 -0.857202 25.890210 25.890210 
588.500000 53 2.000000 0.275407 1.391222 -2.070262 -5.396758 33.410983 33.410983 
588.500000 54 2.000000 0.999999 4.968909 -2.766606 2.615215 14.493460 14.493460 
588.500000 55 2.000000 0.803737 19.888759 -1.962622 0.153976 3.875593 3.875593 
588.500000 56 2.000000 0.404046 13.809110 -0.460854 -2.313361 5.564025 5.564025 
588.500000 57 2.000000 0.799359 4.168993 3.197433 -0.689426 10.698888 10.698888 
588.500000 58 2.000000 0.785292 1.992309 2.617638 0.453844 7.058004 7.058004 
588.500000 59 2.000000 0.637426 9.233994 -3.625730 -1.324155 14.899307 14.899307 
588.500000 60 2.000000 0.253625 19.875050 2.536239 0.597571 6.789599 6.789599 
588.500000 61 2.000000 0.957857 5.616734 3.831426 0.054610 14.682806 14.682806 
588.500000 62 2.000000 0.443981 2.369744 -1.010943 -2.378125 6.677481 6.677481 
588.500000 63 2.000000 0.999999 5.111084 -4.455386 -1.396760 21.801400 21.801400 
588.500000 64 2.000000 0.089639 15.866492 -4.551802 0.140628 20.738677 20.738677 
588.500000 65 2.000000 0.309965 0.923322 -1.061591 4.616603 22.439999 22.439999 
588.500000 66 2.000000 0.558511 4.001630 -8.829767 0.346700 78.084989 78.084989 
588.500000 67 2.000000 0.000001 18.562813 3.463112 -1.288890 13.654380 13.654380 
588.500000 68 2.000000 0.406623 11.735377 -3.955838 0.664904 16.090749 16.090749 
588.500000 69 2.000000 0.708529 12.660564 -0.430952 -0.591501 0.535593 0.535593 
588.500000 70 2.000000 0.456527 13.749050 -5.434716 -1.368914 31.410063 31.410063 
588.500000 71 2.000000 0.778731 14.335032 3.893648 -1.625874 17.803963 17.803963 
588.500000 72 2.000000 0.174680 19.768672 1.746793 -0.461765 3.264512 3.264512 
588.500000 73 2.000000 0.940218 3.241373 2.686335 1.906689 10.851860 10.851860 
588.500000 74 2.000000 0.068731 4.896614 0.687303 -6.164647 38.475257 38.475257 
588.500000 75 2.000000 0.546449 8.447269 2.732238 0.260355 7.532910 7.532910 
588.500000 76 2.000000 0.641189 7.629428 -0.717620 2.931867 9.110824 9.110824 
588.500000 77 2.000000 0.051852 6.166627 -2.106993 8.222168 72.043469 72.043469 
588.500000 78 2.000000 0.395221 11.185684 -1.209556 -2.798195 9.292922 9.292922 
588.500000 79 2.000000 0.214882 8.687455 -4.548167 -3.979205 36.519899 36.519899 
588.500000 80 2.000000 0.272492 0.845046 0.544982 -3.089952 9.844809 9.844809 
588.500000 81 2.000000 0.322962 15.333783 -3.385185 -2.650130 18.482668 18.482668 
588.500000 82 2.000000 0.452394 4.384377 0.695989 3.041459 9.734874 9.734874 
588.500000 83 2.000000 0.120263 2.562670 0.801745 -1.468061 2.797997 2.797997 
588.500000 84 2.000000 0.780264 13.052464 -0.627814 -8.684419 75.813277 75.813277 
588.500000 85 2.000000 0.067314 19.549321 1.346257 -1.287651 3.470451 3.470451 
588.500000 86 2.000000 0.160147 18.125430 -5.599012 -0.573217 31.677518 31.677518 
588.500000 87 2.000000 0.489307 17.478612 -0.851153 6.473560 42.631435 42.631435 
588.500000 88 2.000000 0.653022 14.902676 -6.939542 -3.185827 58.306744 58.306744 
588.500000 89 2.000000 0.256598 3.249946 -7.434006 0.660172 55.700273 55.700273 
588.500000 90 2.000000 0.656152 2.250745 -3.438471 -2.486088 18.003719 18.003719 
588.500000 91 2.000000 0.876043 9.434816 -0.826377 6.506769 43.020945 43.020945 
588.500000 92 2.000000 0.476339 1.084724 3.175590 -3.183664 20.220086 20.220086 
588.500000 93 2.000000 0.190566 17.922501 1.270434 0.478498 1.842962 1.842962 
588.500000 94 2.000000 0.884375 11.657866 -2.312480 5.139798 31.765085 31.765085 
588.500000 95 2.000000 0.518169 4.790534 -4.818304 -4.828402 46.529513 46.529513 
588.500000 96 2.000000 0.541743 18.902011 -1.833025 -5.489940 33.499420 33.499420 
588.500000 97 2.000000 0.115685 8.268607 -3.093925 5.078470 35.363228 35.363228 
588.500000 98 2.000000 0.736667 6.872014 0.189689 1.484056 2.238403 2.238403 
588.500000 99 2.000000 0.743729 17.130767 7.437275 3.082264 64.813412 64.813412 
588.500000 100 2.000000 0.361960 9.692715 2.413058 -2.293337 11.082243 11.082243 
588.500000 101 2.000000 0.926897 14.001986 0.426128 -0.223537 0.231554 0.231554 
588.500000 102 2.000000 0.173067 0.590024 0.576887 -2.321890 5.723970 5.723970 
588.500000 103 2.000000 0.380313 0.283356 -1.377081 1.416774 3.903601 3.903601 
588.500000 104 2.000000 0.839325 10.249085 -3.213475 -1.350765 12.150991 12.150991 
588.500000 105 2.000000 0.548177 0.295963 0.296311 -2.802695 7.942899 7.942899 
588.500000 106 2.000000 0.325605 19.634142 -1.348788 2.388731 7.525262 7.525262 
588.500000 107 2.000000 0.820354 14.906908 -3.592894 2.120522 17.405502 17.405502 
588.500000 108 2.000000 0.409728 18.294177 8.194548 3.244242 77.675724 77.675724 
588.500000 109 2.000000 0.480576 2.895975 2.184854 3.423126 16.491375 16.491375 
588.500000 110 2.000000 0.892082 14.125340 1.414222 -6.371686 42.598404 42.598404 
588.500000 111 2.000000 0.439492 3.968164 -3.736712 -2.552662 20.479097 20.479097 
588.500000 112 2.000000 0.004933 15.509778 -0.568609 4.310710 18.905540 18.905540 
588.500000 113 2.000000 0.140839 4.202348 -4.295801 -4.317376 37.093643 37.093643 
588.500000 114 2.000000 0.763435 15.227904 1.388062 -2.807115 9.806610 9.806610 
588.500000 115 2.000000 0.971550 4.605421 1.941089 3.993791 19.718191 19.718191 
588.500000 116 2.000000 0.999999 17.571115 -6.343753 -3.238512 50.731170 50.731170 
588.500000 117 2.000000 0.125253 13.589395 2.505041 1.461670 8.411709 8.411709 
588.500000 118 2.000000 0.605534 0.680574 -3.944654 2.722292 22.971163 22.971163 
588.500000 119 2.000000 0.625314 9.102983 -5.724093 1.398725 34.721670 34.721670 
588.500000 120 2.000000 0.889790 13.170599 1.271127 0.132239 1.633250 1.633250 
588.500000 121 2.000000 0.703566 7.142842 -5.928667 -0.322472 35.253086 35.253086 
588.500000 122 2.000000 0.226584 4.848401 1.132917 4.218168 19.076443 19.076443 
588.500000 123 2.000000 0.306605 17.269900 2.044025 4.154191 21.435344 21.435344 
588.500000 124 2.000000 0.999999 3.751008 -3.761276 -1.935656 17.893964 17.893964 
588.500000 125 2.000000 0.326954 3.730940 -6.730449 0.159876 45.324507 45.324507 
588.500000 126 2.000000 0.881334 11.084016 -0.593323 -7.652523 58.913141 58.913141 
588.500000 127 2.000000 0.687979 6.862493 6.879780 -4.306543 65.877681 65.877681 
588.500000 128 2.000000 0.099376 18.110585 1.987501 3.819202 18.536468 18.536468 
588.500000 129 2.000000 0.394176 12.774305 1.313918 -0.860138 2.466218 2.466218 
588.500000 130 2.000000 0.231078 0.367507 1.540511 -5.596199 33.690618 33.690618 
588.500000 131 2.000000 0.168630 13.708681 -1.108492 0.309636 1.324629 1.324629 
588.500000 132 2.000000 0.847656 8.237393 -3.046851 -0.116327 9.296830 9.296830 
588.500000 133 2.000000 0.455328 4.707368 0.099937 -2.153455 4.647358 4.647358 
588.500000 134 2.000000 0.830108 4.864609 -3.397817 -4.390712 30.823512 30.823512 
588.500000 135 2.000000 0.646649 6.817111 -2.355665 2.242283 10.576989 10.576989 
588.500000 136 2.000000 0.456256 4.421548 3.041702 -3.669377 22.716277 22.716277 
588.500000 137 2.000000 0.347776 9.619135 1.159250 2.990136 10.284775 10.284775 
588.500000 138 2.000000 0.800612 16.410602 1.143730 3.322607 12.347832 12.347832 
588.500000 139 2.000000 0.818892 12.828045 -3.622136 0.740194 13.667754 13.667754 
588.500000 140 2.000000 0.176807 1.192517 3.536124 -3.991502 28.436259 28.436259 
588.500000 141 2.000000 0.661368 11.664482 -2.257539 6.139200 42.786266 42.786266 
588.500000 142 2.000000 0.463603 4.061878 -0.201850 1.964180 3.898746 3.898746 
588.500000 143 2.000000 0.901512 4.595544 9.015106 2.297953 86.552722 86.552722 
588.500000 144 2.000000 0.776779 13.728664 1.412323 -3.185322 12.140934 12.140934 
588.500000 145 2.000000 0.804644 10.886790 -3.907104 -4.176176 32.705905 32.705905 
588.500000 146 2.000000 0.267876 3.986825 -1.830308 -1.789181 6.551197 6.551197 
588.500000 147 2.000000 0.394486 12.524435 -2.422054 1.516566 8.166316 8.166316 
588.500000 148 2.000000 0.297045 8.841403 5.940872 -3.061548 44.667036 44.667036 
588.500000 149 2.000000 0.342439 5.635097 1.651781 -0.834083 3.424073 3.424073 
588.500000 150 2.000000 0.438938 9.830735 -3.740407 2.477488 20.128586 20.128586 
588.500000 151 2.000000 0.738807 17.353574 4.085587 -2.063603 20.950477 20.950477 
588.500000 152 2.000000 0.329125 0.721020 -3.354372 -2.551053 17.759685 17.759685 
588.500000 153 2.000000 0.431683 1.837181 0.784876 -2.681126 7.804468 7.804468 
588.500000 154 2.000000 0.744613 4.122145 2.978449 4.849581 32.389591 32.389591 
588.500000 155 2.000000 0.811701 16.493869 0.933223 -1.596682 3.420300 3.420300 
588.500000 156 2.000000 0.316511 0.515450 -0.656125 2.011034 4.474758 4.474758 
588.500000 157 2.000000 0.000001 5.125939 10.514588 -0.304947 110.649563 110.649563 
588.500000 158 2.000000 0.723505 12.055330 -1.843291 0.759587 3.974692 3.974692 
588.500000 159 2.000000 0.573034 14.354401 -4.269649 2.746764 25.774616 25.774616 
588.500000 160 2.000000 0.257137 17.066538 2.571362 0.409473 6.779569 6.779569 
588.500000 161 2.000000 0.563832 19.339105 11.276611 0.846042 127.877733 127.877733 
588.500000 162 2.000000 0.215755 18.767202 2.157539 -6.163985 42.649691 42.649691 
588.500000 163 2.000000 0.211388 15.927294 4.227733 -2.799336 25.710010 25.710010 
588.500000 164 2.000000 0.842785 17.837121 -3.144271 -0.493999 10.130477 10.130477 
588.500000 165 2.000000 0.679413 14.864504 -6.411715 -6.419369 82.318380 82.318380 
588.500000 166 2.000000 0.511933 10.906569 1.978345 0.893551 4.712283 4.712283 
588.500000 167 2.000000 0.198268 0.255599 0.247833 -3.360348 11.353359 11.353359 
588.500000 168 2.000000 0.482210 3.182697 -1.294473 1.514514 3.969414 3.969414 
588.500000 169 2.000000 0.491969 6.270003 -4.549029 1.941859 24.464480 24.464480 
588.500000 170 2.000000 0.166142 16.331039 3.322817 3.363371 22.353378 22.353378 
588.500000 171 2.000000 0.199795 5.053189 -5.334696 1.919317 32.142764 32.142764 
588.500000 172 2.000000 0.871644 13.862221 2.905478 1.624117 11.079560 11.079560 
588.500000 173 2.000000 0.417270 11.228117 -0.832471 -4.373214 19.818008 19.818008 
588.500000 174 2.000000 0.018939 1.339217 -3.318943 -4.587794 32.063231 32.063231 
588.500000 175 2.000000 0.438999 9.111417 -11.219998 0.317414 125.989102 125.989102 
588.500000 176 2.000000 0.884470 6.489354 -2.310583 0.007118 5.338843 5.338843 
588.500000 177 2.000000 0.777589 15.918393 0.732855 1.156608 1.874820 1.874820 
588.500000 178 2.000000 0.389473 2.782675 0.865492 -0.390378 0.901472 0.901472 
588.500000 179 2.000000 0.450037 12.822454 -0.999931 2.890895 9.357137 9.357137 
588.500000 180 2.000000 0.000001 11.773223 8.636542 -1.684527 77.427481 77.427481 
588.500000 181 2.000000 0.518346 17.890088 -3.211018 1.469518 12.470122 12.470122 
588.500000 182 2.000000 0.789489 4.742663 0.079126 1.549987 2.408722 2.408722 
588.500000 183 2.000000 0.373136 14.341827 2.487567 5.408818 35.443303 35.443303 
588.500000 184 2.000000 0.791986 7.687459 -0.181665 5.541421 30.740344 30.740344 
588.500000 185 2.000000 0.662289 12.277987 0.662288 -2.574320 7.065751 7.065751 
588.500000 186 2.000000 0.204692 13.436343 1.023457 2.038659 5.203596 5.203596 
588.500000 187 2.000000 0.952611 2.119088 1.887283 -3.074014 13.011398 13.011398 
588.500000 188 2.000000 0.253048 5.287131 5.060949 2.071479 29.904230 29.904230 
588.500000 189 2.000000 0.000001 6.914744 3.048891 3.737699 23.266129 23.266129 
588.500000 190 2.000000 0.068564 1.650274 -0.001356 0.250131 0.062568 0.062568 
588.500000 191 2.000000 0.876882 9.162856 4.384406 -5.832505 53.241128 53.241128 
588.500000 192 2.000000 0.380200 13.286813 2.786790 -1.613216 10.368664 10.368664 
588.500000 193 2.000000 0.839412 7.306203 -3.211731 2.190360 15.112889 15.112889 
588.500000 194 2.000000 0.648956 5.454896 -3.510427 -2.085097 16.670729 16.670729 
588.500000 195 2.000000 0.647567 10.332732 1.160346 -0.138321 1.365536 1.365536 
588.500000 196 2.000000 0.386509 7.514057 7.730168 3.506582 72.051614 72.051614 
588.500000 197 2.000000 0.727828 8.840462 -2.721710 -4.987891 32.286757 32.286757 
588.500000 198 2.000000 0.198436 6.746019 1.984351 -1.835106 7.305265 7.305265 
588.500000 199 2.000000 0.148039 13.471735 -3.122240 -5.777312 43.125721 43.125721 
588.500000 200 2.000000 0.664351 13.404728 6.643496 -1.846147 47.544296 47.544296 
588.500000 201 2.000000 0.533278 12.162653 -3.111474 -4.610203 30.935246 30.935246 
588.500000 202 2.000000 0.000001 3.419750 4.012604 1.277890 17.733994 17.733994 
588.500000 203 2.000000 0.265088 19.125002 2.650875 4.120375 24.004627 24.004627 
588.500000 204 2.000000 0.357366 19.277109 3.573655 3.655739 26.135432 26.135432 
588.500000 205 2.000000 0.369985 12.718525 -2.100046 -0.696106 4.894758 4.894758 
588.500000 206 2.000000 0.784203 6.538726 -2.157962 2.344366 10.152853 10.152853 
588.500000 207 2.000000 0.211129 2.820815 0.012249 -3.115318 9.705354 9.705354 
588.500000 208 2.000000 0.623328 1.191147 4.155516 0.626919 17.661344 17.661344 
588.500000 209 2.000000 0.999999 1.186218 -2.060361 2.156758 8.896693 8.896693 
588.500000 210 2.000000 0.400290 11.442876 2.001445 -0.761199 4.585207 4.585207 
588.500000 211 2.000000 0.819351 14.638765 0.141265 3.250087 10.583019 10.583019 
588.500000 212 2.000000 0.767228 16.797917 -0.232771 4.132036 17.127901 17.127901 
588.500000 213 2.000000 0.468930 8.527315 -1.180153 0.751097 1.956907 1.956907 
588.500000 214 2.000000 0.125805 16.651098 0.503217 -0.187880 0.288526 0.288526 
588.500000 215 2.000000 0.796284 18.171344 3.185132 -1.948696 13.942482 13.942482 
588.500000 216 2.000000 0.412958 19.037152 1.651826 3.339197 13.878768 13.878768 
588.500000 217 2.000000 0.841936 10.299283 3.367739 2.601117 18.107473 18.107473 
588.500000 218 2.000000 0.526214 13.301120 -4.737853 -0.569708 22.771815 22.771815 
588.500000 219 2.000000 0.868020 11.777698 5.786792 -8.361103 103.395009 103.395009 
588.500000 220 2.000000 0.215108 2.533974 4.302147 -0.361732 18.639318 18.639318 
588.500000 221 2.000000 0.220320 10.932119 4.406371 -2.211678 24.307624 24.307624 
588.500000 222 2.000000 0.372974 15.727977 1.864867 1.925455 7.185106 7.185106 
588.500000 223 2.000000 0.605173 14.643081 4.034481 0.244433 16.336785 16.336785 
588.500000 224 2.000000 0.545677 6.375331 3.637838 5.291362 41.232370 41.232370 
588.500000 225 2.000000 0.434008 16.128720 2.170035 3.538678 17.231292 17.231292 
588.500000 226 2.000000 0.744749 14.019595 1.861870 4.932124 27.792404 27.792404 
588.500000 227 2.000000 0.777307 11.272037 2.591021 -0.388127 6.864031 6.864031 
588.500000 228 2.000000 0.189765 8.805359 -5.401558 2.058698 33.415066 33.415066 
588.500000 229 2.000000 0.320114 2.987899 1.067045 2.203089 5.992184 5.992184 
588.500000 230 2.000000 0.767997 3.096262 -0.662862 5.152515 26.987801 26.987801 
588.500000 231 2.000000 0.468069 7.773390 0.585084 -4.180107 17.815615 17.815615 
588.500000 232 2.000000 0.573442 7.529015 1.911472 -2.387099 9.351966 9.351966 
588.500000 233 2.000000 0.535825 16.720254 -2.320870 -1.395621 7.334196 7.334196 
588.500000 234 2.000000 0.000001 12.611875 2.889187 -0.724570 8.872402 8.872402 
588.500000 235 2.000000 0.951482 17.529104 1.486827 -3.862050 17.126083 17.126083 
588.500000 236 2.000000 0.829485 3.330529 0.075105 2.253280 5.082910 5.082910 
588.500000 237 2.000000 0.018547 17.367459 -2.804147 -2.925044 16.419126 16.419126 
588.500000 238 2.000000 0.587367 14.593535 -0.082323 4.459926 19.897714 19.897714 
588.500000 239 2.000000 0.842388 13.390180 2.105967 -6.957704 52.844741 52.844741 
588.500000 240 2.000000 0.610841 19.999661 -1.111880 7.126795 52.027479 52.027479 
588.500000 241 2.000000 0.592940 6.424921 2.964694 -0.074508 8.794961 8.794961 
588.500000 242 2.000000 0.331642 18.999338 3.316414 -2.223692 15.943411 15.943411 
588.500000 243 2.000000 0.819087 9.473234 5.460576 -1.697511 32.699438 32.699438 
588.500000 244 2.000000 0.000001 15.955544 4.560886 -4.497371 41.028029 41.028029 
588.500000 245 2.000000 0.965768 7.308396 0.551885 -1.189222 1.718826 1.718826 
588.500000 246 2.000000 0.511406 6.267309 -5.417200 -0.415399 29.518611 29.518611 
588.500000 247 2.000000 0.523185 2.627859 -2.384068 0.505357 5.939168 5.939168 
588.500000 248 2.000000 0.142487 3.589992 0.949904 -2.417743 6.747800 6.747800 
588.500000 249 2.000000 0.999999 15.708767 -6.060555 -1.352866 38.560574 38.560574 
588.500000 250 2.000000 0.061328 7.027645 1.226531 -5.185130 28.389955 28.389955 
588.500000 251 2.000000 0.658318 14.138866 -3.416813 -3.084807 21.190645 21.190645 
588.500000 252 2.000000 0.753088 0.000001 -1.288376 9.051005 83.580611 83.580611 
588.500000 253 2.000000 0.601735 15.088597 -3.982639 -3.795830 30.269734 30.269734 
588.500000 254 2.000000 0.635351 16.919295 -0.352469 -7.834501 61.503635 61.503635 
588.500000 255 2.000000 0.275338 5.864283 0.287223 0.730742 0.616481 0.616481 
588.500000 256 2.000000 0.951734 12.253888 1.717970 4.843730 26.413145 26.413145 
588.500000 257 2.000000 0.646162 16.048737 -2.358913 -3.576410 18.355182 18.355182 
588.500000 258 2.000000 0.000001 18.172443 4.101916 -3.045926 26.103382 26.103382 
588.500000 259 2.000000 0.698350 16.674066 2.200299 -0.871513 5.600852 5.600852 
588.500000 260 2.000000 0.463199 6.614420 -0.536800 -2.951734 9.000890 9.000890 
588.500000 261 2.000000 0.170648 4.749102 1.137649 -5.258930 28.950591 28.950591 
588.500000 262 2.000000 0.983553 4.016034 2.458881 1.926304 9.756746 9.756746 
588.500000 263 2.000000 0.738294 12.014929 0.444485 -0.173206 0.227567 0.227567 
588.500000 264 2.000000 0.472164 13.149661 1.573875 5.403269 31.672402 31.672402 
588.500000 265 2.000000 0.788724 18.301805 3.154892 -6.792774 56.095125 56.095125 
588.500000 266 2.000000 0.000001 1.063696 5.872919 -5.275898 62.326273 62.326273 
588.500000 267 2.000000 0.116583 17.014313 -1.471413 0.321156 2.268197 2.268197 
588.500000 268 2.000000 0.598773 18.909301 1.197545 0.323956 1.539061 1.539061 
588.500000 269 2.000000 0.203578 13.658975 -5.309475 -2.379158 33.850914 33.850914 
588.500000 270 2.000000 0.270077 9.169612 2.700762 3.004771 16.322767 16.322767 
588.500000 271 2.000000 0.180050 6.593631 -2.733162 -8.125071 73.486958 73.486958 
588.500000 272 2.000000 0.300481 15.844711 -4.663457 -2.176689 26.485804 26.485804 
588.500000 273 2.000000 0.120330 14.013050 -5.864458 0.348631 34.513415 34.513415 
588.500000 274 2.000000 0.580224 5.566914 -0.419775 3.215922 10.518362 10.518362 
588.500000 275 2.000000 0.000001 3.070038 4.086568 -0.219091 16.748041 16.748041 
588.500000 276 2.000000 0.143522 14.874087 -0.302828 -8.483763 72.065932 72.065932 
588.500000 277 2.000000 0.464853 5.336432 0.315141 0.779360 0.706716 0.706716 
588.500000 278 2.000000 0.231191 15.167691 -0.271158 -2.287963 5.308300 5.308300 
588.500000 279 2.000000 0.999999 9.449914 -4.686640 -1.646091 24.674207 24.674207 
588.500000 280 2.000000 0.775027 17.018395 1.397048 10.375136 109.595180 109.595180 
588.500000 281 2.000000 0.240851 4.730588 4.817005 -5.309726 51.396724 51.396724 
588.500000 282 2.000000 0.426216 3.780784 4.262153 -4.642653 39.720172 39.720172 
588.500000 283 2.000000 0.000001 8.906350 2.300534 -2.428045 11.187862 11.187862 
588.500000 284 2.000000 0.521219 9.309798 1.737393 -1.370868 4.897811 4.897811 
588.500000 285 2.000000 0.524121 9.803913 0.403169 -4.910404 24.274617 24.274617 
588.500000 286 2.000000 0.952710 4.830402 2.381773 -3.215873 16.014683 16.014683 
588.500000 287 2.000000 0.999999 19.616202 -6.106533 -1.279324 38.926415 38.926415 
588.500000 288 2.000000 0.230372 6.401588 2.303710 4.191864 22.878803 22.878803 
588.500000 289 2.000000 0.000001 5.587664 2.257280 -2.285074 10.316879 10.316879 
588.500000 290 2.000000 0.645726 10.743512 2.582899 -3.938931 22.186540 22.186540 
588.500000 291 2.000000 0.180994 18.280396 -1.820011 -0.333827 3.423882 3.423882 
588.500000 292 2.000000 0.230152 13.244955 -5.132311 0.285381 26.422063 26.422063 
588.500000 293 2.000000 0.369062 3.553893 1.230205 -1.831720 4.868601 4.868601 
588.500000 294 2.000000 0.055002 6.535760 0.122224 -4.207575 17.718623 17.718623 
588.500000 295 2.000000 0.444898 19.394559 -2.775503 -4.036266 23.994859 23.994859 
588.500000 296 2.000000 0.742324 0.000001 2.510290 5.853786 40.568368 40.568368 
588.500000 297 2.000000 0.126821 16.292143 2.536400 2.034124 10.570984 10.570984 
588.500000 298 2.000000 0.528292 11.117084 -0.725703 -6.344939 40.784896 40.784896 
588.500000 299 2.000000 0.999999 18.757127 -5.936021 1.819016 38.545161 38.545161 
588.500000 300 2.000000 0.434861 5.276507 0.724766 1.105078 1.746483 1.746483 
588.500000 301 2.000000 0.942200 16.916246 4.622805 0.966441 22.304331 22.304331 
588.500000 302 2.000000 0.557167 1.575017 5.571664 -6.141458 68.760938 68.760938 
588.500000 303 2.000000 0.683564 3.317661 4.557085 11.058867 143.065551 143.065551 
588.500000 304 2.000000 0.112746 19.082160 -2.957509 -9.178389 92.989679 92.989679 
588.500000 305 2.000000 0.356198 2.525683 -0.818409 1.864225 4.145128 4.145128 
588.500000 306 2.000000 0.937374 16.040928 2.678209 0.784315 7.787954 7.787954 
588.500000 307 2.000000 0.258791 17.139541 -0.198716 -1.622031 2.670471 2.670471 
588.500000 308 2.000000 0.000001 17.138345 3.322973 4.184290 28.550435 28.550435 
588.500000 309 2.000000 0.441838 15.053690 -3.721074 6.611561 57.559127 57.559127 
588.500000 310 2.000000 0.000001 4.264826 6.267208 -4.768234 62.013950 62.013950 
588.500000 311 2.000000 0.925237 12.695559 -1.495244 4.215525 20.006407 20.006407 
588.500000 312 2.000000 0.652045 4.757747 -0.579924 1.907579 3.975171 3.975171 
588.500000 313 2.000000 0.932719 15.934787 1.554530 7.307282 55.812941 55.812941 
588.500000 314 2.000000 0.167611 6.867236 -4.161939 1.921173 21.012638 21.012638 
588.500000 315 2.000000 0.326694 14.007878 -2.693220 1.234840 8.778262 8.778262 
588.500000 316 2.000000 0.659658 13.956849 -3.403410 2.712767 18.942303 18.942303 
588.500000 317 2.000000 0.296696 19.582074 2.966952 0.760633 9.381365 9.381365 
588.500000 318 2.000000 0.088090 6.831288 -1.402936 1.446211 4.059756 4.059756 
588.500000 319 2.000000 0.000001 11.080908 6.822180 -1.086427 47.722465 47.722465 
588.500000 320 2.000000 0.863895 17.773575 0.508173 7.405656 55.101976 55.101976 
588.500000 321 2.000000 0.269818 2.519261 5.396348 4.198767 46.750223 46.750223 
588.500000 322 2.000000 0.337319 16.348579 6.746370 -6.067210 82.324544 82.324544 
588.500000 323 2.000000 0.343842 8.783299 -2.624627 -1.738236 9.910131 9.910131 
588.500000 324 2.000000 0.557042 8.836482 -2.214785 1.871446 8.407586 8.407586 
588.500000 325 2.000000 0.594887 5.181102 2.411751 0.812117 6.476074 6.476074 
588.500000 326 2.000000 0.189318 19.020716 -0.377061 -0.851551 0.867313 0.867313 
588.500000 327 2.000000 0.875635 0.582772 3.502536 1.942572 16.041346 16.041346 
588.500000 328 2.000000 0.493163 13.167021 -5.068358 4.696282 47.743322 47.743322 
588.500000 329 2.000000 0.809809 13.806507 2.024520 2.097681 8.498947 8.498947 
588.500000 330 2.000000 0.630226 3.887032 12.604490 1.699578 161.761740 161.761740 
588.500000 331 2.000000 0.570539 8.157603 1.037341 4.944001 25.519224 25.519224 
588.500000 332 2.000000 0.918450 6.770473 -1.630987 -9.544586 93.759245 93.759245 
588.500000 333 2.000000 0.877599 1.821765 2.925328 -3.298362 19.436736 19.436736 
588.500000 334 2.000000 0.223886 10.220488 1.492568 1.332920 4.004434 4.004434 
588.500000 335 2.000000 0.548254 17.873913 -1.806978 0.322012 3.368863 3.368863 
588.500000 336 2.000000 0.999999 4.820883 -2.716382 -4.977558 32.154807 32.154807 
588.500000 337 2.000000 0.285982 16.067177 2.859814 -1.376344 10.072858 10.072858 
588.500000 338 2.000000 0.163423 15.275378 0.466920 -1.440304 2.292489 2.292489 
588.500000 339 2.000000 0.611503 11.585687 0.762396 0.217071 0.628367 0.628367 
588.500000 340 2.000000 0.644361 0.513827 -7.112760 2.055302 54.815616 54.815616 
588.500000 341 2.000000 0.283452 1.111243 0.400979 2.778104 7.878648 7.878648 
588.500000 342 2.000000 0.551509 13.075399 -2.242448 2.681115 12.216947 12.216947 
588.500000 343 2.000000 0.129565 4.528947 2.591275 -0.357880 6.842786 6.842786 
588.500000 344 2.000000 0.999999 17.155390 -1.701923 1.333355 4.674376 4.674376 
588.500000 345 2.000000 0.603115 11.670396 1.507786 2.392528 7.997608 7.997608 
588.500000 346 2.000000 0.056166 15.118608 -6.292221 8.527874 112.316683 112.316683 
588.500000 347 2.000000 0.999999 1.887387 -2.081062 -0.919263 5.175863 5.175863 
588.500000 348 2.000000 0.639869 6.114048 0.073826 -0.740127 0.553239 0.553239 
588.500000 349 2.000000 0.999999 19.568567 -1.764551 3.860496 18.017073 18.017073 
588.500000 350 2.000000 0.439435 4.015859 -5.605639 -0.449012 31.624800 31.624800 
588.500000 351 2.000000 0.404187 3.401830 0.808372 -0.547922 0.953685 0.953685 
588.500000 352 2.000000 0.365815 2.353341 -4.227893 2.241276 22.898398 22.898398 
588.500000 353 2.000000 0.319039 15.557884 6.380769 -2.477076 46.850125 46.850125 
588.500000 354 2.000000 0.305393 15.731833 1.221568 -5.335207 29.956663 29.956663 
588.500000 355 2.000000 0.856354 5.571810 0.150605 -2.322987 5.418952 5.418952 
588.500000 356 2.000000 0.185967 10.021509 -4.070159 -1.802196 19.814106 19.814106 
588.500000 357 2.000000 0.300635 5.332777 6.012683 0.580264 36.489057 36.489057 
588.500000 358 2.000000 0.381984 19.650633 0.052997 -2.329109 5.427557 5.427557 
588.500000 359 2.000000 0.999999 10.345417 -1.850658 7.389583 58.030875 58.030875 
588.500000 360 2.000000 0.787659 16.547254 -2.123399 3.355184 15.766086 15.766086 
588.500000 361 2.000000 0.244900 15.789634 0.455391 -5.385861 29.214880 29.214880 
588.500000 362 2.000000 0.303896 15.883044 -0.777420 2.934686 9.216762 9.216762 
588.500000 363 2.000000 0.530529 14.002208 0.964596 0.177053 0.961793 0.961793 
588.500000 364 2.000000 0.183430 11.269281 -5.443790 -5.479172 59.656182 59.656182 
588.500000 365 2.000000 0.352497 6.519207 -1.850006 0.325262 3.528318 3.528318 
588.500000 366 2.000000 0.661451 3.138596 -1.354192 0.571170 2.160071 2.160071 
588.500000 367 2.000000 0.876263 10.337889 -2.474722 -1.563238 8.567961 8.567961 
588.500000 368 2.000000 0.457078 3.029355 1.828306 3.786693 17.681746 17.681746 
588.500000 369 2.000000 0.595070 4.653966 -8.098585 1.884235 69.137426 69.137426 
588.500000 370 2.000000 0.985807 6.466680 2.464516 0.965852 7.006706 7.006706 
588.500000 371 2.000000 0.962108 7.586253 6.414045 3.017428 50.244839 50.244839 
588.500000 372 2.000000 0.340857 12.773392 -4.394280 1.007285 20.324317 20.324317 
588.500000 373 2.000000 0.797061 12.509054 7.970599 1.608528 66.117804 66.117804 
588.500000 374 2.000000 0.415398 1.949824 -3.897339 -7.654048 73.773705 73.773705 
588.500000 375 2.000000 0.768389 6.090121 -1.158049 -5.751291 34.418420 34.418420 
588.500000 376 2.000000 0.826056 13.060709 0.023285 -0.493651 0.244234 0.244234 
588.500000 377 2.000000 0.363047 10.055229 -4.246347 2.787006 25.798861 25.798861 
588.500000 378 2.000000 0.393665 0.149780 -2.425334 1.497791 8.125625 8.125625 
588.500000 379 2.000000 0.363001 18.943347 3.629996 2.999481 22.173760 22.173760 
588.500000 380 2.000000 0.260326 17.380201 1.301626 -0.047590 1.696495 1.696495 
588.500000 381 2.000000 0.914792 8.214327 4.573955 -2.950538 29.626743 29.626743 
588.500000 382 2.000000 0.601710 14.413196 4.011396 -7.956112 79.391019 79.391019 
588.500000 383 2.000000 0.186446 5.836106 1.864453 -2.283986 8.692779 8.692779 
588.500000 384 2.000000 0.999999 3.743601 -2.443695 -2.797857 13.799652 13.799652 
588.500000 385 2.000000 0.252739 12.883713 -2.989041 2.620430 15.801020 15.801020 
588.500000 386 2.000000 0.393584 1.668211 -0.638332 0.314756 0.506539 0.506539 
588.500000 387 2.000000 0.798518 2.057967 -2.014813 -2.666629 11.170382 11.170382 
588.500000 388 2.000000 0.578895 14.127770 -2.105518 0.313527 4.531505 4.531505 
588.500000 389 2.000000 0.078018 8.569047 1.560347 -1.785946 5.624286 5.624286 
588.500000 390 2.000000 0.529389 9.425998 -1.045800 2.106560 5.531294 5.531294 
588.500000 391 2.000000 0.000001 12.280841 7.420328 3.657886 68.441406 68.441406 
588.500000 392 2.000000 0.446427 19.706934 -2.214286 1.724505 7.876979 7.876979 
588.500000 393 2.000000 0.661025 17.142745 2.203413 -3.571567 17.611121 17.611121 
588.500000 394 2.000000 0.494567 11.744302 -2.527160 -0.308338 6.481609 6.481609 
588.500000 395 2.000000 0.286995 13.785156 5.739886 3.619324 46.045790 46.045790 
588.500000 396 2.000000 0.000001 15.952365 4.819296 -4.257321 41.350400 41.350400 
588.500000 397 2.000000 0.418657 17.037202 2.217491 -2.580717 11.577368 11.577368 
588.500000 398 2.000000 0.262671 6.418601 0.437783 1.209504 1.654554 1.654554 
588.500000 399 2.000000 0.567895 18.268272 5.678935 -4.947791 56.730939 56.730939 
588.500000 400 2.000000 0.848208 3.962295 -1.011938 -3.894531 16.191389 16.191389 
588.500000 401 2.000000 0.393147 5.247505 -0.866932 -0.404122 0.914886 0.914886 
588.500000 402 2.000000 0.987059 0.151290 0.508633 1.512893 2.547554 2.547554 
588.500000 403 2.000000 0.541138 18.633006 0.076636 -0.220904 0.054672 0.054672 
588.500000 404 2.000000 0.663439 0.605106 -0.517456 1.697772 3.150191 3.150191 
588.500000 405 2.000000 0.649214 6.341870 0.486834 1.130548 1.515145 1.515145 
588.500000 406 2.000000 0.283697 7.376203 -0.475655 -3.041089 9.474471 9.474471 
588.500000 407 2.000000 0.871847 12.578600 0.389458 1.475928 2.330040 2.330040 
588.500000 408 2.000000 0.821226 1.420987 -3.575452 4.736619 35.219411 35.219411 
588.500000 409 2.000000 0.000001 14.175358 3.406559 -2.600678 18.368168 18.368168 
588.500000 410 2.000000 0.353294 7.933544 0.025561 -1.098106 1.206490 1.206490 
588.500000 411 2.000000 0.227704 1.451304 0.759012 1.209419 2.038793 2.038793 
588.500000 412 2.000000 0.159399 0.000576 -1.681242 -1.401772 4.791539 4.791539 
588.500000 413 2.000000 0.679839 12.495431 1.699595 3.903845 18.128625 18.128625 
588.500000 414 2.000000 0.357914 13.913303 0.596521 2.099588 4.764108 4.764108 
588.500000 415 2.000000 0.285629 4.875366 -7.143700 -4.199844 68.671139 68.671139 
588.500000 416 2.000000 0.773439 0.493359 -0.906240 0.219270 0.869350 0.869350 
588.500000 417 2.000000 0.999999 12.941049 -1.833759 -3.529475 15.819866 15.819866 
588.500000 418 2.000000 0.360577 18.894257 -1.826920 -1.105742 4.560301 4.560301 
588.500000 419 2.000000 0.387523 5.845241 2.583480 3.771123 20.895736 20.895736 
588.500000 420 2.000000 0.112351 6.000578 1.123503 -3.993313 17.208808 17.208808 
588.500000 421 2.000000 0.999999 2.402309 -5.320675 6.863736 75.420458 75.420458 
588.500000 422 2.000000 0.000001 15.635604 7.155844 0.860379 51.946361 51.946361 
588.500000 423 2.000000 0.479431 15.470035 -1.735225 1.206731 4.467206 4.467206 
588.500000 424 2.000000 0.855745 4.713622 4.278720 -4.218235 36.100954 36.100954 
588.500000 425 2.000000 0.828403 12.139363 3.313609 4.461180 30.882133 30.882133 
588.500000 426 2.000000 0.150026 13.336745 2.955839 5.871933 43.216582 43.216582 
588.500000 427 2.000000 0.763563 19.999999 3.817808 -4.758173 37.215870 37.215870 
588.500000 428 2.000000 0.310822 0.601637 -4.594515 -3.179814 31.220783 31.220783 
588.500000 429 2.000000 0.113070 7.272277 -3.547717 -3.188743 22.754378 22.754378 
588.500000 430 2.000000 0.243626 14.697287 -2.521243 -0.442257 6.552257 6.552257 
588.500000 431 2.000000 0.253672 18.505909 1.014684 -0.617772 1.411227 1.411227 
588.500000 432 2.000000 0.000001 19.335126 3.246406 4.659066 32.246048 32.246048 
588.500000 433 2.000000 0.939125 3.967147 9.391243 -0.382860 88.342023 88.342023 
588.500000 434 2.000000 0.089752 15.300053 -1.231728 0.305061 1.610215 1.610215 
588.500000 435 2.000000 0.257863 17.852748 -4.947577 -4.749835 47.039450 47.039450 
588.500000 436 2.000000 0.999999 6.040195 -5.058510 -3.673877 39.085897 39.085897 
588.500000 437 2.000000 0.545677 18.060816 1.212613 -2.585578 8.155643 8.155643 
588.500000 438 2.000000 0.593261 16.298831 1.695029 -0.864524 3.620523 3.620523 
588.500000 439 2.000000 0.258320 12.245990 -2.038685 0.118569 4.170294 4.170294 
588.500000 440 2.000000 0.972500 3.680667 6.483325 -0.475663 42.259754 42.259754 
588.500000 441 2.000000 0.474141 3.694032 -5.258575 5.683124 59.950510 59.950510 
588.500000 442 2.000000 0.452921 5.176231 0.773213 -1.256416 2.176440 2.176440 
588.500000 443 2.000000 0.123990 19.315842 -5.840062 4.829469 57.430103 57.430103 
588.500000 444 2.000000 0.230928 17.598368 -1.922678 -0.036993 3.698059 3.698059 
588.500000 445 2.000000 0.999999 10.546955 -3.138029 3.729265 23.754644 23.754644 
588.500000 446 2.000000 0.618061 9.109946 -5.661520 -2.493864 38.272163 38.272163 
588.500000 447 2.000000 0.215851 7.612014 -5.227653 0.674371 27.783131 27.783131 
588.500000 448 2.000000 0.422162 10.870245 1.407203 3.748360 16.030424 16.030424 
588.500000 449 2.000000 0.271227 12.978287 5.424514 1.305443 31.129536 31.129536 
588.500000 450 2.000000 0.399955 18.498591 0.012829 1.994920 3.979872 3.979872 
588.500000 451 2.000000 0.000001 17.892082 4.199341 -1.601159 20.198177 20.198177 
588.500000 452 2.000000 0.054787 11.245289 0.156531 7.599182 57.772070 57.772070 
588.500000 453 2.000000 0.517892 0.157039 -9.642141 -0.792521 93.598976 93.598976 
588.500000 454 2.000000 0.917243 6.685391 -0.827559 -5.017427 25.859428 25.859428 
588.500000 455 2.000000 0.000001 12.849735 1.479878 -2.836500 10.235775 10.235775 
588.500000 456 2.000000 0.505390 0.282526 -1.266376 0.109920 1.615791 1.615791 
588.500000 457 2.000000 0.398825 4.821409 -3.005871 5.672244 41.209616 41.209616 
588.500000 458 2.000000 0.461906 0.000001 4.619050 5.027937 46.615771 46.615771 
588.500000 459 2.000000 0.880884 16.882173 3.603784 0.302508 13.078772 13.078772 
588.500000 460 2.000000 0.139878 19.350247 2.797539 2.990724 16.770652 16.770652 
588.500000 461 2.000000 0.342103 15.263922 3.421017 1.915345 15.371905 15.371905 
588.500000 462 2.000000 0.734726 13.490254 -2.652729 4.806667 30.141021 30.141021 
588.500000 463 2.000000 0.650420 18.194703 0.244612 1.829500 3.406906 3.406906 
588.500000 464 2.000000 0.456307 13.839357 3.042039 2.246959 14.302822 14.302822 
588.500000 465 2.000000 0.788475 11.461097 3.153895 -2.617473 16.798216 16.798216 
588.500000 466 2.000000 0.220084 11.179604 -5.199430 3.492847 39.234050 39.234050 
588.500000 467 2.000000 0.440100 19.118754 -1.399748 -3.524981 14.384787 14.384787 
588.500000 468 2.000000 0.922218 3.770403 2.634905 -1.661260 9.702508 9.702508 
588.500000 469 2.000000 0.783289 6.471667 0.921515 -1.954909 4.670859 4.670859 
588.500000 470 2.000000 0.622631 13.696681 0.592981 -1.880200 3.886777 3.886777 
588.500000 471 2.000000 0.266966 19.343408 -3.665167 -0.656591 13.864559 13.864559 
588.500000 472 2.000000 0.420545 12.580721 2.076424 -2.746931 11.857168 11.857168 
588.500000 473 2.000000 0.658104 10.341709 1.999921 -3.738374 17.975124 17.975124 
588.500000 474 2.000000 0.128650 0.452960 -2.489568 -5.491914 36.359075 36.359075 
588.500000 475 2.000000 0.436184 3.571584 -0.593490 -1.303658 2.051753 2.051753 
588.500000 476 2.000000 0.761516 7.777289 0.541174 1.976850 4.200806 4.200806 
588.500000 477 2.000000 0.999999 3.364391 -2.368485 -3.199541 15.846782 15.846782 
588.500000 478 2.000000 0.000001 16.801408 3.545752 -0.954803 13.484005 13.484005 
588.500000 479 2.000000 0.800974 18.757243 -1.990245 -6.213778 42.572116 42.572116 
588.500000 480 2.000000 0.999999 14.709599 -5.892308 -5.302869 62.839710 62.839710 
588.500000 481 2.000000 0.390182 13.538220 -1.379839 -1.697502 4.785468 4.785468 
588.500000 482 2.000000 0.486045 5.256441 2.430219 -2.989339 14.842111 14.842111 
588.500000 483 2.000000 0.915562 2.917019 -0.422184 -4.038906 16.490998 16.490998 
588.500000 484 2.000000 0.091073 5.931162 -3.635703 1.230575 14.732650 14.732650 
588.500000 485 2.000000 0.385098 8.639040 1.283658 4.319520 20.306027 20.306027 
588.500000 486 2.000000 0.434202 15.397120 -1.885991 5.616548 35.102577 35.102577 
588.500000 487 2.000000 0.404536 7.532273 8.090691 0.278161 65.536652 65.536652 
588.500000 488 2.000000 0.000001 16.824923 7.092861 0.577459 50.642134 50.642134 
588.500000 489 2.000000 0.589170 13.964584 0.906414 1.033726 1.890176 1.890176 
588.500000 490 2.000000 0.950880 1.873435 -0.982376 -1.055284 2.078689 2.078689 
588.500000 491 2.000000 0.428998 16.730917 -0.601732 -0.604826 0.727896 0.727896 
588.500000 492 2.000000 0.366888 0.745216 1.048248 1.863037 4.569730 4.569730 
588.500000 493 2.000000 0.242814 14.000201 2.428127 -2.698204 13.176107 13.176107 
588.500000 494 2.000000 0.638067 16.539351 4.253775 -2.232676 23.079443 23.079443 
588.500000 495 2.000000 0.849313 4.110030 4.246559 6.323122 58.015131 58.015131 
588.500000 496 2.000000 0.707850 13.828188 4.718990 1.703182 25.169695 25.169695 
588.500000 497 2.000000 0.468165 6.175039 -3.545562 -2.420478 18.429725 18.429725 
588.500000 498 2.000000 0.666668 8.917863 -1.666655 -1.729210 5.767906 5.767906 
588.500000 499 2.000000 0.294529 17.229889 1.963517 -0.346395 3.975390 3.975390 
588.500000 500 2.000000 0.676513 9.989585 -3.234855 -2.837344 18.514807 18.514807 
