860.500000 1 2.000000 0.935168 18.601114 0.073359 -0.164016 0.032283 0.032283 
860.500000 2 2.000000 0.256889 16.763742 5.137751 -2.589006 33.099431 33.099431 
860.500000 3 2.000000 0.440527 15.821211 -5.594723 -2.128693 35.832258 35.832258 
860.500000 4 2.000000 0.700495 17.105935 -1.996694 -2.362211 9.566827 9.566827 
860.500000 5 2.000000 0.857353 13.137531 5.715681 1.381239 34.576836 34.576836 
860.500000 6 2.000000 0.734364 0.195861 4.895753 -4.117354 40.920997 40.920997 
860.500000 7 2.000000 0.261629 19.518943 5.232557 4.949089 51.873133 51.873133 
860.500000 8 2.000000 0.184444 17.151359 -2.038887 -8.138972 70.399927 70.399927 
860.500000 9 2.000000 0.999999 4.666984 -5.749789 -0.321446 33.163398 33.163398 
860.500000 10 2.000000 0.000001 4.161546 1.073974 -2.005666 5.176118 5.176118 
860.500000 11 2.000000 0.273057 18.437355 -2.076978 1.467716 6.468028 6.468028 
860.500000 12 2.000000 0.398537 16.392031 0.654269 1.241772 1.970064 1.970064 
860.500000 13 2.000000 0.108859 18.173484 -2.546115 -2.029461 10.601413 10.601413 
860.500000 14 2.000000 0.108238 17.481264 -0.185410 -1.190359 1.451331 1.451331 
860.500000 15 2.000000 0.702893 19.143309 0.281157 2.986638 8.999058 8.999058 
860.500000 16 2.000000 0.999999 15.229579 -4.401394 2.407041 25.166113 25.166113 
860.500000 17 2.000000 0.443303 8.849639 -1.237101 1.410725 3.520564 3.520564 
860.500000 18 2.000000 0.791760 8.863041 -4.164781 -0.722349 17.867186 17.867186 
860.500000 19 2.000000 0.706241 0.066028 1.137896 -7.714491 60.808185 60.808185 
860.500000 20 2.000000 0.766577 11.776270 3.832882 5.954544 50.147585 50.147585 
860.500000 21 2.000000 0.685548 4.339253 0.503022 1.730157 3.246473 3.246473 
860.500000 22 2.000000 0.528467 6.178288 1.514339 1.947515 6.086037 6.086037 
860.500000 23 2.000000 0.999999 19.463991 -7.879413 4.352337 81.027989 81.027989 
860.500000 24 2.000000 0.961716 12.688374 1.872452 -5.131636 29.839759 29.839759 
860.500000 25 2.000000 0.903672 3.962925 1.204895 1.629662 4.107571 4.107571 
860.500000 26 2.000000 0.271838 0.268936 -4.854405 5.378692 52.495577 52.495577 
860.500000 27 2.000000 0.000001 5.569067 0.193191 -5.248552 27.584619 27.584619 
860.500000 28 2.000000 0.092529 4.890872 -0.476005 -2.752233 7.801369 7.801369 
860.500000 29 2.000000 0.364141 19.707628 -6.358583 8.211511 107.860499 107.860499 
860.500000 30 2.000000 0.836700 6.601801 1.287229 -3.469043 13.691218 13.691218 
860.500000 31 2.000000 0.852765 6.565699 0.341106 -2.696861 7.389413 7.389413 
860.500000 32 2.000000 0.357172 17.702203 -0.756267 3.370415 11.931635 11.931635 
860.500000 33 2.000000 0.073967 9.942580 -4.630162 -0.814119 22.101195 22.101195 
860.500000 34 2.000000 0.704588 5.458918 3.522933 5.746228 45.430192 45.430192 
860.500000 35 2.000000 0.999999 17.708108 -5.730998 -1.124670 34.109216 34.109216 
860.500000 36 2.000000 0.491165 11.631119 -1.272085 -2.011220 5.663208 5.663208 
860.500000 37 2.000000 0.233154 17.993050 -5.112301 -0.990939 27.117585 27.117585 
860.500000 38 2.000000 0.667248 13.800302 0.166812 5.411883 29.316302 29.316302 
860.500000 39 2.000000 0.529943 5.470105 1.514120 4.717392 24.546347 24.546347 
860.500000 40 2.000000 0.680105 19.521779 3.400522 1.564980 14.012713 14.012713 
860.500000 41 2.000000 0.000001 16.896233 3.620043 1.690662 15.963051 15.963051 
860.500000 42 2.000000 0.549262 18.801451 -4.507365 2.555196 26.845367 26.845367 
860.500000 43 2.000000 0.627910 13.148323 -2.085395 -1.769927 7.481514 7.481514 
860.500000 44 2.000000 0.000001 6.418470 8.048844 0.936160 65.660280 65.660280 
860.500000 45 2.000000 0.533304 6.876625 5.333034 -1.181293 29.836702 29.836702 
860.500000 46 2.000000 0.210447 15.122171 1.402975 -3.877857 17.006110 17.006110 
860.500000 47 2.000000 0.881698 4.325426 8.816973 -1.050641 78.842857 78.842857 
860.500000 48 2.000000 0.046279 12.367306 -2.384300 0.037952 5.686325 5.686325 
860.500000 49 2.000000 0.298270 11.639724 2.982685 1.022847 9.942626 9.942626 
860.500000 50 2.000000 0.220747 13.788290 4.414920 3.998418 35.478865 35.478865 
860.500000 51 2.000000 0.000001 7.729456 5.504199 4.068134 46.845926 46.845926 
860.500000 52 2.000000 0.689995 4.428762 0.109285 1.295661 1.690680 1.690680 
860.500000 53 2.000000 0.700584 15.995600 0.675677 -6.768487 46.268951 46.268951 
860.500000 54 2.000000 0.785687 3.047792 7.856862 -0.034920 61.731492 61.731492 
860.500000 55 2.000000 0.276370 10.717596 0.789625 -1.272128 2.241817 2.241817 
860.500000 56 2.000000 0.219876 4.060731 -3.900615 4.375495 34.359747 34.359747 
860.500000 57 2.000000 0.000001 17.311907 6.336376 -1.682845 42.981623 42.981623 
860.500000 58 2.000000 0.258089 15.509067 0.516176 2.049581 4.467219 4.467219 
860.500000 59 2.000000 0.330909 14.120653 -0.210921 3.860139 14.945160 14.945160 
860.500000 60 2.000000 0.227195 1.872971 -7.728037 1.971548 63.609563 63.609563 
860.500000 61 2.000000 0.970493 5.385743 -0.295061 -5.283913 28.006796 28.006796 
860.500000 62 2.000000 0.231219 7.922751 -3.075122 2.980317 18.338665 18.338665 
860.500000 63 2.000000 0.714526 9.208656 -2.854731 -4.066289 24.684198 24.684198 
860.500000 64 2.000000 0.359718 13.361007 -4.268537 -4.283221 36.566387 36.566387 
860.500000 65 2.000000 0.634675 3.399663 -0.664226 2.719730 7.838127 7.838127 
860.500000 66 2.000000 0.197745 18.099931 1.977438 1.240317 5.448648 5.448648 
860.500000 67 2.000000 0.302154 4.001547 6.043053 -5.735346 69.412690 69.412690 
860.500000 68 2.000000 0.999999 9.893419 -4.882712 -5.060216 49.446665 49.446665 
860.500000 69 2.000000 0.718952 4.524833 -0.181321 -0.897424 0.838248 0.838248 
860.500000 70 2.000000 0.353058 16.115001 -4.312943 -0.668091 19.047820 19.047820 
860.500000 71 2.000000 0.454339 15.328501 -0.113480 -1.484999 2.218101 2.218101 
860.500000 72 2.000000 0.802660 19.695549 -3.946779 1.683256 18.410412 18.410412 
860.500000 73 2.000000 0.392318 12.579887 -0.155528 2.465174 6.101273 6.101273 
860.500000 74 2.000000 0.367129 10.281542 1.835640 0.028585 3.370390 3.370390 
860.500000 75 2.000000 0.703055 5.067660 -5.938879 2.582719 41.940716 41.940716 
860.500000 76 2.000000 0.952364 16.655837 1.120427 5.302255 29.369262 29.369262 
860.500000 77 2.000000 0.248929 7.474710 1.659520 2.769923 10.426479 10.426479 
860.500000 78 2.000000 0.377789 10.412965 -2.625696 0.502613 7.146901 7.146901 
860.500000 79 2.000000 0.632594 14.633014 0.070503 -7.633891 58.281262 58.281262 
860.500000 80 2.000000 0.747350 2.798990 0.120264 -1.019016 1.052858 1.052858 
860.500000 81 2.000000 0.119072 8.928535 -0.677636 1.427286 2.496337 2.496337 
860.500000 82 2.000000 0.781099 8.902018 -1.404292 -0.306526 2.065994 2.065994 
860.500000 83 2.000000 0.686827 7.544865 0.007193 -3.851805 14.836456 14.836456 
860.500000 84 2.000000 0.999999 6.376314 -6.631066 -1.890271 47.544163 47.544163 
860.500000 85 2.000000 0.717239 16.456858 -5.655191 2.144436 36.579796 36.579796 
860.500000 86 2.000000 0.557486 14.606710 -8.850266 -2.814500 86.248620 86.248620 
860.500000 87 2.000000 0.714240 6.178784 2.613624 3.662529 20.245153 20.245153 
860.500000 88 2.000000 0.157689 11.018336 -2.406601 0.327178 5.898774 5.898774 
860.500000 89 2.000000 0.515755 0.617935 5.157539 3.089670 36.146266 36.146266 
860.500000 90 2.000000 0.244882 10.204184 -2.157479 2.836766 12.701954 12.701954 
860.500000 91 2.000000 0.632367 2.102031 6.323662 -0.005592 39.988737 39.988737 
860.500000 92 2.000000 0.276177 11.617757 -1.146640 0.427829 1.497820 1.497820 
860.500000 93 2.000000 0.224512 6.021955 1.122553 -1.277251 2.891495 2.891495 
860.500000 94 2.000000 0.000001 1.894641 7.635688 2.105155 62.735413 62.735413 
860.500000 95 2.000000 0.671103 15.833839 1.491338 -4.385432 21.456102 21.456102 
860.500000 96 2.000000 0.083580 10.445911 1.671587 2.942510 11.452568 11.452568 
860.500000 97 2.000000 0.146200 12.241614 -1.897331 -2.394653 9.334228 9.334228 
860.500000 98 2.000000 0.182446 2.259934 -3.593697 -5.318443 41.200498 41.200498 
860.500000 99 2.000000 0.225262 0.156193 -1.191903 1.041278 2.504893 2.504893 
860.500000 100 2.000000 0.280432 4.244325 2.804305 7.716952 67.415477 67.415477 
860.500000 101 2.000000 0.299238 17.682494 -1.751901 -2.439479 9.020214 9.020214 
860.500000 102 2.000000 0.348430 7.339907 2.322859 -0.488218 5.634030 5.634030 
860.500000 103 2.000000 0.052171 14.492675 -3.159426 -0.056070 9.985118 9.985118 
860.500000 104 2.000000 0.010502 0.720668 -2.473743 -3.069910 15.543749 15.543749 
860.500000 105 2.000000 0.028632 14.891261 0.286307 -5.004559 25.127581 25.127581 
860.500000 106 2.000000 0.810945 11.516402 -3.781073 5.858802 48.622074 48.622074 
860.500000 107 2.000000 0.539254 12.960676 3.595023 -1.282528 14.569069 14.569069 
860.500000 108 2.000000 0.506334 1.319799 -4.936646 -1.520003 26.680887 26.680887 
860.500000 109 2.000000 0.041263 17.183529 0.275083 -4.694117 22.110408 22.110408 
860.500000 110 2.000000 0.605297 5.169144 -2.631348 -0.888063 7.712648 7.712648 
860.500000 111 2.000000 0.340369 13.578467 0.209331 -3.471169 12.092835 12.092835 
860.500000 112 2.000000 0.283495 2.020266 2.834940 3.673209 21.529353 21.529353 
860.500000 113 2.000000 0.696321 2.685811 -1.012261 1.451789 3.132363 3.132363 
860.500000 114 2.000000 0.636942 0.198690 -2.420381 -2.407767 11.655584 11.655584 
860.500000 115 2.000000 0.000001 18.369270 2.553178 -5.839500 40.618476 40.618476 
860.500000 116 2.000000 0.027274 11.729560 -0.720537 3.723669 14.384889 14.384889 
860.500000 117 2.000000 0.328601 4.597250 -1.918279 1.460397 5.812555 5.812555 
860.500000 118 2.000000 0.000001 12.367966 5.057967 6.509455 67.956038 67.956038 
860.500000 119 2.000000 0.799256 10.879033 -4.014866 7.502780 72.410862 72.410862 
860.500000 120 2.000000 0.352640 7.312145 2.350925 0.510537 5.787494 5.787494 
860.500000 121 2.000000 0.972136 5.698237 -0.278635 -2.780739 7.810147 7.810147 
860.500000 122 2.000000 0.587573 19.771579 5.875720 -4.568392 55.394292 55.394292 
860.500000 123 2.000000 0.667548 6.075231 0.953638 -3.157763 10.880896 10.880896 
860.500000 124 2.000000 0.158440 17.440050 -1.122079 -6.399872 42.217426 42.217426 
860.500000 125 2.000000 0.615316 13.136879 9.327036 -3.830862 101.669103 101.669103 
860.500000 126 2.000000 0.713728 7.212384 -5.725414 -1.920308 36.467951 36.467951 
860.500000 127 2.000000 0.999999 11.924870 -2.882126 2.450594 14.312063 14.312063 
860.500000 128 2.000000 0.309529 9.985942 -4.603135 2.189471 25.982635 25.982635 
860.500000 129 2.000000 0.754781 11.128028 -1.226091 4.454902 21.349456 21.349456 
860.500000 130 2.000000 0.000001 14.715891 6.704503 5.374498 73.835593 73.835593 
860.500000 131 2.000000 0.999999 8.577994 -0.912082 3.635601 14.049486 14.049486 
860.500000 132 2.000000 0.362016 5.562178 3.620152 -1.747152 16.158039 16.158039 
860.500000 133 2.000000 0.540381 10.218171 -4.596184 5.413733 50.433412 50.433412 
860.500000 134 2.000000 0.262329 8.129561 -1.639267 -0.581144 3.024925 3.024925 
860.500000 135 2.000000 0.898221 17.957810 1.633127 -0.157334 2.691859 2.691859 
860.500000 136 2.000000 0.066536 13.018978 1.330710 -0.175040 1.801428 1.801428 
860.500000 137 2.000000 0.915361 15.479874 1.120407 2.555005 7.783362 7.783362 
860.500000 138 2.000000 0.999999 2.416694 -2.159705 -1.274949 6.289822 6.289822 
860.500000 139 2.000000 0.875377 15.233308 0.832455 -3.618698 13.787953 13.787953 
860.500000 140 2.000000 0.476074 0.000001 -0.952591 2.353485 6.446319 6.446319 
860.500000 141 2.000000 0.287198 13.440271 -1.584003 1.777297 5.667848 5.667848 
860.500000 142 2.000000 0.099391 5.229902 -6.315982 0.235585 39.947132 39.947132 
860.500000 143 2.000000 0.673789 19.853668 0.587921 1.774212 3.493480 3.493480 
860.500000 144 2.000000 0.450938 5.556251 3.006247 2.137019 13.604370 13.604370 
860.500000 145 2.000000 0.617904 8.207558 2.059675 4.138702 21.371116 21.371116 
860.500000 146 2.000000 0.157836 17.773434 -5.320061 1.948526 32.099806 32.099806 
860.500000 147 2.000000 0.360740 4.822613 7.214783 -3.148009 61.963052 61.963052 
860.500000 148 2.000000 0.764221 10.929110 -4.715551 2.345648 27.738487 27.738487 
860.500000 149 2.000000 0.999999 2.115165 -0.555453 -1.185917 1.714927 1.714927 
860.500000 150 2.000000 0.617908 2.559280 0.441362 1.044604 1.285998 1.285998 
860.500000 151 2.000000 0.427146 1.982480 -3.819023 -1.978093 18.497789 18.497789 
860.500000 152 2.000000 0.999999 8.423577 -2.950840 3.917943 24.057727 24.057727 
860.500000 153 2.000000 0.666310 8.817469 6.663091 -6.118477 81.832551 81.832551 
860.500000 154 2.000000 0.073683 9.998920 -2.646616 -1.172946 8.380377 8.380377 
860.500000 155 2.000000 0.412076 14.617806 -0.405464 -2.526761 6.548922 6.548922 
860.500000 156 2.000000 0.712849 18.971657 -2.871501 1.813391 11.533903 11.533903 
860.500000 157 2.000000 0.858191 18.876304 -1.418083 -3.210557 12.318635 12.318635 
860.500000 158 2.000000 0.143925 16.746972 -5.707161 2.067302 36.845422 36.845422 
860.500000 159 2.000000 0.125076 17.630149 -2.499781 9.290297 92.558531 92.558531 
860.500000 160 2.000000 0.800225 6.578162 1.778276 -1.059411 4.284618 4.284618 
860.500000 161 2.000000 0.579379 19.632069 -0.764764 -1.839650 3.969177 3.969177 
860.500000 162 2.000000 0.414269 5.185462 4.142681 -2.460496 23.215846 23.215846 
860.500000 163 2.000000 0.833655 17.977680 1.667308 0.540960 3.072554 3.072554 
860.500000 164 2.000000 0.509320 9.613738 -2.453397 6.605939 49.657584 49.657584 
860.500000 165 2.000000 0.450632 10.929992 4.506313 -4.562258 41.121057 41.121057 
860.500000 166 2.000000 0.996399 19.912917 2.030769 1.312060 5.845523 5.845523 
860.500000 167 2.000000 0.322090 10.323047 -1.355817 3.354143 13.088512 13.088512 
860.500000 168 2.000000 0.714584 6.824394 3.572917 -3.924276 28.165683 28.165683 
860.500000 169 2.000000 0.270982 3.003165 0.258077 4.620252 21.413328 21.413328 
860.500000 170 2.000000 0.705634 12.845882 -1.962430 1.544521 6.236676 6.236676 
860.500000 171 2.000000 0.900632 16.131194 -1.987333 1.855925 7.393953 7.393953 
860.500000 172 2.000000 0.362396 6.410651 -4.250685 1.518192 20.373231 20.373231 
860.500000 173 2.000000 0.565002 3.942418 11.300018 -3.575650 140.475669 140.475669 
860.500000 174 2.000000 0.811407 10.441723 0.390024 -1.601876 2.718125 2.718125 
860.500000 175 2.000000 0.350189 18.520114 -4.332069 3.947485 34.349457 34.349457 
860.500000 176 2.000000 0.000001 1.292186 1.191554 -0.549259 1.721486 1.721486 
860.500000 177 2.000000 0.000001 19.091802 2.341457 -4.540987 26.102988 26.102988 
860.500000 178 2.000000 0.987460 19.451623 6.742816 -0.630375 45.862946 45.862946 
860.500000 179 2.000000 0.972575 1.735979 1.620957 -0.145738 2.648741 2.648741 
860.500000 180 2.000000 0.575941 7.834670 -2.827053 -0.992367 8.977020 8.977020 
860.500000 181 2.000000 0.583663 12.123140 3.891077 4.487598 35.279014 35.279014 
860.500000 182 2.000000 0.367945 2.006946 -6.320538 6.689818 84.702861 84.702861 
860.500000 183 2.000000 0.729894 5.871194 -2.701051 2.935596 15.913404 15.913404 
860.500000 184 2.000000 0.187858 1.807139 3.757147 -5.962679 49.669694 49.669694 
860.500000 185 2.000000 0.495937 17.703080 -1.680206 -0.548558 3.124007 3.124007 
860.500000 186 2.000000 0.861493 5.803067 0.273829 -4.820158 23.308906 23.308906 
860.500000 187 2.000000 0.000001 3.143800 2.136027 5.239666 32.016706 32.016706 
860.500000 188 2.000000 0.671622 1.290938 3.258350 -0.652014 11.041965 11.041965 
860.500000 189 2.000000 0.000001 16.806829 5.067242 -0.513004 25.940110 25.940110 
860.500000 190 2.000000 0.999999 9.339595 -3.167284 -2.775074 17.732724 17.732724 
860.500000 191 2.000000 0.999999 15.604280 -0.857108 -0.795795 1.367924 1.367924 
860.500000 192 2.000000 0.710328 15.413317 -1.931139 -4.088216 20.442807 20.442807 
860.500000 193 2.000000 0.549485 11.734882 5.494836 -6.122309 67.675896 67.675896 
860.500000 194 2.000000 0.658392 8.421626 -1.366430 -2.188162 6.655185 6.655185 
860.500000 195 2.000000 0.359364 19.742945 2.395755 -1.285268 7.391554 7.391554 
860.500000 196 2.000000 0.340747 12.572905 -4.395016 -3.829641 33.982314 33.982314 
860.500000 197 2.000000 0.999999 15.814393 -9.092534 5.716763 115.355563 115.355563 
860.500000 198 2.000000 0.515185 16.090381 -1.939256 2.549549 10.260912 10.260912 
860.500000 199 2.000000 0.677337 5.701389 -3.226623 0.123757 10.426411 10.426411 
860.500000 200 2.000000 0.924670 3.968835 4.623345 3.608031 34.393210 34.393210 
860.500000 201 2.000000 0.999999 13.072023 -3.875208 -1.786481 18.208750 18.208750 
860.500000 202 2.000000 0.595409 16.122324 0.006266 -1.751283 3.067030 3.067030 
860.500000 203 2.000000 0.182768 16.754008 -4.086156 -5.409985 45.964608 45.964608 
860.500000 204 2.000000 0.000001 8.775363 5.707681 0.293313 32.663650 32.663650 
860.500000 205 2.000000 0.589946 1.333454 -8.201057 2.666906 74.369729 74.369729 
860.500000 206 2.000000 0.397949 10.299372 -0.573381 5.567228 31.322789 31.322789 
860.500000 207 2.000000 0.530119 1.269058 3.534120 2.115095 16.963633 16.963633 
860.500000 208 2.000000 0.065409 15.736911 1.308163 -1.850062 5.134023 5.134023 
860.500000 209 2.000000 0.702670 8.837656 -1.486643 -2.647336 9.218493 9.218493 
860.500000 210 2.000000 0.090639 12.862585 0.604253 -2.700073 7.655515 7.655515 
860.500000 211 2.000000 0.104214 15.721693 2.084264 2.800631 12.187687 12.187687 
860.500000 212 2.000000 0.460186 8.475827 -2.699066 0.564318 7.603414 7.603414 
860.500000 213 2.000000 0.125194 14.961275 -1.029183 -1.563298 3.503117 3.503117 
860.500000 214 2.000000 0.999999 17.724645 -3.304428 -1.478639 13.105620 13.105620 
860.500000 215 2.000000 0.804339 8.514292 -3.913198 2.423595 21.186929 21.186929 
860.500000 216 2.000000 0.399835 14.657333 7.996672 4.415193 83.440694 83.440694 
860.500000 217 2.000000 0.352739 15.370383 -2.766137 -0.191299 7.688107 7.688107 
860.500000 218 2.000000 0.660850 12.438027 -3.391489 0.872248 12.263013 12.263013 
860.500000 219 2.000000 0.789073 10.210795 -2.109260 5.798342 38.069746 38.069746 
860.500000 220 2.000000 0.721015 17.506647 1.802536 0.045077 3.251166 3.251166 
860.500000 221 2.000000 0.270520 19.309369 5.410375 0.542655 29.566632 29.566632 
860.500000 222 2.000000 0.465820 5.872977 -3.561191 2.787137 20.450215 20.450215 
860.500000 223 2.000000 0.464162 9.357632 0.407834 6.775339 46.071552 46.071552 
860.500000 224 2.000000 0.549189 0.989482 10.983754 -3.584787 133.493546 133.493546 
860.500000 225 2.000000 0.439838 1.712740 -0.746881 0.085391 0.565123 0.565123 
860.500000 226 2.000000 0.784499 14.994558 7.844985 1.243528 63.090144 63.090144 
860.500000 227 2.000000 0.059170 8.160978 1.183388 2.305558 6.716004 6.716004 
860.500000 228 2.000000 0.295277 11.689450 1.476378 -7.555044 59.258386 59.258386 
860.500000 229 2.000000 0.411304 0.864492 1.645211 1.921090 6.397308 6.397308 
860.500000 230 2.000000 0.416163 0.366218 2.774415 -4.782013 30.565024 30.565024 
860.500000 231 2.000000 0.283213 4.581401 1.132849 -0.157097 1.308027 1.308027 
860.500000 232 2.000000 0.703902 10.717327 3.519504 0.849142 13.107947 13.107947 
860.500000 233 2.000000 0.047337 16.441908 0.946715 -7.906868 63.414838 63.414838 
860.500000 234 2.000000 0.574150 2.259676 5.741489 1.562298 35.405473 35.405473 
860.500000 235 2.000000 0.579712 15.469568 2.318845 3.063281 14.760729 14.760729 
860.500000 236 2.000000 0.999999 7.372448 -2.192805 3.429045 16.566747 16.566747 
860.500000 237 2.000000 0.454158 3.907381 -0.545841 4.341533 19.146855 19.146855 
860.500000 238 2.000000 0.265635 12.019177 -1.835911 -1.363949 5.230925 5.230925 
860.500000 239 2.000000 0.059444 13.551839 1.188869 2.632803 8.345058 8.345058 
860.500000 240 2.000000 0.194528 0.714218 -1.789936 2.856868 11.365564 11.365564 
860.500000 241 2.000000 0.997422 16.485179 2.996440 5.685324 41.301561 41.301561 
860.500000 242 2.000000 0.244411 19.977452 -7.555883 2.124397 61.604426 61.604426 
860.500000 243 2.000000 0.317522 17.955030 -1.706193 0.034868 2.912312 2.912312 
860.500000 244 2.000000 0.999999 18.159491 -1.242895 0.274534 1.620157 1.620157 
860.500000 245 2.000000 0.633059 15.533375 1.582645 -2.467023 8.590968 8.590968 
860.500000 246 2.000000 0.224280 19.174072 -3.878597 4.912520 39.176368 39.176368 
860.500000 247 2.000000 0.088893 6.715636 -1.171335 -0.692861 1.852081 1.852081 
860.500000 248 2.000000 0.247657 13.152960 -1.880854 -3.147166 13.442267 13.442267 
860.500000 249 2.000000 0.973492 6.443189 -0.530148 -4.561886 21.091865 21.091865 
860.500000 250 2.000000 0.898661 13.613402 1.992970 -1.352608 5.801476 5.801476 
860.500000 251 2.000000 0.234712 9.479085 -1.706776 0.301288 3.003859 3.003859 
860.500000 252 2.000000 0.850047 18.013784 4.250230 -1.904326 21.690909 21.690909 
860.500000 253 2.000000 0.383056 14.030591 0.034383 6.235818 38.886604 38.886604 
860.500000 254 2.000000 0.885488 0.908016 -2.290215 3.632062 18.436957 18.436957 
860.500000 255 2.000000 0.551600 19.763450 3.677324 -0.545361 13.820132 13.820132 
860.500000 256 2.000000 0.138463 17.106881 -5.743572 -4.772921 55.769385 55.769385 
860.500000 257 2.000000 0.113044 14.182760 -3.547821 2.008764 16.622166 16.622166 
860.500000 258 2.000000 0.000001 19.930285 6.156076 4.729431 60.264792 60.264792 
860.500000 259 2.000000 0.610266 16.605723 -3.897333 0.243439 15.248468 15.248468 
860.500000 260 2.000000 0.999999 19.058033 -7.172893 3.350506 62.676280 62.676280 
860.500000 261 2.000000 0.999999 6.743618 -4.978753 -1.026186 25.841038 25.841038 
860.500000 262 2.000000 0.999999 13.276853 -4.027908 -3.112737 25.913177 25.913177 
860.500000 263 2.000000 0.858105 9.570020 -0.283788 -6.690163 44.838822 44.838822 
860.500000 264 2.000000 0.167400 7.242623 1.673986 0.454876 3.009141 3.009141 
860.500000 265 2.000000 0.613716 1.467617 -3.862829 -7.561647 72.099949 72.099949 
860.500000 266 2.000000 0.228199 5.485995 1.140992 0.192507 1.338921 1.338921 
860.500000 267 2.000000 0.639574 2.193036 -3.604245 -1.138722 14.287271 14.287271 
860.500000 268 2.000000 0.248983 11.899416 1.244908 -2.825346 9.532377 9.532377 
860.500000 269 2.000000 0.314655 5.221610 -1.054376 0.976002 2.064288 2.064288 
860.500000 270 2.000000 0.916739 13.646582 -1.665201 -4.235612 20.713299 20.713299 
860.500000 271 2.000000 0.875937 9.446022 1.946526 3.888396 18.908585 18.908585 
860.500000 272 2.000000 0.999999 19.896460 -2.135705 0.582557 4.900609 4.900609 
860.500000 273 2.000000 0.848091 13.271059 -0.434024 -2.905273 8.628988 8.628988 
860.500000 274 2.000000 0.098928 4.736138 0.494634 -0.980849 1.206728 1.206728 
860.500000 275 2.000000 0.634169 14.728397 3.170842 1.604756 12.629479 12.629479 
860.500000 276 2.000000 0.825490 13.573611 -3.490176 -2.822029 20.145178 20.145178 
860.500000 277 2.000000 0.231123 9.651886 4.622442 -0.162979 21.393534 21.393534 
860.500000 278 2.000000 0.999999 11.061220 -4.047394 3.512668 28.720237 28.720237 
860.500000 279 2.000000 0.741483 10.690321 -1.292578 2.561065 8.229815 8.229815 
860.500000 280 2.000000 0.674566 0.262055 4.497100 -0.079721 20.230266 20.230266 
860.500000 281 2.000000 0.845527 12.946149 1.802695 -4.733483 25.655567 25.655567 
860.500000 282 2.000000 0.945852 13.145243 1.323215 -3.320104 12.773990 12.773990 
860.500000 283 2.000000 0.010552 16.090070 2.486852 -2.833278 14.211892 14.211892 
860.500000 284 2.000000 0.487690 8.746603 -2.561545 2.702163 13.863195 13.863195 
860.500000 285 2.000000 0.420479 0.000001 4.204777 4.530934 38.209511 38.209511 
860.500000 286 2.000000 0.523730 15.118239 -0.952537 -7.510399 57.313427 57.313427 
860.500000 287 2.000000 0.309472 1.461755 -0.531174 0.210459 0.326439 0.326439 
860.500000 288 2.000000 0.135243 19.399425 0.901616 -3.094888 10.391244 10.391244 
860.500000 289 2.000000 0.640703 5.230013 4.583280 -0.137278 21.025298 21.025298 
860.500000 290 2.000000 0.639463 7.678253 -3.605363 -0.265151 13.068951 13.068951 
860.500000 291 2.000000 0.634057 6.361801 2.536225 0.537068 6.720880 6.720880 
860.500000 292 2.000000 0.676917 4.757077 4.512775 -5.204860 47.455698 47.455698 
860.500000 293 2.000000 0.000001 14.471006 0.923903 0.397015 1.011217 1.011217 
860.500000 294 2.000000 0.136642 4.829886 2.732810 0.305276 7.561447 7.561447 
860.500000 295 2.000000 0.305090 3.750134 -4.632726 -8.552561 94.608445 94.608445 
860.500000 296 2.000000 0.480609 8.632681 -0.611048 -1.061314 1.499766 1.499766 
860.500000 297 2.000000 0.692531 2.629920 4.616865 -2.104738 25.745364 25.745364 
860.500000 298 2.000000 0.061145 0.625285 0.407627 -4.843678 23.627381 23.627381 
860.500000 299 2.000000 0.354903 14.928575 -1.843131 -4.409934 22.844647 22.844647 
860.500000 300 2.000000 0.309696 6.751214 -0.726634 -2.530584 6.931851 6.931851 
860.500000 301 2.000000 0.923334 7.021096 -0.511099 2.368992 5.873343 5.873343 
860.500000 302 2.000000 0.000001 7.428008 3.390276 0.623282 11.882449 11.882449 
860.500000 303 2.000000 0.475244 14.622554 -5.247553 -1.834914 30.903717 30.903717 
860.500000 304 2.000000 0.792724 16.842718 -2.072749 2.507378 10.583235 10.583235 
860.500000 305 2.000000 0.349416 9.433035 0.268403 -4.495523 20.281766 20.281766 
860.500000 306 2.000000 0.545795 13.639525 -1.297727 1.608983 4.272923 4.272923 
860.500000 307 2.000000 0.106498 3.348046 -1.489168 -1.261797 3.809755 3.809755 
860.500000 308 2.000000 0.619973 14.801713 4.133145 4.034614 33.360996 33.360996 
860.500000 309 2.000000 0.966045 19.353312 -0.679085 -0.562337 0.777378 0.777378 
860.500000 310 2.000000 0.072638 19.751264 -2.614673 -4.974699 31.584147 31.584147 
860.500000 311 2.000000 0.137211 10.056146 -1.549422 -1.519477 4.709520 4.709520 
860.500000 312 2.000000 0.749177 12.204127 2.184740 1.774073 7.920425 7.920425 
860.500000 313 2.000000 0.227573 11.694264 4.551436 -6.004542 56.770093 56.770093 
860.500000 314 2.000000 0.575661 19.857982 3.837733 7.092136 65.026590 65.026590 
860.500000 315 2.000000 0.198229 19.711709 -1.318296 -5.765795 34.982295 34.982295 
860.500000 316 2.000000 0.621053 4.819341 6.210524 -3.045441 47.845318 47.845318 
860.500000 317 2.000000 0.611189 9.309164 2.444751 5.319522 34.274117 34.274117 
860.500000 318 2.000000 0.115468 10.637422 2.309345 -4.089576 22.057702 22.057702 
860.500000 319 2.000000 0.000001 8.490253 5.441786 -4.619848 50.956039 50.956039 
860.500000 320 2.000000 0.664504 16.867175 -6.709892 2.630771 51.943610 51.943610 
860.500000 321 2.000000 0.000001 10.541013 2.790795 2.745389 15.325699 15.325699 
860.500000 322 2.000000 0.174040 11.409528 -1.179942 1.671399 4.185837 4.185837 
860.500000 323 2.000000 0.063938 7.923535 -2.340151 2.450123 11.479410 11.479410 
860.500000 324 2.000000 0.345211 16.714810 1.380841 6.078112 38.850172 38.850172 
860.500000 325 2.000000 0.190920 14.633576 3.818383 0.196054 14.618484 14.618484 
860.500000 326 2.000000 0.000001 18.632795 0.712753 0.579503 0.843841 0.843841 
860.500000 327 2.000000 0.525044 19.304898 -2.374774 -1.158502 6.981677 6.981677 
860.500000 328 2.000000 0.303875 18.916630 3.038743 2.663626 16.328860 16.328860 
860.500000 329 2.000000 0.178658 16.536306 -3.285364 1.770326 13.927670 13.927670 
860.500000 330 2.000000 0.141662 14.468374 -1.226195 -3.073125 10.947652 10.947652 
860.500000 331 2.000000 0.453572 0.124325 4.535712 -0.330453 20.681881 20.681881 
860.500000 332 2.000000 0.651168 16.519908 -3.488311 1.661488 14.928857 14.928857 
860.500000 333 2.000000 0.571095 8.416043 5.710943 0.110502 32.627081 32.627081 
860.500000 334 2.000000 0.328236 0.867382 3.282350 -0.808082 11.426817 11.426817 
860.500000 335 2.000000 0.021550 4.896210 -1.630748 6.120262 40.116942 40.116942 
860.500000 336 2.000000 0.456554 4.751830 0.913106 0.881856 1.611433 1.611433 
860.500000 337 2.000000 0.000001 9.752300 6.149234 1.521429 40.127821 40.127821 
860.500000 338 2.000000 0.169080 6.665572 0.845395 -1.583492 3.222139 3.222139 
860.500000 339 2.000000 0.998435 6.850662 0.944683 0.628685 1.287670 1.287670 
860.500000 340 2.000000 0.404230 6.047171 -0.916568 -2.034055 4.977477 4.977477 
860.500000 341 2.000000 0.000001 12.705253 5.320929 1.750090 31.375101 31.375101 
860.500000 342 2.000000 0.222258 11.954841 -1.414075 4.781936 24.866521 24.866521 
860.500000 343 2.000000 0.169421 14.032516 0.211774 1.406818 2.023985 2.023985 
860.500000 344 2.000000 0.000001 16.094842 2.067358 5.154255 30.840308 30.840308 
860.500000 345 2.000000 0.274839 3.618007 -7.251598 0.769676 53.178080 53.178080 
860.500000 346 2.000000 0.558287 1.659504 -4.417122 -1.476382 21.690673 21.690673 
860.500000 347 2.000000 0.070681 4.094336 -3.717273 2.823679 21.791282 21.791282 
860.500000 348 2.000000 0.971514 18.987561 4.857563 3.031194 32.784052 32.784052 
860.500000 349 2.000000 0.841259 16.914297 -3.174790 5.082892 35.915079 35.915079 
860.500000 350 2.000000 0.801513 17.133667 1.335853 -2.333631 7.230336 7.230336 
860.500000 351 2.000000 0.419948 4.150046 4.199469 0.185632 17.669998 17.669998 
860.500000 352 2.000000 0.141550 11.301753 -1.144598 -2.589998 8.018196 8.018196 
860.500000 353 2.000000 0.455877 10.367245 -2.720610 2.206615 12.270864 12.270864 
860.500000 354 2.000000 0.999999 17.021899 -5.739740 -5.613682 64.458034 64.458034 
860.500000 355 2.000000 0.010457 11.495565 -2.198982 -1.635468 7.510276 7.510276 
860.500000 356 2.000000 0.652528 17.246736 1.631317 -2.502966 8.926033 8.926033 
860.500000 357 2.000000 0.795155 17.228935 -4.096885 -2.670250 23.914703 23.914703 
860.500000 358 2.000000 0.000001 1.949076 4.322566 0.558230 18.996202 18.996202 
860.500000 359 2.000000 0.038797 0.695928 0.775921 -3.638418 13.840139 13.840139 
860.500000 360 2.000000 0.016972 17.872673 -0.196293 -0.460306 0.250413 0.250413 
860.500000 361 2.000000 0.354454 17.228883 1.417814 1.226920 3.515527 3.515527 
860.500000 362 2.000000 0.694724 8.640104 0.926297 -5.124201 27.115459 27.115459 
860.500000 363 2.000000 0.446146 5.290583 4.461449 2.218195 24.824913 24.824913 
860.500000 364 2.000000 0.062348 5.539025 0.415645 -2.480182 6.324063 6.324063 
860.500000 365 2.000000 0.492216 0.466665 0.134537 3.111090 9.696982 9.696982 
860.500000 366 2.000000 0.401672 16.460811 -5.983274 5.570057 66.825103 66.825103 
860.500000 367 2.000000 0.660494 11.178125 6.604933 -0.456146 43.833216 43.833216 
860.500000 368 2.000000 0.909909 11.603812 3.639631 -4.820432 36.483478 36.483478 
860.500000 369 2.000000 0.349113 8.542430 -3.254429 1.485917 12.799255 12.799255 
860.500000 370 2.000000 0.274882 2.306729 -2.900467 -2.719032 15.805843 15.805843 
860.500000 371 2.000000 0.685476 13.369911 0.913966 0.581143 1.173061 1.173061 
860.500000 372 2.000000 0.910798 7.266938 3.035990 -4.735882 31.645813 31.645813 
860.500000 373 2.000000 0.517183 5.428683 2.585911 -2.077538 11.003098 11.003098 
860.500000 374 2.000000 0.271778 9.396210 -7.282210 -0.051591 53.033239 53.033239 
860.500000 375 2.000000 0.999999 19.404563 -5.459899 -2.977179 38.674091 38.674091 
860.500000 376 2.000000 0.178846 10.841259 3.576893 0.746131 13.350873 13.350873 
860.500000 377 2.000000 0.487768 4.369756 2.438837 3.238046 16.432866 16.432866 
860.500000 378 2.000000 0.399369 7.067404 -2.402520 3.332263 16.876082 16.876082 
860.500000 379 2.000000 0.000001 17.837461 7.834578 6.307076 101.159808 101.159808 
860.500000 380 2.000000 0.807962 17.261507 -0.768148 1.218602 2.075042 2.075042 
860.500000 381 2.000000 0.941217 8.589883 0.448198 -1.502813 2.459329 2.459329 
860.500000 382 2.000000 0.832375 16.336909 -3.352473 -2.526269 17.621113 17.621113 
860.500000 383 2.000000 0.712183 1.696851 0.303441 2.828084 8.090134 8.090134 
860.500000 384 2.000000 0.865271 0.059142 0.086820 -1.457828 2.132799 2.132799 
860.500000 385 2.000000 0.464805 1.932298 4.648037 -5.735640 54.501806 54.501806 
860.500000 386 2.000000 0.344293 15.208127 -3.278528 1.185513 12.154187 12.154187 
860.500000 387 2.000000 0.000001 5.068024 7.016975 4.399148 68.590434 68.590434 
860.500000 388 2.000000 0.077109 9.399542 -3.691558 -0.684495 14.096138 14.096138 
860.500000 389 2.000000 0.999999 12.416208 -1.933498 2.760719 11.359987 11.359987 
860.500000 390 2.000000 0.530424 17.588039 5.304230 1.176638 29.519332 29.519332 
860.500000 391 2.000000 0.969818 12.686536 3.486380 3.803127 26.618620 26.618620 
860.500000 392 2.000000 0.000001 4.416797 2.495633 11.041990 128.153721 128.153721 
860.500000 393 2.000000 0.000001 19.944936 1.904896 9.963893 102.907803 102.907803 
860.500000 394 2.000000 0.504864 1.716167 2.524314 -3.044116 15.638801 15.638801 
860.500000 395 2.000000 0.917046 10.222645 -0.829529 -2.497158 6.923916 6.923916 
860.500000 396 2.000000 0.367736 19.559315 -2.107543 -1.468946 6.599538 6.599538 
860.500000 397 2.000000 0.200592 9.926734 -2.284021 1.124567 6.481401 6.481401 
860.500000 398 2.000000 0.277864 2.618871 -4.814233 2.279193 28.371558 28.371558 
860.500000 399 2.000000 0.564790 4.342384 -0.692369 0.797434 1.115276 1.115276 
860.500000 400 2.000000 0.364165 19.405606 -0.140389 -0.978061 0.976312 0.976312 
860.500000 401 2.000000 0.975588 1.857935 3.251957 -2.419840 16.430852 16.430852 
860.500000 402 2.000000 0.426711 15.910854 4.267102 0.772522 18.804953 18.804953 
860.500000 403 2.000000 0.474896 8.942810 4.748955 -4.127221 39.586526 39.586526 
860.500000 404 2.000000 0.659747 6.509919 -2.268346 3.719953 18.983446 18.983446 
860.500000 405 2.000000 0.611619 4.985657 -1.553519 2.095066 6.802722 6.802722 
860.500000 406 2.000000 0.769805 12.704998 0.194778 7.259998 52.745514 52.745514 
860.500000 407 2.000000 0.662200 18.647228 0.675723 3.774343 14.702270 14.702270 
860.500000 408 2.000000 0.797706 10.171204 -4.045856 -1.144075 17.677855 17.677855 
860.500000 409 2.000000 0.513210 9.310304 -2.433944 3.160763 15.914507 15.914507 
860.500000 410 2.000000 0.566463 8.886387 11.329232 -4.485183 148.468370 148.468370 
860.500000 411 2.000000 0.770002 18.694302 5.133342 2.387061 32.049256 32.049256 
860.500000 412 2.000000 0.999999 16.056930 -4.735610 1.103054 23.642732 23.642732 
860.500000 413 2.000000 0.999999 9.310495 -6.179712 -3.393071 49.701773 49.701773 
860.500000 414 2.000000 0.032952 10.851468 -0.002917 0.320664 0.102834 0.102834 
860.500000 415 2.000000 0.606645 4.603588 -7.867071 0.565022 62.210050 62.210050 
860.500000 416 2.000000 0.631201 16.011141 -3.687977 -1.149489 14.922498 14.922498 
860.500000 417 2.000000 0.526720 18.684345 3.511463 1.492986 14.559383 14.559383 
860.500000 418 2.000000 0.999999 3.024522 -6.173734 -3.451145 50.025396 50.025396 
860.500000 419 2.000000 0.698026 12.816949 -1.509864 9.838470 99.075189 99.075189 
860.500000 420 2.000000 0.751634 13.277753 2.505442 -2.639670 13.245098 13.245098 
860.500000 421 2.000000 0.476854 10.491583 3.179021 2.868082 18.332068 18.332068 
860.500000 422 2.000000 0.256593 8.234727 -1.752941 0.369238 3.209138 3.209138 
860.500000 423 2.000000 0.399328 17.956262 -0.127238 -1.167850 1.380063 1.380063 
860.500000 424 2.000000 0.237179 16.313401 2.371782 4.753283 28.219046 28.219046 
860.500000 425 2.000000 0.865391 5.030574 -2.692151 3.593266 20.159241 20.159241 
860.500000 426 2.000000 0.000001 4.127553 1.837593 -5.870121 37.835070 37.835070 
860.500000 427 2.000000 0.783466 1.153108 0.204150 -9.193605 84.564057 84.564057 
860.500000 428 2.000000 0.681625 13.968539 1.363247 1.986589 5.804978 5.804978 
860.500000 429 2.000000 0.416294 11.014302 4.162933 -6.570394 60.500087 60.500087 
860.500000 430 2.000000 0.399860 8.192248 1.039033 -0.818753 1.749946 1.749946 
860.500000 431 2.000000 0.376434 7.144693 -4.157101 -8.518234 89.841802 89.841802 
860.500000 432 2.000000 0.999999 17.671921 -1.688488 4.184378 20.360012 20.360012 
860.500000 433 2.000000 0.999999 13.082454 -2.722474 7.774444 67.853838 67.853838 
860.500000 434 2.000000 0.999999 15.613110 -3.273132 -7.326198 64.386570 64.386570 
860.500000 435 2.000000 0.216976 13.463918 2.169752 4.056075 21.159567 21.159567 
860.500000 436 2.000000 0.244550 16.801679 0.407581 4.907207 24.246803 24.246803 
860.500000 437 2.000000 0.202740 11.569390 -2.277884 -1.183705 6.589915 6.589915 
860.500000 438 2.000000 0.999999 4.672928 -5.430492 -1.003090 30.496438 30.496438 
860.500000 439 2.000000 0.551416 5.086323 -1.121458 -3.552319 13.876634 13.876634 
860.500000 440 2.000000 0.000001 11.331138 5.983505 -2.365228 41.396641 41.396641 
860.500000 441 2.000000 0.507846 10.433237 2.539224 -1.992605 10.418132 10.418132 
860.500000 442 2.000000 0.925638 12.890330 -1.487219 0.851625 2.937085 2.937085 
860.500000 443 2.000000 0.967484 11.927026 2.764237 -2.095783 12.033309 12.033309 
860.500000 444 2.000000 0.623033 16.272426 -3.769655 1.145113 15.521585 15.521585 
860.500000 445 2.000000 0.513980 12.216972 3.426526 1.218507 13.225837 13.225837 
860.500000 446 2.000000 0.592652 15.125915 1.975505 -3.610432 16.937842 16.937842 
860.500000 447 2.000000 0.761786 19.828245 2.067127 1.192796 5.695778 5.695778 
860.500000 448 2.000000 0.642793 10.651254 -0.396896 3.737282 14.124801 14.124801 
860.500000 449 2.000000 0.759084 1.695967 3.795413 -0.345978 14.524858 14.524858 
860.500000 450 2.000000 0.999999 12.995832 -6.789814 2.164117 50.784971 50.784971 
860.500000 451 2.000000 0.549456 16.164769 -0.901086 2.688173 8.038228 8.038228 
860.500000 452 2.000000 0.466206 1.754515 1.165512 7.018058 50.611554 50.611554 
860.500000 453 2.000000 0.215079 15.838653 1.433855 0.747586 2.614827 2.614827 
860.500000 454 2.000000 0.999999 2.887646 -4.567682 0.933098 21.734391 21.734391 
860.500000 455 2.000000 0.727872 17.158414 -0.418657 -5.683170 32.473694 32.473694 
860.500000 456 2.000000 0.999999 11.908190 -1.535525 -0.752363 2.923888 2.923888 
860.500000 457 2.000000 0.809489 4.638321 2.698294 -2.185148 12.055661 12.055661 
860.500000 458 2.000000 0.419711 18.990048 -5.802884 -0.717578 34.188380 34.188380 
860.500000 459 2.000000 0.243766 3.019015 0.812549 2.099065 5.066309 5.066309 
860.500000 460 2.000000 0.000001 6.893063 1.555650 -0.142768 2.440428 2.440428 
860.500000 461 2.000000 0.965670 18.135309 0.965669 -0.171889 0.962063 0.962063 
860.500000 462 2.000000 0.488787 9.694851 0.610983 0.463656 0.588277 0.588277 
860.500000 463 2.000000 0.183587 2.304668 0.611953 -2.147030 4.984223 4.984223 
860.500000 464 2.000000 0.411900 18.380914 1.372995 6.230818 40.708209 40.708209 
860.500000 465 2.000000 0.037014 18.904039 0.740253 2.159509 5.211455 5.211455 
860.500000 466 2.000000 0.385713 0.366336 -0.169217 -3.445235 11.898277 11.898277 
860.500000 467 2.000000 0.305227 14.847395 -0.342278 -3.881111 15.180176 15.180176 
860.500000 468 2.000000 0.500306 9.119523 -0.834343 -0.463796 0.911234 0.911234 
860.500000 469 2.000000 0.782379 0.610718 -2.176200 6.107173 42.033414 42.033414 
860.500000 470 2.000000 0.143149 0.816400 -1.981724 4.081997 20.589929 20.589929 
860.500000 471 2.000000 0.432326 10.411060 2.882165 2.255209 13.392845 13.392845 
860.500000 472 2.000000 0.780619 11.009325 7.806185 0.050592 60.939080 60.939080 
860.500000 473 2.000000 0.141025 6.198349 -2.480707 2.241162 11.176718 11.176718 
860.500000 474 2.000000 0.000001 12.608836 5.055297 2.608378 32.359663 32.359663 
860.500000 475 2.000000 0.529937 17.921182 10.598720 1.766909 115.454828 115.454828 
860.500000 476 2.000000 0.902886 17.721363 -1.942254 2.061769 8.023243 8.023243 
860.500000 477 2.000000 0.540908 17.902768 1.545448 -0.243406 2.447656 2.447656 
860.500000 478 2.000000 0.538925 18.945779 -4.610740 1.047708 22.356618 22.356618 
860.500000 479 2.000000 0.276008 6.538550 -3.619953 -4.041458 29.437442 29.437442 
860.500000 480 2.000000 0.828607 7.229015 2.071516 -1.244031 5.838793 5.838793 
860.500000 481 2.000000 0.832638 12.632944 2.902847 6.044000 44.956462 44.956462 
860.500000 482 2.000000 0.000001 5.603290 3.253995 -2.327534 16.005894 16.005894 
860.500000 483 2.000000 0.779316 8.164948 2.226613 3.998278 20.944035 20.944035 
860.500000 484 2.000000 0.960172 17.114371 -0.796535 -0.058866 0.637934 0.637934 
860.500000 485 2.000000 0.814093 18.236408 8.140924 2.980498 75.158013 75.158013 
860.500000 486 2.000000 0.000001 1.327971 0.439218 -3.816339 14.757358 14.757358 
860.500000 487 2.000000 0.689961 8.246291 -6.200766 1.311061 40.168383 40.168383 
860.500000 488 2.000000 0.976544 17.512482 0.751187 1.451149 2.670116 2.670116 
860.500000 489 2.000000 0.268694 14.029780 -0.871021 -4.240583 18.741226 18.741226 
860.500000 490 2.000000 0.999999 6.244987 -8.403251 -0.638282 71.022023 71.022023 
860.500000 491 2.000000 0.308610 3.893456 -0.768210 -3.436937 12.402683 12.402683 
860.500000 492 2.000000 0.927877 4.957338 -1.442448 -2.518298 8.422482 8.422482 
860.500000 493 2.000000 0.566762 0.117641 -0.187114 -5.725983 32.821893 32.821893 
860.500000 494 2.000000 0.736738 12.410422 0.043055 0.914173 0.837565 0.837565 
860.500000 495 2.000000 0.311735 17.170530 6.234675 0.878072 39.642185 39.642185 
860.500000 496 2.000000 0.222831 5.083019 0.371383 -7.276576 53.086477 53.086477 
860.500000 497 2.000000 0.013864 3.582029 -0.939176 6.512778 43.298324 43.298324 
860.500000 498 2.000000 0.999999 1.899805 -4.510827 -0.786780 20.966586 20.966586 
860.500000 499 2.000000 0.999999 16.394584 -2.035200 -2.060237 8.386615 8.386615 
860.500000 500 2.000000 0.292139 12.523195 -1.011229 -1.827623 4.362792 4.362792 
