87.000000 1 2.000000 2.444458 4.538481 -1.101399 0.434304 1.401699 1.401699 
87.000000 2 2.000000 11.992311 19.951680 0.050189 0.943342 0.892413 0.892413 
87.000000 3 2.000000 1.934093 7.456632 -0.576683 -0.762515 0.913992 0.913992 
87.000000 4 2.000000 2.415222 18.999694 1.073432 0.876441 1.920405 1.920405 
87.000000 5 2.000000 3.835597 18.186009 -0.490496 2.049659 4.441689 4.441689 
87.000000 6 2.000000 9.686874 2.234722 -1.004500 -0.624439 1.398944 1.398944 
87.000000 7 2.000000 10.621001 9.443999 0.132820 -0.925965 0.875052 0.875052 
87.000000 8 2.000000 2.466895 17.191569 0.049740 0.112698 0.015175 0.015175 
87.000000 9 2.000000 4.224429 3.543346 -0.361728 0.944892 1.023668 1.023668 
87.000000 10 2.000000 9.134816 3.766394 -0.906872 -0.811680 1.481241 1.481241 
87.000000 11 2.000000 15.938531 4.151206 0.742575 0.142924 0.571845 0.571845 
87.000000 12 2.000000 8.963876 10.925264 -0.004027 1.316297 1.732653 1.732653 
87.000000 13 2.000000 2.837278 13.214348 0.544112 -0.930246 1.161415 1.161415 
87.000000 14 2.000000 8.888229 12.742448 -0.685782 0.546886 0.769381 0.769381 
87.000000 15 2.000000 1.077497 17.860337 1.026187 0.022412 1.053561 1.053561 
87.000000 16 2.000000 6.427120 9.341647 -0.382631 1.325056 1.902180 1.902180 
87.000000 17 2.000000 10.036486 19.336882 -0.375748 -0.663117 0.580911 0.580911 
87.000000 18 2.000000 15.726834 13.248499 0.043071 -0.360737 0.131986 0.131986 
87.000000 19 2.000000 12.564438 15.313887 -0.785463 1.186677 2.025154 2.025154 
87.000000 20 2.000000 5.769598 11.584989 -0.749687 0.801729 1.204801 1.204801 
87.000000 21 2.000000 13.643921 13.352012 1.716216 -1.704612 5.851101 5.851101 
87.000000 22 2.000000 4.187885 1.926773 -0.553203 -1.081699 1.476105 1.476105 
87.000000 23 2.000000 9.252123 6.513842 0.231014 -0.297999 0.142171 0.142171 
87.000000 24 2.000000 3.569408 1.556210 -1.194352 0.257225 1.492640 1.492640 
87.000000 25 2.000000 8.212048 19.986040 -0.242566 0.100400 0.068918 0.068918 
87.000000 26 2.000000 8.244233 4.024724 0.313249 -1.285209 1.749886 1.749886 
87.000000 27 2.000000 0.927814 11.145758 0.463906 -0.795459 0.847964 0.847964 
87.000000 28 2.000000 11.077377 11.381386 -0.168360 0.478053 0.256880 0.256880 
87.000000 29 2.000000 9.501161 18.408309 1.151656 -0.331602 1.436271 1.436271 
87.000000 30 2.000000 8.501891 4.309116 0.319836 -0.671986 0.553861 0.553861 
87.000000 31 2.000000 2.563637 9.106765 -0.921148 0.639071 1.256925 1.256925 
87.000000 32 2.000000 7.229293 12.496870 -0.003121 0.476496 0.227058 0.227058 
87.000000 33 2.000000 10.239911 9.635748 0.684973 -0.650307 0.892086 0.892086 
87.000000 34 2.000000 1.062519 17.992676 0.233520 0.653092 0.481060 0.481060 
87.000000 35 2.000000 4.563030 16.653465 0.822043 -0.731676 1.211104 1.211104 
87.000000 36 2.000000 7.923396 5.400580 0.425684 -0.378732 0.324645 0.324645 
87.000000 37 2.000000 10.062390 18.793448 0.261361 -0.965241 1.000000 1.000000 
87.000000 38 2.000000 8.690224 0.297426 0.993168 0.540773 1.278819 1.278819 
87.000000 39 2.000000 13.655369 9.914515 -0.312989 -0.067522 0.102521 0.102521 
87.000000 40 2.000000 0.413380 2.852965 1.377930 0.150512 1.921345 1.921345 
87.000000 41 2.000000 14.641076 8.976699 0.071913 0.997411 1.000000 1.000000 
87.000000 42 2.000000 1.952222 13.939497 -0.399827 -0.628031 0.554285 0.554285 
87.000000 43 2.000000 6.758670 17.348837 -0.007434 1.230414 1.513974 1.513974 
87.000000 44 2.000000 0.552491 14.561757 1.227755 0.022114 1.507872 1.507872 
87.000000 45 2.000000 15.812857 19.717168 0.955460 -0.628513 1.307932 1.307932 
87.000000 46 2.000000 12.004055 18.514155 -0.068426 -0.464326 0.220281 0.220281 
87.000000 47 2.000000 13.060107 2.947252 -1.076255 -0.529588 1.438788 1.438788 
87.000000 48 2.000000 11.007432 10.332104 0.961348 -0.373278 1.063526 1.063526 
87.000000 49 2.000000 12.981364 9.919877 -1.765109 -0.837934 3.817743 3.817743 
87.000000 50 2.000000 8.584919 7.196230 0.064345 -0.694315 0.486214 0.486214 
87.000000 51 2.000000 4.714091 12.680789 -0.320983 1.457562 2.227516 2.227516 
87.000000 52 2.000000 11.392750 1.196644 -0.435097 0.825271 0.870381 0.870381 
87.000000 53 2.000000 0.816990 7.097200 -0.410809 -0.567043 0.490302 0.490302 
87.000000 54 2.000000 16.411642 15.114848 0.399070 -1.085589 1.337761 1.337761 
87.000000 55 2.000000 3.504488 14.772400 -0.973426 -0.547393 1.247197 1.247197 
87.000000 56 2.000000 4.851592 17.437708 -0.320973 1.125013 1.368679 1.368679 
87.000000 57 2.000000 10.145294 16.951442 -0.127619 0.087606 0.023961 0.023961 
87.000000 58 2.000000 13.765723 2.173601 0.914666 1.144000 2.145350 2.145350 
87.000000 59 2.000000 8.309491 19.744456 -0.860011 -0.393143 0.894179 0.894179 
87.000000 60 2.000000 16.617312 14.347485 0.602076 -0.158556 0.387636 0.387636 
87.000000 61 2.000000 4.014242 16.365263 -0.082289 1.132544 1.289428 1.289428 
87.000000 62 2.000000 14.548024 15.595431 -0.110622 1.019309 1.051228 1.051228 
87.000000 63 2.000000 0.488058 1.669980 -0.150264 -0.711845 0.529303 0.529303 
87.000000 64 2.000000 1.539620 14.330295 0.078352 0.334285 0.117886 0.117886 
87.000000 65 2.000000 4.832120 0.371981 0.019159 0.743959 0.553843 0.553843 
87.000000 66 2.000000 5.113172 5.905927 -0.243264 -0.256533 0.124986 0.124986 
87.000000 67 2.000000 5.854724 7.760122 -0.964434 0.556281 1.239581 1.239581 
87.000000 68 2.000000 16.349351 18.932383 0.624849 -0.040113 0.392045 0.392045 
87.000000 69 2.000000 1.766256 6.620170 0.039516 -0.031126 0.002530 0.002530 
87.000000 70 2.000000 10.002865 1.234307 -1.376227 0.293882 1.980367 1.980367 
87.000000 71 2.000000 2.868918 3.721909 -0.911371 -0.909625 1.658013 1.658013 
87.000000 72 2.000000 1.928150 19.926845 -0.946668 -0.182885 0.929627 0.929627 
87.000000 73 2.000000 6.115225 0.967152 0.994345 0.967151 1.924104 1.924104 
87.000000 74 2.000000 12.040868 15.444582 0.606392 1.436705 2.431833 2.431833 
87.000000 75 2.000000 14.081875 16.165523 -0.763590 -0.451115 0.786574 0.786574 
87.000000 76 2.000000 8.837560 13.250291 -1.121647 -0.390935 1.410922 1.410922 
87.000000 77 2.000000 10.035303 7.347283 0.829683 -0.065707 0.692690 0.692690 
87.000000 78 2.000000 2.634584 9.536032 0.893079 1.372091 2.680223 2.680223 
87.000000 79 2.000000 1.412960 1.403515 -0.329154 0.539813 0.399740 0.399740 
87.000000 80 2.000000 0.550602 5.183816 -0.543271 -0.426062 0.476671 0.476671 
87.000000 81 2.000000 6.546354 16.489871 -0.221048 1.297998 1.733662 1.733662 
87.000000 82 2.000000 9.194885 19.121905 -0.378863 0.019377 0.143913 0.143913 
87.000000 83 2.000000 13.094742 3.290972 -0.628042 -0.879422 1.167821 1.167821 
87.000000 84 2.000000 6.414371 13.256735 -0.356813 1.248184 1.685280 1.685280 
87.000000 85 2.000000 5.196683 6.067303 -0.282839 1.378932 1.981452 1.981452 
87.000000 86 2.000000 2.762608 10.785625 -0.624585 0.836095 1.089161 1.089161 
87.000000 87 2.000000 0.437170 1.824409 0.728615 0.023128 0.531415 0.531415 
87.000000 88 2.000000 6.189425 19.987797 -1.238523 0.019602 1.534323 1.534323 
87.000000 89 2.000000 13.277496 15.905586 -0.841883 0.748498 1.269017 1.269017 
87.000000 90 2.000000 12.995646 3.385337 -0.321399 0.546022 0.401437 0.401437 
87.000000 91 2.000000 14.041619 0.965675 -0.735995 0.316614 0.641933 0.641933 
87.000000 92 2.000000 8.756821 14.350217 -0.458075 1.144782 1.520358 1.520358 
87.000000 93 2.000000 5.768530 8.205368 -0.680654 -0.417936 0.637960 0.637960 
87.000000 94 2.000000 16.507612 13.764713 1.467343 0.666572 2.597414 2.597414 
87.000000 95 2.000000 4.320692 17.499511 -1.227741 -0.022754 1.507866 1.507866 
87.000000 96 2.000000 13.950969 15.177605 0.385919 0.165921 0.176463 0.176463 
87.000000 97 2.000000 7.332920 10.418369 -0.792926 -0.129481 0.645497 0.645497 
87.000000 98 2.000000 3.316693 2.957962 0.467140 -1.364804 2.080911 2.080911 
87.000000 99 2.000000 14.186423 17.059514 0.180396 -0.043398 0.034426 0.034426 
87.000000 100 2.000000 13.203784 6.711476 -0.899782 0.762668 1.391269 1.391269 
87.000000 101 2.000000 7.161675 12.596721 1.533698 -0.366661 2.486669 2.486669 
87.000000 102 2.000000 9.783209 9.844838 -0.335141 -0.495081 0.357424 0.357424 
87.000000 103 2.000000 3.095482 18.772374 1.289784 0.809418 2.318700 2.318700 
87.000000 104 2.000000 5.938694 8.791753 -0.394392 -0.288411 0.238726 0.238726 
87.000000 105 2.000000 11.452436 9.393002 -0.462418 -0.054307 0.216780 0.216780 
87.000000 106 2.000000 4.834874 18.616577 1.422021 -0.368912 2.158241 2.158241 
87.000000 107 2.000000 0.586235 12.138536 -0.236234 0.974983 1.006398 1.006398 
87.000000 108 2.000000 8.841167 16.812615 -0.228866 0.964970 0.983547 0.983547 
87.000000 109 2.000000 15.008396 2.606175 -1.001202 0.789750 1.626109 1.626109 
87.000000 110 2.000000 2.135291 15.924016 0.600504 -0.681612 0.825201 0.825201 
87.000000 111 2.000000 2.755045 5.109751 0.204255 -0.792893 0.670400 0.670400 
87.000000 112 2.000000 14.700964 4.675647 1.368620 0.417596 2.047506 2.047506 
87.000000 113 2.000000 10.136108 10.351186 1.213905 0.072084 1.478761 1.478761 
87.000000 114 2.000000 3.910827 17.212565 0.920194 0.689882 1.322695 1.322695 
87.000000 115 2.000000 4.460638 19.719080 -0.324027 -1.404596 2.077883 2.077883 
87.000000 116 2.000000 16.430185 8.812866 -0.267403 0.713592 0.580718 0.580718 
87.000000 117 2.000000 8.000711 6.767733 -1.204884 -0.213768 1.497443 1.497443 
87.000000 118 2.000000 1.089872 18.037756 -0.729847 0.716986 1.046746 1.046746 
87.000000 119 2.000000 7.325829 11.268906 -1.029341 0.197354 1.098491 1.098491 
87.000000 120 2.000000 7.524168 6.577469 0.414555 -0.731473 0.706908 0.706908 
87.000000 121 2.000000 5.117372 16.242591 0.126650 -0.249662 0.078371 0.078371 
87.000000 122 2.000000 2.790825 4.042031 0.641569 -0.824701 1.091742 1.091742 
87.000000 123 2.000000 5.516850 5.637461 -0.449955 -0.726613 0.730426 0.730426 
87.000000 124 2.000000 13.958933 7.362803 0.905190 1.724353 3.792761 3.792761 
87.000000 125 2.000000 12.953653 16.717928 0.857858 0.842213 1.445243 1.445243 
87.000000 126 2.000000 4.711043 13.925162 0.120598 -0.127424 0.030781 0.030781 
87.000000 127 2.000000 1.003096 13.631573 -0.988648 0.312103 1.074832 1.074832 
87.000000 128 2.000000 4.748409 1.604852 -0.060895 0.479060 0.233207 0.233207 
87.000000 129 2.000000 8.274271 2.947184 -0.474408 1.091549 1.416543 1.416543 
87.000000 130 2.000000 8.249308 0.976561 -0.373145 -1.181580 1.535368 1.535368 
87.000000 131 2.000000 13.261886 4.895066 0.773440 1.610677 3.192489 3.192489 
87.000000 132 2.000000 15.527251 18.047083 -0.971399 0.221981 0.992891 0.992891 
87.000000 133 2.000000 5.467830 13.843900 -0.557781 0.896522 1.114872 1.114872 
87.000000 134 2.000000 10.240746 2.517317 0.853395 0.136071 0.746799 0.746799 
87.000000 135 2.000000 11.154902 0.378615 -0.682687 -1.714762 3.406471 3.406471 
87.000000 136 2.000000 5.907467 1.155520 -0.245004 -0.769243 0.651761 0.651761 
87.000000 137 2.000000 6.322650 6.537348 -0.508356 0.901703 1.071494 1.071494 
87.000000 138 2.000000 7.207139 9.761212 -1.103939 -0.611271 1.592334 1.592334 
87.000000 139 2.000000 10.100362 15.836803 0.629306 -0.111315 0.408417 0.408417 
87.000000 140 2.000000 14.543090 0.161648 -0.881494 0.808236 1.430276 1.430276 
87.000000 141 2.000000 15.638835 19.757357 -0.718751 -0.539203 0.807343 0.807343 
87.000000 142 2.000000 10.298855 14.498217 0.042887 -0.582018 0.340584 0.340584 
87.000000 143 2.000000 10.912743 16.729375 -1.001543 -0.527520 1.281365 1.281365 
87.000000 144 2.000000 7.886417 15.793565 -0.299415 0.431925 0.276209 0.276209 
87.000000 145 2.000000 4.342209 8.772254 0.560285 -0.813605 0.975872 0.975872 
87.000000 146 2.000000 0.690097 6.127671 0.066355 -1.401245 1.967891 1.967891 
87.000000 147 2.000000 5.984514 14.451402 0.893211 -0.175311 0.828560 0.828560 
87.000000 148 2.000000 16.004386 10.375633 0.762114 0.789021 1.203372 1.203372 
87.000000 149 2.000000 3.188953 14.485785 -0.901550 0.080783 0.819318 0.819318 
87.000000 150 2.000000 5.477915 7.696846 -0.666808 -0.975384 1.396006 1.396006 
87.000000 151 2.000000 8.295962 11.959829 -0.392490 -0.929499 1.018018 1.018018 
87.000000 152 2.000000 13.095630 17.359723 -0.097220 -1.077664 1.170811 1.170811 
87.000000 153 2.000000 11.541802 5.353636 0.284409 -0.481918 0.313134 0.313134 
87.000000 154 2.000000 16.394800 19.190844 -1.533997 0.011812 2.353285 2.353285 
87.000000 155 2.000000 5.643480 5.795949 -0.119343 -1.372372 1.897648 1.897648 
87.000000 156 2.000000 11.528712 0.348657 -0.826593 0.101060 0.693470 0.693470 
87.000000 157 2.000000 7.431818 12.207330 0.567314 0.023741 0.322409 0.322409 
87.000000 158 2.000000 15.625012 12.555579 -1.225763 0.066854 1.506964 1.506964 
87.000000 159 2.000000 13.165303 17.763464 0.947144 -0.486203 1.133476 1.133476 
87.000000 160 2.000000 3.296818 1.123022 -0.905138 0.368204 0.954849 0.954849 
87.000000 161 2.000000 15.243100 9.099575 0.210395 -0.977617 1.000000 1.000000 
87.000000 162 2.000000 11.832565 14.497473 0.547481 0.630545 0.697323 0.697323 
87.000000 163 2.000000 8.832981 15.587888 -0.530854 -0.258018 0.348379 0.348379 
87.000000 164 2.000000 8.327126 13.907920 0.757011 0.792474 1.201081 1.201081 
87.000000 165 2.000000 12.619962 19.916665 0.210855 -0.098040 0.054072 0.054072 
87.000000 166 2.000000 9.593569 4.581995 -1.097766 0.159374 1.230489 1.230489 
87.000000 167 2.000000 8.477241 12.469485 0.832422 -0.261138 0.761119 0.761119 
87.000000 168 2.000000 0.899447 2.449760 -1.028254 0.457899 1.266978 1.266978 
87.000000 169 2.000000 8.674902 14.734317 0.005848 -1.504481 2.263496 2.263496 
87.000000 170 2.000000 4.531210 1.107453 -0.171690 -1.008614 1.046779 1.046779 
87.000000 171 2.000000 5.466097 4.763162 -1.515356 0.143969 2.317029 2.317029 
87.000000 172 2.000000 14.300583 2.974531 -1.205520 -0.210842 1.497733 1.497733 
87.000000 173 2.000000 15.923147 15.989315 -0.388387 0.558870 0.463181 0.463181 
87.000000 174 2.000000 8.493176 5.890124 0.200085 1.051808 1.146333 1.146333 
87.000000 175 2.000000 8.847153 12.428848 0.938069 -0.479826 1.110207 1.110207 
87.000000 176 2.000000 8.088524 10.255070 -0.438255 -0.220723 0.240786 0.240786 
87.000000 177 2.000000 11.107127 17.733916 0.405370 -0.944201 1.055840 1.055840 
87.000000 178 2.000000 11.789361 12.851039 0.096258 1.381832 1.918726 1.918726 
87.000000 179 2.000000 7.099289 19.111642 0.450748 0.973983 1.151817 1.151817 
87.000000 180 2.000000 2.020949 11.629740 -0.083263 -0.890453 0.799839 0.799839 
87.000000 181 2.000000 11.958129 16.004833 -1.102240 0.369058 1.351138 1.351138 
87.000000 182 2.000000 13.950545 8.202251 -0.147738 0.896421 0.825397 0.825397 
87.000000 183 2.000000 10.277770 15.989457 0.830575 -0.213786 0.735559 0.735559 
87.000000 184 2.000000 13.486469 8.136021 0.698781 -1.078543 1.651550 1.651550 
87.000000 185 2.000000 10.760774 17.570991 0.034267 0.395002 0.157201 0.157201 
87.000000 186 2.000000 9.121420 10.518816 -0.658703 0.595542 0.788560 0.788560 
87.000000 187 2.000000 10.649402 3.926365 -0.224871 -1.439391 2.122412 2.122412 
87.000000 188 2.000000 1.695245 4.058340 0.565081 -0.706168 0.817990 0.817990 
87.000000 189 2.000000 12.807842 3.780084 0.333169 -0.523692 0.385255 0.385255 
87.000000 190 2.000000 13.545004 16.176551 -1.142911 -0.642596 1.719175 1.719175 
87.000000 191 2.000000 8.771304 2.645719 0.056947 -0.234793 0.058371 0.058371 
87.000000 192 2.000000 4.597341 7.540748 0.799537 -0.762034 1.219955 1.219955 
87.000000 193 2.000000 14.572837 5.457828 -0.538037 -1.230783 1.804309 1.804309 
87.000000 194 2.000000 10.971190 0.467622 -0.203600 -0.628051 0.435901 0.435901 
87.000000 195 2.000000 1.366844 7.705273 -1.336911 0.352567 1.911636 1.911636 
87.000000 196 2.000000 16.285146 10.449972 -0.946563 0.134075 0.913957 0.913957 
87.000000 197 2.000000 14.548244 11.720780 1.028144 -1.293628 2.730554 2.730554 
87.000000 198 2.000000 11.099105 2.994263 0.618334 -0.016704 0.382617 0.382617 
87.000000 199 2.000000 6.220112 17.631780 -1.389469 -0.285328 2.012037 2.012037 
87.000000 200 2.000000 8.111630 8.182843 0.170520 -0.570877 0.354978 0.354978 
87.000000 201 2.000000 5.099902 18.676907 1.378352 0.497388 2.147248 2.147248 
87.000000 202 2.000000 15.800786 3.880738 -0.888679 1.338185 2.580490 2.580490 
87.000000 203 2.000000 16.038454 5.648592 -0.177478 -0.672924 0.484325 0.484325 
87.000000 204 2.000000 4.931074 6.080459 -0.705808 1.066747 1.636115 1.636115 
87.000000 205 2.000000 14.771713 16.988668 -0.042528 -0.708548 0.503849 0.503849 
87.000000 206 2.000000 2.822472 11.531134 -0.757183 -0.456807 0.781998 0.781998 
87.000000 207 2.000000 11.723439 4.408338 -0.605085 -0.964754 1.296878 1.296878 
87.000000 208 2.000000 4.528676 0.118342 0.407343 -1.499998 2.415921 2.415921 
87.000000 209 2.000000 11.404227 10.728669 -0.489921 -0.934660 1.113611 1.113611 
87.000000 210 2.000000 7.300639 14.623025 0.019426 1.323889 1.753060 1.753060 
87.000000 211 2.000000 8.071442 7.739949 1.135108 -1.149030 2.608740 2.608740 
87.000000 212 2.000000 0.210148 7.475715 0.600420 0.070181 0.365430 0.365430 
87.000000 213 2.000000 11.726764 11.634401 0.120844 1.034075 1.083915 1.083915 
87.000000 214 2.000000 1.287025 16.852771 1.029619 0.299339 1.149720 1.149720 
87.000000 215 2.000000 5.779656 14.164867 0.331212 0.966885 1.044568 1.044568 
87.000000 216 2.000000 14.070559 8.837835 -0.009876 -0.339942 0.115658 0.115658 
87.000000 217 2.000000 7.085564 15.631150 0.966354 -0.486807 1.170820 1.170820 
87.000000 218 2.000000 5.093556 13.089232 -1.203874 0.218336 1.496982 1.496982 
87.000000 219 2.000000 15.873049 8.656594 -0.419837 0.002878 0.176272 0.176272 
87.000000 220 2.000000 16.559770 8.736661 -0.574915 -0.777662 0.935286 0.935286 
87.000000 221 2.000000 4.870455 6.113208 0.854466 0.799112 1.368691 1.368691 
87.000000 222 2.000000 15.631308 14.769802 0.987494 1.191113 2.393895 2.393895 
87.000000 223 2.000000 6.323929 10.352964 1.149805 -0.066220 1.326437 1.326437 
87.000000 224 2.000000 10.604149 13.268279 0.072287 0.702025 0.498065 0.498065 
87.000000 225 2.000000 15.020073 15.416037 0.169461 0.220918 0.077522 0.077522 
87.000000 226 2.000000 2.903552 11.722816 -0.496154 -0.006402 0.246210 0.246210 
87.000000 227 2.000000 11.302756 19.626912 0.676812 0.000560 0.458074 0.458074 
87.000000 228 2.000000 11.028967 8.887718 -0.423376 0.756401 0.751391 0.751391 
87.000000 229 2.000000 9.607546 3.065220 0.861663 -0.437796 0.934129 0.934129 
87.000000 230 2.000000 9.944628 2.807068 -0.559355 -0.017869 0.313198 0.313198 
87.000000 231 2.000000 0.588236 1.969429 -0.716616 -1.226569 2.018011 2.018011 
87.000000 232 2.000000 8.544493 8.486005 -0.985617 0.067883 0.976049 0.976049 
87.000000 233 2.000000 1.105648 5.400780 -0.549830 -0.984159 1.270881 1.270881 
87.000000 234 2.000000 1.460650 15.477583 0.608604 -0.747507 0.929165 0.929165 
87.000000 235 2.000000 15.710427 18.376777 -0.145458 1.225307 1.522535 1.522535 
87.000000 236 2.000000 1.533868 1.855985 -1.182161 -0.244414 1.457242 1.457242 
87.000000 237 2.000000 9.290956 1.267081 -0.970944 -0.945108 1.835961 1.835961 
87.000000 238 2.000000 15.757302 10.081605 -0.758536 0.229525 0.628059 0.628059 
87.000000 239 2.000000 15.788122 11.749245 -0.622437 -0.882434 1.166117 1.166117 
87.000000 240 2.000000 0.175498 13.741336 -0.702348 -0.049276 0.495721 0.495721 
87.000000 241 2.000000 11.987397 12.626577 -0.029244 -0.867461 0.753345 0.753345 
87.000000 242 2.000000 3.912053 11.612598 -1.139892 -0.440283 1.493203 1.493203 
87.000000 243 2.000000 16.123469 5.567596 -0.751162 -0.913443 1.398624 1.398624 
87.000000 244 2.000000 10.631834 2.990342 0.395067 -0.399536 0.315707 0.315707 
87.000000 245 2.000000 15.177430 17.237965 0.712555 -0.557987 0.819084 0.819084 
87.000000 246 2.000000 11.361786 6.228751 -0.355598 -0.264041 0.196167 0.196167 
87.000000 247 2.000000 9.012520 3.364679 -0.626619 0.810766 1.049993 1.049993 
87.000000 248 2.000000 10.834123 2.283600 -0.400841 0.951500 1.066025 1.066025 
87.000000 249 2.000000 12.570879 1.045545 -0.501895 -0.666756 0.696462 0.696462 
87.000000 250 2.000000 3.493261 0.915888 1.838558 0.025527 3.380946 3.380946 
87.000000 251 2.000000 12.428429 12.800967 0.415306 0.635014 0.575722 0.575722 
87.000000 252 2.000000 11.226706 7.321680 -1.213762 -0.168147 1.501491 1.501491 
87.000000 253 2.000000 13.914007 11.516135 -0.183754 0.453261 0.239211 0.239211 
87.000000 254 2.000000 2.518205 6.124158 -0.137683 -0.722028 0.540282 0.540282 
87.000000 255 2.000000 7.275508 16.077098 -0.305328 2.047425 4.285174 4.285174 
87.000000 256 2.000000 9.564686 15.374867 -0.976068 -1.051166 2.057658 2.057658 
87.000000 257 2.000000 11.265752 18.277443 1.280203 1.509675 3.918040 3.918040 
87.000000 258 2.000000 0.617174 2.683837 -0.705151 0.095528 0.506363 0.506363 
87.000000 259 2.000000 6.962600 19.665680 1.132130 0.198357 1.321064 1.321064 
87.000000 260 2.000000 5.572134 14.097209 -1.260183 0.336962 1.701605 1.701605 
87.000000 261 2.000000 15.155667 17.075913 0.409941 1.672297 2.964631 2.964631 
87.000000 262 2.000000 1.544320 6.098231 1.143940 -0.044700 1.310596 1.310596 
87.000000 263 2.000000 15.771913 18.771595 1.134670 0.561184 1.602403 1.602403 
87.000000 264 2.000000 3.883499 13.130428 0.494287 0.054572 0.247297 0.247297 
87.000000 265 2.000000 1.825310 10.107927 -1.213390 0.170310 1.501322 1.501322 
87.000000 266 2.000000 2.946299 7.920815 1.111811 0.444618 1.433807 1.433807 
87.000000 267 2.000000 2.174963 8.186235 -0.505403 0.340729 0.371528 0.371528 
87.000000 268 2.000000 9.094722 7.345032 0.487653 -0.452772 0.442807 0.442807 
87.000000 269 2.000000 2.081420 12.279141 1.224364 1.010629 2.520439 2.520439 
87.000000 270 2.000000 2.184236 11.831897 -0.953442 -0.008777 0.909130 0.909130 
87.000000 271 2.000000 15.584636 11.496326 0.121123 -0.573069 0.343079 0.343079 
87.000000 272 2.000000 16.267568 12.263539 -0.332091 0.306654 0.204321 0.204321 
87.000000 273 2.000000 3.177205 7.284893 0.022583 0.032444 0.001563 0.001563 
87.000000 274 2.000000 14.319024 13.538327 1.431902 -0.621315 2.436376 2.436376 
87.000000 275 2.000000 5.320700 8.974347 -1.014249 -0.419226 1.204451 1.204451 
87.000000 276 2.000000 10.278018 14.857005 -0.771255 -0.785190 1.211357 1.211357 
87.000000 277 2.000000 12.906927 15.699144 1.358624 0.311996 1.943200 1.943200 
87.000000 278 2.000000 14.328075 7.401953 0.026438 -1.114871 1.243637 1.243637 
87.000000 279 2.000000 6.216956 6.152915 -0.571183 0.378641 0.469619 0.469619 
87.000000 280 2.000000 8.964746 11.584894 -1.028930 -0.452587 1.263532 1.263532 
87.000000 281 2.000000 4.963349 13.998526 -0.699894 1.132544 1.772507 1.772507 
87.000000 282 2.000000 1.635136 9.265412 0.726727 -0.154201 0.551910 0.551910 
87.000000 283 2.000000 1.929157 15.273328 -1.175265 0.685308 1.850895 1.850895 
87.000000 284 2.000000 10.900441 19.818423 0.359989 0.074005 0.135069 0.135069 
87.000000 285 2.000000 4.915218 4.942237 -0.068274 -1.761142 3.106282 3.106282 
87.000000 286 2.000000 12.137419 0.495560 0.571173 -0.868795 1.081042 1.081042 
87.000000 287 2.000000 12.199391 6.901814 -1.147780 0.222281 1.366807 1.366807 
87.000000 288 2.000000 2.340575 17.788051 0.209825 -0.010477 0.044136 0.044136 
87.000000 289 2.000000 16.550000 15.801442 0.721818 0.321561 0.624423 0.624423 
87.000000 290 2.000000 11.193849 0.156412 0.273367 -1.974486 3.973326 3.973326 
87.000000 291 2.000000 6.728127 13.671488 0.815029 0.261203 0.732500 0.732500 
87.000000 292 2.000000 3.639455 12.543723 0.036676 0.720904 0.521047 0.521047 
87.000000 293 2.000000 12.351835 2.855617 0.577189 0.865338 1.081957 1.081957 
87.000000 294 2.000000 9.651533 4.652892 1.369012 -0.831822 2.566120 2.566120 
87.000000 295 2.000000 15.444747 7.929928 0.088698 -0.868350 0.761900 0.761900 
87.000000 296 2.000000 15.046354 10.506521 0.655615 -0.814891 1.093877 1.093877 
87.000000 297 2.000000 2.945968 5.704954 1.015851 0.832840 1.725575 1.725575 
87.000000 298 2.000000 12.734400 0.956180 -0.032997 -0.927811 0.861923 0.861923 
87.000000 299 2.000000 13.034343 4.957619 0.116439 0.226576 0.064895 0.064895 
87.000000 300 2.000000 9.608279 15.614285 -1.630297 -0.804718 3.305438 3.305438 
87.000000 301 2.000000 1.202991 1.956903 -1.024688 0.249287 1.112130 1.112130 
87.000000 302 2.000000 13.003535 5.533345 0.767428 0.141337 0.608922 0.608922 
87.000000 303 2.000000 0.067934 8.604536 1.358657 1.117472 3.094692 3.094692 
87.000000 304 2.000000 15.740864 13.141285 -0.945748 0.881965 1.672302 1.672302 
87.000000 305 2.000000 7.241715 19.918597 -1.038242 0.463223 1.292521 1.292521 
87.000000 306 2.000000 2.193921 10.540335 0.997236 -0.042028 0.996247 0.996247 
87.000000 307 2.000000 10.557905 11.010823 -1.124034 0.443985 1.460576 1.460576 
87.000000 308 2.000000 3.796151 11.279613 -1.487196 0.056621 2.214959 2.214959 
87.000000 309 2.000000 12.627021 19.715885 -0.951928 -0.236762 0.962222 0.962222 
87.000000 310 2.000000 13.941137 6.154205 -0.288260 -0.496265 0.329373 0.329373 
87.000000 311 2.000000 15.668515 19.177254 1.014143 0.506665 1.285196 1.285196 
87.000000 312 2.000000 5.125805 13.898168 -1.045446 -0.309274 1.188608 1.188608 
87.000000 313 2.000000 14.398872 2.762044 0.221475 -0.831509 0.740459 0.740459 
87.000000 314 2.000000 2.005147 1.783723 0.258729 0.482087 0.299348 0.299348 
87.000000 315 2.000000 11.616397 2.532616 0.671942 -0.229418 0.504139 0.504139 
87.000000 316 2.000000 6.319975 6.694363 0.096053 1.028909 1.067879 1.067879 
87.000000 317 2.000000 11.130733 0.814507 -0.416506 -1.667889 2.955331 2.955331 
87.000000 318 2.000000 5.356112 1.177270 1.060616 -1.242424 2.668525 2.668525 
87.000000 319 2.000000 6.616788 5.297493 0.232168 -0.514074 0.318174 0.318174 
87.000000 320 2.000000 3.330392 15.545557 0.239596 -0.478972 0.286821 0.286821 
87.000000 321 2.000000 1.393685 19.591311 1.161404 1.155941 2.685058 2.685058 
87.000000 322 2.000000 12.251894 11.374726 0.386295 0.075928 0.154989 0.154989 
87.000000 323 2.000000 9.835490 19.191125 -0.215176 -1.348123 1.863737 1.863737 
87.000000 324 2.000000 11.786908 1.449245 0.588067 0.242947 0.404845 0.404845 
87.000000 325 2.000000 15.019587 14.215466 1.088376 0.350999 1.307762 1.307762 
87.000000 326 2.000000 4.107883 8.446036 -0.172937 -0.108107 0.041594 0.041594 
87.000000 327 2.000000 1.035587 4.032997 0.900510 0.016710 0.811197 0.811197 
87.000000 328 2.000000 5.319359 13.577773 -1.103725 -0.550935 1.521739 1.521739 
87.000000 329 2.000000 5.683677 12.396075 0.199427 -0.374578 0.180080 0.180080 
87.000000 330 2.000000 10.542902 12.155932 0.010417 0.667908 0.446210 0.446210 
87.000000 331 2.000000 6.335567 5.432245 -0.863373 0.953025 1.653670 1.653670 
87.000000 332 2.000000 14.392600 8.976293 -0.476362 1.199556 1.665854 1.665854 
87.000000 333 2.000000 3.340139 15.166337 -0.626265 -0.657734 0.824822 0.824822 
87.000000 334 2.000000 5.094995 17.357342 0.582285 -0.960966 1.262512 1.262512 
87.000000 335 2.000000 0.324441 16.834612 -0.410600 -0.736137 0.710489 0.710489 
87.000000 336 2.000000 11.147211 9.942022 0.633364 -1.005798 1.412779 1.412779 
87.000000 337 2.000000 10.671296 8.230875 -1.622922 0.216425 2.680715 2.680715 
87.000000 338 2.000000 7.910723 1.776549 1.001357 1.015170 2.033287 2.033287 
87.000000 339 2.000000 14.015725 3.147529 0.912985 1.124117 2.097180 2.097180 
87.000000 340 2.000000 0.721616 16.865623 -0.180542 1.098114 1.238450 1.238450 
87.000000 341 2.000000 15.166966 17.157617 1.091149 -0.477711 1.418813 1.418813 
87.000000 342 2.000000 0.120520 12.458785 1.205187 -0.034374 1.453656 1.453656 
87.000000 343 2.000000 10.221902 4.182881 0.368357 1.032810 1.202383 1.202383 
87.000000 344 2.000000 13.426127 12.023391 -0.163593 0.044160 0.028713 0.028713 
87.000000 345 2.000000 0.660030 14.395990 -0.556798 -1.083228 1.483407 1.483407 
87.000000 346 2.000000 9.390758 19.978062 1.332022 0.787693 2.394744 2.394744 
87.000000 347 2.000000 13.309027 9.405756 -0.143616 0.488253 0.259017 0.259017 
87.000000 348 2.000000 10.485680 1.334967 0.746312 0.635698 0.961093 0.961093 
87.000000 349 2.000000 7.380001 19.026251 0.153521 1.465582 2.171499 2.171499 
87.000000 350 2.000000 6.964315 16.078388 0.755520 0.324629 0.676194 0.676194 
87.000000 351 2.000000 7.717310 9.464760 0.170828 1.168489 1.394548 1.394548 
87.000000 352 2.000000 12.609674 6.326496 -0.282570 0.091185 0.088161 0.088161 
87.000000 353 2.000000 7.668984 10.841939 0.615983 -0.134281 0.397466 0.397466 
87.000000 354 2.000000 8.650350 11.966040 0.602812 0.450537 0.566366 0.566366 
87.000000 355 2.000000 10.111720 13.366429 -1.395171 1.502141 4.202930 4.202930 
87.000000 356 2.000000 5.253973 7.675247 0.778366 -0.215992 0.652506 0.652506 
87.000000 357 2.000000 6.185998 8.330310 -0.678732 0.850032 1.183230 1.183230 
87.000000 358 2.000000 4.015100 19.310702 -0.750298 0.801274 1.204986 1.204986 
87.000000 359 2.000000 6.517689 19.345132 -1.187866 -0.935525 2.286231 2.286231 
87.000000 360 2.000000 11.946093 12.398735 -0.181140 -0.684799 0.501761 0.501761 
87.000000 361 2.000000 3.471544 8.505752 -0.962149 -1.419043 2.939413 2.939413 
87.000000 362 2.000000 3.305109 4.050065 -0.816424 0.786420 1.285005 1.285005 
87.000000 363 2.000000 0.376541 1.766550 1.882699 -0.779774 4.152604 4.152604 
87.000000 364 2.000000 3.709541 8.488017 -0.552493 1.220460 1.794773 1.794773 
87.000000 365 2.000000 2.595117 10.024669 1.482923 -0.062170 2.202927 2.202927 
87.000000 366 2.000000 7.056300 13.306317 -1.331651 -0.564868 2.092370 2.092370 
87.000000 367 2.000000 0.336034 4.038485 0.056476 -1.200114 1.443463 1.443463 
87.000000 368 2.000000 2.739727 9.946641 0.130338 -1.168995 1.383538 1.383538 
87.000000 369 2.000000 6.302987 6.774891 -0.926121 -0.477903 1.086090 1.086090 
87.000000 370 2.000000 1.936287 11.096067 -0.216172 -1.072763 1.197551 1.197551 
87.000000 371 2.000000 1.426104 7.470085 -0.599531 1.396277 2.309028 2.309028 
87.000000 372 2.000000 3.855709 16.217682 0.839325 -0.056551 0.707665 0.707665 
87.000000 373 2.000000 13.990943 9.607309 0.827746 0.753065 1.252270 1.252270 
87.000000 374 2.000000 7.961672 2.469216 0.529015 -0.194074 0.317521 0.317521 
87.000000 375 2.000000 2.408359 19.867954 1.235055 0.116509 1.538936 1.538936 
87.000000 376 2.000000 0.141123 9.299624 -0.831440 -0.348283 0.812593 0.812593 
87.000000 377 2.000000 13.371061 17.724153 -0.096765 0.714786 0.520282 0.520282 
87.000000 378 2.000000 8.380059 15.062182 -0.189481 -1.189836 1.451612 1.451612 
87.000000 379 2.000000 4.530333 19.394237 -1.248315 0.191260 1.594871 1.594871 
87.000000 380 2.000000 6.431450 16.190360 -2.007005 0.499528 4.277598 4.277598 
87.000000 381 2.000000 1.573999 9.121816 0.655833 -0.421635 0.607892 0.607892 
87.000000 382 2.000000 1.881943 8.738314 1.176214 -0.554763 1.691240 1.691240 
87.000000 383 2.000000 7.762242 8.946129 1.034965 -0.909784 1.898860 1.898860 
87.000000 384 2.000000 1.034146 16.784968 0.085069 0.170790 0.036406 0.036406 
87.000000 385 2.000000 3.349870 17.843950 -0.471955 0.490218 0.463056 0.463056 
87.000000 386 2.000000 12.457901 15.149574 -0.773494 -1.183308 1.998511 1.998511 
87.000000 387 2.000000 9.940588 12.553130 -0.123571 0.109960 0.027361 0.027361 
87.000000 388 2.000000 5.345099 12.501376 -0.328625 -0.967564 1.044175 1.044175 
87.000000 389 2.000000 16.357475 8.323749 -1.384095 0.905011 2.734763 2.734763 
87.000000 390 2.000000 11.311830 1.115981 -0.063017 -0.001077 0.003972 0.003972 
87.000000 391 2.000000 4.793688 7.673604 1.474981 -0.496627 2.422207 2.422207 
87.000000 392 2.000000 8.169422 8.677109 0.427750 -1.514247 2.475915 2.475915 
87.000000 393 2.000000 12.167306 7.490813 0.360111 -0.426381 0.311480 0.311480 
87.000000 394 2.000000 0.621125 0.681068 0.828165 0.619151 1.069206 1.069206 
87.000000 395 2.000000 12.914534 6.711958 0.999638 0.228416 1.051450 1.051450 
87.000000 396 2.000000 9.758111 15.699879 -0.975282 -0.544319 1.247458 1.247458 
87.000000 397 2.000000 8.984665 18.324345 -1.197298 1.304224 3.134523 3.134523 
87.000000 398 2.000000 14.266462 11.353624 -1.604153 -0.457480 2.782594 2.782594 
87.000000 399 2.000000 1.184457 0.988326 0.846040 0.790660 1.340926 1.340926 
87.000000 400 2.000000 8.065665 3.042983 -0.080078 0.172707 0.036240 0.036240 
87.000000 401 2.000000 3.435491 12.243662 -0.793471 0.209448 0.673464 0.673464 
87.000000 402 2.000000 12.757369 8.292101 0.781010 1.393630 2.552182 2.552182 
87.000000 403 2.000000 7.113938 14.036431 0.428550 0.469446 0.404035 0.404035 
87.000000 404 2.000000 3.864151 19.296659 -0.440998 -1.082062 1.365336 1.365336 
87.000000 405 2.000000 13.858924 15.447134 -1.326671 -0.352935 1.884618 1.884618 
87.000000 406 2.000000 1.337625 7.673925 -0.179070 0.983836 1.000000 1.000000 
87.000000 407 2.000000 10.250663 8.099531 1.100454 -0.544513 1.507493 1.507493 
87.000000 408 2.000000 15.559423 2.585325 0.699300 -0.736350 1.031231 1.031231 
87.000000 409 2.000000 3.793801 17.017949 -0.212451 0.511584 0.306853 0.306853 
87.000000 410 2.000000 7.425940 9.913416 0.157773 -1.268753 1.634625 1.634625 
87.000000 411 2.000000 13.532418 8.850412 0.121950 0.842896 0.725346 0.725346 
87.000000 412 2.000000 2.966328 0.206453 -1.589149 0.062561 2.529309 2.529309 
87.000000 413 2.000000 4.635841 12.003306 -0.810959 0.309942 0.753718 0.753718 
87.000000 414 2.000000 8.025809 13.769224 1.077290 0.522551 1.433613 1.433613 
87.000000 415 2.000000 5.750861 12.092092 0.069544 0.441252 0.199540 0.199540 
87.000000 416 2.000000 13.334457 0.040174 1.062506 0.803467 1.774479 1.774479 
87.000000 417 2.000000 12.441057 11.159683 1.372622 -0.761990 2.464721 2.464721 
87.000000 418 2.000000 5.262831 10.935409 0.992987 1.127362 2.256967 2.256967 
87.000000 419 2.000000 6.914978 12.048263 0.096275 -0.775671 0.610935 0.610935 
87.000000 420 2.000000 12.537055 9.703479 -0.238188 0.695590 0.540579 0.540579 
87.000000 421 2.000000 15.455444 18.106952 -0.465088 -0.261110 0.284485 0.284485 
87.000000 422 2.000000 10.289993 5.765406 -0.161993 -0.487587 0.263983 0.263983 
87.000000 423 2.000000 9.545858 7.782466 -0.681977 1.588258 2.987656 2.987656 
87.000000 424 2.000000 9.573126 0.584087 -0.347412 -1.256693 1.699973 1.699973 
87.000000 425 2.000000 11.490006 16.674302 -0.188622 -0.271485 0.109283 0.109283 
87.000000 426 2.000000 5.391828 6.211308 0.913869 -0.373172 0.974413 0.974413 
87.000000 427 2.000000 13.326583 10.608645 -0.667424 -0.561226 0.760429 0.760429 
87.000000 428 2.000000 4.912112 6.522925 -1.598515 -0.208089 2.598551 2.598551 
87.000000 429 2.000000 14.560085 4.424281 0.398342 0.804414 0.805759 0.805759 
87.000000 430 2.000000 3.585419 14.726912 0.154358 0.938020 0.903708 0.903708 
87.000000 431 2.000000 6.763494 2.311247 -0.387923 -1.507929 2.424335 2.424335 
87.000000 432 2.000000 1.293090 7.728984 -0.419509 0.666096 0.619671 0.619671 
87.000000 433 2.000000 9.610039 0.772866 0.762701 -1.224658 2.081501 2.081501 
87.000000 434 2.000000 3.446470 1.241825 -0.700376 -1.103422 1.708067 1.708067 
87.000000 435 2.000000 10.202897 15.985553 0.029298 -0.128382 0.017340 0.017340 
87.000000 436 2.000000 14.497932 18.192674 -0.340906 -1.338760 1.908494 1.908494 
87.000000 437 2.000000 10.802067 14.710312 0.411823 0.706944 0.669368 0.669368 
87.000000 438 2.000000 5.291111 2.977944 -0.196688 0.804849 0.686469 0.686469 
87.000000 439 2.000000 11.441103 4.608871 -0.752680 0.321176 0.669680 0.669680 
87.000000 440 2.000000 0.100425 3.623793 0.669494 -1.405683 2.424167 2.424167 
87.000000 441 2.000000 7.017029 10.204327 0.575166 -1.020383 1.371997 1.371997 
87.000000 442 2.000000 7.706744 0.030774 1.243023 0.615462 1.923900 1.923900 
87.000000 443 2.000000 7.398363 13.930397 -0.266114 -0.444659 0.268539 0.268539 
87.000000 444 2.000000 10.119023 13.810834 -0.083279 0.156692 0.031488 0.031488 
87.000000 445 2.000000 9.458351 14.251911 -0.925810 0.633418 1.258342 1.258342 
87.000000 446 2.000000 7.791146 4.195953 0.938692 -0.617346 1.262258 1.262258 
87.000000 447 2.000000 14.638439 4.924067 -0.651600 0.813895 1.087008 1.087008 
87.000000 448 2.000000 7.812808 8.981814 -0.114076 0.627037 0.406189 0.406189 
87.000000 449 2.000000 10.937557 2.069436 -0.494118 -0.733221 0.781765 0.781765 
87.000000 450 2.000000 13.404282 11.705910 0.810573 0.496420 0.903461 0.903461 
87.000000 451 2.000000 0.138382 16.745775 -1.098604 0.133783 1.224830 1.224830 
87.000000 452 2.000000 3.257464 11.454035 -1.095995 -0.329960 1.310078 1.310078 
87.000000 453 2.000000 3.944949 6.947816 -1.275772 0.681158 2.091571 2.091571 
87.000000 454 2.000000 9.496892 16.161413 -1.335406 0.593485 2.135534 2.135534 
87.000000 455 2.000000 1.240134 6.679706 0.208426 -0.431077 0.229269 0.229269 
87.000000 456 2.000000 9.581928 9.061747 -0.548137 -0.114664 0.313602 0.313602 
87.000000 457 2.000000 0.075717 6.071463 0.757160 0.744965 1.128263 1.128263 
87.000000 458 2.000000 9.721327 14.285349 0.514566 -0.814218 0.927728 0.927728 
87.000000 459 2.000000 5.491371 10.596590 -0.297979 -0.965945 1.021842 1.021842 
87.000000 460 2.000000 4.114170 7.028554 -0.651650 0.789725 1.048314 1.048314 
87.000000 461 2.000000 15.489974 5.958019 -0.288839 0.685494 0.553330 0.553330 
87.000000 462 2.000000 3.133440 19.428137 -1.279289 0.494230 1.880844 1.880844 
87.000000 463 2.000000 5.291632 8.948885 -0.803260 -0.321721 0.748730 0.748730 
87.000000 464 2.000000 12.026734 3.263749 -1.162642 0.498282 1.600022 1.600022 
87.000000 465 2.000000 15.978368 19.600545 0.371694 0.997483 1.133129 1.133129 
87.000000 466 2.000000 0.689370 14.387241 -1.632079 -0.459106 2.874460 2.874460 
87.000000 467 2.000000 12.561193 5.639033 0.948496 1.287396 2.557033 2.557033 
87.000000 468 2.000000 13.316650 9.296504 0.106281 0.013601 0.011481 0.011481 
87.000000 469 2.000000 8.808014 17.295501 0.433592 -0.872419 0.949116 0.949116 
87.000000 470 2.000000 10.216411 1.043527 0.316298 0.948660 1.000000 1.000000 
87.000000 471 2.000000 12.165346 3.203538 -1.619804 -0.452356 2.828392 2.828392 
87.000000 472 2.000000 4.971994 5.436575 1.198071 0.557597 1.746288 1.746288 
87.000000 473 2.000000 9.970760 11.473381 -0.928495 -0.401689 1.023458 1.023458 
87.000000 474 2.000000 12.054294 16.852991 0.913204 0.272172 0.908019 0.908019 
87.000000 475 2.000000 14.618076 10.697184 -0.940575 -0.022791 0.885201 0.885201 
87.000000 476 2.000000 16.443182 5.814460 0.896086 0.412373 0.973022 0.973022 
87.000000 477 2.000000 7.177359 13.955408 0.041765 0.337317 0.115527 0.115527 
87.000000 478 2.000000 12.894284 4.337057 -0.440086 -1.139123 1.491277 1.491277 
87.000000 479 2.000000 7.646288 9.592040 0.058845 0.060309 0.007100 0.007100 
87.000000 480 2.000000 1.524397 16.096833 -0.954592 0.963882 1.840315 1.840315 
87.000000 481 2.000000 12.257692 11.030716 0.901559 -0.498111 1.060924 1.060924 
87.000000 482 2.000000 5.386750 11.370916 0.070151 -0.221827 0.054129 0.054129 
87.000000 483 2.000000 2.903255 5.768346 -1.213639 -0.101015 1.483124 1.483124 
87.000000 484 2.000000 1.603113 10.036200 -0.240005 -0.668711 0.504777 0.504777 
87.000000 485 2.000000 4.039656 9.808942 -0.477387 0.168441 0.256271 0.256271 
87.000000 486 2.000000 10.596275 2.777352 -0.884906 -1.196017 2.213516 2.213516 
87.000000 487 2.000000 13.018308 9.259388 -0.411167 -0.942159 1.056721 1.056721 
87.000000 488 2.000000 2.453315 8.984329 -0.469773 -0.708403 0.722522 0.722522 
87.000000 489 2.000000 5.077564 7.884141 -0.482326 0.176634 0.263838 0.263838 
87.000000 490 2.000000 2.591227 18.687012 0.685550 1.633533 3.138410 3.138410 
87.000000 491 2.000000 11.040681 15.306401 0.536785 -0.043999 0.290074 0.290074 
87.000000 492 2.000000 8.703171 2.252085 1.298981 0.600556 2.048018 2.048018 
87.000000 493 2.000000 14.029018 0.028044 -0.544530 -1.165537 1.654990 1.654990 
87.000000 494 2.000000 6.505013 6.444378 0.023692 -0.119150 0.014758 0.014758 
87.000000 495 2.000000 10.626367 14.335529 0.290947 1.159105 1.428175 1.428175 
87.000000 496 2.000000 5.523733 12.654722 -0.727523 -1.454510 2.644889 2.644889 
87.000000 497 2.000000 6.358990 18.892797 0.836709 -0.632687 1.100375 1.100375 
87.000000 498 2.000000 16.574640 1.471337 -0.634797 0.221254 0.451921 0.451921 
87.000000 499 2.000000 6.021547 2.898848 -0.023370 0.517651 0.268509 0.268509 
87.000000 500 2.000000 3.674298 16.582889 -0.117607 0.961151 0.937643 0.937643 
