920.000000 1 2.000000 0.548619 13.550210 -2.256898 -6.449789 
920.000000 2 2.000000 0.299005 18.613068 -3.504972 -3.467327 
920.000000 3 2.000000 0.973368 14.607562 1.297822 0.664825 
920.000000 4 2.000000 0.298789 0.397099 -0.131440 0.101071 
920.000000 5 2.000000 0.689014 18.991465 -0.352930 -0.146265 
920.000000 6 2.000000 0.452514 14.072399 4.525127 3.556309 
920.000000 7 2.000000 0.537524 3.495209 2.687615 -1.811245 
920.000000 8 2.000000 0.535498 14.018247 -2.322507 6.008074 
920.000000 9 2.000000 0.499711 9.036082 -2.001153 -3.775732 
920.000000 10 2.000000 0.000001 0.895476 4.016191 -8.683874 
920.000000 11 2.000000 0.294128 4.205767 -2.016775 2.548949 
920.000000 12 2.000000 0.367092 18.051674 3.670914 -2.997423 
920.000000 13 2.000000 0.999999 4.148764 -4.221763 -4.281559 
920.000000 14 2.000000 0.661472 16.752207 -2.256845 -4.330389 
920.000000 15 2.000000 0.999999 11.259931 -8.225906 1.640710 
920.000000 16 2.000000 0.402344 5.960928 -0.996092 0.286598 
920.000000 17 2.000000 0.249873 12.718432 -0.625105 5.529753 
920.000000 18 2.000000 0.000001 8.140049 4.999414 -2.174479 
920.000000 19 2.000000 0.911979 1.691065 1.209237 -0.552047 
920.000000 20 2.000000 0.567623 4.194399 0.493584 4.194398 
920.000000 21 2.000000 0.999999 2.724822 -3.709285 -4.529072 
920.000000 22 2.000000 0.473502 0.853412 -1.052995 -2.998228 
920.000000 23 2.000000 0.222698 16.265850 1.113487 -5.744845 
920.000000 24 2.000000 0.170437 2.095569 -2.076176 -3.914797 
920.000000 25 2.000000 0.647210 4.628490 2.588837 2.234266 
920.000000 26 2.000000 0.699042 9.026995 6.990406 -0.351285 
920.000000 27 2.000000 0.080673 10.971002 -2.604537 -1.377063 
920.000000 28 2.000000 0.545119 14.450090 -4.548803 0.709320 
920.000000 29 2.000000 0.625640 11.035404 1.636600 2.118282 
920.000000 30 2.000000 0.397724 13.088793 1.988616 3.849645 
920.000000 31 2.000000 0.045800 16.159397 -6.361328 -4.800752 
920.000000 32 2.000000 0.385970 8.392663 1.102769 -2.527164 
920.000000 33 2.000000 0.489056 1.900442 -5.109429 0.612882 
920.000000 34 2.000000 0.656410 9.996498 -1.145298 -3.767227 
920.000000 35 2.000000 0.160156 6.919662 -1.866318 4.082695 
920.000000 36 2.000000 0.623352 9.249579 -3.766466 -1.923850 
920.000000 37 2.000000 0.381157 11.609661 1.089018 3.492548 
920.000000 38 2.000000 0.926878 9.164058 3.707509 5.965426 
920.000000 39 2.000000 0.525992 17.926675 -1.062750 -3.000903 
920.000000 40 2.000000 0.474060 17.403998 4.740586 -1.058123 
920.000000 41 2.000000 0.000001 12.242817 6.561084 5.441252 
920.000000 42 2.000000 0.595277 12.500782 4.878730 -2.426641 
920.000000 43 2.000000 0.601427 3.449553 4.009509 -0.447176 
920.000000 44 2.000000 0.939296 0.748966 2.087322 -1.005911 
920.000000 45 2.000000 0.619304 8.751720 1.238606 -1.519430 
920.000000 46 2.000000 0.318026 3.525151 -2.273245 0.897321 
920.000000 47 2.000000 0.749870 11.675968 1.228158 -1.092166 
920.000000 48 2.000000 0.324883 17.092614 3.248823 -0.714696 
920.000000 49 2.000000 0.000001 10.831582 5.068377 -4.955901 
920.000000 50 2.000000 0.620759 14.001808 4.138384 -2.709813 
920.000000 51 2.000000 0.370986 11.055552 -1.347096 -0.109787 
920.000000 52 2.000000 0.464479 12.053386 -1.338801 3.708734 
920.000000 53 2.000000 0.999999 0.459130 -3.271136 -0.929780 
920.000000 54 2.000000 0.275561 3.785063 1.377799 -1.707448 
920.000000 55 2.000000 0.813174 13.390858 1.478496 -3.028939 
920.000000 56 2.000000 0.778691 0.839037 -4.426154 1.290825 
920.000000 57 2.000000 0.242226 10.950757 -1.894432 0.325346 
920.000000 58 2.000000 0.999999 19.225382 -6.858209 3.451001 
920.000000 59 2.000000 0.750009 9.452469 2.142880 -1.832474 
920.000000 60 2.000000 0.980386 15.561847 4.901923 2.803936 
920.000000 61 2.000000 0.985906 17.489266 4.929523 -2.008587 
920.000000 62 2.000000 0.289478 0.640348 1.929845 -2.329196 
920.000000 63 2.000000 0.999999 16.921511 -2.462614 0.477216 
920.000000 64 2.000000 0.758517 9.246122 -4.829642 9.732759 
920.000000 65 2.000000 0.940940 4.937366 9.409390 0.587606 
920.000000 66 2.000000 0.785105 8.585511 0.559620 4.708436 
920.000000 67 2.000000 0.133125 10.300497 -1.673533 -2.009820 
920.000000 68 2.000000 0.798562 10.783369 5.323743 0.970455 
920.000000 69 2.000000 0.580112 8.847628 -2.799248 0.326861 
920.000000 70 2.000000 0.715230 13.204376 -0.043169 2.428591 
920.000000 71 2.000000 0.979054 17.135192 -0.418905 -1.848262 
920.000000 72 2.000000 0.357125 11.837377 -2.571497 1.896863 
920.000000 73 2.000000 0.122841 5.450465 -8.771584 -5.595975 
920.000000 74 2.000000 0.915795 19.899529 3.663175 -2.009405 
920.000000 75 2.000000 0.074397 9.589975 -0.416970 -5.386448 
920.000000 76 2.000000 0.999999 2.206183 -8.083814 0.249356 
920.000000 77 2.000000 0.056705 12.688540 -2.556261 -3.827840 
920.000000 78 2.000000 0.327473 11.255238 3.274718 0.049081 
920.000000 79 2.000000 0.545987 6.780045 -4.540120 4.660338 
920.000000 80 2.000000 0.000001 11.991446 6.420350 -4.853668 
920.000000 81 2.000000 0.999999 0.643078 -2.521248 0.965099 
920.000000 82 2.000000 0.544952 15.606441 5.449507 3.187347 
920.000000 83 2.000000 0.686852 18.999090 0.381806 2.667714 
920.000000 84 2.000000 0.743203 1.859477 2.972807 9.297378 
920.000000 85 2.000000 0.020990 6.092364 -6.526728 0.039946 
920.000000 86 2.000000 0.682231 1.749362 -3.177685 2.691325 
920.000000 87 2.000000 0.000001 18.525700 7.096579 -0.567038 
920.000000 88 2.000000 0.576282 14.193437 -4.237172 -0.866340 
920.000000 89 2.000000 0.010426 0.342501 -3.298576 -0.487167 
920.000000 90 2.000000 0.888817 18.913441 -1.111823 0.823795 
920.000000 91 2.000000 0.852754 19.999999 0.789976 -2.451553 
920.000000 92 2.000000 0.157433 11.932574 3.148641 0.915411 
920.000000 93 2.000000 0.086074 0.649416 -1.661681 3.247074 
920.000000 94 2.000000 0.859262 11.844509 -2.814738 4.307094 
920.000000 95 2.000000 0.325963 13.294928 -2.246787 1.685659 
920.000000 96 2.000000 0.976883 8.377052 6.512543 7.451316 
920.000000 97 2.000000 0.696158 7.947189 4.641045 3.241914 
920.000000 98 2.000000 0.354827 15.230703 -4.301145 3.311022 
920.000000 99 2.000000 0.281119 13.964739 -3.594401 2.894978 
920.000000 100 2.000000 0.301558 10.490223 0.237049 11.409304 
920.000000 101 2.000000 0.646268 6.734572 -3.537315 1.521475 
920.000000 102 2.000000 0.184536 6.642147 0.025603 2.774290 
920.000000 103 2.000000 0.657608 7.006769 0.505852 -0.378893 
920.000000 104 2.000000 0.220168 4.902809 -2.599436 5.160850 
920.000000 105 2.000000 0.817067 13.966989 -3.658649 0.161458 
920.000000 106 2.000000 0.642052 15.505806 -7.158932 4.551117 
920.000000 107 2.000000 0.494956 11.848391 0.097752 -2.331617 
920.000000 108 2.000000 0.203190 14.388063 -5.312062 -0.196513 
920.000000 109 2.000000 0.604757 17.605737 4.031706 -7.980873 
920.000000 110 2.000000 0.935726 3.576938 -0.428487 -0.171070 
920.000000 111 2.000000 0.070473 18.141189 -0.362323 1.081721 
920.000000 112 2.000000 0.474212 18.991226 -0.955976 1.276010 
920.000000 113 2.000000 0.796796 10.516920 -1.354687 -0.284353 
920.000000 114 2.000000 0.131447 8.559639 -2.060472 -1.050924 
920.000000 115 2.000000 0.378297 12.372677 3.782957 -3.096559 
920.000000 116 2.000000 0.516998 7.459629 2.584985 0.499472 
920.000000 117 2.000000 0.665068 14.945313 -6.698612 -1.605472 
920.000000 118 2.000000 0.227391 15.532141 4.547792 6.110365 
920.000000 119 2.000000 0.364754 14.338651 3.647534 2.659928 
920.000000 120 2.000000 0.483884 16.183063 -1.474615 -2.385585 
920.000000 121 2.000000 0.692117 11.709537 -3.078820 -2.087524 
920.000000 122 2.000000 0.324529 16.610213 6.490566 1.260427 
920.000000 123 2.000000 0.584903 9.783799 0.433261 0.506386 
920.000000 124 2.000000 0.109577 15.778755 2.191523 -0.868230 
920.000000 125 2.000000 0.534492 13.617036 0.311958 -2.920004 
920.000000 126 2.000000 0.452683 0.774247 -0.995119 -6.265225 
920.000000 127 2.000000 0.297747 0.467979 1.984975 0.584972 
920.000000 128 2.000000 0.000001 17.942652 3.375636 -8.229389 
920.000000 129 2.000000 0.390430 17.167627 3.904292 3.531637 
920.000000 130 2.000000 0.482481 4.520466 1.378514 -0.201805 
920.000000 131 2.000000 0.246083 0.581028 2.155578 1.221190 
920.000000 132 2.000000 0.657939 7.234337 -2.280397 -1.808178 
920.000000 133 2.000000 0.564950 15.975530 1.883162 0.053778 
920.000000 134 2.000000 0.917381 7.886431 -1.652357 -8.652549 
920.000000 135 2.000000 0.000001 0.437247 4.091138 -1.615542 
920.000000 136 2.000000 0.138151 4.754909 0.921003 -3.851312 
920.000000 137 2.000000 0.776685 4.155992 3.106735 -0.132956 
920.000000 138 2.000000 0.274383 12.719356 -2.902462 -1.967741 
920.000000 139 2.000000 0.497677 4.796956 -5.023225 -2.118043 
920.000000 140 2.000000 0.000001 1.461150 1.075257 -5.972072 
920.000000 141 2.000000 0.306600 0.228197 6.131973 -2.558771 
920.000000 142 2.000000 0.136533 19.999999 -1.015843 -3.203091 
920.000000 143 2.000000 0.999999 3.229363 -1.666346 8.073404 
920.000000 144 2.000000 0.373726 14.496123 -0.321521 -2.431788 
920.000000 145 2.000000 0.026610 9.526255 -0.621760 8.817782 
920.000000 146 2.000000 0.574332 1.344067 -4.256668 -0.550746 
920.000000 147 2.000000 0.885160 18.808428 3.540637 -5.957857 
920.000000 148 2.000000 0.599233 15.710135 0.966595 2.994184 
920.000000 149 2.000000 0.675214 5.742862 3.376063 1.499013 
920.000000 150 2.000000 0.922393 15.543689 6.149277 -0.330204 
920.000000 151 2.000000 0.671650 11.277802 0.299432 3.415799 
920.000000 152 2.000000 0.084448 8.090970 -6.103673 0.408141 
920.000000 153 2.000000 0.323426 15.986980 -4.510490 -0.715255 
920.000000 154 2.000000 0.840486 11.795268 -3.190256 1.925595 
920.000000 155 2.000000 0.629737 16.111613 -1.121080 8.884690 
920.000000 156 2.000000 0.999999 7.341554 -5.724136 -1.907651 
920.000000 157 2.000000 0.974998 9.054842 0.847824 -1.569822 
920.000000 158 2.000000 0.676310 4.733344 0.966155 -0.936050 
920.000000 159 2.000000 0.725495 12.755015 -2.745043 1.885794 
920.000000 160 2.000000 0.459470 15.036122 -2.702645 -8.071402 
920.000000 161 2.000000 0.868808 12.382433 3.389575 -4.993191 
920.000000 162 2.000000 0.787301 1.845888 -2.126981 2.123512 
920.000000 163 2.000000 0.068393 13.921524 1.367832 1.019339 
920.000000 164 2.000000 0.758474 11.294502 3.792366 -0.479661 
920.000000 165 2.000000 0.330870 10.446286 -2.178017 1.706652 
920.000000 166 2.000000 0.000001 9.348955 2.936974 -5.597263 
920.000000 167 2.000000 0.603602 10.359600 3.018004 -3.153204 
920.000000 168 2.000000 0.999999 12.767368 -9.281810 7.092981 
920.000000 169 2.000000 0.378809 6.615052 -3.432078 -5.582163 
920.000000 170 2.000000 0.557037 12.365419 -2.214810 -2.752462 
920.000000 171 2.000000 0.000001 16.750845 5.924054 -3.822535 
920.000000 172 2.000000 0.739158 1.166183 1.847893 0.897063 
920.000000 173 2.000000 0.771225 6.160462 1.402226 -2.900890 
920.000000 174 2.000000 0.754469 16.000030 -4.910590 -0.663206 
920.000000 175 2.000000 0.864541 7.845139 3.458158 6.034722 
920.000000 176 2.000000 0.317730 9.533953 -2.274229 1.807115 
920.000000 177 2.000000 0.406440 17.722195 2.709594 1.057801 
920.000000 178 2.000000 0.995914 10.566019 0.585831 -5.390846 
920.000000 179 2.000000 0.243740 12.413809 0.180547 0.848689 
920.000000 180 2.000000 0.435587 12.758667 2.177932 1.775096 
920.000000 181 2.000000 0.431248 17.840646 -3.791673 -1.899209 
920.000000 182 2.000000 0.884669 16.616360 4.423342 -1.205818 
920.000000 183 2.000000 0.953320 3.915729 -0.933583 1.000669 
920.000000 184 2.000000 0.282124 14.959943 5.642454 -2.033365 
920.000000 185 2.000000 0.835158 8.853269 1.528319 7.069976 
920.000000 186 2.000000 0.257984 0.462431 -0.989353 -1.732464 
920.000000 187 2.000000 0.311835 12.049540 0.648778 -1.974497 
920.000000 188 2.000000 0.271207 3.623288 -4.858612 0.349280 
920.000000 189 2.000000 0.322525 19.999999 3.225243 -2.556369 
920.000000 190 2.000000 0.999999 4.351397 -3.657151 -2.361129 
920.000000 191 2.000000 0.501031 4.207540 -4.989684 -7.520218 
920.000000 192 2.000000 0.545290 14.311205 0.104293 1.391488 
920.000000 193 2.000000 0.138772 17.320225 -2.153068 -0.063480 
920.000000 194 2.000000 0.329730 12.288839 -0.110018 -2.965831 
920.000000 195 2.000000 0.309158 4.533908 1.545785 -1.471421 
920.000000 196 2.000000 0.414402 14.701778 -1.301326 8.198513 
920.000000 197 2.000000 0.999999 14.315063 -7.463975 4.708459 
920.000000 198 2.000000 0.908739 7.121796 6.058256 -2.345047 
920.000000 199 2.000000 0.489815 6.059224 9.796287 2.692988 
920.000000 200 2.000000 0.942767 18.249808 2.693618 -0.939420 
920.000000 201 2.000000 0.580644 17.829531 0.201791 -3.100669 
920.000000 202 2.000000 0.895808 11.187162 3.583229 -2.753553 
920.000000 203 2.000000 0.588666 2.439254 -8.226651 0.527989 
920.000000 204 2.000000 0.830748 7.165184 -3.385028 -0.176375 
920.000000 205 2.000000 0.756703 3.539201 -2.432959 1.792296 
920.000000 206 2.000000 0.326063 3.746640 6.521242 0.721328 
920.000000 207 2.000000 0.608992 17.142520 -0.868904 -0.299414 
920.000000 208 2.000000 0.725163 19.487217 -2.748357 -5.127823 
920.000000 209 2.000000 0.185842 3.621322 3.716824 2.562247 
920.000000 210 2.000000 0.057157 6.705868 -6.285614 2.975298 
920.000000 211 2.000000 0.387790 10.058756 -6.122092 -5.131315 
920.000000 212 2.000000 0.085897 19.331943 -4.570509 0.915547 
920.000000 213 2.000000 0.632882 13.469224 3.164405 -0.027581 
920.000000 214 2.000000 0.424738 1.712221 4.247366 8.561101 
920.000000 215 2.000000 0.629472 6.861729 2.517882 -1.774137 
920.000000 216 2.000000 0.803493 12.159193 -3.930128 5.977938 
920.000000 217 2.000000 0.000001 7.161274 2.394820 5.304647 
920.000000 218 2.000000 0.999999 16.835127 -3.738163 -2.877157 
920.000000 219 2.000000 0.088675 14.597122 1.773477 1.095447 
920.000000 220 2.000000 0.699953 13.825465 -6.000927 -6.425500 
920.000000 221 2.000000 0.451118 6.364776 -5.488806 7.071972 
920.000000 222 2.000000 0.999999 13.045809 -6.143106 -6.623038 
920.000000 223 2.000000 0.782662 12.832623 7.826607 2.494471 
920.000000 224 2.000000 0.905518 7.923673 3.018391 2.582961 
920.000000 225 2.000000 0.787279 4.783212 1.211196 -0.733844 
920.000000 226 2.000000 0.135285 13.958831 2.705678 -2.083161 
920.000000 227 2.000000 0.122643 4.161918 2.452847 5.682367 
920.000000 228 2.000000 0.201346 2.373062 4.026900 6.780174 
920.000000 229 2.000000 0.000001 10.383341 1.278675 -4.434574 
920.000000 230 2.000000 0.433892 18.440706 4.338914 -1.949116 
920.000000 231 2.000000 0.865732 9.244979 0.865731 1.310376 
920.000000 232 2.000000 0.790723 18.806456 0.202354 1.425755 
920.000000 233 2.000000 0.325631 10.391608 2.019133 -0.338670 
920.000000 234 2.000000 0.414122 18.725456 0.435917 -2.832317 
920.000000 235 2.000000 0.277989 18.338714 0.327044 -0.605964 
920.000000 236 2.000000 0.463774 16.658015 -5.362253 -6.683968 
920.000000 237 2.000000 0.417099 14.528924 -1.457250 -0.220669 
920.000000 238 2.000000 0.368457 12.810393 0.381556 3.574759 
920.000000 239 2.000000 0.863871 3.842815 5.759136 1.147109 
920.000000 240 2.000000 0.300936 1.089129 -2.796253 -5.253019 
920.000000 241 2.000000 0.622443 0.549560 2.581123 -4.515563 
920.000000 242 2.000000 0.897306 3.116647 -2.053862 -2.588560 
920.000000 243 2.000000 0.999999 13.438839 -11.495655 -3.546573 
920.000000 244 2.000000 0.504816 17.303886 1.682717 -0.862272 
920.000000 245 2.000000 0.726890 4.812893 -5.462172 -3.879454 
920.000000 246 2.000000 0.393978 13.242156 -6.060209 10.593724 
920.000000 247 2.000000 0.000001 10.328584 3.043963 3.727373 
920.000000 248 2.000000 0.941438 14.109337 0.571023 -3.695905 
920.000000 249 2.000000 0.000001 14.807118 4.108173 0.737234 
920.000000 250 2.000000 0.490792 3.953568 -3.394712 2.616911 
920.000000 251 2.000000 0.129453 4.596898 2.589047 1.220393 
920.000000 252 2.000000 0.748499 8.201229 -2.515001 2.893173 
920.000000 253 2.000000 0.627517 5.362698 6.275162 -1.294073 
920.000000 254 2.000000 0.383875 18.392861 7.677474 -6.428553 
920.000000 255 2.000000 0.204437 5.509976 4.088710 -4.403901 
920.000000 256 2.000000 0.767432 7.293091 7.674313 2.393520 
920.000000 257 2.000000 0.320736 16.127481 0.337616 3.162251 
920.000000 258 2.000000 0.000001 14.734060 6.822909 4.150439 
920.000000 259 2.000000 0.461666 19.916093 1.538884 -0.419529 
920.000000 260 2.000000 0.062165 11.607585 1.243289 -0.332491 
920.000000 261 2.000000 0.148547 18.766491 -5.453714 2.876005 
920.000000 262 2.000000 0.661732 11.096617 -3.382673 -0.435911 
920.000000 263 2.000000 0.000001 16.379175 3.458073 1.144008 
920.000000 264 2.000000 0.000001 1.411362 5.416376 4.161960 
920.000000 265 2.000000 0.572955 12.915069 1.274093 -3.036232 
920.000000 266 2.000000 0.000001 7.643507 1.014577 -2.311689 
920.000000 267 2.000000 0.208000 5.696929 -5.279990 -4.286800 
920.000000 268 2.000000 0.877442 16.237483 -2.451145 0.723121 
920.000000 269 2.000000 0.554699 4.419318 -2.968664 3.273568 
920.000000 270 2.000000 0.151974 4.661478 0.759867 -0.998303 
920.000000 271 2.000000 0.157291 0.830253 3.145798 -1.257586 
920.000000 272 2.000000 0.830880 11.557513 -3.382378 -1.902860 
920.000000 273 2.000000 0.052510 2.191452 -1.263318 -1.923273 
920.000000 274 2.000000 0.774436 2.572404 3.097739 -2.761320 
920.000000 275 2.000000 0.199944 0.491081 3.998857 1.636933 
920.000000 276 2.000000 0.000001 18.279973 3.017871 4.713502 
920.000000 277 2.000000 0.576447 9.273630 -0.068025 -1.135977 
920.000000 278 2.000000 0.999999 18.434096 -0.886480 -6.263612 
920.000000 279 2.000000 0.000001 19.164153 2.907050 -5.572304 
920.000000 280 2.000000 0.245391 7.201064 -5.030722 -5.688415 
920.000000 281 2.000000 0.848448 17.108797 -3.031029 -1.445601 
920.000000 282 2.000000 0.719229 18.274789 -2.807697 1.127882 
920.000000 283 2.000000 0.000001 15.072001 4.624116 0.615462 
920.000000 284 2.000000 0.581292 8.658199 2.906456 0.320864 
920.000000 285 2.000000 0.620468 14.620496 1.128123 -2.364045 
920.000000 286 2.000000 0.999999 14.890653 -3.215731 -0.981236 
920.000000 287 2.000000 0.292460 11.064815 1.949725 -1.123079 
920.000000 288 2.000000 0.795789 16.352706 -4.084195 -1.552040 
920.000000 289 2.000000 0.947521 10.603453 0.526400 -0.571158 
920.000000 290 2.000000 0.330081 11.290807 -0.893223 5.714802 
920.000000 291 2.000000 0.597516 0.943045 -0.054645 3.772175 
920.000000 292 2.000000 0.906806 19.116644 1.813609 -5.889032 
920.000000 293 2.000000 0.613818 9.092086 -2.574542 0.117334 
920.000000 294 2.000000 0.366838 17.757076 -2.532645 1.111272 
920.000000 295 2.000000 0.740259 2.885944 3.701290 0.557555 
920.000000 296 2.000000 0.856614 2.357629 4.283066 -3.647261 
920.000000 297 2.000000 0.930235 2.549429 -1.395288 2.832698 
920.000000 298 2.000000 0.810417 4.293173 5.402775 0.369547 
920.000000 299 2.000000 0.717993 11.885908 2.393307 -4.603606 
920.000000 300 2.000000 0.000001 3.816815 5.405367 -4.852249 
920.000000 301 2.000000 0.314542 0.453862 6.290823 -0.672595 
920.000000 302 2.000000 0.377783 16.318097 -4.148106 1.722755 
920.000000 303 2.000000 0.079197 9.344355 0.791958 -3.535341 
920.000000 304 2.000000 0.879056 5.559657 3.516219 5.054233 
920.000000 305 2.000000 0.180206 12.678446 3.604106 0.748696 
920.000000 306 2.000000 0.693203 6.802972 0.096275 -4.639136 
920.000000 307 2.000000 0.640439 16.336195 -0.728346 -3.788025 
920.000000 308 2.000000 0.768438 9.606278 -4.631211 -1.135164 
920.000000 309 2.000000 0.553495 16.032391 1.844980 -5.668012 
920.000000 310 2.000000 0.732344 15.045270 0.614767 0.388624 
920.000000 311 2.000000 0.307040 10.155581 3.070387 0.047559 
920.000000 312 2.000000 0.480279 13.087056 -10.394396 -3.097678 
920.000000 313 2.000000 0.000001 6.595853 9.048743 0.697728 
920.000000 314 2.000000 0.000001 16.230410 1.586348 0.597514 
920.000000 315 2.000000 0.999999 5.803795 -6.626855 0.250904 
920.000000 316 2.000000 0.040804 13.050008 -6.394631 2.399066 
920.000000 317 2.000000 0.000001 0.646195 2.397433 -2.101123 
920.000000 318 2.000000 0.670680 1.220283 -1.097731 -2.584589 
920.000000 319 2.000000 0.223168 4.011543 -1.359069 -0.884971 
920.000000 320 2.000000 0.376986 16.158166 -1.106874 3.499379 
920.000000 321 2.000000 0.608635 15.421246 6.086339 -3.815627 
920.000000 322 2.000000 0.230294 8.910859 -7.697053 6.854506 
920.000000 323 2.000000 0.375015 6.584154 -6.498161 3.156266 
920.000000 324 2.000000 0.410775 6.752196 -3.928158 -0.898419 
920.000000 325 2.000000 0.282517 11.024465 1.412581 2.451071 
920.000000 326 2.000000 0.657276 2.223439 3.286377 7.411462 
920.000000 327 2.000000 0.614019 12.613222 -1.543921 6.225314 
920.000000 328 2.000000 0.715394 8.798468 -1.897369 -0.387512 
920.000000 329 2.000000 0.892250 10.572883 0.593100 -2.918716 
920.000000 330 2.000000 0.884183 8.861763 -2.316322 -2.052655 
920.000000 331 2.000000 0.000001 9.764627 3.579544 -3.832461 
920.000000 332 2.000000 0.403031 8.761533 -0.174132 0.287169 
920.000000 333 2.000000 0.865438 7.529885 1.799518 -1.665924 
920.000000 334 2.000000 0.744360 16.391311 -0.099694 1.194914 
920.000000 335 2.000000 0.000001 7.832222 3.249101 -1.201854 
920.000000 336 2.000000 0.505787 19.342357 5.057857 0.981469 
920.000000 337 2.000000 0.930967 16.552002 -0.690316 -6.269086 
920.000000 338 2.000000 0.104819 2.726168 0.174696 -3.639508 
920.000000 339 2.000000 0.350900 4.205696 -6.490991 -0.517800 
920.000000 340 2.000000 0.059185 10.505667 -3.763256 -4.433198 
920.000000 341 2.000000 0.139361 8.581526 1.393596 2.077508 
920.000000 342 2.000000 0.321036 6.554862 3.210354 5.963802 
920.000000 343 2.000000 0.295509 14.060703 -7.044895 4.881843 
920.000000 344 2.000000 0.538361 8.360862 3.589067 5.573908 
920.000000 345 2.000000 0.444141 13.928716 -1.144289 -5.379346 
920.000000 346 2.000000 0.044145 12.126376 -2.124120 -4.256012 
920.000000 347 2.000000 0.136886 10.510638 -0.639343 6.781056 
920.000000 348 2.000000 0.000001 9.129468 7.655277 1.779010 
920.000000 349 2.000000 0.931885 19.299098 -1.362270 -2.803605 
920.000000 350 2.000000 0.588967 17.494705 -2.055158 -1.219301 
920.000000 351 2.000000 0.599067 13.537136 -4.009320 2.297912 
920.000000 352 2.000000 0.558846 14.941743 -2.205767 -7.226080 
920.000000 353 2.000000 0.636552 11.111072 -0.408012 -1.649383 
920.000000 354 2.000000 0.999999 18.141462 -0.418013 -2.478050 
920.000000 355 2.000000 0.000001 4.382822 2.596502 -1.045962 
920.000000 356 2.000000 0.698774 12.851002 -6.024495 -1.192430 
920.000000 357 2.000000 0.447260 3.163000 -1.004980 -1.738390 
920.000000 358 2.000000 0.922097 1.719836 3.073655 -2.417375 
920.000000 359 2.000000 0.674494 9.819404 -6.510094 1.392612 
920.000000 360 2.000000 0.285859 3.361051 5.717160 -0.013101 
920.000000 361 2.000000 0.466142 6.250389 -3.559049 -0.310116 
920.000000 362 2.000000 0.820717 11.693861 -3.585634 3.543190 
920.000000 363 2.000000 0.612493 10.279588 -0.126861 6.218722 
920.000000 364 2.000000 0.515023 8.907683 -4.849760 -6.722616 
920.000000 365 2.000000 0.207294 12.833647 -0.601085 3.081142 
920.000000 366 2.000000 0.439800 5.694214 1.099497 -6.772406 
920.000000 367 2.000000 0.965019 14.632224 6.433451 2.066509 
920.000000 368 2.000000 0.509144 8.215278 0.442733 -0.009048 
920.000000 369 2.000000 0.946835 12.939371 4.734172 -3.620835 
920.000000 370 2.000000 0.733870 9.420697 3.001249 8.285407 
920.000000 371 2.000000 0.329117 6.744603 -6.708820 3.092841 
920.000000 372 2.000000 0.213745 11.860620 -3.931268 -7.751790 
920.000000 373 2.000000 0.677419 8.228509 -6.451609 -1.166991 
920.000000 374 2.000000 0.601295 15.106688 -0.362458 -0.823018 
920.000000 375 2.000000 0.000001 10.545103 4.915958 2.259369 
920.000000 376 2.000000 0.341598 7.188098 0.451510 -2.082500 
920.000000 377 2.000000 0.164893 9.360669 -1.508973 -2.517677 
920.000000 378 2.000000 0.704894 0.984332 -2.951047 -3.374173 
920.000000 379 2.000000 0.999999 14.897104 -0.393568 -3.532008 
920.000000 380 2.000000 0.999999 7.295903 -4.276618 6.079918 
920.000000 381 2.000000 0.000001 13.871708 4.051904 4.133167 
920.000000 382 2.000000 0.837534 15.272879 -1.624653 1.478413 
920.000000 383 2.000000 0.726527 0.933349 0.968702 0.777790 
920.000000 384 2.000000 0.122520 16.361477 2.450389 2.214464 
920.000000 385 2.000000 0.441993 11.478450 4.419918 -7.460114 
920.000000 386 2.000000 0.166300 12.636485 -0.555799 1.790176 
920.000000 387 2.000000 0.138327 16.485555 1.383255 -3.056038 
920.000000 388 2.000000 0.992801 4.459391 4.963998 2.548223 
920.000000 389 2.000000 0.254328 13.111113 -0.154504 3.065745 
920.000000 390 2.000000 0.742639 14.421306 -1.715732 -3.745049 
920.000000 391 2.000000 0.406833 6.976090 -1.482915 2.968548 
920.000000 392 2.000000 0.684861 10.685807 0.856074 -4.207846 
920.000000 393 2.000000 0.340754 19.679521 3.407534 -6.409567 
920.000000 394 2.000000 0.755091 17.755966 7.550895 -1.783311 
920.000000 395 2.000000 0.125656 4.491066 2.513090 0.160749 
920.000000 396 2.000000 0.327366 1.119216 -1.921807 -0.866400 
920.000000 397 2.000000 0.391465 8.538259 -3.042669 2.349159 
920.000000 398 2.000000 0.980518 10.943492 3.922067 -1.192006 
920.000000 399 2.000000 0.402450 8.690199 8.048975 1.695074 
920.000000 400 2.000000 0.585667 19.244732 -0.996779 -2.902169 
920.000000 401 2.000000 0.818251 5.008808 -3.634961 0.880300 
920.000000 402 2.000000 0.595762 7.195844 -1.347456 1.066475 
920.000000 403 2.000000 0.921988 14.939239 -0.390056 2.667721 
920.000000 404 2.000000 0.856233 1.790672 5.708211 -0.332100 
920.000000 405 2.000000 0.000001 5.354902 3.747098 0.757756 
920.000000 406 2.000000 0.616811 1.984684 4.112070 -3.404833 
920.000000 407 2.000000 0.722551 12.607568 -5.548964 -4.928287 
920.000000 408 2.000000 0.773529 19.677877 -4.529399 0.531474 
920.000000 409 2.000000 0.999999 14.706471 -7.248095 -3.682524 
920.000000 410 2.000000 0.169481 12.386929 -5.536785 2.501272 
920.000000 411 2.000000 0.787802 12.807464 2.563218 0.983384 
920.000000 412 2.000000 0.484086 5.270677 -0.606957 4.583196 
920.000000 413 2.000000 0.937413 16.083609 0.727784 0.245989 
920.000000 414 2.000000 0.999999 12.360363 -4.202818 1.956825 
920.000000 415 2.000000 0.811214 5.804676 1.248020 2.470074 
920.000000 416 2.000000 0.644756 19.090513 -3.552434 3.296509 
920.000000 417 2.000000 0.691382 1.272447 2.765524 -5.028720 
920.000000 418 2.000000 0.358762 1.165209 2.391741 -5.407052 
920.000000 419 2.000000 0.421934 13.045628 -1.284590 1.913569 
920.000000 420 2.000000 0.035325 13.339891 -6.431161 4.616253 
920.000000 421 2.000000 0.999999 9.339273 -8.335363 -2.745996 
920.000000 422 2.000000 0.502241 3.219117 -4.977577 4.023896 
920.000000 423 2.000000 0.229408 6.185307 4.588142 0.909604 
920.000000 424 2.000000 0.999852 12.227859 3.999404 1.615016 
920.000000 425 2.000000 0.765658 2.396926 -0.781136 1.712089 
920.000000 426 2.000000 0.365611 16.100211 -4.229250 5.190106 
920.000000 427 2.000000 0.179295 14.965449 -2.735679 -4.027640 
920.000000 428 2.000000 0.583277 17.707735 -4.167221 7.635684 
920.000000 429 2.000000 0.569405 17.848967 -1.230269 -3.910967 
920.000000 430 2.000000 0.530013 9.133640 -1.566619 3.462047 
920.000000 431 2.000000 0.620457 11.551922 2.481826 -2.697876 
920.000000 432 2.000000 0.975130 11.722621 2.786083 -4.356515 
920.000000 433 2.000000 0.299676 9.807532 -0.583603 1.425228 
920.000000 434 2.000000 0.057527 13.392669 -1.346389 -3.045212 
920.000000 435 2.000000 0.159944 10.985084 -1.434848 1.124125 
920.000000 436 2.000000 0.427113 2.455470 2.135560 1.571823 
920.000000 437 2.000000 0.794670 0.284908 -2.053293 -0.363100 
920.000000 438 2.000000 0.599449 0.613978 -8.011004 -3.888617 
920.000000 439 2.000000 0.000001 2.335629 4.727470 0.665689 
920.000000 440 2.000000 0.386614 6.599166 9.069865 5.204994 
920.000000 441 2.000000 0.444047 10.993788 8.880919 8.143546 
920.000000 442 2.000000 0.615506 13.046223 -2.563284 -3.264192 
920.000000 443 2.000000 0.838391 15.868257 2.095975 1.917669 
920.000000 444 2.000000 0.472892 0.452428 -1.506021 -4.610459 
920.000000 445 2.000000 0.919419 8.347355 2.626909 6.421041 
920.000000 446 2.000000 0.582309 11.556391 0.098696 -2.447422 
920.000000 447 2.000000 0.999999 17.587227 -5.071629 3.194749 
920.000000 448 2.000000 0.867602 15.937418 -2.647936 1.528482 
920.000000 449 2.000000 0.713499 11.664762 0.603195 1.473754 
920.000000 450 2.000000 0.174348 1.743878 0.871735 -3.744860 
920.000000 451 2.000000 0.353508 3.063532 1.767534 3.829414 
920.000000 452 2.000000 0.511767 11.320834 0.787332 -3.612387 
920.000000 453 2.000000 0.163307 1.184102 -0.255399 -3.218767 
920.000000 454 2.000000 0.997105 16.366826 1.643777 0.532972 
920.000000 455 2.000000 0.567437 5.111051 -8.651248 6.388813 
920.000000 456 2.000000 0.502202 19.615162 2.511005 -0.255357 
920.000000 457 2.000000 0.732163 18.475810 0.210256 0.019485 
920.000000 458 2.000000 0.812793 3.146688 -3.744119 0.878527 
920.000000 459 2.000000 0.285476 9.721957 -3.572617 -3.365174 
920.000000 460 2.000000 0.237937 3.999990 -2.760327 -1.474978 
920.000000 461 2.000000 0.302897 15.760074 1.514478 -0.755218 
920.000000 462 2.000000 0.264070 1.930008 2.640691 -3.097191 
920.000000 463 2.000000 0.500920 14.914066 -3.327193 1.578208 
920.000000 464 2.000000 0.762615 9.042009 1.525228 -1.874922 
920.000000 465 2.000000 0.932321 16.347061 9.323200 -1.074394 
920.000000 466 2.000000 0.413590 10.987790 -5.864093 -2.657396 
920.000000 467 2.000000 0.277542 1.256027 1.110165 6.280130 
920.000000 468 2.000000 0.168332 11.966854 1.683308 -1.802866 
920.000000 469 2.000000 0.353095 2.791323 1.412375 1.310299 
920.000000 470 2.000000 0.378004 19.999999 -1.017978 -2.486344 
920.000000 471 2.000000 0.000001 1.638361 4.753413 -2.424860 
920.000000 472 2.000000 0.615417 16.299481 -0.854627 -2.176775 
920.000000 473 2.000000 0.495340 16.008799 -5.046589 1.933156 
920.000000 474 2.000000 0.949084 15.944573 0.762206 -4.156751 
920.000000 475 2.000000 0.268383 4.901190 -7.316162 -0.008192 
920.000000 476 2.000000 0.217727 16.397287 4.354522 -4.238485 
920.000000 477 2.000000 0.309674 13.613762 0.884779 -1.314054 
920.000000 478 2.000000 0.187785 17.619295 3.755679 3.546258 
920.000000 479 2.000000 0.730783 12.500338 2.923126 -1.456245 
920.000000 480 2.000000 0.769351 10.010602 -4.612955 -5.658598 
920.000000 481 2.000000 0.999999 19.766041 -10.533916 2.677917 
920.000000 482 2.000000 0.021097 11.103890 -3.915607 2.511701 
920.000000 483 2.000000 0.648112 4.519224 -7.037735 -8.917809 
920.000000 484 2.000000 0.000001 0.707149 3.056527 -3.542733 
920.000000 485 2.000000 0.903164 17.035587 -1.936699 5.630842 
920.000000 486 2.000000 0.780687 16.968458 1.419430 1.626188 
920.000000 487 2.000000 0.705243 4.253182 0.783603 -2.314298 
920.000000 488 2.000000 0.789533 8.830438 1.754517 -0.906107 
920.000000 489 2.000000 0.000001 7.947310 0.558711 -5.356751 
920.000000 490 2.000000 0.000001 8.827877 3.109058 -5.814157 
920.000000 491 2.000000 0.736043 9.328340 -0.527913 3.273101 
920.000000 492 2.000000 0.754912 15.741994 7.549106 -3.715564 
920.000000 493 2.000000 0.789418 7.729951 1.315695 2.760696 
920.000000 494 2.000000 0.718532 15.148169 -5.629335 -5.708035 
920.000000 495 2.000000 0.118964 6.088801 -4.405176 2.658015 
920.000000 496 2.000000 0.478316 7.564494 -5.216831 -3.377819 
920.000000 497 2.000000 0.525683 2.090194 -1.897265 0.363637 
920.000000 498 2.000000 0.844967 15.317793 0.794639 -1.541256 
920.000000 499 2.000000 0.863984 5.625771 5.759889 4.489405 
920.000000 500 2.000000 0.554714 9.760242 1.584895 0.522165 
