564.000000 1 2.000000 0.858281 12.718477 2.860933 -4.020863 24.352274 24.352274 
564.000000 2 2.000000 0.762915 11.191485 -0.118645 -4.102218 16.842269 16.842269 
564.000000 3 2.000000 0.341193 19.614010 -0.033743 1.975255 3.902769 3.902769 
564.000000 4 2.000000 0.999999 17.778370 -1.502543 0.636567 2.662853 2.662853 
564.000000 5 2.000000 0.760837 5.842442 -0.956649 -3.672126 14.399690 14.399690 
564.000000 6 2.000000 0.336511 16.360754 0.611837 2.145102 4.975805 4.975805 
564.000000 7 2.000000 0.850647 14.894799 2.430416 -3.659466 19.298613 19.298613 
564.000000 8 2.000000 0.633604 13.479306 0.297687 -2.515631 6.417015 6.417015 
564.000000 9 2.000000 0.569161 14.202630 -4.308378 -5.381155 47.518950 47.518950 
564.000000 10 2.000000 0.551357 15.903681 -0.897283 -0.235790 0.860714 0.860714 
564.000000 11 2.000000 0.336732 11.649637 6.734620 4.740189 67.824497 67.824497 
564.000000 12 2.000000 0.864551 10.241623 -2.708962 -0.084592 7.345629 7.345629 
564.000000 13 2.000000 0.144447 19.918451 2.888911 5.535105 38.983189 38.983189 
564.000000 14 2.000000 0.125994 16.418424 1.259931 -0.214581 1.633472 1.633472 
564.000000 15 2.000000 0.999999 11.515029 -0.747905 5.234104 27.955203 27.955203 
564.000000 16 2.000000 0.266919 6.908300 -2.443600 4.764344 28.670158 28.670158 
564.000000 17 2.000000 0.510208 2.330391 3.401381 -2.974825 20.418977 20.418977 
564.000000 18 2.000000 0.866533 6.444545 -2.669315 -0.808167 7.778377 7.778377 
564.000000 19 2.000000 0.232367 0.497222 -3.838159 0.904038 15.548746 15.548746 
564.000000 20 2.000000 0.485888 9.150349 -3.427404 2.426037 17.632750 17.632750 
564.000000 21 2.000000 0.999999 19.301552 -4.662755 -6.984468 70.524076 70.524076 
564.000000 22 2.000000 0.630316 1.349644 1.400701 -1.335254 3.744864 3.744864 
564.000000 23 2.000000 0.081567 4.900269 1.631312 1.240574 4.200204 4.200204 
564.000000 24 2.000000 0.945196 12.298339 -1.096070 2.362940 6.784852 6.784852 
564.000000 25 2.000000 0.999999 18.520048 -2.902762 2.732277 15.891361 15.891361 
564.000000 26 2.000000 0.276203 7.403831 1.747175 1.016413 4.085716 4.085716 
564.000000 27 2.000000 0.096153 18.637304 0.243458 -0.426745 0.241383 0.241383 
564.000000 28 2.000000 0.177300 14.572784 3.545977 4.443564 32.319212 32.319212 
564.000000 29 2.000000 0.223979 10.082892 -1.940050 0.122773 3.778867 3.778867 
564.000000 30 2.000000 0.692725 5.451785 -3.072744 -3.633423 22.643514 22.643514 
564.000000 31 2.000000 0.534421 17.940087 -9.311566 -2.671413 93.841710 93.841710 
564.000000 32 2.000000 0.509733 14.247559 5.097318 3.377075 37.387289 37.387289 
564.000000 33 2.000000 0.498377 18.148307 -1.379094 -0.159157 1.927231 1.927231 
564.000000 34 2.000000 0.765738 3.100120 0.029943 0.981005 0.963267 0.963267 
564.000000 35 2.000000 0.620852 19.491242 0.038091 2.591053 6.715004 6.715004 
564.000000 36 2.000000 0.142545 7.882733 -4.287271 2.585181 25.063856 25.063856 
564.000000 37 2.000000 0.199661 1.797523 -5.335585 1.239670 30.005245 30.005245 
564.000000 38 2.000000 0.374646 12.364131 3.746451 5.701135 46.538842 46.538842 
564.000000 39 2.000000 0.235676 2.905866 -0.764323 -1.556249 3.006100 3.006100 
564.000000 40 2.000000 0.000001 9.844744 8.954010 -0.148182 80.196250 80.196250 
564.000000 41 2.000000 0.463273 4.992273 -2.683631 5.255023 34.817145 34.817145 
564.000000 42 2.000000 0.769079 12.936512 3.076313 3.449736 21.364383 21.364383 
564.000000 43 2.000000 0.654550 2.457800 4.363659 -1.719535 21.998321 21.998321 
564.000000 44 2.000000 0.468108 19.048896 4.681074 -2.377757 27.566186 27.566186 
564.000000 45 2.000000 0.465551 19.238256 4.655500 4.868456 45.375546 45.375546 
564.000000 46 2.000000 0.000001 13.730578 11.670863 1.405958 138.185771 138.185771 
564.000000 47 2.000000 0.999999 19.087141 -2.716832 -4.564291 28.213933 28.213933 
564.000000 48 2.000000 0.068363 6.672560 -1.863271 1.706488 6.383880 6.383880 
564.000000 49 2.000000 0.729270 15.769575 -1.804860 -3.530279 15.720390 15.720390 
564.000000 50 2.000000 0.999999 18.734575 -2.967039 -2.106935 13.242496 13.242496 
564.000000 51 2.000000 0.381473 17.742547 7.629438 -4.104458 75.054907 75.054907 
564.000000 52 2.000000 0.824375 4.584868 -0.702497 -7.176327 51.993169 51.993169 
564.000000 53 2.000000 0.464351 14.958772 4.643505 -3.734242 35.506701 35.506701 
564.000000 54 2.000000 0.474747 15.844634 2.373732 6.213582 44.243197 44.243197 
564.000000 55 2.000000 0.217193 6.366325 -3.131223 -9.738339 104.639801 104.639801 
564.000000 56 2.000000 0.341590 14.065136 -0.516758 0.073034 0.272373 0.272373 
564.000000 57 2.000000 0.425446 11.950564 -3.830356 -3.798846 29.102857 29.102857 
564.000000 58 2.000000 0.773761 1.160591 -2.262379 -5.780398 38.531356 38.531356 
564.000000 59 2.000000 0.038772 5.495421 -1.922453 0.685006 4.165060 4.165060 
564.000000 60 2.000000 0.368853 14.445983 -0.901637 -0.359248 0.942008 0.942008 
564.000000 61 2.000000 0.175550 2.560691 -4.122244 7.305160 70.358259 70.358259 
564.000000 62 2.000000 0.906199 18.813129 3.624793 -2.629939 20.055704 20.055704 
564.000000 63 2.000000 0.804847 5.542318 8.048458 3.575688 77.563218 77.563218 
564.000000 64 2.000000 0.999999 7.227047 -6.756511 -1.596622 48.199644 48.199644 
564.000000 65 2.000000 0.798599 5.013831 -0.575429 -2.549656 6.831862 6.831862 
564.000000 66 2.000000 0.194284 7.234936 -0.947900 -7.508861 57.281503 57.281503 
564.000000 67 2.000000 0.841561 3.502222 0.647354 3.502221 12.684621 12.684621 
564.000000 68 2.000000 0.622688 14.077561 3.113437 -0.524463 9.968552 9.968552 
564.000000 69 2.000000 0.172757 19.601311 0.863778 -3.986876 16.641292 16.641292 
564.000000 70 2.000000 0.136373 13.181306 2.727432 -3.653549 20.787307 20.787307 
564.000000 71 2.000000 0.761893 15.672877 1.385258 -1.290667 3.584760 3.584760 
564.000000 72 2.000000 0.064390 8.909273 -0.550358 -1.487626 2.515925 2.515925 
564.000000 73 2.000000 0.267257 4.077906 1.781707 -0.824181 3.853753 3.853753 
564.000000 74 2.000000 0.050661 18.281420 -0.138144 1.232430 1.537966 1.537966 
564.000000 75 2.000000 0.760962 0.414746 2.480883 -0.332967 6.265647 6.265647 
564.000000 76 2.000000 0.713719 17.813031 -5.725592 1.643348 35.482993 35.482993 
564.000000 77 2.000000 0.266705 15.696031 -2.933176 0.495954 8.849490 8.849490 
564.000000 78 2.000000 0.286940 18.335342 -1.097013 4.484198 21.311473 21.311473 
564.000000 79 2.000000 0.295624 11.079646 3.490966 0.164606 12.213937 12.213937 
564.000000 80 2.000000 0.614182 17.747563 0.454949 0.947119 1.104014 1.104014 
564.000000 81 2.000000 0.935357 16.397014 4.858782 -0.965047 24.539080 24.539080 
564.000000 82 2.000000 0.806244 11.111163 1.791652 -0.641145 3.621084 3.621084 
564.000000 83 2.000000 0.335980 12.867020 3.359794 -7.925533 74.102283 74.102283 
564.000000 84 2.000000 0.309731 5.611888 -0.662373 -7.949399 63.631686 63.631686 
564.000000 85 2.000000 0.299350 2.826321 5.986974 4.710533 58.032984 58.032984 
564.000000 86 2.000000 0.410835 8.496343 4.108337 1.537602 19.242652 19.242652 
564.000000 87 2.000000 0.318166 18.425523 6.363299 1.626245 43.136243 43.136243 
564.000000 88 2.000000 0.593943 8.086849 1.979807 -3.219770 14.286554 14.286554 
564.000000 89 2.000000 0.878359 12.753940 4.391788 3.056062 28.627323 28.627323 
564.000000 90 2.000000 0.850653 16.337343 -2.986925 3.577809 21.722439 21.722439 
564.000000 91 2.000000 0.923816 3.480732 4.619073 0.958164 22.253909 22.253909 
564.000000 92 2.000000 0.127251 13.730022 2.545003 -3.436652 18.287612 18.287612 
564.000000 93 2.000000 0.546232 13.818100 2.731156 7.282353 60.491877 60.491877 
564.000000 94 2.000000 0.449976 0.789957 -1.571494 1.755459 5.551230 5.551230 
564.000000 95 2.000000 0.111038 15.873572 2.220733 1.308151 6.642915 6.642915 
564.000000 96 2.000000 0.043456 14.957782 -2.125651 1.577871 7.008072 7.008072 
564.000000 97 2.000000 0.999999 6.157372 -3.765723 -6.326780 54.208809 54.208809 
564.000000 98 2.000000 0.296026 19.863735 5.920508 2.667863 42.169907 42.169907 
564.000000 99 2.000000 0.140622 7.581641 -5.729182 -5.768156 66.095141 66.095141 
564.000000 100 2.000000 0.787895 8.412373 -4.242084 0.787206 18.614973 18.614973 
564.000000 101 2.000000 0.248761 0.370150 1.658402 -1.115643 3.994958 3.994958 
564.000000 102 2.000000 0.999999 10.087431 -3.854429 -0.812926 15.517473 15.517473 
564.000000 103 2.000000 0.708382 15.025960 -1.166466 -2.541756 7.821166 7.821166 
564.000000 104 2.000000 0.499144 1.724633 -1.113012 -2.155085 5.883187 5.883187 
564.000000 105 2.000000 0.299285 4.424977 0.053132 -2.378318 5.659217 5.659217 
564.000000 106 2.000000 0.239074 5.868854 -1.521850 -3.871547 17.304900 17.304900 
564.000000 107 2.000000 0.084512 0.626503 -4.577433 -4.274498 39.224225 39.224225 
564.000000 108 2.000000 0.194511 6.361549 -3.221954 3.635170 23.595451 23.595451 
564.000000 109 2.000000 0.266434 9.784873 5.328665 -2.375611 34.038194 34.038194 
564.000000 110 2.000000 0.651969 5.637174 -6.960609 -2.123392 52.958875 52.958875 
564.000000 111 2.000000 0.250006 11.533546 -0.789467 -1.129218 1.898391 1.898391 
564.000000 112 2.000000 0.459364 5.116978 -1.544670 -0.845281 3.100506 3.100506 
564.000000 113 2.000000 0.808997 0.285881 1.348327 5.717606 34.509008 34.509008 
564.000000 114 2.000000 0.515665 10.157845 1.473325 1.544360 4.555736 4.555736 
564.000000 115 2.000000 0.000001 11.795699 5.744277 -0.993952 33.984656 33.984656 
564.000000 116 2.000000 0.461012 1.476171 -5.389872 -1.930666 32.778191 32.778191 
564.000000 117 2.000000 0.426914 15.428849 4.269131 -3.047434 27.512327 27.512327 
564.000000 118 2.000000 0.822554 2.673410 0.115949 0.141674 0.033516 0.033516 
564.000000 119 2.000000 0.270960 4.242914 -2.916155 -0.421133 8.681314 8.681314 
564.000000 120 2.000000 0.772740 2.084773 2.575798 0.106137 6.645999 6.645999 
564.000000 121 2.000000 0.276870 7.378471 2.533524 -2.155208 11.063666 11.063666 
564.000000 122 2.000000 0.219825 8.312101 -2.229069 -2.782833 12.712910 12.712910 
564.000000 123 2.000000 0.000001 19.682360 4.830595 -6.352772 63.692365 63.692365 
564.000000 124 2.000000 0.000001 8.140889 4.352628 3.992220 34.883192 34.883192 
564.000000 125 2.000000 0.572191 18.819160 -2.852052 0.357431 8.261958 8.261958 
564.000000 126 2.000000 0.726782 16.413541 -2.732173 3.190982 17.647135 17.647135 
564.000000 127 2.000000 0.865475 11.263656 -0.904371 5.333557 29.264718 29.264718 
564.000000 128 2.000000 0.000001 7.548952 7.385257 1.041854 55.627478 55.627478 
564.000000 129 2.000000 0.494612 10.096000 -5.053872 0.830776 26.231814 26.231814 
564.000000 130 2.000000 0.604291 14.653132 6.042904 -4.112974 53.433250 53.433250 
564.000000 131 2.000000 0.728438 14.111344 3.642185 -1.569638 15.729274 15.729274 
564.000000 132 2.000000 0.435187 3.426248 4.351862 -2.894339 27.315905 27.315905 
564.000000 133 2.000000 0.309643 3.937937 -1.725891 1.139208 4.276495 4.276495 
564.000000 134 2.000000 0.000001 19.437418 6.428448 -1.406453 43.303049 43.303049 
564.000000 135 2.000000 0.444467 14.688569 -3.703544 4.165845 31.070505 31.070505 
564.000000 136 2.000000 0.708280 9.867376 -5.834377 -3.903542 49.277594 49.277594 
564.000000 137 2.000000 0.152050 18.643566 0.380122 2.588320 6.843893 6.843893 
564.000000 138 2.000000 0.504371 1.701518 1.120823 0.465091 1.472553 1.472553 
564.000000 139 2.000000 0.745508 6.970969 1.491015 -1.719102 5.178438 5.178438 
564.000000 140 2.000000 0.975495 3.026854 0.780396 0.824075 1.288117 1.288117 
564.000000 141 2.000000 0.527789 4.288627 5.277877 -3.540123 40.388456 40.388456 
564.000000 142 2.000000 0.071406 10.192581 1.428106 6.741448 47.486603 47.486603 
564.000000 143 2.000000 0.696546 16.339539 4.643632 2.021352 25.649185 25.649185 
564.000000 144 2.000000 0.000001 18.336012 2.766224 -0.323410 7.756587 7.756587 
564.000000 145 2.000000 0.538870 9.161419 -9.222584 1.747523 88.109901 88.109901 
564.000000 146 2.000000 0.923780 5.382830 2.712723 -5.977337 43.087428 43.087428 
564.000000 147 2.000000 0.493879 12.800565 -5.061204 -0.548782 25.916944 25.916944 
564.000000 148 2.000000 0.134038 2.476158 -2.886538 7.074735 58.383979 58.383979 
564.000000 149 2.000000 0.999999 7.560362 -8.857756 -3.065559 87.857490 87.857490 
564.000000 150 2.000000 0.113664 0.977537 -3.052921 -1.996093 13.304715 13.304715 
564.000000 151 2.000000 0.393165 15.923483 0.714844 3.108207 10.171950 10.171950 
564.000000 152 2.000000 0.848873 17.292360 -1.511259 0.044318 2.285868 2.285868 
564.000000 153 2.000000 0.917832 3.945922 -0.821667 -2.456715 6.710587 6.710587 
564.000000 154 2.000000 0.678923 16.060919 -1.605382 -0.794376 3.208285 3.208285 
564.000000 155 2.000000 0.155606 18.254281 -2.814643 0.025713 7.922876 7.922876 
564.000000 156 2.000000 0.000001 12.880148 1.649147 0.907528 3.543291 3.543291 
564.000000 157 2.000000 0.549008 4.841685 2.745036 -3.483587 19.670605 19.670605 
564.000000 158 2.000000 0.831534 18.233595 5.543554 -4.416010 50.232134 50.232134 
564.000000 159 2.000000 0.979902 11.730336 4.899503 2.965260 32.797897 32.797897 
564.000000 160 2.000000 0.327149 17.854547 -1.839615 2.235055 8.379655 8.379655 
564.000000 161 2.000000 0.185489 6.308139 -4.072550 -4.117629 33.540533 33.540533 
564.000000 162 2.000000 0.626415 6.737027 -3.735835 -1.431522 16.005721 16.005721 
564.000000 163 2.000000 0.000001 16.986097 4.115612 0.918250 17.781444 17.781444 
564.000000 164 2.000000 0.979707 8.845094 2.177124 0.771071 5.334419 5.334419 
564.000000 165 2.000000 0.207670 19.394916 1.384462 -2.926216 10.479475 10.479475 
564.000000 166 2.000000 0.915931 12.909705 2.247221 -3.058619 14.405155 14.405155 
564.000000 167 2.000000 0.545927 14.876651 -4.540717 1.016462 21.651308 21.651308 
564.000000 168 2.000000 0.223582 17.393200 -1.194488 -6.516997 43.898049 43.898049 
564.000000 169 2.000000 0.075888 12.728791 -3.696444 5.303663 41.792537 41.792537 
564.000000 170 2.000000 0.659234 3.619190 -0.619573 2.585135 7.066793 7.066793 
564.000000 171 2.000000 0.763992 17.710012 7.639910 3.580163 71.185789 71.185789 
564.000000 172 2.000000 0.488931 14.457469 -1.460193 -1.087308 3.314402 3.314402 
564.000000 173 2.000000 0.999999 14.018256 -4.525966 -3.412585 32.130099 32.130099 
564.000000 174 2.000000 0.034992 12.300661 -6.433380 2.060589 45.634403 45.634403 
564.000000 175 2.000000 0.368575 14.652093 -5.903150 -3.207360 45.134341 45.134341 
564.000000 176 2.000000 0.621975 11.192732 -1.512097 -2.810530 10.185515 10.185515 
564.000000 177 2.000000 0.000001 1.898063 2.633118 -2.088362 11.294563 11.294563 
564.000000 178 2.000000 0.302294 15.657517 -3.488526 -1.608327 14.756529 14.756529 
564.000000 179 2.000000 0.492929 17.707406 1.971714 1.197494 5.321646 5.321646 
564.000000 180 2.000000 0.183486 7.616191 -0.014235 0.525384 0.276231 0.276231 
564.000000 181 2.000000 0.786096 9.462525 -0.713011 4.731262 22.893224 22.893224 
564.000000 182 2.000000 0.895332 3.509809 0.746109 -2.105654 4.990459 4.990459 
564.000000 183 2.000000 0.746268 18.207689 -5.074614 -2.108600 30.197897 30.197897 
564.000000 184 2.000000 0.737502 13.519481 0.745218 4.791516 23.513979 23.513979 
564.000000 185 2.000000 0.392262 0.798725 2.615075 5.324828 35.192414 35.192414 
564.000000 186 2.000000 0.592151 9.672367 1.184300 1.837111 4.777543 4.777543 
564.000000 187 2.000000 0.069252 4.102211 -4.653733 -3.743629 35.671992 35.671992 
564.000000 188 2.000000 0.129814 3.009702 -0.554220 -3.076443 9.771663 9.771663 
564.000000 189 2.000000 0.000001 17.280529 5.469943 2.476042 36.051062 36.051062 
564.000000 190 2.000000 0.610979 9.472303 2.443910 1.321224 7.718331 7.718331 
564.000000 191 2.000000 0.834587 8.182423 -3.308234 4.312731 29.544067 29.544067 
564.000000 192 2.000000 0.999999 16.567102 -7.136994 4.580177 71.914703 71.914703 
564.000000 193 2.000000 0.999999 4.160002 -2.773529 2.377143 13.343271 13.343271 
564.000000 194 2.000000 0.687482 17.081845 -3.125165 -2.333654 15.212599 15.212599 
564.000000 195 2.000000 0.659462 7.875823 3.297306 0.071973 10.877405 10.877405 
564.000000 196 2.000000 0.819041 13.081394 1.541775 0.463224 2.591645 2.591645 
564.000000 197 2.000000 0.528852 0.359267 -3.140977 3.592658 22.772932 22.772932 
564.000000 198 2.000000 0.559242 12.024606 -0.333375 -1.711746 3.041213 3.041213 
564.000000 199 2.000000 0.060704 6.090608 -3.757179 -4.358176 33.110094 33.110094 
564.000000 200 2.000000 0.717282 14.875494 3.586405 3.370269 24.221016 24.221016 
564.000000 201 2.000000 0.750918 9.160066 0.938647 3.757301 14.998371 14.998371 
564.000000 202 2.000000 0.975737 12.928845 6.504904 2.852845 50.452492 50.452492 
564.000000 203 2.000000 0.782973 16.358345 -1.446839 3.761036 16.238737 16.238737 
564.000000 204 2.000000 0.346711 3.502428 -1.451750 -0.592427 2.458548 2.458548 
564.000000 205 2.000000 0.978541 9.280812 1.630900 -4.401196 22.030359 22.030359 
564.000000 206 2.000000 0.553948 14.277524 -2.973674 4.102795 25.675669 25.675669 
564.000000 207 2.000000 0.262989 15.271098 5.259764 -1.686092 30.508023 30.508023 
564.000000 208 2.000000 0.795305 6.486038 1.767342 3.381744 14.559691 14.559691 
564.000000 209 2.000000 0.108011 14.526584 -0.904528 -0.193866 0.855756 0.855756 
564.000000 210 2.000000 0.543271 4.173029 5.432696 -2.187862 34.300919 34.300919 
564.000000 211 2.000000 0.411380 4.734956 -5.886191 7.284546 87.711854 87.711854 
564.000000 212 2.000000 0.393714 16.270823 -3.031426 -5.737194 42.104938 42.104938 
564.000000 213 2.000000 0.777638 0.672255 -4.447211 3.361268 31.075804 31.075804 
564.000000 214 2.000000 0.328869 8.259357 6.577363 2.047747 47.454968 47.454968 
564.000000 215 2.000000 0.822287 0.170228 3.327373 -5.234349 38.469824 38.469824 
564.000000 216 2.000000 0.517294 19.851359 -3.218032 -2.972795 19.193239 19.193239 
564.000000 217 2.000000 0.952674 12.768892 6.351150 -13.147466 213.192984 213.192984 
564.000000 218 2.000000 0.379955 19.496724 -6.200442 0.123052 38.460622 38.460622 
564.000000 219 2.000000 0.877740 11.882694 1.462898 -5.073316 27.878602 27.878602 
564.000000 220 2.000000 0.396560 1.097776 -6.034387 3.659251 49.803951 49.803951 
564.000000 221 2.000000 0.649085 4.888164 -2.339423 9.776327 101.049463 101.049463 
564.000000 222 2.000000 0.749629 0.251176 -0.834567 5.023501 25.932061 25.932061 
564.000000 223 2.000000 0.175239 19.999999 -5.498403 -2.335688 35.687877 35.687877 
564.000000 224 2.000000 0.599052 5.598987 5.990505 0.825991 36.568416 36.568416 
564.000000 225 2.000000 0.817617 18.032657 5.450772 -1.371778 31.592694 31.592694 
564.000000 226 2.000000 0.999999 3.827232 -4.385856 -0.910849 20.065379 20.065379 
564.000000 227 2.000000 0.568089 16.874634 -1.701434 -4.473436 22.906511 22.906511 
564.000000 228 2.000000 0.817360 2.381740 -3.652775 -1.875883 16.861703 16.861703 
564.000000 229 2.000000 0.379119 6.083310 2.527455 2.691389 13.631604 13.631604 
564.000000 230 2.000000 0.756086 15.535261 -4.878269 0.199103 23.837148 23.837148 
564.000000 231 2.000000 0.288579 4.725352 -2.371399 -1.951404 9.431511 9.431511 
564.000000 232 2.000000 0.102277 4.999424 -0.748102 -1.362150 2.415108 2.415108 
564.000000 233 2.000000 0.933776 8.156343 -1.324455 3.555773 14.397706 14.397706 
564.000000 234 2.000000 0.941464 16.594478 -1.170700 -3.541483 13.912639 13.912639 
564.000000 235 2.000000 0.563015 17.463381 0.662369 1.678275 3.255341 3.255341 
564.000000 236 2.000000 0.131907 6.207439 -1.964299 -1.527829 6.192734 6.192734 
564.000000 237 2.000000 0.621514 4.737252 -7.569707 6.767501 103.099542 103.099542 
564.000000 238 2.000000 0.668507 12.385936 1.068904 5.851989 35.388327 35.388327 
564.000000 239 2.000000 0.000001 3.035044 2.672344 -1.749625 10.202611 10.202611 
564.000000 240 2.000000 0.000001 17.424271 3.682851 -5.151456 40.100891 40.100891 
564.000000 241 2.000000 0.000001 10.263735 3.061136 -1.634908 12.043479 12.043479 
564.000000 242 2.000000 0.631525 11.762986 3.157618 -2.779872 17.698239 17.698239 
564.000000 243 2.000000 0.233596 17.585805 0.057604 0.045291 0.005369 0.005369 
564.000000 244 2.000000 0.795419 6.155867 0.162582 0.375856 0.167701 0.167701 
564.000000 245 2.000000 0.256431 12.491848 1.025719 -1.597479 3.604038 3.604038 
564.000000 246 2.000000 0.003571 9.982299 -0.198148 -1.536912 2.401360 2.401360 
564.000000 247 2.000000 0.679701 19.304320 0.025873 4.209392 17.719648 17.719648 
564.000000 248 2.000000 0.798061 8.950254 -4.038759 0.033939 16.312723 16.312723 
564.000000 249 2.000000 0.204547 18.644047 -5.303012 -2.191846 32.926128 32.926128 
564.000000 250 2.000000 0.627673 12.708545 3.138360 1.883862 13.398238 13.398238 
564.000000 251 2.000000 0.000001 11.007026 2.532950 8.153352 72.892980 72.892980 
564.000000 252 2.000000 0.307348 13.870922 -0.532808 1.319057 2.023796 2.023796 
564.000000 253 2.000000 0.756915 11.811433 -4.861690 3.752119 37.714427 37.714427 
564.000000 254 2.000000 0.708710 0.970530 -5.825778 2.772939 41.628887 41.628887 
564.000000 255 2.000000 0.864239 12.335679 0.261890 0.943759 0.959268 0.959268 
564.000000 256 2.000000 0.907572 19.289862 -1.848550 2.277649 8.604820 8.604820 
564.000000 257 2.000000 0.305213 15.902735 3.052120 -9.105031 92.217026 92.217026 
564.000000 258 2.000000 0.742483 11.210280 -2.575161 -1.100779 7.843171 7.843171 
564.000000 259 2.000000 0.000001 8.424650 5.388016 1.409356 31.016998 31.016998 
564.000000 260 2.000000 0.612656 19.625373 -7.746856 -2.497510 66.251336 66.251336 
564.000000 261 2.000000 0.408745 8.703730 -2.365015 2.807654 13.476220 13.476220 
564.000000 262 2.000000 0.999999 12.221840 -1.613076 4.150916 19.832122 19.832122 
564.000000 263 2.000000 0.367492 8.815986 -2.530027 4.100458 23.214793 23.214793 
564.000000 264 2.000000 0.291278 17.244090 -0.900369 -0.319394 0.912676 0.912676 
564.000000 265 2.000000 0.469981 15.084272 9.399609 1.332001 90.126883 90.126883 
564.000000 266 2.000000 0.000001 8.715024 2.083651 -7.176881 55.849228 55.849228 
564.000000 267 2.000000 0.999999 15.641784 -7.007494 -3.487570 61.268109 61.268109 
564.000000 268 2.000000 0.686573 11.247772 -2.089510 2.268297 9.511221 9.511221 
564.000000 269 2.000000 0.697324 10.557493 5.561340 -0.513144 31.191817 31.191817 
564.000000 270 2.000000 0.752870 17.913911 2.151055 -2.781450 12.363504 12.363504 
564.000000 271 2.000000 0.833173 18.060749 -3.336523 -4.121724 28.120993 28.120993 
564.000000 272 2.000000 0.525045 1.823385 5.250442 0.361314 27.697688 27.697688 
564.000000 273 2.000000 0.000001 15.112773 3.165598 3.196535 20.238849 20.238849 
564.000000 274 2.000000 0.757277 3.023205 3.786379 -4.901755 38.363874 38.363874 
564.000000 275 2.000000 0.181379 0.525796 1.209184 -3.846381 16.256770 16.256770 
564.000000 276 2.000000 0.178021 1.065047 0.508628 -5.645443 32.129729 32.129729 
564.000000 277 2.000000 0.685909 16.710593 -6.281807 -2.746660 47.005241 47.005241 
564.000000 278 2.000000 0.562673 2.180764 2.250687 -0.196124 5.104059 5.104059 
564.000000 279 2.000000 0.853694 15.148620 0.948548 -1.353194 2.730876 2.730876 
564.000000 280 2.000000 0.122088 5.488717 -2.926369 7.841023 70.045282 70.045282 
564.000000 281 2.000000 0.164870 10.549917 3.297378 2.482333 17.034683 17.034683 
564.000000 282 2.000000 0.478660 10.208504 3.191061 1.927996 13.900037 13.900037 
564.000000 283 2.000000 0.878068 8.574705 -2.438616 0.587534 6.292042 6.292042 
564.000000 284 2.000000 0.526809 4.643002 -2.365949 -3.515895 17.959235 17.959235 
564.000000 285 2.000000 0.263219 7.372729 0.734305 0.197880 0.578360 0.578360 
564.000000 286 2.000000 0.759306 12.165652 2.994371 1.411477 10.958524 10.958524 
564.000000 287 2.000000 0.262347 0.092209 -0.776476 -0.035554 0.604179 0.604179 
564.000000 288 2.000000 0.347327 19.684325 -0.154563 -0.625762 0.415467 0.415467 
564.000000 289 2.000000 0.581236 11.440689 -2.791756 4.237292 25.748548 25.748548 
564.000000 290 2.000000 0.999999 1.382013 -6.001866 3.071138 45.454292 45.454292 
564.000000 291 2.000000 0.695500 12.895599 4.636660 2.451423 27.508091 27.508091 
564.000000 292 2.000000 0.856875 2.599228 3.427498 -0.400868 11.908437 11.908437 
564.000000 293 2.000000 0.000001 9.585757 2.797293 -0.721547 8.345476 8.345476 
564.000000 294 2.000000 0.749201 5.775422 -5.015958 1.321154 26.905282 26.905282 
564.000000 295 2.000000 0.000001 5.474090 1.481357 -0.388868 2.345637 2.345637 
564.000000 296 2.000000 0.888639 0.932537 1.808424 0.889073 4.060847 4.060847 
564.000000 297 2.000000 0.261665 15.858735 -2.109527 -0.095486 4.459222 4.459222 
564.000000 298 2.000000 0.999999 2.186574 -6.986248 -5.251037 76.381054 76.381054 
564.000000 299 2.000000 0.528818 10.642703 0.188885 -1.604729 2.610834 2.610834 
564.000000 300 2.000000 0.000001 11.549290 6.023571 4.914591 60.436616 60.436616 
564.000000 301 2.000000 0.669417 8.275190 -0.466593 4.388589 19.477423 19.477423 
564.000000 302 2.000000 0.574160 13.973604 5.741585 -1.079496 34.131114 34.131114 
564.000000 303 2.000000 0.975339 14.172633 1.773342 6.426136 44.439970 44.439970 
564.000000 304 2.000000 0.399749 6.446216 -4.001666 2.685923 23.227514 23.227514 
564.000000 305 2.000000 0.261118 7.108773 1.305585 2.787754 9.476123 9.476123 
564.000000 306 2.000000 0.037536 3.065036 -1.069404 -1.815451 4.439486 4.439486 
564.000000 307 2.000000 0.124570 1.770742 -1.167239 -2.515486 7.690114 7.690114 
564.000000 308 2.000000 0.935493 0.265812 -1.290117 -0.779929 2.272692 2.272692 
564.000000 309 2.000000 0.999999 8.278993 -5.091599 1.563415 28.368648 28.368648 
564.000000 310 2.000000 0.508768 5.361535 -0.893147 -4.182418 18.290334 18.290334 
564.000000 311 2.000000 0.914463 9.807222 4.572309 -1.021925 21.950344 21.950344 
564.000000 312 2.000000 0.676931 10.199910 0.846162 -2.650052 7.738766 7.738766 
564.000000 313 2.000000 0.385521 15.002621 -6.144778 -0.579258 38.093832 38.093832 
564.000000 314 2.000000 0.000001 17.073033 5.249229 3.581791 40.383635 40.383635 
564.000000 315 2.000000 0.999999 4.373553 -5.216596 5.831403 61.218136 61.218136 
564.000000 316 2.000000 0.999999 16.971062 -4.160374 -1.752105 20.378582 20.378582 
564.000000 317 2.000000 0.792426 7.682599 2.264071 -0.049946 5.128514 5.128514 
564.000000 318 2.000000 0.694196 15.195403 2.776780 1.811519 10.992107 10.992107 
564.000000 319 2.000000 0.599740 19.206644 -1.334197 -3.966773 17.515373 17.515373 
564.000000 320 2.000000 0.649408 12.713538 -3.505905 0.009421 12.291459 12.291459 
564.000000 321 2.000000 0.235594 15.070935 -1.389828 2.882414 10.239931 10.239931 
564.000000 322 2.000000 0.000001 18.973144 3.752548 1.899237 17.688721 17.688721 
564.000000 323 2.000000 0.901704 0.396293 -0.655303 2.641948 7.409310 7.409310 
564.000000 324 2.000000 0.999999 16.807524 -2.695137 2.499508 13.511301 13.511301 
564.000000 325 2.000000 0.871738 14.667360 -1.282613 6.525790 44.231034 44.231034 
564.000000 326 2.000000 0.191529 15.701724 -2.694899 0.309729 7.358411 7.358411 
564.000000 327 2.000000 0.279064 8.243658 2.790631 -8.708400 83.623858 83.623858 
564.000000 328 2.000000 0.589617 18.286256 -2.735881 4.811282 30.633480 30.633480 
564.000000 329 2.000000 0.306647 14.485418 -0.693352 -2.165294 5.169234 5.169234 
564.000000 330 2.000000 0.464387 8.591184 4.643864 -1.086033 22.744937 22.744937 
564.000000 331 2.000000 0.000001 8.430773 6.198796 5.810103 72.182366 72.182366 
564.000000 332 2.000000 0.999999 11.086908 -2.384221 -6.856224 52.692317 52.692317 
564.000000 333 2.000000 0.049694 4.560443 -3.167684 6.116255 47.442797 47.442797 
564.000000 334 2.000000 0.539926 13.794190 -3.067156 4.197688 27.028030 27.028030 
564.000000 335 2.000000 0.721783 12.612576 1.031118 1.743813 4.104087 4.104087 
564.000000 336 2.000000 0.317113 2.976403 -1.365772 3.501650 14.126885 14.126885 
564.000000 337 2.000000 0.810945 8.759289 -1.890541 -0.833147 4.268278 4.268278 
564.000000 338 2.000000 0.575172 7.841688 -0.404597 0.094297 0.172591 0.172591 
564.000000 339 2.000000 0.766132 16.239521 -1.169337 -0.668052 1.813644 1.813644 
564.000000 340 2.000000 0.530677 12.413775 2.122703 -2.750842 12.073001 12.073001 
564.000000 341 2.000000 0.572887 13.464224 2.864429 -1.635398 10.879480 10.879480 
564.000000 342 2.000000 0.186657 11.286344 0.331847 6.737551 45.504721 45.504721 
564.000000 343 2.000000 0.446308 14.475180 -5.536909 -0.433174 30.845004 30.845004 
564.000000 344 2.000000 0.999999 18.072255 -6.893057 2.055496 51.739295 51.739295 
564.000000 345 2.000000 0.999999 1.045867 -8.621310 -2.773736 82.020587 82.020587 
564.000000 346 2.000000 0.740219 16.009263 -5.195606 1.549281 29.394595 29.394595 
564.000000 347 2.000000 0.470845 2.636244 -2.645772 -3.816210 21.563568 21.563568 
564.000000 348 2.000000 0.249925 10.722603 2.499243 -1.170920 7.617271 7.617271 
564.000000 349 2.000000 0.717038 9.548538 -5.659211 -4.259132 50.166875 50.166875 
564.000000 350 2.000000 0.591894 5.175551 0.476393 -3.152250 10.163631 10.163631 
564.000000 351 2.000000 0.001673 11.283884 -0.028279 -2.312639 5.349100 5.349100 
564.000000 352 2.000000 0.246354 16.914482 0.080884 -0.762399 0.587795 0.587795 
564.000000 353 2.000000 0.374483 12.091876 -4.170106 0.769341 17.981668 17.981668 
564.000000 354 2.000000 0.726865 0.989307 1.615253 -0.142188 2.629261 2.629261 
564.000000 355 2.000000 0.631992 18.878810 -2.453377 8.701529 81.735656 81.735656 
564.000000 356 2.000000 0.256540 16.882594 -2.478198 1.439548 8.213764 8.213764 
564.000000 357 2.000000 0.147908 17.513871 -0.852091 3.709749 14.488297 14.488297 
564.000000 358 2.000000 0.934909 11.689499 -1.301808 4.575757 22.632255 22.632255 
564.000000 359 2.000000 0.588346 5.471766 -4.116526 0.973410 17.893315 17.893315 
564.000000 360 2.000000 0.000001 4.075444 5.090052 -6.131506 63.503998 63.503998 
564.000000 361 2.000000 0.700390 9.966820 1.750973 -1.058548 4.186431 4.186431 
564.000000 362 2.000000 0.236884 8.395202 -3.815577 3.118704 24.284946 24.284946 
564.000000 363 2.000000 0.325599 15.571748 6.511962 3.783361 56.719466 56.719466 
564.000000 364 2.000000 0.182780 11.447805 -1.049711 0.162910 1.128433 1.128433 
564.000000 365 2.000000 0.810340 17.087474 3.241356 4.947147 34.980654 34.980654 
564.000000 366 2.000000 0.872658 11.904973 -2.546822 -3.455317 18.425521 18.425521 
564.000000 367 2.000000 0.454254 10.891686 0.567816 -0.450081 0.524988 0.524988 
564.000000 368 2.000000 0.551564 14.504509 3.677088 2.279879 18.718825 18.718825 
564.000000 369 2.000000 0.354853 19.962005 1.774258 4.274631 21.420462 21.420462 
564.000000 370 2.000000 0.447194 8.459749 0.993762 -5.428904 30.460561 30.460561 
564.000000 371 2.000000 0.795512 6.411986 -2.044867 0.998512 5.178507 5.178507 
564.000000 372 2.000000 0.755165 13.699138 1.510329 1.102514 3.496630 3.496630 
564.000000 373 2.000000 0.310633 11.082597 0.550740 7.089561 50.565192 50.565192 
564.000000 374 2.000000 0.855789 11.278291 -0.875703 0.988534 1.744055 1.744055 
564.000000 375 2.000000 0.263799 19.009813 -1.032709 1.017768 2.102339 2.102339 
564.000000 376 2.000000 0.667511 12.887789 -3.324878 2.074572 15.358659 15.358659 
564.000000 377 2.000000 0.726469 18.165372 -0.911766 -1.358983 2.678152 2.678152 
564.000000 378 2.000000 0.439773 16.160156 -3.734838 -2.324007 19.350021 19.350021 
564.000000 379 2.000000 0.404150 12.639117 2.694326 -1.668296 10.042604 10.042604 
564.000000 380 2.000000 0.985926 1.702114 1.282690 -2.557133 8.184225 8.184225 
564.000000 381 2.000000 0.002977 3.798391 -4.971239 -7.895288 87.048793 87.048793 
564.000000 382 2.000000 0.560575 0.685924 -2.197119 -2.049255 9.026778 9.026778 
564.000000 383 2.000000 0.842478 4.116044 -3.150418 3.430036 21.690280 21.690280 
564.000000 384 2.000000 0.829180 1.232957 -3.416375 -3.638677 24.911587 24.911587 
564.000000 385 2.000000 0.659348 9.253596 -2.271004 1.567493 7.614494 7.614494 
564.000000 386 2.000000 0.510373 5.671739 1.701239 -3.823520 17.513519 17.513519 
564.000000 387 2.000000 0.216037 0.515976 1.440238 3.439836 13.906758 13.906758 
564.000000 388 2.000000 0.171996 17.923822 -2.365722 2.489420 11.793850 11.793850 
564.000000 389 2.000000 0.515557 15.820300 2.577780 -3.096074 16.230620 16.230620 
564.000000 390 2.000000 0.545433 13.643977 -9.091315 4.097147 99.438621 99.438621 
564.000000 391 2.000000 0.059131 13.244549 -1.710668 -1.228264 4.435017 4.435017 
564.000000 392 2.000000 0.000001 9.550456 5.197208 -0.577012 27.343914 27.343914 
564.000000 393 2.000000 0.805100 8.088613 4.025494 -1.957598 20.036787 20.036787 
564.000000 394 2.000000 0.286121 14.023065 -1.708894 -0.531651 3.202972 3.202972 
564.000000 395 2.000000 0.561005 11.205664 3.740024 0.383008 14.134473 14.134473 
564.000000 396 2.000000 0.227987 15.091268 -3.088049 -1.692666 12.401167 12.401167 
564.000000 397 2.000000 0.991196 19.441347 -0.035213 5.788862 33.512167 33.512167 
564.000000 398 2.000000 0.169398 2.526317 -2.768671 5.614036 39.182934 39.182934 
564.000000 399 2.000000 0.499430 5.872645 -2.502845 -0.444310 6.461645 6.461645 
564.000000 400 2.000000 0.208230 5.508433 2.082288 -0.148465 4.357966 4.357966 
564.000000 401 2.000000 0.332059 1.054879 2.213723 -7.029853 54.319410 54.319410 
564.000000 402 2.000000 0.786536 15.197170 1.048714 -4.366208 20.163577 20.163577 
564.000000 403 2.000000 0.552773 9.472846 1.381931 5.556794 32.787687 32.787687 
564.000000 404 2.000000 0.753749 5.929411 -4.925004 0.502750 24.508420 24.508420 
564.000000 405 2.000000 0.816495 14.373214 -3.670070 4.794584 36.457448 36.457448 
564.000000 406 2.000000 0.703290 10.596791 3.634465 -2.219316 18.134699 18.134699 
564.000000 407 2.000000 0.106244 0.768262 1.062434 -2.102992 5.551340 5.551340 
564.000000 408 2.000000 0.323486 19.573118 -0.946511 -3.087013 10.425533 10.425533 
564.000000 409 2.000000 0.009922 10.549834 -2.828791 0.269441 8.074656 8.074656 
564.000000 410 2.000000 0.791131 8.316936 -4.177353 1.487767 19.663726 19.663726 
564.000000 411 2.000000 0.439008 10.824011 -1.869971 2.725376 10.924464 10.924464 
564.000000 412 2.000000 0.483248 13.780269 0.805412 1.804429 3.904650 3.904650 
564.000000 413 2.000000 0.575019 11.381962 2.875092 5.527019 38.814096 38.814096 
564.000000 414 2.000000 0.132059 2.838253 2.641169 -0.997080 7.969940 7.969940 
564.000000 415 2.000000 0.673985 8.073262 -6.520279 1.161463 43.863032 43.863032 
564.000000 416 2.000000 0.584189 10.533633 -2.772064 -3.862482 22.603105 22.603105 
564.000000 417 2.000000 0.003748 7.798902 -1.423216 0.274025 2.100633 2.100633 
564.000000 418 2.000000 0.325612 18.765363 3.256109 0.369406 10.738707 10.738707 
564.000000 419 2.000000 0.999999 16.370570 -4.815322 -3.808596 37.692725 37.692725 
564.000000 420 2.000000 0.000001 18.529585 4.172387 -3.672130 30.893357 30.893357 
564.000000 421 2.000000 0.371855 19.617946 1.487417 -2.547018 8.699706 8.699706 
564.000000 422 2.000000 0.253880 17.372312 5.077581 -2.923377 34.327967 34.327967 
564.000000 423 2.000000 0.000001 0.547161 2.806733 -7.074357 57.924270 57.924270 
564.000000 424 2.000000 0.000001 0.357432 2.891915 7.148627 59.466040 59.466040 
564.000000 425 2.000000 0.179021 13.474246 -0.114141 -0.866413 0.763699 0.763699 
564.000000 426 2.000000 0.554138 15.933455 1.583248 -1.474991 4.682271 4.682271 
564.000000 427 2.000000 0.496579 0.144927 -3.356134 -1.745359 14.309912 14.309912 
564.000000 428 2.000000 0.744252 8.234298 1.860628 3.923769 18.857900 18.857900 
564.000000 429 2.000000 0.334935 3.950104 6.698689 2.926002 53.433926 53.433926 
564.000000 430 2.000000 0.290811 17.478655 -2.836752 2.507381 14.334123 14.334123 
564.000000 431 2.000000 0.161231 8.532656 -4.193838 -1.414171 19.588160 19.588160 
564.000000 432 2.000000 0.203240 16.186801 4.064790 0.234750 16.577624 16.577624 
564.000000 433 2.000000 0.000001 12.282657 2.754487 -3.171908 17.648196 17.648196 
564.000000 434 2.000000 0.354102 2.716305 2.360675 -0.078173 5.578900 5.578900 
564.000000 435 2.000000 0.942158 7.746405 3.768628 -3.644783 27.486998 27.486998 
564.000000 436 2.000000 0.713659 8.111047 -5.726791 -8.556529 106.010322 106.010322 
564.000000 437 2.000000 0.835597 3.000658 -3.288039 -1.273583 12.433212 12.433212 
564.000000 438 2.000000 0.244965 9.539766 0.544365 -2.628510 7.205399 7.205399 
564.000000 439 2.000000 0.369148 11.845106 -4.205673 -3.298910 28.570491 28.570491 
564.000000 440 2.000000 0.336061 9.271940 -0.016173 2.135558 4.560871 4.560871 
564.000000 441 2.000000 0.870340 4.531581 1.085109 -2.240571 6.197620 6.197620 
564.000000 442 2.000000 0.215907 15.427469 4.318121 -6.450079 60.249691 60.249691 
564.000000 443 2.000000 0.332633 5.686542 -0.301430 -0.583743 0.431616 0.431616 
564.000000 444 2.000000 0.488503 17.436884 -2.557479 6.598348 50.078896 50.078896 
564.000000 445 2.000000 0.716265 11.184994 -5.674677 0.971631 33.146026 33.146026 
564.000000 446 2.000000 0.000001 12.583507 4.039707 -5.933194 51.522018 51.522018 
564.000000 447 2.000000 0.925508 0.682120 3.702029 4.547461 34.384425 34.384425 
564.000000 448 2.000000 0.000001 17.292929 1.679621 2.569963 9.425837 9.425837 
564.000000 449 2.000000 0.575197 11.149615 2.875981 -6.110696 45.611875 45.611875 
564.000000 450 2.000000 0.086108 10.210394 -2.611117 1.308460 8.529999 8.529999 
564.000000 451 2.000000 0.263743 16.245566 5.274834 -2.519433 34.171423 34.171423 
564.000000 452 2.000000 0.583533 12.211325 -1.041164 3.213506 11.410646 11.410646 
564.000000 453 2.000000 0.602267 11.259637 -2.651549 -4.633101 28.496338 28.496338 
564.000000 454 2.000000 0.422650 2.488514 -5.773492 1.417496 35.342508 35.342508 
564.000000 455 2.000000 0.582700 8.365386 3.884658 -1.637907 17.773310 17.773310 
564.000000 456 2.000000 0.132084 3.690154 1.320831 3.690153 15.361821 15.361821 
564.000000 457 2.000000 0.000001 5.274983 3.815045 0.207868 14.597780 14.597780 
564.000000 458 2.000000 0.241980 17.709027 -2.165769 1.232818 6.210397 6.210397 
564.000000 459 2.000000 0.136624 9.337705 0.683114 -0.232052 0.520493 0.520493 
564.000000 460 2.000000 0.301077 1.510578 -4.659480 0.140106 21.730385 21.730385 
564.000000 461 2.000000 0.370569 14.658332 -1.453491 1.211611 3.580637 3.580637 
564.000000 462 2.000000 0.801070 14.157079 3.204277 1.328923 12.033427 12.033427 
564.000000 463 2.000000 0.000001 19.265284 4.643371 0.242560 21.619730 21.619730 
564.000000 464 2.000000 0.584507 9.793865 -1.187119 4.753383 24.003899 24.003899 
564.000000 465 2.000000 0.217021 5.918313 4.340392 -0.069504 18.843835 18.843835 
564.000000 466 2.000000 0.999999 0.621351 -1.474592 -0.898582 2.981871 2.981871 
564.000000 467 2.000000 0.559653 12.282573 -0.880692 3.223989 11.169727 11.169727 
564.000000 468 2.000000 0.394671 16.390428 1.287476 -0.943703 2.548170 2.548170 
564.000000 469 2.000000 0.173643 13.804830 -1.836348 -3.385116 14.831180 14.831180 
564.000000 470 2.000000 0.479541 14.222244 -5.204580 1.230569 28.601951 28.601951 
564.000000 471 2.000000 0.432681 5.184475 -0.840312 -2.796874 8.528630 8.528630 
564.000000 472 2.000000 0.999999 13.958078 -4.882409 -4.833537 47.200996 47.200996 
564.000000 473 2.000000 0.243428 10.302205 -1.891428 -2.263376 8.700369 8.700369 
564.000000 474 2.000000 0.845367 8.328864 -0.773160 0.622448 0.985218 0.985218 
564.000000 475 2.000000 0.577756 15.604637 5.777546 -2.558956 39.928288 39.928288 
564.000000 476 2.000000 0.345424 10.260161 1.546531 7.174097 53.859433 53.859433 
564.000000 477 2.000000 0.585312 7.918844 3.902074 7.198948 67.051033 67.051033 
564.000000 478 2.000000 0.875826 2.279578 3.503299 2.532864 18.688504 18.688504 
564.000000 479 2.000000 0.064427 14.193195 -3.742290 3.496845 26.232659 26.232659 
564.000000 480 2.000000 0.034771 9.019286 -1.484966 -2.240962 7.227034 7.227034 
564.000000 481 2.000000 0.886127 13.821794 4.430628 0.661354 20.067852 20.067852 
564.000000 482 2.000000 0.214142 1.750034 2.141415 0.284772 4.666752 4.666752 
564.000000 483 2.000000 0.534381 6.054061 1.526801 3.561212 15.013351 15.013351 
564.000000 484 2.000000 0.623506 5.925817 0.474871 2.116551 4.705289 4.705289 
564.000000 485 2.000000 0.335454 9.753960 0.670907 -3.316133 11.446853 11.446853 
564.000000 486 2.000000 0.353255 0.169902 -6.467442 -3.504655 54.110409 54.110409 
564.000000 487 2.000000 0.793390 14.711762 -4.132178 4.897541 41.060802 41.060802 
564.000000 488 2.000000 0.678375 2.043164 0.686797 5.235174 27.878741 27.878741 
564.000000 489 2.000000 0.000001 8.588956 8.408061 -1.215963 72.174063 72.174063 
564.000000 490 2.000000 0.631877 7.101403 -3.681219 0.219033 13.599351 13.599351 
564.000000 491 2.000000 0.603960 0.334235 -3.960392 0.477477 15.912689 15.912689 
564.000000 492 2.000000 0.273608 18.389614 -1.785227 -1.077536 4.348119 4.348119 
564.000000 493 2.000000 0.827075 15.403326 0.091406 -2.285289 5.230900 5.230900 
564.000000 494 2.000000 0.000001 19.542288 2.673237 -1.017136 8.180763 8.180763 
564.000000 495 2.000000 0.184631 8.998572 3.692591 6.219219 52.313921 52.313921 
564.000000 496 2.000000 0.608972 16.655471 1.739917 -6.080961 40.005397 40.005397 
564.000000 497 2.000000 0.022468 8.046369 -0.501298 2.554403 6.776272 6.776272 
564.000000 498 2.000000 0.999999 17.642663 -8.241830 1.790505 71.133665 71.133665 
564.000000 499 2.000000 0.366610 10.416197 -1.809684 -4.516549 23.674174 23.674174 
564.000000 500 2.000000 0.251230 18.091861 5.024582 5.575216 56.329462 56.329462 
