332.500000 1 2.000000 0.612774 2.822716 2.451093 -0.014530 6.008067 6.008067 
332.500000 2 2.000000 6.434581 13.976300 0.094176 -0.918739 0.852950 0.852950 
332.500000 3 2.000000 4.780981 11.657858 -0.483520 0.445807 0.432536 0.432536 
332.500000 4 2.000000 5.065134 1.662763 0.964787 -0.365382 1.064319 1.064319 
332.500000 5 2.000000 6.777120 7.817409 -0.729623 -0.028369 0.533154 0.533154 
332.500000 6 2.000000 1.210494 18.478934 0.896661 0.990828 1.785741 1.785741 
332.500000 7 2.000000 2.862402 19.654336 -1.402423 -0.987608 2.942161 2.942161 
332.500000 8 2.000000 4.127090 18.229767 -0.582186 0.992651 1.324296 1.324296 
332.500000 9 2.000000 1.729929 13.429123 0.108459 0.408442 0.178588 0.178588 
332.500000 10 2.000000 5.887840 0.718425 1.183542 -0.348110 1.521953 1.521953 
332.500000 11 2.000000 7.322280 15.431071 0.938884 0.531657 1.164162 1.164162 
332.500000 12 2.000000 1.151099 15.484845 -1.153344 -0.210348 1.374448 1.374448 
332.500000 13 2.000000 5.048721 17.651165 -0.158832 -0.503055 0.278292 0.278292 
332.500000 14 2.000000 3.762013 2.478884 -0.213755 0.165259 0.073002 0.073002 
332.500000 15 2.000000 4.102270 0.748823 0.489716 0.750135 0.802524 0.802524 
332.500000 16 2.000000 1.410160 6.436963 0.329537 0.590017 0.456714 0.456714 
332.500000 17 2.000000 0.741773 1.871795 -0.898159 -1.158352 2.148469 2.148469 
332.500000 18 2.000000 6.460518 11.855506 -0.661780 0.180886 0.470672 0.470672 
332.500000 19 2.000000 4.838595 18.820523 1.067510 1.507003 3.410636 3.410636 
332.500000 20 2.000000 7.275086 0.280258 2.108720 0.700642 4.937601 4.937601 
332.500000 21 2.000000 4.779339 10.636873 0.298255 -1.256795 1.668491 1.668491 
332.500000 22 2.000000 6.081750 1.915650 0.827449 -1.238654 2.218935 2.218935 
332.500000 23 2.000000 1.128653 1.276750 2.257303 -1.635218 7.769356 7.769356 
332.500000 24 2.000000 0.945533 11.652271 -1.215884 0.030529 1.479305 1.479305 
332.500000 25 2.000000 4.342136 2.157748 0.608814 0.178601 0.402553 0.402553 
332.500000 26 2.000000 1.296503 14.036394 1.296502 -1.157982 3.021838 3.021838 
332.500000 27 2.000000 4.030326 12.296564 1.366212 1.756652 4.952361 4.952361 
332.500000 28 2.000000 1.750895 14.098130 -2.156530 -0.413914 4.821945 4.821945 
332.500000 29 2.000000 5.724457 12.582861 -0.113776 -0.209923 0.057012 0.057012 
332.500000 30 2.000000 4.918454 4.878678 -1.624575 0.788381 3.260787 3.260787 
332.500000 31 2.000000 3.093808 18.356022 1.767890 -0.199558 3.165258 3.165258 
332.500000 32 2.000000 3.603195 9.916009 0.036814 -1.229755 1.513652 1.513652 
332.500000 33 2.000000 6.960915 8.501431 -1.048211 0.929118 1.962007 1.962007 
332.500000 34 2.000000 0.380996 5.837450 0.155508 -0.023353 0.024728 0.024728 
332.500000 35 2.000000 1.756940 12.835118 1.301436 1.191703 3.113892 3.113892 
332.500000 36 2.000000 2.640162 17.237794 0.776518 1.649550 3.323994 3.323994 
332.500000 37 2.000000 5.585645 12.725405 -0.885311 -0.112668 0.796470 0.796470 
332.500000 38 2.000000 7.048258 4.107514 0.255705 0.547668 0.365326 0.365326 
332.500000 39 2.000000 0.831138 7.559896 1.846971 -0.376127 3.552773 3.552773 
332.500000 40 2.000000 5.977368 10.030468 1.867927 0.483439 3.722865 3.722865 
332.500000 41 2.000000 2.803941 1.399756 0.389436 0.040048 0.153264 0.153264 
332.500000 42 2.000000 0.141068 15.491729 0.003607 -2.199156 4.836300 4.836300 
332.500000 43 2.000000 0.561165 19.162734 -0.945178 1.240306 2.431721 2.431721 
332.500000 44 2.000000 1.731770 11.074995 -0.092758 -0.370265 0.145700 0.145700 
332.500000 45 2.000000 5.181712 13.439109 -0.804066 -0.593746 0.999056 0.999056 
332.500000 46 2.000000 4.057655 10.850269 -0.897050 1.778732 3.968589 3.968589 
332.500000 47 2.000000 6.235964 15.505730 2.328363 -0.160662 5.447087 5.447087 
332.500000 48 2.000000 6.204706 10.692303 1.880214 -0.745046 4.090298 4.090298 
332.500000 49 2.000000 2.882976 12.853366 -1.011051 0.710953 1.527679 1.527679 
332.500000 50 2.000000 2.234648 3.055157 -1.304753 0.793547 2.332098 2.332098 
332.500000 51 2.000000 0.465369 19.965451 1.034152 -0.345475 1.188824 1.188824 
332.500000 52 2.000000 2.794933 10.963427 0.998190 -1.401019 2.959237 2.959237 
332.500000 53 2.000000 1.775427 10.470013 0.151369 1.394235 1.966804 1.966804 
332.500000 54 2.000000 3.771408 12.772409 1.450541 1.222240 3.597940 3.597940 
332.500000 55 2.000000 5.012200 11.103304 0.074876 -1.777704 3.165836 3.165836 
332.500000 56 2.000000 3.880983 9.387902 -0.695361 0.994321 1.472201 1.472201 
332.500000 57 2.000000 3.936312 6.381560 1.675026 -1.039576 3.886429 3.886429 
332.500000 58 2.000000 6.538301 1.496703 -1.415831 -0.482133 2.237029 2.237029 
332.500000 59 2.000000 5.403643 10.019816 1.688638 2.414413 8.680890 8.680890 
332.500000 60 2.000000 2.596113 3.099609 -0.110249 -0.075816 0.017903 0.017903 
332.500000 61 2.000000 4.051826 4.709919 -0.136648 -1.603763 2.590729 2.590729 
332.500000 62 2.000000 2.413594 11.259239 2.540624 0.798527 7.092416 7.092416 
332.500000 63 2.000000 4.276295 0.688439 -1.085018 -0.441444 1.372137 1.372137 
332.500000 64 2.000000 1.480123 0.836365 -0.295578 -1.923670 3.787872 3.787872 
332.500000 65 2.000000 0.272829 18.351887 -0.051641 -2.535557 6.431714 6.431714 
332.500000 66 2.000000 0.304789 7.013072 -1.021803 -1.793091 4.259256 4.259256 
332.500000 67 2.000000 3.624201 14.095574 -2.006841 -1.077801 5.189066 5.189066 
332.500000 68 2.000000 2.951453 10.813258 -0.258049 -1.718306 3.019166 3.019166 
332.500000 69 2.000000 2.742938 18.902688 -0.050957 0.471190 0.224617 0.224617 
332.500000 70 2.000000 7.136037 13.697143 -0.042245 0.196658 0.040459 0.040459 
332.500000 71 2.000000 6.134896 15.489493 -0.113006 -1.431907 2.063127 2.063127 
332.500000 72 2.000000 6.702924 3.003111 0.242316 0.896451 0.862341 0.862341 
332.500000 73 2.000000 6.605451 19.850501 -0.645638 1.189328 1.831350 1.831350 
332.500000 74 2.000000 1.261364 1.150762 1.834682 0.370481 3.503315 3.503315 
332.500000 75 2.000000 6.838688 10.434085 -0.454716 2.224860 5.156767 5.156767 
332.500000 76 2.000000 2.488941 1.599538 0.205512 -0.558594 0.354263 0.354263 
332.500000 77 2.000000 6.517374 2.669091 -0.643157 0.630314 0.810947 0.810947 
332.500000 78 2.000000 3.241211 3.379941 -0.954397 1.351976 2.738714 2.738714 
332.500000 79 2.000000 5.055361 0.156759 0.842560 -0.055261 0.712961 0.712961 
332.500000 80 2.000000 0.468163 11.952481 2.340810 -0.529442 5.759702 5.759702 
332.500000 81 2.000000 4.411126 10.584125 -1.725927 -0.857659 3.714404 3.714404 
332.500000 82 2.000000 6.339762 9.704365 -0.526208 0.424811 0.457360 0.457360 
332.500000 83 2.000000 4.006709 6.677487 -0.003805 0.211368 0.044691 0.044691 
332.500000 84 2.000000 4.608878 17.392150 -1.569178 -0.855033 3.193401 3.193401 
332.500000 85 2.000000 4.896614 13.096969 -1.448506 -1.220802 3.588527 3.588527 
332.500000 86 2.000000 0.680710 6.793309 0.756343 0.707636 1.072804 1.072804 
332.500000 87 2.000000 0.780595 12.412513 0.421942 -0.371026 0.315696 0.315696 
332.500000 88 2.000000 2.700260 3.695564 -2.430174 1.997602 9.896158 9.896158 
332.500000 89 2.000000 7.198616 18.222512 -0.592611 1.695117 3.224611 3.224611 
332.500000 90 2.000000 2.023843 0.489379 -0.606576 0.652504 0.793696 0.793696 
332.500000 91 2.000000 1.716284 4.726454 1.459268 -2.290710 7.376813 7.376813 
332.500000 92 2.000000 4.531364 10.957117 1.092303 -0.885449 1.977144 1.977144 
332.500000 93 2.000000 5.487611 3.971504 1.233171 -0.152302 1.543906 1.543906 
332.500000 94 2.000000 4.561359 10.422860 -0.351089 0.827881 0.808651 0.808651 
332.500000 95 2.000000 6.853113 19.175193 -0.032496 0.644481 0.416412 0.416412 
332.500000 96 2.000000 3.873282 8.210879 -0.940406 1.243932 2.431729 2.431729 
332.500000 97 2.000000 1.249844 14.496702 -0.869994 0.827297 1.441310 1.441310 
332.500000 98 2.000000 6.478976 2.470535 -0.970656 -0.051297 0.944804 0.944804 
332.500000 99 2.000000 3.437978 9.756343 -0.535091 -1.226785 1.791324 1.791324 
332.500000 100 2.000000 1.915751 13.866142 1.035541 0.716596 1.585855 1.585855 
332.500000 101 2.000000 5.936491 12.194178 1.746027 3.640053 16.298593 16.298593 
332.500000 102 2.000000 2.837660 1.840798 -2.485210 1.082822 7.348772 7.348772 
332.500000 103 2.000000 2.747562 3.544974 -1.437223 0.220185 2.114092 2.114092 
332.500000 104 2.000000 3.595929 1.013621 -0.660987 0.198749 0.476405 0.476405 
332.500000 105 2.000000 2.198720 17.620991 -1.173446 -0.991253 2.359559 2.359559 
332.500000 106 2.000000 6.836499 17.032390 -2.680501 0.892243 7.981184 7.981184 
332.500000 107 2.000000 4.844936 6.341939 0.072416 1.761649 3.108652 3.108652 
332.500000 108 2.000000 7.223497 8.704122 0.657757 -0.704917 0.929552 0.929552 
332.500000 109 2.000000 3.368216 0.235349 -1.854720 2.353475 8.978831 8.978831 
332.500000 110 2.000000 0.636612 7.876588 -2.781835 1.618733 10.358905 10.358905 
332.500000 111 2.000000 6.157480 7.809184 -0.728011 -0.738619 1.075559 1.075559 
332.500000 112 2.000000 3.094153 13.829937 1.237661 -0.145436 1.552956 1.552956 
332.500000 113 2.000000 5.497634 8.317395 -0.693216 -0.440023 0.674168 0.674168 
332.500000 114 2.000000 2.997513 11.105815 -0.201632 -0.252362 0.104342 0.104342 
332.500000 115 2.000000 3.783518 9.003861 2.802605 -1.817543 11.158059 11.158059 
332.500000 116 2.000000 5.248145 14.851747 2.385520 -1.337208 7.478832 7.478832 
332.500000 117 2.000000 6.121904 4.511343 -1.073913 1.739608 4.179525 4.179525 
332.500000 118 2.000000 1.769924 5.599938 -1.191624 -0.072145 1.425172 1.425172 
332.500000 119 2.000000 6.081697 16.066726 1.401448 0.187428 1.999186 1.999186 
332.500000 120 2.000000 2.648941 16.195974 1.687351 -1.542610 5.226801 5.226801 
332.500000 121 2.000000 1.730235 4.729764 -0.930530 -0.524987 1.141497 1.141497 
332.500000 122 2.000000 6.207762 18.283513 -1.500942 1.667124 5.032130 5.032130 
332.500000 123 2.000000 2.880872 10.774991 -2.529182 2.421346 12.259678 12.259678 
332.500000 124 2.000000 5.500209 13.995316 -0.349928 -0.298316 0.211442 0.211442 
332.500000 125 2.000000 2.174751 19.775065 -1.234115 -0.099971 1.533033 1.533033 
332.500000 126 2.000000 3.257814 9.504436 3.429277 0.279954 11.838314 11.838314 
332.500000 127 2.000000 3.031789 9.411542 1.010596 0.758995 1.597378 1.597378 
332.500000 128 2.000000 0.057211 8.124847 0.286052 0.755250 0.652229 0.652229 
332.500000 129 2.000000 0.215330 6.451734 -0.186919 0.175614 0.065779 0.065779 
332.500000 130 2.000000 7.364999 11.843224 -0.800789 0.904063 1.458592 1.458592 
332.500000 131 2.000000 3.322541 17.411451 -0.147947 0.687251 0.494202 0.494202 
332.500000 132 2.000000 3.547864 0.199916 -2.582757 0.666382 7.114696 7.114696 
332.500000 133 2.000000 4.077809 17.629709 2.548630 -1.281238 8.137083 8.137083 
332.500000 134 2.000000 3.883338 16.823132 1.362574 -1.764926 4.971573 4.971573 
332.500000 135 2.000000 4.927356 12.841294 -0.707291 1.582374 3.004169 3.004169 
332.500000 136 2.000000 3.138257 16.913478 -0.263186 -0.555444 0.377784 0.377784 
332.500000 137 2.000000 6.131645 10.467927 -0.808846 0.350387 0.777003 0.777003 
332.500000 138 2.000000 3.080651 14.742129 0.608846 0.256494 0.436483 0.436483 
332.500000 139 2.000000 5.412102 0.181345 0.377150 -0.007020 0.142291 0.142291 
332.500000 140 2.000000 4.932839 0.849743 1.808819 1.101411 4.484934 4.484934 
332.500000 141 2.000000 2.756419 4.347601 0.512603 -1.925010 3.968426 3.968426 
332.500000 142 2.000000 5.254265 3.331634 -1.019737 0.219909 1.088223 1.088223 
332.500000 143 2.000000 0.113468 14.008573 0.226934 0.408065 0.218016 0.218016 
332.500000 144 2.000000 3.322746 2.578388 0.567991 0.192417 0.359638 0.359638 
332.500000 145 2.000000 1.885193 9.685955 0.837863 0.855632 1.434120 1.434120 
332.500000 146 2.000000 2.730588 15.706877 0.958101 0.420500 1.094777 1.094777 
332.500000 147 2.000000 5.661397 2.028202 1.826257 -0.362636 3.466718 3.466718 
332.500000 148 2.000000 2.692283 6.907839 -2.786657 -0.142192 7.785674 7.785674 
332.500000 149 2.000000 5.258934 4.263879 -0.897618 0.037042 0.807091 0.807091 
332.500000 150 2.000000 3.142605 12.322861 0.655443 0.789601 1.053075 1.053075 
332.500000 151 2.000000 3.980052 16.808495 -0.558761 1.044006 1.402162 1.402162 
332.500000 152 2.000000 2.637062 2.863419 -1.266035 1.272630 3.222433 3.222433 
332.500000 153 2.000000 1.256529 15.571368 -1.148631 -0.323116 1.423757 1.423757 
332.500000 154 2.000000 4.390491 18.245988 -1.786194 -2.505730 9.469170 9.469170 
332.500000 155 2.000000 4.550824 12.122002 0.684334 1.182634 1.866937 1.866937 
332.500000 156 2.000000 4.639575 17.030024 -1.789444 -0.187120 3.237125 3.237125 
332.500000 157 2.000000 5.016873 7.744572 0.983700 -0.116099 0.981145 0.981145 
332.500000 158 2.000000 4.997851 15.529937 -1.430440 -1.039549 3.126821 3.126821 
332.500000 159 2.000000 5.888723 15.299646 -0.054350 -0.279914 0.081306 0.081306 
332.500000 160 2.000000 7.364999 11.139780 -3.501045 1.160394 13.603833 13.603833 
332.500000 161 2.000000 0.178274 3.324025 -1.362288 0.090869 1.864087 1.864087 
332.500000 162 2.000000 6.665014 17.180790 0.856611 0.511474 0.995387 0.995387 
332.500000 163 2.000000 2.033082 16.677884 0.799123 -0.853536 1.367120 1.367120 
332.500000 164 2.000000 6.375219 0.639780 -1.837601 -0.219938 3.425150 3.425150 
332.500000 165 2.000000 3.516292 6.123636 0.247470 0.042834 0.063076 0.063076 
332.500000 166 2.000000 2.878848 12.077332 1.799279 0.360073 3.367059 3.367059 
332.500000 167 2.000000 6.199066 18.270578 0.779757 -0.551793 0.912497 0.912497 
332.500000 168 2.000000 2.897982 8.625062 0.491183 1.760217 3.339623 3.339623 
332.500000 169 2.000000 0.553695 9.131668 3.691294 2.106412 18.062623 18.062623 
332.500000 170 2.000000 5.714645 15.324453 -0.545801 -2.280754 5.499739 5.499739 
332.500000 171 2.000000 4.820007 1.724802 -2.158827 1.149867 5.982729 5.982729 
332.500000 172 2.000000 3.252373 2.176039 1.971135 0.777157 4.489344 4.489344 
332.500000 173 2.000000 6.554929 4.844624 0.557866 -0.234874 0.366380 0.366380 
332.500000 174 2.000000 5.714063 6.575859 0.246542 -0.422493 0.239283 0.239283 
332.500000 175 2.000000 1.656430 4.659298 0.494456 -1.695105 3.117868 3.117868 
332.500000 176 2.000000 4.928799 16.006596 -2.358191 -0.448697 5.762393 5.762393 
332.500000 177 2.000000 3.461252 11.364007 -1.942267 -1.872057 7.277000 7.277000 
332.500000 178 2.000000 4.542937 3.834702 0.564811 -0.854973 1.049991 1.049991 
332.500000 179 2.000000 1.487863 17.243550 -1.584615 0.382397 2.657231 2.657231 
332.500000 180 2.000000 7.138418 19.941050 0.110808 -0.589485 0.359771 0.359771 
332.500000 181 2.000000 6.230864 7.233842 0.389925 -0.724253 0.676584 0.676584 
332.500000 182 2.000000 0.249096 17.465264 -2.261720 0.638205 5.522682 5.522682 
332.500000 183 2.000000 2.181361 4.299481 -1.034853 0.584035 1.412018 1.412018 
332.500000 184 2.000000 4.992030 10.936415 0.165712 -2.289767 5.270495 5.270495 
332.500000 185 2.000000 5.239335 15.690329 0.256136 1.346809 1.879501 1.879501 
332.500000 186 2.000000 6.928840 9.308691 -0.142186 -1.590200 2.548954 2.548954 
332.500000 187 2.000000 6.606488 19.495163 0.558280 -0.776671 0.914894 0.914894 
332.500000 188 2.000000 1.090790 5.878017 0.519423 0.839717 0.974924 0.974924 
332.500000 189 2.000000 1.406721 2.934412 -0.254961 -0.582701 0.404546 0.404546 
332.500000 190 2.000000 4.272752 14.023706 0.087128 -0.372355 0.146239 0.146239 
332.500000 191 2.000000 4.584717 2.069226 2.619838 1.655380 9.603831 9.603831 
332.500000 192 2.000000 2.863932 13.315750 1.507332 -0.243209 2.331201 2.331201 
332.500000 193 2.000000 6.534057 2.623244 -2.412121 -0.382048 5.964286 5.964286 
332.500000 194 2.000000 5.748107 13.532410 -0.221633 1.207643 1.507523 1.507523 
332.500000 195 2.000000 7.130368 16.797042 1.273280 1.163450 2.974858 2.974858 
332.500000 196 2.000000 1.086178 11.789099 -1.110537 -1.277506 2.865313 2.865313 
332.500000 197 2.000000 5.001627 14.013222 0.206802 1.840868 3.431563 3.431563 
332.500000 198 2.000000 1.008071 10.407203 0.272451 0.688788 0.548659 0.548659 
332.500000 199 2.000000 4.824379 13.116662 0.073879 -1.225643 1.507658 1.507658 
332.500000 200 2.000000 4.187387 17.436102 0.157718 1.031704 1.089289 1.089289 
332.500000 201 2.000000 5.844163 3.537196 -1.305363 1.218703 3.189209 3.189209 
332.500000 202 2.000000 3.286474 3.069804 -0.685719 1.183345 1.870515 1.870515 
332.500000 203 2.000000 4.596970 19.823570 0.621212 0.818291 1.055504 1.055504 
332.500000 204 2.000000 1.635469 3.936525 0.192040 0.244102 0.096465 0.096465 
332.500000 205 2.000000 3.271168 3.508249 -0.563379 0.683609 0.784718 0.784718 
332.500000 206 2.000000 5.873683 11.239390 0.148550 -0.308479 0.117226 0.117226 
332.500000 207 2.000000 0.254521 10.565767 -0.789358 -1.220536 2.112795 2.112795 
332.500000 208 2.000000 6.163220 8.929932 1.416832 0.093940 2.016237 2.016237 
332.500000 209 2.000000 2.147715 18.655260 1.022721 0.802377 1.689767 1.689767 
332.500000 210 2.000000 1.155047 15.909267 0.825033 1.047542 1.778022 1.778022 
332.500000 211 2.000000 6.942912 8.438094 -0.721573 -1.964851 4.381309 4.381309 
332.500000 212 2.000000 1.090924 8.649368 -0.723137 1.315147 2.252538 2.252538 
332.500000 213 2.000000 3.624545 14.623205 1.163271 -0.559922 1.666712 1.666712 
332.500000 214 2.000000 7.146838 13.485157 1.311346 0.401048 1.880469 1.880469 
332.500000 215 2.000000 4.081630 19.999999 -0.164777 -1.396003 1.975977 1.975977 
332.500000 216 2.000000 7.333886 13.589746 -0.660252 -0.290651 0.520410 0.520410 
332.500000 217 2.000000 5.009023 16.095307 -0.017437 2.211395 4.890574 4.890574 
332.500000 218 2.000000 1.802185 2.233161 1.638349 0.457375 2.893380 2.893380 
332.500000 219 2.000000 3.263099 0.249167 -0.153994 0.830553 0.713532 0.713532 
332.500000 220 2.000000 1.828565 10.371179 0.891982 -0.961874 1.720834 1.720834 
332.500000 221 2.000000 7.028509 2.987690 0.125597 0.740809 0.564573 0.564573 
332.500000 222 2.000000 0.814996 12.670910 -0.297903 -1.854261 3.527031 3.527031 
332.500000 223 2.000000 1.133046 0.101923 -2.929049 -0.977018 9.533895 9.533895 
332.500000 224 2.000000 1.522977 18.297065 -0.396673 -1.621842 2.787720 2.787720 
332.500000 225 2.000000 6.801361 11.790313 -0.232358 0.175004 0.084617 0.084617 
332.500000 226 2.000000 5.393011 15.008759 -0.171542 -1.663747 2.797479 2.797479 
332.500000 227 2.000000 0.826862 7.765036 0.501128 -0.055609 0.254222 0.254222 
332.500000 228 2.000000 0.355369 13.380982 1.015338 0.791071 1.656705 1.656705 
332.500000 229 2.000000 6.693219 4.855055 -0.079340 -0.586867 0.350708 0.350708 
332.500000 230 2.000000 0.570010 16.052321 0.751667 -2.796808 8.387137 8.387137 
332.500000 231 2.000000 1.639748 4.718512 -2.474277 -0.412456 6.292166 6.292166 
332.500000 232 2.000000 4.169951 12.873436 -0.095243 0.717126 0.523341 0.523341 
332.500000 233 2.000000 2.421696 8.148957 -1.632614 0.740814 3.214234 3.214234 
332.500000 234 2.000000 0.659235 16.808609 -1.228570 -1.679679 4.330706 4.330706 
332.500000 235 2.000000 4.404781 7.877307 0.361048 0.783812 0.744716 0.744716 
332.500000 236 2.000000 4.870988 11.308623 0.498977 -0.580949 0.586479 0.586479 
332.500000 237 2.000000 1.013808 17.619919 -0.163102 -0.820717 0.700179 0.700179 
332.500000 238 2.000000 5.317596 3.247610 -1.058639 0.957606 2.037726 2.037726 
332.500000 239 2.000000 2.965346 18.254261 -0.516223 -1.203957 1.715999 1.715999 
332.500000 240 2.000000 0.268365 10.240944 -1.615030 -0.412645 2.778597 2.778597 
332.500000 241 2.000000 0.999907 17.036546 0.952291 1.310503 2.624278 2.624278 
332.500000 242 2.000000 1.456056 3.778672 -2.041032 0.528485 4.445107 4.445107 
332.500000 243 2.000000 2.972504 13.260520 0.887314 1.178713 2.176691 2.176691 
332.500000 244 2.000000 4.686062 19.276471 0.396174 2.448699 6.153083 6.153083 
332.500000 245 2.000000 3.711910 18.717901 -0.651356 1.485514 2.631015 2.631015 
332.500000 246 2.000000 2.187597 19.802744 -1.991737 0.146984 3.988619 3.988619 
332.500000 247 2.000000 6.094318 11.543399 -1.449868 0.865065 2.850454 2.850454 
332.500000 248 2.000000 3.780834 5.071556 0.727083 0.563506 0.846189 0.846189 
332.500000 249 2.000000 3.415563 16.626562 1.897534 1.378463 5.500797 5.500797 
332.500000 250 2.000000 6.245139 15.406117 -2.074109 0.405586 4.466428 4.466428 
332.500000 251 2.000000 4.905671 0.494033 -2.273753 2.470162 11.271652 11.271652 
332.500000 252 2.000000 1.586217 13.510850 -1.964261 0.127251 3.874513 3.874513 
332.500000 253 2.000000 2.032411 1.536061 -2.088996 0.512020 4.626067 4.626067 
332.500000 254 2.000000 2.338461 16.382025 1.537519 -1.493792 4.595379 4.595379 
332.500000 255 2.000000 1.798251 15.541262 -1.269093 -1.572088 4.082058 4.082058 
332.500000 256 2.000000 0.000001 18.813179 1.824236 -0.698129 3.815221 3.815221 
332.500000 257 2.000000 4.739914 18.621935 -1.318529 -0.417595 1.912906 1.912906 
332.500000 258 2.000000 1.916198 3.697066 0.187862 0.381141 0.180561 0.180561 
332.500000 259 2.000000 4.097585 0.349760 -2.146009 -1.898574 8.209937 8.209937 
332.500000 260 2.000000 3.285399 3.389387 1.642699 1.168754 4.064446 4.064446 
332.500000 261 2.000000 5.643716 8.671707 1.447106 -0.144858 2.115101 2.115101 
332.500000 262 2.000000 5.881424 10.563619 -1.386704 -0.710687 2.428025 2.428025 
332.500000 263 2.000000 1.623904 7.544115 -2.381304 -0.334230 5.782318 5.782318 
332.500000 264 2.000000 6.500543 15.947501 0.694215 -0.757476 1.055704 1.055704 
332.500000 265 2.000000 0.647190 15.254193 0.045738 1.605704 2.580379 2.580379 
332.500000 266 2.000000 1.741817 4.237703 0.030146 -0.944351 0.892708 0.892708 
332.500000 267 2.000000 0.694042 13.557233 -0.188765 1.329140 1.802247 1.802247 
332.500000 268 2.000000 4.677603 3.084808 0.065381 1.504784 2.268649 2.268649 
332.500000 269 2.000000 2.128114 0.922599 -2.014183 1.537663 6.421340 6.421340 
332.500000 270 2.000000 5.585357 3.902721 -0.397002 -0.412308 0.327609 0.327609 
332.500000 271 2.000000 3.817739 6.937047 1.211980 0.915047 2.306207 2.306207 
332.500000 272 2.000000 3.079841 17.084668 0.089691 0.996190 1.000440 1.000440 
332.500000 273 2.000000 0.746648 12.273618 -0.063376 -1.073109 1.155578 1.155578 
332.500000 274 2.000000 3.205206 10.447079 2.564164 0.443469 6.771603 6.771603 
332.500000 275 2.000000 0.775313 19.826337 -1.293178 -0.289437 1.756084 1.756084 
332.500000 276 2.000000 5.174079 12.377445 -2.029745 -1.979884 8.039808 8.039808 
332.500000 277 2.000000 6.093189 1.303922 1.384816 -0.500221 2.167935 2.167935 
332.500000 278 2.000000 3.473440 3.417572 1.407724 -0.100115 1.991710 1.991710 
332.500000 279 2.000000 4.118926 11.582553 -1.792634 -0.470053 3.434488 3.434488 
332.500000 280 2.000000 1.407616 6.442155 -1.354912 -0.144870 1.856772 1.856772 
332.500000 281 2.000000 6.982481 2.880475 -1.100357 -1.320954 2.955706 2.955706 
332.500000 282 2.000000 0.819528 5.372674 1.490049 0.095362 2.229340 2.229340 
332.500000 283 2.000000 7.197535 9.519708 0.695414 0.417957 0.658289 0.658289 
332.500000 284 2.000000 4.837766 5.641310 -0.057263 -1.699253 2.890740 2.890740 
332.500000 285 2.000000 7.288156 2.017693 -1.574865 -1.044841 3.571891 3.571891 
332.500000 286 2.000000 4.545167 9.186430 -1.102088 0.247706 1.275956 1.275956 
332.500000 287 2.000000 6.982700 10.044251 0.924861 0.749571 1.417224 1.417224 
332.500000 288 2.000000 1.590421 8.894822 2.446801 -0.723464 6.510234 6.510234 
332.500000 289 2.000000 3.037239 9.168361 -0.158924 0.394686 0.181034 0.181034 
332.500000 290 2.000000 1.494968 18.079715 1.494967 -1.745713 5.282438 5.282438 
332.500000 291 2.000000 0.353543 18.618115 -1.813052 -0.363654 3.419402 3.419402 
332.500000 292 2.000000 2.587046 7.182862 -0.627871 0.375084 0.534910 0.534910 
332.500000 293 2.000000 3.683118 14.840991 -2.339176 0.027534 5.472501 5.472501 
332.500000 294 2.000000 0.431101 7.733024 -1.386436 -0.046042 1.924325 1.924325 
332.500000 295 2.000000 5.264075 8.968723 0.638070 -0.359691 0.536511 0.536511 
332.500000 296 2.000000 0.365143 13.055703 -0.409053 0.858333 0.904060 0.904060 
332.500000 297 2.000000 0.725693 10.520316 -1.075392 1.535812 3.515187 3.515187 
332.500000 298 2.000000 6.688145 19.020203 -0.504796 0.454567 0.461450 0.461450 
332.500000 299 2.000000 1.522166 4.610903 -0.548261 1.336493 2.086805 2.086805 
332.500000 300 2.000000 3.406620 16.427253 -1.202229 -2.463963 7.516469 7.516469 
332.500000 301 2.000000 3.681400 15.081890 -0.805416 -2.287492 5.881317 5.881317 
332.500000 302 2.000000 3.481433 19.283710 2.175895 0.344458 4.853171 4.853171 
332.500000 303 2.000000 2.266552 15.597971 1.007356 0.488289 1.253193 1.253193 
332.500000 304 2.000000 2.030899 5.128010 -1.339000 -2.379518 7.455028 7.455028 
332.500000 305 2.000000 3.502575 15.874702 -2.612950 -1.419234 8.841732 8.841732 
332.500000 306 2.000000 4.681006 12.678153 -0.447770 -0.903932 1.017590 1.017590 
332.500000 307 2.000000 4.937476 7.017077 -1.980018 -0.382982 4.067147 4.067147 
332.500000 308 2.000000 4.493541 16.343734 -0.138133 0.967046 0.954259 0.954259 
332.500000 309 2.000000 0.538994 1.941043 -0.225441 1.437809 2.118117 2.118117 
332.500000 310 2.000000 4.687979 6.277753 1.913461 -1.351945 5.489088 5.489088 
332.500000 311 2.000000 3.472955 2.451694 -0.922556 1.290365 2.516150 2.516150 
332.500000 312 2.000000 6.782638 4.265845 0.892452 0.661371 1.233883 1.233883 
332.500000 313 2.000000 1.518534 8.594404 -1.537094 0.225762 2.413625 2.413625 
332.500000 314 2.000000 0.905452 17.043318 3.018170 0.813425 9.771011 9.771011 
332.500000 315 2.000000 7.014727 2.891543 -1.205572 1.108496 2.682168 2.682168 
332.500000 316 2.000000 6.266930 18.079330 0.116369 0.109569 0.025547 0.025547 
332.500000 317 2.000000 0.478636 13.310192 -2.637648 -1.552998 9.368988 9.368988 
332.500000 318 2.000000 5.148210 2.455627 -2.149227 -3.105199 14.261437 14.261437 
332.500000 319 2.000000 1.141283 5.943747 -2.184109 -0.628486 5.165327 5.165327 
332.500000 320 2.000000 6.751986 6.638779 0.426459 0.192542 0.218939 0.218939 
332.500000 321 2.000000 3.474337 13.384977 0.248167 0.416977 0.235457 0.235457 
332.500000 322 2.000000 1.576212 16.126932 -2.181995 -0.915911 5.599996 5.599996 
332.500000 323 2.000000 0.665740 16.247016 2.337668 0.887884 6.253032 6.253032 
332.500000 324 2.000000 1.824852 12.647701 -0.325875 -0.794843 0.737970 0.737970 
332.500000 325 2.000000 0.445736 11.379661 2.228677 1.864761 8.444333 8.444333 
332.500000 326 2.000000 7.031548 6.498958 -0.551001 -0.822695 0.980428 0.980428 
332.500000 327 2.000000 6.324905 10.364313 -1.929080 0.426262 3.903049 3.903049 
332.500000 328 2.000000 4.656905 6.898108 -1.007072 1.522194 3.331269 3.331269 
332.500000 329 2.000000 0.664165 3.964030 1.328329 1.016418 2.797562 2.797562 
332.500000 330 2.000000 1.446064 17.886801 3.615156 0.509436 13.328881 13.328881 
332.500000 331 2.000000 4.966569 9.625817 0.323789 -0.311529 0.201889 0.201889 
332.500000 332 2.000000 1.943155 3.875930 0.971577 -1.004615 1.953213 1.953213 
332.500000 333 2.000000 0.650636 4.938566 -1.111177 -0.524348 1.509654 1.509654 
332.500000 334 2.000000 4.474028 2.259469 -3.250190 -2.137413 15.132273 15.132273 
332.500000 335 2.000000 5.821873 13.036841 1.437499 1.047136 3.162898 3.162898 
332.500000 336 2.000000 2.969708 16.065644 2.474756 0.352867 6.248932 6.248932 
332.500000 337 2.000000 3.475503 16.844353 2.172189 0.018909 4.718762 4.718762 
332.500000 338 2.000000 3.518704 17.374357 -1.364309 0.255055 1.926391 1.926391 
332.500000 339 2.000000 6.228394 7.329733 -0.134322 -0.870809 0.776350 0.776350 
332.500000 340 2.000000 1.785140 14.662457 0.178514 0.404926 0.195833 0.195833 
332.500000 341 2.000000 5.340062 1.132538 -0.216409 -0.196630 0.085496 0.085496 
332.500000 342 2.000000 7.191159 19.027011 -0.131968 0.287877 0.100289 0.100289 
332.500000 343 2.000000 3.574413 0.226742 -1.801063 -0.851221 3.968406 3.968406 
332.500000 344 2.000000 5.491596 13.227632 -3.444188 0.057137 11.865695 11.865695 
332.500000 345 2.000000 0.189716 19.109936 0.474289 1.603281 2.795459 2.795459 
332.500000 346 2.000000 2.016647 19.113658 0.205903 -1.611528 2.639419 2.639419 
332.500000 347 2.000000 4.796122 13.309007 -0.623901 -0.866907 1.140780 1.140780 
332.500000 348 2.000000 3.267296 7.495049 1.719629 -0.628065 3.351589 3.351589 
332.500000 349 2.000000 3.108162 5.148454 0.575585 -0.484300 0.565845 0.565845 
332.500000 350 2.000000 0.620613 10.558284 0.653275 0.406748 0.592213 0.592213 
332.500000 351 2.000000 7.364999 1.685416 -0.939765 -0.431644 1.069474 1.069474 
332.500000 352 2.000000 6.564139 18.322364 -0.475292 0.859012 0.963804 0.963804 
332.500000 353 2.000000 6.468458 9.783054 -0.755233 -0.839069 1.274414 1.274414 
332.500000 354 2.000000 0.866746 4.453509 0.963050 1.290872 2.593815 2.593815 
332.500000 355 2.000000 2.427500 0.755275 -1.987139 -1.549580 6.349922 6.349922 
332.500000 356 2.000000 4.241052 0.969929 0.850100 1.372044 2.605177 2.605177 
332.500000 357 2.000000 5.414744 14.005919 -2.090900 0.805167 5.020157 5.020157 
332.500000 358 2.000000 4.298606 6.387311 -0.914112 -1.054124 1.946778 1.946778 
332.500000 359 2.000000 4.997010 14.441832 -0.221565 0.749189 0.610375 0.610375 
332.500000 360 2.000000 5.482296 10.629811 0.644976 -0.585492 0.758795 0.758795 
332.500000 361 2.000000 4.178885 11.662030 1.129428 -0.201394 1.316167 1.316167 
332.500000 362 2.000000 0.872498 15.933824 2.181244 0.269570 4.830492 4.830492 
332.500000 363 2.000000 4.330888 7.839275 1.031164 1.781653 4.237587 4.237587 
332.500000 364 2.000000 5.283589 17.383454 -2.639762 -0.024306 6.968935 6.968935 
332.500000 365 2.000000 0.978803 0.192448 -0.829952 -1.266291 2.292313 2.292313 
332.500000 366 2.000000 6.821147 6.203504 -1.591863 1.279073 4.170056 4.170056 
332.500000 367 2.000000 6.962736 8.102391 -0.239131 1.473162 2.227390 2.227390 
332.500000 368 2.000000 6.105545 2.273972 1.563344 -2.235911 7.443342 7.443342 
332.500000 369 2.000000 5.491489 1.941561 -1.246716 -0.335606 1.666933 1.666933 
332.500000 370 2.000000 3.592278 11.265534 -2.193840 0.317920 4.914009 4.914009 
332.500000 371 2.000000 0.440219 16.605881 -0.167321 -0.956090 0.942103 0.942103 
332.500000 372 2.000000 2.889869 10.522408 2.064192 0.698224 4.748403 4.748403 
332.500000 373 2.000000 6.119261 4.345048 -2.806308 -1.187498 9.285513 9.285513 
332.500000 374 2.000000 4.069793 17.572867 -1.819192 1.840091 6.695394 6.695394 
332.500000 375 2.000000 4.859878 16.327482 0.072070 0.644031 0.419970 0.419970 
332.500000 376 2.000000 1.417124 14.389875 2.180189 -1.650036 7.475844 7.475844 
332.500000 377 2.000000 2.980826 12.532553 -0.198276 0.953511 0.948497 0.948497 
332.500000 378 2.000000 2.022943 4.253522 2.022942 0.955847 5.005937 5.005937 
332.500000 379 2.000000 4.200709 2.168383 0.039766 -1.331050 1.773275 1.773275 
332.500000 380 2.000000 6.522496 19.278233 -1.161338 1.770667 4.483968 4.483968 
332.500000 381 2.000000 3.531563 9.040950 0.158855 -0.873231 0.787767 0.787767 
332.500000 382 2.000000 2.589459 2.049510 -2.766880 -1.522050 9.972262 9.972262 
332.500000 383 2.000000 5.457292 11.924293 2.523181 0.584807 6.708441 6.708441 
332.500000 384 2.000000 1.034917 3.049155 -0.536896 0.151174 0.311111 0.311111 
332.500000 385 2.000000 5.526077 2.527855 0.003772 0.842618 0.710019 0.710019 
332.500000 386 2.000000 3.146365 2.082846 -2.000156 0.603723 4.365104 4.365104 
332.500000 387 2.000000 5.239667 4.906390 1.645510 1.104409 3.927423 3.927423 
332.500000 388 2.000000 4.836366 19.446885 0.113270 1.963713 3.868999 3.868999 
332.500000 389 2.000000 0.736729 4.898757 -1.265457 -0.134673 1.619519 1.619519 
332.500000 390 2.000000 1.827935 14.353142 -0.807037 -2.091429 5.025382 5.025382 
332.500000 391 2.000000 6.317281 7.949612 1.358555 -1.095490 3.045769 3.045769 
332.500000 392 2.000000 7.142400 5.061235 1.161957 -1.201052 2.792672 2.792672 
332.500000 393 2.000000 2.162664 3.325159 -0.958767 -0.354967 1.045236 1.045236 
332.500000 394 2.000000 6.654425 15.173508 -1.814436 0.787468 3.912284 3.912284 
332.500000 395 2.000000 5.326682 19.999999 -0.291409 -1.203162 1.532518 1.532518 
332.500000 396 2.000000 1.781724 1.929650 0.698715 1.102656 1.704054 1.704054 
332.500000 397 2.000000 2.545330 3.808513 -0.425122 -0.938637 1.061768 1.061768 
332.500000 398 2.000000 1.483326 10.996443 0.179797 -3.397568 11.575798 11.575798 
332.500000 399 2.000000 3.275168 3.578431 -0.041710 -1.810480 3.279577 3.279577 
332.500000 400 2.000000 3.885519 15.086616 0.652937 -0.331522 0.536233 0.536233 
332.500000 401 2.000000 5.354486 19.696666 1.241154 -2.022221 5.629839 5.629839 
332.500000 402 2.000000 2.763604 13.208385 -0.874617 0.613619 1.141483 1.141483 
332.500000 403 2.000000 3.554662 16.471588 1.023335 -0.085686 1.054556 1.054556 
332.500000 404 2.000000 6.706300 10.805620 1.368632 -2.357533 7.431116 7.431116 
332.500000 405 2.000000 4.634312 5.713777 0.512079 -1.998073 4.254520 4.254520 
332.500000 406 2.000000 4.131031 3.311997 1.921409 -1.974911 7.592090 7.592090 
332.500000 407 2.000000 0.091606 19.900837 0.076210 1.797051 3.235201 3.235201 
332.500000 408 2.000000 5.358023 17.892670 -1.218574 0.143538 1.505526 1.505526 
332.500000 409 2.000000 1.386947 17.057566 -0.207276 -1.662686 2.807488 2.807488 
332.500000 410 2.000000 3.239721 1.900055 0.912597 0.010281 0.832940 0.832940 
332.500000 411 2.000000 4.579412 11.547086 0.146845 0.231189 0.075012 0.075012 
332.500000 412 2.000000 4.872416 14.661666 0.190509 0.847201 0.754043 0.754043 
332.500000 413 2.000000 0.817544 14.246638 2.725142 -1.514042 9.718725 9.718725 
332.500000 414 2.000000 6.128151 13.974571 -0.244141 0.184533 0.093657 0.093657 
332.500000 415 2.000000 5.718078 18.233083 0.466044 2.196757 5.042938 5.042938 
332.500000 416 2.000000 6.893436 1.143459 -0.273782 -1.026873 1.129424 1.129424 
332.500000 417 2.000000 5.447739 9.082928 -0.950981 -0.623109 1.292629 1.292629 
332.500000 418 2.000000 5.118827 7.889810 -0.223634 0.597713 0.407273 0.407273 
332.500000 419 2.000000 6.759296 18.523179 0.404237 -0.270976 0.236836 0.236836 
332.500000 420 2.000000 6.507126 14.358064 0.438407 -0.600206 0.552448 0.552448 
332.500000 421 2.000000 3.562866 2.863933 1.149311 -1.748810 4.379253 4.379253 
332.500000 422 2.000000 6.952617 14.692845 -0.451926 -0.075342 0.209913 0.209913 
332.500000 423 2.000000 3.764125 8.767733 -1.712825 0.553169 3.239766 3.239766 
332.500000 424 2.000000 3.742861 8.597142 -0.599572 1.081401 1.528915 1.528915 
332.500000 425 2.000000 4.595852 0.122337 -0.507347 -2.235722 5.255854 5.255854 
332.500000 426 2.000000 5.938447 18.609336 -1.623058 -0.342423 2.751571 2.751571 
332.500000 427 2.000000 2.728490 16.860747 0.268853 -2.853866 8.216830 8.216830 
332.500000 428 2.000000 0.621957 15.997732 -0.543097 -0.755145 0.865197 0.865197 
332.500000 429 2.000000 6.325436 18.524110 0.338925 -1.283381 1.761938 1.761938 
332.500000 430 2.000000 4.595282 19.780305 -0.282199 0.077762 0.085683 0.085683 
332.500000 431 2.000000 0.702863 1.305738 -0.925048 1.108443 2.084360 2.084360 
332.500000 432 2.000000 2.180252 15.037415 -0.590907 1.061200 1.475317 1.475317 
332.500000 433 2.000000 4.268725 2.684450 -1.548378 0.547847 2.697609 2.697609 
332.500000 434 2.000000 5.201862 7.013480 0.639889 -1.559671 2.842031 2.842031 
332.500000 435 2.000000 2.861522 10.134916 -0.379173 1.171666 1.516574 1.516574 
332.500000 436 2.000000 2.598855 3.561389 0.753291 -0.246197 0.628061 0.628061 
332.500000 437 2.000000 4.548970 5.556075 1.083088 -1.081942 2.343677 2.343677 
332.500000 438 2.000000 3.613323 10.772483 -1.913838 -1.008472 4.679791 4.679791 
332.500000 439 2.000000 5.048966 15.641341 -3.346619 1.315864 12.931354 12.931354 
332.500000 440 2.000000 3.187765 17.661007 -0.506188 0.514653 0.521094 0.521094 
332.500000 441 2.000000 2.362379 10.763304 -1.304486 -1.466142 3.851256 3.851256 
332.500000 442 2.000000 6.839770 3.473994 0.229921 0.716287 0.565931 0.565931 
332.500000 443 2.000000 1.897273 1.857253 -1.355524 -0.086242 1.844884 1.844884 
332.500000 444 2.000000 6.013028 7.673220 -0.810555 0.552030 0.961736 0.961736 
332.500000 445 2.000000 4.072166 19.051738 -1.235394 1.281209 3.167694 3.167694 
332.500000 446 2.000000 2.913129 17.533792 0.939719 0.787666 1.503488 1.503488 
332.500000 447 2.000000 2.511097 7.348031 0.384841 -1.260237 1.736301 1.736301 
332.500000 448 2.000000 4.011655 5.351523 -0.850465 -0.486225 0.959705 0.959705 
332.500000 449 2.000000 4.607229 8.371660 -1.761606 0.962260 4.029199 4.029199 
332.500000 450 2.000000 0.272486 15.766293 -0.303841 1.970787 3.976319 3.976319 
332.500000 451 2.000000 6.805348 3.194153 2.160428 -0.727526 5.196742 5.196742 
332.500000 452 2.000000 1.424048 17.673922 1.780059 -0.841988 3.877554 3.877554 
332.500000 453 2.000000 3.884385 7.993205 0.543271 0.408860 0.462309 0.462309 
332.500000 454 2.000000 6.651662 4.362065 -0.989116 0.958695 1.897447 1.897447 
332.500000 455 2.000000 5.744684 10.974624 0.220770 0.593897 0.401452 0.401452 
332.500000 456 2.000000 6.073446 1.225797 -0.527922 -0.428518 0.462329 0.462329 
332.500000 457 2.000000 6.845563 1.922259 -1.522102 1.373041 4.202038 4.202038 
332.500000 458 2.000000 0.386831 14.338021 0.859623 0.227813 0.790851 0.790851 
332.500000 459 2.000000 2.832203 2.806107 -0.237719 -0.031979 0.057533 0.057533 
332.500000 460 2.000000 2.318426 9.909814 1.598914 -0.057334 2.559813 2.559813 
332.500000 461 2.000000 6.230945 16.485043 0.101813 1.246468 1.564048 1.564048 
332.500000 462 2.000000 5.393849 8.382317 -0.826460 0.332419 0.793539 0.793539 
332.500000 463 2.000000 4.364875 19.645917 0.959313 -0.708163 1.421777 1.421777 
332.500000 464 2.000000 2.685612 17.269799 0.081590 0.850729 0.730397 0.730397 
332.500000 465 2.000000 1.348100 6.459436 1.497888 0.717715 2.758783 2.758783 
332.500000 466 2.000000 6.892879 17.334700 -0.712457 -1.502197 2.764192 2.764192 
332.500000 467 2.000000 6.606593 2.918256 -0.760353 0.398421 0.736876 0.736876 
332.500000 468 2.000000 0.576965 9.495273 0.501708 -1.783614 3.432991 3.432991 
332.500000 469 2.000000 3.895094 0.654291 1.217217 1.635724 4.157211 4.157211 
332.500000 470 2.000000 4.266313 3.409051 0.797442 -0.138645 0.655135 0.655135 
332.500000 471 2.000000 1.778089 19.782959 0.148545 -1.085198 1.199720 1.199720 
332.500000 472 2.000000 3.172195 11.139195 1.197054 -0.352100 1.556914 1.556914 
332.500000 473 2.000000 6.541576 14.604519 -1.779817 -0.399335 3.327217 3.327217 
332.500000 474 2.000000 3.558270 11.178179 -1.693100 -0.065005 2.870812 2.870812 
332.500000 475 2.000000 1.485668 6.587692 0.250164 -1.561996 2.502413 2.502413 
332.500000 476 2.000000 2.708305 10.248009 0.859779 0.299318 0.828811 0.828811 
332.500000 477 2.000000 0.756012 17.025122 0.657401 -1.144183 1.741332 1.741332 
332.500000 478 2.000000 3.051871 8.630159 -0.205808 1.934445 3.784435 3.784435 
332.500000 479 2.000000 2.842207 12.374133 -1.348954 -0.935689 2.695191 2.695191 
332.500000 480 2.000000 1.794910 10.053263 -0.204894 -1.400949 2.004639 2.004639 
332.500000 481 2.000000 3.137212 16.574904 0.065877 -0.769684 0.596753 0.596753 
332.500000 482 2.000000 0.294686 8.528481 1.473425 -0.225013 2.221612 2.221612 
332.500000 483 2.000000 1.468468 10.862410 -0.618939 1.064942 1.517187 1.517187 
332.500000 484 2.000000 2.346740 2.219268 0.173833 -0.136614 0.048881 0.048881 
332.500000 485 2.000000 3.661172 17.385023 1.132875 0.944290 2.175090 2.175090 
332.500000 486 2.000000 5.252656 16.005115 -0.214932 -1.331628 1.819429 1.819429 
332.500000 487 2.000000 3.909193 0.181882 1.191136 0.727523 1.948095 1.948095 
332.500000 488 2.000000 3.670828 4.893746 3.059022 1.165177 10.715255 10.715255 
332.500000 489 2.000000 2.512837 11.630547 0.897442 -0.649859 1.227719 1.227719 
332.500000 490 2.000000 5.715709 5.613161 -1.870544 1.871053 6.999777 6.999777 
332.500000 491 2.000000 2.260277 1.049855 -2.001355 2.333008 9.448347 9.448347 
332.500000 492 2.000000 7.120409 14.888310 -1.668600 -0.824466 3.463969 3.463969 
332.500000 493 2.000000 5.709245 3.365140 -3.048462 -2.326554 14.705973 14.705973 
332.500000 494 2.000000 4.014103 5.674097 0.581754 -0.788248 0.959772 0.959772 
332.500000 495 2.000000 2.746896 4.677890 2.891468 -1.351494 10.187124 10.187124 
332.500000 496 2.000000 1.451770 1.925896 -0.302574 1.069941 1.236326 1.236326 
332.500000 497 2.000000 3.262303 12.289955 -0.939691 -1.186161 2.289997 2.289997 
332.500000 498 2.000000 6.056724 11.830832 -0.785586 -0.362145 0.748294 0.748294 
332.500000 499 2.000000 0.346152 7.591972 0.865376 1.211093 2.215623 2.215623 
332.500000 500 2.000000 1.260351 15.694933 -1.246841 0.179268 1.586750 1.586750 
