49.000000 1 2.000000 7.967793 11.943655 -1.025399 -0.434304 1.240063 1.240063 
49.000000 2 2.000000 10.085145 15.849295 0.050189 -0.943342 0.892413 0.892413 
49.000000 3 2.000000 11.761304 4.334364 1.074092 0.125131 1.169331 1.169331 
49.000000 4 2.000000 2.736215 7.055524 -0.551898 -0.334443 0.416443 0.416443 
49.000000 5 2.000000 16.776217 2.935403 -1.222158 -0.541195 1.786563 1.786563 
49.000000 6 2.000000 11.545367 14.057986 -0.928500 0.624439 1.252036 1.252036 
49.000000 7 2.000000 16.363520 5.504644 -1.147050 -0.099380 1.325599 1.325599 
49.000000 8 2.000000 14.564280 10.376544 -0.878875 0.445605 0.970985 0.970985 
49.000000 9 2.000000 3.471824 1.486894 -0.245155 0.762509 0.641522 0.641522 
49.000000 10 2.000000 7.275658 5.397675 -0.830872 0.811680 1.349172 1.349172 
49.000000 11 2.000000 18.066072 6.877945 0.940941 -1.182167 2.282889 2.282889 
49.000000 12 2.000000 9.781738 3.500811 -0.448627 1.045018 1.293329 1.293329 
49.000000 13 2.000000 13.090047 19.206082 0.810529 -0.299591 0.746712 0.746712 
49.000000 14 2.000000 10.190785 2.486638 -0.537144 0.172794 0.318381 0.318381 
49.000000 15 2.000000 4.333343 9.494999 -1.059955 0.322959 1.227807 1.227807 
49.000000 16 2.000000 13.152173 0.000001 0.435685 1.222280 1.683790 1.683790 
49.000000 17 2.000000 0.049784 5.254691 0.995664 0.090278 0.999496 0.999496 
49.000000 18 2.000000 1.953727 12.210871 -1.018865 0.333175 1.149091 1.149091 
49.000000 19 2.000000 16.189076 17.655825 0.409527 -0.837205 0.868624 0.868624 
49.000000 20 2.000000 2.021063 18.877578 0.673687 -0.801729 1.096624 1.096624 
49.000000 21 2.000000 15.589395 13.796729 -1.682261 0.303961 2.922394 2.922394 
49.000000 22 2.000000 7.780874 17.177336 0.593960 0.365407 0.486311 0.486311 
49.000000 23 2.000000 0.473580 17.837803 0.231014 -0.297999 0.142171 0.142171 
49.000000 24 2.000000 12.628206 8.206248 -1.118352 -0.257225 1.316875 1.316875 
49.000000 25 2.000000 8.809269 16.315993 0.624251 0.093787 0.398485 0.398485 
49.000000 26 2.000000 4.759959 3.208271 -1.343175 -0.021055 1.804561 1.804561 
49.000000 27 2.000000 9.114029 13.334026 0.891819 0.007524 0.795398 0.795398 
49.000000 28 2.000000 3.194453 7.824685 -0.164392 -1.018855 1.065090 1.065090 
49.000000 29 2.000000 14.127529 19.854996 -0.295081 1.124929 1.352538 1.352538 
49.000000 30 2.000000 2.221645 18.387190 -0.217492 0.151837 0.070357 0.070357 
49.000000 31 2.000000 1.228257 15.175012 -0.845148 -0.639071 1.122686 1.122686 
49.000000 32 2.000000 11.067049 0.572791 0.503048 0.229116 0.305551 0.305551 
49.000000 33 2.000000 17.065859 4.521492 -0.729703 0.690304 1.008986 1.008986 
49.000000 34 2.000000 7.808191 6.799758 -0.233520 -0.653092 0.481060 0.481060 
49.000000 35 2.000000 17.801438 2.676171 1.328465 0.393554 1.919706 1.919706 
49.000000 36 2.000000 13.943802 16.620892 0.926498 0.525978 1.135052 1.135052 
49.000000 37 2.000000 0.130681 15.415103 0.261361 -0.965241 1.000000 1.000000 
49.000000 38 2.000000 7.291489 19.765267 0.917168 0.540773 1.133634 1.133634 
49.000000 39 2.000000 11.109724 10.838630 0.207408 0.060738 0.046707 0.046707 
49.000000 40 2.000000 8.951092 12.588018 -0.837718 -1.174370 2.080917 2.080917 
49.000000 41 2.000000 11.908387 11.171003 0.071913 0.997411 1.000000 1.000000 
49.000000 42 2.000000 14.811992 0.630073 0.478172 0.700080 0.718761 0.718761 
49.000000 43 2.000000 7.041167 10.704602 -0.007434 1.230414 1.513974 1.513974 
49.000000 44 2.000000 9.784833 13.721416 -1.151755 0.022114 1.327030 1.327030 
49.000000 45 2.000000 15.826874 3.577304 0.879460 -0.628513 1.168478 1.168478 
49.000000 46 2.000000 1.142654 11.397156 -0.084175 0.686171 0.477917 0.477917 
49.000000 47 2.000000 17.608759 16.946830 -1.000255 0.529588 1.280973 1.280973 
49.000000 48 2.000000 10.840867 15.494685 0.885348 0.373278 0.923177 0.923177 
49.000000 49 2.000000 7.079247 0.206680 -1.606617 0.317968 2.682323 2.682323 
49.000000 50 2.000000 0.735342 13.781637 0.319714 0.808307 0.755577 0.755577 
49.000000 51 2.000000 15.327419 2.890401 -1.140188 1.014175 2.328581 2.328581 
49.000000 52 2.000000 6.633292 19.722283 0.665892 1.019424 1.482636 1.482636 
49.000000 53 2.000000 4.718375 14.443910 0.907380 -0.926015 1.680841 1.680841 
49.000000 54 2.000000 11.522896 13.792573 -1.088016 -0.537440 1.472621 1.472621 
49.000000 55 2.000000 4.208590 4.433881 -0.897426 0.547393 1.105013 1.105013 
49.000000 56 2.000000 17.048554 14.737676 -0.320973 1.125013 1.368679 1.368679 
49.000000 57 2.000000 16.059725 3.208881 -1.225585 0.414049 1.673495 1.673495 
49.000000 58 2.000000 15.305654 1.238398 0.838666 -1.144000 2.012097 2.012097 
49.000000 59 2.000000 4.672508 5.327085 -0.784011 0.393143 0.769234 0.769234 
49.000000 60 2.000000 6.239559 19.631330 -0.602076 0.158556 0.387636 0.387636 
49.000000 61 2.000000 7.141219 13.400759 -0.082289 1.132544 1.289428 1.289428 
49.000000 62 2.000000 17.525297 16.920533 0.034622 1.019309 1.040190 1.040190 
49.000000 63 2.000000 6.198081 11.282751 -0.150264 0.711845 0.529303 0.529303 
49.000000 64 2.000000 1.322337 1.106999 -0.044393 0.491999 0.244034 0.244034 
49.000000 65 2.000000 6.694228 12.952225 -0.521880 1.093015 1.467040 1.467040 
49.000000 66 2.000000 15.567751 11.642814 0.351043 -0.140765 0.143046 0.143046 
49.000000 67 2.000000 6.213334 13.377979 -0.888434 -0.556281 1.098763 1.098763 
49.000000 68 2.000000 13.725615 13.436093 0.998226 0.386650 1.145954 1.145954 
49.000000 69 2.000000 0.264654 7.802958 0.039516 -0.031126 0.002530 0.002530 
49.000000 70 2.000000 10.823614 17.375604 -0.332849 0.290645 0.195263 0.195263 
49.000000 71 2.000000 8.385326 9.785266 0.726002 0.315769 0.626789 0.626789 
49.000000 72 2.000000 1.588118 13.132211 -0.870668 0.182885 0.791509 0.791509 
49.000000 73 2.000000 4.683562 4.255466 0.918345 0.967151 1.778740 1.778740 
49.000000 74 2.000000 11.473187 11.798698 1.195123 -0.005183 1.428347 1.428347 
49.000000 75 2.000000 6.641201 6.698515 0.935380 0.511337 1.136402 1.136402 
49.000000 76 2.000000 16.139963 10.360728 -1.118020 0.300223 1.340102 1.340102 
49.000000 77 2.000000 9.586498 11.428985 -0.698348 -0.782741 1.100373 1.100373 
49.000000 78 2.000000 11.302932 2.110330 0.507997 0.861359 1.000000 1.000000 
49.000000 79 2.000000 11.225173 16.819468 0.500268 0.158821 0.275492 0.275492 
49.000000 80 2.000000 14.520277 16.133246 0.571868 0.544477 0.623488 0.623488 
49.000000 81 2.000000 7.947226 14.982231 0.048661 0.998815 1.000000 1.000000 
49.000000 82 2.000000 0.757477 13.035616 -0.595785 0.233375 0.409424 0.409424 
49.000000 83 2.000000 0.660567 3.297835 -0.552042 0.879422 1.078134 1.078134 
49.000000 84 2.000000 11.872044 14.325793 0.777139 -1.286213 2.258288 2.258288 
49.000000 85 2.000000 15.600540 5.920947 0.405209 -0.914224 1.000000 1.000000 
49.000000 86 2.000000 9.792241 19.062964 0.548585 0.836095 1.000000 1.000000 
49.000000 87 2.000000 1.877491 14.174801 0.873251 -0.603647 1.126958 1.126958 
49.000000 88 2.000000 15.531442 7.791769 -1.060179 0.843425 1.835347 1.835347 
49.000000 89 2.000000 8.779429 12.551275 0.422088 -0.948882 1.078535 1.078535 
49.000000 90 2.000000 6.174362 0.719356 0.221263 0.623140 0.437260 0.437260 
49.000000 91 2.000000 15.561723 6.201768 1.365063 -0.579764 2.199524 2.199524 
49.000000 92 2.000000 1.253423 13.222717 -1.005597 -0.350884 1.134346 1.134346 
49.000000 93 2.000000 2.928846 11.616761 0.673298 0.589372 0.800689 0.800689 
49.000000 94 2.000000 2.877174 11.535123 -1.391343 -0.666572 2.380154 2.380154 
49.000000 95 2.000000 14.629715 18.364171 -1.151741 -0.022754 1.327025 1.327025 
49.000000 96 2.000000 0.704346 8.872613 -0.385919 0.165921 0.176463 0.176463 
49.000000 97 2.000000 1.164856 15.338666 -0.716926 -0.129481 0.530748 0.530748 
49.000000 98 2.000000 15.920802 11.560697 -0.680581 -1.119678 1.716870 1.716870 
49.000000 99 2.000000 3.964082 0.181822 0.285186 -0.705273 0.578741 0.578741 
49.000000 100 2.000000 5.777353 9.073850 -0.892202 0.031899 0.797043 0.797043 
49.000000 101 2.000000 16.976411 1.955518 0.481538 1.057036 1.349204 1.349204 
49.000000 102 2.000000 1.356789 2.429760 -0.853240 -1.029601 1.788097 1.788097 
49.000000 103 2.000000 2.514124 10.815867 -0.232869 0.101684 0.064567 0.064567 
49.000000 104 2.000000 14.544750 12.479047 0.280252 0.959927 1.000000 1.000000 
49.000000 105 2.000000 7.270156 11.456686 0.386418 -0.054307 0.152268 0.152268 
49.000000 106 2.000000 11.159907 12.900072 -0.004525 -0.999990 1.000000 1.000000 
49.000000 107 2.000000 9.563131 15.160982 -0.236234 0.974983 1.006398 1.006398 
49.000000 108 2.000000 17.645762 13.555275 1.134776 -0.395382 1.444043 1.444043 
49.000000 109 2.000000 15.947787 18.360680 1.110213 0.379321 1.376458 1.376458 
49.000000 110 2.000000 18.096283 15.096893 -0.872316 -1.089579 1.948118 1.948118 
49.000000 111 2.000000 17.081527 19.991211 0.636490 0.249063 0.467153 0.467153 
49.000000 112 2.000000 8.996955 11.149926 0.614127 -0.842864 1.087571 1.087571 
49.000000 113 2.000000 17.567208 6.235207 -0.394744 0.085582 0.163147 0.163147 
49.000000 114 2.000000 5.299787 8.990663 0.844194 -0.689882 1.188602 1.188602 
49.000000 115 2.000000 18.130122 14.887475 0.070103 0.006992 0.004963 0.004963 
49.000000 116 2.000000 9.695726 18.287377 0.191403 -0.713592 0.545849 0.545849 
49.000000 117 2.000000 17.483468 14.890933 -1.128884 -0.213768 1.320077 1.320077 
49.000000 118 2.000000 17.490858 7.796253 -0.131789 -0.643997 0.432101 0.432101 
49.000000 119 2.000000 10.128767 3.769460 -0.953341 0.197354 0.947807 0.947807 
49.000000 120 2.000000 11.655776 14.489474 -0.765645 -0.169697 0.615010 0.615010 
49.000000 121 2.000000 0.049151 2.439092 -0.168695 1.650313 2.751990 2.751990 
49.000000 122 2.000000 14.704788 4.659563 0.565569 0.824701 1.000000 1.000000 
49.000000 123 2.000000 8.821569 0.348826 0.081874 0.996643 1.000000 1.000000 
49.000000 124 2.000000 17.661886 2.674465 -1.096030 -0.176592 1.232466 1.232466 
49.000000 125 2.000000 17.824125 12.638007 0.222889 0.449553 0.251778 0.251778 
49.000000 126 2.000000 9.288681 16.812015 1.020734 0.327838 1.149376 1.149376 
49.000000 127 2.000000 12.837613 2.898163 -0.784533 0.113431 0.628359 0.628359 
49.000000 128 2.000000 8.748106 15.211652 -0.118822 -0.431383 0.200210 0.200210 
49.000000 129 2.000000 17.778410 3.613778 -1.236630 0.164637 1.556358 1.556358 
49.000000 130 2.000000 9.213765 0.287021 0.572283 0.820056 1.000000 1.000000 
49.000000 131 2.000000 5.272934 9.501388 0.472909 0.887980 1.012151 1.012151 
49.000000 132 2.000000 16.123112 9.611793 -0.895399 0.221981 0.851015 0.851015 
49.000000 133 2.000000 11.299648 16.437713 -0.116291 0.993215 1.000000 1.000000 
49.000000 134 2.000000 14.123135 2.652193 0.777395 -0.136071 0.622859 0.622859 
49.000000 135 2.000000 5.502932 5.624312 0.429917 -0.281681 0.264172 0.264172 
49.000000 136 2.000000 16.269398 19.061214 1.374114 -0.988195 2.864719 2.864719 
49.000000 137 2.000000 10.635957 12.308247 0.432356 0.901703 1.000000 1.000000 
49.000000 138 2.000000 12.841823 7.029616 -1.027939 0.611271 1.430311 1.430311 
49.000000 139 2.000000 13.808088 19.934637 -0.629306 0.111315 0.408417 0.408417 
49.000000 140 2.000000 17.325043 0.928234 0.134594 1.092039 1.210664 1.210664 
49.000000 141 2.000000 6.642266 0.219617 -0.642751 -0.539203 0.703869 0.703869 
49.000000 142 2.000000 15.540723 11.854739 -1.565809 -0.026476 2.452459 2.452459 
49.000000 143 2.000000 12.679612 3.244249 -0.925543 0.527520 1.134906 1.134906 
49.000000 144 2.000000 12.780884 1.296461 0.594883 0.264584 0.423891 0.423891 
49.000000 145 2.000000 17.049625 0.379744 -0.568914 -0.870078 1.080699 1.080699 
49.000000 146 2.000000 1.830243 19.299376 -0.066355 -1.401245 1.967891 1.967891 
49.000000 147 2.000000 8.376413 18.887982 0.817211 0.175311 0.698568 0.698568 
49.000000 148 2.000000 12.924381 19.605488 -0.762114 -0.789021 1.203372 1.203372 
49.000000 149 2.000000 2.194384 10.547140 0.895666 0.079146 0.808482 0.808482 
49.000000 150 2.000000 7.639390 5.095050 1.075970 0.007705 1.157771 1.157771 
49.000000 151 2.000000 4.324212 14.385821 -0.813839 0.508342 0.920746 0.920746 
49.000000 152 2.000000 15.267547 6.495593 -1.438221 0.069520 2.073311 2.073311 
49.000000 153 2.000000 7.954688 1.832892 0.841766 0.643120 1.122172 1.122172 
49.000000 154 2.000000 7.642287 5.609193 0.516371 0.856365 1.000000 1.000000 
49.000000 155 2.000000 13.152674 18.256771 -0.296978 -1.394582 2.033055 2.033055 
49.000000 156 2.000000 6.636189 3.491255 -0.750593 -0.101060 0.573603 0.573603 
49.000000 157 2.000000 16.062054 7.012380 -0.753843 0.436510 0.758821 0.758821 
49.000000 158 2.000000 10.415500 10.015133 1.073763 0.066854 1.157436 1.157436 
49.000000 159 2.000000 14.151874 3.186932 0.383001 0.923748 1.000000 1.000000 
49.000000 160 2.000000 7.101633 9.575877 -1.045887 -0.243554 1.153199 1.153199 
49.000000 161 2.000000 7.248100 6.166725 0.210395 -0.977617 1.000000 1.000000 
49.000000 162 2.000000 11.154588 8.340699 0.953882 0.170241 0.938872 0.938872 
49.000000 163 2.000000 8.137412 8.764596 0.340477 1.043404 1.204617 1.204617 
49.000000 164 2.000000 17.453370 16.502607 0.581779 -0.813347 1.000000 1.000000 
49.000000 165 2.000000 4.607479 16.360581 0.210855 0.098040 0.054072 0.054072 
49.000000 166 2.000000 14.989949 1.467294 -1.021766 -0.159374 1.069405 1.069405 
49.000000 167 2.000000 5.221121 15.803549 -1.245185 -0.021130 1.550932 1.550932 
49.000000 168 2.000000 3.838409 14.978031 -0.963540 -0.460731 1.140682 1.140682 
49.000000 169 2.000000 3.007568 19.422861 0.273415 -0.961896 1.000000 1.000000 
49.000000 170 2.000000 9.659785 9.650508 0.924381 -0.529386 1.134730 1.134730 
49.000000 171 2.000000 15.289846 6.015661 0.878727 -0.596347 1.127790 1.127790 
49.000000 172 2.000000 12.484216 10.986516 1.053520 -0.210842 1.154359 1.154359 
49.000000 173 2.000000 13.476079 2.730527 0.407199 0.925602 1.022550 1.022550 
49.000000 174 2.000000 15.294070 19.000471 0.815684 -0.624705 1.055597 1.055597 
49.000000 175 2.000000 0.120545 3.354365 -0.200330 -0.461578 0.253186 0.253186 
49.000000 176 2.000000 11.540526 18.642551 0.362255 -0.220723 0.179947 0.179947 
49.000000 177 2.000000 4.288166 13.579432 -0.405370 -0.944201 1.055840 1.055840 
49.000000 178 2.000000 8.131539 0.414551 0.096258 1.381832 1.918726 1.918726 
49.000000 179 2.000000 12.132489 0.487645 1.073672 0.068202 1.157422 1.157422 
49.000000 180 2.000000 5.184925 5.412670 -0.083263 -0.890453 0.799839 0.799839 
49.000000 181 2.000000 17.333748 1.109018 -0.984178 0.554508 1.276086 1.276086 
49.000000 182 2.000000 16.713478 14.208271 0.071738 0.896421 0.808717 0.808717 
49.000000 183 2.000000 17.887139 9.475947 0.203949 -0.978982 1.000000 1.000000 
49.000000 184 2.000000 13.049987 9.106710 -0.698781 -1.078543 1.651550 1.651550 
49.000000 185 2.000000 5.826119 5.705757 0.514898 -0.408855 0.432282 0.432282 
49.000000 186 2.000000 6.070570 4.880650 -0.948749 -0.272970 0.974638 0.974638 
49.000000 187 2.000000 8.437234 19.750949 -0.032089 0.276514 0.077490 0.077490 
49.000000 188 2.000000 5.743895 0.394562 0.926434 0.526081 1.135042 1.135042 
49.000000 189 2.000000 13.378816 7.686717 0.976556 -0.438976 1.146361 1.146361 
49.000000 190 2.000000 15.661376 0.574641 0.990911 -0.642596 1.394834 1.394834 
49.000000 191 2.000000 3.012356 10.147694 0.627574 -0.009373 0.393937 0.393937 
49.000000 192 2.000000 10.527470 3.505356 0.723537 0.762034 1.104202 1.104202 
49.000000 193 2.000000 15.932771 5.109881 0.061732 1.148288 1.322375 1.322375 
49.000000 194 2.000000 17.012527 19.089779 0.232197 0.342488 0.171213 0.171213 
49.000000 195 2.000000 12.328689 2.713128 -1.123852 -0.235591 1.318547 1.318547 
49.000000 196 2.000000 3.589392 4.665832 1.055703 0.864043 1.861079 1.861079 
49.000000 197 2.000000 11.806592 19.275057 0.952144 1.293628 2.580052 2.580052 
49.000000 198 2.000000 12.373951 3.629029 -0.618334 -0.016704 0.382617 0.382617 
49.000000 199 2.000000 13.612164 11.535550 1.237469 0.285328 1.612742 1.612742 
49.000000 200 2.000000 1.631857 10.128842 0.170520 0.570877 0.354978 0.354978 
49.000000 201 2.000000 10.846601 0.293888 -1.118207 -0.764099 1.834234 1.834234 
49.000000 202 2.000000 2.313992 2.461909 -1.072249 0.086535 1.157206 1.157206 
49.000000 203 2.000000 6.876896 6.982238 0.823580 -0.664171 1.119408 1.119408 
49.000000 204 2.000000 4.928699 12.487078 -0.971519 -0.459506 1.154996 1.154996 
49.000000 205 2.000000 8.325461 15.698573 -1.172397 0.288830 1.457939 1.457939 
49.000000 206 2.000000 11.660986 12.891963 -0.950255 0.387087 1.052821 1.052821 
49.000000 207 2.000000 0.357365 10.737031 0.297804 -0.926866 0.947768 0.947768 
49.000000 208 2.000000 4.977248 2.586219 -1.401808 -1.349011 3.784897 3.784897 
49.000000 209 2.000000 11.241620 9.840074 -0.989225 0.407456 1.144586 1.144586 
49.000000 210 2.000000 14.209115 19.439262 -1.129357 -0.211599 1.320220 1.320220 
49.000000 211 2.000000 7.166742 19.666150 0.495968 0.738410 0.791233 0.791233 
49.000000 212 2.000000 12.142839 3.551287 1.337744 1.291377 3.457213 3.457213 
49.000000 213 2.000000 1.394237 2.899804 -0.424464 -1.209823 1.643840 1.643840 
49.000000 214 2.000000 1.519507 5.477900 -0.953619 0.299339 0.998994 0.998994 
49.000000 215 2.000000 6.805344 17.452276 -0.331212 0.966885 1.044568 1.044568 
49.000000 216 2.000000 14.635565 11.907524 0.207161 0.577094 0.375953 0.375953 
49.000000 217 2.000000 2.272262 10.167131 1.056866 0.194686 1.154868 1.154868 
49.000000 218 2.000000 14.541416 4.792472 -1.127874 0.218336 1.319770 1.319770 
49.000000 219 2.000000 5.082809 12.248931 0.529459 -0.682913 0.746698 0.746698 
49.000000 220 2.000000 18.087100 13.853072 -1.055985 0.427564 1.297915 1.297915 
49.000000 221 2.000000 8.745889 15.765247 0.778466 0.799112 1.244589 1.244589 
49.000000 222 2.000000 16.171303 17.100213 -0.740391 -0.690425 1.024866 1.024866 
49.000000 223 2.000000 0.995425 12.869305 -1.073805 -0.066220 1.157442 1.157442 
49.000000 224 2.000000 13.254031 8.798194 -1.088316 0.286770 1.266668 1.266668 
49.000000 225 2.000000 1.661129 17.544013 0.949216 0.487334 1.138505 1.138505 
49.000000 226 2.000000 14.534452 11.966082 0.420154 -0.006402 0.176571 0.176571 
49.000000 227 2.000000 15.038589 12.323731 1.259197 0.777104 2.189469 2.189469 
49.000000 228 2.000000 9.174017 19.848719 0.347376 -0.756401 0.692813 0.692813 
49.000000 229 2.000000 18.084450 18.821132 -0.573490 -0.193257 0.366239 0.366239 
49.000000 230 2.000000 15.985880 14.303621 -0.144233 -0.467965 0.239795 0.239795 
49.000000 231 2.000000 17.773463 8.654729 -0.258931 -1.233182 1.587782 1.587782 
49.000000 232 2.000000 7.082709 5.677834 -0.428021 0.379941 0.327557 0.327557 
49.000000 233 2.000000 0.361447 6.927968 0.109529 1.294947 1.688885 1.688885 
49.000000 234 2.000000 17.632758 5.614206 -0.044409 -0.999013 1.000000 1.000000 
49.000000 235 2.000000 6.122412 0.160782 -0.373120 0.803904 0.785480 0.785480 
49.000000 236 2.000000 10.126793 11.143699 -1.106161 -0.244414 1.283330 1.283330 
49.000000 237 2.000000 11.564415 19.846977 0.067209 -0.765112 0.589914 0.589914 
49.000000 238 2.000000 1.124038 6.578243 -0.479486 -1.214639 1.705254 1.705254 
49.000000 239 2.000000 3.139105 5.219237 -0.546437 -0.882434 1.077282 1.077282 
49.000000 240 2.000000 12.949889 19.636319 0.336041 0.582451 0.452173 0.452173 
49.000000 241 2.000000 13.786745 4.745777 -0.602652 -0.230078 0.416126 0.416126 
49.000000 242 2.000000 10.854167 11.667514 -1.063892 0.440283 1.325715 1.325715 
49.000000 243 2.000000 8.369450 0.270528 -0.675162 -0.913443 1.290223 1.290223 
49.000000 244 2.000000 5.486014 5.167269 -0.962097 -0.894053 1.724961 1.724961 
49.000000 245 2.000000 11.898362 1.562364 -0.712555 0.557987 0.819084 0.819084 
49.000000 246 2.000000 16.777247 7.375025 -1.084732 0.240796 1.234626 1.234626 
49.000000 247 2.000000 3.468901 12.607410 0.550619 0.810766 0.960523 0.960523 
49.000000 248 2.000000 10.221355 6.171416 0.324841 0.951500 1.010873 1.010873 
49.000000 249 2.000000 2.917853 3.591297 0.678570 0.798066 1.097367 1.097367 
49.000000 250 2.000000 5.960343 4.627665 -0.115736 -0.296246 0.101156 0.101156 
49.000000 251 2.000000 11.827398 8.161691 -1.016388 -0.317336 1.133746 1.133746 
49.000000 252 2.000000 15.289372 13.711284 1.061762 -0.168147 1.155612 1.155612 
49.000000 253 2.000000 17.084197 4.241317 0.053451 -0.406792 0.168336 0.168336 
49.000000 254 2.000000 9.748219 5.453424 -0.164599 -0.909161 0.853666 0.853666 
49.000000 255 2.000000 0.077689 4.653858 -0.488118 -1.573454 2.714015 2.714015 
49.000000 256 2.000000 0.281745 1.671334 0.433452 -0.415367 0.360411 0.360411 
49.000000 257 2.000000 9.508883 7.000901 -1.335611 0.167548 1.811930 1.811930 
49.000000 258 2.000000 5.789617 1.363898 0.789841 -0.117316 0.637612 0.637612 
49.000000 259 2.000000 0.264033 12.128132 1.056130 0.198357 1.154756 1.154756 
49.000000 260 2.000000 15.010916 12.195599 -0.364573 0.891326 0.927376 0.927376 
49.000000 261 2.000000 11.952409 8.722934 0.218992 -0.298335 0.136961 0.136961 
49.000000 262 2.000000 5.414208 7.747969 -1.056654 -0.041868 1.118270 1.118270 
49.000000 263 2.000000 8.998696 2.535196 1.058670 -0.561184 1.435709 1.435709 
49.000000 264 2.000000 1.268791 11.658279 0.396497 -1.023524 1.204811 1.204811 
49.000000 265 2.000000 11.596626 3.636129 -1.137390 0.170310 1.322663 1.322663 
49.000000 266 2.000000 1.434231 8.107776 -0.981716 -1.486528 3.173531 3.173531 
49.000000 267 2.000000 7.732581 9.789039 0.471007 0.843883 0.933985 0.933985 
49.000000 268 2.000000 9.426308 15.460550 -0.487653 0.452772 0.442807 0.442807 
49.000000 269 2.000000 10.525173 17.734724 -1.286314 0.795557 2.287516 2.287516 
49.000000 270 2.000000 2.095801 12.165421 -0.877442 -0.008777 0.769982 0.769982 
49.000000 271 2.000000 3.485066 6.510935 1.394026 -0.296919 2.031470 2.031470 
49.000000 272 2.000000 7.626730 2.099888 0.249599 -0.849249 0.783523 0.783523 
49.000000 273 2.000000 3.694403 2.776830 -0.459991 1.181629 1.607839 1.607839 
49.000000 274 2.000000 3.772864 2.858048 -1.355902 0.621315 2.224503 2.224503 
49.000000 275 2.000000 7.545902 15.114905 -0.938249 0.419226 1.056062 1.056062 
49.000000 276 2.000000 3.284038 4.649535 -0.695255 -0.785190 1.099903 1.099903 
49.000000 277 2.000000 2.443666 13.220468 -0.503138 0.726399 0.780804 0.780804 
49.000000 278 2.000000 16.931413 13.571697 -0.117593 0.329501 0.122399 0.122399 
49.000000 279 2.000000 8.366739 8.225532 0.495183 -0.378641 0.388575 0.388575 
49.000000 280 2.000000 5.389932 10.345909 0.519691 -0.090960 0.278353 0.278353 
49.000000 281 2.000000 6.065216 16.544898 -1.007701 0.363225 1.147395 1.147395 
49.000000 282 2.000000 14.541379 5.152908 0.387332 0.682504 0.615838 0.615838 
49.000000 283 2.000000 15.292274 2.468433 -0.550743 0.261210 0.371549 0.371549 
49.000000 284 2.000000 5.063806 4.706240 0.605008 -0.973885 1.314487 1.314487 
49.000000 285 2.000000 12.578364 2.361227 1.133915 -0.364649 1.418731 1.418731 
49.000000 286 2.000000 9.553920 6.515961 -0.571173 0.868795 1.081042 1.081042 
49.000000 287 2.000000 16.828679 1.543488 0.995780 -0.222281 1.040986 1.040986 
49.000000 288 2.000000 3.795085 3.943526 -0.020827 -0.067595 0.005003 0.005003 
49.000000 289 2.000000 10.770620 0.145567 -0.899682 -0.219373 0.857552 0.857552 
49.000000 290 2.000000 18.122055 12.852954 0.892712 -1.162121 2.147460 2.147460 
49.000000 291 2.000000 17.516741 9.407649 0.578456 -1.091995 1.527064 1.527064 
49.000000 292 2.000000 7.764212 16.045593 -0.586878 -0.859653 1.083429 1.083429 
49.000000 293 2.000000 9.564902 10.037923 -0.577189 0.865338 1.081957 1.081957 
49.000000 294 2.000000 4.697575 7.038486 -0.810438 -0.317363 0.757530 0.757530 
49.000000 295 2.000000 9.152645 3.416823 -1.064898 0.669965 1.582860 1.582860 
49.000000 296 2.000000 9.861964 1.461233 -0.655615 -0.814891 1.093877 1.093877 
49.000000 297 2.000000 14.063951 19.730393 -0.844742 0.639559 1.122625 1.122625 
49.000000 298 2.000000 15.188686 14.056036 0.491543 1.068900 1.384162 1.384162 
49.000000 299 2.000000 6.742461 5.941243 0.543747 -0.946718 1.191935 1.191935 
49.000000 300 2.000000 5.882326 8.537166 1.099500 -0.358774 1.337619 1.337619 
49.000000 301 2.000000 3.840191 7.512168 -0.948688 -0.249287 0.962154 0.962154 
49.000000 302 2.000000 6.817557 6.717339 -0.683039 0.328476 0.574439 0.574439 
49.000000 303 2.000000 4.854846 16.513500 0.874747 0.628010 1.159579 1.159579 
49.000000 304 2.000000 4.069594 13.579305 -1.248323 -0.146033 1.579636 1.579636 
49.000000 305 2.000000 10.374369 2.316117 -0.962242 0.463223 1.140485 1.140485 
49.000000 306 2.000000 0.598805 12.137397 0.921236 -0.042028 0.850443 0.850443 
49.000000 307 2.000000 16.976460 5.859084 -1.048034 -0.443985 1.295498 1.295498 
49.000000 308 2.000000 10.096761 13.289000 -0.732896 0.802583 1.181277 1.181277 
49.000000 309 2.000000 11.251396 6.638278 -0.794770 0.546360 0.930168 0.930168 
49.000000 310 2.000000 11.643551 17.128905 0.173270 0.699139 0.518818 0.518818 
49.000000 311 2.000000 13.462357 0.062749 0.938143 -0.506665 1.136822 1.136822 
49.000000 312 2.000000 5.573217 11.451218 -0.862008 0.207066 0.785935 0.785935 
49.000000 313 2.000000 12.378148 2.396477 0.426833 0.904331 1.000000 1.000000 
49.000000 314 2.000000 7.818300 16.528973 -0.258729 -0.482087 0.299348 0.299348 
49.000000 315 2.000000 1.294544 7.327393 -0.265429 0.964131 1.000000 1.000000 
49.000000 316 2.000000 14.067267 10.546402 -0.573623 0.090299 0.337197 0.337197 
49.000000 317 2.000000 7.552238 18.895127 -0.839952 0.402357 0.867410 0.867410 
49.000000 318 2.000000 1.378463 8.383331 0.984616 -1.242424 2.513087 2.513087 
49.000000 319 2.000000 0.223993 11.460647 -0.082658 0.996578 1.000000 1.000000 
49.000000 320 2.000000 5.770189 6.274537 -0.239596 0.478972 0.286821 0.286821 
49.000000 321 2.000000 5.141679 11.609285 0.865553 -0.323060 0.853549 0.853549 
49.000000 322 2.000000 1.262700 9.927805 -0.185453 -0.982653 1.000000 1.000000 
49.000000 323 2.000000 6.837585 8.435099 -0.907263 -0.403425 0.985877 0.985877 
49.000000 324 2.000000 3.428863 15.426660 -1.473038 0.224644 2.220305 2.220305 
49.000000 325 2.000000 9.971902 0.877499 1.012376 0.350999 1.148105 1.148105 
49.000000 326 2.000000 10.679500 12.554089 -0.172937 -0.108107 0.041594 0.041594 
49.000000 327 2.000000 1.346092 1.415294 -0.981366 0.086036 0.970481 0.970481 
49.000000 328 2.000000 5.700890 9.240943 0.312179 0.646102 0.514903 0.514903 
49.000000 329 2.000000 4.843708 16.957109 -0.958020 -0.894968 1.718770 1.718770 
49.000000 330 2.000000 10.147069 13.210700 0.010417 -0.667908 0.446210 0.446210 
49.000000 331 2.000000 6.881184 16.285164 -1.481181 -0.250157 2.256477 2.256477 
49.000000 332 2.000000 15.552387 12.755575 0.034811 0.911112 0.831338 0.831338 
49.000000 333 2.000000 13.338519 16.333834 -0.738654 0.521830 0.817917 0.817917 
49.000000 334 2.000000 5.215296 5.195115 1.008239 0.252612 1.080359 1.080359 
49.000000 335 2.000000 5.102741 14.315381 0.026753 0.496112 0.246843 0.246843 
49.000000 336 2.000000 12.898794 8.131586 -0.633364 -1.005798 1.412779 1.412779 
49.000000 337 2.000000 16.869806 1.164737 0.217593 0.040856 0.049016 0.049016 
49.000000 338 2.000000 16.413910 19.690805 0.144617 0.989488 1.000000 1.000000 
49.000000 339 2.000000 4.581207 6.016748 -0.395699 0.947519 1.054370 1.054370 
49.000000 340 2.000000 2.863943 6.929771 0.923852 -0.530232 1.134650 1.134650 
49.000000 341 2.000000 10.049972 4.705456 1.015149 0.477711 1.258735 1.258735 
49.000000 342 2.000000 1.393678 6.501219 -0.846904 0.169372 0.745934 0.745934 
49.000000 343 2.000000 3.774886 5.009128 -0.368357 1.032810 1.202383 1.202383 
49.000000 344 2.000000 10.492930 8.838016 -1.145981 0.109552 1.325274 1.325274 
49.000000 345 2.000000 14.706836 14.138657 -0.361695 -1.046668 1.226337 1.226337 
49.000000 346 2.000000 3.530938 19.751078 -1.230413 0.658830 1.947974 1.947974 
49.000000 347 2.000000 7.493798 2.888819 -0.676088 0.664096 0.898119 0.898119 
49.000000 348 2.000000 17.854674 17.229936 -0.746312 0.635698 0.961093 0.961093 
49.000000 349 2.000000 4.515692 15.890326 -0.977469 0.401846 1.116927 1.116927 
49.000000 350 2.000000 1.639417 6.057709 1.024635 0.262807 1.118944 1.118944 
49.000000 351 2.000000 4.798381 5.397170 -0.483608 0.972463 1.179561 1.179561 
49.000000 352 2.000000 8.562185 7.268368 0.774858 -0.715260 1.112002 1.112002 
49.000000 353 2.000000 13.529140 6.576887 0.841928 0.268632 0.781006 0.781006 
49.000000 354 2.000000 13.931584 2.927895 -0.587858 -0.340687 0.461645 0.461645 
49.000000 355 2.000000 7.823677 8.358124 0.037341 -0.999303 1.000000 1.000000 
49.000000 356 2.000000 0.686143 9.093150 -1.189938 0.790709 2.041172 2.041172 
49.000000 357 2.000000 4.309533 16.065598 0.602732 0.850032 1.085839 1.085839 
49.000000 358 2.000000 3.776068 11.105859 0.674298 -0.801274 1.096717 1.096717 
49.000000 359 2.000000 15.292255 14.854612 -1.111866 -0.935525 2.111452 2.111452 
49.000000 360 2.000000 9.219657 4.193189 -1.203796 0.578371 1.783638 1.783638 
49.000000 361 2.000000 16.779371 13.890353 0.012256 -1.234272 1.523577 1.523577 
49.000000 362 2.000000 1.962124 14.194886 0.740424 0.786420 1.166684 1.166684 
49.000000 363 2.000000 14.612654 9.536759 1.202687 1.014549 2.475766 2.475766 
49.000000 364 2.000000 2.148079 17.763868 -0.813393 0.795773 1.294864 1.294864 
49.000000 365 2.000000 4.348824 14.501448 -0.771667 0.697779 1.082366 1.082366 
49.000000 366 2.000000 14.981567 5.253270 1.179651 0.564868 1.710652 1.710652 
49.000000 367 2.000000 1.808038 9.559009 -0.056476 -1.200114 1.443463 1.443463 
49.000000 368 2.000000 0.837988 10.769109 -0.064247 -0.997934 1.000000 1.000000 
49.000000 369 2.000000 13.921042 7.904764 0.280208 -0.959939 1.000000 1.000000 
49.000000 370 2.000000 17.484124 14.751537 0.833910 0.532866 0.979352 0.979352 
49.000000 371 2.000000 6.423534 4.015524 0.709783 -0.276288 0.580126 0.580126 
49.000000 372 2.000000 8.451842 8.537921 0.758813 -0.931745 1.443946 1.443946 
49.000000 373 2.000000 15.080360 5.519077 -0.293869 -0.813535 0.748198 0.748198 
49.000000 374 2.000000 12.123069 9.844018 -0.529015 -0.194074 0.317521 0.317521 
49.000000 375 2.000000 17.484171 12.718779 0.753628 0.657301 1.000000 1.000000 
49.000000 376 2.000000 5.648304 0.009373 -0.629577 -0.533007 0.680464 0.680464 
49.000000 377 2.000000 14.655193 19.131926 -0.031473 -1.157431 1.340637 1.340637 
49.000000 378 2.000000 1.344157 9.776556 0.175707 -0.959948 0.952372 0.952372 
49.000000 379 2.000000 15.642506 12.126360 -1.172315 0.191260 1.410903 1.410903 
49.000000 380 2.000000 17.791015 1.540505 0.099441 -0.907100 0.832720 0.832720 
49.000000 381 2.000000 12.961650 14.864572 0.579833 0.421635 0.513982 0.513982 
49.000000 382 2.000000 1.006607 10.485656 0.195458 0.520380 0.308999 0.308999 
49.000000 383 2.000000 0.682238 10.079559 1.137062 0.537078 1.581361 1.581361 
49.000000 384 2.000000 8.942980 13.628966 -1.216849 0.062640 1.484644 1.484644 
49.000000 385 2.000000 15.008579 0.780848 0.395955 -0.490218 0.397095 0.397095 
49.000000 386 2.000000 7.081624 11.971584 0.298438 0.440799 0.283369 0.283369 
49.000000 387 2.000000 14.777454 19.112660 -0.573349 1.255257 1.904400 1.904400 
49.000000 388 2.000000 17.832843 9.211657 -0.328625 -0.967564 1.044175 1.044175 
49.000000 389 2.000000 17.403294 18.959222 1.490193 -0.044118 2.222621 2.222621 
49.000000 390 2.000000 4.195081 16.083553 1.075662 -0.026016 1.157725 1.157725 
49.000000 391 2.000000 11.860452 6.036550 -1.734634 -0.136276 3.027527 3.027527 
49.000000 392 2.000000 17.362804 3.649255 -0.493997 0.486567 0.480781 0.480781 
49.000000 393 2.000000 8.683955 8.534274 -0.854563 0.083827 0.737305 0.737305 
49.000000 394 2.000000 13.762213 17.119708 0.646113 -0.397281 0.575295 0.575295 
49.000000 395 2.000000 6.846635 6.514395 -1.350949 0.495391 2.070477 2.070477 
49.000000 396 2.000000 5.002636 2.390742 -0.275728 0.683069 0.542609 0.542609 
49.000000 397 2.000000 18.137999 8.817883 -1.121298 1.304224 2.958309 2.958309 
49.000000 398 2.000000 2.511611 11.266854 -1.452153 0.457480 2.318036 2.318036 
49.000000 399 2.000000 5.369191 10.980453 0.770040 0.790660 1.218104 1.218104 
49.000000 400 2.000000 16.919056 7.565805 0.024794 1.609746 2.591895 2.591895 
49.000000 401 2.000000 5.177009 3.583955 0.828321 -0.706525 1.185293 1.185293 
49.000000 402 2.000000 2.814211 0.992627 -0.204196 -1.246385 1.595172 1.595172 
49.000000 403 2.000000 9.154524 3.799854 -0.428550 -0.469446 0.404035 0.404035 
49.000000 404 2.000000 14.052664 17.780708 -0.199476 -0.986352 1.012680 1.012680 
49.000000 405 2.000000 8.423358 11.143106 1.174671 0.352935 1.504414 1.504414 
49.000000 406 2.000000 8.142267 10.330283 -0.179070 0.983836 1.000000 1.000000 
49.000000 407 2.000000 4.398925 7.994895 1.035041 0.041293 1.073015 1.073015 
49.000000 408 2.000000 10.995960 9.462097 -0.699300 0.736350 1.031231 1.031231 
49.000000 409 2.000000 10.455684 2.373023 -0.134048 -0.510246 0.278320 0.278320 
49.000000 410 2.000000 1.497232 18.251819 0.135170 -1.344754 1.826633 1.826633 
49.000000 411 2.000000 14.499755 17.232153 -0.705568 0.263344 0.567176 0.567176 
49.000000 412 2.000000 9.341471 2.170248 1.437149 -0.062561 2.069312 2.069312 
49.000000 413 2.000000 0.837772 0.225520 0.734959 0.309942 0.636228 0.636228 
49.000000 414 2.000000 3.404386 6.069502 1.001290 -0.522551 1.275641 1.275641 
49.000000 415 2.000000 9.040334 8.312368 -0.547673 -0.607150 0.668577 0.668577 
49.000000 416 2.000000 9.322487 9.521087 0.986506 0.803467 1.618754 1.618754 
49.000000 417 2.000000 3.196893 15.686170 1.121717 0.407433 1.424250 1.424250 
49.000000 418 2.000000 2.990954 13.985842 1.031363 0.341976 1.180657 1.180657 
49.000000 419 2.000000 1.054235 4.336655 -0.250620 0.552440 0.368001 0.368001 
49.000000 420 2.000000 14.604727 14.511450 0.212312 0.977202 1.000000 1.000000 
49.000000 421 2.000000 15.402289 10.137475 -1.110828 0.265727 1.304548 1.304548 
49.000000 422 2.000000 14.030864 19.520557 0.447338 0.251338 0.263282 0.263282 
49.000000 423 2.000000 11.603154 3.322355 1.019413 -0.749886 1.601532 1.601532 
49.000000 424 2.000000 3.049224 9.091190 -0.829898 0.977547 1.644330 1.644330 
49.000000 425 2.000000 17.200590 15.538946 0.607943 -0.929386 1.233353 1.233353 
49.000000 426 2.000000 6.996207 19.608481 0.837869 0.373172 0.841281 0.841281 
49.000000 427 2.000000 11.044428 4.225811 -0.446501 1.565115 2.648948 2.648948 
49.000000 428 2.000000 7.015598 14.430314 1.446515 -0.208089 2.135706 2.135706 
49.000000 429 2.000000 0.713546 0.075645 0.321069 0.756438 0.675285 0.675285 
49.000000 430 2.000000 15.250284 0.002962 1.144612 -0.170051 1.339054 1.339054 
49.000000 431 2.000000 17.850080 12.659190 -0.449313 0.864108 0.948566 0.948566 
49.000000 432 2.000000 3.046319 0.359281 0.781107 0.898201 1.416893 1.416893 
49.000000 433 2.000000 14.966998 2.590763 0.696139 -0.717907 1.000000 1.000000 
49.000000 434 2.000000 6.221186 3.140892 0.624376 -1.103422 1.607386 1.607386 
49.000000 435 2.000000 12.078504 5.961268 1.643334 -0.788693 3.322582 3.322582 
49.000000 436 2.000000 9.962712 12.623782 0.176924 1.213825 1.504674 1.504674 
49.000000 437 2.000000 9.138888 7.006738 -0.035287 -0.061732 0.005056 0.005056 
49.000000 438 2.000000 5.795613 8.392325 0.898545 0.981558 1.770839 1.770839 
49.000000 439 2.000000 2.699154 10.600882 -0.299323 -0.776926 0.693208 0.693208 
49.000000 440 2.000000 5.590808 0.328297 -0.814463 1.313183 2.387800 2.387800 
49.000000 441 2.000000 15.175748 8.618187 -0.592142 -1.005500 1.361664 1.361664 
49.000000 442 2.000000 16.467047 17.326604 -1.151968 -0.007977 1.327094 1.327094 
49.000000 443 2.000000 17.510686 9.176864 -0.266114 0.444659 0.268539 0.268539 
49.000000 444 2.000000 0.165594 5.263188 0.551977 -0.792302 0.932421 0.932421 
49.000000 445 2.000000 8.315103 9.801965 -0.849810 -0.633418 1.123395 1.123395 
49.000000 446 2.000000 8.454384 12.346912 0.862692 0.617346 1.125353 1.125353 
49.000000 447 2.000000 3.082122 14.039694 -0.575600 0.813895 0.993741 0.993741 
49.000000 448 2.000000 10.731727 17.467244 -0.528162 -0.279354 0.356994 0.356994 
49.000000 449 2.000000 16.453134 5.038099 0.727728 -0.171370 0.558956 0.558956 
49.000000 450 2.000000 1.374831 10.083368 0.886987 -0.264370 0.856638 0.856638 
49.000000 451 2.000000 2.473144 8.639951 0.810866 -0.678212 1.117476 1.117476 
49.000000 452 2.000000 8.612648 16.019559 -1.019995 0.329960 1.149263 1.149263 
49.000000 453 2.000000 16.104898 18.910146 -1.199772 -0.681158 1.903429 1.903429 
49.000000 454 2.000000 14.952638 13.701842 0.030799 1.196667 1.432961 1.432961 
49.000000 455 2.000000 6.672058 16.941345 -0.208426 0.431077 0.229269 0.229269 
49.000000 456 2.000000 1.129453 6.167744 -0.548208 -0.580550 0.637571 0.637571 
49.000000 457 2.000000 7.414697 17.673046 0.699500 0.755258 1.059715 1.059715 
49.000000 458 2.000000 14.432188 19.639621 -0.234334 1.283369 1.701947 1.701947 
49.000000 459 2.000000 5.845291 15.476832 -0.551115 -0.878285 1.075112 1.075112 
49.000000 460 2.000000 7.408704 17.049910 0.575650 0.789725 0.955039 0.955039 
49.000000 461 2.000000 1.920862 10.680830 -0.578389 0.973938 1.283089 1.283089 
49.000000 462 2.000000 1.763593 13.088220 -1.067837 0.127513 1.156535 1.156535 
49.000000 463 2.000000 0.472720 18.830861 0.727260 0.321721 0.632411 0.632411 
49.000000 464 2.000000 16.450306 15.664945 1.010642 -0.498282 1.269683 1.269683 
49.000000 465 2.000000 1.853993 18.266984 0.371694 -0.997483 1.133129 1.133129 
49.000000 466 2.000000 12.476365 9.917204 -1.031269 0.259278 1.130741 1.130741 
49.000000 467 2.000000 15.970364 4.964423 1.040415 -0.264395 1.152367 1.152367 
49.000000 468 2.000000 11.229884 6.541735 -0.689703 -0.963938 1.404867 1.404867 
49.000000 469 2.000000 7.866019 10.305961 -0.440741 -0.869420 0.950145 0.950145 
49.000000 470 2.000000 1.796534 5.027899 -0.316298 0.948660 1.000000 1.000000 
49.000000 471 2.000000 0.954018 15.876227 -1.173612 0.575423 1.708478 1.708478 
49.000000 472 2.000000 4.891274 17.313253 0.914257 -0.329662 0.944542 0.944542 
49.000000 473 2.000000 14.539417 19.404861 -1.060500 -0.130107 1.141589 1.141589 
49.000000 474 2.000000 15.615661 15.878168 -0.611259 -0.130740 0.390730 0.390730 
49.000000 475 2.000000 4.096501 14.681167 0.145501 0.568595 0.344471 0.344471 
49.000000 476 2.000000 17.580243 9.855624 -0.896086 -0.412373 0.973022 0.973022 
49.000000 477 2.000000 5.814818 11.999507 1.002555 0.376160 1.146612 1.146612 
49.000000 478 2.000000 6.659074 7.526602 0.364086 -1.139123 1.430160 1.430160 
49.000000 479 2.000000 3.810648 12.035816 0.105598 1.104203 1.230416 1.230416 
49.000000 480 2.000000 4.569904 16.802721 -0.815541 -0.673111 1.118186 1.118186 
49.000000 481 2.000000 15.171788 6.728468 0.386919 -1.182365 1.547694 1.547694 
49.000000 482 2.000000 2.720999 19.800354 0.070151 -0.221827 0.054129 0.054129 
49.000000 483 2.000000 3.410354 13.737891 -0.811329 -0.278834 0.736004 0.736004 
49.000000 484 2.000000 11.283132 1.029299 -0.299755 1.029298 1.149306 1.149306 
49.000000 485 2.000000 9.491491 12.680932 0.917158 -0.867621 1.593945 1.593945 
49.000000 486 2.000000 7.923494 8.159429 -0.808906 -1.196017 2.084786 2.084786 
49.000000 487 2.000000 7.641799 5.019673 0.335167 -0.942159 1.000000 1.000000 
49.000000 488 2.000000 16.551796 2.913226 -0.289778 0.766638 0.671706 0.671706 
49.000000 489 2.000000 0.293928 1.008473 1.469633 -0.251383 2.223016 2.223016 
49.000000 490 2.000000 8.536305 5.076988 0.953777 -0.479069 1.139198 1.139198 
49.000000 491 2.000000 4.125165 7.778471 0.242353 -1.101509 1.272057 1.272057 
49.000000 492 2.000000 4.292086 19.470690 -1.222981 0.600556 1.856349 1.856349 
49.000000 493 2.000000 2.816590 1.840624 -0.366457 -1.226785 1.639292 1.639292 
49.000000 494 2.000000 5.604702 10.972093 0.023692 -0.119150 0.014758 0.014758 
49.000000 495 2.000000 2.929501 8.862872 0.791757 0.317666 0.727790 0.727790 
49.000000 496 2.000000 13.867080 14.701128 0.223666 1.122223 1.309412 1.309412 
49.000000 497 2.000000 15.131463 4.780222 0.741738 -0.792697 1.178544 1.178544 
49.000000 498 2.000000 7.178634 6.103746 -1.258508 -0.162215 1.610155 1.610155 
49.000000 499 2.000000 5.589229 12.951619 -0.673381 0.801958 1.096578 1.096578 
49.000000 500 2.000000 17.555525 13.435508 0.835977 -0.649950 1.121293 1.121293 
