608.000000 1 2.000000 0.999999 1.522229 -1.199991 -7.765847 61.748352 61.748352 
608.000000 2 2.000000 0.812118 19.186884 5.414111 -0.810122 29.968892 29.968892 
608.000000 3 2.000000 0.084577 13.706800 -2.034272 -0.272884 4.212727 4.212727 
608.000000 4 2.000000 0.721066 13.030736 -5.578655 3.226943 41.534556 41.534556 
608.000000 5 2.000000 0.999999 0.960640 -5.242226 3.842556 42.246174 42.246174 
608.000000 6 2.000000 0.992651 10.374499 0.863174 5.928285 35.889628 35.889628 
608.000000 7 2.000000 0.410970 4.957307 1.643876 -0.500919 2.953248 2.953248 
608.000000 8 2.000000 0.607689 8.946736 12.153761 -4.511536 168.067858 168.067858 
608.000000 9 2.000000 0.782218 3.407429 -4.355626 -4.344246 37.843950 37.843950 
608.000000 10 2.000000 0.511788 17.850397 2.558935 1.176491 7.932281 7.932281 
608.000000 11 2.000000 0.856882 4.714216 0.384963 -4.796385 23.153506 23.153506 
608.000000 12 2.000000 0.532579 8.334312 -4.674198 4.505033 42.143448 42.143448 
608.000000 13 2.000000 0.990889 18.608605 1.801615 -1.113115 4.484841 4.484841 
608.000000 14 2.000000 0.469091 8.310415 -3.539385 -1.155504 13.862435 13.862435 
608.000000 15 2.000000 0.399128 1.753081 0.189599 -2.358814 5.599953 5.599953 
608.000000 16 2.000000 0.722280 17.071819 -5.554371 -1.200350 32.291875 32.291875 
608.000000 17 2.000000 0.436339 18.412891 4.363383 -1.867186 22.525496 22.525496 
608.000000 18 2.000000 0.612230 2.969117 -1.938845 -2.219918 8.687155 8.687155 
608.000000 19 2.000000 0.526666 15.791807 3.511099 -0.929214 13.191251 13.191251 
608.000000 20 2.000000 0.709783 3.493573 -1.451080 2.401630 7.873457 7.873457 
608.000000 21 2.000000 0.768372 17.035087 3.073482 1.692269 12.310069 12.310069 
608.000000 22 2.000000 0.553240 19.776107 0.285550 1.720064 3.040160 3.040160 
608.000000 23 2.000000 0.014212 2.714950 -4.928933 -5.855222 58.578010 58.578010 
608.000000 24 2.000000 0.403226 1.717677 -0.055903 2.697317 7.278645 7.278645 
608.000000 25 2.000000 0.508916 6.267690 1.696382 -1.018073 3.914186 3.914186 
608.000000 26 2.000000 0.695906 16.676647 2.783621 1.836965 11.122988 11.122988 
608.000000 27 2.000000 0.615965 2.901624 0.518222 -0.591406 0.618315 0.618315 
608.000000 28 2.000000 0.110099 5.155495 0.550488 -2.874213 8.564140 8.564140 
608.000000 29 2.000000 0.118989 19.686723 -3.364746 6.441071 52.808904 52.808904 
608.000000 30 2.000000 0.221155 17.623087 -0.289430 -5.282027 27.983574 27.983574 
608.000000 31 2.000000 0.768201 6.655891 2.597616 -8.157226 73.287946 73.287946 
608.000000 32 2.000000 0.210851 4.688545 4.217004 -4.996624 42.749373 42.749373 
608.000000 33 2.000000 0.145048 19.298350 -2.613390 -1.298028 8.514682 8.514682 
608.000000 34 2.000000 0.897899 17.768492 -1.020997 -1.043824 2.132003 2.132003 
608.000000 35 2.000000 0.857971 16.058912 -1.420284 6.554658 44.980742 44.980742 
608.000000 36 2.000000 0.580253 7.785533 -1.399154 0.726011 2.484725 2.484725 
608.000000 37 2.000000 0.696755 18.095296 -6.064873 3.262985 47.429754 47.429754 
608.000000 38 2.000000 0.808375 0.629700 -0.638746 -0.927090 1.267493 1.267493 
608.000000 39 2.000000 0.999999 16.990609 -6.804280 5.501687 76.566795 76.566795 
608.000000 40 2.000000 0.013799 18.617085 -3.287333 11.038637 132.658066 132.658066 
608.000000 41 2.000000 0.861163 9.890126 2.152904 -5.616596 36.181149 36.181149 
608.000000 42 2.000000 0.026920 8.846725 -2.162398 -0.167993 4.704188 4.704188 
608.000000 43 2.000000 0.000001 0.666645 2.356237 2.666576 12.662479 12.662479 
608.000000 44 2.000000 0.999999 4.043369 -1.174851 4.256177 19.495317 19.495317 
608.000000 45 2.000000 0.000001 5.677145 3.390705 0.307736 11.591582 11.591582 
608.000000 46 2.000000 0.163231 10.523361 -2.390765 5.261680 33.401035 33.401035 
608.000000 47 2.000000 0.179609 5.125571 3.662268 -0.980960 14.374490 14.374490 
608.000000 48 2.000000 0.999999 9.441962 -1.431165 0.079664 2.054581 2.054581 
608.000000 49 2.000000 0.354073 4.268718 -4.306174 2.745269 26.079632 26.079632 
608.000000 50 2.000000 0.589035 1.879095 -2.739761 1.652237 10.236176 10.236176 
608.000000 51 2.000000 0.921970 1.778546 9.219688 0.046509 85.004819 85.004819 
608.000000 52 2.000000 0.588494 9.482368 0.470794 -2.529804 6.621553 6.621553 
608.000000 53 2.000000 0.219199 4.581238 1.095989 -2.816240 9.132402 9.132402 
608.000000 54 2.000000 0.999999 9.351635 -5.487831 3.308557 41.062836 41.062836 
608.000000 55 2.000000 0.671784 5.942648 -0.562321 -0.760722 0.894903 0.894903 
608.000000 56 2.000000 0.520592 19.810754 3.470607 -1.892447 15.626471 15.626471 
608.000000 57 2.000000 0.799262 17.639848 -4.014749 -2.923360 24.664245 24.664245 
608.000000 58 2.000000 0.886895 5.371276 4.434468 -2.018054 23.737048 23.737048 
608.000000 59 2.000000 0.587193 6.646935 -0.688010 -7.440046 55.827645 55.827645 
608.000000 60 2.000000 0.828152 1.975061 0.537249 0.171444 0.318030 0.318030 
608.000000 61 2.000000 0.251681 16.966229 -2.494394 6.717598 51.348121 51.348121 
608.000000 62 2.000000 0.467546 8.369713 4.675446 0.479105 22.089339 22.089339 
608.000000 63 2.000000 0.462381 14.377220 -2.150473 -2.499013 10.869600 10.869600 
608.000000 64 2.000000 0.231894 12.005009 -0.960132 -5.710707 33.534025 33.534025 
608.000000 65 2.000000 0.469144 3.247925 -0.204175 1.804402 3.297554 3.297554 
608.000000 66 2.000000 0.262201 19.439356 -4.918650 -3.737621 38.162934 38.162934 
608.000000 67 2.000000 0.683107 16.189614 -0.576167 -3.048308 9.624150 9.624150 
608.000000 68 2.000000 0.947480 19.582074 -1.050389 -0.642962 1.516718 1.516718 
608.000000 69 2.000000 0.071048 10.835859 -3.715805 0.412236 13.977146 13.977146 
608.000000 70 2.000000 0.292013 13.565008 -7.079860 3.331204 61.221339 61.221339 
608.000000 71 2.000000 0.502558 6.035334 -1.693448 -0.214901 2.913950 2.913950 
608.000000 72 2.000000 0.779734 4.759573 1.559465 3.070692 11.861081 11.861081 
608.000000 73 2.000000 0.476862 18.551860 4.768605 1.712130 25.670986 25.670986 
608.000000 74 2.000000 0.173053 5.124900 -8.405133 -0.230256 70.699278 70.699278 
608.000000 75 2.000000 0.893042 18.881660 -1.069574 0.573121 1.472455 1.472455 
608.000000 76 2.000000 0.599138 19.999999 3.994247 -2.294815 21.220185 21.220185 
608.000000 77 2.000000 0.717449 6.426559 4.558290 -0.195143 20.816088 20.816088 
608.000000 78 2.000000 0.877234 13.167638 3.508934 -6.211237 50.892079 50.892079 
608.000000 79 2.000000 0.908812 17.788279 1.899177 -1.816400 6.906184 6.906184 
608.000000 80 2.000000 0.194008 14.337905 -2.014977 -2.488943 10.254970 10.254970 
608.000000 81 2.000000 0.503346 1.684311 -0.721743 -3.721465 14.370214 14.370214 
608.000000 82 2.000000 0.457427 4.207780 4.574264 -0.510215 21.184214 21.184214 
608.000000 83 2.000000 0.165880 17.482414 3.317583 -2.970998 19.833187 19.833187 
608.000000 84 2.000000 0.791221 16.658698 7.912202 -1.951997 66.413230 66.413230 
608.000000 85 2.000000 0.118958 10.264396 1.189573 3.104769 11.054677 11.054677 
608.000000 86 2.000000 0.534849 7.604876 1.488426 -3.336692 13.348923 13.348923 
608.000000 87 2.000000 0.225074 7.538921 -1.937313 -6.922821 51.678634 51.678634 
608.000000 88 2.000000 0.000001 12.592800 5.583233 2.266444 36.309258 36.309258 
608.000000 89 2.000000 0.715484 6.120744 -5.690303 -0.118801 32.393656 32.393656 
608.000000 90 2.000000 0.078687 12.994529 1.573726 -2.642266 9.458185 9.458185 
608.000000 91 2.000000 0.517362 17.362104 2.069445 -1.402960 6.250897 6.250897 
608.000000 92 2.000000 0.142448 14.679128 2.848941 -1.523755 10.438296 10.438296 
608.000000 93 2.000000 0.819414 4.353180 -0.045740 2.103039 4.424866 4.424866 
608.000000 94 2.000000 0.247874 2.870625 1.239364 -3.666984 14.982793 14.982793 
608.000000 95 2.000000 0.253159 13.676806 -2.987358 1.080476 10.091738 10.091738 
608.000000 96 2.000000 0.064112 7.121037 -1.701613 -1.015571 3.926870 3.926870 
608.000000 97 2.000000 0.055716 3.520031 0.371431 -0.381757 0.283699 0.283699 
608.000000 98 2.000000 0.190809 3.444875 0.954038 2.947674 9.598969 9.598969 
608.000000 99 2.000000 0.848647 17.582248 3.394584 3.495091 23.738861 23.738861 
608.000000 100 2.000000 0.208404 7.028209 -0.142883 4.646991 21.614945 21.614945 
608.000000 101 2.000000 0.000001 16.454212 9.521262 -3.939763 106.176163 106.176163 
608.000000 102 2.000000 0.066344 1.393425 -6.224367 -5.204731 65.831977 65.831977 
608.000000 103 2.000000 0.790431 16.606823 2.258371 0.979418 6.059500 6.059500 
608.000000 104 2.000000 0.285366 10.540943 -2.041809 -0.720152 4.687602 4.687602 
608.000000 105 2.000000 0.870204 10.042127 -0.216325 -1.007658 1.062172 1.062172 
608.000000 106 2.000000 0.215295 1.143688 -0.541175 2.859217 8.467993 8.467993 
608.000000 107 2.000000 0.291077 1.613779 -7.089219 2.151703 54.886851 54.886851 
608.000000 108 2.000000 0.999999 11.219763 -10.180697 9.269180 189.564278 189.564278 
608.000000 109 2.000000 0.590484 9.762592 3.936555 -4.874956 39.261654 39.261654 
608.000000 110 2.000000 0.382413 7.262030 0.068038 2.969398 8.821954 8.821954 
608.000000 111 2.000000 0.366252 14.395052 2.441674 -0.341578 6.078449 6.078449 
608.000000 112 2.000000 0.879227 9.447523 -2.415445 3.008388 14.884775 14.884775 
608.000000 113 2.000000 0.228805 7.369898 -1.089097 -1.290829 2.852373 2.852373 
608.000000 114 2.000000 0.572909 14.302140 0.046642 -0.435193 0.191568 0.191568 
608.000000 115 2.000000 0.029236 3.877967 -1.941526 -0.246852 3.830460 3.830460 
608.000000 116 2.000000 0.336500 19.024209 1.055424 0.687781 1.586961 1.586961 
608.000000 117 2.000000 0.525687 7.437021 -1.054028 0.934937 1.985082 1.985082 
608.000000 118 2.000000 0.520842 2.472865 5.208413 1.648576 29.845367 29.845367 
608.000000 119 2.000000 0.440685 12.233064 0.979297 7.645664 59.415207 59.415207 
608.000000 120 2.000000 0.138682 19.587408 0.277362 -8.251818 68.169435 68.169435 
608.000000 121 2.000000 0.120451 19.803576 2.408996 -3.928453 21.236003 21.236003 
608.000000 122 2.000000 0.500932 13.996482 1.542840 2.363859 7.968185 7.968185 
608.000000 123 2.000000 0.000001 13.240091 5.791587 -2.316877 38.910395 38.910395 
608.000000 124 2.000000 0.036320 2.675125 0.726388 2.443992 6.500738 6.500738 
608.000000 125 2.000000 0.549636 17.059709 1.217171 -1.745190 4.527195 4.527195 
608.000000 126 2.000000 0.232717 9.872723 2.327159 4.105424 22.270171 22.270171 
608.000000 127 2.000000 0.027404 2.853587 -3.890382 -3.019138 24.250263 24.250263 
608.000000 128 2.000000 0.000001 10.744876 6.336016 -3.427823 51.895066 51.895066 
608.000000 129 2.000000 0.725570 6.060177 7.255692 -3.352701 63.885668 63.885668 
608.000000 130 2.000000 0.183494 13.392090 0.174647 2.233649 5.019691 5.019691 
608.000000 131 2.000000 0.180710 11.572304 3.614190 0.237834 13.118932 13.118932 
608.000000 132 2.000000 0.889570 7.050968 0.593046 6.409970 41.439418 41.439418 
608.000000 133 2.000000 0.234516 18.730726 -7.654828 2.170410 63.307069 63.307069 
608.000000 134 2.000000 0.336248 19.069247 1.442777 -1.455153 4.199076 4.199076 
608.000000 135 2.000000 0.117626 3.390481 -8.823733 5.216123 105.066209 105.066209 
608.000000 136 2.000000 0.433578 15.098221 2.890512 -3.404648 19.946688 19.946688 
608.000000 137 2.000000 0.813856 19.371820 2.034636 3.162408 14.140571 14.140571 
608.000000 138 2.000000 0.015265 16.388326 -4.923672 5.598622 55.587118 55.587118 
608.000000 139 2.000000 0.865254 2.860761 -1.347452 -1.064425 2.948627 2.948627 
608.000000 140 2.000000 0.752672 14.321527 -2.473273 -2.460751 12.172375 12.172375 
608.000000 141 2.000000 0.894908 17.345843 1.627103 -0.919008 3.492040 3.492040 
608.000000 142 2.000000 0.929849 10.958700 -1.402996 -0.091815 1.976828 1.976828 
608.000000 143 2.000000 0.595798 12.263004 0.862570 -4.590391 21.815712 21.815712 
608.000000 144 2.000000 0.999999 9.495508 -3.163071 -1.854129 13.442812 13.442812 
608.000000 145 2.000000 0.115034 3.477716 2.300669 -0.027243 5.293821 5.293821 
608.000000 146 2.000000 0.128685 19.363950 -8.713141 6.203759 114.405446 114.405446 
608.000000 147 2.000000 0.204822 7.457240 4.096413 0.300369 16.870822 16.870822 
608.000000 148 2.000000 0.740841 14.014583 4.938936 0.585328 24.735701 24.735701 
608.000000 149 2.000000 0.301674 18.056998 6.033468 -4.317781 55.045966 55.045966 
608.000000 150 2.000000 0.531334 16.540384 -3.124432 2.483455 15.929622 15.929622 
608.000000 151 2.000000 0.822056 17.960920 5.422356 -0.949487 30.303466 30.303466 
608.000000 152 2.000000 0.226293 17.581173 -5.158039 0.871787 27.365383 27.365383 
608.000000 153 2.000000 0.512899 18.565250 2.585707 -4.695111 28.729948 28.729948 
608.000000 154 2.000000 0.634749 2.757624 -1.217499 1.149010 2.802528 2.802528 
608.000000 155 2.000000 0.459818 1.842439 -10.803621 -1.733737 119.724071 119.724071 
608.000000 156 2.000000 0.394413 18.107852 -3.147021 2.563053 16.472980 16.472980 
608.000000 157 2.000000 0.340478 16.430465 1.442055 -3.674507 15.581527 15.581527 
608.000000 158 2.000000 0.241109 18.378862 4.822153 3.643001 36.524615 36.524615 
608.000000 159 2.000000 0.637514 1.698800 2.125044 8.493995 76.663770 76.663770 
608.000000 160 2.000000 0.752044 0.000001 -4.959093 1.975763 28.496239 28.496239 
608.000000 161 2.000000 0.033154 9.281583 -1.933689 1.258010 5.321745 5.321745 
608.000000 162 2.000000 0.610212 16.476312 2.440842 -7.047374 55.623189 55.623189 
608.000000 163 2.000000 0.999999 9.293866 -3.921251 -2.789994 23.160277 23.160277 
608.000000 164 2.000000 0.438574 4.943661 0.294589 1.492930 2.315622 2.315622 
608.000000 165 2.000000 0.367709 17.521963 2.451385 -1.761834 9.113349 9.113349 
608.000000 166 2.000000 0.532469 2.062623 -2.337651 -0.569570 5.789021 5.789021 
608.000000 167 2.000000 0.214783 6.625254 4.295646 7.794415 79.205473 79.205473 
608.000000 168 2.000000 0.505735 7.553338 -2.471319 1.653693 8.842119 8.842119 
608.000000 169 2.000000 0.344679 15.123010 -2.621281 0.287508 6.953777 6.953777 
608.000000 170 2.000000 0.717502 6.659729 -5.649935 9.513898 122.436018 122.436018 
608.000000 171 2.000000 0.351171 6.378046 -2.595314 1.542177 9.113964 9.113964 
608.000000 172 2.000000 0.459800 10.439304 -3.601323 0.707591 13.470217 13.470217 
608.000000 173 2.000000 0.309418 10.774643 1.547085 -1.414566 4.394470 4.394470 
608.000000 174 2.000000 0.527052 4.909224 0.137386 -2.050328 4.222719 4.222719 
608.000000 175 2.000000 0.896419 1.710490 -2.071599 5.701630 36.800100 36.800100 
608.000000 176 2.000000 0.127517 19.460721 -0.646283 -1.797593 3.649023 3.649023 
608.000000 177 2.000000 0.277265 3.299520 -3.613668 -3.479266 25.163890 25.163890 
608.000000 178 2.000000 0.202166 5.255676 -3.409642 -0.686172 12.096489 12.096489 
608.000000 179 2.000000 0.554381 11.231663 -0.810214 7.508702 57.037048 57.037048 
608.000000 180 2.000000 0.641459 19.149119 4.276390 4.613724 39.573956 39.573956 
608.000000 181 2.000000 0.692614 17.213645 -3.073855 8.880277 88.307897 88.307897 
608.000000 182 2.000000 0.203425 0.284478 -3.186298 -8.230583 77.894985 77.894985 
608.000000 183 2.000000 0.563727 8.863570 -0.969493 -1.777772 4.100391 4.100391 
608.000000 184 2.000000 0.681242 7.525891 -6.375131 0.600961 41.003453 41.003453 
608.000000 185 2.000000 0.687662 1.006919 0.428655 -5.397636 29.318220 29.318220 
608.000000 186 2.000000 0.999999 16.898992 -2.951388 -3.445563 20.582596 20.582596 
608.000000 187 2.000000 0.304864 3.666168 6.097263 4.313138 55.779776 55.779776 
608.000000 188 2.000000 0.138203 12.938989 -5.745306 5.074113 58.755159 58.755159 
608.000000 189 2.000000 0.651087 19.580717 -0.410485 3.523454 12.583224 12.583224 
608.000000 190 2.000000 0.000001 17.145144 2.823382 -2.050872 12.177563 12.177563 
608.000000 191 2.000000 0.199866 11.462169 -2.000332 -4.743239 26.499645 26.499645 
608.000000 192 2.000000 0.737875 7.119062 2.108211 4.917679 28.628121 28.628121 
608.000000 193 2.000000 0.929746 13.024830 3.718979 4.651028 35.462864 35.462864 
608.000000 194 2.000000 0.396523 10.221001 7.930442 -1.341352 64.691139 64.691139 
608.000000 195 2.000000 0.562069 13.033004 0.136721 1.696646 2.897299 2.897299 
608.000000 196 2.000000 0.528312 4.947286 -1.886750 0.369659 3.696473 3.696473 
608.000000 197 2.000000 0.477139 9.445807 3.180923 -0.183807 10.152054 10.152054 
608.000000 198 2.000000 0.268886 1.519458 5.377701 -1.390524 30.853223 30.853223 
608.000000 199 2.000000 0.058252 14.368954 -3.766989 -2.124923 18.705501 18.705501 
608.000000 200 2.000000 0.386768 10.740690 3.867670 0.652269 15.384330 15.384330 
608.000000 201 2.000000 0.383045 10.766829 -3.084769 0.819719 10.187740 10.187740 
608.000000 202 2.000000 0.873222 4.022514 3.492885 -1.979896 16.120231 16.120231 
608.000000 203 2.000000 0.183797 12.539727 -1.255696 0.571979 1.903933 1.903933 
608.000000 204 2.000000 0.405741 18.093954 -3.700261 -5.250503 41.259710 41.259710 
608.000000 205 2.000000 0.112508 11.019458 0.039270 -5.322089 28.326176 28.326176 
608.000000 206 2.000000 0.000001 1.037682 2.086567 -3.256985 14.961714 14.961714 
608.000000 207 2.000000 0.999999 15.483441 -6.037828 -6.452225 78.086574 78.086574 
608.000000 208 2.000000 0.484386 12.479989 -3.437423 -2.836310 19.860527 19.860527 
608.000000 209 2.000000 0.964056 19.906844 0.341909 -1.863100 3.588042 3.588042 
608.000000 210 2.000000 0.670455 1.225765 -1.318176 4.085881 18.432015 18.432015 
608.000000 211 2.000000 0.752849 5.717966 1.003797 -2.789022 8.786252 8.786252 
608.000000 212 2.000000 0.874038 12.358965 5.826912 -3.252039 44.528664 44.528664 
608.000000 213 2.000000 0.703160 2.229528 -5.936777 -1.861027 38.708745 38.708745 
608.000000 214 2.000000 0.512481 9.555823 0.213533 0.910773 0.875104 0.875104 
608.000000 215 2.000000 0.766777 9.968493 1.703948 0.437490 3.094834 3.094834 
608.000000 216 2.000000 0.922606 7.114665 -1.547864 5.691731 34.791684 34.791684 
608.000000 217 2.000000 0.675157 3.655469 -1.299369 -1.854165 5.126285 5.126285 
608.000000 218 2.000000 0.696220 1.606451 -6.075578 3.212900 47.235380 47.235380 
608.000000 219 2.000000 0.999999 3.992869 -4.765296 0.279744 22.786298 22.786298 
608.000000 220 2.000000 0.294133 7.501742 -1.085947 -6.755814 46.820310 46.820310 
608.000000 221 2.000000 0.259219 3.259280 5.184364 3.603265 39.861149 39.861149 
608.000000 222 2.000000 0.891214 2.551512 -2.175693 0.530717 5.015301 5.015301 
608.000000 223 2.000000 0.337940 2.218537 1.126464 3.169337 11.313616 11.313616 
608.000000 224 2.000000 0.567666 11.774839 -0.039189 -1.907480 3.640017 3.640017 
608.000000 225 2.000000 0.556980 4.696851 -1.476731 -1.012140 3.205161 3.205161 
608.000000 226 2.000000 0.283036 12.674362 -2.867852 1.499392 10.472750 10.472750 
608.000000 227 2.000000 0.351907 1.983391 -2.380789 -0.842288 6.377602 6.377602 
608.000000 228 2.000000 0.408814 5.478291 -5.911849 -3.104645 44.588777 44.588777 
608.000000 229 2.000000 0.679481 17.316791 -3.205176 0.514266 10.537625 10.537625 
608.000000 230 2.000000 0.999999 0.441758 -2.294175 -3.370917 16.626320 16.626320 
608.000000 231 2.000000 0.984396 8.566118 -0.019503 1.820193 3.313481 3.313481 
608.000000 232 2.000000 0.383276 11.772773 -4.109932 3.535700 29.392720 29.392720 
608.000000 233 2.000000 0.999999 5.754486 -5.512383 1.836742 33.759990 33.759990 
608.000000 234 2.000000 0.845299 4.902435 -3.093993 -4.731663 31.961425 31.961425 
608.000000 235 2.000000 0.839873 5.240015 2.799574 0.069943 7.842505 7.842505 
608.000000 236 2.000000 0.176227 4.553175 -4.118859 2.537285 23.402811 23.402811 
608.000000 237 2.000000 0.185497 17.883600 3.709918 2.929233 22.343900 22.343900 
608.000000 238 2.000000 0.621174 16.759244 -1.515299 2.867618 10.519367 10.519367 
608.000000 239 2.000000 0.618245 16.283934 -7.635076 1.703015 61.194650 61.194650 
608.000000 240 2.000000 0.175293 15.835648 3.505833 3.133788 22.111491 22.111491 
608.000000 241 2.000000 0.377577 16.055679 -2.255415 0.178527 5.118770 5.118770 
608.000000 242 2.000000 0.753263 18.540963 -0.986946 -1.716512 3.920477 3.920477 
608.000000 243 2.000000 0.000001 13.627707 6.281873 0.416273 39.635217 39.635217 
608.000000 244 2.000000 0.999999 5.639566 -0.360868 -1.997299 4.119431 4.119431 
608.000000 245 2.000000 0.461792 7.508544 -0.049518 -0.609402 0.373823 0.373823 
608.000000 246 2.000000 0.000001 12.994843 4.365957 -4.379599 38.242461 38.242461 
608.000000 247 2.000000 0.386452 3.307959 -4.090313 -0.987682 17.706179 17.706179 
608.000000 248 2.000000 0.754121 11.308579 -4.917567 7.539052 81.019774 81.019774 
608.000000 249 2.000000 0.202874 11.672764 -3.188501 7.606249 68.021554 68.021554 
608.000000 250 2.000000 0.961032 10.530958 0.355937 -2.176791 4.865110 4.865110 
608.000000 251 2.000000 0.618956 10.740770 4.126369 7.390052 71.639786 71.639786 
608.000000 252 2.000000 0.072666 1.682022 -4.636667 1.085175 22.676290 22.676290 
608.000000 253 2.000000 0.402756 9.534998 1.342518 2.486105 7.983073 7.983073 
608.000000 254 2.000000 0.694466 5.184760 -1.527667 -3.167296 12.365530 12.365530 
608.000000 255 2.000000 0.051422 10.405364 -3.161924 0.955110 10.909997 10.909997 
608.000000 256 2.000000 0.589210 4.870037 -0.821578 -6.650657 44.906231 44.906231 
608.000000 257 2.000000 0.742224 5.449658 0.927779 3.515908 13.222381 13.222381 
608.000000 258 2.000000 0.934968 4.016975 1.168709 0.627698 1.759884 1.759884 
608.000000 259 2.000000 0.824426 7.923881 -0.585244 -2.062564 4.596681 4.596681 
608.000000 260 2.000000 0.691716 13.838834 -2.055221 6.701915 49.139605 49.139605 
608.000000 261 2.000000 0.254422 4.452301 -2.130220 1.625753 7.180911 7.180911 
608.000000 262 2.000000 0.804496 19.810043 -0.977513 3.213936 11.284919 11.284919 
608.000000 263 2.000000 0.759680 13.816309 -4.806374 -1.626081 25.745374 25.745374 
608.000000 264 2.000000 0.424158 0.998089 2.120784 -1.807705 7.765524 7.765524 
608.000000 265 2.000000 0.798128 8.898836 5.320848 -3.415742 39.978722 39.978722 
608.000000 266 2.000000 0.642087 5.587859 -3.579121 -2.528446 19.203143 19.203143 
608.000000 267 2.000000 0.999999 10.611165 -10.938445 -0.697298 120.135807 120.135807 
608.000000 268 2.000000 0.699771 17.283193 2.332568 -2.716552 12.820529 12.820529 
608.000000 269 2.000000 0.809782 7.955190 1.896104 1.002637 4.600490 4.600490 
608.000000 270 2.000000 0.686786 11.891946 1.960243 5.952538 39.275266 39.275266 
608.000000 271 2.000000 0.324059 14.017186 -2.703760 0.961601 8.234993 8.234993 
608.000000 272 2.000000 0.749303 19.499336 7.493017 0.826215 56.827935 56.827935 
608.000000 273 2.000000 0.524367 14.576707 -3.170881 -0.168646 10.082930 10.082930 
608.000000 274 2.000000 0.700123 16.560172 4.667481 -4.046855 38.162411 38.162411 
608.000000 275 2.000000 0.287861 2.385401 0.719650 -5.674372 32.716390 32.716390 
608.000000 276 2.000000 0.370792 13.085879 2.471943 1.383280 8.023966 8.023966 
608.000000 277 2.000000 0.772652 3.291635 -4.546932 1.413141 22.671562 22.671562 
608.000000 278 2.000000 0.753129 9.923216 -1.843128 -0.712177 3.904318 3.904318 
608.000000 279 2.000000 0.673709 13.812011 2.245692 0.594827 5.396953 5.396953 
608.000000 280 2.000000 0.825787 10.068383 -0.276469 2.471651 6.185492 6.185492 
608.000000 281 2.000000 0.458274 11.894890 -2.708624 3.625624 20.481793 20.481793 
608.000000 282 2.000000 0.999999 16.701580 -4.437051 -0.749045 20.248488 20.248488 
608.000000 283 2.000000 0.172536 12.865495 3.450702 4.827133 35.208558 35.208558 
608.000000 284 2.000000 0.999999 11.947681 -3.876562 3.481303 27.147208 27.147208 
608.000000 285 2.000000 0.625715 7.605141 -7.485673 -1.042580 57.122275 57.122275 
608.000000 286 2.000000 0.537025 8.491504 2.685121 4.715212 29.443097 29.443097 
608.000000 287 2.000000 0.389428 0.614335 -4.070474 3.071668 26.003904 26.003904 
608.000000 288 2.000000 0.082186 10.445164 -1.817468 1.982433 7.233231 7.233231 
608.000000 289 2.000000 0.000001 10.233352 6.322001 3.856516 54.840413 54.840413 
608.000000 290 2.000000 0.808411 8.129035 1.243708 4.394072 20.854683 20.854683 
608.000000 291 2.000000 0.061433 18.135210 -2.085701 -1.107642 5.577022 5.577022 
608.000000 292 2.000000 0.503520 7.582038 5.035189 -1.704452 28.258283 28.258283 
608.000000 293 2.000000 0.599633 7.202929 -1.601463 6.002440 38.593965 38.593965 
608.000000 294 2.000000 0.292450 18.894720 5.848989 2.456163 40.243406 40.243406 
608.000000 295 2.000000 0.739553 8.171522 -1.736309 0.166505 3.042494 3.042494 
608.000000 296 2.000000 0.063584 2.748549 -1.337736 0.314195 1.888256 1.888256 
608.000000 297 2.000000 0.575935 11.593492 -2.120322 -1.522110 6.812585 6.812585 
608.000000 298 2.000000 0.717830 11.694443 0.797588 -2.636684 7.588251 7.588251 
608.000000 299 2.000000 0.302447 19.255440 1.512230 -0.101244 2.297089 2.297089 
608.000000 300 2.000000 0.466218 13.710664 2.331087 1.223467 6.930837 6.930837 
608.000000 301 2.000000 0.634300 7.898402 -2.437991 3.600768 18.909328 18.909328 
608.000000 302 2.000000 0.999999 5.611453 -2.200972 2.877668 13.125247 13.125247 
608.000000 303 2.000000 0.649174 6.866854 -0.877062 -3.365843 12.098138 12.098138 
608.000000 304 2.000000 0.938237 16.696280 2.680676 0.482937 7.419249 7.419249 
608.000000 305 2.000000 0.122313 9.215489 0.305780 0.727091 0.622162 0.622162 
608.000000 306 2.000000 0.738700 12.918297 3.693497 0.927013 14.501271 14.501271 
608.000000 307 2.000000 0.287250 19.686706 2.872492 1.534380 10.605530 10.605530 
608.000000 308 2.000000 0.845981 9.274370 -3.080360 1.339750 11.283550 11.283550 
608.000000 309 2.000000 0.728656 18.306141 1.821636 0.727145 3.847099 3.847099 
608.000000 310 2.000000 0.163468 13.033277 -4.182653 0.916325 18.334236 18.334236 
608.000000 311 2.000000 0.745838 1.107819 -5.083212 0.738545 26.384493 26.384493 
608.000000 312 2.000000 0.822797 17.979757 1.115418 0.696153 1.728786 1.728786 
608.000000 313 2.000000 0.420355 8.406176 2.101768 0.925715 5.274376 5.274376 
608.000000 314 2.000000 0.010332 6.368226 -2.199261 1.978823 8.752487 8.752487 
608.000000 315 2.000000 0.849307 17.612021 2.062320 3.579414 17.065372 17.065372 
608.000000 316 2.000000 0.101007 1.418167 -1.383065 0.224810 1.963409 1.963409 
608.000000 317 2.000000 0.999999 2.799403 -7.976620 -2.669930 70.754986 70.754986 
608.000000 318 2.000000 0.272980 5.309191 1.364895 -4.567952 22.729125 22.729125 
608.000000 319 2.000000 0.369216 5.963074 1.846077 -3.085430 12.927877 12.927877 
608.000000 320 2.000000 0.000001 7.462922 4.452241 -2.786017 27.584344 27.584344 
608.000000 321 2.000000 0.239151 3.692262 -3.804242 0.225888 14.523281 14.523281 
608.000000 322 2.000000 0.387588 4.284166 3.875870 -2.004309 19.039622 19.039622 
608.000000 323 2.000000 0.220397 5.400159 -4.620857 3.366874 32.688159 32.688159 
608.000000 324 2.000000 0.676537 5.380375 0.751706 3.995499 16.529077 16.529077 
608.000000 325 2.000000 0.246897 7.745635 -0.941378 4.037312 17.186077 17.186077 
608.000000 326 2.000000 0.798874 13.967143 -4.022496 -0.805393 16.829131 16.829131 
608.000000 327 2.000000 0.277057 10.932587 5.541120 -0.327712 30.811406 30.811406 
608.000000 328 2.000000 0.999999 7.385579 -7.743423 -1.072195 61.110195 61.110195 
608.000000 329 2.000000 0.875979 14.448463 1.167970 0.864435 2.111403 2.111403 
608.000000 330 2.000000 0.326581 7.819386 -1.924052 1.186609 5.110019 5.110019 
608.000000 331 2.000000 0.000001 16.259418 7.796591 -2.883046 69.098787 69.098787 
608.000000 332 2.000000 0.859755 12.753872 -1.402445 1.250571 3.530781 3.530781 
608.000000 333 2.000000 0.571631 1.754590 3.124517 3.271379 20.464529 20.464529 
608.000000 334 2.000000 0.372095 14.791316 -3.139519 0.734051 10.395409 10.395409 
608.000000 335 2.000000 0.000001 18.632624 2.283846 -0.173919 5.246199 5.246199 
608.000000 336 2.000000 0.084573 3.195749 -4.577129 1.098848 22.157574 22.157574 
608.000000 337 2.000000 0.135102 17.656873 -0.862158 -2.285436 5.966535 5.966535 
608.000000 338 2.000000 0.865904 9.819854 -2.681896 -4.984562 32.038423 32.038423 
608.000000 339 2.000000 0.609453 2.870098 3.047258 4.783495 32.167607 32.167607 
608.000000 340 2.000000 0.359321 18.313516 2.395469 -0.168175 5.766555 5.766555 
608.000000 341 2.000000 0.642582 5.120297 3.707382 -2.511906 20.054358 20.054358 
608.000000 342 2.000000 0.147489 2.963037 2.949762 2.230659 13.676933 13.676933 
608.000000 343 2.000000 0.818115 7.396773 -0.727537 -1.121725 1.787577 1.787577 
608.000000 344 2.000000 0.335839 4.107344 3.358385 -0.779160 11.885839 11.885839 
608.000000 345 2.000000 0.330202 3.636555 0.825503 -1.922689 4.378189 4.378189 
608.000000 346 2.000000 0.281134 2.961527 2.811332 0.944474 8.795620 8.795620 
608.000000 347 2.000000 0.324372 16.297373 -2.702507 -2.270754 12.459864 12.459864 
608.000000 348 2.000000 0.214104 7.522151 4.282055 1.122702 19.596458 19.596458 
608.000000 349 2.000000 0.978154 0.428635 0.863416 -3.168075 10.782183 10.782183 
608.000000 350 2.000000 0.094582 6.488046 -2.586904 4.389991 25.964095 25.964095 
608.000000 351 2.000000 0.878605 6.306769 2.510298 1.084041 7.476742 7.476742 
608.000000 352 2.000000 0.520555 15.350558 -3.196291 1.609221 12.805867 12.805867 
608.000000 353 2.000000 0.699739 8.337562 0.233246 0.299091 0.143859 0.143859 
608.000000 354 2.000000 0.535593 2.320598 -4.644064 11.602987 156.196632 156.196632 
608.000000 355 2.000000 0.559611 11.559626 -1.100970 2.329016 6.636450 6.636450 
608.000000 356 2.000000 0.451034 12.605725 -5.489646 -1.528094 32.471281 32.471281 
608.000000 357 2.000000 0.315014 12.883473 3.150133 -3.524718 22.346978 22.346978 
608.000000 358 2.000000 0.613383 5.347718 4.089213 -7.414960 71.703297 71.703297 
608.000000 359 2.000000 0.625444 1.660581 -0.749110 -2.810374 8.459370 8.459370 
608.000000 360 2.000000 0.774000 19.610145 1.311156 -1.132428 3.001522 3.001522 
608.000000 361 2.000000 0.218602 0.088465 4.372027 -1.904684 22.742441 22.742441 
608.000000 362 2.000000 0.275328 17.163668 -4.831141 -1.189285 24.754322 24.754322 
608.000000 363 2.000000 0.803097 2.908867 -3.938035 -2.537824 21.948674 21.948674 
608.000000 364 2.000000 0.586066 9.159820 -0.452355 -2.877714 8.485863 8.485863 
608.000000 365 2.000000 0.464956 10.949814 1.328444 2.060479 6.010338 6.010338 
608.000000 366 2.000000 0.199732 5.237071 -1.782358 0.798021 3.813638 3.813638 
608.000000 367 2.000000 0.889583 4.388267 -1.104163 -1.991152 5.183860 5.183860 
608.000000 368 2.000000 0.252034 6.449494 -0.157128 -0.036551 0.026025 0.026025 
608.000000 369 2.000000 0.000001 2.974909 9.793374 4.576782 116.857112 116.857112 
608.000000 370 2.000000 0.403545 4.670514 -5.964540 -7.861274 97.375370 97.375370 
608.000000 371 2.000000 0.000001 9.601133 2.251831 -0.844252 5.783504 5.783504 
608.000000 372 2.000000 0.322589 7.190523 0.806470 -1.945539 4.435518 4.435518 
608.000000 373 2.000000 0.262826 18.991789 -2.457242 0.267275 6.109474 6.109474 
608.000000 374 2.000000 0.058897 2.915604 -1.882205 -2.527907 9.933010 9.933010 
608.000000 375 2.000000 0.913179 0.641462 2.029284 3.207306 14.404805 14.404805 
608.000000 376 2.000000 0.843202 11.413610 -0.209063 5.308655 28.225529 28.225529 
608.000000 377 2.000000 0.348297 5.896233 2.321970 5.360211 34.123409 34.123409 
608.000000 378 2.000000 0.067107 9.877622 -2.332230 3.540766 17.976321 17.976321 
608.000000 379 2.000000 0.264167 9.385572 -2.943326 -2.217946 13.582453 13.582453 
608.000000 380 2.000000 0.148851 17.196555 -2.127869 -5.606889 35.965027 35.965027 
608.000000 381 2.000000 0.999999 10.676573 -1.442706 5.619248 33.657351 33.657351 
608.000000 382 2.000000 0.000001 19.525985 4.996380 -1.660069 27.719639 27.719639 
608.000000 383 2.000000 0.834321 14.271579 1.191886 1.972717 5.312204 5.312204 
608.000000 384 2.000000 0.000001 5.304261 4.270595 -2.875577 26.506925 26.506925 
608.000000 385 2.000000 0.000001 14.155170 1.634937 -0.347637 2.793869 2.793869 
608.000000 386 2.000000 0.124945 15.263015 1.249437 -4.207876 19.267313 19.267313 
608.000000 387 2.000000 0.375437 17.686100 7.508719 -1.928949 60.101706 60.101706 
608.000000 388 2.000000 0.999999 14.469872 -7.762464 -2.989258 69.191508 69.191508 
608.000000 389 2.000000 0.347317 13.894058 1.157721 -4.361386 20.362007 20.362007 
608.000000 390 2.000000 0.897360 11.367437 5.982395 0.335622 35.901694 35.901694 
608.000000 391 2.000000 0.424045 18.961169 -3.839693 1.700271 17.634161 17.634161 
608.000000 392 2.000000 0.249283 6.885418 -0.084522 -1.891679 3.585592 3.585592 
608.000000 393 2.000000 0.932667 10.524962 4.663328 1.655583 24.487585 24.487585 
608.000000 394 2.000000 0.000001 11.736637 4.588719 -2.114486 25.527398 25.527398 
608.000000 395 2.000000 0.270508 0.456645 -1.215818 -1.939355 5.239312 5.239312 
608.000000 396 2.000000 0.280259 11.269565 5.605160 -3.132493 41.230332 41.230332 
608.000000 397 2.000000 0.295919 1.767026 2.959181 -0.742613 9.308224 9.308224 
608.000000 398 2.000000 0.533524 11.073641 -3.109832 2.214728 14.576073 14.576073 
608.000000 399 2.000000 0.999999 2.193783 -4.110103 -4.964633 41.540531 41.540531 
608.000000 400 2.000000 0.190854 5.577213 3.817058 -3.785716 28.901572 28.901572 
608.000000 401 2.000000 0.167504 15.680900 3.350064 7.479719 67.169133 67.169133 
608.000000 402 2.000000 0.780303 16.447804 -2.196964 -0.427805 5.009670 5.009670 
608.000000 403 2.000000 0.917870 10.127622 -1.642582 -2.070489 6.985000 6.985000 
608.000000 404 2.000000 0.769162 6.242845 -0.512972 3.045290 9.536931 9.536931 
608.000000 405 2.000000 0.387708 8.292394 3.877069 -4.591217 36.110939 36.110939 
608.000000 406 2.000000 0.673880 1.789889 -1.630595 2.983147 11.558002 11.558002 
608.000000 407 2.000000 0.886266 1.004651 2.532185 -2.096175 10.805911 10.805911 
608.000000 408 2.000000 0.999999 18.032685 -3.078536 0.674525 9.932366 9.932366 
608.000000 409 2.000000 0.783119 17.839434 -4.337604 0.132608 18.832396 18.832396 
608.000000 410 2.000000 0.959869 15.581931 0.343708 -8.300895 69.022987 69.022987 
608.000000 411 2.000000 0.438874 16.304001 -1.937890 1.896545 7.352300 7.352300 
608.000000 412 2.000000 0.661544 3.534053 2.646173 1.016654 8.035815 8.035815 
608.000000 413 2.000000 0.000001 4.719308 5.133141 -3.319048 37.365211 37.365211 
608.000000 414 2.000000 0.624079 5.072638 4.160518 2.415541 23.144751 23.144751 
608.000000 415 2.000000 0.910481 15.003109 1.011644 0.788170 1.644636 1.644636 
608.000000 416 2.000000 0.119770 3.644570 -2.165103 -0.009674 4.687766 4.687766 
608.000000 417 2.000000 0.003793 18.577779 -0.528149 -1.586928 2.797283 2.797283 
608.000000 418 2.000000 0.754715 4.788679 0.520492 2.736388 7.758729 7.758729 
608.000000 419 2.000000 0.000001 0.325103 4.215609 0.928862 18.634145 18.634145 
608.000000 420 2.000000 0.999999 12.042434 -7.748687 -2.468771 66.136983 66.136983 
608.000000 421 2.000000 0.999999 18.351584 -3.129068 -2.997119 18.773785 18.773785 
608.000000 422 2.000000 0.000001 9.000498 2.025765 3.804348 18.576785 18.576785 
608.000000 423 2.000000 0.036878 15.895810 -1.203901 1.024596 2.499173 2.499173 
608.000000 424 2.000000 0.000001 9.191489 3.721191 1.095921 15.048305 15.048305 
608.000000 425 2.000000 0.958938 19.709259 4.794683 7.282851 76.028902 76.028902 
608.000000 426 2.000000 0.297159 14.240512 2.971578 -3.199715 19.068453 19.068453 
608.000000 427 2.000000 0.658883 3.921373 -6.822315 -1.305100 48.247268 48.247268 
608.000000 428 2.000000 0.711576 12.923897 -1.922819 1.447668 5.792976 5.792976 
608.000000 429 2.000000 0.366056 1.302008 5.167494 2.204875 31.564465 31.564465 
608.000000 430 2.000000 0.626307 0.986400 -3.736922 2.465998 20.045728 20.045728 
608.000000 431 2.000000 0.239213 17.548260 4.784248 -7.004969 71.958629 71.958629 
608.000000 432 2.000000 0.085556 18.318061 -1.410570 8.563935 75.330687 75.330687 
608.000000 433 2.000000 0.744655 4.770665 1.861634 -2.991446 12.414432 12.414432 
608.000000 434 2.000000 0.826431 9.581649 -1.157119 -3.834093 16.039193 16.039193 
608.000000 435 2.000000 0.299354 8.503176 -1.751612 -3.890281 18.202434 18.202434 
608.000000 436 2.000000 0.608180 18.521651 6.081787 -0.006187 36.988176 36.988176 
608.000000 437 2.000000 0.610406 3.078169 -2.976586 6.527964 51.474371 51.474371 
608.000000 438 2.000000 0.663485 12.620311 -6.730277 -2.904856 53.734821 53.734821 
608.000000 439 2.000000 0.000001 11.544437 3.288663 -3.019958 19.935452 19.935452 
608.000000 440 2.000000 0.999999 3.282455 -6.838269 -1.985817 50.705394 50.705394 
608.000000 441 2.000000 0.000001 12.304539 3.391140 -5.505134 41.806329 41.806329 
608.000000 442 2.000000 0.756832 10.088884 0.946039 -6.607410 44.552853 44.552853 
608.000000 443 2.000000 0.990648 16.066388 6.604314 -4.627778 65.033287 65.033287 
608.000000 444 2.000000 0.229040 5.255364 -3.854796 6.569204 58.013892 58.013892 
608.000000 445 2.000000 0.825208 13.343241 0.492818 1.029976 1.303721 1.303721 
608.000000 446 2.000000 0.425687 18.094501 -1.609331 -0.509860 2.849902 2.849902 
608.000000 447 2.000000 0.708769 12.356524 7.087676 1.344617 52.043139 52.043139 
608.000000 448 2.000000 0.928435 19.483277 -1.431286 -3.444811 13.915301 13.915301 
608.000000 449 2.000000 0.999999 19.031934 -1.517617 4.458731 22.183443 22.183443 
608.000000 450 2.000000 0.868993 3.279569 1.931093 3.406195 15.331288 15.331288 
608.000000 451 2.000000 0.693953 13.917611 2.775808 -1.123551 8.967476 8.967476 
608.000000 452 2.000000 0.060547 17.336372 -0.450226 2.490555 6.405567 6.405567 
608.000000 453 2.000000 0.590929 3.267374 -1.168772 0.768693 1.956918 1.956918 
608.000000 454 2.000000 0.496339 15.994673 2.481691 5.566632 37.146185 37.146185 
608.000000 455 2.000000 0.020659 14.118035 0.206578 -1.485529 2.249472 2.249472 
608.000000 456 2.000000 0.000001 19.999999 3.344646 -1.799720 14.425648 14.425648 
608.000000 457 2.000000 0.000001 9.129463 3.751092 -2.787317 21.839830 21.839830 
608.000000 458 2.000000 0.084845 4.627630 0.424221 -7.272416 53.067994 53.067994 
608.000000 459 2.000000 0.630899 4.296255 4.205985 4.296254 36.148111 36.148111 
608.000000 460 2.000000 0.699182 18.465240 -0.401089 -2.557932 6.703887 6.703887 
608.000000 461 2.000000 0.952721 8.039339 3.289821 1.658430 13.573309 13.573309 
608.000000 462 2.000000 0.604371 4.730018 -1.582514 -2.172767 7.225268 7.225268 
608.000000 463 2.000000 0.501895 13.256051 -1.992415 6.810236 50.349035 50.349035 
608.000000 464 2.000000 0.300041 10.325120 -2.799833 -1.860019 11.298734 11.298734 
608.000000 465 2.000000 0.999999 14.273052 -4.823356 3.490844 35.450752 35.450752 
608.000000 466 2.000000 0.000001 12.237415 6.071028 1.209015 38.319098 38.319098 
608.000000 467 2.000000 0.810714 6.742236 -3.785695 -3.194642 24.537223 24.537223 
608.000000 468 2.000000 0.999999 1.558869 -4.369150 -2.255901 24.178556 24.178556 
608.000000 469 2.000000 0.164732 10.098769 3.294610 -2.641064 17.829678 17.829678 
608.000000 470 2.000000 0.305249 11.058032 0.210516 5.944830 35.385326 35.385326 
608.000000 471 2.000000 0.730764 14.460403 1.043948 -7.901635 63.525670 63.525670 
608.000000 472 2.000000 0.848546 1.434691 8.485447 3.188199 82.167423 82.167423 
608.000000 473 2.000000 0.720439 13.414832 1.029198 0.755528 1.630070 1.630070 
608.000000 474 2.000000 0.044099 19.026255 0.881954 0.274058 0.852951 0.852951 
608.000000 475 2.000000 0.115939 13.518014 -0.267883 0.724067 0.596035 0.596035 
608.000000 476 2.000000 0.091710 19.133581 -1.228510 1.837298 4.884899 4.884899 
608.000000 477 2.000000 0.785128 2.332204 1.427504 0.577545 2.371327 2.371327 
608.000000 478 2.000000 0.158425 13.619917 -0.647365 -1.521769 2.734863 2.734863 
608.000000 479 2.000000 0.898003 13.940926 0.690771 -3.495443 12.695287 12.695287 
608.000000 480 2.000000 0.965101 14.985546 6.434001 -2.069760 45.680270 45.680270 
608.000000 481 2.000000 0.189635 9.290503 -1.350606 0.597552 2.181205 2.181205 
608.000000 482 2.000000 0.999999 9.393484 -8.639745 0.178698 74.677122 74.677122 
608.000000 483 2.000000 0.445432 2.926139 8.908612 0.630741 79.761197 79.761197 
608.000000 484 2.000000 0.612046 7.588567 1.112809 5.233494 28.627802 28.627802 
608.000000 485 2.000000 0.046838 17.838956 -1.466402 -1.964585 6.009927 6.009927 
608.000000 486 2.000000 0.277267 5.591899 -2.890927 4.779421 31.200323 31.200323 
608.000000 487 2.000000 0.238684 19.439171 2.386830 -2.243313 10.729414 10.729414 
608.000000 488 2.000000 0.554663 16.259056 3.697747 1.687142 16.519781 16.519781 
608.000000 489 2.000000 0.028581 0.081815 0.285799 0.136357 0.100275 0.100275 
608.000000 490 2.000000 0.612055 0.384968 -0.431049 1.099904 1.395593 1.395593 
608.000000 491 2.000000 0.483466 17.696698 3.223103 -2.093910 14.772849 14.772849 
608.000000 492 2.000000 0.390551 11.582003 -3.047239 -4.030095 25.527327 25.527327 
608.000000 493 2.000000 0.290716 7.074860 -0.418394 6.159035 38.108766 38.108766 
608.000000 494 2.000000 0.999999 1.778218 -4.355222 -2.431161 24.878504 24.878504 
608.000000 495 2.000000 0.000001 17.293362 0.638350 3.357077 11.677454 11.677454 
608.000000 496 2.000000 0.262144 0.324619 -1.229759 -0.800894 2.153736 2.153736 
608.000000 497 2.000000 0.588958 9.576734 -2.740276 2.816686 15.442836 15.442836 
608.000000 498 2.000000 0.650935 13.470025 -3.490642 1.755844 15.267566 15.267566 
608.000000 499 2.000000 0.091617 0.447396 0.610777 1.278272 2.007027 2.007027 
608.000000 500 2.000000 0.901826 9.568868 -1.963453 -2.771780 11.537911 11.537911 
