409.000000 1 2.000000 1.700829 18.868970 -1.451934 -1.330622 3.878667 3.878667 
409.000000 2 2.000000 1.522878 19.692317 -0.904165 0.032852 0.818593 0.818593 
409.000000 3 2.000000 2.236682 12.124066 0.648313 -0.421173 0.597697 0.597697 
409.000000 4 2.000000 4.437518 19.016866 0.062530 -0.468158 0.223082 0.223082 
409.000000 5 2.000000 0.892027 13.739544 0.312992 2.163707 4.779594 4.779594 
409.000000 6 2.000000 3.092550 14.138253 0.572694 0.547994 0.628276 0.628276 
409.000000 7 2.000000 2.141335 12.514023 -0.962224 -2.017108 4.994603 4.994603 
409.000000 8 2.000000 2.242039 12.556798 0.773117 -2.221851 5.534332 5.534332 
409.000000 9 2.000000 3.415947 1.289863 0.742755 1.719816 3.509451 3.509451 
409.000000 10 2.000000 1.008245 13.955532 -1.514968 2.113921 6.763790 6.763790 
409.000000 11 2.000000 2.061559 17.363845 -0.197953 -2.510623 6.342414 6.342414 
409.000000 12 2.000000 2.749968 19.611744 -1.014018 1.538852 3.396298 3.396298 
409.000000 13 2.000000 3.731173 7.569041 1.522927 0.976650 3.273154 3.273154 
409.000000 14 2.000000 1.058313 2.594095 -1.225499 -0.372133 1.640330 1.640330 
409.000000 15 2.000000 3.213557 7.342131 -0.562405 -0.176935 0.347606 0.347606 
409.000000 16 2.000000 3.767237 8.741726 0.498972 0.205645 0.291263 0.291263 
409.000000 17 2.000000 0.069934 8.833912 1.398664 1.354368 3.790572 3.790572 
409.000000 18 2.000000 2.273453 14.105991 -0.653365 -4.064833 16.949754 16.949754 
409.000000 19 2.000000 3.754543 18.068794 -0.291910 3.646195 13.379949 13.379949 
409.000000 20 2.000000 3.674438 3.055273 0.220087 -0.574417 0.378394 0.378394 
409.000000 21 2.000000 1.034028 6.377339 0.255315 -0.150742 0.087909 0.087909 
409.000000 22 2.000000 0.400248 2.842473 -3.219041 -0.618643 10.744943 10.744943 
409.000000 23 2.000000 0.133170 18.450974 2.663374 -1.290854 8.759867 8.759867 
409.000000 24 2.000000 1.422393 0.753279 -0.447994 -1.568720 2.661581 2.661581 
409.000000 25 2.000000 0.212288 12.638510 -0.751565 -2.374674 6.203926 6.203926 
409.000000 26 2.000000 0.633944 14.785246 0.792429 -1.829738 3.975884 3.975884 
409.000000 27 2.000000 3.496354 12.442293 -0.092311 0.482861 0.241676 0.241676 
409.000000 28 2.000000 2.578442 6.161392 2.864934 1.839221 11.590584 11.590584 
409.000000 29 2.000000 3.113729 17.116592 -3.025268 4.174778 26.581019 26.581019 
409.000000 30 2.000000 3.822945 13.844458 1.960484 1.081582 5.013319 5.013319 
409.000000 31 2.000000 3.968499 2.523510 -0.690666 -1.039690 1.557976 1.557976 
409.000000 32 2.000000 2.162927 5.223856 3.089895 -1.155740 10.883185 10.883185 
409.000000 33 2.000000 1.578880 15.769643 -0.084414 -2.169072 4.711999 4.711999 
409.000000 34 2.000000 2.744924 7.552535 0.002362 -0.792842 0.628603 0.628603 
409.000000 35 2.000000 0.653896 10.402967 -1.109578 1.447967 3.327773 3.327773 
409.000000 36 2.000000 1.175101 11.250484 1.236947 0.631920 1.929361 1.929361 
409.000000 37 2.000000 1.908714 16.220010 0.632406 0.237718 0.456448 0.456448 
409.000000 38 2.000000 3.929435 12.406716 2.535119 -0.590988 6.776094 6.776094 
409.000000 39 2.000000 0.052067 5.880339 1.041320 1.896883 4.682514 4.682514 
409.000000 40 2.000000 1.066033 5.085927 -1.043316 0.443146 1.284888 1.284888 
409.000000 41 2.000000 0.545945 5.292331 2.183775 -3.904622 20.014947 20.014947 
409.000000 42 2.000000 1.474764 4.023946 1.340694 0.296725 1.885506 1.885506 
409.000000 43 2.000000 1.577431 10.566819 -0.868669 -2.849093 8.871918 8.871918 
409.000000 44 2.000000 3.795001 9.157816 -0.568399 0.840474 1.029473 1.029473 
409.000000 45 2.000000 1.622570 8.685730 -3.582287 3.619054 25.930329 25.930329 
409.000000 46 2.000000 0.860488 5.302235 2.868289 2.660778 15.306822 15.306822 
409.000000 47 2.000000 4.184754 9.582438 1.128257 -0.021413 1.273421 1.273421 
409.000000 48 2.000000 3.444396 15.994944 1.129310 -0.749720 1.837420 1.837420 
409.000000 49 2.000000 3.458123 1.337112 0.218177 -0.006469 0.047643 0.047643 
409.000000 50 2.000000 0.306289 0.717937 0.875109 -0.122082 0.780720 0.780720 
409.000000 51 2.000000 3.992718 4.405250 1.857078 0.730190 3.981914 3.981914 
409.000000 52 2.000000 3.520840 17.385842 -1.209449 -0.816924 2.130131 2.130131 
409.000000 53 2.000000 1.205203 19.371884 -1.179332 0.028294 1.391624 1.391624 
409.000000 54 2.000000 2.504303 12.010107 -0.573259 0.066004 0.332983 0.332983 
409.000000 55 2.000000 0.124622 15.383035 -0.517256 1.402969 2.235877 2.235877 
409.000000 56 2.000000 0.628020 11.126484 -0.449746 1.303520 1.901436 1.901436 
409.000000 57 2.000000 0.206008 11.244799 -1.612811 2.162461 7.277399 7.277399 
409.000000 58 2.000000 3.506987 0.532689 -1.767112 -0.788150 3.743865 3.743865 
409.000000 59 2.000000 4.197878 5.223712 0.027622 -1.420225 2.017803 2.017803 
409.000000 60 2.000000 2.110257 0.862530 2.221322 0.690023 5.410402 5.410402 
409.000000 61 2.000000 4.302527 14.196262 -0.099208 -3.627336 13.167405 13.167405 
409.000000 62 2.000000 4.048033 3.532852 0.019698 -1.204632 1.451527 1.451527 
409.000000 63 2.000000 3.051736 2.466368 -1.913017 -0.762195 4.240576 4.240576 
409.000000 64 2.000000 1.897015 13.437708 2.529352 0.295808 6.485126 6.485126 
409.000000 65 2.000000 1.503909 18.040005 0.835504 -0.664405 1.139501 1.139501 
409.000000 66 2.000000 3.509020 15.574804 2.155348 -0.365677 4.779245 4.779245 
409.000000 67 2.000000 0.000001 8.659761 3.604964 0.491024 13.236867 13.236867 
409.000000 68 2.000000 4.163940 0.987893 0.012109 -1.585411 2.513674 2.513674 
409.000000 69 2.000000 1.347967 16.883909 -0.301887 -1.271873 1.708798 1.708798 
409.000000 70 2.000000 0.782757 3.170145 1.956889 -2.337480 9.293228 9.293228 
409.000000 71 2.000000 3.026090 8.641282 -1.947212 0.626264 4.183842 4.183842 
409.000000 72 2.000000 0.460902 17.269716 -0.366048 0.358625 0.262604 0.262604 
409.000000 73 2.000000 1.826036 19.281435 0.500283 0.674749 0.705569 0.705569 
409.000000 74 2.000000 3.144174 9.432969 0.397997 -1.903969 3.783501 3.783501 
409.000000 75 2.000000 1.663304 4.421986 1.108868 2.056737 5.459756 5.459756 
409.000000 76 2.000000 1.868538 14.125035 2.198279 -0.077900 4.838501 4.838501 
409.000000 77 2.000000 2.706817 11.537902 -0.913117 0.377566 0.976339 0.976339 
409.000000 78 2.000000 1.156896 16.084378 -1.609954 -0.536386 2.879661 2.879661 
409.000000 79 2.000000 3.034915 10.509344 2.890394 0.454061 8.560551 8.560551 
409.000000 80 2.000000 0.549848 18.271573 0.610941 -2.033442 4.508135 4.508135 
409.000000 81 2.000000 1.744393 7.100911 3.488783 1.636344 14.849230 14.849230 
409.000000 82 2.000000 0.661835 17.831398 0.307830 -0.102237 0.105212 0.105212 
409.000000 83 2.000000 0.863751 4.311846 0.106785 1.690920 2.870612 2.870612 
409.000000 84 2.000000 0.961258 14.561549 2.403142 1.574221 8.253266 8.253266 
409.000000 85 2.000000 4.431088 0.995876 0.973865 -1.473188 3.118696 3.118696 
409.000000 86 2.000000 4.116051 8.094115 -0.797884 0.065492 0.640909 0.640909 
409.000000 87 2.000000 4.009272 3.638643 1.743161 0.553156 3.344593 3.344593 
409.000000 88 2.000000 1.083463 0.895099 1.274661 -0.853090 2.352523 2.352523 
409.000000 89 2.000000 0.114376 19.591723 0.326786 -0.453640 0.312578 0.312578 
409.000000 90 2.000000 4.329211 15.067254 0.079787 2.739308 7.510176 7.510176 
409.000000 91 2.000000 0.389205 6.341813 1.297346 1.393805 3.625798 3.625798 
409.000000 92 2.000000 1.540704 14.852739 -0.599018 0.545396 0.656280 0.656280 
409.000000 93 2.000000 3.325179 1.827713 2.015259 -1.776605 7.217595 7.217595 
409.000000 94 2.000000 1.853233 3.737655 0.686382 0.705767 0.969228 0.969228 
409.000000 95 2.000000 2.033757 0.100488 -1.069592 0.287107 1.226458 1.226458 
409.000000 96 2.000000 2.092925 4.101902 0.711967 1.475434 2.683803 2.683803 
409.000000 97 2.000000 2.077940 7.247194 -0.500147 0.227239 0.301785 0.301785 
409.000000 98 2.000000 0.759260 3.746109 -1.176073 -0.429013 1.567201 1.567201 
409.000000 99 2.000000 0.495329 11.164083 -0.320098 -1.968578 3.977761 3.977761 
409.000000 100 2.000000 4.123302 10.435577 5.497735 -2.732692 37.692692 37.692692 
409.000000 101 2.000000 3.232394 11.165492 3.591548 0.553730 13.205831 13.205831 
409.000000 102 2.000000 0.924724 12.843976 1.681314 -1.773200 5.971056 5.971056 
409.000000 103 2.000000 3.478460 3.729476 0.764496 -1.513537 2.875249 2.875249 
409.000000 104 2.000000 3.041283 4.777850 2.097436 2.330658 9.831206 9.831206 
409.000000 105 2.000000 0.519106 11.207966 3.460700 -1.823522 15.301680 15.301680 
409.000000 106 2.000000 2.958787 12.091473 2.689805 -1.535636 9.593231 9.593231 
409.000000 107 2.000000 1.238361 16.338483 0.619180 0.640273 0.793333 0.793333 
409.000000 108 2.000000 3.203579 15.855568 2.562862 -1.691604 9.429788 9.429788 
409.000000 109 2.000000 1.109989 7.828673 -0.122749 0.335426 0.127578 0.127578 
409.000000 110 2.000000 3.329136 10.722989 1.563542 -2.883918 10.761647 10.761647 
409.000000 111 2.000000 1.912214 19.518977 1.230723 0.652781 1.940803 1.940803 
409.000000 112 2.000000 1.608364 2.843353 -0.987878 2.369460 6.590246 6.590246 
409.000000 113 2.000000 3.765972 2.948167 -0.570328 -1.069086 1.468219 1.468219 
409.000000 114 2.000000 1.558299 13.885356 0.097699 -0.579587 0.345466 0.345466 
409.000000 115 2.000000 1.443369 1.668808 -3.211294 -0.765153 10.897871 10.897871 
409.000000 116 2.000000 2.699950 17.940548 1.126056 -0.048900 1.270392 1.270392 
409.000000 117 2.000000 2.048457 17.169110 -1.414881 -0.460307 2.213771 2.213771 
409.000000 118 2.000000 4.025804 18.068440 -1.478649 -0.143187 2.206904 2.206904 
409.000000 119 2.000000 1.810725 5.175727 -0.924469 0.734825 1.394611 1.394611 
409.000000 120 2.000000 4.417876 5.105136 -0.238613 -3.529344 12.513207 12.513207 
409.000000 121 2.000000 1.304242 11.070124 -0.662647 2.506502 6.721653 6.721653 
409.000000 122 2.000000 1.243800 3.011018 2.487599 1.204407 7.638744 7.638744 
409.000000 123 2.000000 0.000001 1.274928 3.553004 -0.388048 12.774417 12.774417 
409.000000 124 2.000000 3.409481 10.330626 -1.096733 2.106894 5.641826 5.641826 
409.000000 125 2.000000 2.375471 18.444244 -0.081808 0.080473 0.013168 0.013168 
409.000000 126 2.000000 1.172621 6.287850 1.675171 2.564238 9.381516 9.381516 
409.000000 127 2.000000 3.099155 1.598750 2.066103 0.450352 4.471598 4.471598 
409.000000 128 2.000000 2.296532 8.200335 -0.668322 -3.246553 10.986760 10.986760 
409.000000 129 2.000000 4.059869 1.480095 3.122976 2.960189 18.515694 18.515694 
409.000000 130 2.000000 1.652472 2.824983 -2.709930 0.342853 7.461269 7.461269 
409.000000 131 2.000000 2.050417 7.029353 -0.156340 2.218646 4.946831 4.946831 
409.000000 132 2.000000 0.352116 10.296696 1.760573 0.389086 3.251006 3.251006 
409.000000 133 2.000000 1.119687 17.991360 2.035792 -0.354055 4.269806 4.269806 
409.000000 134 2.000000 3.806880 8.208324 0.108065 1.989483 3.969722 3.969722 
409.000000 135 2.000000 4.082361 10.190972 -2.542252 2.681834 13.655282 13.655282 
409.000000 136 2.000000 3.840327 12.643107 2.477630 -0.181663 6.171651 6.171651 
409.000000 137 2.000000 1.600816 7.835587 0.117202 0.260081 0.081378 0.081378 
409.000000 138 2.000000 0.524343 7.494396 0.254687 -3.009707 9.123201 9.123201 
409.000000 139 2.000000 2.520175 4.846253 -2.806320 0.923096 8.727539 8.727539 
409.000000 140 2.000000 0.225368 3.456945 -1.011019 1.646164 3.732013 3.732013 
409.000000 141 2.000000 3.612642 2.463880 -0.058934 -1.241871 1.545717 1.545717 
409.000000 142 2.000000 2.540178 17.522313 2.208849 -1.538969 7.247440 7.247440 
409.000000 143 2.000000 3.047862 2.580404 -0.978091 0.737258 1.500212 1.500212 
409.000000 144 2.000000 1.209344 8.517660 0.628340 -1.453222 2.506665 2.506665 
409.000000 145 2.000000 3.600258 7.028328 0.666714 0.969424 1.384292 1.384292 
409.000000 146 2.000000 2.162681 19.032879 1.109066 -1.611866 3.828140 3.828140 
409.000000 147 2.000000 0.123475 8.213903 -1.414039 -0.190616 2.035842 2.035842 
409.000000 148 2.000000 0.196053 11.134759 -4.524259 -0.287850 20.551774 20.551774 
409.000000 149 2.000000 1.185964 4.157640 0.250171 -1.969172 3.940224 3.940224 
409.000000 150 2.000000 0.150915 18.750619 -0.205905 -0.925467 0.898886 0.898886 
409.000000 151 2.000000 1.152049 6.943508 -0.547092 -1.470927 2.462936 2.462936 
409.000000 152 2.000000 1.708886 18.462438 -1.811621 1.828960 6.627065 6.627065 
409.000000 153 2.000000 0.589336 11.160430 2.357340 -3.761519 19.706073 19.706073 
409.000000 154 2.000000 2.926169 17.082570 -1.314525 0.733033 2.265314 2.265314 
409.000000 155 2.000000 2.336903 0.848020 0.631595 2.120048 4.893515 4.893515 
409.000000 156 2.000000 2.444498 10.073229 0.174862 -0.718683 0.547083 0.547083 
409.000000 157 2.000000 0.634694 16.664553 -0.153010 -1.516112 2.322008 2.322008 
409.000000 158 2.000000 0.465265 16.751908 0.281978 -1.546710 2.471824 2.471824 
409.000000 159 2.000000 3.379638 12.618879 1.469407 -0.653196 2.585823 2.585823 
409.000000 160 2.000000 4.247694 0.723208 -2.141047 -0.527029 4.861843 4.861843 
409.000000 161 2.000000 1.197821 1.965388 1.260863 0.207385 1.632783 1.632783 
409.000000 162 2.000000 2.975276 11.672582 -0.885271 -1.749598 3.844798 3.844798 
409.000000 163 2.000000 2.282091 16.959170 1.267828 1.162727 2.959320 2.959320 
409.000000 164 2.000000 1.653848 11.479964 -2.044487 -1.990697 8.142800 8.142800 
409.000000 165 2.000000 3.604787 1.968429 3.277078 -0.871297 11.498399 11.498399 
409.000000 166 2.000000 3.675821 1.513201 2.940656 -1.331129 10.419363 10.419363 
409.000000 167 2.000000 3.543474 8.894015 -0.668707 -0.716515 0.960563 0.960563 
409.000000 168 2.000000 3.187739 5.902349 -1.731681 -0.986172 3.971253 3.971253 
409.000000 169 2.000000 0.474596 0.547696 -0.602829 -1.402640 2.330801 2.330801 
409.000000 170 2.000000 4.041873 19.879439 -0.962723 1.918153 4.606148 4.606148 
409.000000 171 2.000000 0.117415 4.495374 -1.438189 0.250446 2.131109 2.131109 
409.000000 172 2.000000 4.179442 8.937637 -0.544467 4.704019 22.424238 22.424238 
409.000000 173 2.000000 0.377273 13.409896 -1.738302 -0.630475 3.419194 3.419194 
409.000000 174 2.000000 1.090709 5.902083 0.157518 -0.441241 0.219506 0.219506 
409.000000 175 2.000000 1.702386 17.921757 2.431978 -1.539438 8.284387 8.284387 
409.000000 176 2.000000 1.370433 19.065291 0.092521 0.698692 0.496730 0.496730 
409.000000 177 2.000000 0.188054 18.592653 -2.754379 3.448567 19.479216 19.479216 
409.000000 178 2.000000 3.120807 0.556347 -0.455872 -1.433245 2.262011 2.262011 
409.000000 179 2.000000 0.273058 13.248482 -1.715682 0.752860 3.510364 3.510364 
409.000000 180 2.000000 2.766261 16.438611 -0.471779 0.984783 1.192372 1.192372 
409.000000 181 2.000000 3.373576 0.995018 -0.624174 1.326690 2.149699 2.149699 
409.000000 182 2.000000 1.790539 7.744145 2.387384 0.532069 5.982698 5.982698 
409.000000 183 2.000000 2.459273 0.552753 -0.017183 0.789646 0.623836 0.623836 
409.000000 184 2.000000 0.818737 5.063774 0.372153 -1.382072 2.048621 2.048621 
409.000000 185 2.000000 3.861184 10.851823 -0.956176 -3.054095 10.241769 10.241769 
409.000000 186 2.000000 0.310179 4.844616 0.689285 -0.535526 0.761902 0.761902 
409.000000 187 2.000000 3.872622 4.949035 -0.025287 -1.985873 3.944332 3.944332 
409.000000 188 2.000000 2.509072 17.840841 3.860109 0.852475 15.627155 15.627155 
409.000000 189 2.000000 3.051088 12.927789 -1.601235 2.872842 10.817173 10.817173 
409.000000 190 2.000000 3.507543 3.994379 0.219670 -0.101534 0.058564 0.058564 
409.000000 191 2.000000 1.382049 3.083798 0.152712 -1.708707 2.943001 2.943001 
409.000000 192 2.000000 1.892547 10.317778 -1.064181 0.704285 1.628499 1.628499 
409.000000 193 2.000000 1.788619 19.419617 0.096377 -0.218550 0.057053 0.057053 
409.000000 194 2.000000 2.575154 14.983104 -0.078334 -0.699568 0.495531 0.495531 
409.000000 195 2.000000 0.495333 4.228265 1.651107 1.921938 6.420000 6.420000 
409.000000 196 2.000000 3.510697 7.611247 -1.236890 1.372201 3.412833 3.412833 
409.000000 197 2.000000 0.448718 4.103641 -1.736139 -0.328006 3.121765 3.121765 
409.000000 198 2.000000 1.663909 15.924895 0.078912 -2.263946 5.131681 5.131681 
409.000000 199 2.000000 2.318619 19.465812 1.363893 -0.227313 1.911875 1.911875 
409.000000 200 2.000000 0.814635 7.500204 1.629269 0.882983 3.434176 3.434176 
409.000000 201 2.000000 3.502478 16.319287 1.997284 0.200250 4.029245 4.029245 
409.000000 202 2.000000 3.680210 15.946533 2.044560 -1.977301 8.089945 8.089945 
409.000000 203 2.000000 3.658664 19.295687 -2.036339 0.767402 4.735581 4.735581 
409.000000 204 2.000000 2.134573 6.554890 -0.914765 -0.788569 1.458636 1.458636 
409.000000 205 2.000000 0.000001 12.368982 3.813241 0.137480 14.559711 14.559711 
409.000000 206 2.000000 1.248083 2.508885 -0.415637 2.389413 5.882051 5.882051 
409.000000 207 2.000000 2.713665 10.821143 0.012261 -1.835771 3.370206 3.370206 
409.000000 208 2.000000 0.982454 19.725537 -0.827897 0.865904 1.435202 1.435202 
409.000000 209 2.000000 0.986556 1.517685 -1.975069 -2.689781 11.135820 11.135820 
409.000000 210 2.000000 1.497358 4.482206 -1.730069 1.427526 5.030971 5.030971 
409.000000 211 2.000000 2.108378 9.525022 1.621829 -1.396664 4.580997 4.580997 
409.000000 212 2.000000 3.091039 5.333204 0.979711 0.085645 0.967169 0.967169 
409.000000 213 2.000000 4.001760 19.577401 0.938560 -1.207423 2.338764 2.338764 
409.000000 214 2.000000 3.534247 9.960098 1.121983 -1.746070 4.307605 4.307605 
409.000000 215 2.000000 1.666853 17.538750 -0.001767 0.883564 0.780689 0.780689 
409.000000 216 2.000000 4.033686 3.170088 0.256351 1.152759 1.394569 1.394569 
409.000000 217 2.000000 2.819011 14.302763 -1.966221 0.130685 3.883103 3.883103 
409.000000 218 2.000000 2.565247 16.863219 1.251339 0.001382 1.565852 1.565852 
409.000000 219 2.000000 4.011529 1.818558 1.234316 0.427896 1.706632 1.706632 
409.000000 220 2.000000 3.787907 2.615747 0.390506 0.038000 0.153939 0.153939 
409.000000 221 2.000000 1.111774 7.974042 -0.651986 0.519482 0.694947 0.694947 
409.000000 222 2.000000 4.380525 12.087407 -0.296246 -1.040030 1.169425 1.169425 
409.000000 223 2.000000 2.157907 5.950878 0.918258 0.341549 0.959853 0.959853 
409.000000 224 2.000000 0.101150 2.213724 -2.600853 -1.308251 8.475956 8.475956 
409.000000 225 2.000000 2.944110 15.425288 1.635616 0.477095 2.902860 2.902860 
409.000000 226 2.000000 3.852578 4.600929 -2.459684 -0.413178 6.220760 6.220760 
409.000000 227 2.000000 0.511206 1.859419 -0.340436 -1.400817 2.078185 2.078185 
409.000000 228 2.000000 0.261401 12.463333 0.746858 -0.730249 1.091060 1.091060 
409.000000 229 2.000000 1.928178 7.637687 0.856968 0.181408 0.767303 0.767303 
409.000000 230 2.000000 2.508322 12.273878 1.858016 -2.619024 10.311510 10.311510 
409.000000 231 2.000000 0.618071 6.499752 -1.953335 1.404531 5.788223 5.788223 
409.000000 232 2.000000 1.556390 0.351924 -2.456008 -0.569582 6.356397 6.356397 
409.000000 233 2.000000 2.704175 19.584892 -0.487698 -0.488361 0.476347 0.476347 
409.000000 234 2.000000 4.401720 4.537734 0.063820 2.836083 8.047440 8.047440 
409.000000 235 2.000000 4.246959 13.178916 -0.460080 -4.133990 17.301544 17.301544 
409.000000 236 2.000000 4.093845 15.891920 -0.101834 -0.370073 0.147324 0.147324 
409.000000 237 2.000000 0.726032 1.911886 -0.362248 -0.112281 0.143830 0.143830 
409.000000 238 2.000000 0.020105 8.884478 -0.925579 -0.858341 1.593446 1.593446 
409.000000 239 2.000000 1.560088 0.918808 -0.973524 -1.189683 2.363096 2.363096 
409.000000 240 2.000000 2.968897 17.463411 0.079709 1.053073 1.115316 1.115316 
409.000000 241 2.000000 1.739366 3.266637 2.898942 -0.147304 8.425562 8.425562 
409.000000 242 2.000000 2.410644 19.311799 -0.712650 2.392807 6.233395 6.233395 
409.000000 243 2.000000 0.417481 5.916512 0.463867 -0.727829 0.744907 0.744907 
409.000000 244 2.000000 1.372876 4.749783 2.496136 -3.201209 16.478435 16.478435 
409.000000 245 2.000000 2.646018 6.571998 0.687277 0.681592 0.936918 0.936918 
409.000000 246 2.000000 2.012961 4.524650 -0.643015 1.049831 1.515614 1.515614 
409.000000 247 2.000000 1.543039 4.898906 1.624250 0.685162 3.107636 3.107636 
409.000000 248 2.000000 1.560473 5.722602 -2.797549 1.846000 11.233997 11.233997 
409.000000 249 2.000000 1.696905 6.094224 0.771320 2.487438 6.782282 6.782282 
409.000000 250 2.000000 0.296891 19.883563 -0.313296 -0.194060 0.135813 0.135813 
409.000000 251 2.000000 4.315394 0.348666 1.836337 -1.553465 5.785389 5.785389 
409.000000 252 2.000000 0.000001 1.791829 2.030824 1.628935 6.777675 6.777675 
409.000000 253 2.000000 4.287957 9.433211 -0.025382 0.792707 0.629028 0.629028 
409.000000 254 2.000000 2.250687 7.856528 -2.981083 0.316448 8.986994 8.986994 
409.000000 255 2.000000 1.442067 10.243561 0.994529 0.416121 1.162244 1.162244 
409.000000 256 2.000000 0.848990 5.139106 1.061236 -2.518795 7.470552 7.470552 
409.000000 257 2.000000 1.730289 18.846773 -2.909274 0.312523 8.561546 8.561546 
409.000000 258 2.000000 0.163386 3.361162 -1.946717 -1.225759 5.292191 5.292191 
409.000000 259 2.000000 3.190271 2.017001 -1.305728 2.241111 6.727506 6.727506 
409.000000 260 2.000000 0.481843 14.592034 -1.047613 -3.004425 10.124063 10.124063 
409.000000 261 2.000000 3.505597 4.451980 -1.040528 1.309406 2.797243 2.797243 
409.000000 262 2.000000 0.560573 13.363299 0.431209 -1.525678 2.513636 2.513636 
409.000000 263 2.000000 1.521827 3.884043 -1.817498 0.935914 4.179235 4.179235 
409.000000 264 2.000000 2.061715 9.866203 -2.121726 0.068399 4.506398 4.506398 
409.000000 265 2.000000 0.000001 8.916033 2.910270 -4.030533 24.714871 24.714871 
409.000000 266 2.000000 3.955905 8.617929 1.817840 1.186380 4.712038 4.712038 
409.000000 267 2.000000 4.255664 1.713469 -0.543837 1.105463 1.517808 1.517808 
409.000000 268 2.000000 2.552652 3.869691 -0.223657 1.228473 1.559168 1.559168 
409.000000 269 2.000000 2.986343 18.277227 -0.237804 0.702422 0.549948 0.549948 
409.000000 270 2.000000 1.233372 13.829855 0.719352 0.775462 1.118809 1.118809 
409.000000 271 2.000000 2.634609 7.296075 0.428392 -0.874068 0.947514 0.947514 
409.000000 272 2.000000 1.147485 8.957476 1.349981 -0.673238 2.275698 2.275698 
409.000000 273 2.000000 1.382744 11.469774 -1.198474 1.905978 5.069092 5.069092 
409.000000 274 2.000000 0.003310 18.733902 -3.337769 1.110501 12.373916 12.373916 
409.000000 275 2.000000 2.355028 5.483201 -1.144827 -0.750867 1.874429 1.874429 
409.000000 276 2.000000 1.650981 11.261589 1.056050 -1.853217 4.549655 4.549655 
409.000000 277 2.000000 3.537521 6.880420 -0.308934 2.146453 4.702700 4.702700 
409.000000 278 2.000000 4.034939 0.435073 -1.246742 0.621531 1.940667 1.940667 
409.000000 279 2.000000 1.798752 1.225325 1.124219 1.441557 3.341957 3.341957 
409.000000 280 2.000000 3.175735 12.009617 -1.387752 0.745641 2.481836 2.481836 
409.000000 281 2.000000 2.018603 12.202676 -0.882105 0.577104 1.111158 1.111158 
409.000000 282 2.000000 0.517712 4.302737 -1.369572 0.735796 2.417124 2.417124 
409.000000 283 2.000000 0.713552 19.705604 -0.889011 -0.981318 1.753325 1.753325 
409.000000 284 2.000000 0.387115 14.461695 -2.664377 -3.692203 20.731264 20.731264 
409.000000 285 2.000000 2.934685 6.281202 -2.732978 -0.282764 7.549124 7.549124 
409.000000 286 2.000000 0.601844 9.971751 -1.172163 0.102124 1.384396 1.384396 
409.000000 287 2.000000 1.931656 2.747785 0.495296 1.831856 3.601016 3.601016 
409.000000 288 2.000000 2.639908 15.142235 -0.185736 -1.000996 1.036490 1.036490 
409.000000 289 2.000000 0.356374 13.531799 1.781863 -1.648703 5.893256 5.893256 
409.000000 290 2.000000 3.127988 14.286598 -1.194532 0.406482 1.592133 1.592133 
409.000000 291 2.000000 1.668876 2.274609 1.223714 -1.975328 5.399396 5.399396 
409.000000 292 2.000000 3.108734 11.099587 -0.322221 -2.432815 6.022413 6.022413 
409.000000 293 2.000000 0.574216 7.797458 0.212672 1.607723 2.630003 2.630003 
409.000000 294 2.000000 3.850201 3.161746 0.306694 0.181575 0.127031 0.127031 
409.000000 295 2.000000 4.405050 0.965869 2.841967 -2.175329 12.808833 12.808833 
409.000000 296 2.000000 2.064729 0.624756 2.752971 -0.979414 8.538099 8.538099 
409.000000 297 2.000000 0.433678 1.440041 -2.156064 -0.232591 4.702708 4.702708 
409.000000 298 2.000000 4.093876 13.433300 -0.148637 1.626260 2.666814 2.666814 
409.000000 299 2.000000 3.533190 13.651054 -0.634651 1.925257 4.109398 4.109398 
409.000000 300 2.000000 0.191043 8.503865 3.820839 1.828788 17.943275 17.943275 
409.000000 301 2.000000 1.552147 4.331507 -1.454583 0.643641 2.530086 2.530086 
409.000000 302 2.000000 4.157717 12.039135 1.385905 -0.517603 2.188647 2.188647 
409.000000 303 2.000000 4.102193 2.162796 -1.817031 -0.560502 3.615765 3.615765 
409.000000 304 2.000000 1.205190 3.588588 -0.339186 -1.823490 3.440163 3.440163 
409.000000 305 2.000000 1.396887 10.529416 1.307872 -0.707862 2.211596 2.211596 
409.000000 306 2.000000 2.294281 9.874333 3.823799 2.947562 23.309562 23.309562 
409.000000 307 2.000000 3.435111 18.042823 2.369041 -1.957176 9.442895 9.442895 
409.000000 308 2.000000 2.658703 16.243702 -2.608424 0.975598 7.755664 7.755664 
409.000000 309 2.000000 2.281014 2.572726 2.683544 1.659823 9.956421 9.956421 
409.000000 310 2.000000 2.002120 13.546170 -2.766754 0.447750 7.855410 7.855410 
409.000000 311 2.000000 0.757208 3.600527 -0.976142 -0.075544 0.958560 0.958560 
409.000000 312 2.000000 3.984544 10.733922 -2.405276 1.758719 8.878445 8.878445 
409.000000 313 2.000000 0.522334 12.017423 -0.334337 -2.012561 4.162182 4.162182 
409.000000 314 2.000000 2.569432 7.665985 0.604572 -1.724664 3.339973 3.339973 
409.000000 315 2.000000 2.141422 9.435644 1.586238 0.932667 3.386019 3.386019 
409.000000 316 2.000000 0.519751 18.589790 -1.713850 0.030575 2.938217 2.938217 
409.000000 317 2.000000 2.778420 5.504316 -1.498504 -0.033264 2.246620 2.246620 
409.000000 318 2.000000 1.427469 0.531085 2.379113 -0.063033 5.664150 5.664150 
409.000000 319 2.000000 3.280032 17.436762 -1.346852 0.964322 2.743928 2.743928 
409.000000 320 2.000000 1.116278 6.240936 -0.633839 2.311457 5.744586 5.744586 
409.000000 321 2.000000 2.970817 17.965129 1.700597 -0.153377 2.915553 2.915553 
409.000000 322 2.000000 3.332267 16.014275 -0.573344 0.384884 0.476859 0.476859 
409.000000 323 2.000000 2.252369 10.392161 3.465182 -2.135075 16.566030 16.566030 
409.000000 324 2.000000 3.087222 14.269328 -3.084172 -0.153498 9.535678 9.535678 
409.000000 325 2.000000 3.130865 10.951565 1.098549 -2.479023 7.352365 7.352365 
409.000000 326 2.000000 3.301169 15.590097 0.632758 -0.884160 1.182122 1.182122 
409.000000 327 2.000000 0.713073 7.170038 -0.500805 -1.004381 1.259588 1.259588 
409.000000 328 2.000000 4.282426 5.577198 0.531978 -0.478465 0.511930 0.511930 
409.000000 329 2.000000 4.343493 6.516926 -2.328130 -1.814778 8.713609 8.713609 
409.000000 330 2.000000 1.329674 8.931537 1.899533 1.127763 4.880073 4.880073 
409.000000 331 2.000000 3.870533 3.389754 4.074245 -0.752784 17.166152 17.166152 
409.000000 332 2.000000 0.829616 19.505118 -0.313120 -0.471315 0.320182 0.320182 
409.000000 333 2.000000 1.377508 5.817658 1.252279 0.061870 1.572030 1.572030 
409.000000 334 2.000000 0.820842 12.717605 -2.947725 -0.040153 8.690696 8.690696 
409.000000 335 2.000000 3.608306 2.103290 0.751730 2.804385 8.429672 8.429672 
409.000000 336 2.000000 0.859819 6.220041 0.661398 -0.714092 0.947376 0.947376 
409.000000 337 2.000000 4.070037 15.880887 1.146489 2.810776 9.214901 9.214901 
409.000000 338 2.000000 3.941015 12.097051 -3.484561 0.892928 12.939484 12.939484 
409.000000 339 2.000000 3.298430 10.778858 3.664699 -0.403033 13.592451 13.592451 
409.000000 340 2.000000 2.190557 17.086847 -0.032197 0.931860 0.869400 0.869400 
409.000000 341 2.000000 3.870755 6.567271 -0.383438 -2.484741 6.320962 6.320962 
409.000000 342 2.000000 2.975956 7.432159 -2.508071 -0.148925 6.312599 6.312599 
409.000000 343 2.000000 1.027728 5.672113 -1.144539 0.123483 1.325218 1.325218 
409.000000 344 2.000000 1.633416 10.589668 -0.440635 -1.990499 4.156245 4.156245 
409.000000 345 2.000000 3.393800 0.473620 -0.629221 -1.497061 2.637111 2.637111 
409.000000 346 2.000000 3.339166 10.900710 0.640338 0.711311 0.915996 0.915996 
409.000000 347 2.000000 3.055201 8.453670 -0.796269 -0.782802 1.246824 1.246824 
409.000000 348 2.000000 0.971217 2.156544 -0.016445 -0.461871 0.213595 0.213595 
409.000000 349 2.000000 3.711043 7.794117 -1.187163 1.090086 2.597645 2.597645 
409.000000 350 2.000000 1.520796 4.713353 1.900994 -3.151886 13.548163 13.548163 
409.000000 351 2.000000 2.394639 0.934214 -0.871800 -2.860187 8.940706 8.940706 
409.000000 352 2.000000 1.685309 11.394872 -0.758179 1.675716 3.382861 3.382861 
409.000000 353 2.000000 0.689737 16.003458 -1.750846 2.607031 9.862071 9.862071 
409.000000 354 2.000000 1.911679 18.523184 1.737889 -0.615339 3.398900 3.398900 
409.000000 355 2.000000 3.918921 17.390276 -1.578222 -1.491271 4.714672 4.714672 
409.000000 356 2.000000 4.457999 17.909262 -2.837089 1.786089 11.239191 11.239191 
409.000000 357 2.000000 3.600344 12.670113 1.756265 0.543913 3.380307 3.380307 
409.000000 358 2.000000 0.000001 18.890724 2.833474 -2.465055 14.105068 14.105068 
409.000000 359 2.000000 4.453729 19.563779 0.742288 -0.513201 0.814366 0.814366 
409.000000 360 2.000000 2.250071 17.297042 2.647141 -2.252464 12.080951 12.080951 
409.000000 361 2.000000 2.166090 14.515724 0.882351 -0.987767 1.754226 1.754226 
409.000000 362 2.000000 2.282300 2.701064 -1.778559 -0.284836 3.244404 3.244404 
409.000000 363 2.000000 0.588519 12.208843 -0.043073 -1.063460 1.132802 1.132802 
409.000000 364 2.000000 4.101092 6.521219 1.464676 0.152952 2.168669 2.168669 
409.000000 365 2.000000 2.639241 7.072322 0.227174 -0.404431 0.215173 0.215173 
409.000000 366 2.000000 1.913770 9.853581 -3.112580 1.479943 11.878387 11.878387 
409.000000 367 2.000000 4.230534 19.768614 -4.587297 0.897754 21.849253 21.849253 
409.000000 368 2.000000 3.015430 17.385744 -0.312775 -0.804386 0.744865 0.744865 
409.000000 369 2.000000 4.067479 0.974769 -1.339734 -0.060843 1.798589 1.798589 
409.000000 370 2.000000 4.455409 1.358858 0.846660 0.292806 0.802569 0.802569 
409.000000 371 2.000000 3.646587 0.052214 -0.810774 -1.913876 4.320274 4.320274 
409.000000 372 2.000000 3.986503 7.670157 -0.352331 -3.977368 15.943597 15.943597 
409.000000 373 2.000000 1.501528 12.568571 1.670988 -3.413536 14.444431 14.444431 
409.000000 374 2.000000 3.639661 3.663400 0.380051 -0.905638 0.964619 0.964619 
409.000000 375 2.000000 2.971963 2.637529 -1.689151 -2.185481 7.629560 7.629560 
409.000000 376 2.000000 0.646664 10.961210 4.311085 3.131774 28.393467 28.393467 
409.000000 377 2.000000 0.641832 6.367026 1.166966 -0.918045 2.204617 2.204617 
409.000000 378 2.000000 2.775467 8.955752 -0.246851 2.142255 4.650193 4.650193 
409.000000 379 2.000000 1.034541 9.671753 -2.112823 1.873509 7.974058 7.974058 
409.000000 380 2.000000 1.859666 0.897624 -2.400121 1.632042 8.424145 8.424145 
409.000000 381 2.000000 2.187080 5.731578 -0.726157 -1.772475 3.668971 3.668971 
409.000000 382 2.000000 2.269265 16.535739 0.907705 1.258709 2.408277 2.408277 
409.000000 383 2.000000 2.996269 1.623665 -2.695691 -1.306748 8.974341 8.974341 
409.000000 384 2.000000 0.025004 8.945326 -1.068929 0.839362 1.847138 1.847138 
409.000000 385 2.000000 0.000001 9.936608 4.547349 0.626915 21.071402 21.071402 
409.000000 386 2.000000 4.196223 12.024823 1.333575 0.927104 2.637944 2.637944 
409.000000 387 2.000000 3.842474 2.108311 2.401545 -0.113454 5.780293 5.780293 
409.000000 388 2.000000 0.598797 12.945059 0.012108 -1.832452 3.358027 3.358027 
409.000000 389 2.000000 3.104510 7.462081 0.776127 -2.321837 5.993299 5.993299 
409.000000 390 2.000000 4.362735 6.204669 -0.419056 0.024366 0.176202 0.176202 
409.000000 391 2.000000 4.320519 6.052332 0.459524 -0.632912 0.611740 0.611740 
409.000000 392 2.000000 1.207917 8.184605 1.207916 0.928534 2.321237 2.321237 
409.000000 393 2.000000 0.813614 2.581078 -1.525504 -1.319615 4.068547 4.068547 
409.000000 394 2.000000 1.584517 16.556362 -0.836189 1.683320 3.532778 3.532778 
409.000000 395 2.000000 2.529912 15.701555 0.148449 -0.420505 0.198862 0.198862 
409.000000 396 2.000000 3.275490 6.937979 1.091830 0.950408 2.095367 2.095367 
409.000000 397 2.000000 0.693703 17.801688 -2.726783 -1.256178 9.013327 9.013327 
409.000000 398 2.000000 4.104144 9.576331 -0.565995 -0.480273 0.551013 0.551013 
409.000000 399 2.000000 2.932305 9.178099 0.355659 -1.270229 1.739974 1.739974 
409.000000 400 2.000000 0.342570 11.664438 2.283794 -0.448133 5.416537 5.416537 
409.000000 401 2.000000 2.795364 2.126966 -0.351705 -1.241008 1.663798 1.663798 
409.000000 402 2.000000 1.777929 6.602072 -1.165825 0.984521 2.328429 2.328429 
409.000000 403 2.000000 2.247060 11.819896 -2.143657 0.777625 5.199963 5.199963 
409.000000 404 2.000000 1.311302 17.242271 0.544431 0.938873 1.177888 1.177888 
409.000000 405 2.000000 0.595840 16.643792 -0.782622 1.239551 2.148984 2.148984 
409.000000 406 2.000000 2.198264 0.951799 -1.921113 0.500946 3.941621 3.941621 
409.000000 407 2.000000 4.175762 5.063173 0.860982 -0.897107 1.546090 1.546090 
409.000000 408 2.000000 0.367348 3.845122 -1.783351 2.147533 7.792235 7.792235 
409.000000 409 2.000000 1.629780 13.886308 -0.603644 0.114067 0.377397 0.377397 
409.000000 410 2.000000 0.089237 0.007427 0.892361 -2.071769 5.088535 5.088535 
409.000000 411 2.000000 0.534478 12.699878 0.184302 0.304336 0.126588 0.126588 
409.000000 412 2.000000 0.978851 7.452019 -1.191411 -0.911259 2.249853 2.249853 
409.000000 413 2.000000 3.153390 15.762725 -1.224008 0.612053 1.872804 1.872804 
409.000000 414 2.000000 1.503105 6.472314 -2.401915 -2.786248 13.532372 13.532372 
409.000000 415 2.000000 1.580061 14.342150 1.580060 1.921920 6.190367 6.190367 
409.000000 416 2.000000 1.472638 10.012857 3.272526 -0.368062 10.844899 10.844899 
409.000000 417 2.000000 2.725689 3.012753 1.473345 2.317501 7.541558 7.541558 
409.000000 418 2.000000 1.741662 18.520204 -2.400032 -1.345268 7.569899 7.569899 
409.000000 419 2.000000 0.356226 10.562521 -1.512729 -3.375326 13.681176 13.681176 
409.000000 420 2.000000 3.277178 14.246278 -1.724887 0.909963 3.803268 3.803268 
409.000000 421 2.000000 2.489728 7.720792 3.830349 1.261489 16.262924 16.262924 
409.000000 422 2.000000 1.980113 2.582495 1.100062 -4.300618 19.705455 19.705455 
409.000000 423 2.000000 3.900531 6.309590 -2.267874 -3.105106 14.784934 14.784934 
409.000000 424 2.000000 4.353634 10.095070 -0.559826 0.370568 0.450725 0.450725 
409.000000 425 2.000000 4.333436 2.050491 -1.283629 0.585854 1.990929 1.990929 
409.000000 426 2.000000 0.230618 4.775378 2.306172 -2.222572 10.258257 10.258257 
409.000000 427 2.000000 3.910347 5.452111 -0.950753 0.861476 1.646072 1.646072 
409.000000 428 2.000000 1.325658 18.941585 -1.344203 3.521166 14.205491 14.205491 
409.000000 429 2.000000 0.839422 10.591150 -2.048320 -1.267608 5.802446 5.802446 
409.000000 430 2.000000 3.860485 14.515156 1.169844 -1.589810 3.896029 3.896029 
409.000000 431 2.000000 0.639817 11.047176 -1.177756 2.325721 6.796087 6.796087 
409.000000 432 2.000000 3.696180 13.255627 3.520170 0.356428 12.518639 12.518639 
409.000000 433 2.000000 1.763439 9.679417 -2.498878 1.698277 9.128538 9.128538 
409.000000 434 2.000000 4.030902 9.063186 -1.461658 -0.420150 2.312969 2.312969 
409.000000 435 2.000000 2.278065 18.084750 -1.357853 -0.107285 1.855275 1.855275 
409.000000 436 2.000000 3.429571 17.759538 -0.077090 -2.489401 6.203061 6.203061 
409.000000 437 2.000000 3.740074 14.905864 0.205781 -0.755249 0.612747 0.612747 
409.000000 438 2.000000 1.270109 11.413403 2.309287 -0.948795 6.233017 6.233017 
409.000000 439 2.000000 0.025215 16.036863 -0.961497 -1.981568 4.851088 4.851088 
409.000000 440 2.000000 4.084012 0.993500 -0.128117 -0.057188 0.019685 0.019685 
409.000000 441 2.000000 2.837560 14.454533 2.467442 1.197744 7.522861 7.522861 
409.000000 442 2.000000 0.881483 17.902903 0.503704 0.571543 0.580379 0.580379 
409.000000 443 2.000000 1.898145 12.467549 1.273940 -0.787966 2.243812 2.243812 
409.000000 444 2.000000 2.968501 11.785956 1.236875 0.735058 2.070170 2.070170 
409.000000 445 2.000000 0.659030 2.363916 -2.412355 -0.621986 6.206325 6.206325 
409.000000 446 2.000000 2.727698 4.611795 -0.185184 -2.441332 5.994395 5.994395 
409.000000 447 2.000000 2.119893 4.393583 2.355435 1.417284 7.556771 7.556771 
409.000000 448 2.000000 2.892509 11.518979 0.558087 0.910053 1.139657 1.139657 
409.000000 449 2.000000 3.347951 7.358994 -1.835635 0.517871 3.637747 3.637747 
409.000000 450 2.000000 3.465791 13.694904 0.778829 -1.596227 3.154515 3.154515 
409.000000 451 2.000000 2.250501 6.820398 0.038714 -2.745750 7.540643 7.540643 
409.000000 452 2.000000 0.924835 4.474339 1.849669 1.028743 4.479587 4.479587 
409.000000 453 2.000000 3.893933 1.808914 -1.918220 -0.253208 3.743681 3.743681 
409.000000 454 2.000000 2.333383 9.706893 -1.611790 -0.591558 2.947806 2.947806 
409.000000 455 2.000000 0.237809 6.760703 1.189041 -0.165336 1.441154 1.441154 
409.000000 456 2.000000 2.916933 5.898684 3.646165 -0.233928 13.349243 13.349243 
409.000000 457 2.000000 2.177408 15.132049 1.555291 2.146390 7.025918 7.025918 
409.000000 458 2.000000 3.440054 1.232165 -1.310431 -1.292183 3.386966 3.386966 
409.000000 459 2.000000 2.699008 15.864299 1.316589 -1.037050 2.808879 2.808879 
409.000000 460 2.000000 1.055393 14.801621 -1.782926 2.259789 8.285474 8.285474 
409.000000 461 2.000000 3.649850 0.420063 -0.321561 -0.186634 0.138234 0.138234 
409.000000 462 2.000000 3.424718 9.002003 0.552374 1.621982 2.935943 2.935943 
409.000000 463 2.000000 2.764935 12.736640 0.359082 0.064144 0.133055 0.133055 
409.000000 464 2.000000 2.351291 15.795691 2.939112 1.439845 10.711536 10.711536 
409.000000 465 2.000000 1.348653 7.275759 0.235341 0.381674 0.201061 0.201061 
409.000000 466 2.000000 4.457999 2.631679 -1.387927 1.277636 3.558695 3.558695 
409.000000 467 2.000000 2.366488 4.634409 -3.840748 -1.454340 16.866451 16.866451 
409.000000 468 2.000000 3.302825 1.048858 -1.815191 0.749184 3.856194 3.856194 
409.000000 469 2.000000 0.781855 10.359955 -0.003244 1.381090 1.907419 1.907419 
409.000000 470 2.000000 0.717894 6.212636 -0.800277 -0.309925 0.736497 0.736497 
409.000000 471 2.000000 0.691938 5.626367 -1.882432 0.629285 3.939550 3.939550 
409.000000 472 2.000000 4.103418 7.397029 -0.583509 1.175555 1.722413 1.722413 
409.000000 473 2.000000 2.016581 6.130854 -4.154409 -0.477226 17.486860 17.486860 
409.000000 474 2.000000 3.126717 7.476178 -0.844837 -0.366722 0.848235 0.848235 
409.000000 475 2.000000 2.051078 15.574840 -1.132055 0.353954 1.406832 1.406832 
409.000000 476 2.000000 3.146931 15.144800 2.997077 -1.021032 10.024975 10.024975 
409.000000 477 2.000000 2.302995 3.965658 -0.215485 -0.414067 0.217885 0.217885 
409.000000 478 2.000000 0.341335 16.597720 1.137780 -0.074841 1.300144 1.300144 
409.000000 479 2.000000 1.956062 14.300883 3.912122 -1.610466 17.898297 17.898297 
409.000000 480 2.000000 1.184706 7.579378 0.102786 -0.023157 0.011101 0.011101 
409.000000 481 2.000000 4.309164 2.450487 1.689868 -0.014117 2.855853 2.855853 
409.000000 482 2.000000 1.568727 15.782420 -1.820624 2.266899 8.453502 8.453502 
409.000000 483 2.000000 1.458154 13.179114 0.810085 -1.045880 1.750103 1.750103 
409.000000 484 2.000000 2.490044 9.858316 -3.317926 -2.939618 19.649986 19.649986 
409.000000 485 2.000000 1.661087 9.172525 -2.035794 1.325229 5.900688 5.900688 
409.000000 486 2.000000 3.746161 9.960694 -2.410792 -0.018913 5.812276 5.812276 
409.000000 487 2.000000 2.151921 1.316072 -0.002192 0.245995 0.060518 0.060518 
409.000000 488 2.000000 3.679766 3.185267 1.291146 -2.319273 7.046086 7.046086 
409.000000 489 2.000000 3.176808 5.538489 1.351833 1.288020 3.486448 3.486448 
409.000000 490 2.000000 0.452894 13.740584 0.566117 -0.320205 0.423019 0.423019 
409.000000 491 2.000000 3.841759 9.070121 2.401099 0.378569 5.908589 5.908589 
409.000000 492 2.000000 2.089637 1.224502 -2.406362 -0.068684 5.795294 5.795294 
409.000000 493 2.000000 3.493240 2.640754 -1.053536 -0.531042 1.391944 1.391944 
409.000000 494 2.000000 1.957922 14.535435 2.303437 -0.244829 5.365761 5.365761 
409.000000 495 2.000000 4.168982 10.490382 2.382275 -1.017569 6.710680 6.710680 
409.000000 496 2.000000 1.586705 12.972161 0.879805 0.224135 0.824294 0.824294 
409.000000 497 2.000000 0.131726 17.826252 0.526899 -1.114532 1.519805 1.519805 
409.000000 498 2.000000 4.269911 11.305543 -1.291922 -0.426199 1.850709 1.850709 
409.000000 499 2.000000 0.158823 2.948604 -0.123112 -1.728442 3.002667 3.002667 
409.000000 500 2.000000 0.037912 3.509109 -1.876969 -2.785280 11.280798 11.280798 
