755.000000 1 2.000000 0.586022 8.338071 3.906804 0.057462 15.266416 15.266416 
755.000000 2 2.000000 0.758770 19.714408 0.086716 8.099282 65.605894 65.605894 
755.000000 3 2.000000 0.872504 12.758233 -2.549903 -1.146800 7.817155 7.817155 
755.000000 4 2.000000 0.717348 8.003346 -0.227715 -1.534491 2.406515 2.406515 
755.000000 5 2.000000 0.203246 11.886654 -0.338152 -0.141087 0.134253 0.134253 
755.000000 6 2.000000 0.597468 15.872140 2.389870 -1.620989 8.339084 8.339084 
755.000000 7 2.000000 0.579534 9.570086 -4.204651 2.562843 24.247255 24.247255 
755.000000 8 2.000000 0.230162 6.892523 0.511469 0.358775 0.390320 0.390320 
755.000000 9 2.000000 0.021370 17.075396 -3.203466 4.813640 33.433323 33.433323 
755.000000 10 2.000000 0.038332 14.292310 -4.808333 -2.074915 27.425336 27.425336 
755.000000 11 2.000000 0.348825 19.139687 0.465099 1.746681 3.267212 3.267212 
755.000000 12 2.000000 0.110906 5.636845 -8.890930 -2.181541 83.807765 83.807765 
755.000000 13 2.000000 0.882588 6.025555 -2.348223 -5.737532 38.433421 38.433421 
755.000000 14 2.000000 0.000001 6.121298 2.220334 -0.341950 5.046813 5.046813 
755.000000 15 2.000000 0.088053 2.533701 -6.079638 -0.182706 36.995379 36.995379 
755.000000 16 2.000000 0.940141 14.481031 3.935036 -1.150762 16.808762 16.808762 
755.000000 17 2.000000 0.262095 1.115857 0.873645 1.062720 1.892630 1.892630 
755.000000 18 2.000000 0.761783 15.715150 -1.191081 -0.280457 1.497331 1.497331 
755.000000 19 2.000000 0.777584 17.524794 -4.448297 -4.125342 36.805795 36.805795 
755.000000 20 2.000000 0.135239 5.216676 0.901586 3.829631 15.478930 15.478930 
755.000000 21 2.000000 0.999999 8.850913 -3.531644 -1.075523 13.629261 13.629261 
755.000000 22 2.000000 0.465402 6.050401 -5.345966 -5.458590 58.375560 58.375560 
755.000000 23 2.000000 0.773689 16.484091 1.289480 0.471591 1.885157 1.885157 
755.000000 24 2.000000 0.456077 2.833877 1.824305 0.875791 4.095098 4.095098 
755.000000 25 2.000000 0.946370 7.038309 4.731846 4.021890 38.565970 38.565970 
755.000000 26 2.000000 0.837841 12.236751 -2.424691 2.609534 12.688790 12.688790 
755.000000 27 2.000000 0.999999 13.372866 -5.421504 5.142231 55.835247 55.835247 
755.000000 28 2.000000 0.233379 14.577487 4.667560 -5.164297 48.456084 48.456084 
755.000000 29 2.000000 0.228415 16.056658 1.522759 -0.607949 2.688398 2.688398 
755.000000 30 2.000000 0.115065 4.030654 -1.504394 3.461592 14.245819 14.245819 
755.000000 31 2.000000 0.803435 5.810255 4.349865 -5.860504 53.266841 53.266841 
755.000000 32 2.000000 0.871372 15.495817 8.713715 0.842546 76.638712 76.638712 
755.000000 33 2.000000 0.129219 10.660783 2.584356 5.076563 32.450385 32.450385 
755.000000 34 2.000000 0.885108 14.261529 -0.287228 -0.184148 0.116410 0.116410 
755.000000 35 2.000000 0.146710 11.619774 1.467085 2.268519 7.298518 7.298518 
755.000000 36 2.000000 0.725671 14.554931 -2.743283 -5.291256 35.522991 35.522991 
755.000000 37 2.000000 0.116639 16.351990 2.332763 1.703270 8.342911 8.342911 
755.000000 38 2.000000 0.665441 10.706768 2.058608 4.170406 21.630151 21.630151 
755.000000 39 2.000000 0.999999 8.384750 -3.086323 -4.223727 27.365260 27.365260 
755.000000 40 2.000000 0.000001 14.746028 2.497715 -1.998898 10.234176 10.234176 
755.000000 41 2.000000 0.999999 5.422234 -5.491282 3.699971 43.843964 43.843964 
755.000000 42 2.000000 0.385137 13.970681 1.925678 -2.683644 10.910179 10.910179 
755.000000 43 2.000000 0.208686 1.881423 -1.582625 -2.691151 9.746999 9.746999 
755.000000 44 2.000000 0.986278 3.252904 2.465693 4.066129 22.613045 22.613045 
755.000000 45 2.000000 0.000001 7.544309 2.241498 -1.436252 7.087133 7.087133 
755.000000 46 2.000000 0.289720 2.568906 -1.183798 1.590017 3.929532 3.929532 
755.000000 47 2.000000 0.991644 16.020126 5.101536 -1.852897 29.458893 29.458893 
755.000000 48 2.000000 0.602834 17.830307 -2.647767 -7.232306 59.316922 59.316922 
755.000000 49 2.000000 0.092144 17.367593 -0.402635 0.905711 0.982427 0.982427 
755.000000 50 2.000000 0.868222 17.912581 0.327631 5.703406 32.636179 32.636179 
755.000000 51 2.000000 0.574787 10.676007 2.309552 0.056972 5.337277 5.337277 
755.000000 52 2.000000 0.757670 13.983199 -0.128581 0.867900 0.769783 0.769783 
755.000000 53 2.000000 0.379085 2.534353 0.040895 -1.049285 1.102671 1.102671 
755.000000 54 2.000000 0.983603 4.035805 2.147534 2.186952 9.394663 9.394663 
755.000000 55 2.000000 0.907349 8.663945 0.346148 1.312830 1.843341 1.843341 
755.000000 56 2.000000 0.774519 4.801531 -4.509602 2.862170 28.528532 28.528532 
755.000000 57 2.000000 0.354594 18.326036 3.545928 -3.719918 26.411389 26.411389 
755.000000 58 2.000000 0.000001 1.945311 12.109625 -0.192497 146.680082 146.680082 
755.000000 59 2.000000 0.533780 15.862397 2.465171 3.797833 20.500598 20.500598 
755.000000 60 2.000000 0.283690 6.667056 3.867736 -5.444686 44.603989 44.603989 
755.000000 61 2.000000 0.177311 12.608913 0.221638 -4.106159 16.909663 16.909663 
755.000000 62 2.000000 0.962948 19.270849 6.419649 -2.083287 45.551980 45.551980 
755.000000 63 2.000000 0.000001 5.445643 9.204563 3.007464 93.768810 93.768810 
755.000000 64 2.000000 0.462229 5.783731 -3.585135 3.855820 27.720540 27.720540 
755.000000 65 2.000000 0.332871 10.622399 -0.580112 1.257079 1.916777 1.916777 
755.000000 66 2.000000 0.995477 4.831104 0.481193 -7.249082 52.780737 52.780737 
755.000000 67 2.000000 0.570801 16.348368 -8.583954 0.059534 73.687809 73.687809 
755.000000 68 2.000000 0.000001 4.986634 7.578566 -3.373790 68.817126 68.817126 
755.000000 69 2.000000 0.490544 14.747370 -0.447940 1.426595 2.235824 2.235824 
755.000000 70 2.000000 0.292360 0.000001 -2.358796 3.272675 16.274324 16.274324 
755.000000 71 2.000000 0.883130 15.775902 -0.467475 -10.560244 111.737276 111.737276 
755.000000 72 2.000000 0.104141 9.613777 -2.986195 0.859455 9.656021 9.656021 
755.000000 73 2.000000 0.595815 18.894882 -8.083681 2.967328 74.150926 74.150926 
755.000000 74 2.000000 0.718275 6.882314 -1.126896 5.019299 26.463257 26.463257 
755.000000 75 2.000000 0.577164 12.095065 2.885814 0.560896 8.642524 8.642524 
755.000000 76 2.000000 0.276401 18.805195 -4.823988 7.684346 82.320030 82.320030 
755.000000 77 2.000000 0.000001 19.367844 7.131011 6.450734 92.463279 92.463279 
755.000000 78 2.000000 0.000001 0.434135 9.178388 0.964742 85.173541 85.173541 
755.000000 79 2.000000 0.163142 15.585284 -5.579048 -5.886286 65.774139 65.774139 
755.000000 80 2.000000 0.999999 10.685223 -2.157520 0.457133 4.863864 4.863864 
755.000000 81 2.000000 0.000001 18.445218 1.443658 -6.219126 40.761674 40.761674 
755.000000 82 2.000000 0.119974 8.128091 -0.808914 3.348616 11.867568 11.867568 
755.000000 83 2.000000 0.446263 18.307856 -3.691572 2.085307 17.976208 17.976208 
755.000000 84 2.000000 0.999999 6.022157 -5.505486 1.726299 33.290484 33.290484 
755.000000 85 2.000000 0.073613 9.128482 -4.128879 -2.783836 24.797384 24.797384 
755.000000 86 2.000000 0.466539 5.176162 -5.334598 2.932836 37.059463 37.059463 
755.000000 87 2.000000 0.100911 8.776154 2.018205 -4.472634 24.077607 24.077607 
755.000000 88 2.000000 0.977077 11.815257 -0.458432 3.031532 9.400344 9.400344 
755.000000 89 2.000000 0.093604 0.256218 1.872053 1.708111 6.422223 6.422223 
755.000000 90 2.000000 0.508723 13.658766 1.130494 -0.533548 1.562690 1.562690 
755.000000 91 2.000000 0.504058 18.374792 -1.983764 -4.063018 20.443432 20.443432 
755.000000 92 2.000000 0.496692 16.248628 -0.719010 -0.096553 0.526298 0.526298 
755.000000 93 2.000000 0.944745 2.254215 -0.100461 -3.879568 15.061140 15.061140 
755.000000 94 2.000000 0.205879 1.697900 -0.055171 -3.853074 14.849220 14.849220 
755.000000 95 2.000000 0.999999 12.095376 -6.710551 6.542800 87.839734 87.839734 
755.000000 96 2.000000 0.149821 16.346807 0.749098 -0.727170 1.089924 1.089924 
755.000000 97 2.000000 0.657175 7.706595 1.460388 -3.629292 15.304492 15.304492 
755.000000 98 2.000000 0.827957 18.450433 4.139782 1.349398 18.958668 18.958668 
755.000000 99 2.000000 0.235285 7.839587 4.705689 -3.036291 31.362565 31.362565 
755.000000 100 2.000000 0.354747 1.011623 1.418986 -2.916992 10.522361 10.522361 
755.000000 101 2.000000 0.000001 5.782192 4.346594 0.074332 18.898407 18.898407 
755.000000 102 2.000000 0.638523 19.425444 -7.229518 4.017835 68.408934 68.408934 
755.000000 103 2.000000 0.000001 4.822334 3.643654 -6.598985 56.822817 56.822817 
755.000000 104 2.000000 0.996469 8.975765 -0.335540 4.137540 17.231820 17.231820 
755.000000 105 2.000000 0.470719 17.886077 4.707183 -6.039776 58.636466 58.636466 
755.000000 106 2.000000 0.547707 8.843822 0.206172 0.191811 0.079299 0.079299 
755.000000 107 2.000000 0.963827 17.978541 -0.120574 3.919235 15.374940 15.374940 
755.000000 108 2.000000 0.000001 10.292325 0.207006 -1.762745 3.150120 3.150120 
755.000000 109 2.000000 0.716194 12.855316 1.591539 7.105589 53.022395 53.022395 
755.000000 110 2.000000 0.379105 19.819389 -2.546468 -3.612210 19.532557 19.532557 
755.000000 111 2.000000 0.601547 12.795071 -1.328173 0.393911 1.919209 1.919209 
755.000000 112 2.000000 0.442548 12.820311 -0.929085 3.944711 16.423941 16.423941 
755.000000 113 2.000000 0.476275 8.777343 2.692047 -4.264776 25.435427 25.435427 
755.000000 114 2.000000 0.410961 9.831862 0.139276 -5.893272 34.750049 34.750049 
755.000000 115 2.000000 0.949844 14.900150 0.678459 -5.666499 32.569517 32.569517 
755.000000 116 2.000000 0.402437 3.981002 -1.086476 -1.211339 2.647772 2.647772 
755.000000 117 2.000000 0.711471 19.259511 4.743131 4.252748 40.583157 40.583157 
755.000000 118 2.000000 0.855621 0.377120 0.552013 -2.221947 5.241767 5.241767 
755.000000 119 2.000000 0.345918 8.948057 -0.223251 -1.071314 1.197555 1.197555 
755.000000 120 2.000000 0.050860 17.663278 0.288984 4.697466 22.149699 22.149699 
755.000000 121 2.000000 0.242435 17.501619 -2.525214 -3.569115 19.115287 19.115287 
755.000000 122 2.000000 0.252157 6.626874 -0.187199 -4.764389 22.734442 22.734442 
755.000000 123 2.000000 0.397273 6.452976 0.882827 -4.486396 20.907134 20.907134 
755.000000 124 2.000000 0.399827 6.188302 -3.000858 0.831069 9.695823 9.695823 
755.000000 125 2.000000 0.579768 1.829617 -2.101156 -2.482739 10.578847 10.578847 
755.000000 126 2.000000 0.754665 18.950691 -4.906689 3.934936 39.559317 39.559317 
755.000000 127 2.000000 0.999999 2.801023 -3.721735 -2.425164 19.732737 19.732737 
755.000000 128 2.000000 0.000001 8.027215 0.276290 3.291682 10.911507 10.911507 
755.000000 129 2.000000 0.260253 13.661241 -4.931640 -3.296143 35.185635 35.185635 
755.000000 130 2.000000 0.999999 11.972099 -0.813912 4.344171 19.534274 19.534274 
755.000000 131 2.000000 0.810026 13.100223 -1.899734 -1.769173 6.738962 6.738962 
755.000000 132 2.000000 0.179348 19.633676 0.597824 -1.465292 2.504474 2.504474 
755.000000 133 2.000000 0.747135 8.139380 1.067334 -0.748385 1.699282 1.699282 
755.000000 134 2.000000 0.262244 9.421322 1.748285 -2.632737 9.987803 9.987803 
755.000000 135 2.000000 0.609226 6.882700 3.046126 -3.521948 21.682996 21.682996 
755.000000 136 2.000000 0.065804 12.991901 0.658034 1.797439 3.663797 3.663797 
755.000000 137 2.000000 0.278527 5.671419 5.570520 4.311463 49.619411 49.619411 
755.000000 138 2.000000 0.831687 2.327110 -3.366247 5.817772 45.178087 45.178087 
755.000000 139 2.000000 0.458299 1.325747 -10.833991 -4.809989 140.511362 140.511362 
755.000000 140 2.000000 0.879900 5.318172 5.865996 -4.588071 55.460301 55.460301 
755.000000 141 2.000000 0.460962 10.742746 4.609613 -0.949788 22.150629 22.150629 
755.000000 142 2.000000 0.000001 13.428851 2.143833 4.508466 24.922280 24.922280 
755.000000 143 2.000000 0.226414 12.862572 4.528251 4.292830 38.933446 38.933446 
755.000000 144 2.000000 0.999999 9.461811 -4.464224 4.199433 37.564535 37.564535 
755.000000 145 2.000000 0.333674 9.277887 0.476676 -6.498250 42.454472 42.454472 
755.000000 146 2.000000 0.330811 12.715531 -0.464414 0.281784 0.295083 0.295083 
755.000000 147 2.000000 0.557653 17.048766 -0.384649 -4.918721 24.341775 24.341775 
755.000000 148 2.000000 0.483386 13.928786 0.878882 7.248744 53.316718 53.316718 
755.000000 149 2.000000 0.580018 15.494292 -4.199806 0.581227 17.976193 17.976193 
755.000000 150 2.000000 0.225599 18.489837 4.511954 -1.372874 22.242511 22.242511 
755.000000 151 2.000000 0.790339 19.548836 -2.096604 -4.511627 24.750521 24.750521 
755.000000 152 2.000000 0.781626 17.117635 0.691194 -2.614158 7.311572 7.311572 
755.000000 153 2.000000 0.626394 6.225750 -3.736050 -4.456255 33.816278 33.816278 
755.000000 154 2.000000 0.540773 7.347047 -4.592258 -0.770253 21.682119 21.682119 
755.000000 155 2.000000 0.999999 8.968640 -4.305192 -2.233852 23.524774 23.524774 
755.000000 156 2.000000 0.828129 1.855625 1.274044 1.091544 2.814655 2.814655 
755.000000 157 2.000000 0.447173 17.422543 4.471719 0.752631 20.562721 20.562721 
755.000000 158 2.000000 0.772231 15.845461 0.594023 2.170611 5.064415 5.064415 
755.000000 159 2.000000 0.966509 3.140631 4.832541 1.662996 26.119011 26.119011 
755.000000 160 2.000000 0.956382 6.098264 0.765105 3.387924 12.063413 12.063413 
755.000000 161 2.000000 0.000001 13.599249 1.735062 8.762880 79.798515 79.798515 
755.000000 162 2.000000 0.829733 5.136786 2.074330 -2.611059 11.120473 11.120473 
755.000000 163 2.000000 0.581219 11.802482 -2.093902 2.616593 11.230985 11.230985 
755.000000 164 2.000000 0.254879 7.762856 5.097568 -1.759864 29.082324 29.082324 
755.000000 165 2.000000 0.415050 8.448164 4.150486 -2.522437 23.589222 23.589222 
755.000000 166 2.000000 0.183614 6.872558 1.224088 -3.484486 13.640035 13.640035 
755.000000 167 2.000000 0.233790 3.152994 0.935157 0.006321 0.874558 0.874558 
755.000000 168 2.000000 0.999999 14.890864 -8.161789 0.875448 67.381203 67.381203 
755.000000 169 2.000000 0.227071 1.902638 -3.864641 -0.494331 15.179815 15.179815 
755.000000 170 2.000000 0.700110 8.026013 -1.999259 -3.294579 14.851285 14.851285 
755.000000 171 2.000000 0.232761 3.360491 0.665029 -2.811173 8.344956 8.344956 
755.000000 172 2.000000 0.822896 15.431078 -0.590342 -0.807034 0.999808 0.999808 
755.000000 173 2.000000 0.561848 6.981360 -1.280644 1.620808 4.267067 4.267067 
755.000000 174 2.000000 0.667016 10.117082 2.668062 2.679956 14.300717 14.300717 
755.000000 175 2.000000 0.633047 4.740259 6.330457 -6.491938 82.219946 82.219946 
755.000000 176 2.000000 0.565250 14.598376 -4.347487 2.172067 23.618517 23.618517 
755.000000 177 2.000000 0.765370 2.288330 -2.346294 2.692152 12.752776 12.752776 
755.000000 178 2.000000 0.390329 15.542338 3.903285 -2.320476 20.620240 20.620240 
755.000000 179 2.000000 0.680753 10.970921 -2.128306 -0.422214 4.707950 4.707950 
755.000000 180 2.000000 0.668757 12.395087 -2.208279 4.422165 24.432041 24.432041 
755.000000 181 2.000000 0.656472 1.403741 -0.687055 -1.714084 3.410128 3.410128 
755.000000 182 2.000000 0.999999 18.565345 -10.005541 -0.576031 100.442657 100.442657 
755.000000 183 2.000000 0.512044 8.717639 -2.439773 0.832893 6.646204 6.646204 
755.000000 184 2.000000 0.999999 9.305992 -5.427367 1.421965 31.478296 31.478296 
755.000000 185 2.000000 0.127511 12.889185 0.391688 -0.307956 0.248256 0.248256 
755.000000 186 2.000000 0.677187 4.399760 -2.418870 3.646428 19.147365 19.147365 
755.000000 187 2.000000 0.004642 13.290297 -2.843877 0.048226 8.089960 8.089960 
755.000000 188 2.000000 0.547598 3.008557 -1.005335 3.539478 13.538601 13.538601 
755.000000 189 2.000000 0.000001 14.750059 2.223066 0.659389 5.376817 5.376817 
755.000000 190 2.000000 0.434168 17.618264 -3.772205 -0.186561 14.264332 14.264332 
755.000000 191 2.000000 0.000001 10.567980 4.275864 0.209544 18.326920 18.326920 
755.000000 192 2.000000 0.201361 10.531435 1.342397 -1.716838 4.749563 4.749563 
755.000000 193 2.000000 0.360001 15.737379 -2.559994 4.025668 22.759568 22.759568 
755.000000 194 2.000000 0.999999 14.805626 -1.230753 -8.657289 76.463402 76.463402 
755.000000 195 2.000000 0.412847 16.281794 0.196593 -8.262678 68.310503 68.310503 
755.000000 196 2.000000 0.999999 2.680657 -1.905255 -4.388612 22.889910 22.889910 
755.000000 197 2.000000 0.259401 15.452349 1.040221 5.169388 27.804637 27.804637 
755.000000 198 2.000000 0.241990 16.290685 4.839786 2.423304 29.295928 29.295928 
755.000000 199 2.000000 0.000001 2.108486 5.736850 0.771067 33.505990 33.505990 
755.000000 200 2.000000 0.405848 16.942747 -2.376605 -6.114505 43.035416 43.035416 
755.000000 201 2.000000 0.999999 14.825836 -10.466067 2.329347 114.964425 114.964425 
755.000000 202 2.000000 0.531906 14.049934 -4.680928 -2.586743 28.602321 28.602321 
755.000000 203 2.000000 0.287772 3.619665 2.877713 4.826219 31.573617 31.573617 
755.000000 204 2.000000 0.459198 15.536846 -2.163206 0.839131 5.383601 5.383601 
755.000000 205 2.000000 0.182866 15.127819 -2.723776 1.935098 11.163560 11.163560 
755.000000 206 2.000000 0.319022 19.211854 0.379179 -0.467356 0.362198 0.362198 
755.000000 207 2.000000 0.412726 17.043691 4.127252 0.483201 17.267692 17.267692 
755.000000 208 2.000000 0.999999 0.445091 -1.780962 1.780360 6.341509 6.341509 
755.000000 209 2.000000 0.098783 18.309438 0.658546 -4.830173 23.764259 23.764259 
755.000000 210 2.000000 0.885440 11.031265 -1.145587 -1.952582 5.124945 5.124945 
755.000000 211 2.000000 0.658599 3.419806 -6.828006 -2.950717 55.328402 55.328402 
755.000000 212 2.000000 0.163430 16.408416 0.817143 1.240001 2.205327 2.205327 
755.000000 213 2.000000 0.882591 3.062392 -2.348151 -8.052256 70.352643 70.352643 
755.000000 214 2.000000 0.400349 16.058562 -5.996503 2.666711 43.069400 43.069400 
755.000000 215 2.000000 0.386750 10.152343 -2.044164 5.359628 32.904215 32.904215 
755.000000 216 2.000000 0.721976 19.328928 -5.560451 5.946240 66.276384 66.276384 
755.000000 217 2.000000 0.769977 2.380769 -2.300219 -3.373879 16.674064 16.674064 
755.000000 218 2.000000 0.747550 11.627867 -5.048978 -0.217864 25.539640 25.539640 
755.000000 219 2.000000 0.808389 10.620128 -3.832202 2.714546 22.054538 22.054538 
755.000000 220 2.000000 0.990964 2.951064 3.963852 3.934750 31.194382 31.194382 
755.000000 221 2.000000 0.022496 7.883632 -3.910014 0.752242 15.854077 15.854077 
755.000000 222 2.000000 0.712634 13.902798 -1.436827 -0.257092 2.130567 2.130567 
755.000000 223 2.000000 0.999999 1.562420 -4.607808 -0.274156 21.307052 21.307052 
755.000000 224 2.000000 0.762225 14.001661 -0.402629 0.424623 0.342415 0.342415 
755.000000 225 2.000000 0.565175 6.988832 -2.348433 3.577434 18.313171 18.313171 
755.000000 226 2.000000 0.112290 3.883549 0.748595 -0.120894 0.575010 0.575010 
755.000000 227 2.000000 0.319860 7.303306 0.376305 0.933853 1.013688 1.013688 
755.000000 228 2.000000 0.999999 10.615030 -7.380568 -5.037816 79.852382 79.852382 
755.000000 229 2.000000 0.547145 2.297170 -3.019028 -1.197017 10.547381 10.547381 
755.000000 230 2.000000 0.070900 4.766046 1.417973 6.354727 42.393203 42.393203 
755.000000 231 2.000000 0.999999 11.775925 -4.585037 2.469870 27.122826 27.122826 
755.000000 232 2.000000 0.195287 1.956655 -0.271753 -0.716758 0.587591 0.587591 
755.000000 233 2.000000 0.999999 17.632949 -3.341099 -7.329268 64.881106 64.881106 
755.000000 234 2.000000 0.297877 13.722243 0.851073 -4.484892 20.838584 20.838584 
755.000000 235 2.000000 0.568752 8.493663 -0.326949 -1.221687 1.599414 1.599414 
755.000000 236 2.000000 0.314318 11.146999 2.095450 4.001629 20.403947 20.403947 
755.000000 237 2.000000 0.975150 19.155648 4.293437 -3.352797 29.674851 29.674851 
755.000000 238 2.000000 0.118194 2.019783 -0.881805 2.885403 9.103134 9.103134 
755.000000 239 2.000000 0.999999 15.369981 -6.034742 -2.282627 41.628498 41.628498 
755.000000 240 2.000000 0.142700 3.775399 -5.715327 -0.389748 32.816870 32.816870 
755.000000 241 2.000000 0.070341 5.600374 1.406808 -1.707881 4.895966 4.895966 
755.000000 242 2.000000 0.969790 16.111686 6.465260 -0.540532 42.091762 42.091762 
755.000000 243 2.000000 0.726872 16.238324 1.555806 -6.178419 40.593394 40.593394 
755.000000 244 2.000000 0.802423 4.398658 0.392558 1.487838 2.367762 2.367762 
755.000000 245 2.000000 0.174807 3.406664 -1.833761 -0.782497 3.974980 3.974980 
755.000000 246 2.000000 0.709885 7.670590 -5.802275 1.902641 37.286433 37.286433 
755.000000 247 2.000000 0.464517 0.520505 1.032258 2.602518 7.838657 7.838657 
755.000000 248 2.000000 0.000001 5.168546 1.824120 3.132322 13.138856 13.138856 
755.000000 249 2.000000 0.532576 6.042148 -1.558078 -1.921124 6.118325 6.118325 
755.000000 250 2.000000 0.177691 19.066636 -4.111540 1.201658 18.348748 18.348748 
755.000000 251 2.000000 0.122240 16.254725 -4.388794 -4.161416 36.578893 36.578893 
755.000000 252 2.000000 0.842882 9.754297 0.639853 0.933269 1.280403 1.280403 
755.000000 253 2.000000 0.799394 19.142183 0.549304 -3.152427 10.239532 10.239532 
755.000000 254 2.000000 0.707782 8.695352 -0.974055 -1.868537 4.440213 4.440213 
755.000000 255 2.000000 0.363789 5.249874 -0.239246 1.009591 1.076514 1.076514 
755.000000 256 2.000000 0.999999 10.876406 -3.395536 -3.334168 22.646343 22.646343 
755.000000 257 2.000000 0.791399 18.608122 -0.616595 3.352919 11.622256 11.622256 
755.000000 258 2.000000 0.400237 14.361218 8.004714 -6.265312 103.329581 103.329581 
755.000000 259 2.000000 0.605439 19.438975 -2.630402 1.694523 9.790420 9.790420 
755.000000 260 2.000000 0.488229 15.020797 4.882284 2.722452 31.248442 31.248442 
755.000000 261 2.000000 0.999999 9.083138 -1.343392 1.326768 3.565016 3.565016 
755.000000 262 2.000000 0.775930 1.151980 1.410780 1.772276 5.131261 5.131261 
755.000000 263 2.000000 0.208153 5.534686 2.081520 2.195796 9.154243 9.154243 
755.000000 264 2.000000 0.921444 2.165617 4.607213 -1.194618 22.653520 22.653520 
755.000000 265 2.000000 0.999999 10.626776 -2.483963 -2.840035 14.235872 14.235872 
755.000000 266 2.000000 0.210969 15.849535 -1.972576 2.858372 12.061346 12.061346 
755.000000 267 2.000000 0.999999 11.590495 -2.288446 0.127048 5.253125 5.253125 
755.000000 268 2.000000 0.682508 9.001097 0.519279 -5.744082 33.264124 33.264124 
755.000000 269 2.000000 0.586325 17.113412 -0.752135 -2.624170 7.451976 7.451976 
755.000000 270 2.000000 0.232683 18.258204 0.290853 6.754369 45.706103 45.706103 
755.000000 271 2.000000 0.436103 13.263065 0.852841 -1.688560 3.578572 3.578572 
755.000000 272 2.000000 0.465346 4.416850 -1.527581 -6.423463 43.594380 43.594380 
755.000000 273 2.000000 0.999999 15.339633 -4.239952 -1.423967 20.004877 20.004877 
755.000000 274 2.000000 0.999999 11.393561 -4.453505 -5.550413 50.640787 50.640787 
755.000000 275 2.000000 0.337315 11.417451 3.373141 -1.761963 14.482592 14.482592 
755.000000 276 2.000000 0.795344 9.713011 7.953434 1.162353 64.608179 64.608179 
755.000000 277 2.000000 0.579862 4.398498 -0.840275 -0.574524 1.036139 1.036139 
755.000000 278 2.000000 0.475262 15.388507 4.752610 4.896479 46.562810 46.562810 
755.000000 279 2.000000 0.470642 13.707501 -2.646785 0.031957 7.006491 7.006491 
755.000000 280 2.000000 0.957839 11.345579 4.789188 0.632669 23.336589 23.336589 
755.000000 281 2.000000 0.208954 13.085297 -5.273631 -2.960350 36.574861 36.574861 
755.000000 282 2.000000 0.790528 7.038591 -1.396472 0.953679 2.859638 2.859638 
755.000000 283 2.000000 0.257990 19.741040 -7.420085 -5.179173 81.881501 81.881501 
755.000000 284 2.000000 0.958657 4.490217 -0.826837 4.405443 20.091586 20.091586 
755.000000 285 2.000000 0.501540 0.539166 10.030787 0.449304 100.818566 100.818566 
755.000000 286 2.000000 0.276534 5.540519 5.530669 -0.831535 31.279751 31.279751 
755.000000 287 2.000000 0.772568 14.765472 -2.274307 -0.164654 5.199585 5.199585 
755.000000 288 2.000000 0.363890 16.012398 -2.544438 3.389057 17.959872 17.959872 
755.000000 289 2.000000 0.948738 14.252270 3.794948 0.246568 14.462423 14.462423 
755.000000 290 2.000000 0.256479 18.867610 -1.652267 0.643451 3.144017 3.144017 
755.000000 291 2.000000 0.209636 13.422350 -0.017558 -0.587672 0.345666 0.345666 
755.000000 292 2.000000 0.999999 14.365185 -4.104722 3.800515 31.292653 31.292653 
755.000000 293 2.000000 0.000001 18.215277 2.703060 -1.049506 8.407996 8.407996 
755.000000 294 2.000000 0.943995 2.577357 -1.120076 -1.981096 5.179314 5.179314 
755.000000 295 2.000000 0.788190 8.787159 -0.282412 3.993314 16.026316 16.026316 
755.000000 296 2.000000 0.828201 14.070398 -3.435957 -1.716812 14.753241 14.753241 
755.000000 297 2.000000 0.066006 3.717879 0.188586 1.649954 2.757912 2.757912 
755.000000 298 2.000000 0.787396 9.263720 2.624651 8.213914 74.357175 74.357175 
755.000000 299 2.000000 0.861696 7.711510 2.154238 -1.149318 5.961675 5.961675 
755.000000 300 2.000000 0.707697 15.081080 -0.092248 -2.198852 4.843462 4.843462 
755.000000 301 2.000000 0.363810 16.236804 -0.119310 0.503814 0.268063 0.268063 
755.000000 302 2.000000 0.864709 8.150764 1.729417 4.470191 22.973489 22.973489 
755.000000 303 2.000000 0.000001 14.116281 3.883216 5.779404 48.480873 48.480873 
755.000000 304 2.000000 0.086657 0.638769 -3.319959 -0.705843 11.520342 11.520342 
755.000000 305 2.000000 0.000001 4.622477 2.235881 1.725714 7.977254 7.977254 
755.000000 306 2.000000 0.708768 2.598966 7.087674 3.626758 63.388500 63.388500 
755.000000 307 2.000000 0.181900 13.044108 3.637972 -1.965797 17.099199 17.099199 
755.000000 308 2.000000 0.803974 11.891203 1.236881 1.905114 5.159334 5.159334 
755.000000 309 2.000000 0.999999 10.755467 -5.692855 -4.248502 50.458374 50.458374 
755.000000 310 2.000000 0.647347 8.186863 4.315640 -2.975733 27.479733 27.479733 
755.000000 311 2.000000 0.999999 10.335946 -4.158507 -3.185181 27.438557 27.438557 
755.000000 312 2.000000 0.673703 5.816686 -2.175310 2.455666 10.762267 10.762267 
755.000000 313 2.000000 0.442145 4.261856 0.159341 7.103092 50.479312 50.479312 
755.000000 314 2.000000 0.039554 15.619076 0.791062 -6.739881 46.051779 46.051779 
755.000000 315 2.000000 0.736495 4.517492 -0.439257 6.458110 41.900136 41.900136 
755.000000 316 2.000000 0.845616 5.923607 -0.199919 -1.740484 3.069251 3.069251 
755.000000 317 2.000000 0.785906 18.621352 -5.751264 5.370057 61.914553 61.914553 
755.000000 318 2.000000 0.073438 9.406494 1.468737 -4.237402 20.112761 20.112761 
755.000000 319 2.000000 0.146338 12.257804 -0.135230 2.326195 5.429472 5.429472 
755.000000 320 2.000000 0.293094 11.866913 2.930933 2.576366 15.228033 15.228033 
755.000000 321 2.000000 0.407282 1.575484 0.065541 -0.281339 0.083447 0.083447 
755.000000 322 2.000000 0.057664 14.598117 1.153261 0.890994 2.123882 2.123882 
755.000000 323 2.000000 0.038816 6.999767 -0.574738 4.258341 18.463793 18.463793 
755.000000 324 2.000000 0.469754 17.688098 -3.534966 0.203254 12.537296 12.537296 
755.000000 325 2.000000 0.744180 0.164922 1.488358 3.298430 13.094847 13.094847 
755.000000 326 2.000000 0.288973 1.572562 5.779432 -0.889924 34.193798 34.193798 
755.000000 327 2.000000 0.907362 13.439105 -1.852741 0.166985 3.460535 3.460535 
755.000000 328 2.000000 0.733270 19.145578 0.611058 -1.898713 3.978503 3.978503 
755.000000 329 2.000000 0.000001 5.154786 6.727128 -0.560063 45.567920 45.567920 
755.000000 330 2.000000 0.448595 9.342340 1.794374 1.998455 7.213603 7.213603 
755.000000 331 2.000000 0.563901 12.874174 -2.907322 -3.108005 18.112212 18.112212 
755.000000 332 2.000000 0.465983 13.728865 -5.340159 -4.633953 49.990819 49.990819 
755.000000 333 2.000000 0.960748 2.485844 1.200934 1.929226 5.164155 5.164155 
755.000000 334 2.000000 0.559583 1.730240 -0.414061 -4.481105 20.251749 20.251749 
755.000000 335 2.000000 0.510773 15.260046 0.263711 0.812898 0.730346 0.730346 
755.000000 336 2.000000 0.805265 5.340290 -3.894676 -1.384957 17.086605 17.086605 
755.000000 337 2.000000 0.377322 10.031394 0.943302 2.336648 6.349742 6.349742 
755.000000 338 2.000000 0.000001 6.616031 2.569486 -6.681795 51.248644 51.248644 
755.000000 339 2.000000 0.229545 16.093499 1.530295 0.741254 2.891261 2.891261 
755.000000 340 2.000000 0.095630 19.996601 -2.583910 0.282589 6.756449 6.756449 
755.000000 341 2.000000 0.185863 6.462297 0.531034 2.526920 6.667322 6.667322 
755.000000 342 2.000000 0.510074 10.006260 -4.899251 -7.402770 78.803667 78.803667 
755.000000 343 2.000000 0.080737 10.054684 1.614717 -2.997050 11.589620 11.589620 
755.000000 344 2.000000 0.260055 2.461291 5.201070 5.469534 56.966938 56.966938 
755.000000 345 2.000000 0.104383 8.119743 -0.581569 2.048244 4.533525 4.533525 
755.000000 346 2.000000 0.810162 8.271075 -3.796743 0.701744 14.907704 14.907704 
755.000000 347 2.000000 0.211793 0.961510 2.117923 -2.689826 11.720758 11.720758 
755.000000 348 2.000000 0.661981 8.484938 4.413199 -2.208488 24.353740 24.353740 
755.000000 349 2.000000 0.123294 9.435506 1.232930 -1.562832 3.962559 3.962559 
755.000000 350 2.000000 0.000001 7.690528 3.350101 6.991388 60.102681 60.102681 
755.000000 351 2.000000 0.074624 8.535217 0.497488 4.367159 19.319568 19.319568 
755.000000 352 2.000000 0.665747 5.411747 -2.228349 7.215662 57.031309 57.031309 
755.000000 353 2.000000 0.656950 16.066619 4.379661 -0.530502 19.462861 19.462861 
755.000000 354 2.000000 0.624089 16.319859 -7.518203 -0.320476 56.626077 56.626077 
755.000000 355 2.000000 0.503852 4.112180 -4.961467 -0.491542 24.857771 24.857771 
755.000000 356 2.000000 0.000001 10.084733 4.412997 -0.682233 19.939983 19.939983 
755.000000 357 2.000000 0.289731 14.410868 -0.533014 4.328897 19.023457 19.023457 
755.000000 358 2.000000 0.955645 12.536874 3.185481 -1.129283 11.422571 11.422571 
755.000000 359 2.000000 0.687993 18.955459 -6.240124 -2.984399 47.845790 47.845790 
755.000000 360 2.000000 0.881029 13.631253 -0.396566 1.510132 2.437763 2.437763 
755.000000 361 2.000000 0.465493 8.017795 3.103277 -2.658551 16.698224 16.698224 
755.000000 362 2.000000 0.999999 9.645873 -4.660113 -2.929111 30.296346 30.296346 
755.000000 363 2.000000 0.153032 10.210741 -0.870972 -6.548401 43.640148 43.640148 
755.000000 364 2.000000 0.848479 7.532215 0.848478 2.520970 7.075206 7.075206 
755.000000 365 2.000000 0.838219 19.909647 1.342633 2.902562 10.227530 10.227530 
755.000000 366 2.000000 0.382358 17.765521 -0.301288 2.600848 6.855183 6.855183 
755.000000 367 2.000000 0.846970 12.232438 -3.879046 1.650091 17.769800 17.769800 
755.000000 368 2.000000 0.501040 10.743496 0.385414 -6.856669 47.162456 47.162456 
755.000000 369 2.000000 0.720032 2.482462 -5.599348 12.412303 185.417959 185.417959 
755.000000 370 2.000000 0.999999 11.166006 -3.692745 2.242461 18.664997 18.664997 
755.000000 371 2.000000 0.187956 9.919662 0.175531 -1.019853 1.070912 1.070912 
755.000000 372 2.000000 0.999999 2.834334 -5.879663 -3.461032 46.549178 46.549178 
755.000000 373 2.000000 0.800219 5.645812 -0.998900 -0.914531 1.834168 1.834168 
755.000000 374 2.000000 0.565064 1.895039 5.650634 0.260314 31.997425 31.997425 
755.000000 375 2.000000 0.206157 13.726383 4.123127 0.168895 17.028701 17.028701 
755.000000 376 2.000000 0.126984 5.691891 -5.842373 -1.518768 36.439974 36.439974 
755.000000 377 2.000000 0.702295 3.677296 -0.036987 4.596619 21.130271 21.130271 
755.000000 378 2.000000 0.999999 1.714917 -2.661343 0.082779 7.089596 7.089596 
755.000000 379 2.000000 0.513946 4.695776 -2.890591 3.318918 19.370734 19.370734 
755.000000 380 2.000000 0.473944 1.485892 0.394952 -3.817355 14.728184 14.728184 
755.000000 381 2.000000 0.722845 7.634567 2.409480 -2.246396 10.851891 10.851891 
755.000000 382 2.000000 0.224847 9.488357 -1.056404 3.039345 10.353608 10.353608 
755.000000 383 2.000000 0.099407 0.900220 -3.001974 -1.446602 11.104509 11.104509 
755.000000 384 2.000000 0.846150 10.395492 1.227430 2.884644 9.827759 9.827759 
755.000000 385 2.000000 0.323710 13.335020 -4.763591 -6.019771 58.929440 58.929440 
755.000000 386 2.000000 0.608335 10.264431 3.041669 1.130705 10.530243 10.530243 
755.000000 387 2.000000 0.265252 8.739414 -1.836867 2.214891 8.279823 8.279823 
755.000000 388 2.000000 0.578060 2.610077 4.218981 0.425170 17.980570 17.980570 
755.000000 389 2.000000 0.389628 19.901658 2.597511 -0.655608 7.176887 7.176887 
755.000000 390 2.000000 0.795583 14.913295 -1.362773 -2.857200 10.020743 10.020743 
755.000000 391 2.000000 0.851471 1.070381 1.419116 0.197778 2.053007 2.053007 
755.000000 392 2.000000 0.365209 16.931121 -0.703867 -0.834816 1.192346 1.192346 
755.000000 393 2.000000 0.113006 12.877307 0.257117 -4.229806 17.957369 17.957369 
755.000000 394 2.000000 0.898198 1.196868 2.566278 -0.019125 6.586147 6.586147 
755.000000 395 2.000000 0.521179 3.497149 -1.368056 -0.011179 1.871702 1.871702 
755.000000 396 2.000000 0.858407 1.650044 0.381514 -5.144267 26.609032 26.609032 
755.000000 397 2.000000 0.629102 16.121766 1.381442 -0.908902 2.734486 2.734486 
755.000000 398 2.000000 0.940089 17.257707 0.972833 -2.132491 5.493920 5.493920 
755.000000 399 2.000000 0.900900 12.606791 4.504496 0.304113 20.382972 20.382972 
755.000000 400 2.000000 0.881267 14.066262 -0.057918 -0.224771 0.053876 0.053876 
755.000000 401 2.000000 0.971990 8.960998 4.800964 0.179505 23.081478 23.081478 
755.000000 402 2.000000 0.675999 12.473229 1.289547 2.606158 8.454992 8.454992 
755.000000 403 2.000000 0.220619 17.438805 -1.821439 1.873309 6.826926 6.826926 
755.000000 404 2.000000 0.333872 0.817708 -2.038945 -4.855398 27.732190 27.732190 
755.000000 405 2.000000 0.952034 9.562281 1.395958 3.283200 12.728098 12.728098 
755.000000 406 2.000000 0.717040 3.455879 -0.435322 -1.430585 2.236079 2.236079 
755.000000 407 2.000000 0.493106 19.895889 -5.068931 8.225808 93.357973 93.357973 
755.000000 408 2.000000 0.515064 0.000001 -0.220425 3.740375 14.038995 14.038995 
755.000000 409 2.000000 0.816229 8.296951 1.484050 2.817659 10.141607 10.141607 
755.000000 410 2.000000 0.938229 15.446005 0.493804 2.558152 6.787983 6.787983 
755.000000 411 2.000000 0.820070 5.625319 0.923538 -2.217589 5.770626 5.770626 
755.000000 412 2.000000 0.896713 12.237573 -0.688576 -5.669528 32.617681 32.617681 
755.000000 413 2.000000 0.230775 18.740431 0.185845 1.569203 2.496937 2.496937 
755.000000 414 2.000000 0.562486 0.246129 -4.375127 -0.417159 19.315762 19.315762 
755.000000 415 2.000000 0.061803 14.624793 -9.381962 0.212899 88.066538 88.066538 
755.000000 416 2.000000 0.816171 15.481509 5.441133 -0.756941 30.178888 30.178888 
755.000000 417 2.000000 0.974404 6.168697 6.496018 1.603281 44.768755 44.768755 
755.000000 418 2.000000 0.732236 7.946347 7.322345 -1.052618 54.724747 54.724747 
755.000000 419 2.000000 0.403172 10.459918 -2.155593 -0.295385 4.733833 4.733833 
755.000000 420 2.000000 0.576350 12.008202 3.842330 4.709098 36.939106 36.939106 
755.000000 421 2.000000 0.362100 18.692849 -1.822570 4.108318 20.200038 20.200038 
755.000000 422 2.000000 0.000001 12.197053 2.720930 1.700126 10.293888 10.293888 
755.000000 423 2.000000 0.564011 16.258340 -4.359883 -0.299381 19.098209 19.098209 
755.000000 424 2.000000 0.414945 1.147761 -3.900363 0.577181 15.545967 15.545967 
755.000000 425 2.000000 0.909022 3.722077 3.030071 2.566949 15.770557 15.770557 
755.000000 426 2.000000 0.241885 19.142994 4.837678 -3.428019 35.154448 35.154448 
755.000000 427 2.000000 0.460244 12.835387 4.602430 -7.960680 84.554791 84.554791 
755.000000 428 2.000000 0.080535 14.413791 -0.780987 -1.698012 3.493185 3.493185 
755.000000 429 2.000000 0.575306 5.416022 2.876523 -4.904524 32.328745 32.328745 
755.000000 430 2.000000 0.807101 11.142975 -3.857966 -0.092465 14.892449 14.892449 
755.000000 431 2.000000 0.841725 11.955191 0.104821 -1.302522 1.707551 1.707551 
755.000000 432 2.000000 0.542144 15.853419 -1.705923 -5.847785 37.106766 37.106766 
755.000000 433 2.000000 0.248431 6.877686 -3.757839 -3.046859 23.404706 23.404706 
755.000000 434 2.000000 0.406916 15.528503 2.034574 1.781223 7.312250 7.312250 
755.000000 435 2.000000 0.343079 11.367648 -2.627681 -0.548819 7.205910 7.205910 
755.000000 436 2.000000 0.053353 3.515705 0.533515 -1.152177 1.612149 1.612149 
755.000000 437 2.000000 0.931538 8.494413 -0.063026 3.176016 10.091047 10.091047 
755.000000 438 2.000000 0.889757 9.875167 3.559023 -2.288434 17.903572 17.903572 
755.000000 439 2.000000 0.001786 6.718156 -0.565260 -4.271888 18.568549 18.568549 
755.000000 440 2.000000 0.730133 19.118190 -1.799104 4.890652 27.155250 27.155250 
755.000000 441 2.000000 0.095540 0.629796 0.085013 -3.535058 12.503859 12.503859 
755.000000 442 2.000000 0.737456 5.537446 1.229092 1.083740 2.685161 2.685161 
755.000000 443 2.000000 0.000001 8.649939 4.048032 -3.886371 31.490444 31.490444 
755.000000 444 2.000000 0.423203 8.024579 -2.335731 3.685625 19.039469 19.039469 
755.000000 445 2.000000 0.735155 14.077293 1.131007 1.170588 2.649453 2.649453 
755.000000 446 2.000000 0.932414 16.622638 9.324133 2.359240 92.505477 92.505477 
755.000000 447 2.000000 0.999999 0.129273 -7.256766 -0.896681 53.464694 53.464694 
755.000000 448 2.000000 0.290016 10.622113 -3.387086 -1.139188 12.770103 12.770103 
755.000000 449 2.000000 0.838975 2.354892 2.397070 6.728261 51.015435 51.015435 
755.000000 450 2.000000 0.256638 8.419556 -7.433609 2.848959 63.375106 63.375106 
755.000000 451 2.000000 0.657027 4.276230 -6.859446 0.177028 47.083342 47.083342 
755.000000 452 2.000000 0.440832 1.844506 -2.236670 -1.387197 6.927007 6.927007 
755.000000 453 2.000000 0.999999 14.739482 -4.292699 -1.170355 19.796994 19.796994 
755.000000 454 2.000000 0.296708 4.936791 -1.562869 -1.942412 6.215526 6.215526 
755.000000 455 2.000000 0.485098 5.251515 -3.432671 -3.487894 23.948635 23.948635 
755.000000 456 2.000000 0.726420 11.551026 -1.823863 -6.136410 40.982002 40.982002 
755.000000 457 2.000000 0.000001 13.533699 3.870589 -6.825086 61.563256 61.563256 
755.000000 458 2.000000 0.998178 16.945309 -0.006070 4.398492 19.346770 19.346770 
755.000000 459 2.000000 0.999999 2.462870 -1.908063 -0.388763 3.791843 3.791843 
755.000000 460 2.000000 0.999999 14.559775 -5.233536 4.160671 44.701088 44.701088 
755.000000 461 2.000000 0.607135 7.040899 -0.392864 -0.110566 0.166567 0.166567 
755.000000 462 2.000000 0.033575 12.100668 -0.129918 2.499818 6.265970 6.265970 
755.000000 463 2.000000 0.729040 0.087387 -5.419176 1.747721 32.421998 32.421998 
755.000000 464 2.000000 0.832027 1.283457 1.512775 3.667018 15.735510 15.735510 
755.000000 465 2.000000 0.521086 9.603554 -9.578269 3.045156 101.016216 101.016216 
755.000000 466 2.000000 0.479289 3.318776 3.195252 -1.827531 13.549503 13.549503 
755.000000 467 2.000000 0.715493 8.802340 -5.690128 0.158038 32.402527 32.402527 
755.000000 468 2.000000 0.062779 15.467622 -1.874441 -0.654374 3.941734 3.941734 
755.000000 469 2.000000 0.238344 16.247684 0.794476 1.403839 2.601956 2.601956 
755.000000 470 2.000000 0.999999 7.748952 -4.426283 0.947901 20.490498 20.490498 
755.000000 471 2.000000 0.314167 3.075192 -3.429160 -0.079715 11.765494 11.765494 
755.000000 472 2.000000 0.792596 18.866571 -4.148052 -3.227942 27.625947 27.625947 
755.000000 473 2.000000 0.394891 12.775744 -6.051085 -5.554579 67.468969 67.468969 
755.000000 474 2.000000 0.420073 17.897840 4.200724 5.183088 44.510486 44.510486 
755.000000 475 2.000000 0.868114 6.785137 5.787420 2.467322 39.581908 39.581908 
755.000000 476 2.000000 0.935056 8.172536 3.451713 -7.517354 68.424937 68.424937 
755.000000 477 2.000000 0.000001 0.968222 3.879659 0.632043 15.451235 15.451235 
755.000000 478 2.000000 0.999999 8.494941 -5.736364 -0.212805 32.951154 32.951154 
755.000000 479 2.000000 0.487893 3.369785 -3.414043 -4.000606 27.660533 27.660533 
755.000000 480 2.000000 0.294726 3.417312 -3.526363 6.213294 51.040251 51.040251 
755.000000 481 2.000000 0.486541 5.883840 -0.081509 -6.137460 37.675064 37.675064 
755.000000 482 2.000000 0.272952 11.837711 -2.908188 -0.208227 8.500913 8.500913 
755.000000 483 2.000000 0.198537 6.837693 -1.529827 4.347797 21.243714 21.243714 
755.000000 484 2.000000 0.093675 14.164565 1.873473 -0.388835 3.661093 3.661093 
755.000000 485 2.000000 0.785736 11.934464 3.928677 0.676774 15.892525 15.892525 
755.000000 486 2.000000 0.742830 1.353054 7.428291 3.006784 64.220255 64.220255 
755.000000 487 2.000000 0.820311 17.825896 -0.396769 -3.244583 10.684747 10.684747 
755.000000 488 2.000000 0.999999 0.705286 -4.348063 2.821139 26.864479 26.864479 
755.000000 489 2.000000 0.148749 8.054894 -4.256250 -1.711745 21.045737 21.045737 
755.000000 490 2.000000 0.663150 8.938436 -1.122831 1.595946 3.807792 3.807792 
755.000000 491 2.000000 0.487790 1.293585 -2.048836 6.467921 46.031726 46.031726 
755.000000 492 2.000000 0.523200 4.429006 -0.595998 2.109050 4.803305 4.803305 
755.000000 493 2.000000 0.112545 11.876951 0.750294 -1.388188 2.490008 2.490008 
755.000000 494 2.000000 0.564343 0.000001 -0.726094 5.451488 30.245932 30.245932 
755.000000 495 2.000000 0.348372 15.368749 -6.516272 -4.027174 58.679923 58.679923 
755.000000 496 2.000000 0.780034 9.730180 0.234943 -3.998912 16.046492 16.046492 
755.000000 497 2.000000 0.048315 5.040950 -2.114854 2.427747 10.366566 10.366566 
755.000000 498 2.000000 0.019713 5.938202 -3.267620 3.610494 23.713002 23.713002 
755.000000 499 2.000000 0.482801 9.182700 -0.207662 -2.342353 5.529739 5.529739 
755.000000 500 2.000000 0.695646 14.859317 2.782580 0.007934 7.742812 7.742812 
