981.500000 1 2.000000 0.607766 11.680058 -0.101600 4.514064 20.387096 20.387096 
981.500000 2 2.000000 0.360885 4.094482 -3.195570 -0.088230 10.219453 10.219453 
981.500000 3 2.000000 0.955020 6.847968 1.005283 -0.600238 1.370880 1.370880 
981.500000 4 2.000000 0.876266 1.076491 1.460441 -0.619266 2.516379 2.516379 
981.500000 5 2.000000 0.000001 8.066192 4.181709 2.735805 24.971320 24.971320 
981.500000 6 2.000000 0.683813 13.926286 -0.714761 -0.906877 1.333309 1.333309 
981.500000 7 2.000000 0.000001 18.094629 3.816820 -4.763424 37.258321 37.258321 
981.500000 8 2.000000 0.604776 7.600646 6.047746 1.755997 39.658758 39.658758 
981.500000 9 2.000000 0.244400 4.103094 -3.777993 -0.122027 14.288122 14.288122 
981.500000 10 2.000000 0.307101 17.972543 1.535501 3.821379 16.960703 16.960703 
981.500000 11 2.000000 0.622628 12.600272 0.655396 2.359989 5.999093 5.999093 
981.500000 12 2.000000 0.999999 10.283500 -4.787619 -3.432803 34.705431 34.705431 
981.500000 13 2.000000 0.511958 2.386550 -0.813401 1.329928 2.430329 2.430329 
981.500000 14 2.000000 0.634633 0.442710 0.155525 -0.132447 0.041730 0.041730 
981.500000 15 2.000000 0.978701 8.429503 6.524667 3.665001 56.003508 56.003508 
981.500000 16 2.000000 0.194181 14.481909 -2.302338 4.386253 24.539980 24.539980 
981.500000 17 2.000000 0.149381 19.336872 2.987601 -2.210422 13.811727 13.811727 
981.500000 18 2.000000 0.674370 8.936120 -0.434172 0.811055 0.846315 0.846315 
981.500000 19 2.000000 0.000001 9.601711 8.647174 -7.182673 126.364416 126.364416 
981.500000 20 2.000000 0.504832 17.800949 -2.145904 -1.621372 7.233753 7.233753 
981.500000 21 2.000000 0.848438 16.025262 -3.031226 -1.266017 10.791129 10.791129 
981.500000 22 2.000000 0.496876 1.137563 -10.062463 -2.662487 108.341996 108.341996 
981.500000 23 2.000000 0.190420 4.936084 1.904186 -3.162295 13.626032 13.626032 
981.500000 24 2.000000 0.645812 9.249299 -3.541867 -2.441570 18.506085 18.506085 
981.500000 25 2.000000 0.454258 7.891962 9.085132 -2.271627 87.699909 87.699909 
981.500000 26 2.000000 0.304532 3.871598 -3.477333 -3.838933 26.829247 26.829247 
981.500000 27 2.000000 0.232504 1.144191 -0.959368 3.269113 11.607488 11.607488 
981.500000 28 2.000000 0.488156 10.583507 -1.462408 -8.188254 69.186138 69.186138 
981.500000 29 2.000000 0.105757 12.715431 -5.961614 -6.654179 79.818937 79.818937 
981.500000 30 2.000000 0.635614 0.784171 0.635613 7.841702 61.896287 61.896287 
981.500000 31 2.000000 0.999999 10.943605 -1.988954 1.631249 6.616911 6.616911 
981.500000 32 2.000000 0.999999 13.250140 -1.602094 -0.483056 2.800050 2.800050 
981.500000 33 2.000000 0.999999 17.731247 -2.799568 -3.241075 18.342147 18.342147 
981.500000 34 2.000000 0.808792 0.722911 2.695971 -2.326038 12.678709 12.678709 
981.500000 35 2.000000 0.589975 2.968948 2.359897 -0.935765 6.444771 6.444771 
981.500000 36 2.000000 0.360387 18.205826 7.207726 4.773400 74.736658 74.736658 
981.500000 37 2.000000 0.999999 19.426755 -2.607996 0.876649 7.570157 7.570157 
981.500000 38 2.000000 0.000001 4.658914 2.921106 -0.982778 9.498714 9.498714 
981.500000 39 2.000000 0.066655 4.475319 -2.333359 -1.660057 8.200354 8.200354 
981.500000 40 2.000000 0.956411 17.238237 0.910866 0.475339 1.055624 1.055624 
981.500000 41 2.000000 0.068144 8.901043 -3.727420 0.480257 14.124306 14.124306 
981.500000 42 2.000000 0.341272 14.992881 2.275142 3.216168 15.520007 15.520007 
981.500000 43 2.000000 0.528774 7.676204 3.525154 -5.731997 45.282505 45.282505 
981.500000 44 2.000000 0.999999 18.504260 -3.738729 3.181716 24.101412 24.101412 
981.500000 45 2.000000 0.269393 2.546104 5.387847 -0.709503 29.532296 29.532296 
981.500000 46 2.000000 0.316227 1.161998 -6.837718 -0.459219 46.965270 46.965270 
981.500000 47 2.000000 0.265664 17.101816 -0.772984 -8.280522 69.164543 69.164543 
981.500000 48 2.000000 0.509691 14.562398 -1.161099 -4.726815 23.690934 23.690934 
981.500000 49 2.000000 0.707800 11.170092 0.488137 -1.915197 3.906256 3.906256 
981.500000 50 2.000000 0.229843 19.662917 -3.818924 -3.370820 25.946605 25.946605 
981.500000 51 2.000000 0.747392 13.815984 -5.052134 2.158419 30.182830 30.182830 
981.500000 52 2.000000 0.491096 15.661304 -5.089028 1.725434 28.875327 28.875327 
981.500000 53 2.000000 0.642202 14.783335 6.422009 -5.476539 71.234676 71.234676 
981.500000 54 2.000000 0.525887 12.780213 5.258861 -0.233045 27.709926 27.709926 
981.500000 55 2.000000 0.126810 2.185216 2.536171 -2.585583 13.117405 13.117405 
981.500000 56 2.000000 0.688196 0.238732 -1.559014 4.774611 25.227436 25.227436 
981.500000 57 2.000000 0.000001 18.049364 8.616053 -0.006104 74.236409 74.236409 
981.500000 58 2.000000 0.726584 12.443951 2.421945 -1.350955 7.690896 7.690896 
981.500000 59 2.000000 0.990003 10.821569 6.600014 -6.380616 84.272446 84.272446 
981.500000 60 2.000000 0.468518 3.589415 -0.966329 -4.898682 24.930876 24.930876 
981.500000 61 2.000000 0.999999 4.426274 -5.436148 -2.183933 34.321274 34.321274 
981.500000 62 2.000000 0.696354 1.439762 6.963525 -5.820937 82.373997 82.373997 
981.500000 63 2.000000 0.448643 0.540491 0.051364 2.702451 7.305881 7.305881 
981.500000 64 2.000000 0.446340 8.384597 2.975593 -1.977406 12.764288 12.764288 
981.500000 65 2.000000 0.631721 13.874397 -0.566582 -1.025532 1.372731 1.372731 
981.500000 66 2.000000 0.734406 13.554736 -0.279572 3.932671 15.544060 15.544060 
981.500000 67 2.000000 0.317466 13.681697 -4.550223 1.616416 23.317329 23.317329 
981.500000 68 2.000000 0.070175 19.191246 -3.719296 -2.310722 19.172601 19.172601 
981.500000 69 2.000000 0.866558 18.671209 5.777048 0.301416 33.465136 33.465136 
981.500000 70 2.000000 0.924808 17.801646 -1.503819 -2.016419 6.327414 6.327414 
981.500000 71 2.000000 0.735023 10.278180 -5.299513 -2.430455 33.991948 33.991948 
981.500000 72 2.000000 0.617065 12.061061 -2.552892 2.190241 11.314415 11.314415 
981.500000 73 2.000000 0.573158 13.319901 -2.845607 7.611372 66.030456 66.030456 
981.500000 74 2.000000 0.752243 12.014279 1.367713 3.052835 11.190441 11.190441 
981.500000 75 2.000000 0.765881 11.490821 -1.170591 -7.399285 56.119699 56.119699 
981.500000 76 2.000000 0.843756 11.883798 0.544358 2.575503 6.929543 6.929543 
981.500000 77 2.000000 0.999999 4.012763 -5.254357 3.343968 38.790390 38.790390 
981.500000 78 2.000000 0.159375 2.495628 -2.401782 0.268751 5.840782 5.840782 
981.500000 79 2.000000 0.152452 11.168874 -5.650316 4.485823 52.048676 52.048676 
981.500000 80 2.000000 0.999999 11.087957 -2.048978 1.294173 5.873195 5.873195 
981.500000 81 2.000000 0.761874 16.342554 3.809367 4.126950 31.542992 31.542992 
981.500000 82 2.000000 0.726560 4.928679 4.843728 -1.870327 26.959826 26.959826 
981.500000 83 2.000000 0.000001 0.299928 6.250088 -5.439636 68.653242 68.653242 
981.500000 84 2.000000 0.288352 13.667523 5.767027 -1.014652 34.288120 34.288120 
981.500000 85 2.000000 0.312804 2.747906 6.256060 -0.768037 39.728167 39.728167 
981.500000 86 2.000000 0.124263 2.372478 1.242619 -1.042151 2.630181 2.630181 
981.500000 87 2.000000 0.764946 19.495790 0.277764 -4.556903 20.842519 20.842519 
981.500000 88 2.000000 0.624225 13.465521 0.103063 -5.287699 27.970379 27.970379 
981.500000 89 2.000000 0.444384 8.178592 -3.704097 -1.305425 15.424473 15.424473 
981.500000 90 2.000000 0.540466 7.121979 -3.063553 3.123686 19.142772 19.142772 
981.500000 91 2.000000 0.317786 3.331529 6.355704 2.560389 46.950571 46.950571 
981.500000 92 2.000000 0.576741 9.536091 0.339552 -1.924286 3.818170 3.818170 
981.500000 93 2.000000 0.284781 17.823439 -3.576091 1.552001 15.197132 15.197132 
981.500000 94 2.000000 0.000001 4.112979 1.127232 -0.282362 1.350379 1.350379 
981.500000 95 2.000000 0.408876 5.981503 -0.078891 2.170487 4.717236 4.717236 
981.500000 96 2.000000 0.005443 18.294829 0.108849 2.794910 7.823367 7.823367 
981.500000 97 2.000000 0.065812 17.831273 0.658111 -4.819391 23.659643 23.659643 
981.500000 98 2.000000 0.169269 19.999999 -4.153648 -0.959157 18.172770 18.172770 
981.500000 99 2.000000 0.883640 18.433124 -0.387863 2.106710 4.588662 4.588662 
981.500000 100 2.000000 0.537002 17.226656 -3.086647 -1.880158 13.062386 13.062386 
981.500000 101 2.000000 0.284602 6.193691 0.813147 -5.635228 32.417001 32.417001 
981.500000 102 2.000000 0.415891 15.817559 4.158903 1.611173 19.892356 19.892356 
981.500000 103 2.000000 0.999999 15.884048 -2.147977 2.120259 9.109303 9.109303 
981.500000 104 2.000000 0.338401 10.456364 -0.158235 -2.380643 5.692501 5.692501 
981.500000 105 2.000000 0.936531 14.112235 2.675801 -0.607091 7.528468 7.528468 
981.500000 106 2.000000 0.799676 0.049227 1.999187 -1.166402 5.357245 5.357245 
981.500000 107 2.000000 0.989420 10.614025 -8.433427 2.031978 75.251622 75.251622 
981.500000 108 2.000000 0.999999 19.999999 -4.084770 -3.517967 29.061440 29.061440 
981.500000 109 2.000000 0.341876 16.385385 -2.193742 0.160262 4.838189 4.838189 
981.500000 110 2.000000 0.673679 15.410162 1.224868 0.387075 1.650130 1.650130 
981.500000 111 2.000000 0.703396 7.131766 -2.966029 5.943137 44.118206 44.118206 
981.500000 112 2.000000 0.368654 11.798314 2.457688 -2.132750 10.588854 10.588854 
981.500000 113 2.000000 0.000001 9.341303 1.312841 -2.543487 8.192878 8.192878 
981.500000 114 2.000000 0.468375 3.852442 1.561248 4.055201 18.882150 18.882150 
981.500000 115 2.000000 0.287045 18.610668 -0.838770 -1.068716 1.845688 1.845688 
981.500000 116 2.000000 0.586871 2.591965 -0.714434 -2.876608 8.785287 8.785287 
981.500000 117 2.000000 0.036417 9.849325 0.728328 -1.115487 1.774772 1.774772 
981.500000 118 2.000000 0.001476 18.445316 -0.047897 5.760155 33.181683 33.181683 
981.500000 119 2.000000 0.320686 0.730014 -0.134293 2.433375 5.939350 5.939350 
981.500000 120 2.000000 0.799768 1.959125 -4.004630 -3.139018 25.890493 25.890493 
981.500000 121 2.000000 0.589897 11.653970 -2.050512 -4.626097 25.605372 25.605372 
981.500000 122 2.000000 0.762971 15.860185 -2.370277 -2.957010 14.362121 14.362121 
981.500000 123 2.000000 0.605508 5.041558 -0.606910 -2.388637 6.073925 6.073925 
981.500000 124 2.000000 0.038414 10.304968 -1.201982 -5.728114 34.256047 34.256047 
981.500000 125 2.000000 0.000001 2.701383 5.848095 5.414553 63.517602 63.517602 
981.500000 126 2.000000 0.590928 2.619487 -8.181411 8.731618 143.176654 143.176654 
981.500000 127 2.000000 0.906912 13.376797 -0.930874 -1.780709 4.037449 4.037449 
981.500000 128 2.000000 0.486098 8.848833 -5.139011 1.080273 27.576426 27.576426 
981.500000 129 2.000000 0.345253 9.175312 0.767228 0.096742 0.597997 0.597997 
981.500000 130 2.000000 0.201128 10.847909 4.022540 -2.734434 23.657960 23.657960 
981.500000 131 2.000000 0.503103 12.223145 2.044794 1.764357 7.294138 7.294138 
981.500000 132 2.000000 0.181160 14.832031 -0.610888 2.251441 5.442172 5.442172 
981.500000 133 2.000000 0.140664 4.549216 -0.242407 -3.665842 13.497161 13.497161 
981.500000 134 2.000000 0.411184 3.642129 0.237676 -6.543203 42.870000 42.870000 
981.500000 135 2.000000 0.221466 12.286554 0.093926 2.108483 4.454524 4.454524 
981.500000 136 2.000000 0.399685 8.888230 0.486390 3.039770 9.476774 9.476774 
981.500000 137 2.000000 0.077415 14.617612 1.548272 1.495418 4.633423 4.633423 
981.500000 138 2.000000 0.162796 19.145490 3.255907 -2.136273 15.164594 15.164594 
981.500000 139 2.000000 0.283395 2.308125 1.889294 -0.089433 3.577431 3.577431 
981.500000 140 2.000000 0.346599 4.834606 0.630179 3.544076 12.957599 12.957599 
981.500000 141 2.000000 0.241897 5.088495 -3.790510 -0.718938 14.884835 14.884835 
981.500000 142 2.000000 0.249363 9.490960 -0.342368 2.717535 7.502211 7.502211 
981.500000 143 2.000000 0.000001 19.287277 5.563026 5.453401 60.686840 60.686840 
981.500000 144 2.000000 0.135784 5.674632 1.357832 0.859222 2.581970 2.581970 
981.500000 145 2.000000 0.533578 4.579637 10.671533 1.241834 115.423776 115.423776 
981.500000 146 2.000000 0.554872 1.095136 5.548713 -6.183164 69.019726 69.019726 
981.500000 147 2.000000 0.999999 6.011283 -5.094926 -3.478501 38.058240 38.058240 
981.500000 148 2.000000 0.886700 19.876643 -0.800504 -2.467120 6.727486 6.727486 
981.500000 149 2.000000 0.514547 9.505390 -0.422132 5.341798 28.712999 28.712999 
981.500000 150 2.000000 0.495335 13.630005 -2.018657 4.217129 21.859152 21.859152 
981.500000 151 2.000000 0.767597 19.774298 -4.648044 -4.514030 41.980776 41.980776 
981.500000 152 2.000000 0.690753 15.707453 -6.184927 1.551514 40.660515 40.660515 
981.500000 153 2.000000 0.284596 16.885539 5.691901 -1.483076 34.597248 34.597248 
981.500000 154 2.000000 0.000001 5.920780 9.308977 2.277223 91.842797 91.842797 
981.500000 155 2.000000 0.469224 2.368073 2.346113 -1.143808 6.812543 6.812543 
981.500000 156 2.000000 0.782828 8.048672 -0.868685 -2.073010 5.051982 5.051982 
981.500000 157 2.000000 0.741563 9.514624 -0.430727 -7.396194 54.889204 54.889204 
981.500000 158 2.000000 0.485921 18.719909 1.943679 5.898982 38.575871 38.575871 
981.500000 159 2.000000 0.572561 10.875848 -8.548760 2.936449 81.704036 81.704036 
981.500000 160 2.000000 0.833027 10.325800 -3.339448 4.817517 34.360383 34.360383 
981.500000 161 2.000000 0.549758 11.223841 1.832524 0.564071 3.676321 3.676321 
981.500000 162 2.000000 0.107901 12.195424 2.158009 3.195769 14.869945 14.869945 
981.500000 163 2.000000 0.127944 9.558444 -4.360273 -4.972169 43.734442 43.734442 
981.500000 164 2.000000 0.068634 16.303203 -4.656824 -0.242826 21.744978 21.744978 
981.500000 165 2.000000 0.458638 13.366148 -2.165445 -0.309648 4.785032 4.785032 
981.500000 166 2.000000 0.721094 19.097915 1.442185 -6.013895 38.246826 38.246826 
981.500000 167 2.000000 0.384333 16.113041 -4.104442 2.202329 21.696695 21.696695 
981.500000 168 2.000000 0.767383 1.526347 -4.652313 -1.411072 23.635143 23.635143 
981.500000 169 2.000000 0.324831 0.000001 -0.465633 3.924728 15.620302 15.620302 
981.500000 170 2.000000 0.617680 13.459322 6.865858 -0.130957 47.157158 47.157158 
981.500000 171 2.000000 0.194784 16.899012 3.895664 -0.150491 15.198848 15.198848 
981.500000 172 2.000000 0.619958 17.441578 0.736897 1.680419 3.366826 3.366826 
981.500000 173 2.000000 0.290076 19.851165 1.160300 -2.976689 10.206971 10.206971 
981.500000 174 2.000000 0.617053 5.536007 -3.829456 8.516932 87.202856 87.202856 
981.500000 175 2.000000 0.590908 8.865113 -2.045454 -3.974503 19.980559 19.980559 
981.500000 176 2.000000 0.049081 3.702078 -0.950918 -2.892374 9.270073 9.270073 
981.500000 177 2.000000 0.515556 8.655778 -0.745298 0.452423 0.760155 0.760155 
981.500000 178 2.000000 0.267502 19.169497 1.070005 1.299053 2.832450 2.832450 
981.500000 179 2.000000 0.032916 6.297026 -1.359348 -2.714313 9.215325 9.215325 
981.500000 180 2.000000 0.999999 5.807286 -2.277440 -1.180353 6.579966 6.579966 
981.500000 181 2.000000 0.908750 11.904197 0.820449 -0.752979 1.240114 1.240114 
981.500000 182 2.000000 0.752566 9.598386 -4.948655 3.310434 35.448161 35.448161 
981.500000 183 2.000000 0.999999 16.740817 -3.105645 -1.583938 12.153891 12.153891 
981.500000 184 2.000000 0.231759 8.879386 4.635152 5.138686 47.890733 47.890733 
981.500000 185 2.000000 0.938941 0.434023 1.104636 0.868043 1.973719 1.973719 
981.500000 186 2.000000 0.213520 16.954743 2.135190 3.160988 14.550882 14.550882 
981.500000 187 2.000000 0.155285 9.420371 -1.126286 0.518008 1.536853 1.536853 
981.500000 188 2.000000 0.495279 18.782701 0.003115 -4.057659 16.464608 16.464608 
981.500000 189 2.000000 0.687467 4.732369 -2.083544 1.514137 6.633768 6.633768 
981.500000 190 2.000000 0.720618 14.033073 1.201028 -3.513561 13.787576 13.787576 
981.500000 191 2.000000 0.712121 8.853469 -5.757557 1.481863 35.345387 35.345387 
981.500000 192 2.000000 0.603823 2.290127 -3.961763 0.532731 15.979368 15.979368 
981.500000 193 2.000000 0.118016 0.503442 -2.519952 -7.089836 56.615935 56.615935 
981.500000 194 2.000000 0.526835 18.275076 -0.788606 -5.749743 33.681441 33.681441 
981.500000 195 2.000000 0.999999 11.270854 -5.726074 1.861220 36.252065 36.252065 
981.500000 196 2.000000 0.082378 19.342349 -1.079554 -1.879001 4.696080 4.696080 
981.500000 197 2.000000 0.499897 2.974001 1.150533 0.731363 1.858618 1.858618 
981.500000 198 2.000000 0.845731 8.677710 -0.617072 -1.090412 1.569777 1.569777 
981.500000 199 2.000000 0.660849 19.512167 1.834678 -0.322868 3.470287 3.470287 
981.500000 200 2.000000 0.339084 7.227183 0.543730 -0.001974 0.295646 0.295646 
981.500000 201 2.000000 0.155507 9.748496 3.110127 -4.408923 29.111490 29.111490 
981.500000 202 2.000000 0.237416 16.340658 0.791384 3.425029 12.357113 12.357113 
981.500000 203 2.000000 0.718372 12.845549 1.795927 2.895236 11.607742 11.607742 
981.500000 204 2.000000 0.999999 1.974257 -7.321412 -0.489956 53.843129 53.843129 
981.500000 205 2.000000 0.877665 11.623168 2.194160 1.838205 8.193336 8.193336 
981.500000 206 2.000000 0.363354 14.757198 1.816763 1.061977 4.428425 4.428425 
981.500000 207 2.000000 0.535159 6.118004 -0.774733 2.984391 9.506805 9.506805 
981.500000 208 2.000000 0.782066 15.141757 3.128260 4.949384 34.282411 34.282411 
981.500000 209 2.000000 0.764853 6.113744 5.099016 -1.629025 28.653689 28.653689 
981.500000 210 2.000000 0.558043 1.381979 -8.839117 3.071062 87.561420 87.561420 
981.500000 211 2.000000 0.392588 13.565154 -2.429646 -0.445918 6.102021 6.102021 
981.500000 212 2.000000 0.780216 19.114197 -4.395656 5.752850 52.417073 52.417073 
981.500000 213 2.000000 0.938253 13.161995 6.255014 -4.349284 58.041469 58.041469 
981.500000 214 2.000000 0.291118 16.856040 0.065311 0.213341 0.049780 0.049780 
981.500000 215 2.000000 0.612952 0.846115 -7.740932 -4.226745 77.787395 77.787395 
981.500000 216 2.000000 0.645231 12.656883 -0.272899 3.542977 12.627161 12.627161 
981.500000 217 2.000000 0.824666 7.578320 -0.701334 1.936442 4.241678 4.241678 
981.500000 218 2.000000 0.743589 15.615329 1.487175 2.720826 9.614586 9.614586 
981.500000 219 2.000000 0.907391 0.975609 0.798007 4.878040 24.432089 24.432089 
981.500000 220 2.000000 0.109366 15.762293 -4.453165 -3.093096 29.397925 29.397925 
981.500000 221 2.000000 0.466078 12.203136 -5.339213 1.198456 29.943488 29.943488 
981.500000 222 2.000000 0.716978 17.801040 1.792442 -3.383015 14.657637 14.657637 
981.500000 223 2.000000 0.477655 17.285591 1.910617 -5.428817 33.122509 33.122509 
981.500000 224 2.000000 0.771468 4.788524 -0.761770 6.492118 42.727887 42.727887 
981.500000 225 2.000000 0.470090 4.230769 -0.226113 1.081963 1.221772 1.221772 
981.500000 226 2.000000 0.756056 16.608787 -0.252973 3.465347 12.072624 12.072624 
981.500000 227 2.000000 0.904481 12.317037 1.064094 6.316428 41.029566 41.029566 
981.500000 228 2.000000 0.576043 11.360973 1.920141 8.121537 69.646307 69.646307 
981.500000 229 2.000000 0.171120 18.053969 1.181637 -0.092091 1.404746 1.404746 
981.500000 230 2.000000 0.507830 17.077621 0.112090 1.169892 1.381212 1.381212 
981.500000 231 2.000000 0.472157 11.816387 2.360779 -2.128013 10.101715 10.101715 
981.500000 232 2.000000 0.000001 4.339907 2.270423 3.246112 15.692060 15.692060 
981.500000 233 2.000000 0.799246 13.617773 -4.015050 -1.470999 18.284467 18.284467 
981.500000 234 2.000000 0.886643 4.647375 -0.453424 2.745798 7.744999 7.744999 
981.500000 235 2.000000 0.044616 12.730475 -3.821533 -0.238768 14.661128 14.661128 
981.500000 236 2.000000 0.999999 19.018328 -3.598941 3.555079 25.590963 25.590963 
981.500000 237 2.000000 0.906220 14.331740 -0.937793 0.847038 1.596929 1.596929 
981.500000 238 2.000000 0.585079 8.227922 -4.149196 -2.317512 22.586686 22.586686 
981.500000 239 2.000000 0.844046 19.675995 -0.346563 -3.240044 10.617994 10.617994 
981.500000 240 2.000000 0.112323 5.454975 2.246444 -2.003072 9.058805 9.058805 
981.500000 241 2.000000 0.000001 13.384379 3.717772 -2.718559 21.212388 21.212388 
981.500000 242 2.000000 0.685344 9.528814 -0.209770 -0.409877 0.212003 0.212003 
981.500000 243 2.000000 0.320697 2.533175 -1.358604 -0.859680 2.584853 2.584853 
981.500000 244 2.000000 0.001886 18.728330 -3.992453 5.295643 43.983516 43.983516 
981.500000 245 2.000000 0.606613 12.685296 2.022040 0.986406 5.061641 5.061641 
981.500000 246 2.000000 0.785211 19.005128 4.316864 2.074689 22.939652 22.939652 
981.500000 247 2.000000 0.892331 12.660662 0.209960 -3.336062 11.173396 11.173396 
981.500000 248 2.000000 0.094950 8.680927 1.898976 -6.168138 41.652038 41.652038 
981.500000 249 2.000000 0.184351 19.249173 1.843501 5.094097 29.348325 29.348325 
981.500000 250 2.000000 0.654451 14.752629 -3.455478 3.653386 25.287558 25.287558 
981.500000 251 2.000000 0.840852 1.020371 -3.182939 -0.391194 10.284135 10.284135 
981.500000 252 2.000000 0.885999 16.878427 -0.759999 0.299555 0.667332 0.667332 
981.500000 253 2.000000 0.390156 12.051551 -6.098429 1.089277 38.377363 38.377363 
981.500000 254 2.000000 0.830428 17.586570 -1.130473 -0.792128 1.905435 1.905435 
981.500000 255 2.000000 0.418757 13.487429 2.791707 0.450545 7.996617 7.996617 
981.500000 256 2.000000 0.999999 10.134724 -3.245230 -0.461214 10.744234 10.744234 
981.500000 257 2.000000 0.000001 16.718336 1.020877 -0.192146 1.079111 1.079111 
981.500000 258 2.000000 0.346146 10.202961 -1.089755 0.053864 1.190466 1.190466 
981.500000 259 2.000000 0.379869 16.167133 7.597354 1.228522 59.229060 59.229060 
981.500000 260 2.000000 0.612220 6.106633 0.248748 3.001691 9.072024 9.072024 
981.500000 261 2.000000 0.448984 17.920943 2.993222 1.633313 11.627086 11.627086 
981.500000 262 2.000000 0.463297 13.876434 4.632958 5.341867 49.999848 49.999848 
981.500000 263 2.000000 0.267013 19.952307 1.780083 2.352207 8.701572 8.701572 
981.500000 264 2.000000 0.402556 5.159424 4.025549 -5.843599 50.352700 50.352700 
981.500000 265 2.000000 0.123564 4.909945 2.471266 1.975252 10.008779 10.008779 
981.500000 266 2.000000 0.667120 3.407281 -6.657580 -2.697464 51.599677 51.599677 
981.500000 267 2.000000 0.674076 4.599887 -6.518457 -3.851077 57.321074 57.321074 
981.500000 268 2.000000 0.000001 9.022659 3.474538 6.940506 60.243046 60.243046 
981.500000 269 2.000000 0.346906 14.615510 6.938094 -0.949421 49.038554 49.038554 
981.500000 270 2.000000 0.604469 0.000001 6.044677 7.588975 94.130656 94.130656 
981.500000 271 2.000000 0.275738 0.117402 1.838246 -0.331883 3.489293 3.489293 
981.500000 272 2.000000 0.000001 15.341511 5.539168 -4.036792 46.978070 46.978070 
981.500000 273 2.000000 0.356052 19.385237 1.780255 2.123271 7.677584 7.677584 
981.500000 274 2.000000 0.942283 17.744039 5.230184 1.391116 29.290031 29.290031 
981.500000 275 2.000000 0.414270 7.599365 -5.857291 3.240520 44.808828 44.808828 
981.500000 276 2.000000 0.850931 19.575182 -1.490676 2.469411 8.320106 8.320106 
981.500000 277 2.000000 0.999999 10.609851 0.909495 -0.320882 0.930146 0.930146 
981.500000 278 2.000000 0.999999 17.308487 -3.539611 3.933747 28.003214 28.003214 
981.500000 279 2.000000 0.367764 2.705505 3.677625 -1.538814 15.892875 15.892875 
981.500000 280 2.000000 0.842755 5.682160 -3.144874 -5.397971 39.028325 39.028325 
981.500000 281 2.000000 0.600718 11.323139 -2.661872 1.906471 10.720198 10.720198 
981.500000 282 2.000000 0.412420 8.010889 4.124190 -4.795644 40.007142 40.007142 
981.500000 283 2.000000 0.867053 15.208242 -2.658911 0.023612 7.070366 7.070366 
981.500000 284 2.000000 0.598754 2.108992 -0.501556 -2.292323 5.506301 5.506301 
981.500000 285 2.000000 0.882243 6.774618 -0.132063 5.343218 28.567422 28.567422 
981.500000 286 2.000000 0.911471 3.859310 2.592657 -5.031614 32.039011 32.039011 
981.500000 287 2.000000 0.000001 2.730335 5.825699 0.742457 34.490010 34.490010 
981.500000 288 2.000000 0.355656 17.525290 -0.920490 5.752666 33.940465 33.940465 
981.500000 289 2.000000 0.960360 4.875041 1.200448 4.239165 19.411594 19.411594 
981.500000 290 2.000000 0.000001 0.066372 4.395630 -1.586044 21.837096 21.837096 
981.500000 291 2.000000 0.729813 12.899430 -2.701861 5.432767 36.815012 36.815012 
981.500000 292 2.000000 0.378992 17.312267 3.789907 -2.239777 19.379996 19.379996 
981.500000 293 2.000000 0.554114 3.736948 5.541129 -0.526318 30.981123 30.981123 
981.500000 294 2.000000 0.309089 10.932210 3.090881 4.511673 29.908745 29.908745 
981.500000 295 2.000000 0.764387 7.575663 -4.712239 6.587532 65.600778 65.600778 
981.500000 296 2.000000 0.343657 18.007824 -0.514516 -0.335353 0.377189 0.377189 
981.500000 297 2.000000 0.821631 17.828550 -0.548234 -1.468831 2.458024 2.458024 
981.500000 298 2.000000 0.591329 3.474560 -2.724465 1.470660 9.585550 9.585550 
981.500000 299 2.000000 0.151615 13.643152 0.606455 -1.177847 1.755111 1.755111 
981.500000 300 2.000000 0.336414 2.037290 -1.105975 -1.389723 3.154511 3.154511 
981.500000 301 2.000000 0.072409 18.875834 -1.686527 8.032269 67.361723 67.361723 
981.500000 302 2.000000 0.290283 15.267631 1.935214 -0.318980 3.846802 3.846802 
981.500000 303 2.000000 0.139448 4.806690 2.788936 -0.286869 7.860460 7.860460 
981.500000 304 2.000000 0.000001 18.160536 6.683836 2.652652 51.710230 51.710230 
981.500000 305 2.000000 0.232900 2.757682 -1.180152 1.422512 3.416299 3.416299 
981.500000 306 2.000000 0.665656 5.538605 -2.228952 5.035094 30.320403 30.320403 
981.500000 307 2.000000 0.343634 0.074337 -4.375769 0.743358 19.699937 19.699937 
981.500000 308 2.000000 0.376868 6.475937 -4.154207 -2.151857 21.887925 21.887925 
981.500000 309 2.000000 0.242033 6.884880 4.840632 1.686711 26.276712 26.276712 
981.500000 310 2.000000 0.000001 14.169629 3.232312 10.509669 120.900976 120.900976 
981.500000 311 2.000000 0.129206 19.128634 -5.805289 -3.111359 43.381939 43.381939 
981.500000 312 2.000000 0.748869 2.459821 0.534906 1.171343 1.658168 1.658168 
981.500000 313 2.000000 0.526598 2.023640 5.265966 -5.182570 54.589435 54.589435 
981.500000 314 2.000000 0.678280 0.338855 -0.053423 0.847135 0.720492 0.720492 
981.500000 315 2.000000 0.763980 7.942715 -2.360191 8.360751 75.472660 75.472660 
981.500000 316 2.000000 0.513300 18.058006 0.101604 -0.946896 0.906935 0.906935 
981.500000 317 2.000000 0.391099 11.943540 0.782195 1.765551 3.729000 3.729000 
981.500000 318 2.000000 0.770751 8.091245 1.712777 6.472995 44.833269 44.833269 
981.500000 319 2.000000 0.285807 4.613017 0.145997 2.699386 7.308002 7.308002 
981.500000 320 2.000000 0.646813 17.945919 -1.765931 -1.940986 6.885938 6.885938 
981.500000 321 2.000000 0.212293 12.031668 2.122925 3.891819 19.653068 19.653068 
981.500000 322 2.000000 0.718996 2.305707 -0.778423 -5.315720 28.862821 28.862821 
981.500000 323 2.000000 0.518443 1.853689 -2.407781 -0.916662 6.637677 6.637677 
981.500000 324 2.000000 0.218203 18.057135 -1.421447 0.757924 2.594961 2.594961 
981.500000 325 2.000000 0.564601 6.920556 -4.353981 -4.223786 36.797522 36.797522 
981.500000 326 2.000000 0.592489 12.087554 -4.075095 -1.185812 18.012552 18.012552 
981.500000 327 2.000000 0.768545 14.348906 -2.314539 -0.510934 5.618144 5.618144 
981.500000 328 2.000000 0.964572 17.282646 0.622304 -0.622982 0.775368 0.775368 
981.500000 329 2.000000 0.999999 6.099168 -8.278442 8.717413 144.525888 144.525888 
981.500000 330 2.000000 0.877115 18.298941 0.974571 -1.790588 4.155993 4.155993 
981.500000 331 2.000000 0.917078 17.705124 1.018975 3.340589 12.197846 12.197846 
981.500000 332 2.000000 0.525702 9.539016 5.257011 -3.218764 37.996608 37.996608 
981.500000 333 2.000000 0.810167 3.818574 -1.265544 -4.379716 20.783517 20.783517 
981.500000 334 2.000000 0.000001 7.001697 4.281201 2.691704 25.573949 25.573949 
981.500000 335 2.000000 0.531044 1.800723 3.540289 -1.963534 16.389114 16.389114 
981.500000 336 2.000000 0.841532 11.032339 5.610206 -5.963150 67.033578 67.033578 
981.500000 337 2.000000 0.270441 11.952784 2.704401 -1.478588 9.500007 9.500007 
981.500000 338 2.000000 0.311218 15.872259 -0.573984 -0.289674 0.413369 0.413369 
981.500000 339 2.000000 0.387828 8.889990 -1.069805 1.808921 4.416680 4.416680 
981.500000 340 2.000000 0.869751 15.127017 1.301763 -1.059410 2.816937 2.816937 
981.500000 341 2.000000 0.897121 16.030777 -2.057565 -0.664149 4.674670 4.674670 
981.500000 342 2.000000 0.509852 0.283766 2.039404 5.675301 36.368212 36.368212 
981.500000 343 2.000000 0.094488 14.001499 -1.293588 0.984044 2.641712 2.641712 
981.500000 344 2.000000 0.201529 10.411552 4.030555 3.198852 26.478027 26.478027 
981.500000 345 2.000000 0.755188 13.213538 5.034581 1.333572 27.125419 27.125419 
981.500000 346 2.000000 0.109305 19.859910 -2.968979 -2.801772 16.664765 16.664765 
981.500000 347 2.000000 0.386914 1.951133 -2.043615 -5.822215 38.074549 38.074549 
981.500000 348 2.000000 0.162377 16.718988 -0.329630 0.010251 0.108761 0.108761 
981.500000 349 2.000000 0.817217 17.129521 -3.655643 2.520244 19.715356 19.715356 
981.500000 350 2.000000 0.428640 19.547844 -0.117043 -4.521547 20.458083 20.458083 
981.500000 351 2.000000 0.662783 13.281163 -1.124052 2.213921 6.164941 6.164941 
981.500000 352 2.000000 0.155279 19.545961 0.517594 -4.540382 20.882970 20.882970 
981.500000 353 2.000000 0.451320 8.465086 -5.486789 1.241848 31.647036 31.647036 
981.500000 354 2.000000 0.134259 5.650028 -0.058206 -3.707123 13.746152 13.746152 
981.500000 355 2.000000 0.512741 8.739540 -1.949032 2.362037 9.377946 9.377946 
981.500000 356 2.000000 0.244073 13.183138 0.503280 6.167413 38.290269 38.290269 
981.500000 357 2.000000 0.766385 2.660202 -0.667468 5.320402 28.752195 28.752195 
981.500000 358 2.000000 0.883601 15.546213 5.890665 -0.055645 34.703027 34.703027 
981.500000 359 2.000000 0.265776 6.294435 -2.447411 5.245361 33.503638 33.503638 
981.500000 360 2.000000 0.197352 18.315279 3.947025 4.659174 37.286909 37.286909 
981.500000 361 2.000000 0.999999 13.928479 -2.538740 -0.724178 6.969633 6.969633 
981.500000 362 2.000000 0.821563 16.437438 -0.178436 -0.453829 0.237801 0.237801 
981.500000 363 2.000000 0.999999 15.027933 -5.289388 1.673244 30.777373 30.777373 
981.500000 364 2.000000 0.000001 0.116221 4.238580 0.774802 18.565878 18.565878 
981.500000 365 2.000000 0.444091 12.079120 -0.794155 -0.484727 0.865642 0.865642 
981.500000 366 2.000000 0.219510 2.712951 -5.203262 0.050298 27.076461 27.076461 
981.500000 367 2.000000 0.038903 10.955472 0.389018 -3.065941 9.551332 9.551332 
981.500000 368 2.000000 0.265623 11.593488 -1.011827 2.042629 5.196127 5.196127 
981.500000 369 2.000000 0.350133 9.437633 -0.825002 2.505213 6.956723 6.956723 
981.500000 370 2.000000 0.432213 4.490116 -3.785241 -2.342261 19.814233 19.814233 
981.500000 371 2.000000 0.988647 2.940812 1.569994 -4.279311 20.777381 20.777381 
981.500000 372 2.000000 0.866680 5.702144 -1.333188 1.324244 3.531014 3.531014 
981.500000 373 2.000000 0.693348 19.045090 2.305787 3.037361 14.542216 14.542216 
981.500000 374 2.000000 0.610169 14.027669 -3.898298 1.526603 17.527241 17.527241 
981.500000 375 2.000000 0.227790 19.359931 -5.118294 -6.400684 67.165689 67.165689 
981.500000 376 2.000000 0.355323 7.145403 1.184408 -2.047044 5.593213 5.593213 
981.500000 377 2.000000 0.286553 6.832675 5.731033 -5.610323 64.320453 64.320453 
981.500000 378 2.000000 0.556688 7.193913 -2.955408 0.550813 9.037831 9.037831 
981.500000 379 2.000000 0.805980 19.182680 2.665554 -2.717632 14.490705 14.490705 
981.500000 380 2.000000 0.000001 9.588756 4.938129 -2.629884 31.301409 31.301409 
981.500000 381 2.000000 0.123022 7.724003 -3.507908 3.767806 26.501781 26.501781 
981.500000 382 2.000000 0.518740 13.999144 5.187393 8.642064 101.594315 101.594315 
981.500000 383 2.000000 0.714583 14.431861 -1.427078 8.246777 70.045882 70.045882 
981.500000 384 2.000000 0.957418 4.253229 2.127593 -3.033525 13.728929 13.728929 
981.500000 385 2.000000 0.000001 16.588334 3.540962 -2.022167 16.627572 16.627572 
981.500000 386 2.000000 0.901335 16.590129 -0.328881 0.255407 0.173396 0.173396 
981.500000 387 2.000000 0.772499 14.530533 2.151534 -1.741791 7.662933 7.662933 
981.500000 388 2.000000 0.148762 16.651026 -1.134982 -1.675263 4.094691 4.094691 
981.500000 389 2.000000 0.532785 5.474013 -3.114757 -2.457419 15.740618 15.740618 
981.500000 390 2.000000 0.644284 11.586421 -1.016328 -3.918488 16.387472 16.387472 
981.500000 391 2.000000 0.457501 15.879963 1.257173 -4.325899 20.293889 20.293889 
981.500000 392 2.000000 0.803576 12.690233 -1.964233 2.319769 9.239540 9.239540 
981.500000 393 2.000000 0.666475 17.240601 -3.335243 -6.898495 58.713076 58.713076 
981.500000 394 2.000000 0.632389 7.427237 1.806822 -3.988106 19.169593 19.169593 
981.500000 395 2.000000 0.494945 11.665723 4.949437 -2.809943 32.392703 32.392703 
981.500000 396 2.000000 0.835648 11.189274 2.785490 2.246184 12.804294 12.804294 
981.500000 397 2.000000 0.564934 5.881945 -0.483406 -2.839529 8.296609 8.296609 
981.500000 398 2.000000 0.401248 19.377627 -5.987510 -0.918391 36.693722 36.693722 
981.500000 399 2.000000 0.157950 11.382892 1.052990 1.601368 3.673167 3.673167 
981.500000 400 2.000000 0.835957 18.981331 2.089889 0.863109 5.112594 5.112594 
981.500000 401 2.000000 0.229078 0.483894 -0.333336 -6.437809 41.556497 41.556497 
981.500000 402 2.000000 0.177011 11.808368 3.444388 -6.392687 52.730257 52.730257 
981.500000 403 2.000000 0.556929 7.274378 5.569277 -2.405194 36.801807 36.801807 
981.500000 404 2.000000 0.496122 2.989871 -4.522981 -2.909377 28.921833 28.921833 
981.500000 405 2.000000 0.693092 19.527875 -6.138145 -2.360618 43.249339 43.249339 
981.500000 406 2.000000 0.191220 17.232209 3.824377 3.787391 28.970191 28.970191 
981.500000 407 2.000000 0.194896 5.505539 3.897900 0.025020 15.194250 15.194250 
981.500000 408 2.000000 0.637685 0.000001 -1.811571 1.479358 5.470289 5.470289 
981.500000 409 2.000000 0.000001 16.303555 2.998421 4.127482 26.026634 26.026634 
981.500000 410 2.000000 0.182679 9.874712 1.217856 -1.892050 5.063026 5.063026 
981.500000 411 2.000000 0.668739 5.403174 -6.625204 0.762945 44.475410 44.475410 
981.500000 412 2.000000 0.176771 11.788943 -4.020318 1.456511 18.284385 18.284385 
981.500000 413 2.000000 0.091974 19.897936 1.839455 -2.041263 7.550349 7.550349 
981.500000 414 2.000000 0.137933 16.797816 -0.590741 -1.706158 3.259949 3.259949 
981.500000 415 2.000000 0.999999 8.915444 -5.881429 6.368174 75.144847 75.144847 
981.500000 416 2.000000 0.999999 13.417120 -2.758724 3.746320 21.645473 21.645473 
981.500000 417 2.000000 0.143573 9.189384 2.871441 -0.514659 8.510046 8.510046 
981.500000 418 2.000000 0.339354 9.678955 6.787053 -4.030756 62.311075 62.311075 
981.500000 419 2.000000 0.141764 18.650698 -1.430392 -1.927573 5.761561 5.761561 
981.500000 420 2.000000 0.000001 16.283249 3.798664 4.983375 39.263882 39.263882 
981.500000 421 2.000000 0.379750 1.517252 -3.101243 -6.246233 48.633131 48.633131 
981.500000 422 2.000000 0.519237 4.002091 -2.403809 -1.837168 9.153487 9.153487 
981.500000 423 2.000000 0.826047 11.626618 -1.739518 0.175396 3.056687 3.056687 
981.500000 424 2.000000 0.633642 8.718031 0.827434 -3.686412 14.274283 14.274283 
981.500000 425 2.000000 0.000001 2.707277 4.547832 -1.671630 23.477126 23.477126 
981.500000 426 2.000000 0.458239 16.308787 -1.354400 0.160296 1.860095 1.860095 
981.500000 427 2.000000 0.501110 4.701756 -1.603824 3.546922 15.152908 15.152908 
981.500000 428 2.000000 0.276144 17.658021 -0.723855 -1.108383 1.752478 1.752478 
981.500000 429 2.000000 0.955126 17.742047 -1.608883 -0.550493 2.891546 2.891546 
981.500000 430 2.000000 0.893075 14.395909 0.686980 5.645454 32.343095 32.343095 
981.500000 431 2.000000 0.999999 7.336184 -5.098904 3.119526 35.730262 35.730262 
981.500000 432 2.000000 0.000001 18.518740 6.329923 3.266808 50.739955 50.739955 
981.500000 433 2.000000 0.842990 9.099928 -3.140186 -9.083392 92.368785 92.368785 
981.500000 434 2.000000 0.813642 6.157706 3.254564 3.861064 25.500003 25.500003 
981.500000 435 2.000000 0.924358 10.820107 3.697428 5.278100 41.529317 41.529317 
981.500000 436 2.000000 0.646430 12.166178 6.464289 -5.595587 73.097618 73.097618 
981.500000 437 2.000000 0.635860 2.021264 -3.641390 2.127645 17.786593 17.786593 
981.500000 438 2.000000 0.000001 19.515988 3.523209 -3.226739 22.824845 22.824845 
981.500000 439 2.000000 0.874140 3.528313 5.827596 -2.120789 38.458619 38.458619 
981.500000 440 2.000000 0.270584 7.438978 2.705834 1.095979 8.522706 8.522706 
981.500000 441 2.000000 0.763053 9.362122 -1.579637 -4.349480 21.413234 21.413234 
981.500000 442 2.000000 0.180639 19.429448 -6.134075 0.837772 38.328742 38.328742 
981.500000 443 2.000000 0.602697 19.026946 -1.589207 1.152234 3.853221 3.853221 
981.500000 444 2.000000 0.000001 3.172547 6.318688 -7.138321 90.881437 90.881437 
981.500000 445 2.000000 0.232159 15.172026 -3.071362 -4.598070 30.575511 30.575511 
981.500000 446 2.000000 0.882464 16.523813 -2.350692 -5.793644 39.092058 39.092058 
981.500000 447 2.000000 0.269951 8.341171 2.699500 -2.534528 13.711130 13.711130 
981.500000 448 2.000000 0.345634 19.538026 -0.253154 -4.619733 21.406018 21.406018 
981.500000 449 2.000000 0.589501 5.806807 0.842143 5.131871 27.045310 27.045310 
981.500000 450 2.000000 0.361019 18.034937 1.031481 -2.068487 5.342591 5.342591 
981.500000 451 2.000000 0.336449 1.496945 0.841120 -0.181737 0.740512 0.740512 
981.500000 452 2.000000 0.000001 5.325288 4.610982 5.071702 46.983310 46.983310 
981.500000 453 2.000000 0.999999 19.394017 -7.280676 -6.545002 95.845285 95.845285 
981.500000 454 2.000000 0.748374 19.999999 -0.838748 -8.301661 69.621082 69.621082 
981.500000 455 2.000000 0.000001 8.493778 0.891024 -3.196173 11.009444 11.009444 
981.500000 456 2.000000 0.306789 9.438144 -0.378056 -4.569674 21.024843 21.024843 
981.500000 457 2.000000 0.674484 17.088515 0.047094 7.767506 60.336370 60.336370 
981.500000 458 2.000000 0.999999 15.827614 -6.841575 -2.042116 50.977380 50.977380 
981.500000 459 2.000000 0.873113 14.207628 2.910375 -0.206585 8.512958 8.512958 
981.500000 460 2.000000 0.465405 8.530327 -2.138376 -3.382881 16.016534 16.016534 
981.500000 461 2.000000 0.069587 2.167810 1.391727 1.671522 4.730891 4.730891 
981.500000 462 2.000000 0.970777 17.456220 -0.353410 -3.317514 11.130799 11.130799 
981.500000 463 2.000000 0.172909 18.390138 0.864538 2.189187 5.539965 5.539965 
981.500000 464 2.000000 0.849000 19.711191 2.829997 -5.776154 41.372841 41.372841 
981.500000 465 2.000000 0.910519 12.440262 -1.789597 3.833808 17.900743 17.900743 
981.500000 466 2.000000 0.425587 16.417573 1.215961 -2.091674 5.853662 5.853662 
981.500000 467 2.000000 0.628618 13.786650 -1.856904 -2.672410 10.589871 10.589871 
981.500000 468 2.000000 0.060208 9.617665 -1.708711 -3.398105 14.466813 14.466813 
981.500000 469 2.000000 0.639453 16.828568 4.263015 -1.922079 21.867687 21.867687 
981.500000 470 2.000000 0.675073 2.427768 -2.166177 5.395039 33.798764 33.798764 
981.500000 471 2.000000 0.458320 8.206309 4.583194 -1.442108 23.085343 23.085343 
981.500000 472 2.000000 0.427921 6.332609 4.279197 -2.524037 24.682289 24.682289 
981.500000 473 2.000000 0.389542 15.832270 1.558165 -2.962091 11.201861 11.201861 
981.500000 474 2.000000 0.489157 11.861551 0.752548 -1.808544 3.837160 3.837160 
981.500000 475 2.000000 0.447049 5.815255 1.788193 -2.133925 7.751270 7.751270 
981.500000 476 2.000000 0.791378 19.807604 7.913770 -3.847909 77.434169 77.434169 
981.500000 477 2.000000 0.228317 3.129849 -0.897506 -0.179109 0.837596 0.837596 
981.500000 478 2.000000 0.999999 12.629494 -6.031317 -5.264646 64.093282 64.093282 
981.500000 479 2.000000 0.857329 15.784623 -2.853408 -2.289324 13.382939 13.382939 
981.500000 480 2.000000 0.678725 18.032747 -0.494268 -4.918131 24.432309 24.432309 
981.500000 481 2.000000 0.543482 7.912591 -3.043449 8.791767 86.557746 86.557746 
981.500000 482 2.000000 0.276677 14.511134 1.106703 -0.657467 1.657054 1.657054 
981.500000 483 2.000000 0.032613 18.500134 -9.673856 -5.999458 129.576980 129.576980 
981.500000 484 2.000000 0.322809 5.696682 2.152054 -0.678607 5.091842 5.091842 
981.500000 485 2.000000 0.766283 10.655883 -4.674328 -0.707033 22.349239 22.349239 
981.500000 486 2.000000 0.692371 9.237661 3.461852 6.845771 58.848996 58.848996 
981.500000 487 2.000000 0.029197 14.679015 -0.066606 -0.086509 0.011920 0.011920 
981.500000 488 2.000000 0.856262 16.660476 2.446459 -1.094925 7.184023 7.184023 
981.500000 489 2.000000 0.378880 5.760457 -2.484476 2.684364 13.378434 13.378434 
981.500000 490 2.000000 0.000001 8.734169 1.597383 0.338956 2.666525 2.666525 
981.500000 491 2.000000 0.616689 14.328562 6.166876 -0.185459 38.064752 38.064752 
981.500000 492 2.000000 0.739651 5.770051 2.958600 1.006593 9.766544 9.766544 
981.500000 493 2.000000 0.755029 11.823249 -0.979879 0.383657 1.107356 1.107356 
981.500000 494 2.000000 0.900147 1.396650 0.364238 -0.621095 0.518428 0.518428 
981.500000 495 2.000000 0.268734 13.907901 5.374661 3.310368 39.845514 39.845514 
981.500000 496 2.000000 0.484149 9.357921 3.227653 4.678960 32.310406 32.310406 
981.500000 497 2.000000 0.334912 15.393686 -1.108479 0.982392 2.193820 2.193820 
981.500000 498 2.000000 0.199465 16.417179 -5.336894 -1.231071 29.997972 29.997972 
981.500000 499 2.000000 0.324379 1.072705 -1.930344 3.575679 16.511708 16.511708 
981.500000 500 2.000000 0.962425 1.040961 3.208079 0.684663 10.760533 10.760533 
