255.500000 1 2.000000 3.278906 14.629014 -0.804349 0.346870 0.767296 0.767296 
255.500000 2 2.000000 8.678494 14.399225 0.023700 -0.245310 0.060739 0.060739 
255.500000 3 2.000000 0.825806 17.359433 -0.331520 0.445807 0.308650 0.308650 
255.500000 4 2.000000 7.142180 14.269041 -0.558466 1.649203 3.031756 3.031756 
255.500000 5 2.000000 0.436530 6.016025 -0.662855 0.776261 1.041958 1.041958 
255.500000 6 2.000000 1.801271 2.733908 -0.644969 -0.602096 0.778505 0.778505 
255.500000 7 2.000000 8.482977 0.482538 -0.292196 1.930150 3.810856 3.810856 
255.500000 8 2.000000 2.268895 19.709939 0.393756 0.285661 0.236646 0.236646 
255.500000 9 2.000000 8.127511 17.019407 -0.116962 0.270381 0.086786 0.086786 
255.500000 10 2.000000 5.991806 17.814733 3.238813 1.063566 11.621085 11.621085 
255.500000 11 2.000000 4.202848 8.975652 0.188829 0.146064 0.056991 0.056991 
255.500000 12 2.000000 4.809981 0.454280 -0.414232 2.271397 5.330833 5.330833 
255.500000 13 2.000000 0.001052 9.191192 -0.009437 -0.313396 0.098306 0.098306 
255.500000 14 2.000000 0.209598 11.119666 0.085550 -0.594656 0.360934 0.360934 
255.500000 15 2.000000 5.481654 17.837245 -0.185214 0.872184 0.795010 0.795010 
255.500000 16 2.000000 6.065103 16.112662 1.107578 1.533670 3.578874 3.578874 
255.500000 17 2.000000 1.839979 0.180510 1.415368 -0.228042 2.055269 2.055269 
255.500000 18 2.000000 4.405856 0.807472 -0.286318 0.621131 0.467782 0.467782 
255.500000 19 2.000000 9.114698 7.289900 -1.847694 -0.583395 3.754322 3.754322 
255.500000 20 2.000000 2.889932 14.169589 0.095742 -1.371861 1.891169 1.891169 
255.500000 21 2.000000 5.614882 16.017027 1.538324 -0.698767 2.854715 2.854715 
255.500000 22 2.000000 2.977392 18.196376 0.089881 -0.340306 0.123887 0.123887 
255.500000 23 2.000000 4.022775 5.811757 -1.343880 -0.306474 1.899940 1.899940 
255.500000 24 2.000000 3.087959 18.544671 -1.067006 -0.264605 1.208517 1.208517 
255.500000 25 2.000000 6.430068 11.099453 0.659494 -1.133828 1.720497 1.720497 
255.500000 26 2.000000 0.800775 3.846434 -0.653449 0.258967 0.494060 0.494060 
255.500000 27 2.000000 4.723698 19.651383 -0.044431 -0.217885 0.049448 0.049448 
255.500000 28 2.000000 9.823644 4.245839 0.466182 0.387964 0.367842 0.367842 
255.500000 29 2.000000 7.535299 3.905865 0.423331 0.176337 0.210304 0.210304 
255.500000 30 2.000000 4.838849 7.987429 -0.247624 2.282122 5.269400 5.269400 
255.500000 31 2.000000 6.439578 5.980542 0.312126 1.590705 2.627765 2.627765 
255.500000 32 2.000000 7.158788 12.040868 -0.126833 1.315942 1.747789 1.747789 
255.500000 33 2.000000 7.712199 2.830337 -0.065188 0.456506 0.212647 0.212647 
255.500000 34 2.000000 4.510314 10.810628 0.710286 -0.431426 0.690634 0.690634 
255.500000 35 2.000000 10.149126 15.151294 -0.295951 0.591996 0.438047 0.438047 
255.500000 36 2.000000 4.689830 10.474641 0.548518 1.649550 3.021886 3.021886 
255.500000 37 2.000000 0.564771 3.737836 1.026855 -0.304438 1.147113 1.147113 
255.500000 38 2.000000 0.152856 11.942396 -1.371966 1.823266 5.206591 5.206591 
255.500000 39 2.000000 7.728150 11.882154 -1.352281 -0.596900 2.184955 2.184955 
255.500000 40 2.000000 2.880382 3.643302 0.491758 0.674685 0.697026 0.697026 
255.500000 41 2.000000 6.119375 17.623028 -0.367991 0.241999 0.193981 0.193981 
255.500000 42 2.000000 9.426422 19.284315 1.291291 0.247560 1.728717 1.728717 
255.500000 43 2.000000 0.633248 16.144469 1.407215 -0.291545 2.065252 2.065252 
255.500000 44 2.000000 2.375625 6.351452 -2.148766 -1.444291 6.703173 6.703173 
255.500000 45 2.000000 6.412377 19.836951 1.059897 0.002367 1.123387 1.123387 
255.500000 46 2.000000 5.605949 17.054267 0.434570 -0.892646 0.985668 0.985668 
255.500000 47 2.000000 3.888630 4.924425 1.620262 -1.554183 5.040733 5.040733 
255.500000 48 2.000000 7.676907 11.961937 0.266580 1.347504 1.886833 1.886833 
255.500000 49 2.000000 2.250578 9.013515 -1.341544 0.663049 2.239376 2.239376 
255.500000 50 2.000000 3.305273 5.420487 -0.268147 -0.347724 0.192814 0.192814 
255.500000 51 2.000000 8.166497 10.698906 -0.372567 -1.010988 1.160904 1.160904 
255.500000 52 2.000000 9.934249 16.762267 0.978744 0.439378 1.150992 1.150992 
255.500000 53 2.000000 4.927929 19.231039 0.657057 -0.668661 0.878831 0.878831 
255.500000 54 2.000000 6.099880 12.221714 0.412279 -0.697604 0.656625 0.656625 
255.500000 55 2.000000 7.475919 14.483604 2.265430 -0.277712 5.209295 5.209295 
255.500000 56 2.000000 8.996196 12.444383 -1.887719 0.087388 3.571119 3.571119 
255.500000 57 2.000000 6.775303 4.622682 0.178341 -0.805862 0.681219 0.681219 
255.500000 58 2.000000 0.329921 12.091272 1.319681 1.155350 3.076391 3.076391 
255.500000 59 2.000000 5.012323 18.080562 1.822662 1.162737 4.674056 4.674056 
255.500000 60 2.000000 3.898807 6.399861 0.390151 1.939351 3.913302 3.913302 
255.500000 61 2.000000 2.246525 2.644509 -0.673927 -0.572788 0.782264 0.782264 
255.500000 62 2.000000 2.200108 9.956675 -1.397814 1.214229 3.428234 3.428234 
255.500000 63 2.000000 4.359370 1.421360 -0.011136 -0.011373 0.000253 0.000253 
255.500000 64 2.000000 6.011170 14.715387 0.079421 -1.447839 2.102545 2.102545 
255.500000 65 2.000000 0.749462 3.385752 -1.772825 -1.464350 5.287231 5.287231 
255.500000 66 2.000000 9.827459 18.160988 -0.441078 0.748907 0.755411 0.755411 
255.500000 67 2.000000 5.178838 13.194659 -1.467684 -0.765225 2.739666 2.739666 
255.500000 68 2.000000 1.103071 19.154063 0.596254 0.243978 0.415044 0.415044 
255.500000 69 2.000000 1.293771 17.152871 0.113489 0.807194 0.664442 0.664442 
255.500000 70 2.000000 1.636189 14.917534 -0.190246 -0.135927 0.054670 0.054670 
255.500000 71 2.000000 4.797772 10.082870 1.744644 0.000440 3.043783 3.043783 
255.500000 72 2.000000 7.659899 19.777369 -1.917357 0.803958 4.322606 4.322606 
255.500000 73 2.000000 5.904226 2.264095 -1.177630 0.718760 1.903427 1.903427 
255.500000 74 2.000000 3.947113 18.831540 -0.405762 -0.687329 0.637064 0.637064 
255.500000 75 2.000000 6.880913 3.380291 -1.324825 -0.032877 1.756242 1.756242 
255.500000 76 2.000000 7.035437 7.042161 -1.707519 -0.973257 3.862851 3.862851 
255.500000 77 2.000000 2.538798 8.038931 1.538665 -0.610566 2.740280 2.740280 
255.500000 78 2.000000 5.966055 15.393943 -1.878402 1.143783 4.836634 4.836634 
255.500000 79 2.000000 8.888291 16.518775 -0.888126 -0.223071 0.838529 0.838529 
255.500000 80 2.000000 3.432757 5.587732 1.271391 -2.108232 6.061079 6.061079 
255.500000 81 2.000000 0.620538 1.492268 0.590988 -1.410437 2.338598 2.338598 
255.500000 82 2.000000 3.588564 5.904842 0.908497 -0.823801 1.504015 1.504015 
255.500000 83 2.000000 0.466749 0.262108 -1.100081 0.403241 1.372782 1.372782 
255.500000 84 2.000000 0.957451 1.246050 0.462386 -0.683517 0.680997 0.680997 
255.500000 85 2.000000 7.835707 8.053374 -0.421639 -0.483432 0.411487 0.411487 
255.500000 86 2.000000 8.160231 15.838956 -0.693621 -0.292003 0.566376 0.566376 
255.500000 87 2.000000 8.966716 16.981707 0.214498 -0.656150 0.476543 0.476543 
255.500000 88 2.000000 1.522382 1.329053 0.395424 -1.128473 1.429811 1.429811 
255.500000 89 2.000000 7.266053 4.394070 0.456684 1.757628 3.297815 3.297815 
255.500000 90 2.000000 7.110719 15.303898 -1.552419 -0.041332 2.411714 2.411714 
255.500000 91 2.000000 8.815299 13.393491 1.377390 -0.382428 2.043456 2.043456 
255.500000 92 2.000000 1.308697 14.311094 -1.798210 2.577230 9.875674 9.875674 
255.500000 93 2.000000 6.477387 5.316734 -1.660813 0.067844 2.762904 2.762904 
255.500000 94 2.000000 10.033775 8.109396 0.345397 0.062500 0.123205 0.123205 
255.500000 95 2.000000 1.018070 3.985912 0.117696 0.430909 0.199535 0.199535 
255.500000 96 2.000000 1.530789 11.065761 -1.093447 -1.581281 3.696076 3.696076 
255.500000 97 2.000000 5.171725 0.349033 0.398080 -0.959738 1.079565 1.079565 
255.500000 98 2.000000 8.542620 1.655624 1.178326 -0.896887 2.192859 2.192859 
255.500000 99 2.000000 7.867695 9.878826 1.895830 -0.356272 3.721100 3.721100 
255.500000 100 2.000000 1.794152 17.678268 -1.070808 2.019847 5.226411 5.226411 
255.500000 101 2.000000 3.995162 4.160678 0.295930 1.342154 1.888952 1.888952 
255.500000 102 2.000000 8.967227 16.503939 -2.074572 -0.349606 4.426074 4.426074 
255.500000 103 2.000000 10.154951 18.394713 0.735866 -0.373322 0.680868 0.680868 
255.500000 104 2.000000 2.377417 0.273807 -1.401680 -0.226248 2.015896 2.015896 
255.500000 105 2.000000 9.723628 18.062464 -0.848530 -0.511400 0.981533 0.981533 
255.500000 106 2.000000 2.383520 5.418107 0.138530 0.996924 1.013048 1.013048 
255.500000 107 2.000000 0.407225 12.184163 -0.988259 1.231383 2.492961 2.492961 
255.500000 108 2.000000 6.005156 2.528446 0.317733 0.346362 0.220921 0.220921 
255.500000 109 2.000000 1.708547 4.987492 -0.126060 0.927084 0.875376 0.875376 
255.500000 110 2.000000 5.409114 11.983709 1.150875 -0.668024 1.770770 1.770770 
255.500000 111 2.000000 1.781030 9.004064 -0.620875 -1.208344 1.845582 1.845582 
255.500000 112 2.000000 7.528946 11.998674 -1.772734 0.182418 3.175862 3.175862 
255.500000 113 2.000000 6.540390 11.881965 -0.617728 -0.138713 0.400829 0.400829 
255.500000 114 2.000000 2.372721 12.172023 -0.293784 0.353238 0.211086 0.211086 
255.500000 115 2.000000 4.059495 13.641723 -0.730389 -0.116741 0.547097 0.547097 
255.500000 116 2.000000 9.148118 1.636880 -0.355467 -0.063270 0.130360 0.130360 
255.500000 117 2.000000 9.209491 0.014583 -0.268108 -1.679407 2.892290 2.892290 
255.500000 118 2.000000 5.594894 9.618976 -0.828515 -1.705284 3.594429 3.594429 
255.500000 119 2.000000 10.206584 6.379451 0.541308 0.818924 0.963651 0.963651 
255.500000 120 2.000000 7.214476 5.754771 -0.152359 -1.346627 1.836618 1.836618 
255.500000 121 2.000000 1.457632 10.037049 0.195651 -1.844991 3.442270 3.442270 
255.500000 122 2.000000 10.158144 9.946398 0.027216 -0.313664 0.099126 0.099126 
255.500000 123 2.000000 6.336885 0.343330 -1.356038 0.149273 1.861122 1.861122 
255.500000 124 2.000000 5.885273 9.438093 -0.143749 -0.064643 0.024843 0.024843 
255.500000 125 2.000000 9.919306 8.490026 -0.100999 0.725643 0.536759 0.536759 
255.500000 126 2.000000 9.420716 4.860747 -1.061862 -1.231045 2.643023 2.643023 
255.500000 127 2.000000 3.572942 5.108383 0.940248 -1.559331 3.315580 3.315580 
255.500000 128 2.000000 6.561005 10.561052 -1.857509 -0.831937 4.142460 4.142460 
255.500000 129 2.000000 3.870763 19.549027 -0.857560 -0.044571 0.737397 0.737397 
255.500000 130 2.000000 2.514381 1.232778 -1.390455 -0.925619 2.790136 2.790136 
255.500000 131 2.000000 8.157056 11.158640 -0.204714 1.067812 1.182131 1.182131 
255.500000 132 2.000000 8.346093 1.762346 -0.202638 -1.107682 1.268021 1.268021 
255.500000 133 2.000000 1.720087 13.442791 -0.159825 -1.066213 1.162353 1.162353 
255.500000 134 2.000000 1.507325 2.154924 -0.042398 -0.372447 0.140514 0.140514 
255.500000 135 2.000000 2.182704 18.949715 -0.400787 0.423846 0.340276 0.340276 
255.500000 136 2.000000 9.286416 8.737879 1.420954 0.953559 2.928386 2.928386 
255.500000 137 2.000000 7.766606 14.186018 0.958840 -0.581398 1.257398 1.257398 
255.500000 138 2.000000 4.411713 15.054661 -0.525908 -1.393053 2.217176 2.217176 
255.500000 139 2.000000 6.826583 11.933508 -1.237406 -0.341871 1.648050 1.648050 
255.500000 140 2.000000 3.511642 8.991343 -0.584424 -0.736001 0.883249 0.883249 
255.500000 141 2.000000 5.577477 7.191904 0.034819 1.917841 3.679325 3.679325 
255.500000 142 2.000000 0.740282 3.412760 -0.040179 0.175463 0.032402 0.032402 
255.500000 143 2.000000 0.566004 13.021684 -2.563973 -0.363846 6.706340 6.706340 
255.500000 144 2.000000 7.721817 0.406115 0.420807 0.507643 0.434780 0.434780 
255.500000 145 2.000000 8.091077 1.555606 -0.486964 0.587021 0.581727 0.581727 
255.500000 146 2.000000 0.137936 16.617893 2.758694 -0.497368 7.857771 7.857771 
255.500000 147 2.000000 9.805773 1.970688 0.754290 1.126107 1.837071 1.837071 
255.500000 148 2.000000 0.447208 4.967236 -1.789493 0.556013 3.511435 3.511435 
255.500000 149 2.000000 5.106408 5.199813 -0.383639 0.514833 0.412232 0.412232 
255.500000 150 2.000000 9.962084 7.502199 0.409252 1.648835 2.886143 2.886143 
255.500000 151 2.000000 7.936297 8.172952 0.169247 -1.847976 3.443660 3.443660 
255.500000 152 2.000000 9.237644 11.931640 1.067936 -1.083001 2.313378 2.313378 
255.500000 153 2.000000 8.503247 13.205160 1.097024 0.055331 1.206522 1.206522 
255.500000 154 2.000000 9.879420 2.127934 0.203758 0.945748 0.935957 0.935957 
255.500000 155 2.000000 9.444186 0.163411 -0.039769 1.089400 1.188375 1.188375 
255.500000 156 2.000000 9.715123 4.745881 1.487849 1.155049 3.547832 3.547832 
255.500000 157 2.000000 4.656697 5.368680 -1.153703 0.941873 2.218157 2.218157 
255.500000 158 2.000000 1.791779 12.005813 0.000019 -0.537327 0.288720 0.288720 
255.500000 159 2.000000 7.104181 7.598673 0.315095 -0.985316 1.070132 1.070132 
255.500000 160 2.000000 3.357980 8.117916 -0.650623 -1.269237 2.034272 2.034272 
255.500000 161 2.000000 1.613076 6.201795 -0.478504 -0.367326 0.363894 0.363894 
255.500000 162 2.000000 8.428247 7.340479 -1.102430 -0.240704 1.273290 1.273290 
255.500000 163 2.000000 0.029231 13.277776 -1.493570 -1.386025 4.151817 4.151817 
255.500000 164 2.000000 4.704602 9.532817 0.231499 0.748679 0.614111 0.614111 
255.500000 165 2.000000 4.020323 10.325824 0.468782 -0.696706 0.705156 0.705156 
255.500000 166 2.000000 4.678099 18.725962 0.813582 -0.410980 0.830820 0.830820 
255.500000 167 2.000000 9.073718 7.656277 0.930638 1.963148 4.720035 4.720035 
255.500000 168 2.000000 6.902477 4.794489 -1.732261 0.618644 3.383448 3.383448 
255.500000 169 2.000000 3.350845 13.147344 1.763602 2.228363 8.075896 8.075896 
255.500000 170 2.000000 10.164797 9.028971 0.355337 -1.716872 3.073912 3.073912 
255.500000 171 2.000000 6.860129 8.308661 1.454202 0.797985 2.751482 2.751482 
255.500000 172 2.000000 2.563291 11.748796 1.314508 -1.138097 3.023195 3.023195 
255.500000 173 2.000000 7.364331 13.333796 0.278649 0.031925 0.078665 0.078665 
255.500000 174 2.000000 0.196951 13.871561 -0.239253 -1.750982 3.123181 3.123181 
255.500000 175 2.000000 3.242097 8.265875 -1.462957 -0.163312 2.166913 2.166913 
255.500000 176 2.000000 7.403095 1.513985 -0.665805 2.329206 5.868496 5.868496 
255.500000 177 2.000000 8.062959 3.557733 1.402404 2.223582 6.911056 6.911056 
255.500000 178 2.000000 4.930348 4.000948 -1.569614 0.487768 2.701607 2.701607 
255.500000 179 2.000000 2.491353 15.222914 0.874159 0.591181 1.113648 1.113648 
255.500000 180 2.000000 5.119730 7.511800 -0.815222 -0.437749 0.856212 0.856212 
255.500000 181 2.000000 2.912597 19.725773 -0.685228 -0.783504 1.083416 1.083416 
255.500000 182 2.000000 4.752219 17.254314 -0.141670 0.887818 0.808291 0.808291 
255.500000 183 2.000000 0.854203 5.746882 -2.311927 0.342076 5.462022 5.462022 
255.500000 184 2.000000 9.369475 8.632447 -0.022209 1.450831 2.105405 2.105405 
255.500000 185 2.000000 8.013828 5.573410 0.591426 -0.665196 0.792271 0.792271 
255.500000 186 2.000000 5.434127 10.139881 0.209755 -0.622534 0.431546 0.431546 
255.500000 187 2.000000 4.965089 2.769621 -0.113145 -1.056248 1.128462 1.128462 
255.500000 188 2.000000 1.228815 16.094162 0.890214 -0.756317 1.364497 1.364497 
255.500000 189 2.000000 4.014837 10.569243 1.180834 1.577499 3.882872 3.882872 
255.500000 190 2.000000 9.976629 18.662758 -0.823926 -1.671552 3.472939 3.472939 
255.500000 191 2.000000 4.400891 6.391555 -0.145751 -1.447707 2.117098 2.117098 
255.500000 192 2.000000 4.338148 13.198930 -0.704877 -1.531723 2.843027 2.843027 
255.500000 193 2.000000 4.674444 17.643170 -0.063577 -0.751633 0.568994 0.568994 
255.500000 194 2.000000 7.738597 19.151314 -0.983334 1.026880 2.021429 2.021429 
255.500000 195 2.000000 1.049126 7.392488 -0.646137 -0.690470 0.894242 0.894242 
255.500000 196 2.000000 2.380145 5.766728 0.319482 1.310620 1.819793 1.819793 
255.500000 197 2.000000 6.643311 3.445945 0.962798 -0.642452 1.339726 1.339726 
255.500000 198 2.000000 5.386344 14.325873 0.326471 -0.419333 0.282424 0.282424 
255.500000 199 2.000000 10.002380 10.076341 0.155543 0.518379 0.292911 0.292911 
255.500000 200 2.000000 1.641255 8.484505 0.586162 0.438027 0.535454 0.535454 
255.500000 201 2.000000 4.059973 19.339258 -0.166978 -0.489438 0.267431 0.267431 
255.500000 202 2.000000 1.064971 13.529180 0.443737 -0.140174 0.216551 0.216551 
255.500000 203 2.000000 8.686090 16.472726 0.507958 0.695838 0.742212 0.742212 
255.500000 204 2.000000 0.708859 9.188288 0.787620 -0.598640 0.978715 0.978715 
255.500000 205 2.000000 9.227408 0.453177 0.210349 0.188823 0.079901 0.079901 
255.500000 206 2.000000 0.607134 19.153364 -0.602937 -1.302515 2.060078 2.060078 
255.500000 207 2.000000 6.230427 11.139196 0.320647 1.374036 1.990789 1.990789 
255.500000 208 2.000000 7.462840 5.652651 0.918213 0.162132 0.869402 0.869402 
255.500000 209 2.000000 4.608251 8.667925 -1.361109 -0.243693 1.912004 1.912004 
255.500000 210 2.000000 1.575399 6.711891 -0.338256 -1.714869 3.055193 3.055193 
255.500000 211 2.000000 1.579179 0.649063 -1.126978 -0.792547 1.898210 1.898210 
255.500000 212 2.000000 8.938976 7.416328 -0.388489 -0.836520 0.850689 0.850689 
255.500000 213 2.000000 6.500563 2.936553 -0.278732 0.593243 0.429629 0.429629 
255.500000 214 2.000000 7.112695 10.449514 -0.986747 -0.890435 1.766545 1.766545 
255.500000 215 2.000000 3.026107 2.192905 0.267659 -1.445741 2.161808 2.161808 
255.500000 216 2.000000 5.044735 18.001266 0.467264 0.220997 0.267176 0.267176 
255.500000 217 2.000000 0.568961 12.511424 0.628434 -0.902269 1.209018 1.209018 
255.500000 218 2.000000 4.251515 6.033890 0.641355 -1.461155 2.546309 2.546309 
255.500000 219 2.000000 2.314994 1.525494 -0.531780 -0.724894 0.808261 0.808261 
255.500000 220 2.000000 1.834477 8.953892 1.111804 -1.057044 2.353449 2.353449 
255.500000 221 2.000000 2.877048 9.161162 0.460328 0.766624 0.799614 0.799614 
255.500000 222 2.000000 3.603893 19.629385 -0.262500 0.259746 0.136374 0.136374 
255.500000 223 2.000000 5.175181 8.161427 -0.052032 0.722128 0.524177 0.524177 
255.500000 224 2.000000 8.938740 11.921390 -1.003899 -0.283365 1.088109 1.088109 
255.500000 225 2.000000 3.340817 3.712709 1.077682 0.346982 1.281796 1.281796 
255.500000 226 2.000000 6.203990 2.156334 3.649405 2.536863 19.753832 19.753832 
255.500000 227 2.000000 8.761192 18.138402 -1.214775 -1.163498 2.829406 2.829406 
255.500000 228 2.000000 2.009367 12.377935 -2.404181 2.313632 11.132979 11.132979 
255.500000 229 2.000000 0.832331 6.993105 -0.038146 -0.530635 0.283028 0.283028 
255.500000 230 2.000000 4.616132 7.351341 0.815158 -2.335153 6.117421 6.117421 
255.500000 231 2.000000 5.157994 7.268991 1.133625 -1.052149 2.392124 2.392124 
255.500000 232 2.000000 3.339899 0.289174 -1.010182 -0.432211 1.207273 1.207273 
255.500000 233 2.000000 10.062284 0.696553 1.130594 -0.348757 1.399873 1.399873 
255.500000 234 2.000000 2.053206 2.931760 0.733288 -0.693831 1.019112 1.019112 
255.500000 235 2.000000 2.577685 11.643824 0.477349 0.140966 0.247733 0.247733 
255.500000 236 2.000000 2.520710 2.896408 0.420118 0.742669 0.728056 0.728056 
255.500000 237 2.000000 9.743799 11.929749 -0.559143 0.683268 0.779497 0.779497 
255.500000 238 2.000000 5.871895 12.943182 -0.210816 -0.498440 0.292886 0.292886 
255.500000 239 2.000000 10.290999 8.240969 -1.417292 -0.878821 2.781045 2.781045 
255.500000 240 2.000000 2.957897 17.989705 0.070677 0.118539 0.019047 0.019047 
255.500000 241 2.000000 2.972918 8.688114 2.286860 0.659897 5.665191 5.665191 
255.500000 242 2.000000 0.185905 10.489084 -0.654164 0.595971 0.783112 0.783112 
255.500000 243 2.000000 9.753889 2.030092 1.040875 0.753089 1.650565 1.650565 
255.500000 244 2.000000 7.821443 1.775347 0.936700 -0.065966 0.881758 0.881758 
255.500000 245 2.000000 9.077646 4.465714 1.025643 1.513801 3.343538 3.343538 
255.500000 246 2.000000 2.483261 14.499145 0.612244 0.150397 0.397462 0.397462 
255.500000 247 2.000000 4.573279 6.978643 0.632779 0.675915 0.857270 0.857270 
255.500000 248 2.000000 3.262648 8.527169 0.127115 1.302685 1.713146 1.713146 
255.500000 249 2.000000 8.557622 0.420092 -0.775607 -0.201747 0.642268 0.642268 
255.500000 250 2.000000 4.823956 6.920734 0.228895 -0.608398 0.422541 0.422541 
255.500000 251 2.000000 2.909440 6.557218 1.492020 0.249817 2.288532 2.288532 
255.500000 252 2.000000 4.666239 5.102914 0.373299 -1.267837 1.746763 1.746763 
255.500000 253 2.000000 4.287574 16.506601 -1.538856 -1.027470 3.423773 3.423773 
255.500000 254 2.000000 9.736469 2.678365 -0.891123 -2.340761 6.273264 6.273264 
255.500000 255 2.000000 3.640977 8.251082 1.693477 -0.645545 3.284593 3.284593 
255.500000 256 2.000000 8.776546 7.411491 -0.955851 -0.486043 1.149888 1.149888 
255.500000 257 2.000000 4.823453 1.646931 2.009772 -0.246999 4.100191 4.100191 
255.500000 258 2.000000 6.458556 16.522416 -1.337133 -0.848191 2.507354 2.507354 
255.500000 259 2.000000 1.824802 5.684760 -2.030046 -0.127229 4.137275 4.137275 
255.500000 260 2.000000 0.718921 6.594381 -0.383706 -0.633835 0.548977 0.548977 
255.500000 261 2.000000 4.941783 0.027255 -0.765785 -0.816729 1.253472 1.253472 
255.500000 262 2.000000 1.762233 17.889325 -1.104096 -1.172597 2.594010 2.594010 
255.500000 263 2.000000 10.088288 11.202853 1.903450 -1.164562 4.979327 4.979327 
255.500000 264 2.000000 4.398124 14.481802 0.532300 -0.245773 0.343747 0.343747 
255.500000 265 2.000000 7.262619 19.139577 -0.200816 1.338432 1.831727 1.831727 
255.500000 266 2.000000 6.966662 11.542115 -1.176774 1.055874 2.499668 2.499668 
255.500000 267 2.000000 3.874143 7.850103 -0.082594 0.133046 0.024523 0.024523 
255.500000 268 2.000000 10.140585 1.595892 0.809054 0.664955 1.096733 1.096733 
255.500000 269 2.000000 1.769050 4.582106 -1.399423 1.443028 4.040715 4.040715 
255.500000 270 2.000000 3.031731 18.110286 0.618720 1.426007 2.416310 2.416310 
255.500000 271 2.000000 2.280138 0.138019 1.982728 -0.542341 4.225344 4.225344 
255.500000 272 2.000000 4.752890 19.865833 -0.368633 0.632331 0.535733 0.535733 
255.500000 273 2.000000 5.468488 10.338083 -1.967005 -1.262996 5.464265 5.464265 
255.500000 274 2.000000 4.878391 13.100612 -1.202002 -1.452503 3.554572 3.554572 
255.500000 275 2.000000 3.539339 13.547634 0.378539 0.037241 0.144679 0.144679 
255.500000 276 2.000000 8.634391 12.249076 0.767501 0.639638 0.998196 0.998196 
255.500000 277 2.000000 4.862813 3.257575 -1.761234 0.824702 3.782077 3.782077 
255.500000 278 2.000000 1.418169 9.149655 0.709084 0.335767 0.615539 0.615539 
255.500000 279 2.000000 3.830216 3.651439 0.205926 -0.792252 0.670069 0.670069 
255.500000 280 2.000000 1.529215 7.555667 -1.267743 0.863621 2.353013 2.353013 
255.500000 281 2.000000 8.466359 19.795213 -1.958673 0.838317 4.539177 4.539177 
255.500000 282 2.000000 2.375665 9.239215 -0.401067 0.379063 0.304543 0.304543 
255.500000 283 2.000000 0.971593 17.843966 -0.900908 -1.078016 1.973754 1.973754 
255.500000 284 2.000000 2.979654 13.546633 0.839339 -0.183112 0.738020 0.738020 
255.500000 285 2.000000 8.176125 15.679304 -0.883949 -0.795660 1.414441 1.414441 
255.500000 286 2.000000 9.342497 14.240979 0.972482 -1.059390 2.068030 2.068030 
255.500000 287 2.000000 3.814624 5.848528 -0.950166 -0.440856 1.097168 1.097168 
255.500000 288 2.000000 7.239238 8.543047 0.054689 1.284669 1.653364 1.653364 
255.500000 289 2.000000 7.422584 0.705921 -0.978464 -0.700990 1.448779 1.448779 
255.500000 290 2.000000 1.589640 18.918369 -0.581835 1.143104 1.645218 1.645218 
255.500000 291 2.000000 9.648278 12.479629 1.043057 0.082595 1.094790 1.094790 
255.500000 292 2.000000 7.704264 14.602431 -0.945626 -1.270016 2.507150 2.507150 
255.500000 293 2.000000 6.054933 12.239921 1.248440 -0.444704 1.756363 1.756363 
255.500000 294 2.000000 1.691291 10.128362 2.416129 1.748823 8.896060 8.896060 
255.500000 295 2.000000 7.704938 12.211340 -1.322687 0.726621 2.277479 2.277479 
255.500000 296 2.000000 7.556987 18.209950 -1.515844 1.132652 3.580685 3.580685 
255.500000 297 2.000000 6.458704 7.518506 0.406208 -1.550496 2.569043 2.569043 
255.500000 298 2.000000 8.959273 10.242335 -1.369726 1.044669 2.967482 2.967482 
255.500000 299 2.000000 5.314640 5.357922 1.366635 0.685078 2.337022 2.337022 
255.500000 300 2.000000 4.021419 5.027640 0.698182 0.282114 0.567047 0.567047 
255.500000 301 2.000000 1.554867 14.203593 -0.263321 0.074610 0.074905 0.074905 
255.500000 302 2.000000 2.684285 13.948292 -0.165507 -1.260772 1.616940 1.616940 
255.500000 303 2.000000 1.677708 12.620556 -1.405189 -1.010883 2.996440 2.996440 
255.500000 304 2.000000 7.174987 10.573369 1.237066 1.733339 4.534798 4.534798 
255.500000 305 2.000000 9.706581 15.182878 -0.323082 -0.667978 0.550576 0.550576 
255.500000 306 2.000000 8.916544 17.586672 -0.323869 -0.777915 0.710042 0.710042 
255.500000 307 2.000000 7.311642 15.495155 -0.074209 -1.112307 1.242734 1.242734 
255.500000 308 2.000000 2.199352 17.058353 -0.111641 -1.307398 1.721754 1.721754 
255.500000 309 2.000000 2.481554 18.120440 -0.203971 -0.469890 0.262401 0.262401 
255.500000 310 2.000000 2.216780 11.019484 -0.073262 0.795631 0.638395 0.638395 
255.500000 311 2.000000 3.221045 6.272512 0.519523 -0.833417 0.964489 0.964489 
255.500000 312 2.000000 1.919299 13.783819 -0.527577 -1.081075 1.447061 1.447061 
255.500000 313 2.000000 6.604585 18.236637 -0.125368 0.802824 0.660243 0.660243 
255.500000 314 2.000000 3.296775 16.328038 0.867572 0.275811 0.828754 0.828754 
255.500000 315 2.000000 6.245231 8.147175 0.525202 0.777553 0.880426 0.880426 
255.500000 316 2.000000 0.456759 15.838560 -1.719067 -1.223953 4.453251 4.453251 
255.500000 317 2.000000 10.139132 19.874127 -1.556667 1.303221 4.121599 4.121599 
255.500000 318 2.000000 3.494787 8.207916 -1.370591 -1.949105 5.677528 5.677528 
255.500000 319 2.000000 6.449575 18.311236 -0.194273 -0.295411 0.125009 0.125009 
255.500000 320 2.000000 2.505197 8.080144 -0.400218 -0.158106 0.185172 0.185172 
255.500000 321 2.000000 1.291428 8.926102 0.322857 0.910827 0.933842 0.933842 
255.500000 322 2.000000 10.143849 15.858824 -1.018998 0.296066 1.126011 1.126011 
255.500000 323 2.000000 3.011983 16.341599 -0.989505 1.266791 2.583879 2.583879 
255.500000 324 2.000000 2.508313 17.171722 -1.659393 1.519621 5.062834 5.062834 
255.500000 325 2.000000 8.094048 19.433924 2.023512 -1.132150 5.376363 5.376363 
255.500000 326 2.000000 3.585590 17.360885 -2.115755 -0.270390 4.549532 4.549532 
255.500000 327 2.000000 3.419371 19.342423 -0.632946 -1.095960 1.601749 1.601749 
255.500000 328 2.000000 2.221357 16.516961 0.888543 0.011879 0.789649 0.789649 
255.500000 329 2.000000 4.662210 12.962430 -0.793542 -0.868836 1.384584 1.384584 
255.500000 330 2.000000 2.149473 0.914810 -1.559781 1.524682 4.757569 4.757569 
255.500000 331 2.000000 9.831333 11.305403 -0.612583 -0.966066 1.308542 1.308542 
255.500000 332 2.000000 7.800235 10.887387 1.514609 -0.483132 2.527456 2.527456 
255.500000 333 2.000000 4.839202 16.937316 0.459683 0.583311 0.551560 0.551560 
255.500000 334 2.000000 4.921571 1.993586 0.345373 0.886038 0.904346 0.904346 
255.500000 335 2.000000 6.230334 19.683152 -0.783076 0.070463 0.618173 0.618173 
255.500000 336 2.000000 2.573623 18.395605 -0.339102 -0.481081 0.346429 0.346429 
255.500000 337 2.000000 1.097358 19.594682 -0.435386 0.016331 0.189827 0.189827 
255.500000 338 2.000000 2.141041 7.406925 0.014923 0.602189 0.362854 0.362854 
255.500000 339 2.000000 0.043585 18.817224 -0.570333 1.587951 2.846869 2.846869 
255.500000 340 2.000000 7.023219 5.175111 -0.222944 0.680936 0.513377 0.513377 
255.500000 341 2.000000 8.663868 17.707928 -0.109027 -0.430617 0.197318 0.197318 
255.500000 342 2.000000 4.794496 17.616459 -0.521951 -1.191770 1.692749 1.692749 
255.500000 343 2.000000 10.099669 19.042061 0.012927 0.048801 0.002549 0.002549 
255.500000 344 2.000000 5.266560 16.823303 -0.841910 0.000213 0.708813 0.708813 
255.500000 345 2.000000 0.936022 17.519596 -0.088806 -0.364765 0.140940 0.140940 
255.500000 346 2.000000 0.565252 6.711435 -0.902511 -0.900920 1.626182 1.626182 
255.500000 347 2.000000 8.979686 13.312636 0.510209 -1.020971 1.302696 1.302696 
255.500000 348 2.000000 1.470035 1.211614 -0.250603 -0.967900 0.999631 0.999631 
255.500000 349 2.000000 1.925580 10.266818 -0.472567 -0.505620 0.478971 0.478971 
255.500000 350 2.000000 9.239517 17.116026 0.955232 -0.588566 1.258878 1.258878 
255.500000 351 2.000000 4.753094 11.463763 0.168974 1.073414 1.180770 1.180770 
255.500000 352 2.000000 2.048411 19.358465 0.961811 0.504205 1.179303 1.179303 
255.500000 353 2.000000 5.891619 18.179975 -0.040091 1.322180 1.749767 1.749767 
255.500000 354 2.000000 4.308203 5.901890 -0.892685 -0.870254 1.554228 1.554228 
255.500000 355 2.000000 5.308738 15.338404 -0.439795 -0.213848 0.239151 0.239151 
255.500000 356 2.000000 4.947616 0.870726 -0.636525 0.341461 0.521759 0.521759 
255.500000 357 2.000000 1.166994 0.789340 -1.638703 0.343191 2.803126 2.803126 
255.500000 358 2.000000 6.914683 15.705722 -1.608379 -0.998669 3.584224 3.584224 
255.500000 359 2.000000 6.805793 8.870796 0.141665 -0.872879 0.781986 0.781986 
255.500000 360 2.000000 4.404385 17.786471 -1.109695 0.255182 1.296541 1.296541 
255.500000 361 2.000000 9.627607 14.693109 -0.146753 0.916642 0.861769 0.861769 
255.500000 362 2.000000 0.559208 12.522745 -0.451219 0.964900 1.134631 1.134631 
255.500000 363 2.000000 6.236832 4.303069 3.034453 -1.236271 10.736269 10.736269 
255.500000 364 2.000000 9.259642 1.153658 -1.756928 -0.524972 3.362393 3.362393 
255.500000 365 2.000000 7.191522 15.083466 -1.587739 -0.074111 2.526406 2.526406 
255.500000 366 2.000000 6.616111 6.305076 0.109241 -0.886403 0.797644 0.797644 
255.500000 367 2.000000 4.520147 14.595872 0.961733 1.758539 4.017389 4.017389 
255.500000 368 2.000000 7.069139 6.789438 0.847504 0.060118 0.721878 0.721878 
255.500000 369 2.000000 0.137108 5.750375 -1.111423 -0.926079 2.092884 2.092884 
255.500000 370 2.000000 2.175382 12.288585 -1.993570 -0.748681 4.534846 4.534846 
255.500000 371 2.000000 7.251010 1.596906 -2.933228 0.077227 8.609789 8.609789 
255.500000 372 2.000000 8.086277 6.672023 0.463397 1.150349 1.538039 1.538039 
255.500000 373 2.000000 8.287758 6.132624 -0.128410 0.687966 0.489786 0.489786 
255.500000 374 2.000000 9.985686 14.907125 0.481238 0.774396 0.831279 0.831279 
255.500000 375 2.000000 2.279030 4.393115 0.438275 -1.087588 1.374932 1.374932 
255.500000 376 2.000000 5.255709 8.334519 2.386082 0.156340 5.717831 5.717831 
255.500000 377 2.000000 5.499856 15.719029 -0.737437 0.612822 0.919365 0.919365 
255.500000 378 2.000000 0.482445 15.278440 -1.032490 -1.522418 3.383791 3.383791 
255.500000 379 2.000000 0.176485 0.903461 -0.374315 -1.032986 1.207171 1.207171 
255.500000 380 2.000000 3.261823 9.098453 0.300770 -1.404394 2.062785 2.062785 
255.500000 381 2.000000 9.955149 10.486226 -1.717249 0.529725 3.229552 3.229552 
255.500000 382 2.000000 2.468753 6.994108 -0.105159 -1.583772 2.519391 2.519391 
255.500000 383 2.000000 1.753132 12.161901 0.422441 0.149893 0.200924 0.200924 
255.500000 384 2.000000 6.597338 2.890628 0.315800 -0.746463 0.656937 0.656937 
255.500000 385 2.000000 3.128180 8.883509 -0.583716 -0.134192 0.358732 0.358732 
255.500000 386 2.000000 2.464012 3.354700 0.313527 0.609945 0.470332 0.470332 
255.500000 387 2.000000 0.813513 4.749614 -0.318503 1.439277 2.172962 2.172962 
255.500000 388 2.000000 6.950540 18.497541 -0.327820 -0.406070 0.272359 0.272359 
255.500000 389 2.000000 5.336691 12.967201 -0.310227 -0.143651 0.116877 0.116877 
255.500000 390 2.000000 2.051227 16.098100 -2.295472 -0.929023 6.132275 6.132275 
255.500000 391 2.000000 6.042446 15.382002 0.660376 0.589349 0.783429 0.783429 
255.500000 392 2.000000 5.438577 7.281970 -0.376870 0.614512 0.519656 0.519656 
255.500000 393 2.000000 7.913778 4.263832 0.885659 -0.619082 1.167654 1.167654 
255.500000 394 2.000000 1.548762 18.325106 1.935952 -0.296441 3.835787 3.835787 
255.500000 395 2.000000 2.555105 17.221021 1.344792 -1.283278 3.455267 3.455267 
255.500000 396 2.000000 4.692625 10.832316 1.054522 -0.643346 1.525911 1.525911 
255.500000 397 2.000000 7.813514 11.991406 -0.453920 1.448222 2.303392 2.303392 
255.500000 398 2.000000 2.592159 13.418504 1.851541 -0.926971 4.287481 4.287481 
255.500000 399 2.000000 8.464592 3.012312 -0.213616 -1.075170 1.201622 1.201622 
255.500000 400 2.000000 6.048878 15.203176 0.711633 0.661716 0.944288 0.944288 
255.500000 401 2.000000 1.123144 15.288706 -2.075301 -0.464167 4.522326 4.522326 
255.500000 402 2.000000 4.823413 1.698922 0.032200 -1.354784 1.836475 1.836475 
255.500000 403 2.000000 8.486919 16.699304 -0.544594 -0.165254 0.323891 0.323891 
255.500000 404 2.000000 9.530894 8.303406 0.703946 -0.272505 0.569798 0.569798 
255.500000 405 2.000000 5.793967 9.931606 -0.028260 -0.260520 0.068669 0.068669 
255.500000 406 2.000000 10.183158 14.245300 -0.756939 -1.046309 1.667718 1.667718 
255.500000 407 2.000000 2.039347 11.374539 0.522909 0.738550 0.818890 0.818890 
255.500000 408 2.000000 1.629190 12.003309 -0.790913 -0.272127 0.699596 0.699596 
255.500000 409 2.000000 2.716072 12.229204 -0.066821 0.673080 0.457502 0.457502 
255.500000 410 2.000000 2.608739 7.220893 1.218693 0.847426 2.203344 2.203344 
255.500000 411 2.000000 6.069445 19.793354 -1.914246 0.075082 3.669977 3.669977 
255.500000 412 2.000000 9.034447 5.524257 -0.904587 -0.870850 1.576658 1.576658 
255.500000 413 2.000000 7.784226 11.659439 1.674027 0.509892 3.062356 3.062356 
255.500000 414 2.000000 9.320746 16.916896 -0.350985 1.102004 1.337602 1.337602 
255.500000 415 2.000000 0.702456 15.260605 0.038491 0.200357 0.041624 0.041624 
255.500000 416 2.000000 3.471308 15.717754 -0.541298 1.298988 1.980373 1.980373 
255.500000 417 2.000000 3.799619 4.828356 -0.647063 -0.081873 0.425394 0.425394 
255.500000 418 2.000000 2.082806 1.221982 2.975436 1.286295 10.507775 10.507775 
255.500000 419 2.000000 0.206772 7.243787 -0.243084 1.957780 3.891993 3.891993 
255.500000 420 2.000000 5.639388 5.426064 -0.613869 0.922722 1.228251 1.228251 
255.500000 421 2.000000 1.330912 18.749225 -0.492827 -0.532244 0.526162 0.526162 
255.500000 422 2.000000 5.426361 16.753301 -0.290063 0.846130 0.800073 0.800073 
255.500000 423 2.000000 7.102423 16.781927 1.272044 0.021848 1.618574 1.618574 
255.500000 424 2.000000 3.265989 8.939640 -0.553184 -0.662940 0.745501 0.745501 
255.500000 425 2.000000 0.421045 9.059759 0.647761 0.470860 0.641303 0.641303 
255.500000 426 2.000000 2.571847 10.568434 0.353791 0.433878 0.313419 0.313419 
255.500000 427 2.000000 6.494708 0.000001 0.964616 1.169248 2.297625 2.297625 
255.500000 428 2.000000 9.511394 1.948714 1.349134 -1.787256 5.014446 5.014446 
255.500000 429 2.000000 6.087474 15.962177 0.546517 -0.503144 0.551834 0.551834 
255.500000 430 2.000000 8.381789 19.544977 -2.424513 -1.137554 7.172291 7.172291 
255.500000 431 2.000000 4.138971 2.858722 -3.038989 1.003060 10.241585 10.241585 
255.500000 432 2.000000 9.754353 11.029582 0.262569 -0.606109 0.436311 0.436311 
255.500000 433 2.000000 1.745215 18.773230 0.718226 -0.629112 0.911631 0.911631 
255.500000 434 2.000000 0.731195 16.325501 0.974925 -1.469799 3.110787 3.110787 
255.500000 435 2.000000 3.528332 4.001889 -0.717665 -1.006170 1.527422 1.527422 
255.500000 436 2.000000 2.581924 17.475481 2.581923 -1.941937 10.437444 10.437444 
255.500000 437 2.000000 4.654631 7.383800 1.011876 -0.311986 1.121229 1.121229 
255.500000 438 2.000000 4.695563 0.518565 2.845795 -1.614625 10.705562 10.705562 
255.500000 439 2.000000 9.736351 17.682657 -0.407765 0.224152 0.216516 0.216516 
255.500000 440 2.000000 6.598775 5.079391 1.147613 0.836956 2.017511 2.017511 
255.500000 441 2.000000 0.120463 19.990070 -1.309317 -0.198571 1.753742 1.753742 
255.500000 442 2.000000 7.711460 2.313431 -2.101631 0.872993 5.178968 5.178968 
255.500000 443 2.000000 8.437471 16.466753 -2.097475 -0.004037 4.399420 4.399420 
255.500000 444 2.000000 9.314216 3.451999 1.466805 1.211227 3.618590 3.618590 
255.500000 445 2.000000 5.405681 2.510110 0.075885 1.224443 1.505020 1.505020 
255.500000 446 2.000000 8.998406 12.526715 1.084145 -0.041470 1.177091 1.177091 
255.500000 447 2.000000 0.232723 19.520370 0.310297 0.592897 0.447811 0.447811 
255.500000 448 2.000000 3.930622 0.688210 0.683586 -0.114644 0.480433 0.480433 
255.500000 449 2.000000 9.176273 7.317190 -0.090685 -0.145802 0.029482 0.029482 
255.500000 450 2.000000 8.411316 1.228346 0.353417 0.102362 0.135381 0.135381 
255.500000 451 2.000000 6.034275 18.144006 1.547250 0.781098 3.004096 3.004096 
255.500000 452 2.000000 0.267103 8.535877 -0.057112 0.014602 0.003475 0.003475 
255.500000 453 2.000000 1.503769 2.408222 0.455687 0.926239 1.065569 1.065569 
255.500000 454 2.000000 6.162519 4.023341 0.352377 -1.195489 1.553364 1.553364 
255.500000 455 2.000000 9.858465 10.214147 -1.479781 1.273844 3.812432 3.812432 
255.500000 456 2.000000 7.702001 14.305178 -1.607090 -0.360066 2.712384 2.712384 
255.500000 457 2.000000 7.574927 10.127355 -0.106632 0.374623 0.151713 0.151713 
255.500000 458 2.000000 9.288148 6.393196 -1.580848 -0.834967 3.196250 3.196250 
255.500000 459 2.000000 3.946916 12.750665 -2.737610 -0.253975 7.559010 7.559010 
255.500000 460 2.000000 9.091447 3.861913 0.309760 0.097277 0.105414 0.105414 
255.500000 461 2.000000 8.466213 15.103180 -0.180987 -2.129052 4.565618 4.565618 
255.500000 462 2.000000 0.698360 6.886112 1.745897 -1.044931 4.140038 4.140038 
255.500000 463 2.000000 4.670340 6.555901 0.504902 -0.563694 0.572676 0.572676 
255.500000 464 2.000000 8.607185 17.744540 -0.786362 1.291029 2.285120 2.285120 
255.500000 465 2.000000 7.205755 13.304861 0.772954 0.097896 0.607042 0.607042 
255.500000 466 2.000000 2.503062 15.594107 0.940536 -0.348974 1.006391 1.006391 
255.500000 467 2.000000 0.708274 7.131645 -1.489928 3.396021 13.752845 13.752845 
255.500000 468 2.000000 6.568458 0.492685 -0.302734 -0.171762 0.121150 0.121150 
255.500000 469 2.000000 8.128795 8.756914 0.956329 -0.105789 0.925756 0.925756 
255.500000 470 2.000000 9.427334 0.765152 0.859264 -0.029456 0.739203 0.739203 
255.500000 471 2.000000 5.190747 7.736938 0.757773 -0.793165 1.203332 1.203332 
255.500000 472 2.000000 9.552453 10.197048 -0.530364 0.672700 0.733811 0.733811 
255.500000 473 2.000000 7.400149 16.928299 2.824695 0.829053 8.666231 8.666231 
255.500000 474 2.000000 3.089627 6.593895 0.079712 0.781317 0.616811 0.616811 
255.500000 475 2.000000 1.260129 16.260770 1.031302 0.175083 1.094237 1.094237 
255.500000 476 2.000000 1.391738 6.616273 -0.044466 -0.948395 0.901430 0.901430 
255.500000 477 2.000000 0.398717 13.611601 0.027309 0.381497 0.146286 0.146286 
255.500000 478 2.000000 3.630523 8.385684 -0.588321 0.243456 0.405393 0.405393 
255.500000 479 2.000000 4.799512 19.705085 -0.611969 2.677542 7.543739 7.543739 
255.500000 480 2.000000 9.657292 17.872589 0.088014 0.553121 0.313689 0.313689 
255.500000 481 2.000000 1.665200 7.055576 0.406876 1.014920 1.195610 1.195610 
255.500000 482 2.000000 6.342655 13.371144 1.084214 0.007809 1.175582 1.175582 
255.500000 483 2.000000 2.174017 0.714420 0.925113 0.793799 1.485951 1.485951 
255.500000 484 2.000000 3.167000 8.855080 -1.963405 -0.139399 3.874392 3.874392 
255.500000 485 2.000000 4.847049 7.948449 -0.480598 1.303024 1.928846 1.928846 
255.500000 486 2.000000 9.596463 6.256437 1.626519 1.762376 5.751534 5.751534 
255.500000 487 2.000000 8.384240 7.639040 -0.643320 0.367261 0.548742 0.548742 
255.500000 488 2.000000 6.897044 1.816697 -0.114021 0.519056 0.282420 0.282420 
255.500000 489 2.000000 3.602259 9.596952 -0.364047 0.556225 0.441917 0.441917 
255.500000 490 2.000000 5.533966 14.661779 0.400981 -0.849837 0.883008 0.883008 
255.500000 491 2.000000 5.158852 7.193433 0.340904 0.904834 0.934941 0.934941 
255.500000 492 2.000000 4.472723 17.314787 -0.131011 -0.639336 0.425915 0.425915 
255.500000 493 2.000000 6.630914 4.838010 0.355885 -0.326498 0.233255 0.233255 
255.500000 494 2.000000 3.346141 18.244540 -1.386516 1.045532 3.015565 3.015565 
255.500000 495 2.000000 4.040529 13.675037 0.690688 -0.299492 0.566746 0.566746 
255.500000 496 2.000000 4.795721 10.789533 -0.556422 -0.439503 0.502769 0.502769 
255.500000 497 2.000000 2.021430 11.279820 1.925171 0.305364 3.799530 3.799530 
255.500000 498 2.000000 1.654240 7.000550 -1.194108 1.852071 4.856061 4.856061 
255.500000 499 2.000000 4.781439 13.052580 1.738705 0.376007 3.164476 3.164476 
255.500000 500 2.000000 5.851179 1.891281 0.866841 0.179268 0.783551 0.783551 
