717.500000 1 2.000000 0.375265 19.089770 2.501760 -4.551146 26.971737 26.971737 
717.500000 2 2.000000 0.458181 5.746316 -0.677273 -3.045865 9.735992 9.735992 
717.500000 3 2.000000 0.906017 3.912413 -1.879632 2.114817 8.005469 8.005469 
717.500000 4 2.000000 0.544410 2.111692 0.725878 -5.174032 27.297502 27.297502 
717.500000 5 2.000000 0.391748 8.485576 -1.737861 0.294235 3.106734 3.106734 
717.500000 6 2.000000 0.307401 0.096929 -3.462991 -5.784869 45.457010 45.457010 
717.500000 7 2.000000 0.268520 11.256644 -0.135617 -0.307020 0.112654 0.112654 
717.500000 8 2.000000 0.284040 14.437785 1.762160 4.984425 27.949699 27.949699 
717.500000 9 2.000000 0.381516 5.148043 -0.174221 -4.950652 24.539308 24.539308 
717.500000 10 2.000000 0.421047 10.095907 0.045175 -2.885043 8.325515 8.325515 
717.500000 11 2.000000 0.354863 12.589690 7.097241 1.832998 53.730716 53.730716 
717.500000 12 2.000000 0.869885 7.546692 1.739768 -7.783317 63.606815 63.606815 
717.500000 13 2.000000 0.659788 10.913920 2.639148 0.918945 7.809561 7.809561 
717.500000 14 2.000000 0.136953 12.185421 -1.569175 -1.455639 4.581194 4.581194 
717.500000 15 2.000000 0.315215 12.361172 -2.733871 1.604702 10.049122 10.049122 
717.500000 16 2.000000 0.746876 12.662005 0.711309 -4.316467 19.137851 19.137851 
717.500000 17 2.000000 0.000001 2.566936 6.685065 -0.809557 45.345472 45.345472 
717.500000 18 2.000000 0.336232 9.425767 3.362306 -4.338040 30.123689 30.123689 
717.500000 19 2.000000 0.744478 6.001743 -5.110429 4.527166 46.611715 46.611715 
717.500000 20 2.000000 0.880722 8.815021 -2.385545 0.332588 5.801441 5.801441 
717.500000 21 2.000000 0.501106 14.264358 -2.494463 -2.271129 11.380376 11.380376 
717.500000 22 2.000000 0.440131 18.661786 0.733549 1.774822 3.688089 3.688089 
717.500000 23 2.000000 0.215176 7.490506 -0.826130 -0.033928 0.683641 0.683641 
717.500000 24 2.000000 0.822861 7.479309 2.351029 -4.173563 22.945967 22.945967 
717.500000 25 2.000000 0.054557 3.674646 -0.174189 2.392147 5.752707 5.752707 
717.500000 26 2.000000 0.258165 9.473314 -0.872746 -1.218055 2.245343 2.245343 
717.500000 27 2.000000 0.375946 10.412309 7.518899 0.815692 57.199191 57.199191 
717.500000 28 2.000000 0.999999 1.198014 -3.825502 -0.558410 14.946287 14.946287 
717.500000 29 2.000000 0.552456 2.086909 -4.475430 -0.568272 20.352410 20.352410 
717.500000 30 2.000000 0.659968 12.331585 4.388999 -6.881029 66.611874 66.611874 
717.500000 31 2.000000 0.979624 17.513780 -0.203750 2.725062 7.467479 7.467479 
717.500000 32 2.000000 0.000001 0.191022 0.293231 -5.533857 30.709556 30.709556 
717.500000 33 2.000000 0.068257 18.988518 1.365120 0.800223 2.503908 2.503908 
717.500000 34 2.000000 0.404631 8.680278 1.011575 -3.505043 13.308610 13.308610 
717.500000 35 2.000000 0.364777 10.749200 3.647764 0.803546 13.951868 13.951868 
717.500000 36 2.000000 0.280439 1.254588 5.608751 -1.858372 34.911629 34.911629 
717.500000 37 2.000000 0.536283 12.031614 5.362818 1.733452 31.764672 31.764672 
717.500000 38 2.000000 0.229484 8.861173 -2.568384 4.436353 26.277820 26.277820 
717.500000 39 2.000000 0.545439 10.841562 0.664197 -5.583499 31.616618 31.616618 
717.500000 40 2.000000 0.503796 4.721347 0.679109 -1.878260 3.989050 3.989050 
717.500000 41 2.000000 0.367784 10.297228 -0.269062 -3.430795 11.842752 11.842752 
717.500000 42 2.000000 0.356351 17.012405 -3.218240 -3.217139 20.707056 20.707056 
717.500000 43 2.000000 0.073252 8.341568 1.465024 -0.637158 2.552265 2.552265 
717.500000 44 2.000000 0.305343 2.116758 -2.958083 2.702804 16.055403 16.055403 
717.500000 45 2.000000 0.161104 12.907647 -2.396843 -10.299334 111.821142 111.821142 
717.500000 46 2.000000 0.486076 13.103488 -3.958755 0.211495 15.716472 15.716472 
717.500000 47 2.000000 0.131867 15.486017 2.637329 0.856979 7.689915 7.689915 
717.500000 48 2.000000 0.501461 10.031072 0.345835 0.435645 0.309388 0.309388 
717.500000 49 2.000000 0.703727 1.215209 -5.925431 -3.606599 48.118291 48.118291 
717.500000 50 2.000000 0.000001 15.933306 4.828998 0.923033 24.171211 24.171211 
717.500000 51 2.000000 0.328843 19.501507 0.298947 -2.492461 6.301732 6.301732 
717.500000 52 2.000000 0.026165 10.295595 -4.869169 -3.130453 33.508545 33.508545 
717.500000 53 2.000000 0.578647 6.568085 -2.809017 -3.406957 19.497929 19.497929 
717.500000 54 2.000000 0.000001 5.378939 2.683103 -2.469812 13.299012 13.299012 
717.500000 55 2.000000 0.979412 13.193488 1.958821 -1.947784 7.630843 7.630843 
717.500000 56 2.000000 0.938663 14.898090 2.815256 -1.468358 10.081745 10.081745 
717.500000 57 2.000000 0.756318 3.278147 -2.436807 -1.376921 7.833941 7.833941 
717.500000 58 2.000000 0.461791 4.117078 0.923580 -0.969491 1.792914 1.792914 
717.500000 59 2.000000 0.999999 19.877245 -0.933625 5.583104 32.042704 32.042704 
717.500000 60 2.000000 0.999999 9.716694 -3.550499 -0.293292 12.692064 12.692064 
717.500000 61 2.000000 0.438066 0.722312 -3.746222 4.815407 37.222330 37.222330 
717.500000 62 2.000000 0.152581 5.245372 -2.824727 -1.580273 10.476346 10.476346 
717.500000 63 2.000000 0.059856 7.510731 -0.989624 0.263163 1.048611 1.048611 
717.500000 64 2.000000 0.616687 10.100552 3.083431 -5.289166 37.482824 37.482824 
717.500000 65 2.000000 0.000001 2.868050 4.800091 -0.950746 23.944790 23.944790 
717.500000 66 2.000000 0.916395 4.146078 -0.418022 -4.618606 21.506265 21.506265 
717.500000 67 2.000000 0.482421 6.199107 1.929681 -4.484259 23.832251 23.832251 
717.500000 68 2.000000 0.792754 3.552612 -4.144895 2.960509 25.944769 25.944769 
717.500000 69 2.000000 0.156047 8.163244 3.120916 -0.622747 10.127929 10.127929 
717.500000 70 2.000000 0.699460 7.303652 -6.010777 3.128024 45.913976 45.913976 
717.500000 71 2.000000 0.262709 4.623626 1.751386 0.096314 3.076630 3.076630 
717.500000 72 2.000000 0.999999 3.643307 -1.885232 5.204723 30.643240 30.643240 
717.500000 73 2.000000 0.581552 10.397317 2.326203 -0.579198 5.746692 5.746692 
717.500000 74 2.000000 0.565810 4.201464 5.658087 4.236252 49.959783 49.959783 
717.500000 75 2.000000 0.000001 6.752294 2.192809 1.070601 5.954599 5.954599 
717.500000 76 2.000000 0.000001 17.461129 5.553888 3.753517 44.934561 44.934561 
717.500000 77 2.000000 0.245407 14.441326 2.454064 7.019659 55.298045 55.298045 
717.500000 78 2.000000 0.938233 19.696953 1.103802 -1.010154 2.238790 2.238790 
717.500000 79 2.000000 0.000001 5.432575 6.984197 -2.218211 53.699465 53.699465 
717.500000 80 2.000000 0.703083 17.984905 -2.969159 -4.035774 25.103378 25.103378 
717.500000 81 2.000000 0.601157 10.164638 0.009702 -1.467110 2.152507 2.152507 
717.500000 82 2.000000 0.999999 9.336589 -1.101711 -0.864011 1.960284 1.960284 
717.500000 83 2.000000 0.798170 4.799022 2.280483 -4.980482 30.005799 30.005799 
717.500000 84 2.000000 0.480810 4.424026 -0.519189 3.403096 11.850621 11.850621 
717.500000 85 2.000000 0.000001 16.124277 3.707860 1.150309 15.071433 15.071433 
717.500000 86 2.000000 0.977731 6.396916 1.059546 1.425863 3.155724 3.155724 
717.500000 87 2.000000 0.192709 2.834474 -0.046127 -0.278229 0.079539 0.079539 
717.500000 88 2.000000 0.093016 2.542652 -3.521968 1.420762 14.422822 14.422822 
717.500000 89 2.000000 0.452406 19.598631 -5.475933 4.063928 46.501354 46.501354 
717.500000 90 2.000000 0.595190 6.495669 -0.674682 -3.971862 16.230882 16.230882 
717.500000 91 2.000000 0.999999 4.800403 -4.212228 2.196968 22.569534 22.569534 
717.500000 92 2.000000 0.462411 19.446065 9.248193 -2.769672 93.200162 93.200162 
717.500000 93 2.000000 0.202498 11.541631 4.049948 2.007092 20.430495 20.430495 
717.500000 94 2.000000 0.547122 16.436588 1.198202 6.056370 38.115304 38.115304 
717.500000 95 2.000000 0.364140 1.044564 -3.179294 2.997361 19.092085 19.092085 
717.500000 96 2.000000 0.326143 15.809254 -4.492374 3.261145 30.816492 30.816492 
717.500000 97 2.000000 0.907313 9.122578 0.191955 -4.037335 16.336920 16.336920 
717.500000 98 2.000000 0.701838 4.823072 1.276068 4.193975 19.217771 19.217771 
717.500000 99 2.000000 0.706263 5.966737 2.017892 5.188466 30.992071 30.992071 
717.500000 100 2.000000 0.322365 3.987656 6.447279 4.181709 59.054099 59.054099 
717.500000 101 2.000000 0.628688 19.219370 2.883454 1.858790 11.769410 11.769410 
717.500000 102 2.000000 0.999999 15.770630 -6.166995 2.501748 44.290572 44.290572 
717.500000 103 2.000000 0.586277 12.149437 -4.137217 -3.022611 26.252746 26.252746 
717.500000 104 2.000000 0.368050 0.718439 7.129405 4.697061 72.890795 72.890795 
717.500000 105 2.000000 0.346752 19.943902 3.467514 1.019454 13.062939 13.062939 
717.500000 106 2.000000 0.161171 16.534034 -2.074384 4.484034 24.409630 24.409630 
717.500000 107 2.000000 0.520726 14.681584 2.603627 2.893733 15.152567 15.152567 
717.500000 108 2.000000 0.261636 19.648614 5.232696 2.723617 34.799198 34.799198 
717.500000 109 2.000000 0.999999 18.445640 -3.448366 -2.391322 17.609647 17.609647 
717.500000 110 2.000000 0.144058 1.609652 2.881147 -5.318629 36.588823 36.588823 
717.500000 111 2.000000 0.590459 11.795017 -4.095403 -1.149930 18.094663 18.094663 
717.500000 112 2.000000 0.697650 2.145568 1.395299 -3.363723 13.261492 13.261492 
717.500000 113 2.000000 0.499851 12.656834 -0.554523 -2.320890 5.694024 5.694024 
717.500000 114 2.000000 0.842183 12.478224 -0.801905 -2.743603 8.170410 8.170410 
717.500000 115 2.000000 0.000001 0.871645 4.031595 -0.346634 16.373912 16.373912 
717.500000 116 2.000000 0.830347 9.319677 -1.115478 -0.398754 1.403295 1.403295 
717.500000 117 2.000000 0.664692 8.540479 -1.341228 -0.208068 1.842184 1.842184 
717.500000 118 2.000000 0.452624 6.299537 -0.497614 -0.617635 0.629092 0.629092 
717.500000 119 2.000000 0.564973 13.601821 -8.700530 0.421454 75.876839 75.876839 
717.500000 120 2.000000 0.810421 18.785794 -3.791568 -1.349117 16.196106 16.196106 
717.500000 121 2.000000 0.409444 0.303776 2.729623 6.075499 44.362527 44.362527 
717.500000 122 2.000000 0.774232 12.192881 5.161542 1.177917 28.029003 28.029003 
717.500000 123 2.000000 0.290696 5.592573 2.906953 -6.701128 53.355496 53.355496 
717.500000 124 2.000000 0.935070 1.972177 0.301512 -2.611065 6.908570 6.908570 
717.500000 125 2.000000 0.781112 15.914624 2.231745 -1.636388 7.658451 7.658451 
717.500000 126 2.000000 0.325223 5.278755 6.504438 3.910188 57.597289 57.597289 
717.500000 127 2.000000 0.481176 6.362392 -0.741176 -5.844639 34.709148 34.709148 
717.500000 128 2.000000 0.285324 13.773939 1.902152 2.726135 11.049993 11.049993 
717.500000 129 2.000000 0.253475 6.001509 -0.878264 -4.678686 22.661447 22.661447 
717.500000 130 2.000000 0.422495 8.910237 2.816627 4.950131 32.437187 32.437187 
717.500000 131 2.000000 0.295026 0.906881 -2.014208 -2.154816 8.700265 8.700265 
717.500000 132 2.000000 0.305676 2.837359 -0.147555 0.715422 0.533602 0.533602 
717.500000 133 2.000000 0.061111 13.538056 -1.877776 0.221854 3.575264 3.575264 
717.500000 134 2.000000 0.999999 19.055944 -1.223508 2.618426 8.353126 8.353126 
717.500000 135 2.000000 0.033083 15.333695 0.661635 -4.057656 16.902332 16.902332 
717.500000 136 2.000000 0.113518 17.137688 -0.984978 2.966731 9.771673 9.771673 
717.500000 137 2.000000 0.693293 2.297897 -3.067056 1.437105 11.472107 11.472107 
717.500000 138 2.000000 0.984950 19.961295 3.283164 -0.774090 11.378381 11.378381 
717.500000 139 2.000000 0.629428 6.790319 3.147135 -4.767154 32.630221 32.630221 
717.500000 140 2.000000 0.184686 19.929020 -0.082909 2.916036 8.510142 8.510142 
717.500000 141 2.000000 0.599146 6.743129 2.754929 -3.320103 18.612719 18.612719 
717.500000 142 2.000000 0.588961 10.592970 -0.388458 -1.511336 2.435036 2.435036 
717.500000 143 2.000000 0.275704 12.732067 0.689258 5.299095 28.555485 28.555485 
717.500000 144 2.000000 0.517653 17.604664 -1.607820 5.681942 34.869545 34.869545 
717.500000 145 2.000000 0.841847 15.991288 4.209228 -4.219696 35.523433 35.523433 
717.500000 146 2.000000 0.659067 2.669353 4.393776 -6.187422 57.589453 57.589453 
717.500000 147 2.000000 0.404665 16.892245 2.697758 -0.995037 8.267998 8.267998 
717.500000 148 2.000000 0.204259 9.227457 -1.060986 -3.917288 16.470836 16.470836 
717.500000 149 2.000000 0.697558 14.709703 6.975575 1.953613 52.475244 52.475244 
717.500000 150 2.000000 0.529848 10.831528 -0.356907 -3.059380 9.487186 9.487186 
717.500000 151 2.000000 0.311374 7.102635 -1.377251 0.211139 1.941399 1.941399 
717.500000 152 2.000000 0.000001 3.064940 5.373558 -3.212358 39.194375 39.194375 
717.500000 153 2.000000 0.268349 3.206350 2.683481 1.209943 8.665031 8.665031 
717.500000 154 2.000000 0.518797 8.194978 -4.812020 -4.687849 45.131462 45.131462 
717.500000 155 2.000000 0.627113 10.712857 5.761789 0.207303 33.241185 33.241185 
717.500000 156 2.000000 0.305034 7.922340 -4.633103 2.531851 27.875910 27.875910 
717.500000 157 2.000000 0.276386 17.260063 5.527705 -1.767700 33.680283 33.680283 
717.500000 158 2.000000 0.471203 4.950239 -2.643981 3.926223 22.405860 22.405860 
717.500000 159 2.000000 0.909854 10.307764 2.236884 2.076588 9.315867 9.315867 
717.500000 160 2.000000 0.849030 9.231311 1.557538 -8.575913 75.972208 75.972208 
717.500000 161 2.000000 0.508575 12.605349 -0.067044 5.010260 25.107205 25.107205 
717.500000 162 2.000000 0.262457 17.706437 -7.375416 2.283759 59.612316 59.612316 
717.500000 163 2.000000 0.675013 16.715281 -3.249861 2.095125 14.951148 14.951148 
717.500000 164 2.000000 0.622426 19.201026 -7.011246 6.086632 86.204653 86.204653 
717.500000 165 2.000000 0.999999 0.570231 -1.264473 2.280920 6.801488 6.801488 
717.500000 166 2.000000 0.344506 7.971406 7.030722 1.165123 50.788566 50.788566 
717.500000 167 2.000000 0.999999 7.299095 -1.955199 -1.295064 5.499997 5.499997 
717.500000 168 2.000000 0.815820 9.365480 2.330911 0.597985 5.790732 5.790732 
717.500000 169 2.000000 0.179505 3.213428 0.473822 1.157680 1.564731 1.564731 
717.500000 170 2.000000 0.172954 7.244660 1.512255 -3.539513 14.815070 14.815070 
717.500000 171 2.000000 0.740678 18.803523 1.234462 1.783123 4.703426 4.703426 
717.500000 172 2.000000 0.474307 3.439069 9.486114 -2.989137 98.921297 98.921297 
717.500000 173 2.000000 0.351183 17.742890 1.170608 5.658036 33.383695 33.383695 
717.500000 174 2.000000 0.000001 13.000932 1.379266 -0.913938 2.737657 2.737657 
717.500000 175 2.000000 0.000001 13.845998 3.973091 -6.475286 57.714773 57.714773 
717.500000 176 2.000000 0.420032 10.324648 -1.288816 -1.059292 2.783148 2.783148 
717.500000 177 2.000000 0.374827 3.776024 7.496529 -2.708124 63.531886 63.531886 
717.500000 178 2.000000 0.370856 14.576857 -1.057865 -7.814408 62.184048 62.184048 
717.500000 179 2.000000 0.016170 12.679775 -1.311772 -8.612028 75.887771 75.887771 
717.500000 180 2.000000 0.822271 3.529189 -1.777284 -4.639664 24.685215 24.685215 
717.500000 181 2.000000 0.000001 17.472657 2.968068 -1.469861 10.969922 10.969922 
717.500000 182 2.000000 0.505221 14.989713 1.263049 -3.765782 15.776406 15.776406 
717.500000 183 2.000000 0.655839 19.999999 0.728709 -4.345333 19.412938 19.412938 
717.500000 184 2.000000 0.503637 2.902105 -1.985449 -3.635443 17.158458 17.158458 
717.500000 185 2.000000 0.841753 6.423224 5.611683 1.265243 33.091827 33.091827 
717.500000 186 2.000000 0.628400 3.904597 3.141995 -0.205341 9.914300 9.914300 
717.500000 187 2.000000 0.133623 1.902420 -5.775841 -0.385300 33.508798 33.508798 
717.500000 188 2.000000 0.000001 13.560237 1.302155 -1.987816 5.647021 5.647021 
717.500000 189 2.000000 0.472319 9.043194 3.148784 5.023996 35.155376 35.155376 
717.500000 190 2.000000 0.463016 16.208239 4.630145 -2.808711 29.327101 29.327101 
717.500000 191 2.000000 0.999999 0.398599 -2.474591 -2.001105 10.128026 10.128026 
717.500000 192 2.000000 0.072242 9.529740 -6.185043 2.649928 45.276880 45.276880 
717.500000 193 2.000000 0.870284 14.073198 -0.432383 -9.057292 82.221485 82.221485 
717.500000 194 2.000000 0.160333 11.348896 1.068882 2.059274 5.383117 5.383117 
717.500000 195 2.000000 0.578167 17.685748 1.445414 -3.857086 16.966332 16.966332 
717.500000 196 2.000000 0.291099 3.629470 5.821955 -0.994895 34.884980 34.884980 
717.500000 197 2.000000 0.547023 12.215400 5.470222 1.130021 31.200272 31.200272 
717.500000 198 2.000000 0.999999 14.837312 -1.441710 -4.322599 20.763392 20.763392 
717.500000 199 2.000000 0.808180 19.414667 0.496366 -1.672378 3.043225 3.043225 
717.500000 200 2.000000 0.999999 6.038986 -3.423182 1.965577 15.581665 15.581665 
717.500000 201 2.000000 0.544202 11.343746 1.814004 3.386193 14.756910 14.756910 
717.500000 202 2.000000 0.894100 1.188450 2.235247 -2.088113 9.356547 9.356547 
717.500000 203 2.000000 0.999999 0.000001 -3.037802 5.902127 44.063343 44.063343 
717.500000 204 2.000000 0.885420 15.145049 -2.291574 2.826292 13.239239 13.239239 
717.500000 205 2.000000 0.541317 7.686142 -2.293412 -2.606550 12.053840 12.053840 
717.500000 206 2.000000 0.886692 16.796730 3.546766 -2.372792 18.209690 18.209690 
717.500000 207 2.000000 0.527660 16.826820 -4.723392 0.414603 22.482323 22.482323 
717.500000 208 2.000000 0.755331 12.914502 -1.631119 1.008432 3.677484 3.677484 
717.500000 209 2.000000 0.253059 18.397162 -2.102227 5.373978 33.299003 33.299003 
717.500000 210 2.000000 0.936252 19.567585 0.604033 6.029151 36.715519 36.715519 
717.500000 211 2.000000 0.231576 8.362796 -1.280706 -3.815476 16.198068 16.198068 
717.500000 212 2.000000 0.999999 13.589815 -5.787767 0.781864 34.109564 34.109564 
717.500000 213 2.000000 0.127695 1.509018 0.851295 2.129560 5.259728 5.259728 
717.500000 214 2.000000 0.680036 18.547390 -1.599815 0.546282 2.857831 2.857831 
717.500000 215 2.000000 0.283545 18.404054 -2.388181 -1.063963 6.835426 6.835426 
717.500000 216 2.000000 0.127533 4.806536 -2.063223 3.507382 16.558618 16.558618 
717.500000 217 2.000000 0.207803 1.567905 0.831209 6.271615 40.024066 40.024066 
717.500000 218 2.000000 0.507112 2.651808 5.071110 -3.647759 39.022302 39.022302 
717.500000 219 2.000000 0.225626 0.647729 -1.181780 4.318189 20.043362 20.043362 
717.500000 220 2.000000 0.046066 0.700422 -2.384831 1.400842 7.649779 7.649779 
717.500000 221 2.000000 0.910189 3.346894 1.820376 -1.451164 5.419643 5.419643 
717.500000 222 2.000000 0.317952 6.328725 3.179510 1.939349 13.870362 13.870362 
717.500000 223 2.000000 0.929036 14.104678 -1.419260 4.151794 19.251694 19.251694 
717.500000 224 2.000000 0.576156 4.298927 -0.552854 0.607313 0.674477 0.674477 
717.500000 225 2.000000 0.258216 18.487424 -2.119381 1.232984 6.012027 6.012027 
717.500000 226 2.000000 0.649624 14.628447 0.111528 0.753357 0.579985 0.579985 
717.500000 227 2.000000 0.546964 16.530525 1.093925 -4.956391 25.762483 25.762483 
717.500000 228 2.000000 0.762762 10.049827 -0.395395 -2.437862 6.099506 6.099506 
717.500000 229 2.000000 0.669473 4.604136 4.463146 2.557853 26.462282 26.462282 
717.500000 230 2.000000 0.000001 16.811052 3.704771 -4.251930 31.804239 31.804239 
717.500000 231 2.000000 0.399217 3.602450 3.992164 -1.039488 17.017912 17.017912 
717.500000 232 2.000000 0.516049 14.864970 -0.742092 3.542565 13.100468 13.100468 
717.500000 233 2.000000 0.353833 2.706362 -2.228167 1.678475 7.782005 7.782005 
717.500000 234 2.000000 0.105320 17.707756 -4.473396 0.254705 20.076144 20.076144 
717.500000 235 2.000000 0.599276 16.677665 -2.003617 -0.898507 4.821795 4.821795 
717.500000 236 2.000000 0.347441 9.959187 3.474403 4.183922 29.576676 29.576676 
717.500000 237 2.000000 0.000001 1.518646 5.375833 -4.186953 46.430160 46.430160 
717.500000 238 2.000000 0.813358 17.593133 -3.732812 5.926406 49.056174 49.056174 
717.500000 239 2.000000 0.496934 19.567781 4.969333 -0.960484 25.616804 25.616804 
717.500000 240 2.000000 0.751849 1.981894 0.312030 2.642524 7.080294 7.080294 
717.500000 241 2.000000 0.249643 10.473530 -3.751780 -1.427879 16.114689 16.114689 
717.500000 242 2.000000 0.641103 6.808668 -1.025416 -1.189583 2.466585 2.466585 
717.500000 243 2.000000 0.792416 3.930728 2.641383 0.373715 7.116567 7.116567 
717.500000 244 2.000000 0.233615 5.546704 2.336144 1.904872 9.086108 9.086108 
717.500000 245 2.000000 0.463729 10.985984 2.599530 5.552868 37.591896 37.591896 
717.500000 246 2.000000 0.676674 17.648395 -2.155499 -2.939505 13.286866 13.286866 
717.500000 247 2.000000 0.000001 8.830047 1.826800 -3.417719 15.018002 15.018002 
717.500000 248 2.000000 0.258256 7.063021 5.165105 8.309435 95.725028 95.725028 
717.500000 249 2.000000 0.929059 8.253526 9.290585 -1.116399 87.561315 87.561315 
717.500000 250 2.000000 0.889456 14.012670 0.836145 0.558829 1.011429 1.011429 
717.500000 251 2.000000 0.219457 14.641242 -5.203614 0.973607 28.025505 28.025505 
717.500000 252 2.000000 0.000001 1.733829 5.319739 -1.237421 29.830838 29.830838 
717.500000 253 2.000000 0.109773 12.233696 2.195445 2.937339 13.447941 13.447941 
717.500000 254 2.000000 0.120564 1.103793 -1.465725 1.229004 3.658801 3.658801 
717.500000 255 2.000000 0.307149 12.417404 6.142968 0.920864 38.584043 38.584043 
717.500000 256 2.000000 0.094018 18.293216 0.470084 -2.571572 6.833964 6.833964 
717.500000 257 2.000000 0.325597 4.374301 0.141539 2.410335 5.829749 5.829749 
717.500000 258 2.000000 0.696908 3.490759 6.969075 -4.088895 65.287064 65.287064 
717.500000 259 2.000000 0.717189 5.881284 -5.300098 0.450024 28.293558 28.293558 
717.500000 260 2.000000 0.803705 15.690572 8.037044 2.002223 68.602981 68.602981 
717.500000 261 2.000000 0.206155 14.171674 -7.938438 -0.594416 63.372132 63.372132 
717.500000 262 2.000000 0.326615 14.875248 -0.327634 1.828179 3.449583 3.449583 
717.500000 263 2.000000 0.317619 8.847161 -0.296687 1.327502 1.850285 1.850285 
717.500000 264 2.000000 0.717306 18.744424 -5.653860 0.098090 31.975759 31.975759 
717.500000 265 2.000000 0.820712 2.061333 2.398989 -1.149905 7.077432 7.077432 
717.500000 266 2.000000 0.236031 5.414209 1.573532 3.184828 12.619133 12.619133 
717.500000 267 2.000000 0.484313 13.906807 4.843121 1.404783 25.429233 25.429233 
717.500000 268 2.000000 0.080303 13.861909 -2.627704 0.694276 7.386847 7.386847 
717.500000 269 2.000000 0.598339 9.282859 1.709537 0.442242 3.118093 3.118093 
717.500000 270 2.000000 0.101580 5.962866 2.031590 3.613857 17.187323 17.187323 
717.500000 271 2.000000 0.310748 10.351166 0.621494 -4.942373 24.813309 24.813309 
717.500000 272 2.000000 0.345239 7.986286 -6.688227 -1.021371 45.775578 45.775578 
717.500000 273 2.000000 0.306833 5.199672 -3.465828 6.117259 49.432828 49.432828 
717.500000 274 2.000000 0.279271 5.820007 -7.207278 -2.606046 58.736328 58.736328 
717.500000 275 2.000000 0.361596 10.579066 0.361595 0.300903 0.221293 0.221293 
717.500000 276 2.000000 0.848126 6.695327 -3.037453 4.617466 30.547117 30.547117 
717.500000 277 2.000000 0.833016 0.136946 -3.339657 1.369446 13.028690 13.028690 
717.500000 278 2.000000 0.746219 9.898375 -5.075598 0.104332 25.772580 25.772580 
717.500000 279 2.000000 0.663254 17.339209 0.124072 -0.370661 0.152784 0.152784 
717.500000 280 2.000000 0.890669 7.620637 -2.186594 -5.366530 33.580837 33.580837 
717.500000 281 2.000000 0.328583 16.632800 -0.246990 2.910644 8.532851 8.532851 
717.500000 282 2.000000 0.918035 6.924835 -1.639287 2.600262 9.448623 9.448623 
717.500000 283 2.000000 0.764882 0.725890 3.059524 -1.600598 11.922600 11.922600 
717.500000 284 2.000000 0.285069 18.370729 5.701358 1.555450 34.924907 34.924907 
717.500000 285 2.000000 0.696152 9.970849 0.318667 -2.077407 4.417170 4.417170 
717.500000 286 2.000000 0.283790 5.880893 -7.162086 7.355858 105.404131 105.404131 
717.500000 287 2.000000 0.078653 19.835176 0.393258 -0.824116 0.833819 0.833819 
717.500000 288 2.000000 0.706069 0.622063 1.569040 -0.574324 2.791736 2.791736 
717.500000 289 2.000000 0.442203 15.221496 -0.929661 -5.030003 26.165196 26.165196 
717.500000 290 2.000000 0.548116 3.903046 -0.502092 1.071130 1.399416 1.399416 
717.500000 291 2.000000 0.581381 3.181823 0.645978 -4.179353 17.884281 17.884281 
717.500000 292 2.000000 0.308612 1.663026 3.086109 5.543417 40.253542 40.253542 
717.500000 293 2.000000 0.516088 0.805169 1.290218 5.367784 30.477765 30.477765 
717.500000 294 2.000000 0.239806 1.131603 4.796096 -2.112965 27.467164 27.467164 
717.500000 295 2.000000 0.504509 19.682015 -3.303267 2.419809 16.767046 16.767046 
717.500000 296 2.000000 0.968995 2.714283 0.878243 1.725499 3.748658 3.748658 
717.500000 297 2.000000 0.419796 18.758853 -1.915745 6.505934 45.997253 45.997253 
717.500000 298 2.000000 0.046326 19.001213 0.463255 -4.993931 25.153956 25.153956 
717.500000 299 2.000000 0.581304 9.834719 -8.373909 1.041253 71.206566 71.206566 
717.500000 300 2.000000 0.000001 12.316223 2.020021 -0.963432 5.008684 5.008684 
717.500000 301 2.000000 0.734425 7.276259 7.344239 -1.002818 54.943492 54.943492 
717.500000 302 2.000000 0.691079 16.853084 -2.059469 1.069035 5.384247 5.384247 
717.500000 303 2.000000 0.357910 15.568045 0.596515 3.584110 13.201672 13.201672 
717.500000 304 2.000000 0.652447 8.389015 1.864132 2.288952 8.714291 8.714291 
717.500000 305 2.000000 0.510479 3.645910 5.104782 4.536031 46.634382 46.634382 
717.500000 306 2.000000 0.480413 5.245228 1.372606 -6.278626 41.305190 41.305190 
717.500000 307 2.000000 0.781583 4.848073 0.976978 -2.309463 6.288107 6.288107 
717.500000 308 2.000000 0.522276 10.688288 -1.364924 1.168557 3.228542 3.228542 
717.500000 309 2.000000 0.668491 15.869127 0.215082 1.818928 3.354759 3.354759 
717.500000 310 2.000000 0.268656 3.072183 5.373103 3.079316 38.352419 38.352419 
717.500000 311 2.000000 0.421748 2.229969 -2.891254 8.901821 87.601762 87.601762 
717.500000 312 2.000000 0.938816 12.465402 0.481444 2.062759 4.486763 4.486763 
717.500000 313 2.000000 0.825009 12.477945 1.587234 4.711203 24.714741 24.714741 
717.500000 314 2.000000 0.613387 16.738987 3.066932 -3.758799 23.534640 23.534640 
717.500000 315 2.000000 0.206891 8.991558 4.137802 0.217019 17.168503 17.168503 
717.500000 316 2.000000 0.961413 17.579965 6.409415 8.030162 105.564106 105.564106 
717.500000 317 2.000000 0.158624 2.430624 -0.389928 -2.217588 5.069742 5.069742 
717.500000 318 2.000000 0.562406 8.993749 -0.141262 -1.927890 3.736716 3.736716 
717.500000 319 2.000000 0.055955 8.647026 -0.192257 -6.827099 46.646248 46.646248 
717.500000 320 2.000000 0.523541 8.141932 -4.764585 6.513545 65.127534 65.127534 
717.500000 321 2.000000 0.134006 7.917546 0.893363 -1.493563 3.028830 3.028830 
717.500000 322 2.000000 0.514107 5.182924 2.056425 1.084239 5.404459 5.404459 
717.500000 323 2.000000 0.818789 3.283857 2.046971 4.104820 21.039635 21.039635 
717.500000 324 2.000000 0.311695 6.907317 -2.977826 -0.088182 8.875225 8.875225 
717.500000 325 2.000000 0.608192 1.307455 -7.836145 -5.267666 89.153465 89.153465 
717.500000 326 2.000000 0.834998 5.077408 -1.100005 3.285641 12.005452 12.005452 
717.500000 327 2.000000 0.330655 16.327234 6.613086 -0.867458 44.485386 44.485386 
717.500000 328 2.000000 0.466125 12.890221 1.864498 1.349555 5.297650 5.297650 
717.500000 329 2.000000 0.645822 19.013709 4.305475 1.405228 20.511786 20.511786 
717.500000 330 2.000000 0.459930 12.408380 1.178528 -3.947315 16.970227 16.970227 
717.500000 331 2.000000 0.955084 10.597430 0.083675 1.940806 3.773728 3.773728 
717.500000 332 2.000000 0.534222 14.864848 2.546038 -1.571965 8.953382 8.953382 
717.500000 333 2.000000 0.118801 11.336241 -3.524791 3.128329 22.210592 22.210592 
717.500000 334 2.000000 0.737425 5.784181 2.949697 2.410075 14.509177 14.509177 
717.500000 335 2.000000 0.443339 18.207986 4.433379 -2.756943 27.255588 27.255588 
717.500000 336 2.000000 0.652376 17.753909 0.815469 -0.567368 0.986896 0.986896 
717.500000 337 2.000000 0.801034 11.070158 1.688442 3.357948 14.126650 14.126650 
717.500000 338 2.000000 0.999999 13.388700 -1.759857 4.195497 20.699289 20.699289 
717.500000 339 2.000000 0.010126 2.492570 -0.412124 -2.366896 5.772040 5.772040 
717.500000 340 2.000000 0.597592 2.648157 0.041291 4.841851 23.445229 23.445229 
717.500000 341 2.000000 0.784377 16.857059 3.921881 -1.021492 16.424598 16.424598 
717.500000 342 2.000000 0.788477 18.633700 2.628255 7.535830 63.696455 63.696455 
717.500000 343 2.000000 0.721446 11.574622 0.379708 -1.301686 1.838566 1.838566 
717.500000 344 2.000000 0.038697 12.410668 0.386957 -1.584369 2.659961 2.659961 
717.500000 345 2.000000 0.823366 6.737538 0.199990 1.289133 1.701860 1.701860 
717.500000 346 2.000000 0.880436 12.351135 0.233770 -2.465264 6.132175 6.132175 
717.500000 347 2.000000 0.917159 14.603146 0.155301 2.975855 8.879829 8.879829 
717.500000 348 2.000000 0.834189 12.491448 -3.270527 -2.048567 14.892970 14.892970 
717.500000 349 2.000000 0.393100 9.980531 -3.034495 3.915611 24.540171 24.540171 
717.500000 350 2.000000 0.028514 13.389884 -0.813627 2.119424 5.153949 5.153949 
717.500000 351 2.000000 0.906942 19.574226 2.267353 -2.838489 13.197914 13.197914 
717.500000 352 2.000000 0.583880 10.554425 1.233666 -1.688384 4.372574 4.372574 
717.500000 353 2.000000 0.650263 16.010403 -2.331571 0.122751 5.451292 5.451292 
717.500000 354 2.000000 0.673227 1.817151 -0.311211 -1.869759 3.592850 3.592850 
717.500000 355 2.000000 0.168818 8.612213 -2.770604 4.053451 24.106715 24.106715 
717.500000 356 2.000000 0.199382 3.245566 3.987618 -3.080125 25.388270 25.388270 
717.500000 357 2.000000 0.827318 8.434687 0.049160 -0.367298 0.137324 0.137324 
717.500000 358 2.000000 0.679982 1.382453 1.046124 -1.841337 4.484898 4.484898 
717.500000 359 2.000000 0.000001 5.750238 4.241314 5.014424 43.133188 43.133188 
717.500000 360 2.000000 0.930682 19.176976 0.358747 3.827191 14.776089 14.776089 
717.500000 361 2.000000 0.000001 17.836040 2.785559 -0.983618 8.726841 8.726841 
717.500000 362 2.000000 0.519905 19.588482 -4.800941 7.249559 75.605139 75.605139 
717.500000 363 2.000000 0.508342 11.553738 1.270852 1.908228 5.256397 5.256397 
717.500000 364 2.000000 0.294078 15.559608 5.881547 -7.400652 89.362243 89.362243 
717.500000 365 2.000000 0.000001 15.789025 1.769049 0.960547 4.052187 4.052187 
717.500000 366 2.000000 0.879515 3.584867 -1.204840 -1.339220 3.245150 3.245150 
717.500000 367 2.000000 0.277534 8.079836 5.550664 3.605830 43.811883 43.811883 
717.500000 368 2.000000 0.775201 7.594233 1.937999 3.037693 12.983417 12.983417 
717.500000 369 2.000000 0.914007 1.476387 3.046686 -4.314386 27.896224 27.896224 
717.500000 370 2.000000 0.690060 9.614952 -0.516565 -3.523626 12.682782 12.682782 
717.500000 371 2.000000 0.086588 3.038436 0.865866 -3.047976 10.039883 10.039883 
717.500000 372 2.000000 0.294148 17.242384 2.941469 5.487488 38.764766 38.764766 
717.500000 373 2.000000 0.446714 13.965757 2.978087 2.196936 13.695529 13.695529 
717.500000 374 2.000000 0.574514 6.866071 0.517899 6.020276 36.511945 36.511945 
717.500000 375 2.000000 0.598945 7.595893 0.998240 -1.645321 3.703564 3.703564 
717.500000 376 2.000000 0.999999 11.442915 -8.547594 -2.634664 80.002810 80.002810 
717.500000 377 2.000000 0.381099 16.143854 -0.635669 1.159661 1.748888 1.748888 
717.500000 378 2.000000 0.780929 0.000001 1.373237 3.240761 12.388314 12.388314 
717.500000 379 2.000000 0.783376 2.336757 -4.332452 2.459744 24.820475 24.820475 
717.500000 380 2.000000 0.991143 18.743639 0.062136 1.426694 2.039316 2.039316 
717.500000 381 2.000000 0.142328 11.876428 -3.430684 -3.785611 26.100448 26.100448 
717.500000 382 2.000000 0.999999 3.363109 -7.602559 3.748562 71.850611 71.850611 
717.500000 383 2.000000 0.511875 0.672810 1.137497 -0.336325 1.407015 1.407015 
717.500000 384 2.000000 0.231088 4.756739 2.310866 2.704875 12.656452 12.656452 
717.500000 385 2.000000 0.972281 19.160847 0.199268 -4.195761 17.644120 17.644120 
717.500000 386 2.000000 0.215007 8.542306 4.300113 -6.528565 61.113130 61.113130 
717.500000 387 2.000000 0.000001 19.599060 1.161834 5.451812 31.072113 31.072113 
717.500000 388 2.000000 0.232883 1.289182 -1.933006 1.687125 6.582905 6.582905 
717.500000 389 2.000000 0.000001 14.005425 7.840033 -3.376141 72.864443 72.864443 
717.500000 390 2.000000 0.430513 17.761908 -2.847430 -2.486768 14.291871 14.291871 
717.500000 391 2.000000 0.655668 2.294085 -6.886619 -1.191990 48.846357 48.846357 
717.500000 392 2.000000 0.828611 2.305042 3.314439 -3.116767 20.699742 20.699742 
717.500000 393 2.000000 0.335106 12.361608 -6.773539 -1.873147 49.389513 49.389513 
717.500000 394 2.000000 0.931792 19.056730 1.055472 3.820714 15.711880 15.711880 
717.500000 395 2.000000 0.562609 5.331494 3.750723 -2.412549 19.888319 19.888319 
717.500000 396 2.000000 0.385122 10.735397 7.702419 -2.809505 67.220577 67.220577 
717.500000 397 2.000000 0.930821 4.882091 -0.691782 2.072439 4.773567 4.773567 
717.500000 398 2.000000 0.595180 15.533365 -4.048195 -4.466634 36.338699 36.338699 
717.500000 399 2.000000 0.102030 18.158042 2.040586 -1.804549 7.420387 7.420387 
717.500000 400 2.000000 0.000001 9.581822 4.775319 7.370631 77.129875 77.129875 
717.500000 401 2.000000 0.103813 2.545091 -0.864724 -3.940621 16.276241 16.276241 
717.500000 402 2.000000 0.173261 13.628649 -1.271904 2.840108 9.683955 9.683955 
717.500000 403 2.000000 0.383363 11.720229 -0.474336 -1.550030 2.627587 2.627587 
717.500000 404 2.000000 0.861461 2.653938 2.461314 -0.781178 6.668303 6.668303 
717.500000 405 2.000000 0.999999 12.542893 -7.025015 0.419773 49.527041 49.527041 
717.500000 406 2.000000 0.469467 1.163921 4.694661 2.327840 27.458679 27.458679 
717.500000 407 2.000000 0.589269 12.414857 -2.053650 3.267067 14.891207 14.891207 
717.500000 408 2.000000 0.000001 1.386561 5.897868 3.081244 44.278913 44.278913 
717.500000 409 2.000000 0.227700 3.289409 4.553980 6.645327 64.899103 64.899103 
717.500000 410 2.000000 0.999999 13.800538 -2.104092 -2.672737 11.570725 11.570725 
717.500000 411 2.000000 0.050671 17.326317 -3.164428 0.459363 10.224617 10.224617 
717.500000 412 2.000000 0.470680 11.275639 -5.293186 2.129132 32.551019 32.551019 
717.500000 413 2.000000 0.999999 3.373706 -4.705686 2.103222 26.567022 26.567022 
717.500000 414 2.000000 0.999999 16.033749 -7.063771 -1.217860 51.380049 51.380049 
717.500000 415 2.000000 0.479706 18.748121 -0.199722 5.402394 29.225755 29.225755 
717.500000 416 2.000000 0.440872 15.434841 8.817427 1.291562 79.415144 79.415144 
717.500000 417 2.000000 0.571599 2.380296 2.857988 -0.271062 8.241571 8.241571 
717.500000 418 2.000000 0.823954 2.046562 -2.637046 -6.475670 48.888311 48.888311 
717.500000 419 2.000000 0.999999 18.571263 -2.239097 -7.143682 56.045752 56.045752 
717.500000 420 2.000000 0.880433 4.133065 2.934775 3.593968 21.529512 21.529512 
717.500000 421 2.000000 0.878428 17.529284 0.702742 -0.732808 1.030854 1.030854 
717.500000 422 2.000000 0.874384 1.127930 5.829220 -0.221236 34.028756 34.028756 
717.500000 423 2.000000 0.957911 2.795692 1.064345 -4.175619 18.568625 18.568625 
717.500000 424 2.000000 0.970650 10.410604 3.882596 -1.848871 18.492877 18.492877 
717.500000 425 2.000000 0.644287 1.738196 -2.371416 3.862657 20.543728 20.543728 
717.500000 426 2.000000 0.000001 3.135388 2.393691 -0.236403 5.785643 5.785643 
717.500000 427 2.000000 0.181691 15.322659 -1.487832 1.870632 5.712910 5.712910 
717.500000 428 2.000000 0.000001 6.306741 0.857190 1.727874 3.720324 3.720324 
717.500000 429 2.000000 0.068766 4.004122 -2.129819 -6.681990 49.185115 49.185115 
717.500000 430 2.000000 0.170241 17.241092 -4.148792 2.582412 23.881326 23.881326 
717.500000 431 2.000000 0.303958 2.442198 -6.960414 3.062479 57.826145 57.826145 
717.500000 432 2.000000 0.929066 3.510394 3.096883 1.350151 11.413594 11.413594 
717.500000 433 2.000000 0.389206 7.518071 3.892047 -2.638825 22.111425 22.111425 
717.500000 434 2.000000 0.819315 11.083488 1.820699 6.109737 40.643826 40.643826 
717.500000 435 2.000000 0.308174 13.265100 1.540867 -2.105202 6.806147 6.806147 
717.500000 436 2.000000 0.802962 19.691732 3.211843 -2.055111 14.539418 14.539418 
717.500000 437 2.000000 0.953971 10.225388 3.815879 -6.109132 51.882424 51.882424 
717.500000 438 2.000000 0.819489 13.152749 -3.610201 0.617224 13.414519 13.414519 
717.500000 439 2.000000 0.554203 7.059988 2.771008 1.629484 10.333704 10.333704 
717.500000 440 2.000000 0.514487 4.927522 -9.710234 -0.869200 95.044152 95.044152 
717.500000 441 2.000000 0.693560 5.795237 -1.532195 2.732828 9.815968 9.815968 
717.500000 442 2.000000 0.481405 0.872427 -1.481696 -2.299436 7.482829 7.482829 
717.500000 443 2.000000 0.602261 14.936072 -0.323019 1.019584 1.143893 1.143893 
717.500000 444 2.000000 0.725439 13.299118 -0.115598 -3.729715 13.924134 13.924134 
717.500000 445 2.000000 0.168088 5.413483 -4.159554 3.088488 26.840650 26.840650 
717.500000 446 2.000000 0.314361 1.169358 3.143602 -5.086654 35.756286 35.756286 
717.500000 447 2.000000 0.720986 12.649039 -1.860089 7.905649 65.959211 65.959211 
717.500000 448 2.000000 0.544735 19.968024 -1.011698 0.759592 1.600513 1.600513 
717.500000 449 2.000000 0.167249 7.237441 -2.498046 -1.701641 9.135816 9.135816 
717.500000 450 2.000000 0.481161 1.106526 -10.376754 -0.538524 107.967039 107.967039 
717.500000 451 2.000000 0.408354 1.597747 2.041765 5.325819 32.533153 32.533153 
717.500000 452 2.000000 0.662710 12.688134 -2.248595 -2.608465 11.860269 11.860269 
717.500000 453 2.000000 0.871175 13.325558 3.484697 0.369713 12.279800 12.279800 
717.500000 454 2.000000 0.000001 13.733152 9.788256 -4.466011 115.755207 115.755207 
717.500000 455 2.000000 0.749704 7.156234 -5.005897 -0.602927 25.422529 25.422529 
717.500000 456 2.000000 0.987996 16.892563 2.469987 9.131115 89.478088 89.478088 
717.500000 457 2.000000 0.606299 3.230097 2.425192 0.044870 5.883571 5.883571 
717.500000 458 2.000000 0.000001 13.415322 2.956546 2.815367 16.667452 16.667452 
717.500000 459 2.000000 0.488708 1.981082 1.954830 -2.976417 12.680418 12.680418 
717.500000 460 2.000000 0.459876 17.506478 -0.720164 2.133339 5.069771 5.069771 
717.500000 461 2.000000 0.379243 7.619951 2.528278 -1.118795 7.643892 7.643892 
717.500000 462 2.000000 0.999999 3.458227 -7.025985 -13.784785 239.384752 239.384752 
717.500000 463 2.000000 0.312541 11.885735 3.125399 -0.793051 10.397050 10.397050 
717.500000 464 2.000000 0.616223 12.654303 -1.918878 0.868108 4.435704 4.435704 
717.500000 465 2.000000 0.427524 3.176578 -1.431188 -0.012912 2.048466 2.048466 
717.500000 466 2.000000 0.707863 5.892275 2.475337 7.768695 66.479924 66.479924 
717.500000 467 2.000000 0.490672 10.801883 -0.485073 -2.654065 7.279356 7.279356 
717.500000 468 2.000000 0.999999 8.500699 -2.132960 -1.289345 6.211927 6.211927 
717.500000 469 2.000000 0.995096 13.383186 1.577358 -6.117870 39.916391 39.916391 
717.500000 470 2.000000 0.529878 18.871490 1.324691 0.829444 2.442786 2.442786 
717.500000 471 2.000000 0.607916 6.999649 2.431658 4.999748 30.910446 30.910446 
717.500000 472 2.000000 0.275461 18.653080 -2.070108 0.775313 4.886458 4.886458 
717.500000 473 2.000000 0.542209 0.000001 5.422083 2.747930 36.950099 36.950099 
717.500000 474 2.000000 0.517093 8.708133 3.447280 -0.191643 11.920468 11.920468 
717.500000 475 2.000000 0.000001 7.783098 2.723886 -7.235874 59.777432 59.777432 
717.500000 476 2.000000 0.000001 9.673705 2.751653 -1.555306 9.990571 9.990571 
717.500000 477 2.000000 0.000001 10.362100 2.029047 -6.424533 45.391661 45.391661 
717.500000 478 2.000000 0.000001 4.916297 1.088758 2.381128 6.855164 6.855164 
717.500000 479 2.000000 0.394581 14.422718 -0.771773 -4.759131 23.244960 23.244960 
717.500000 480 2.000000 0.568919 7.810786 1.264261 -1.152266 2.926073 2.926073 
717.500000 481 2.000000 0.999999 18.598129 -8.259234 -7.009348 117.345915 117.345915 
717.500000 482 2.000000 0.613926 13.630898 -0.772146 7.860837 62.388969 62.388969 
717.500000 483 2.000000 0.459239 7.174210 -1.545030 -3.483946 14.524997 14.524997 
717.500000 484 2.000000 0.612328 9.665678 3.061636 5.685692 41.700714 41.700714 
717.500000 485 2.000000 0.833351 0.000001 -3.332963 1.234216 12.631932 12.631932 
717.500000 486 2.000000 0.704489 2.207853 0.880609 0.121853 0.790321 0.790321 
717.500000 487 2.000000 0.945510 5.133002 4.727547 3.948463 37.940058 37.940058 
717.500000 488 2.000000 0.827365 6.278703 -3.452672 -7.385238 66.462679 66.462679 
717.500000 489 2.000000 0.375526 8.349067 -4.163154 -6.139701 55.027788 55.027788 
717.500000 490 2.000000 0.635411 13.355675 -0.283191 -1.559599 2.512545 2.512545 
717.500000 491 2.000000 0.171309 16.912620 3.426153 0.693152 12.218981 12.218981 
717.500000 492 2.000000 0.150730 16.380061 3.014589 -1.549101 11.487458 11.487458 
717.500000 493 2.000000 0.889190 8.115833 -2.216189 -5.859388 39.243923 39.243923 
717.500000 494 2.000000 0.000001 10.327889 3.663915 -1.290440 15.089509 15.089509 
717.500000 495 2.000000 0.962960 12.992680 2.526131 0.120156 6.395777 6.395777 
717.500000 496 2.000000 0.631941 18.417170 -3.680581 4.580515 34.527797 34.527797 
717.500000 497 2.000000 0.303346 8.271287 1.516723 6.126878 39.839084 39.839084 
717.500000 498 2.000000 0.000001 6.925603 3.207057 3.601332 23.254803 23.254803 
717.500000 499 2.000000 0.149616 19.753867 -0.339954 2.656668 7.173451 7.173451 
717.500000 500 2.000000 0.261468 9.257360 -2.461771 -1.355406 7.897441 7.897441 
