653.500000 1 2.000000 0.792135 18.575009 -4.157275 -0.520029 17.553364 17.553364 
653.500000 2 2.000000 0.999999 10.457107 -4.886099 4.601881 45.051270 45.051270 
653.500000 3 2.000000 0.805306 3.060732 1.789566 3.722380 17.058659 17.058659 
653.500000 4 2.000000 0.250390 10.692116 -3.748044 -1.968717 17.923681 17.923681 
653.500000 5 2.000000 0.967500 7.268672 0.379837 -1.695126 3.017727 3.017727 
653.500000 6 2.000000 0.766484 6.631609 3.832416 -4.951255 39.202340 39.202340 
653.500000 7 2.000000 0.955607 2.096447 0.603568 4.192892 17.944635 17.944635 
653.500000 8 2.000000 0.795476 9.004596 0.009044 2.536506 6.433942 6.433942 
653.500000 9 2.000000 0.106855 18.796375 -2.977147 4.580505 29.844430 29.844430 
653.500000 10 2.000000 0.709638 4.395102 -0.387148 0.684708 0.618709 0.618709 
653.500000 11 2.000000 0.148652 7.502935 -0.567565 2.885744 8.649648 8.649648 
653.500000 12 2.000000 0.000001 13.446722 2.580172 0.311162 6.754108 6.754108 
653.500000 13 2.000000 0.604763 10.916747 2.015874 6.822966 50.616620 50.616620 
653.500000 14 2.000000 0.030781 7.927027 0.615594 0.833773 1.074133 1.074133 
653.500000 15 2.000000 0.312477 7.290093 6.249517 2.717398 46.440716 46.440716 
653.500000 16 2.000000 0.000001 17.842617 5.711190 -3.595637 45.546294 45.546294 
653.500000 17 2.000000 0.126630 18.651925 -1.455615 -0.379739 2.263017 2.263017 
653.500000 18 2.000000 0.637384 4.619100 -7.252295 3.236246 63.069076 63.069076 
653.500000 19 2.000000 0.611654 4.606305 0.565493 1.526651 2.650444 2.650444 
653.500000 20 2.000000 0.409848 1.226413 -5.901508 2.829694 42.834972 42.834972 
653.500000 21 2.000000 0.045136 8.777423 -1.273151 -2.140385 6.202163 6.202163 
653.500000 22 2.000000 0.267017 11.838438 -0.083273 -2.984544 8.914439 8.914439 
653.500000 23 2.000000 0.953950 5.958976 1.589915 2.988370 11.458185 11.458185 
653.500000 24 2.000000 0.999999 3.355903 -3.597231 -4.824376 36.214668 36.214668 
653.500000 25 2.000000 0.348680 6.432745 6.973576 -0.921666 49.480231 49.480231 
653.500000 26 2.000000 0.517944 8.483954 0.274509 6.150503 37.904045 37.904045 
653.500000 27 2.000000 0.000001 13.348978 4.728844 2.630940 29.283816 29.283816 
653.500000 28 2.000000 0.000001 6.246756 3.479580 0.841569 12.815715 12.815715 
653.500000 29 2.000000 0.308378 14.172469 1.541884 0.631197 2.775817 2.775817 
653.500000 30 2.000000 0.811380 9.434331 -0.754477 -3.877283 15.602557 15.602557 
653.500000 31 2.000000 0.999999 0.000001 -2.483772 3.721105 20.015745 20.015745 
653.500000 32 2.000000 0.307429 3.388228 1.024759 0.466555 1.267805 1.267805 
653.500000 33 2.000000 0.219955 11.511536 -0.059989 2.385440 5.693925 5.693925 
653.500000 34 2.000000 0.491449 12.738646 -0.924637 -2.873076 9.109518 9.109518 
653.500000 35 2.000000 0.780060 16.266486 3.120235 2.110605 14.190517 14.190517 
653.500000 36 2.000000 0.000001 6.155458 2.596164 0.478078 6.968626 6.968626 
653.500000 37 2.000000 0.038765 9.374366 -0.817260 -1.372688 2.552186 2.552186 
653.500000 38 2.000000 0.803142 3.894934 -0.492141 -3.831425 14.922023 14.922023 
653.500000 39 2.000000 0.999999 7.994693 -4.260046 -0.366947 18.282646 18.282646 
653.500000 40 2.000000 0.563431 16.192622 1.024419 -1.768614 4.177429 4.177429 
653.500000 41 2.000000 0.618292 11.748275 -2.052747 -3.409408 15.837834 15.837834 
653.500000 42 2.000000 0.179005 12.272340 -1.368324 6.471292 43.749935 43.749935 
653.500000 43 2.000000 0.405789 2.040097 -3.961402 0.794328 16.323659 16.323659 
653.500000 44 2.000000 0.524387 2.945222 -0.232983 -1.026719 1.108433 1.108433 
653.500000 45 2.000000 0.857589 3.476492 4.287938 -2.255377 23.473140 23.473140 
653.500000 46 2.000000 0.016958 15.149830 -6.553610 -2.487266 49.136292 49.136292 
653.500000 47 2.000000 0.330501 16.266038 1.652502 -2.196022 7.553278 7.553278 
653.500000 48 2.000000 0.398064 6.185574 0.118825 0.991457 0.997107 0.997107 
653.500000 49 2.000000 0.526036 9.214649 -4.415649 4.765365 42.206666 42.206666 
653.500000 50 2.000000 0.986917 16.904303 3.121036 1.599661 12.299781 12.299781 
653.500000 51 2.000000 0.229067 1.849326 -2.569774 -3.504160 18.882875 18.882875 
653.500000 52 2.000000 0.488684 11.026808 -0.025259 1.912227 3.657249 3.657249 
653.500000 53 2.000000 0.050938 14.441353 0.037366 -2.488734 6.195192 6.195192 
653.500000 54 2.000000 0.694994 10.396339 -6.100106 3.465446 49.220605 49.220605 
653.500000 55 2.000000 0.834531 18.602465 1.669059 5.096566 28.760739 28.760739 
653.500000 56 2.000000 0.834469 19.621348 3.337874 2.659626 18.215014 18.215014 
653.500000 57 2.000000 0.724642 8.994780 1.797892 2.876517 11.506764 11.506764 
653.500000 58 2.000000 0.346850 9.229392 6.936982 -0.919911 48.967956 48.967956 
653.500000 59 2.000000 0.870573 9.207472 2.901907 -2.101127 12.835801 12.835801 
653.500000 60 2.000000 0.835341 9.517040 2.784467 1.116654 9.000175 9.000175 
653.500000 61 2.000000 0.291570 16.041828 0.485948 4.726100 22.572166 22.572166 
653.500000 62 2.000000 0.327403 18.489135 1.309606 -3.777159 15.982003 15.982003 
653.500000 63 2.000000 0.763517 15.772402 2.545054 3.162311 16.477509 16.477509 
653.500000 64 2.000000 0.455043 9.753336 1.516806 0.940167 3.184616 3.184616 
653.500000 65 2.000000 0.108075 1.751626 -8.919241 2.502321 85.814471 85.814471 
653.500000 66 2.000000 0.389302 9.924014 1.297671 1.053737 2.794312 2.794312 
653.500000 67 2.000000 0.293009 15.092489 1.953389 3.729944 17.728206 17.728206 
653.500000 68 2.000000 0.000001 12.246291 1.343550 -0.267326 1.876590 1.876590 
653.500000 69 2.000000 0.999999 16.990056 -2.476895 0.295977 6.222611 6.222611 
653.500000 70 2.000000 0.000001 19.269835 3.441705 2.528348 18.237874 18.237874 
653.500000 71 2.000000 0.458236 15.998079 0.763724 -0.561086 0.898092 0.898092 
653.500000 72 2.000000 0.212248 4.853595 -2.625836 8.824716 84.770626 84.770626 
653.500000 73 2.000000 0.404938 12.308889 -5.950606 -0.645871 35.826862 35.826862 
653.500000 74 2.000000 0.867032 0.803584 -2.659341 -9.141150 90.632716 90.632716 
653.500000 75 2.000000 0.786314 4.094151 -3.148618 -0.695324 10.397269 10.397269 
653.500000 76 2.000000 0.511513 5.911450 1.705041 -3.612449 15.956951 15.956951 
653.500000 77 2.000000 0.193723 15.903190 1.937223 0.850716 4.476550 4.476550 
653.500000 78 2.000000 0.889915 6.762801 -0.244630 5.880696 34.642424 34.642424 
653.500000 79 2.000000 0.106453 7.244234 -0.063126 3.070548 9.432251 9.432251 
653.500000 80 2.000000 0.767706 12.737984 -1.548618 -1.864229 5.873567 5.873567 
653.500000 81 2.000000 0.391628 4.820034 0.979068 -1.530816 3.301971 3.301971 
653.500000 82 2.000000 0.259045 7.385656 -2.963814 5.275468 36.614756 36.614756 
653.500000 83 2.000000 0.380699 3.113944 -1.065255 -1.963320 4.989394 4.989394 
653.500000 84 2.000000 0.152428 18.983991 -1.138208 -3.180918 11.413758 11.413758 
653.500000 85 2.000000 0.257565 15.872339 5.151286 -2.834215 34.568525 34.568525 
653.500000 86 2.000000 0.000001 3.085419 7.468514 2.441088 61.737621 61.737621 
653.500000 87 2.000000 0.229055 4.556577 0.763513 1.531553 2.928606 2.928606 
653.500000 88 2.000000 0.711136 8.981285 -1.201504 1.104720 2.664018 2.664018 
653.500000 89 2.000000 0.779739 19.127751 -4.405192 4.397184 38.740945 38.740945 
653.500000 90 2.000000 0.526149 7.767218 2.104590 3.131960 14.238475 14.238475 
653.500000 91 2.000000 0.501727 5.699114 0.716752 0.133452 0.531542 0.531542 
653.500000 92 2.000000 0.000001 9.891556 2.807914 -1.090354 9.073255 9.073255 
653.500000 93 2.000000 0.037719 12.479377 -1.202851 1.505324 3.712850 3.712850 
653.500000 94 2.000000 0.257171 15.567672 1.285852 -2.021636 5.740430 5.740430 
653.500000 95 2.000000 0.999999 6.703929 -7.409348 -2.692706 62.149105 62.149105 
653.500000 96 2.000000 0.576778 10.967128 1.968276 1.860334 7.334951 7.334951 
653.500000 97 2.000000 0.821534 0.823948 1.369222 -6.378988 42.566255 42.566255 
653.500000 98 2.000000 0.290698 19.897426 -1.418602 5.451362 31.729783 31.729783 
653.500000 99 2.000000 0.084522 9.585655 -3.661907 5.189682 40.342365 40.342365 
653.500000 100 2.000000 0.340369 12.574652 6.807367 -0.980257 47.301146 47.301146 
653.500000 101 2.000000 0.601996 14.556266 2.407979 -3.225466 16.201989 16.201989 
653.500000 102 2.000000 0.000001 6.646067 7.832419 -2.794010 69.153277 69.153277 
653.500000 103 2.000000 0.000001 8.483847 4.872603 -1.422270 25.765116 25.765116 
653.500000 104 2.000000 0.096746 6.769535 -1.389621 -2.629242 8.843958 8.843958 
653.500000 105 2.000000 0.075744 9.799796 1.514860 0.044157 2.296751 2.296751 
653.500000 106 2.000000 0.232925 9.503411 -2.191640 -1.063988 5.935356 5.935356 
653.500000 107 2.000000 0.591812 12.623812 3.945405 0.100147 15.576252 15.576252 
653.500000 108 2.000000 0.999999 15.449240 -1.760854 -0.634978 3.503804 3.503804 
653.500000 109 2.000000 0.743539 10.678341 -1.709736 0.231097 2.976603 2.976603 
653.500000 110 2.000000 0.000001 1.309211 5.661530 -0.788350 32.674414 32.674414 
653.500000 111 2.000000 0.187837 9.443078 -0.955485 -2.462226 6.975511 6.975511 
653.500000 112 2.000000 0.987960 10.722067 9.879586 11.199176 223.027756 223.027756 
653.500000 113 2.000000 0.183368 18.387644 -2.722104 4.741922 29.895673 29.895673 
653.500000 114 2.000000 0.328423 4.908398 0.101234 -1.073174 1.161950 1.161950 
653.500000 115 2.000000 0.731889 16.739904 -1.132498 -1.777491 4.442028 4.442028 
653.500000 116 2.000000 0.999999 5.288649 -7.297451 -2.463348 59.320874 59.320874 
653.500000 117 2.000000 0.473167 11.865049 4.731662 1.028802 23.447063 23.447063 
653.500000 118 2.000000 0.465684 11.919663 -3.562097 -0.983127 13.655073 13.655073 
653.500000 119 2.000000 0.523270 6.649707 -4.767290 3.625241 35.869428 35.869428 
653.500000 120 2.000000 0.159343 1.015654 3.186847 -1.543075 12.537078 12.537078 
653.500000 121 2.000000 0.818022 5.275126 -0.909886 -0.149707 0.850304 0.850304 
653.500000 122 2.000000 0.779111 14.725912 -0.259869 -4.056990 16.526697 16.526697 
653.500000 123 2.000000 0.931348 9.513104 2.328367 -1.552427 7.831323 7.831323 
653.500000 124 2.000000 0.000001 15.297306 4.069651 5.451232 46.277986 46.277986 
653.500000 125 2.000000 0.347296 18.712310 0.868239 5.197864 27.771625 27.771625 
653.500000 126 2.000000 0.539825 11.689028 5.398240 -0.098336 29.150664 29.150664 
653.500000 127 2.000000 0.751415 6.202866 -4.971670 4.277838 43.017405 43.017405 
653.500000 128 2.000000 0.534559 0.000001 -2.422034 7.035700 55.367327 55.367327 
653.500000 129 2.000000 0.999999 16.110828 -1.900094 -2.042195 7.780921 7.780921 
653.500000 130 2.000000 0.174759 16.680979 -0.970870 -0.004551 0.942609 0.942609 
653.500000 131 2.000000 0.360162 1.544150 1.440642 1.767114 5.198143 5.198143 
653.500000 132 2.000000 0.278549 14.911815 5.570951 1.633783 33.704744 33.704744 
653.500000 133 2.000000 0.250719 10.316827 -2.140799 -1.340717 6.380543 6.380543 
653.500000 134 2.000000 0.360969 14.487574 -4.260202 3.269982 28.842106 28.842106 
653.500000 135 2.000000 0.713793 2.283685 7.137918 2.678898 58.126375 58.126375 
653.500000 136 2.000000 0.453912 1.203475 -1.820289 -3.431922 15.091542 15.091542 
653.500000 137 2.000000 0.178789 4.256718 -3.284839 -1.474526 12.964393 12.964393 
653.500000 138 2.000000 0.702960 0.367390 2.343196 -3.774961 19.740901 19.740901 
653.500000 139 2.000000 0.151645 15.033776 -8.483545 4.768542 94.709525 94.709525 
653.500000 140 2.000000 0.000001 8.041267 3.469866 -5.954702 47.498453 47.498453 
653.500000 141 2.000000 0.139227 0.475887 -5.738478 1.586286 35.446435 35.446435 
653.500000 142 2.000000 0.812747 16.612393 -1.872521 -5.240319 30.967280 30.967280 
653.500000 143 2.000000 0.812375 11.148080 2.575091 1.249073 8.191274 8.191274 
653.500000 144 2.000000 0.980004 4.669129 9.800028 0.566559 96.361546 96.361546 
653.500000 145 2.000000 0.445784 0.668245 0.141518 6.682436 44.674983 44.674983 
653.500000 146 2.000000 0.478105 4.532302 3.187358 6.043068 46.677920 46.677920 
653.500000 147 2.000000 0.840599 0.565610 -3.188004 -3.554862 22.800418 22.800418 
653.500000 148 2.000000 0.619787 8.971289 2.065954 -0.833250 4.962472 4.962472 
653.500000 149 2.000000 0.590870 10.956320 -3.267234 -1.535446 13.032416 13.032416 
653.500000 150 2.000000 0.452417 11.345599 -2.737908 7.309694 60.927760 60.927760 
653.500000 151 2.000000 0.796841 7.671333 1.448800 -4.463476 22.021643 22.021643 
653.500000 152 2.000000 0.806251 8.861835 -3.874959 1.822146 18.335519 18.335519 
653.500000 153 2.000000 0.407232 14.048789 -0.546563 2.717538 7.683746 7.683746 
653.500000 154 2.000000 0.629511 2.881400 -3.704882 1.837105 17.101109 17.101109 
653.500000 155 2.000000 0.926624 14.815387 3.088744 -3.982215 25.398373 25.398373 
653.500000 156 2.000000 0.170122 9.957868 -5.532515 -9.129210 113.951201 113.951201 
653.500000 157 2.000000 0.131363 7.516321 2.627242 3.960486 22.587846 22.587846 
653.500000 158 2.000000 0.216917 12.363513 4.338314 0.745040 19.376051 19.376051 
653.500000 159 2.000000 0.000001 8.693987 5.421205 -1.147740 30.706765 30.706765 
653.500000 160 2.000000 0.756589 13.483809 7.565876 2.780311 64.972607 64.972607 
653.500000 161 2.000000 0.999999 2.789222 -0.985582 0.249647 1.033695 1.033695 
653.500000 162 2.000000 0.828335 2.960372 -3.433274 2.300795 17.081026 17.081026 
653.500000 163 2.000000 0.000001 5.360589 3.707526 -0.913037 14.579383 14.579383 
653.500000 164 2.000000 0.498426 15.097027 -5.015733 -3.069191 34.577511 34.577511 
653.500000 165 2.000000 0.252602 5.253675 0.360859 1.948537 3.927017 3.927017 
653.500000 166 2.000000 0.824266 18.067052 -1.171555 1.517661 3.675837 3.675837 
653.500000 167 2.000000 0.775771 1.109822 0.003107 -3.604057 12.989239 12.989239 
653.500000 168 2.000000 0.435886 17.936942 -2.820563 1.055369 9.069382 9.069382 
653.500000 169 2.000000 0.608760 7.766760 0.322352 4.291102 18.517471 18.517471 
653.500000 170 2.000000 0.640035 0.293518 -0.359964 2.935173 8.744814 8.744814 
653.500000 171 2.000000 0.190089 11.532032 0.227706 -1.298825 1.738797 1.738797 
653.500000 172 2.000000 0.433953 17.620031 -1.132091 -4.327215 20.006424 20.006424 
653.500000 173 2.000000 0.304090 19.128798 6.081781 0.242051 37.046652 37.046652 
653.500000 174 2.000000 0.399583 3.012651 2.663878 2.583527 13.770860 13.770860 
653.500000 175 2.000000 0.657849 2.772087 -2.281001 -5.469178 35.114875 35.114875 
653.500000 176 2.000000 0.199374 12.289116 3.987457 -5.931449 51.081895 51.081895 
653.500000 177 2.000000 0.000001 8.754131 6.234667 -2.651453 45.901283 45.901283 
653.500000 178 2.000000 0.641367 4.168490 -2.390878 1.535784 8.074933 8.074933 
653.500000 179 2.000000 0.444722 15.528474 -5.552766 -5.569286 61.850154 61.850154 
653.500000 180 2.000000 0.759579 7.418342 -4.808391 -3.607363 36.133690 36.133690 
653.500000 181 2.000000 0.999999 19.569261 -9.587492 0.345364 92.039279 92.039279 
653.500000 182 2.000000 0.804528 1.667270 -0.434381 -4.863490 23.842219 23.842219 
653.500000 183 2.000000 0.645760 13.417350 -1.180798 2.454332 7.418031 7.418031 
653.500000 184 2.000000 0.040509 0.166380 -1.296179 3.327587 12.752916 12.752916 
653.500000 185 2.000000 0.800019 14.085542 2.666728 0.914196 7.947190 7.947190 
653.500000 186 2.000000 0.278988 18.775058 1.859911 -4.825431 26.744054 26.744054 
653.500000 187 2.000000 0.985888 9.982905 0.579934 2.405379 6.122170 6.122170 
653.500000 188 2.000000 0.766536 14.442516 0.958168 4.209014 18.633884 18.633884 
653.500000 189 2.000000 0.017139 2.262565 -2.808172 -2.313068 13.236115 13.236115 
653.500000 190 2.000000 0.672951 19.497424 4.486337 -3.350499 31.353058 31.353058 
653.500000 191 2.000000 0.483319 6.794447 -4.983036 -2.498098 31.071137 31.071137 
653.500000 192 2.000000 0.068144 8.837638 -5.378786 -0.950465 29.834720 29.834720 
653.500000 193 2.000000 0.999999 3.201440 -3.549579 5.513345 42.996488 42.996488 
653.500000 194 2.000000 0.655803 12.757967 -3.441959 -0.910586 12.676249 12.676249 
653.500000 195 2.000000 0.723101 14.455320 -2.768977 -0.070949 7.672270 7.672270 
653.500000 196 2.000000 0.267621 16.256734 -2.070129 3.715139 18.087696 18.087696 
653.500000 197 2.000000 0.283303 11.711959 -0.175005 -4.407980 19.460917 19.460917 
653.500000 198 2.000000 0.373859 15.454161 -4.174270 -9.091677 100.083115 100.083115 
653.500000 199 2.000000 0.626464 7.762616 12.573535 3.218656 168.453527 168.453527 
653.500000 200 2.000000 0.493549 4.495817 3.290323 -0.508833 11.085134 11.085134 
653.500000 201 2.000000 0.968037 0.931466 2.765818 -0.739120 8.196048 8.196048 
653.500000 202 2.000000 0.426525 9.697425 0.003012 -0.120908 0.014628 0.014628 
653.500000 203 2.000000 0.396257 3.754548 -6.037424 0.336599 36.563786 36.563786 
653.500000 204 2.000000 0.523857 19.927819 -4.761416 -1.443593 24.755045 24.755045 
653.500000 205 2.000000 0.735382 3.617786 -5.292343 0.882371 28.787476 28.787476 
653.500000 206 2.000000 0.789893 4.080613 0.191408 4.740639 22.510292 22.510292 
653.500000 207 2.000000 0.000001 9.565372 4.358264 -2.061279 23.243331 23.243331 
653.500000 208 2.000000 0.687825 17.660993 -1.560868 1.243515 3.982637 3.982637 
653.500000 209 2.000000 0.657493 13.737190 -3.425059 -4.319178 30.386332 30.386332 
653.500000 210 2.000000 0.634111 10.851066 -7.317759 4.435202 73.220613 73.220613 
653.500000 211 2.000000 0.566449 15.821550 -4.335503 1.165747 20.155547 20.155547 
653.500000 212 2.000000 0.708288 1.296813 -1.944739 -6.133129 41.397284 41.397284 
653.500000 213 2.000000 0.951472 16.084874 -0.970546 -0.507095 1.199105 1.199105 
653.500000 214 2.000000 0.868400 19.922334 0.303812 -0.776646 0.695481 0.695481 
653.500000 215 2.000000 0.618505 8.805615 4.123359 0.051647 17.004757 17.004757 
653.500000 216 2.000000 0.060896 15.352900 -1.878206 5.300026 31.617935 31.617935 
653.500000 217 2.000000 0.057493 8.838785 1.347687 4.587028 22.857088 22.857088 
653.500000 218 2.000000 0.449423 1.264717 1.516444 -4.222192 20.126504 20.126504 
653.500000 219 2.000000 0.975019 3.297574 3.900070 -7.098500 65.599245 65.599245 
653.500000 220 2.000000 0.744992 12.955813 -1.700045 -0.879285 3.663295 3.663295 
653.500000 221 2.000000 0.554235 7.385999 5.542336 -1.898614 34.322223 34.322223 
653.500000 222 2.000000 0.267366 11.315227 2.673652 -1.336860 8.935608 8.935608 
653.500000 223 2.000000 0.999999 17.864854 -1.482279 -4.270291 20.432535 20.432535 
653.500000 224 2.000000 0.064536 17.624705 -2.018249 2.803855 11.934932 11.934932 
653.500000 225 2.000000 0.183696 12.833518 3.673892 1.143062 14.804072 14.804072 
653.500000 226 2.000000 0.748784 9.686420 -5.024306 0.708028 25.744957 25.744957 
653.500000 227 2.000000 0.485771 7.128894 -2.571140 -0.073596 6.616179 6.616179 
653.500000 228 2.000000 0.258625 9.326164 0.274201 -3.067135 9.482501 9.482501 
653.500000 229 2.000000 0.127736 12.670669 -2.907544 4.445848 28.219380 28.219380 
653.500000 230 2.000000 0.386166 1.047830 -3.069166 -5.002802 34.447805 34.447805 
653.500000 231 2.000000 0.742285 10.111961 0.824760 -6.589854 44.106401 44.106401 
653.500000 232 2.000000 0.064684 12.889457 0.646829 -3.555271 13.058338 13.058338 
653.500000 233 2.000000 0.999999 4.100465 -3.870117 -0.554633 15.285424 15.285424 
653.500000 234 2.000000 0.944761 19.330938 7.839312 5.149336 87.970485 87.970485 
653.500000 235 2.000000 0.115035 18.942272 -1.769927 -1.762878 6.240383 6.240383 
653.500000 236 2.000000 0.549594 4.899672 3.663954 3.432001 25.203188 25.203188 
653.500000 237 2.000000 0.002567 1.468457 -2.936334 -1.878758 12.151788 12.151788 
653.500000 238 2.000000 0.301622 12.610724 -3.491885 -2.280832 17.395458 17.395458 
653.500000 239 2.000000 0.999999 11.636715 -1.371691 1.416660 3.888462 3.888462 
653.500000 240 2.000000 0.864444 12.481835 2.469838 2.592785 12.822636 12.822636 
653.500000 241 2.000000 0.646687 14.992838 2.586744 -1.626106 9.335466 9.335466 
653.500000 242 2.000000 0.796502 3.937862 0.561862 -7.051977 50.046071 50.046071 
653.500000 243 2.000000 0.000001 19.441745 1.532595 1.375128 4.239823 4.239823 
653.500000 244 2.000000 0.242189 16.583983 -5.052068 1.445601 27.613157 27.613157 
653.500000 245 2.000000 0.576467 17.156439 -1.694126 4.360686 21.885644 21.885644 
653.500000 246 2.000000 0.923082 17.588025 -1.538344 3.886915 17.474614 17.474614 
653.500000 247 2.000000 0.000001 12.082355 3.553268 0.375388 12.766630 12.766630 
653.500000 248 2.000000 0.720347 8.203359 7.203458 5.584294 83.074151 83.074151 
653.500000 249 2.000000 0.791796 18.265436 -0.988456 1.976146 4.882197 4.882197 
653.500000 250 2.000000 0.918169 4.961287 1.660397 -0.356638 2.884109 2.884109 
653.500000 251 2.000000 0.091190 15.511076 1.823776 -0.429150 3.510328 3.510328 
653.500000 252 2.000000 0.010630 1.484195 -3.118187 -2.742720 17.245605 17.245605 
653.500000 253 2.000000 0.320291 17.834045 0.533817 1.704230 3.189361 3.189361 
653.500000 254 2.000000 0.310948 11.064288 -3.445256 -2.237762 16.877367 16.877367 
653.500000 255 2.000000 0.616976 4.432563 -3.830235 0.297245 14.759052 14.759052 
653.500000 256 2.000000 0.216584 5.177772 -0.616923 -0.558825 0.692880 0.692880 
653.500000 257 2.000000 0.191154 14.578007 1.911532 -2.099531 8.061984 8.061984 
653.500000 258 2.000000 0.890726 17.019789 1.395654 0.365632 2.081536 2.081536 
653.500000 259 2.000000 0.000001 16.153866 2.983722 -1.831492 12.256958 12.256958 
653.500000 260 2.000000 0.000001 5.790025 2.826545 -1.691042 10.848978 10.848978 
653.500000 261 2.000000 0.538079 16.058568 0.238117 0.129952 0.073587 0.073587 
653.500000 262 2.000000 0.666410 10.235070 -6.671774 -4.537361 65.100210 65.100210 
653.500000 263 2.000000 0.188246 5.403980 3.764903 0.153201 14.197967 14.197967 
653.500000 264 2.000000 0.001288 3.931147 -2.460313 -2.014172 10.110027 10.110027 
653.500000 265 2.000000 0.808715 14.601647 -0.765134 -0.658653 1.019255 1.019255 
653.500000 266 2.000000 0.683063 18.480776 -2.112906 3.771587 18.689236 18.689236 
653.500000 267 2.000000 0.823617 9.784290 -1.763817 -0.752565 3.677406 3.677406 
653.500000 268 2.000000 0.470063 9.215467 -0.333708 -3.755180 14.212742 14.212742 
653.500000 269 2.000000 0.927191 6.159837 3.090635 -2.652645 16.588546 16.588546 
653.500000 270 2.000000 0.937443 11.989644 2.083204 -2.729546 11.790161 11.790161 
653.500000 271 2.000000 0.062302 8.108725 0.623014 5.263991 28.097747 28.097747 
653.500000 272 2.000000 0.620206 13.947090 -1.296417 -3.615387 14.751717 14.751717 
653.500000 273 2.000000 0.722891 5.885131 3.614449 0.429090 13.248360 13.248360 
653.500000 274 2.000000 0.642331 7.865179 0.917614 2.299302 6.128806 6.128806 
653.500000 275 2.000000 0.566454 17.083324 -0.413254 2.683155 7.370098 7.370098 
653.500000 276 2.000000 0.546549 3.479064 -1.813800 5.356185 31.978587 31.978587 
653.500000 277 2.000000 0.403481 4.709985 2.017402 1.663850 6.838308 6.838308 
653.500000 278 2.000000 0.000001 11.660085 4.730793 -4.165906 39.735169 39.735169 
653.500000 279 2.000000 0.698878 2.933561 -1.505607 -3.306598 13.200439 13.200439 
653.500000 280 2.000000 0.999999 12.996720 -4.198572 -4.831325 40.969701 40.969701 
653.500000 281 2.000000 0.933992 0.287841 6.143827 0.933898 38.618770 38.618770 
653.500000 282 2.000000 0.696547 7.956999 3.482728 1.861496 15.594558 15.594558 
653.500000 283 2.000000 0.000001 15.529032 5.224007 -0.050780 27.292824 27.292824 
653.500000 284 2.000000 0.999999 2.384828 -3.392668 -0.180822 11.542890 11.542890 
653.500000 285 2.000000 0.536530 4.625469 -1.853878 -2.435983 9.370878 9.370878 
653.500000 286 2.000000 0.102588 15.131106 -0.085160 0.272555 0.081538 0.081538 
653.500000 287 2.000000 0.445986 14.630723 0.071820 -1.187691 1.415768 1.415768 
653.500000 288 2.000000 0.575964 13.239976 3.839750 4.646238 36.331209 36.331209 
653.500000 289 2.000000 0.000001 2.130545 2.396481 4.734542 28.159007 28.159007 
653.500000 290 2.000000 0.350785 14.644933 3.507840 -4.450395 32.110953 32.110953 
653.500000 291 2.000000 0.951925 14.509448 -0.480743 0.724046 0.755356 0.755356 
653.500000 292 2.000000 0.307058 19.362182 1.535284 2.747969 9.908430 9.908430 
653.500000 293 2.000000 0.668437 0.000001 -6.631235 5.582782 75.140732 75.140732 
653.500000 294 2.000000 0.515592 0.000001 5.345579 1.772825 31.718129 31.718129 
653.500000 295 2.000000 0.732525 9.702057 -2.674736 -1.822165 10.474498 10.474498 
653.500000 296 2.000000 0.449484 0.692791 -5.505148 -5.982568 66.097766 66.097766 
653.500000 297 2.000000 0.771002 17.600490 5.140003 -0.863446 27.165174 27.165174 
653.500000 298 2.000000 0.999999 2.879553 -4.128036 2.879552 25.332498 25.332498 
653.500000 299 2.000000 0.241797 16.760961 4.835919 -2.816555 31.319092 31.319092 
653.500000 300 2.000000 0.832077 5.970474 -3.358445 1.866876 14.764382 14.764382 
653.500000 301 2.000000 0.717632 1.957045 2.870525 2.795777 16.056283 16.056283 
653.500000 302 2.000000 0.134819 9.541520 2.696358 0.615223 7.648845 7.648845 
653.500000 303 2.000000 0.743767 9.015625 -0.098551 10.017360 100.357211 100.357211 
653.500000 304 2.000000 0.000001 3.747387 1.050870 0.390829 1.257075 1.257075 
653.500000 305 2.000000 0.520983 10.730974 -2.395081 6.923208 53.667224 53.667224 
653.500000 306 2.000000 0.118804 2.614844 1.188033 -2.270750 6.567729 6.567729 
653.500000 307 2.000000 0.488400 6.798685 1.997224 -2.646831 10.994618 10.994618 
653.500000 308 2.000000 0.272541 10.349207 5.450795 -4.294472 48.153661 48.153661 
653.500000 309 2.000000 0.999999 7.855622 -4.348327 1.282542 20.552865 20.552865 
653.500000 310 2.000000 0.130339 1.129684 -2.484743 -0.090600 6.182158 6.182158 
653.500000 311 2.000000 0.746908 11.839392 -5.061822 -0.178778 25.654005 25.654005 
653.500000 312 2.000000 0.734133 13.129643 3.670658 -3.190682 23.654183 23.654183 
653.500000 313 2.000000 0.092355 5.519707 -2.269111 1.232000 6.666690 6.666690 
653.500000 314 2.000000 0.302994 19.306747 1.815658 3.293009 14.140521 14.140521 
653.500000 315 2.000000 0.023007 5.721419 0.460124 1.978727 4.127073 4.127073 
653.500000 316 2.000000 0.274680 1.125610 -2.901278 4.502435 28.689337 28.689337 
653.500000 317 2.000000 0.720902 16.338744 7.209006 -3.051046 61.278649 61.278649 
653.500000 318 2.000000 0.920540 17.020550 -1.589180 0.770486 3.119141 3.119141 
653.500000 319 2.000000 0.033199 0.070744 -3.867201 -4.064367 31.474318 31.474318 
653.500000 320 2.000000 0.786294 18.810228 4.403937 -5.393647 48.486091 48.486091 
653.500000 321 2.000000 0.476061 8.249142 3.173735 2.717506 17.457433 17.457433 
653.500000 322 2.000000 0.120726 9.329257 -1.758545 7.368274 57.383949 57.383949 
653.500000 323 2.000000 0.318857 6.658731 -1.702856 1.698222 5.783677 5.783677 
653.500000 324 2.000000 0.242731 12.971792 4.854597 4.228778 41.449672 41.449672 
653.500000 325 2.000000 0.087445 4.891867 -6.083691 -2.039403 41.170458 41.170458 
653.500000 326 2.000000 0.800528 14.734931 -0.282224 5.395607 29.192223 29.192223 
653.500000 327 2.000000 0.913971 1.280239 1.475700 -1.295006 3.854730 3.854730 
653.500000 328 2.000000 0.364599 3.243547 -0.582651 -5.622220 31.948839 31.948839 
653.500000 329 2.000000 0.621098 13.494864 -3.789014 1.482117 16.553295 16.553295 
653.500000 330 2.000000 0.782689 15.914467 2.236252 -0.061918 5.004659 5.004659 
653.500000 331 2.000000 0.129875 3.778330 -2.900414 0.112937 8.425155 8.425155 
653.500000 332 2.000000 0.783123 7.136865 -4.337521 5.418298 48.172043 48.172043 
653.500000 333 2.000000 0.830927 14.154998 0.103552 -2.335878 5.467047 5.467047 
653.500000 334 2.000000 0.450375 13.532078 2.251868 4.920755 29.284740 29.284740 
653.500000 335 2.000000 0.716138 11.845387 4.774244 10.754289 138.448133 138.448133 
653.500000 336 2.000000 0.550713 13.405319 1.563739 -2.833658 10.474899 10.474899 
653.500000 337 2.000000 0.423699 0.292798 -1.280666 -1.666807 4.418352 4.418352 
653.500000 338 2.000000 0.841308 2.255409 -1.586909 1.187057 3.927384 3.927384 
653.500000 339 2.000000 0.112503 3.453194 -3.549983 1.750854 15.667868 15.667868 
653.500000 340 2.000000 0.147720 14.637026 2.954377 -4.140897 25.875373 25.875373 
653.500000 341 2.000000 0.766107 1.368072 -4.677847 -3.186614 32.036762 32.036762 
653.500000 342 2.000000 0.241720 14.755246 -5.055193 -2.161336 30.226348 30.226348 
653.500000 343 2.000000 0.714792 12.357801 -2.852073 -0.461496 8.347297 8.347297 
653.500000 344 2.000000 0.358717 9.447410 -0.111837 -5.910624 34.947987 34.947987 
653.500000 345 2.000000 0.635842 11.588307 -0.099813 -1.230495 1.524080 1.524080 
653.500000 346 2.000000 0.152477 15.309193 3.049513 -1.745172 12.345156 12.345156 
653.500000 347 2.000000 0.000001 2.709036 2.281948 6.020077 41.448614 41.448614 
653.500000 348 2.000000 0.200820 9.951269 -3.995897 5.853687 50.232848 50.232848 
653.500000 349 2.000000 0.364427 14.992724 2.429510 1.618604 8.522395 8.522395 
653.500000 350 2.000000 0.421830 19.245655 0.043770 -1.676320 2.811964 2.811964 
653.500000 351 2.000000 0.861374 18.418354 -2.772508 1.201029 9.129270 9.129270 
653.500000 352 2.000000 0.793929 13.598784 -4.121398 6.973735 65.618900 65.618900 
653.500000 353 2.000000 0.233893 15.385072 -1.276844 -0.686775 2.101990 2.101990 
653.500000 354 2.000000 0.630483 16.767650 0.788102 -0.798600 1.258867 1.258867 
653.500000 355 2.000000 0.049464 9.645196 -3.864235 -0.637983 15.339335 15.339335 
653.500000 356 2.000000 0.989178 3.888706 2.501423 -2.314464 11.613861 11.613861 
653.500000 357 2.000000 0.897291 7.731079 -1.027082 3.865539 15.997290 15.997290 
653.500000 358 2.000000 0.792146 18.937075 2.263271 6.504788 47.434668 47.434668 
653.500000 359 2.000000 0.000001 9.500820 7.796429 -4.717576 83.039824 83.039824 
653.500000 360 2.000000 0.000001 15.167459 3.074047 1.116525 10.696390 10.696390 
653.500000 361 2.000000 0.096172 6.347450 1.923412 0.361746 3.830373 3.830373 
653.500000 362 2.000000 0.553612 13.655943 5.536114 2.306781 35.969795 35.969795 
653.500000 363 2.000000 0.000001 12.319955 0.658597 -3.575471 13.217741 13.217741 
653.500000 364 2.000000 0.341709 10.072600 6.834156 0.332693 46.816373 46.816373 
653.500000 365 2.000000 0.263301 3.232162 5.265997 -0.731822 28.266289 28.266289 
653.500000 366 2.000000 0.262879 8.883271 5.257562 6.342671 67.871430 67.871430 
653.500000 367 2.000000 0.048576 8.027526 0.194301 -2.318687 5.414060 5.414060 
653.500000 368 2.000000 0.469154 10.523264 -3.538968 -2.637988 19.483273 19.483273 
653.500000 369 2.000000 0.876692 4.457926 -2.466139 -0.958490 7.000544 7.000544 
653.500000 370 2.000000 0.910809 8.168669 3.643231 -4.544802 33.928359 33.928359 
653.500000 371 2.000000 0.502308 17.942961 2.009229 -2.571298 10.648577 10.648577 
653.500000 372 2.000000 0.691500 19.473330 -1.233996 1.879217 5.054203 5.054203 
653.500000 373 2.000000 0.000001 12.333463 1.457586 -3.614581 15.189754 15.189754 
653.500000 374 2.000000 0.749020 2.329188 -1.003918 -1.656455 3.751694 3.751694 
653.500000 375 2.000000 0.049118 6.971779 -0.961255 -2.081290 5.255780 5.255780 
653.500000 376 2.000000 0.603928 12.803603 -2.640476 -6.853711 53.945462 53.945462 
653.500000 377 2.000000 0.585787 6.199142 -1.183464 -1.510396 3.681882 3.681882 
653.500000 378 2.000000 0.463265 12.188390 3.304249 5.472276 40.863866 40.863866 
653.500000 379 2.000000 0.182525 16.620081 -4.306983 -5.996111 54.503451 54.503451 
653.500000 380 2.000000 0.999999 8.838073 -3.729531 -1.354638 15.744449 15.744449 
653.500000 381 2.000000 0.332854 14.715424 -4.447632 3.720916 33.626642 33.626642 
653.500000 382 2.000000 0.183088 12.135740 -8.169109 -3.836224 81.450960 81.450960 
653.500000 383 2.000000 0.602580 1.218065 -0.138119 -2.479988 6.169419 6.169419 
653.500000 384 2.000000 0.980844 16.248995 0.852907 -0.035691 0.728724 0.728724 
653.500000 385 2.000000 0.702053 10.071975 4.680349 6.104227 59.167250 59.167250 
653.500000 386 2.000000 0.543920 0.919051 1.554054 1.413923 4.414263 4.414263 
653.500000 387 2.000000 0.000001 4.742856 3.578639 -2.849378 20.925612 20.925612 
653.500000 388 2.000000 0.196919 0.739168 -2.924922 -0.532529 8.838756 8.838756 
653.500000 389 2.000000 0.781022 1.553816 2.603404 -5.459315 36.581833 36.581833 
653.500000 390 2.000000 0.000001 4.255960 2.591053 1.855325 10.155790 10.155790 
653.500000 391 2.000000 0.051946 13.924153 -6.320351 2.293682 45.207810 45.207810 
653.500000 392 2.000000 0.704218 2.849185 -5.915625 1.137988 36.289636 36.289636 
653.500000 393 2.000000 0.720162 14.336295 -5.596737 -5.681553 63.603500 63.603500 
653.500000 394 2.000000 0.327407 10.668578 0.935446 4.890677 24.793783 24.793783 
653.500000 395 2.000000 0.000001 10.731208 10.264599 3.760009 119.499670 119.499670 
653.500000 396 2.000000 0.885076 12.073501 3.127731 3.100784 19.397565 19.397565 
653.500000 397 2.000000 0.783415 7.185812 -4.331686 -0.436750 18.954258 18.954258 
653.500000 398 2.000000 0.322365 19.217293 2.149092 -3.913530 19.934314 19.934314 
653.500000 399 2.000000 0.750348 15.450227 5.002316 -2.757437 32.626624 32.626624 
653.500000 400 2.000000 0.066266 2.825119 -4.668663 2.087707 26.154933 26.154933 
653.500000 401 2.000000 0.999999 14.352010 -4.799625 -1.981750 26.963734 26.963734 
653.500000 402 2.000000 0.454552 1.815910 -0.171306 -0.114100 0.042365 0.042365 
653.500000 403 2.000000 0.000001 16.276886 1.728984 -0.873318 3.752071 3.752071 
653.500000 404 2.000000 0.789379 1.948339 -1.053098 1.702758 4.008401 4.008401 
653.500000 405 2.000000 0.599125 8.812573 -4.008739 -5.327345 44.450602 44.450602 
653.500000 406 2.000000 0.138399 14.114959 -0.701794 2.141036 5.076551 5.076551 
653.500000 407 2.000000 0.350329 15.464212 -1.856200 0.316279 3.545510 3.545510 
653.500000 408 2.000000 0.999999 0.299659 -4.595894 -2.177305 25.862894 25.862894 
653.500000 409 2.000000 0.275922 17.023588 5.518428 -3.133064 40.269145 40.269145 
653.500000 410 2.000000 0.000001 14.981224 0.736144 -0.366561 0.676274 0.676274 
653.500000 411 2.000000 0.865703 10.158873 -1.342961 -2.220849 6.735716 6.735716 
653.500000 412 2.000000 0.926562 2.903094 4.632806 2.903093 29.890838 29.890838 
653.500000 413 2.000000 0.263822 19.999999 -1.472355 -4.934128 26.513450 26.513450 
653.500000 414 2.000000 0.502691 19.605528 3.351269 3.771073 25.451998 25.451998 
653.500000 415 2.000000 0.560885 19.905760 -3.271738 2.679429 17.883613 17.883613 
653.500000 416 2.000000 0.196277 18.088572 -0.574087 0.213121 0.374996 0.374996 
653.500000 417 2.000000 0.032875 19.999999 -9.671240 -2.275066 98.708816 98.708816 
653.500000 418 2.000000 0.646273 4.786170 4.308477 4.786169 41.470389 41.470389 
653.500000 419 2.000000 0.756219 18.394429 -4.875610 7.553580 80.828144 80.828144 
653.500000 420 2.000000 0.845334 6.974704 1.878517 -5.054225 29.074016 29.074016 
653.500000 421 2.000000 0.999999 17.833629 -3.677938 -4.814156 36.703320 36.703320 
653.500000 422 2.000000 0.111115 17.624803 1.111141 -4.750391 23.800850 23.800850 
653.500000 423 2.000000 0.713535 1.250485 1.189223 -1.432398 3.466015 3.466015 
653.500000 424 2.000000 0.941556 8.224904 0.208356 -11.214377 125.805656 125.805656 
653.500000 425 2.000000 0.169027 16.633729 1.064740 -1.122687 2.394099 2.394099 
653.500000 426 2.000000 0.508356 6.461018 0.924283 3.166574 10.881489 10.881489 
653.500000 427 2.000000 0.846794 17.620004 -1.532050 -2.974994 11.197766 11.197766 
653.500000 428 2.000000 0.742657 15.668202 -1.286712 5.754638 34.771482 34.771482 
653.500000 429 2.000000 0.553721 14.087242 -2.975189 0.765040 9.437036 9.437036 
653.500000 430 2.000000 0.390578 13.758181 2.603849 -2.547681 13.270709 13.270709 
653.500000 431 2.000000 0.240441 5.808031 -3.038234 -1.243966 10.778316 10.778316 
653.500000 432 2.000000 0.999999 19.999999 -7.140530 -9.445308 140.201007 140.201007 
653.500000 433 2.000000 0.750528 19.710948 7.505265 -0.275286 56.404788 56.404788 
653.500000 434 2.000000 0.143904 9.741963 -5.707300 -3.540944 45.111553 45.111553 
653.500000 435 2.000000 0.741485 3.497218 -0.738610 2.894812 8.925481 8.925481 
653.500000 436 2.000000 0.799994 18.015923 0.999991 5.051585 26.518498 26.518498 
653.500000 437 2.000000 0.359401 1.726778 -1.601495 11.511848 135.087440 135.087440 
653.500000 438 2.000000 0.365737 0.319994 3.657363 1.163561 14.730179 14.730179 
653.500000 439 2.000000 0.521519 16.203019 2.675761 0.474575 7.384916 7.384916 
653.500000 440 2.000000 0.266992 1.266899 -0.458129 -2.262075 5.326867 5.326867 
653.500000 441 2.000000 0.214749 18.476518 -1.963125 -7.617406 61.878731 61.878731 
653.500000 442 2.000000 0.421622 17.104748 -5.783767 -0.130751 33.469057 33.469057 
653.500000 443 2.000000 0.000001 5.277570 3.155165 5.838106 44.038554 44.038554 
653.500000 444 2.000000 0.563750 3.700984 -1.744995 -0.663199 3.484839 3.484839 
653.500000 445 2.000000 0.479786 9.930767 1.919140 -1.308925 5.396384 5.396384 
653.500000 446 2.000000 0.000001 1.403208 3.116830 2.775084 17.415719 17.415719 
653.500000 447 2.000000 0.314940 17.542868 1.049797 -4.914261 25.252040 25.252040 
653.500000 448 2.000000 0.768635 0.874504 -2.313643 0.454419 5.559441 5.559441 
653.500000 449 2.000000 0.452391 5.380062 -0.608454 -0.663400 0.810315 0.810315 
653.500000 450 2.000000 0.615578 3.036224 4.103844 -0.988069 17.817815 17.817815 
653.500000 451 2.000000 0.111319 13.210413 2.226355 1.640675 7.648472 7.648472 
653.500000 452 2.000000 0.064650 9.393144 -1.169186 6.957883 49.779139 49.779139 
653.500000 453 2.000000 0.940498 8.160142 -1.190017 -1.081266 2.585276 2.585276 
653.500000 454 2.000000 0.963960 6.256422 0.963959 -0.317008 1.029711 1.029711 
653.500000 455 2.000000 0.741649 16.846559 -1.403310 -2.860199 10.150021 10.150021 
653.500000 456 2.000000 0.691248 14.434955 -6.175017 1.985282 42.072179 42.072179 
653.500000 457 2.000000 0.595608 13.418827 -4.043913 -2.734694 23.831783 23.831783 
653.500000 458 2.000000 0.478202 13.531667 0.494315 1.596218 2.792258 2.792258 
653.500000 459 2.000000 0.518465 10.639396 5.184645 -0.436561 27.071125 27.071125 
653.500000 460 2.000000 0.311674 3.713203 3.116734 6.751276 55.293749 55.293749 
653.500000 461 2.000000 0.306629 19.999999 0.111738 -6.096640 37.181510 37.181510 
653.500000 462 2.000000 0.251282 0.748784 5.025618 -2.882908 33.567997 33.567997 
653.500000 463 2.000000 0.999999 6.506188 -1.575702 1.913454 6.144143 6.144143 
653.500000 464 2.000000 0.317814 7.543977 3.178128 -5.373327 38.973140 38.973140 
653.500000 465 2.000000 0.999999 19.692543 -2.006691 0.697051 4.512688 4.512688 
653.500000 466 2.000000 0.378090 4.008132 1.512355 5.699304 34.769286 34.769286 
653.500000 467 2.000000 0.745752 7.507376 2.485838 -9.994098 106.061389 106.061389 
653.500000 468 2.000000 0.272130 10.201114 -0.503823 -0.203644 0.295308 0.295308 
653.500000 469 2.000000 0.187754 12.418254 -4.061226 -4.875042 40.259583 40.259583 
653.500000 470 2.000000 0.578708 1.537282 -2.808608 -0.688576 8.362414 8.362414 
653.500000 471 2.000000 0.772460 18.736414 3.089837 2.835926 17.589568 17.589568 
653.500000 472 2.000000 0.117759 0.484138 2.355164 0.691625 6.025141 6.025141 
653.500000 473 2.000000 0.580287 18.810363 3.868575 -1.081487 16.135486 16.135486 
653.500000 474 2.000000 0.710879 14.050791 1.093658 -4.759367 23.847659 23.847659 
653.500000 475 2.000000 0.530689 16.359357 0.482444 0.848904 0.953390 0.953390 
653.500000 476 2.000000 0.756787 1.332125 -2.432123 1.776166 9.069987 9.069987 
653.500000 477 2.000000 0.000001 6.505916 5.538046 -4.228112 48.546886 48.546886 
653.500000 478 2.000000 0.162663 1.631203 -2.791121 -4.483357 27.890846 27.890846 
653.500000 479 2.000000 0.379992 15.149483 1.085689 2.133623 5.731069 5.731069 
653.500000 480 2.000000 0.182309 1.924721 1.823079 -0.844533 4.036853 4.036853 
653.500000 481 2.000000 0.325912 1.041920 -2.134280 1.572557 7.028087 7.028087 
653.500000 482 2.000000 0.166650 1.200141 -1.388914 6.000701 37.937499 37.937499 
653.500000 483 2.000000 0.428199 11.357971 -2.859000 -2.991584 17.123455 17.123455 
653.500000 484 2.000000 0.158152 2.607350 -0.561231 0.421310 0.492483 0.492483 
653.500000 485 2.000000 0.777171 4.390944 3.618604 0.938603 13.975268 13.975268 
653.500000 486 2.000000 0.378710 15.389219 -3.106443 -4.391219 28.932792 28.932792 
653.500000 487 2.000000 0.909102 18.107680 -1.817942 -6.307729 43.092362 43.092362 
653.500000 488 2.000000 0.035052 7.166863 -1.754449 -2.467911 9.168675 9.168675 
653.500000 489 2.000000 0.999999 18.715712 -3.082036 -5.137147 35.889231 35.889231 
653.500000 490 2.000000 0.704306 16.556067 2.817221 1.927646 11.652555 11.652555 
653.500000 491 2.000000 0.147938 13.005824 -8.520614 1.522635 74.919276 74.919276 
653.500000 492 2.000000 0.999999 19.548876 -9.617594 -4.511225 112.849272 112.849272 
653.500000 493 2.000000 0.124176 17.810162 0.827833 1.229201 2.196243 2.196243 
653.500000 494 2.000000 0.999999 9.407257 -1.122656 -2.206124 6.127340 6.127340 
653.500000 495 2.000000 0.812743 19.489821 0.488374 3.886858 15.346175 15.346175 
653.500000 496 2.000000 0.000001 12.643016 3.782439 -5.098428 40.300816 40.300816 
653.500000 497 2.000000 0.599060 16.481357 1.996862 -2.446664 9.973624 9.973624 
653.500000 498 2.000000 0.407961 9.665543 4.079604 -2.080635 20.972213 20.972213 
653.500000 499 2.000000 0.738960 1.829213 1.136860 -1.445154 3.380921 3.380921 
653.500000 500 2.000000 0.085117 6.808055 1.702326 4.288598 21.289985 21.289985 
