559.000000 1 2.000000 0.948404 17.797762 -0.515953 -1.573026 2.740620 2.740620 
559.000000 2 2.000000 0.601401 15.590659 3.006999 0.711636 9.548465 9.548465 
559.000000 3 2.000000 0.509909 9.737737 -0.033743 1.975255 3.902769 3.902769 
559.000000 4 2.000000 0.686070 17.457542 -3.139291 4.046132 26.226330 26.226330 
559.000000 5 2.000000 0.000001 9.145258 3.788047 -0.311906 14.446589 14.446589 
559.000000 6 2.000000 0.999999 19.423780 -3.735175 -1.440548 16.026709 16.026709 
559.000000 7 2.000000 0.999999 8.038698 -1.577050 0.925365 3.343387 3.343387 
559.000000 8 2.000000 0.835827 1.075589 -3.283441 0.779627 11.388806 11.388806 
559.000000 9 2.000000 0.113860 13.249945 2.277176 3.014609 14.273396 14.273396 
559.000000 10 2.000000 0.326554 16.572441 -3.367226 -1.458535 13.465535 13.465535 
559.000000 11 2.000000 0.670708 8.117918 1.490459 1.107760 3.448600 3.448600 
559.000000 12 2.000000 0.298618 8.643044 2.986170 0.466324 9.134672 9.134672 
559.000000 13 2.000000 0.116007 7.729400 -2.946639 -2.377143 14.333490 14.333490 
559.000000 14 2.000000 0.867790 18.612289 2.892629 -1.939138 12.127560 12.127560 
559.000000 15 2.000000 0.700837 14.504190 -0.747905 -5.234104 27.955203 27.955203 
559.000000 16 2.000000 0.441004 5.111433 4.410025 0.321546 19.551713 19.551713 
559.000000 17 2.000000 0.646738 1.606113 6.467371 -4.199240 59.460494 59.460494 
559.000000 18 2.000000 0.667330 10.485380 2.669315 -0.808167 7.778377 7.778377 
559.000000 19 2.000000 0.774584 7.216915 5.163888 -2.348022 32.178942 32.178942 
559.000000 20 2.000000 0.442289 14.490398 0.240512 -1.481110 2.251533 2.251533 
559.000000 21 2.000000 0.473326 15.335418 -3.511155 -7.415407 67.316475 67.316475 
559.000000 22 2.000000 0.662985 7.718058 -1.685072 -1.164223 4.194883 4.194883 
559.000000 23 2.000000 0.241873 3.436926 -3.032502 -6.495323 51.385287 51.385287 
559.000000 24 2.000000 0.177947 1.405890 -1.096070 -2.271777 6.362340 6.362340 
559.000000 25 2.000000 0.403645 14.261835 0.359827 -6.750781 45.702514 45.702514 
559.000000 26 2.000000 0.343543 11.807406 6.870831 0.253986 47.272827 47.272827 
559.000000 27 2.000000 0.471870 12.958624 -0.939709 1.730348 3.877158 3.877158 
559.000000 28 2.000000 0.999999 0.632873 -5.445176 -2.800936 37.495189 37.495189 
559.000000 29 2.000000 0.339187 16.329436 3.391857 -1.390102 13.437077 13.437077 
559.000000 30 2.000000 0.999999 16.046704 -3.072744 -0.929068 10.304920 10.304920 
559.000000 31 2.000000 0.765134 18.034741 2.186095 0.242560 4.837849 4.837849 
559.000000 32 2.000000 0.742226 9.437551 4.948166 -0.073494 24.489744 24.489744 
559.000000 33 2.000000 0.953443 16.023269 4.767211 -0.589989 23.074389 23.074389 
559.000000 34 2.000000 0.999999 0.511464 -5.186675 -0.443909 27.098651 27.098651 
559.000000 35 2.000000 0.131883 9.604528 2.637647 3.664207 20.383594 20.383594 
559.000000 36 2.000000 0.000001 3.411107 7.624362 -3.582012 70.961708 70.961708 
559.000000 37 2.000000 0.690462 6.642135 6.904611 1.422285 49.696551 49.696551 
559.000000 38 2.000000 0.581018 10.213017 2.905086 -5.151043 34.972774 34.972774 
559.000000 39 2.000000 0.195162 11.151441 0.557604 -2.072171 4.604813 4.604813 
559.000000 40 2.000000 0.685223 17.331310 5.377227 3.743629 42.929333 42.929333 
559.000000 41 2.000000 0.893942 19.180835 -2.121145 5.255023 32.114526 32.114526 
559.000000 42 2.000000 0.461448 4.151390 3.076313 -3.449736 21.364383 21.364383 
559.000000 43 2.000000 0.845307 3.858939 4.226532 0.471139 18.085541 18.085541 
559.000000 44 2.000000 0.824331 10.595657 5.495533 -6.067317 67.013221 67.013221 
559.000000 45 2.000000 0.000001 2.811631 2.151254 -2.018217 8.701094 8.701094 
559.000000 46 2.000000 0.543295 4.840554 5.432942 -10.309797 135.808762 135.808762 
559.000000 47 2.000000 0.543367 1.682680 2.716832 -4.564291 28.213933 28.213933 
559.000000 48 2.000000 0.839583 6.032441 1.526513 0.005388 2.330272 2.330272 
559.000000 49 2.000000 0.000001 12.323132 5.053523 2.324007 30.939103 30.939103 
559.000000 50 2.000000 0.000001 12.045918 3.114403 -0.510377 9.959993 9.959993 
559.000000 51 2.000000 0.457375 1.701665 4.573736 -0.567278 21.240863 21.240863 
559.000000 52 2.000000 0.999999 5.644957 -5.518874 1.398119 32.412708 32.412708 
559.000000 53 2.000000 0.581139 19.473006 -4.188604 -5.269932 45.316589 45.316589 
559.000000 54 2.000000 0.643939 15.029134 -2.373732 -6.213582 44.243197 44.243197 
559.000000 55 2.000000 0.621861 14.551656 -3.781377 1.119078 15.551152 15.551152 
559.000000 56 2.000000 0.883084 17.258485 4.415415 -3.225310 29.898517 29.898517 
559.000000 57 2.000000 0.385263 4.019846 -6.147358 4.729230 60.155621 60.155621 
559.000000 58 2.000000 0.498481 18.318591 4.984798 0.395297 25.004473 25.004473 
559.000000 59 2.000000 0.781612 4.327748 -0.485304 -1.925938 3.944757 3.944757 
559.000000 60 2.000000 0.156540 18.312737 -3.373837 2.713872 18.747873 18.747873 
559.000000 61 2.000000 0.034845 13.287856 -4.825772 -3.687516 36.885850 36.885850 
559.000000 62 2.000000 0.806359 15.946494 4.031792 -0.551537 16.559539 16.559539 
559.000000 63 2.000000 0.488000 12.348499 -3.413326 -5.465357 41.520927 41.520927 
559.000000 64 2.000000 0.147325 14.446101 0.982158 2.953336 9.686832 9.686832 
559.000000 65 2.000000 0.005037 16.564537 -2.211027 -1.845202 8.293412 8.293412 
559.000000 66 2.000000 0.086753 7.162753 -0.706783 -1.096328 1.701477 1.701477 
559.000000 67 2.000000 0.385013 8.394423 -0.647354 -0.910849 1.248713 1.248713 
559.000000 68 2.000000 0.000001 9.500704 6.854636 0.427372 47.168675 47.168675 
559.000000 69 2.000000 0.507692 5.842289 0.597284 1.443777 2.441241 2.441241 
559.000000 70 2.000000 0.403108 19.703855 1.007769 -2.961438 9.785711 9.785711 
559.000000 71 2.000000 0.000001 19.450255 4.816532 1.952271 27.010337 27.010337 
559.000000 72 2.000000 0.576931 17.972687 -0.667239 3.488011 12.611432 12.611432 
559.000000 73 2.000000 0.476936 10.306938 -3.487084 -1.629086 14.813675 14.813675 
559.000000 74 2.000000 0.743798 11.135834 -1.708009 2.261821 8.033129 8.033129 
559.000000 75 2.000000 0.222271 6.611224 0.566095 -4.360408 19.333619 19.333619 
559.000000 76 2.000000 0.295946 11.551710 -4.693687 1.271696 23.647908 23.647908 
559.000000 77 2.000000 0.713540 15.909416 -5.729178 -1.532494 35.172023 35.172023 
559.000000 78 2.000000 0.363017 4.280010 1.037190 -1.278657 2.710728 2.710728 
559.000000 79 2.000000 0.618534 7.896079 -7.629300 0.409884 58.374222 58.374222 
559.000000 80 2.000000 0.061082 16.525116 -1.564861 1.425442 4.480675 4.480675 
559.000000 81 2.000000 0.081878 16.757065 -1.669312 2.829423 10.792235 10.792235 
559.000000 82 2.000000 0.245587 12.656781 -3.017647 2.125698 13.624789 13.624789 
559.000000 83 2.000000 0.999999 14.877354 -7.936912 -0.972630 63.940578 63.940578 
559.000000 84 2.000000 0.910387 14.194617 -0.896122 2.151703 5.432862 5.432862 
559.000000 85 2.000000 0.366411 14.336913 1.221365 -0.598102 1.849460 1.849460 
559.000000 86 2.000000 0.575095 1.387818 1.150189 -0.936525 2.200012 2.200012 
559.000000 87 2.000000 0.681834 10.294298 -6.363299 1.626245 43.136243 43.136243 
559.000000 88 2.000000 0.039581 16.521548 0.791600 1.435334 2.686815 2.686815 
559.000000 89 2.000000 0.149332 7.038198 -8.506666 3.617254 85.447889 85.447889 
559.000000 90 2.000000 0.929510 5.522735 -1.409789 -0.165111 2.014768 2.014768 
559.000000 91 2.000000 0.260978 9.100182 5.219533 -5.833911 61.278052 61.278052 
559.000000 92 2.000000 0.365144 15.335788 -4.232366 -0.811604 18.571625 18.571625 
559.000000 93 2.000000 0.553073 16.510945 0.038173 3.350135 11.224863 11.224863 
559.000000 94 2.000000 0.000001 0.161139 2.525606 -4.857201 29.971089 29.971089 
559.000000 95 2.000000 0.801177 5.086499 -3.976433 -3.207204 26.098177 26.098177 
559.000000 96 2.000000 0.564683 3.768029 -1.741265 0.604681 3.397642 3.397642 
559.000000 97 2.000000 0.376573 8.341340 3.765723 2.876324 22.453906 22.453906 
559.000000 98 2.000000 0.950537 7.106233 4.752680 -1.202955 24.035071 24.035071 
559.000000 99 2.000000 0.635846 11.835198 4.238969 -0.942191 18.856586 18.856586 
559.000000 100 2.000000 0.523400 11.736655 2.093595 -2.480483 10.535935 10.535935 
559.000000 101 2.000000 0.672092 3.409236 3.360455 2.841030 19.364106 19.364106 
559.000000 102 2.000000 0.842039 11.398008 4.210191 1.519899 20.035803 20.035803 
559.000000 103 2.000000 0.512067 15.092550 3.413774 1.449017 13.753506 13.753506 
559.000000 104 2.000000 0.986730 1.366852 1.644548 5.467405 32.597056 32.597056 
559.000000 105 2.000000 0.945737 19.585470 0.659592 -4.145293 17.618516 17.618516 
559.000000 106 2.000000 0.608741 14.887492 1.521850 3.871547 17.304900 17.304900 
559.000000 107 2.000000 0.517712 14.019522 -2.411435 2.023734 9.910519 9.910519 
559.000000 108 2.000000 0.538988 4.199755 5.389872 0.759835 29.628070 29.628070 
559.000000 109 2.000000 0.733566 18.364027 -5.328665 2.375611 34.038194 34.038194 
559.000000 110 2.000000 0.815333 10.302823 -1.138603 -3.212930 11.619339 11.619339 
559.000000 111 2.000000 0.435713 18.669180 2.178562 2.121055 9.245005 9.245005 
559.000000 112 2.000000 0.999999 4.613516 -7.897055 6.151353 100.202618 100.202618 
559.000000 113 2.000000 0.244253 0.137280 -2.159273 -0.480947 4.893770 4.893770 
559.000000 114 2.000000 0.804318 5.181871 0.459610 4.710791 22.402790 22.402790 
559.000000 115 2.000000 0.736497 10.196634 1.681092 0.755398 3.396697 3.396697 
559.000000 116 2.000000 0.008261 6.611539 -1.820161 -2.313035 8.663116 8.663116 
559.000000 117 2.000000 0.632749 7.975849 -0.565000 1.810271 3.596308 3.596308 
559.000000 118 2.000000 0.233788 2.251491 -3.064843 4.093619 26.150977 26.150977 
559.000000 119 2.000000 0.682039 3.342533 4.546918 1.866138 24.156929 24.156929 
559.000000 120 2.000000 0.880175 3.346237 0.595566 -0.786831 0.973802 0.973802 
559.000000 121 2.000000 0.528923 18.296176 3.526144 3.691649 26.061961 26.061961 
559.000000 122 2.000000 0.728864 17.814109 2.229069 2.782833 12.712910 12.712910 
559.000000 123 2.000000 0.852723 16.919166 -2.945526 -8.802379 86.158002 86.158002 
559.000000 124 2.000000 0.048516 1.290269 -0.741942 1.843240 3.948012 3.948012 
559.000000 125 2.000000 0.122289 2.222361 -1.950468 4.040654 20.131212 20.131212 
559.000000 126 2.000000 0.455130 13.461530 -1.089739 -0.009245 1.187616 1.187616 
559.000000 127 2.000000 0.356856 3.386949 2.528632 1.786521 9.585639 9.585639 
559.000000 128 2.000000 0.000001 14.543409 4.533403 1.387401 22.476627 22.476627 
559.000000 129 2.000000 0.638886 3.749141 6.388849 4.841044 64.253098 64.253098 
559.000000 130 2.000000 0.395709 4.926762 -6.042904 4.112974 53.433250 53.433250 
559.000000 131 2.000000 0.297591 19.999999 -2.809632 -4.067377 24.437584 24.437584 
559.000000 132 2.000000 0.435187 4.248232 4.351862 0.207868 18.981915 18.981915 
559.000000 133 2.000000 0.594104 2.025006 -0.029303 -2.715116 7.372716 7.372716 
559.000000 134 2.000000 0.380876 13.243217 0.015158 1.699448 2.888352 2.888352 
559.000000 135 2.000000 0.084543 1.560018 -2.201696 1.028204 5.904669 5.904669 
559.000000 136 2.000000 0.291720 9.157136 5.834377 4.259132 52.180163 52.180163 
559.000000 137 2.000000 0.999999 15.564661 -3.173787 2.993204 19.032193 19.032193 
559.000000 138 2.000000 0.696761 0.645460 6.967599 0.152382 48.570657 48.570657 
559.000000 139 2.000000 0.422444 9.536728 -1.925185 0.847309 4.424269 4.424269 
559.000000 140 2.000000 0.000001 3.081736 8.426021 3.625570 84.142583 84.142583 
559.000000 141 2.000000 0.424631 12.047903 -2.876840 -6.378033 48.955510 48.955510 
559.000000 142 2.000000 0.257842 12.399505 -2.120448 -4.493166 24.684836 24.684836 
559.000000 143 2.000000 0.696546 6.166088 4.643632 0.843923 22.275528 22.275528 
559.000000 144 2.000000 0.114432 4.706228 -2.951891 3.808596 23.219062 23.219062 
559.000000 145 2.000000 0.084887 6.974916 0.565906 -3.850793 15.148854 15.148854 
559.000000 146 2.000000 0.999999 6.371590 -1.155334 3.884165 16.421532 16.421532 
559.000000 147 2.000000 0.126897 9.770123 2.537916 5.157087 33.036567 33.036567 
559.000000 148 2.000000 0.999999 6.171321 -5.928149 2.468528 41.236578 41.236578 
559.000000 149 2.000000 0.684819 3.454590 2.754528 2.079048 11.909867 11.909867 
559.000000 150 2.000000 0.989326 2.211682 1.798773 3.159545 13.218308 13.218308 
559.000000 151 2.000000 0.997704 11.378094 0.506277 2.290664 5.503458 5.503458 
559.000000 152 2.000000 0.850735 15.606957 1.701469 -2.626709 9.794596 9.794596 
559.000000 153 2.000000 0.917832 16.229498 -0.821667 -2.456715 6.710587 6.710587 
559.000000 154 2.000000 0.775780 17.464350 -1.720518 -0.090691 2.968406 2.968406 
559.000000 155 2.000000 0.389223 18.913342 3.892222 0.086083 15.156805 15.156805 
559.000000 156 2.000000 0.999999 7.516646 -6.496861 -0.265621 42.279753 42.279753 
559.000000 157 2.000000 0.786008 9.140291 3.144027 0.192634 9.922014 9.922014 
559.000000 158 2.000000 0.475252 0.000001 1.901005 4.705802 25.758396 25.758396 
559.000000 159 2.000000 0.293355 1.996730 -1.212153 -4.506856 21.781067 21.781067 
559.000000 160 2.000000 0.138140 12.539236 0.690695 3.058350 9.830565 9.830565 
559.000000 161 2.000000 0.080098 9.342625 -2.299753 1.134538 6.576044 6.576044 
559.000000 162 2.000000 0.747168 13.894637 3.735835 -1.431522 16.005721 16.005721 
559.000000 163 2.000000 0.446835 12.819740 -5.531640 2.334102 36.047069 36.047069 
559.000000 164 2.000000 0.411172 7.728508 -1.446112 0.058681 2.094683 2.094683 
559.000000 165 2.000000 0.632507 7.303610 -2.449944 2.809080 13.893157 13.893157 
559.000000 166 2.000000 0.267511 12.010959 5.350200 0.439156 28.817501 28.817501 
559.000000 167 2.000000 0.581782 6.984171 5.817807 0.348976 33.968665 33.968665 
559.000000 168 2.000000 0.646758 3.892846 -2.354938 2.359300 11.112030 11.112030 
559.000000 169 2.000000 0.705758 15.107337 2.823030 -6.115827 45.372843 45.372843 
559.000000 170 2.000000 0.798789 0.094001 -4.024205 0.469999 16.415125 16.415125 
559.000000 171 2.000000 0.272564 2.596951 -0.076482 -9.468471 89.657800 89.657800 
559.000000 172 2.000000 0.789499 10.883190 -4.210001 -1.788793 20.923886 20.923886 
559.000000 173 2.000000 0.733529 11.653040 -0.333088 -1.941153 3.879023 3.879023 
559.000000 174 2.000000 0.281347 3.399692 2.813458 -5.539007 38.596150 38.596150 
559.000000 175 2.000000 0.626849 16.864194 2.089494 -5.226342 31.680633 31.680633 
559.000000 176 2.000000 0.999999 6.863183 -3.760919 8.837612 92.247891 92.247891 
559.000000 177 2.000000 0.469008 5.647990 4.690074 0.126962 22.012912 22.012912 
559.000000 178 2.000000 0.999999 16.331239 -3.488526 1.608327 14.756529 14.756529 
559.000000 179 2.000000 0.865559 10.488955 2.598766 2.723438 14.170697 14.170697 
559.000000 180 2.000000 0.415369 6.013536 2.076839 4.021727 20.487551 20.487551 
559.000000 181 2.000000 0.406673 9.007535 -1.977752 -1.929445 7.634262 7.634262 
559.000000 182 2.000000 0.440463 15.042746 -2.238145 4.986930 29.878766 29.878766 
559.000000 183 2.000000 0.026734 15.900380 -3.244218 -1.344138 12.331655 12.331655 
559.000000 184 2.000000 0.214611 14.106867 -3.926940 -1.257917 17.003209 17.003209 
559.000000 185 2.000000 0.999999 11.745888 -1.058678 -3.439213 12.948984 12.948984 
559.000000 186 2.000000 0.944121 17.317035 1.619725 -4.297685 21.093602 21.093602 
559.000000 187 2.000000 0.069252 17.937780 -4.653733 4.004412 37.692552 37.692552 
559.000000 188 2.000000 0.022620 19.920787 -2.792511 0.747763 8.357269 8.357269 
559.000000 189 2.000000 0.132213 2.140099 1.322120 -1.370101 3.625178 3.625178 
559.000000 190 2.000000 0.544397 2.866184 -2.443910 1.321224 7.718331 7.718331 
559.000000 191 2.000000 0.177337 8.482211 1.452874 -2.141512 6.696916 6.696916 
559.000000 192 2.000000 0.999999 16.019045 -3.808676 3.558226 27.166983 27.166983 
559.000000 193 2.000000 0.333442 3.731848 -1.904450 -2.728595 11.072161 11.072161 
559.000000 194 2.000000 0.666919 13.245996 -3.330795 1.897452 14.694522 14.694522 
559.000000 195 2.000000 0.573124 4.724208 5.731234 -2.342186 38.332873 38.332873 
559.000000 196 2.000000 0.600971 11.904161 1.502425 -5.397226 31.387326 31.387326 
559.000000 197 2.000000 0.788956 17.450366 -3.140977 -3.592658 22.772932 22.772932 
559.000000 198 2.000000 0.956989 14.003649 5.538964 3.037193 39.904660 39.904660 
559.000000 199 2.000000 0.878060 8.338357 -0.076212 4.904915 24.064001 24.064001 
559.000000 200 2.000000 0.458025 15.915429 4.580239 -2.552898 27.495881 27.495881 
559.000000 201 2.000000 0.368283 8.030407 3.682815 -2.141602 18.149588 18.149588 
559.000000 202 2.000000 0.234311 14.914186 -5.104587 0.732720 26.593683 26.593683 
559.000000 203 2.000000 0.072288 2.298871 1.445741 -3.753824 16.181359 16.181359 
559.000000 204 2.000000 0.171916 17.137295 3.438310 -2.272219 16.984954 16.984954 
559.000000 205 2.000000 0.700363 8.417859 1.750905 4.498894 23.305718 23.305718 
559.000000 206 2.000000 0.207098 0.224614 4.141946 2.246126 22.200798 22.200798 
559.000000 207 2.000000 0.588346 10.616113 -4.116526 -7.493962 73.105249 73.105249 
559.000000 208 2.000000 0.424106 13.598657 4.241045 -0.046473 17.988626 17.988626 
559.000000 209 2.000000 0.032431 18.137615 -2.418921 1.734532 8.859780 8.859780 
559.000000 210 2.000000 0.368555 16.265375 -4.209626 6.115853 55.124610 55.124610 
559.000000 211 2.000000 0.327157 4.367575 2.181043 8.750318 81.325017 81.325017 
559.000000 212 2.000000 0.199015 0.436882 -1.232283 1.747523 4.572358 4.572358 
559.000000 213 2.000000 0.797868 0.263987 -1.347537 -2.466641 7.900175 7.900175 
559.000000 214 2.000000 0.886073 2.059952 0.046243 -1.824216 3.329904 3.329904 
559.000000 215 2.000000 0.702153 13.003506 0.659967 4.213769 18.191404 18.191404 
559.000000 216 2.000000 0.000001 7.715706 4.630388 2.401845 27.209358 27.209358 
559.000000 217 2.000000 0.047326 2.629494 -6.351150 13.147466 213.192984 213.192984 
559.000000 218 2.000000 0.919233 19.466421 -1.615329 0.743060 3.161426 3.161426 
559.000000 219 2.000000 0.229015 18.850971 4.580286 -0.197290 21.017945 21.017945 
559.000000 220 2.000000 0.603440 4.001636 6.034387 -2.370173 42.031551 42.031551 
559.000000 221 2.000000 0.321917 10.573447 -1.937377 4.172591 21.163943 21.163943 
559.000000 222 2.000000 0.541628 12.841786 -3.055810 0.115183 9.351241 9.351241 
559.000000 223 2.000000 0.118456 19.088797 -5.876954 1.404513 36.511246 36.511246 
559.000000 224 2.000000 0.859461 7.059349 -2.810755 -1.470975 10.064110 10.064110 
559.000000 225 2.000000 0.000001 13.377965 5.441526 -1.306647 31.317526 31.317526 
559.000000 226 2.000000 0.999999 12.481539 -3.393107 -1.909435 15.159119 15.159119 
559.000000 227 2.000000 0.742622 14.854524 -5.147537 1.270419 28.111106 28.111106 
559.000000 228 2.000000 0.310633 17.170468 2.070883 4.040110 20.611043 20.611043 
559.000000 229 2.000000 0.874492 1.612328 5.829939 -0.869167 34.743640 34.743640 
559.000000 230 2.000000 0.785189 10.229384 7.851876 4.411867 81.116527 81.116527 
559.000000 231 2.000000 0.361324 4.009684 7.226466 1.856846 55.669688 55.669688 
559.000000 232 2.000000 0.915116 16.938916 -1.697652 -3.047460 12.169038 12.169038 
559.000000 233 2.000000 0.000001 6.281019 8.544366 -2.114016 77.475259 77.475259 
559.000000 234 2.000000 0.000001 17.072598 4.490102 -3.659251 33.551135 33.551135 
559.000000 235 2.000000 0.999999 2.800935 -3.590635 0.648213 13.312837 13.312837 
559.000000 236 2.000000 0.910212 13.666470 -0.598579 -1.209886 1.822121 1.822121 
559.000000 237 2.000000 0.000001 14.981093 7.569707 -1.171525 58.672937 58.672937 
559.000000 238 2.000000 0.820083 0.115591 4.100408 2.311794 22.157736 22.157736 
559.000000 239 2.000000 0.367176 5.016277 1.835874 0.415035 3.542688 3.542688 
559.000000 240 2.000000 0.597730 14.688361 -4.022691 0.042529 16.183851 16.183851 
559.000000 241 2.000000 0.565197 19.106708 -4.348019 2.750313 26.469489 26.469489 
559.000000 242 2.000000 0.999999 2.463404 -4.572597 2.737115 28.400441 28.400441 
559.000000 243 2.000000 0.902604 19.974522 -1.947896 1.146663 5.109136 5.109136 
559.000000 244 2.000000 0.519462 15.437397 -0.404913 -4.938815 24.555850 24.555850 
559.000000 245 2.000000 0.743569 19.558673 -1.025719 1.597479 3.604038 3.604038 
559.000000 246 2.000000 0.360545 16.456683 -2.557818 0.883436 7.322890 7.322890 
559.000000 247 2.000000 0.393186 13.806547 0.341900 0.048293 0.119228 0.119228 
559.000000 248 2.000000 0.269974 12.763431 5.399451 -0.510235 29.414409 29.414409 
559.000000 249 2.000000 0.679494 3.204438 -3.205051 5.489713 40.409298 40.409298 
559.000000 250 2.000000 0.333787 0.553777 1.668928 -3.308033 13.728402 13.728402 
559.000000 251 2.000000 0.680271 17.612462 -3.197283 1.264823 11.822397 11.822397 
559.000000 252 2.000000 0.077747 1.556579 0.925961 -3.819945 15.449385 15.449385 
559.000000 253 2.000000 0.507520 12.954868 -0.274553 1.985906 4.019203 4.019203 
559.000000 254 2.000000 0.347701 5.432114 6.954006 -7.325281 102.017952 102.017952 
559.000000 255 2.000000 0.332898 9.954487 6.657932 -4.900250 68.340513 68.340513 
559.000000 256 2.000000 0.985341 5.677859 1.368317 -0.452787 2.077309 2.077309 
559.000000 257 2.000000 0.604247 11.280515 2.014152 5.484444 34.135940 34.135940 
559.000000 258 2.000000 0.108241 2.963888 2.164801 1.380882 6.593200 6.593200 
559.000000 259 2.000000 0.999999 19.189358 -5.066030 6.156787 63.570679 63.570679 
559.000000 260 2.000000 0.439185 11.618305 -2.804070 9.288166 94.132832 94.132832 
559.000000 261 2.000000 0.050973 5.931468 1.019443 -2.718661 8.430381 8.430381 
559.000000 262 2.000000 0.294006 2.896367 1.960031 1.448183 5.938955 5.938955 
559.000000 263 2.000000 0.280400 10.709232 -1.798998 -3.530982 15.704225 15.704225 
559.000000 264 2.000000 0.954525 13.994257 -0.482349 -2.354123 5.774553 5.774553 
559.000000 265 2.000000 0.483745 0.253407 -1.032509 -4.817536 24.274732 24.274732 
559.000000 266 2.000000 0.999999 8.726093 -8.908237 4.784670 102.249748 102.249748 
559.000000 267 2.000000 0.299250 17.329180 -7.007494 3.067695 58.515720 58.515720 
559.000000 268 2.000000 0.623216 13.230990 -2.189330 -3.624999 17.933785 17.933785 
559.000000 269 2.000000 0.000001 5.396841 2.893665 -3.951140 23.984808 23.984808 
559.000000 270 2.000000 0.136852 7.684569 -0.595274 3.522255 12.760632 12.760632 
559.000000 271 2.000000 0.274899 9.953661 -4.833997 3.038393 32.599363 32.599363 
559.000000 272 2.000000 0.510436 0.357482 0.565487 -0.535972 0.607042 0.607042 
559.000000 273 2.000000 0.955097 15.472234 0.795913 -0.560134 0.947227 0.947227 
559.000000 274 2.000000 0.117334 9.038337 -0.929121 -0.336277 0.976349 0.976349 
559.000000 275 2.000000 0.375950 19.566467 0.939872 -2.890216 9.236710 9.236710 
559.000000 276 2.000000 0.864235 11.460907 0.540146 -1.239956 1.829248 1.829248 
559.000000 277 2.000000 0.350903 13.240290 -4.327307 3.233925 29.183854 29.183854 
559.000000 278 2.000000 0.561325 0.618064 -4.386741 1.236126 20.771503 20.771503 
559.000000 279 2.000000 0.999999 19.749630 -2.683631 1.441816 9.280710 9.280710 
559.000000 280 2.000000 0.498761 9.641171 -3.341584 -0.296116 11.253868 11.253868 
559.000000 281 2.000000 0.010785 1.767458 -3.297378 -2.482333 17.034683 17.034683 
559.000000 282 2.000000 0.724543 12.445734 -5.509116 -3.982563 46.211167 46.211167 
559.000000 283 2.000000 0.108802 8.006253 2.176015 -1.882085 8.277288 8.277288 
559.000000 284 2.000000 0.567075 8.686301 0.202526 2.118610 4.529524 4.529524 
559.000000 285 2.000000 0.000001 1.551818 5.650775 -3.661885 45.340656 45.340656 
559.000000 286 2.000000 0.999999 8.239811 -3.749731 1.878322 17.588579 17.588579 
559.000000 287 2.000000 0.132525 2.713326 -2.478498 -2.944174 14.811116 14.811116 
559.000000 288 2.000000 0.877458 19.999999 2.924856 -5.010769 33.662583 33.662583 
559.000000 289 2.000000 0.074862 8.988290 0.374306 0.195528 0.178336 0.178336 
559.000000 290 2.000000 0.279983 14.535575 5.599632 -3.311772 42.323715 42.323715 
559.000000 291 2.000000 0.773632 9.874701 -4.527338 -7.232356 72.803761 72.803761 
559.000000 292 2.000000 0.171376 4.603570 3.427498 -0.400868 11.908437 11.908437 
559.000000 293 2.000000 0.474017 14.033240 2.370082 -1.086033 6.796754 6.796754 
559.000000 294 2.000000 0.234132 3.190578 4.682622 -5.805574 55.631640 55.631640 
559.000000 295 2.000000 0.269345 4.174906 -0.977408 -0.352179 1.079357 1.079357 
559.000000 296 2.000000 0.053459 5.275091 -3.155132 0.934099 10.827398 10.827398 
559.000000 297 2.000000 0.395611 18.121858 3.956100 0.025713 15.651387 15.651387 
559.000000 298 2.000000 0.345180 16.286990 -3.274097 -2.652149 17.753606 17.753606 
559.000000 299 2.000000 0.676921 17.333070 3.703718 -0.164380 13.744547 13.744547 
559.000000 300 2.000000 0.716539 8.108430 -5.669199 3.447191 44.022947 44.022947 
559.000000 301 2.000000 0.434849 6.479646 4.348478 -4.660973 40.633931 40.633931 
559.000000 302 2.000000 0.097726 13.607619 0.977254 1.252776 2.524472 2.524472 
559.000000 303 2.000000 0.606317 4.766496 -3.936819 -0.205252 15.540670 15.540670 
559.000000 304 2.000000 0.399749 6.858585 -4.001666 -2.685923 23.227514 23.227514 
559.000000 305 2.000000 0.803410 2.766533 -1.965894 -0.062541 3.868649 3.868649 
559.000000 306 2.000000 0.701711 2.563204 1.319799 1.117745 2.991224 2.991224 
559.000000 307 2.000000 0.291811 14.348170 1.167239 -2.515486 7.690114 7.690114 
559.000000 308 2.000000 0.838577 4.165458 1.290117 -0.779929 2.272692 2.272692 
559.000000 309 2.000000 0.672313 4.473057 4.482079 -4.077145 36.712145 36.712145 
559.000000 310 2.000000 0.866027 13.850220 -0.893147 4.182418 18.290334 18.290334 
559.000000 311 2.000000 0.824962 4.476172 -3.500736 -2.629828 19.171146 19.171146 
559.000000 312 2.000000 0.906015 4.980767 0.143732 1.618641 2.640659 2.640659 
559.000000 313 2.000000 0.476639 7.554459 3.177583 1.654977 12.835985 12.835985 
559.000000 314 2.000000 0.588963 17.687722 0.996089 1.561503 3.430486 3.430486 
559.000000 315 2.000000 0.000001 7.636331 5.216596 -4.947147 51.687137 51.687137 
559.000000 316 2.000000 0.471045 14.134547 -0.671982 1.300721 2.143434 2.143434 
559.000000 317 2.000000 0.652532 4.397628 4.350206 1.766283 22.044045 22.044045 
559.000000 318 2.000000 0.235399 15.176004 2.353982 -0.589942 5.889261 5.889261 
559.000000 319 2.000000 0.710805 12.997759 -2.771737 -1.213663 9.155505 9.155505 
559.000000 320 2.000000 0.816732 19.699863 1.484966 3.489250 14.379991 14.379991 
559.000000 321 2.000000 0.333982 16.164483 -0.416260 -2.557010 6.711575 6.711575 
559.000000 322 2.000000 0.999999 7.372468 -7.967847 5.480684 93.524486 93.524486 
559.000000 323 2.000000 0.209101 2.745294 4.181999 -0.677422 17.948017 17.948017 
559.000000 324 2.000000 0.551410 13.681211 -2.242947 1.163939 6.385563 6.385563 
559.000000 325 2.000000 0.433667 1.284950 -1.887774 -1.241523 5.105072 5.105072 
559.000000 326 2.000000 0.618634 15.742608 -1.525461 -3.445269 14.196908 14.196908 
559.000000 327 2.000000 0.815989 8.214633 -0.920051 -2.034638 4.986246 4.986246 
559.000000 328 2.000000 0.455506 14.151817 0.864317 -3.295733 11.608897 11.608897 
559.000000 329 2.000000 0.053084 11.669178 -4.734573 3.241438 32.923103 32.923103 
559.000000 330 2.000000 0.000001 2.296419 1.381260 -3.777769 16.179415 16.179415 
559.000000 331 2.000000 0.168915 14.933863 -1.187263 -2.717411 8.793918 8.793918 
559.000000 332 2.000000 0.044125 4.974353 -2.383892 -6.856701 52.697292 52.697292 
559.000000 333 2.000000 0.102315 17.255372 2.046271 -6.099171 41.387109 41.387109 
559.000000 334 2.000000 0.000001 4.834316 6.321647 -2.242331 44.991273 44.991273 
559.000000 335 2.000000 0.567247 19.689355 1.418115 2.986013 10.927323 10.927323 
559.000000 336 2.000000 0.337246 9.664605 -2.209177 -8.273141 73.325321 73.325321 
559.000000 337 2.000000 0.915971 9.040975 -0.840284 0.155376 0.730219 0.730219 
559.000000 338 2.000000 0.874128 6.609439 1.942504 -0.449553 3.975421 3.975421 
559.000000 339 2.000000 0.927314 0.351041 -1.453708 -3.410761 13.746561 13.746561 
559.000000 340 2.000000 0.322649 14.097463 -0.796882 2.691286 7.878044 7.878044 
559.000000 341 2.000000 0.000001 8.448823 3.478681 2.166196 16.793628 16.793628 
559.000000 342 2.000000 0.536056 13.004626 -3.092955 -0.526251 9.843312 9.843312 
559.000000 343 2.000000 0.623926 16.709873 0.831900 1.572083 3.163502 3.163502 
559.000000 344 2.000000 0.639776 3.215850 -2.401489 3.573165 18.534658 18.534658 
559.000000 345 2.000000 0.116518 9.470269 -8.834815 -4.044027 94.408108 94.408108 
559.000000 346 2.000000 0.393179 6.246864 -3.034101 5.205719 36.305285 36.305285 
559.000000 347 2.000000 0.999999 18.368120 -2.645772 3.816210 21.563568 21.563568 
559.000000 348 2.000000 0.558213 4.668046 0.324153 0.645032 0.521142 0.521142 
559.000000 349 2.000000 0.282962 10.675392 5.659211 3.903542 47.264306 47.264306 
559.000000 350 2.000000 0.086590 9.806800 -3.044698 -8.154559 75.767018 75.767018 
559.000000 351 2.000000 0.942109 5.469804 2.125225 3.985686 20.402274 20.402274 
559.000000 352 2.000000 0.023215 12.097171 0.464290 3.556049 12.861053 12.861053 
559.000000 353 2.000000 0.407283 2.315943 4.072816 0.291004 16.672517 16.672517 
559.000000 354 2.000000 0.845132 10.483315 -0.516225 -5.609608 31.734195 31.734195 
559.000000 355 2.000000 0.585655 12.453724 -4.143444 0.803935 17.814440 17.814440 
559.000000 356 2.000000 0.550215 9.620556 5.502142 3.753421 44.361740 44.361740 
559.000000 357 2.000000 0.862250 2.051088 1.916110 0.079205 3.677750 3.677750 
559.000000 358 2.000000 0.244252 6.984642 -3.022989 7.352254 63.194102 63.194102 
559.000000 359 2.000000 0.388814 5.480795 3.888126 -3.853638 29.968053 29.968053 
559.000000 360 2.000000 0.999999 18.809685 -5.915655 0.790898 35.620497 35.620497 
559.000000 361 2.000000 0.498459 19.125920 -3.343603 -1.942397 14.952589 14.952589 
559.000000 362 2.000000 0.320369 1.198055 -3.398149 -0.007808 11.547481 11.547481 
559.000000 363 2.000000 0.324570 4.924890 -6.754292 0.060471 45.624119 45.624119 
559.000000 364 2.000000 0.505060 12.592799 5.050593 -1.196517 26.940140 26.940140 
559.000000 365 2.000000 0.447505 0.640576 4.475035 6.405752 61.059605 61.059605 
559.000000 366 2.000000 0.384885 19.412074 3.848838 -1.068954 15.956218 15.956218 
559.000000 367 2.000000 0.880320 14.279473 -2.393588 -0.336587 5.842556 5.842556 
559.000000 368 2.000000 0.252530 10.811912 -0.747469 -0.166255 0.586350 0.586350 
559.000000 369 2.000000 0.336478 13.788464 0.961362 0.529944 1.205058 1.205058 
559.000000 370 2.000000 0.022047 4.837567 -1.778094 5.327558 31.544486 31.544486 
559.000000 371 2.000000 0.616991 0.756322 6.169900 -2.616784 44.915226 44.915226 
559.000000 372 2.000000 0.314781 16.319837 3.147798 2.289921 15.152374 15.152374 
559.000000 373 2.000000 0.928876 14.511215 1.688864 7.388397 57.440677 57.440677 
559.000000 374 2.000000 0.293141 13.753387 1.954264 -5.949155 39.211587 39.211587 
559.000000 375 2.000000 0.987709 18.099645 1.049937 -1.598365 3.657139 3.657139 
559.000000 376 2.000000 0.999999 3.693533 -5.270843 3.712032 41.560960 41.560960 
559.000000 377 2.000000 0.571467 19.211345 3.809774 0.984179 15.482985 15.482985 
559.000000 378 2.000000 0.800314 12.159855 1.778473 2.085876 7.513845 7.513845 
559.000000 379 2.000000 0.000001 19.994977 1.981199 0.671425 4.375960 4.375960 
559.000000 380 2.000000 0.458999 7.313312 -0.366950 5.309952 28.330238 28.330238 
559.000000 381 2.000000 0.999999 11.412243 -5.026722 6.767501 71.067009 71.067009 
559.000000 382 2.000000 0.767885 15.506963 -2.321144 4.835070 28.765614 28.765614 
559.000000 383 2.000000 0.944758 7.158390 1.717740 -1.274129 4.574036 4.574036 
559.000000 384 2.000000 0.774042 18.395082 -0.322796 3.755208 14.205781 14.205781 
559.000000 385 2.000000 0.860789 12.883995 -1.392103 -5.223637 29.224338 29.224338 
559.000000 386 2.000000 0.000001 0.188471 4.394223 -5.637311 51.088476 51.088476 
559.000000 387 2.000000 0.838183 3.948541 -2.310508 0.541679 5.631864 5.631864 
559.000000 388 2.000000 0.709718 5.476724 2.365722 2.489420 11.793850 11.793850 
559.000000 389 2.000000 0.224478 7.251273 0.370189 4.165456 17.488062 17.488062 
559.000000 390 2.000000 0.506036 7.670830 -0.399544 0.780765 0.769230 0.769230 
559.000000 391 2.000000 0.401265 19.385867 -1.710668 -1.228264 4.435017 4.435017 
559.000000 392 2.000000 0.061169 13.335120 -0.223200 -3.874473 15.061362 15.061362 
559.000000 393 2.000000 0.175981 15.734760 -1.831151 -1.943406 7.129942 7.129942 
559.000000 394 2.000000 0.895074 1.269808 5.967154 5.079228 61.405485 61.405485 
559.000000 395 2.000000 0.048831 3.378051 -3.804671 5.197001 41.484339 41.484339 
559.000000 396 2.000000 0.536792 16.524999 -3.088049 1.692666 12.401167 12.401167 
559.000000 397 2.000000 0.497887 8.503848 -2.008448 2.282855 9.245289 9.245289 
559.000000 398 2.000000 0.723132 11.759028 -2.768671 -7.491792 63.792487 63.792487 
559.000000 399 2.000000 0.861536 3.050910 4.307677 1.694950 21.428939 21.428939 
559.000000 400 2.000000 0.000001 5.566152 1.896448 -4.811282 26.744953 26.744953 
559.000000 401 2.000000 0.215213 9.310637 4.304241 -0.066667 18.530933 18.530933 
559.000000 402 2.000000 0.096946 7.387442 -1.505089 2.513279 8.581863 8.581863 
559.000000 403 2.000000 0.881021 8.227862 -1.189783 -6.381010 42.132876 42.132876 
559.000000 404 2.000000 0.229866 7.208100 2.298647 -0.857661 6.019360 6.019360 
559.000000 405 2.000000 0.757079 4.943420 -4.858409 -2.830019 31.613147 31.613147 
559.000000 406 2.000000 0.000001 16.501800 8.274768 5.593604 99.760202 99.760202 
559.000000 407 2.000000 0.889997 0.868161 3.559983 -4.905151 36.733982 36.733982 
559.000000 408 2.000000 0.000001 1.262853 6.168613 6.314260 77.921665 77.921665 
559.000000 409 2.000000 0.575680 18.738583 -2.828791 -6.307079 47.781309 47.781309 
559.000000 410 2.000000 0.491276 5.924842 3.275164 0.830776 11.416887 11.416887 
559.000000 411 2.000000 0.983379 4.633932 4.916890 2.934844 32.789115 32.789115 
559.000000 412 2.000000 0.408332 2.467934 1.166659 2.597824 8.109782 8.109782 
559.000000 413 2.000000 0.990346 6.562634 -0.193064 0.324374 0.142492 0.142492 
559.000000 414 2.000000 0.844414 5.340342 3.377654 6.659600 55.758812 55.758812 
559.000000 415 2.000000 0.686331 9.453646 2.745320 -4.794584 30.524817 30.524817 
559.000000 416 2.000000 0.485280 15.642892 -0.532608 4.143665 17.453630 17.453630 
559.000000 417 2.000000 0.722603 2.966427 -1.386978 2.825168 9.905281 9.905281 
559.000000 418 2.000000 0.836888 15.198420 4.184437 -0.470645 17.731020 17.731020 
559.000000 419 2.000000 0.548124 18.312585 -2.259374 1.629695 7.760673 7.760673 
559.000000 420 2.000000 0.056589 17.419222 -2.281138 1.399895 7.163297 7.163297 
559.000000 421 2.000000 0.000001 16.438696 3.745216 0.717647 14.541663 14.541663 
559.000000 422 2.000000 0.894182 9.818082 4.470906 0.258093 20.055617 20.055617 
559.000000 423 2.000000 0.999999 8.931631 -3.044702 -0.423286 9.449378 9.449378 
559.000000 424 2.000000 0.497601 15.656836 -5.619374 -0.661372 32.014783 32.014783 
559.000000 425 2.000000 0.999999 16.330365 -2.483755 -0.057084 6.172296 6.172296 
559.000000 426 2.000000 0.216486 15.511490 4.329690 5.754150 51.856457 51.856457 
559.000000 427 2.000000 0.319229 14.067721 -1.276731 -3.135015 11.458361 11.458361 
559.000000 428 2.000000 0.793329 12.102286 -4.133393 -2.484707 23.258707 23.258707 
559.000000 429 2.000000 0.999999 4.015161 -8.355940 -0.904038 70.639022 70.639022 
559.000000 430 2.000000 0.203095 14.443214 -1.037249 -1.290749 2.741920 2.741920 
559.000000 431 2.000000 0.211997 2.910514 4.239930 -2.150215 22.600431 22.600431 
559.000000 432 2.000000 0.124407 5.916820 -1.478109 3.490789 14.370411 14.370411 
559.000000 433 2.000000 0.107295 12.459530 2.145884 1.418953 6.618249 6.618249 
559.000000 434 2.000000 0.000001 9.937678 3.682675 -0.886714 14.348357 14.348357 
559.000000 435 2.000000 0.506535 11.785649 5.065337 -3.693433 39.299092 39.299092 
559.000000 436 2.000000 0.328045 7.399063 -6.719540 -0.093229 45.160908 45.160908 
559.000000 437 2.000000 0.309836 3.375870 2.065566 0.224593 4.317003 4.317003 
559.000000 438 2.000000 0.157944 17.945620 1.579427 2.216880 7.409146 7.409146 
559.000000 439 2.000000 0.999999 8.195881 -6.001394 2.299586 41.304822 41.304822 
559.000000 440 2.000000 0.999999 1.933907 -4.334605 4.834766 42.163766 42.163766 
559.000000 441 2.000000 0.550950 19.779691 -1.122623 5.904385 36.122045 36.122045 
559.000000 442 2.000000 0.417482 13.230508 8.349629 0.495954 69.962275 69.962275 
559.000000 443 2.000000 0.312665 11.569228 0.223332 3.403231 11.631860 11.631860 
559.000000 444 2.000000 0.354034 17.721973 3.540327 -3.504655 24.816521 24.816521 
559.000000 445 2.000000 0.375828 4.679179 7.516535 -3.814776 71.050814 71.050814 
559.000000 446 2.000000 0.999999 12.151319 -7.308556 -1.815451 56.710856 56.710856 
559.000000 447 2.000000 0.185102 17.678784 3.702029 -2.730841 21.162511 21.162511 
559.000000 448 2.000000 0.398635 0.185307 -0.240580 -2.219835 4.985546 4.985546 
559.000000 449 2.000000 0.110505 16.532051 2.210074 -5.779914 38.291833 38.291833 
559.000000 450 2.000000 0.896133 2.578969 -2.077318 -3.102934 13.943450 13.943450 
559.000000 451 2.000000 0.999999 8.985793 -6.261261 1.258885 40.788175 40.788175 
559.000000 452 2.000000 0.204627 4.506082 0.454725 -4.000720 16.212534 16.212534 
559.000000 453 2.000000 0.370889 13.142167 -4.194065 3.925583 33.000384 33.000384 
559.000000 454 2.000000 0.525834 12.893525 5.258329 -3.028248 36.820304 36.820304 
559.000000 455 2.000000 0.008061 14.323724 -1.983876 0.934856 4.809719 4.809719 
559.000000 456 2.000000 0.767443 13.488789 0.496021 -3.387610 11.721939 11.721939 
559.000000 457 2.000000 0.186258 15.576923 -2.324974 -2.674480 12.558347 12.558347 
559.000000 458 2.000000 0.170432 16.826020 -0.601308 2.598113 7.111761 7.111761 
559.000000 459 2.000000 0.279688 14.616088 -1.431590 -1.253651 3.621091 3.621091 
559.000000 460 2.000000 0.348117 3.895273 -1.049734 -0.874269 1.866287 1.866287 
559.000000 461 2.000000 0.397647 2.937653 2.650971 -4.451523 26.843704 26.843704 
559.000000 462 2.000000 0.303884 17.600878 -0.272986 4.693567 22.104094 22.104094 
559.000000 463 2.000000 0.000001 11.774851 4.824124 2.659580 30.345541 30.345541 
559.000000 464 2.000000 0.538796 14.466246 2.693977 -3.064483 16.648565 16.648565 
559.000000 465 2.000000 0.294809 6.405372 -3.135804 -0.752646 10.399746 10.399746 
559.000000 466 2.000000 0.214373 2.799210 2.143722 -0.442558 4.791400 4.791400 
559.000000 467 2.000000 0.560301 17.647662 -8.793965 -3.360481 88.626650 88.626650 
559.000000 468 2.000000 0.102038 8.299319 0.680245 4.208081 18.170676 18.170676 
559.000000 469 2.000000 0.734540 11.244858 1.836348 -0.823482 4.050295 4.050295 
559.000000 470 2.000000 0.147459 18.849059 2.949164 2.578724 15.347386 15.347386 
559.000000 471 2.000000 0.999999 9.753950 -1.209762 -0.521040 1.735007 1.735007 
559.000000 472 2.000000 0.999999 16.215611 -4.881754 3.978247 39.657970 39.657970 
559.000000 473 2.000000 0.333150 4.654799 2.220992 7.161228 56.215985 56.215985 
559.000000 474 2.000000 0.000001 9.892387 1.483315 -0.655666 2.630122 2.630122 
559.000000 475 2.000000 0.181084 18.025437 3.621655 -6.581874 56.437446 56.437446 
559.000000 476 2.000000 0.999999 19.999999 -4.116721 -3.879341 31.996678 31.996678 
559.000000 477 2.000000 0.193343 2.324211 -2.688855 -8.157952 73.782120 73.782120 
559.000000 478 2.000000 0.403893 19.562460 1.346307 5.041080 27.225036 27.225036 
559.000000 479 2.000000 0.741831 0.632717 -1.721123 0.973410 3.909791 3.909791 
559.000000 480 2.000000 0.820147 19.782282 1.366909 2.240962 6.890351 6.890351 
559.000000 481 2.000000 0.245514 10.480059 -1.371790 0.674802 2.337166 2.337166 
559.000000 482 2.000000 0.417576 0.048741 -5.824233 -4.153958 51.177061 51.177061 
559.000000 483 2.000000 0.041555 6.424096 0.831083 -5.248991 28.242609 28.242609 
559.000000 484 2.000000 0.329205 12.523618 -6.707940 -3.322836 56.037701 56.037701 
559.000000 485 2.000000 0.665337 17.975411 1.941446 8.333992 73.224634 73.224634 
559.000000 486 2.000000 0.979564 13.568166 4.310292 -4.520612 39.014552 39.014552 
559.000000 487 2.000000 0.706131 1.002296 -5.877360 0.999230 35.541817 35.541817 
559.000000 488 2.000000 0.826321 3.934889 -1.044432 0.839975 1.796397 1.796397 
559.000000 489 2.000000 0.863642 12.944775 8.636412 3.564856 87.295817 87.295817 
559.000000 490 2.000000 0.906272 1.676478 6.041808 0.762035 37.084146 37.084146 
559.000000 491 2.000000 0.000001 3.352458 2.070805 1.299771 5.977639 5.977639 
559.000000 492 2.000000 0.938236 9.648554 3.752939 2.164784 18.770840 18.770840 
559.000000 493 2.000000 0.322332 13.977476 1.289325 -3.545904 14.235794 14.235794 
559.000000 494 2.000000 0.465352 19.656459 -2.673237 0.005459 7.146228 7.146228 
559.000000 495 2.000000 0.217115 8.384913 2.491624 -4.039679 22.527196 22.527196 
559.000000 496 2.000000 0.853415 5.400510 -2.931680 -5.632168 40.316068 40.316068 
559.000000 497 2.000000 0.523766 4.716349 -0.501298 -2.554403 6.776272 6.776272 
559.000000 498 2.000000 0.175816 8.690139 -8.241830 1.790505 71.133665 71.133665 
559.000000 499 2.000000 0.615745 14.628219 1.026240 3.771713 15.278990 15.278990 
559.000000 500 2.000000 0.310937 0.837332 1.554678 -4.157837 19.704630 19.704630 
