230.500000 1 2.000000 0.851247 5.957264 -0.728349 0.346870 0.650811 0.650811 
230.500000 2 2.000000 10.782038 4.381313 0.684785 0.178860 0.500921 0.500921 
230.500000 3 2.000000 11.197628 18.210153 1.435593 -0.761637 2.641018 2.641018 
230.500000 4 2.000000 9.612371 6.444966 0.173321 0.621308 0.416063 0.416063 
230.500000 5 2.000000 1.615868 1.633836 -0.489127 -0.995387 1.230040 1.230040 
230.500000 6 2.000000 8.237652 5.012241 0.815969 1.253060 2.235965 2.235965 
230.500000 7 2.000000 9.091567 19.289862 1.711949 -0.747512 3.489545 3.489545 
230.500000 8 2.000000 0.925155 17.397134 -0.092488 0.402711 0.170730 0.170730 
230.500000 9 2.000000 11.086285 10.304771 -0.811570 -0.627523 1.052431 1.052431 
230.500000 10 2.000000 6.930420 8.769171 -3.010813 -1.063566 10.196170 10.196170 
230.500000 11 2.000000 1.207430 3.137161 0.110761 0.245018 0.072302 0.072302 
230.500000 12 2.000000 11.076209 0.209452 1.679009 -0.190073 2.855200 2.855200 
230.500000 13 2.000000 10.389923 6.027309 -0.668427 0.536513 0.734640 0.734640 
230.500000 14 2.000000 3.932134 13.303133 -0.595929 1.007813 1.370818 1.370818 
230.500000 15 2.000000 5.020742 6.032601 0.974901 -0.304282 1.043020 1.043020 
230.500000 16 2.000000 4.995373 4.883716 0.163525 0.884992 0.809952 0.809952 
230.500000 17 2.000000 6.979431 4.491250 -0.343489 -1.491226 2.341739 2.341739 
230.500000 18 2.000000 10.929228 14.720383 0.210318 -0.621131 0.430038 0.430038 
230.500000 19 2.000000 9.266505 16.370995 -0.783092 0.807423 1.265166 1.265166 
230.500000 20 2.000000 7.434207 8.237688 -0.916042 -0.518702 1.108184 1.108184 
230.500000 21 2.000000 1.674879 17.485463 1.970445 0.126344 3.898617 3.898617 
230.500000 22 2.000000 8.231660 14.800375 -0.754509 0.171707 0.598767 0.598767 
230.500000 23 2.000000 5.873670 2.824507 -0.350389 -1.142801 1.428767 1.428767 
230.500000 24 2.000000 7.190725 14.848689 -0.991006 0.264605 1.052108 1.052108 
230.500000 25 2.000000 10.029086 0.566915 -0.659494 1.133828 1.720497 1.720497 
230.500000 26 2.000000 10.063817 1.425189 -0.909986 0.335338 0.940527 0.940527 
230.500000 27 2.000000 8.451595 7.469265 0.282190 0.553279 0.385749 0.385749 
230.500000 28 2.000000 0.817277 2.798762 -0.002246 -0.654855 0.428841 0.428841 
230.500000 29 2.000000 3.033442 0.497182 -0.423331 -0.176337 0.210304 0.210304 
230.500000 30 2.000000 0.876487 0.467356 0.417374 1.869421 3.668938 3.668938 
230.500000 31 2.000000 4.761911 18.322130 -1.205403 1.201451 2.896482 2.896482 
230.500000 32 2.000000 8.590190 19.064021 1.115609 -0.035678 1.245856 1.245856 
230.500000 33 2.000000 7.065687 10.192454 0.356333 -0.757339 0.700536 0.700536 
230.500000 34 2.000000 11.012937 19.794894 -0.608156 0.848838 1.090379 1.090379 
230.500000 35 2.000000 7.305764 0.610837 0.207015 -0.253075 0.106902 0.106902 
230.500000 36 2.000000 9.815869 10.882920 -0.808341 1.163949 2.008191 2.008191 
230.500000 37 2.000000 8.327353 4.301423 1.460939 0.049701 2.136813 2.136813 
230.500000 38 2.000000 10.613706 6.472597 1.219966 1.823266 4.812618 4.812618 
230.500000 39 2.000000 7.590180 11.870769 -0.228147 0.778411 0.657975 0.657975 
230.500000 40 2.000000 0.984900 8.710315 -0.075611 -0.436777 0.196491 0.196491 
230.500000 41 2.000000 1.654807 16.250928 1.272928 -0.149624 1.642732 1.642732 
230.500000 42 2.000000 0.497971 12.114922 1.106600 0.380947 1.369684 1.369684 
230.500000 43 2.000000 0.090324 9.770082 -0.330956 -1.377449 2.006898 2.006898 
230.500000 44 2.000000 10.947184 2.407288 -1.996766 -1.444291 6.073052 6.073052 
230.500000 45 2.000000 2.410548 19.777788 0.983897 0.002367 0.968059 0.968059 
230.500000 46 2.000000 5.252798 0.669486 -0.434570 0.892646 0.985668 0.985668 
230.500000 47 2.000000 8.515920 3.681028 1.468262 -1.554183 4.571277 4.571277 
230.500000 48 2.000000 4.180575 10.782018 -1.418803 -0.446172 2.212071 2.212071 
230.500000 49 2.000000 9.269943 5.683357 0.738641 -0.033660 0.546723 0.546723 
230.500000 50 2.000000 3.629593 3.245968 0.789042 0.102174 0.633026 0.633026 
230.500000 51 2.000000 5.016624 4.043954 0.296567 1.010988 1.110050 1.110050 
230.500000 52 2.000000 8.034420 5.777820 0.902744 0.439378 1.007999 1.007999 
230.500000 53 2.000000 11.011034 4.078832 0.581057 0.668661 0.784735 0.784735 
230.500000 54 2.000000 1.418204 0.242696 -0.647711 1.617965 3.037339 3.037339 
230.500000 55 2.000000 3.439028 17.572240 -2.064486 0.390185 4.414347 4.414347 
230.500000 56 2.000000 11.090532 10.214785 -1.041111 0.985292 2.054712 2.054712 
230.500000 57 2.000000 9.700021 18.378419 -0.226220 0.635000 0.454401 0.454401 
230.500000 58 2.000000 1.084150 15.538591 -0.165658 -1.458905 2.155846 2.155846 
230.500000 59 2.000000 4.594323 10.930650 1.670662 -1.162737 4.143070 4.143070 
230.500000 60 2.000000 8.658293 9.810000 0.543197 1.333679 2.073764 2.073764 
230.500000 61 2.000000 3.408184 16.964220 0.597927 -0.572788 0.685603 0.685603 
230.500000 62 2.000000 1.717831 11.501439 2.290440 0.531204 5.528292 5.528292 
230.500000 63 2.000000 4.786485 2.491798 -0.073096 -0.338919 0.120209 0.120209 
230.500000 64 2.000000 2.594371 5.689984 0.879447 -1.109303 2.003982 2.003982 
230.500000 65 2.000000 3.972860 9.956234 0.374087 0.281322 0.219083 0.219083 
230.500000 66 2.000000 1.642852 0.528425 0.365078 -0.748907 0.694143 0.694143 
230.500000 67 2.000000 9.066708 12.308440 1.054268 0.118521 1.125529 1.125529 
230.500000 68 2.000000 9.621979 13.635918 0.085612 0.148681 0.029435 0.029435 
230.500000 69 2.000000 1.539382 3.008568 -0.113489 -0.807194 0.664442 0.664442 
230.500000 70 2.000000 8.100037 19.499121 -1.608481 0.222206 2.636587 2.636587 
230.500000 71 2.000000 0.094680 14.036752 -0.135897 0.576740 0.351097 0.351097 
230.500000 72 2.000000 10.377321 0.317243 -1.765357 -0.803958 3.762834 3.762834 
230.500000 73 2.000000 0.649495 13.093582 -0.509196 1.118797 1.510988 1.510988 
230.500000 74 2.000000 8.408920 3.986509 0.329762 0.687329 0.581164 0.581164 
230.500000 75 2.000000 5.434020 5.088564 1.065494 -0.263096 1.204497 1.204497 
230.500000 76 2.000000 9.616926 14.693869 0.157518 0.670129 0.473884 0.473884 
230.500000 77 2.000000 9.746564 14.267263 0.365597 0.882281 0.912081 0.912081 
230.500000 78 2.000000 6.164445 10.308605 2.155803 1.388293 6.574842 6.574842 
230.500000 79 2.000000 8.241527 11.450536 1.091593 0.667670 1.637358 1.637358 
230.500000 80 2.000000 2.029982 11.418391 -0.510081 -0.212654 0.305405 0.305405 
230.500000 81 2.000000 7.206581 14.453636 -0.126714 -0.449678 0.218267 0.218267 
230.500000 82 2.000000 3.724148 19.050701 0.800892 -0.035529 0.642690 0.642690 
230.500000 83 2.000000 5.472425 9.807269 -1.024081 -0.403241 1.211346 1.211346 
230.500000 84 2.000000 1.782403 11.506476 0.445600 -0.522678 0.471752 0.471752 
230.500000 85 2.000000 5.768865 17.527895 0.013098 0.038825 0.001679 0.001679 
230.500000 86 2.000000 2.981400 16.864476 -0.617621 0.292003 0.466721 0.466721 
230.500000 87 2.000000 4.196180 6.656610 -0.167375 0.630958 0.426123 0.426123 
230.500000 88 2.000000 6.948097 1.843647 -0.304640 0.658445 0.526356 0.526356 
230.500000 89 2.000000 9.299718 17.347307 0.269430 0.371425 0.210549 0.210549 
230.500000 90 2.000000 0.886613 16.337201 -1.400419 -0.041332 1.962882 1.962882 
230.500000 91 2.000000 0.607782 15.239263 -1.010078 0.605702 1.387132 1.387132 
230.500000 92 2.000000 10.148115 3.891393 -0.365858 1.100106 1.344085 1.344085 
230.500000 93 2.000000 2.930903 3.620645 -1.508813 0.067844 2.281121 2.281121 
230.500000 94 2.000000 1.398858 6.546904 0.345397 0.062500 0.123205 0.123205 
230.500000 95 2.000000 1.921007 6.765419 -0.117696 -0.430909 0.199535 0.199535 
230.500000 96 2.000000 10.224209 1.327745 0.746752 0.390513 0.710140 0.710140 
230.500000 97 2.000000 9.869470 8.078584 0.675232 0.113787 0.468886 0.468886 
230.500000 98 2.000000 10.413821 17.652882 -0.451589 0.570844 0.529795 0.529795 
230.500000 99 2.000000 8.720131 16.420322 0.457750 0.629270 0.605515 0.605515 
230.500000 100 2.000000 5.219686 16.054820 1.430051 1.621699 4.674953 4.674953 
230.500000 101 2.000000 5.553804 19.149961 1.207348 -0.548412 1.758445 1.758445 
230.500000 102 2.000000 3.741663 5.763006 -0.975417 1.067223 2.090403 2.090403 
230.500000 103 2.000000 8.236375 12.339055 -0.753387 0.106830 0.579004 0.579004 
230.500000 104 2.000000 1.429052 10.733264 -0.756161 -0.780327 1.180690 1.180690 
230.500000 105 2.000000 8.764756 5.806830 -0.788377 0.656139 1.052056 1.052056 
230.500000 106 2.000000 3.469552 12.933106 -1.709279 -1.284890 4.572576 4.572576 
230.500000 107 2.000000 0.672406 5.543964 -2.013438 0.393060 4.208429 4.208429 
230.500000 108 2.000000 4.104860 7.116737 -0.902987 -0.548224 1.115934 1.115934 
230.500000 109 2.000000 1.589307 10.641158 0.739212 -0.603796 0.911004 0.911004 
230.500000 110 2.000000 0.768559 11.326251 -1.074875 0.668024 1.601613 1.601613 
230.500000 111 2.000000 7.791654 1.144584 0.016623 1.144583 1.310346 1.310346 
230.500000 112 2.000000 11.110538 12.307287 -0.327914 -0.251665 0.170863 0.170863 
230.500000 113 2.000000 7.166574 13.880308 -0.778805 -0.068403 0.611215 0.611215 
230.500000 114 2.000000 10.576207 1.600941 -0.271260 0.640376 0.483663 0.483663 
230.500000 115 2.000000 10.157519 15.350174 0.343202 -0.009654 0.117881 0.117881 
230.500000 116 2.000000 5.569540 4.248833 0.159234 -0.347701 0.146251 0.146251 
230.500000 117 2.000000 2.751861 15.398474 0.604804 0.082267 0.372556 0.372556 
230.500000 118 2.000000 5.748531 6.271720 -0.765479 -1.806353 3.848868 3.848868 
230.500000 119 2.000000 1.823177 12.709894 -0.478875 -0.497019 0.476349 0.476349 
230.500000 120 2.000000 2.923808 0.972870 0.382197 -0.701124 0.637649 0.637649 
230.500000 121 2.000000 10.408802 7.301857 0.342395 -1.302374 1.813411 1.813411 
230.500000 122 2.000000 10.934596 3.250001 0.575402 -0.688531 0.805162 0.805162 
230.500000 123 2.000000 9.614225 17.397827 0.061515 -0.813179 0.665044 0.665044 
230.500000 124 2.000000 9.602691 0.226157 -0.131886 1.130781 1.296059 1.296059 
230.500000 125 2.000000 10.038718 9.649831 0.024999 -0.725643 0.527183 0.527183 
230.500000 126 2.000000 2.607802 8.020162 0.242555 -1.805779 3.319671 3.319671 
230.500000 127 2.000000 2.589918 4.049477 0.864248 -1.559331 3.178439 3.178439 
230.500000 128 2.000000 1.917851 16.303281 -1.553959 0.285950 2.496556 2.496556 
230.500000 129 2.000000 9.785423 19.846865 -1.008384 0.029091 1.017685 1.017685 
230.500000 130 2.000000 4.049742 16.394995 0.890053 0.773349 1.390263 1.390263 
230.500000 131 2.000000 9.213847 15.515187 0.128714 -1.067812 1.156791 1.156791 
230.500000 132 2.000000 6.589663 2.097109 1.830462 -0.011147 3.350714 3.350714 
230.500000 133 2.000000 1.270391 1.528408 2.309799 0.178414 5.367005 5.367005 
230.500000 134 2.000000 5.390252 16.725833 0.890951 0.978119 1.750509 1.750509 
230.500000 135 2.000000 10.294541 8.353555 0.324787 0.423846 0.285133 0.285133 
230.500000 136 2.000000 2.629730 3.904770 1.051892 -0.436173 1.296723 1.296723 
230.500000 137 2.000000 9.130780 5.747124 2.402837 1.026272 6.826858 6.826858 
230.500000 138 2.000000 4.926489 9.761059 0.449908 -1.393053 2.143014 2.143014 
230.500000 139 2.000000 1.407910 4.328606 1.340866 1.006652 2.811270 2.811270 
230.500000 140 2.000000 8.381642 12.126561 0.168922 0.456744 0.237150 0.237150 
230.500000 141 2.000000 11.137830 4.447289 -1.069688 1.579305 3.638437 3.638437 
230.500000 142 2.000000 1.734447 0.979723 -0.032817 -0.181705 0.034094 0.034094 
230.500000 143 2.000000 5.657709 10.704963 -0.230196 1.097945 1.258473 1.258473 
230.500000 144 2.000000 2.796152 12.283825 -0.420807 -0.507643 0.434780 0.434780 
230.500000 145 2.000000 2.219205 13.102506 0.410964 -0.587021 0.513484 0.513484 
230.500000 146 2.000000 0.896317 10.951910 -2.530694 0.497368 6.651790 6.651790 
230.500000 147 2.000000 10.397751 15.651070 -1.724496 0.902079 3.787632 3.787632 
230.500000 148 2.000000 1.451061 2.117387 0.707834 1.764489 3.614449 3.614449 
230.500000 149 2.000000 7.790100 7.648676 0.307639 -0.514833 0.359695 0.359695 
230.500000 150 2.000000 10.145042 2.947074 0.288621 1.901337 3.698386 3.698386 
230.500000 151 2.000000 5.039967 11.878981 0.000280 -1.540928 2.374459 2.374459 
230.500000 152 2.000000 5.080453 1.028852 0.991936 1.083001 2.156828 2.156828 
230.500000 153 2.000000 6.330470 1.698722 -0.511660 0.087499 0.269452 0.269452 
230.500000 154 2.000000 4.785458 18.499544 0.203758 0.945748 0.935957 0.935957 
230.500000 155 2.000000 6.078712 15.818048 1.434427 0.397387 2.215497 2.215497 
230.500000 156 2.000000 7.238697 10.112045 -0.056561 0.960616 0.925982 0.925982 
230.500000 157 2.000000 9.885564 9.489617 0.154023 -0.460827 0.236084 0.236084 
230.500000 158 2.000000 2.932431 5.953516 -0.567208 1.092388 1.515037 1.515037 
230.500000 159 2.000000 6.279717 3.847788 -0.866616 -0.188050 0.786385 0.786385 
230.500000 160 2.000000 7.431950 13.069683 0.111996 -0.186261 0.047236 0.047236 
230.500000 161 2.000000 8.915458 12.891306 0.402504 0.103173 0.172654 0.172654 
230.500000 162 2.000000 2.827235 17.699658 -0.437640 0.541000 0.484210 0.484210 
230.500000 163 2.000000 7.677380 7.835517 1.341570 -1.386025 3.720876 3.720876 
230.500000 164 2.000000 1.146343 3.082685 0.133296 0.208289 0.061152 0.061152 
230.500000 165 2.000000 1.877065 13.007345 0.075201 -0.202106 0.046502 0.046502 
230.500000 166 2.000000 9.371017 3.315368 -0.511413 0.818609 0.931664 0.931664 
230.500000 167 2.000000 7.856019 8.295393 -0.583965 -2.601024 7.106338 7.106338 
230.500000 168 2.000000 4.994842 10.643721 -1.580261 -0.618644 2.879945 2.879945 
230.500000 169 2.000000 4.469134 9.585975 0.504987 1.474765 2.429944 2.429944 
230.500000 170 2.000000 10.324315 6.918751 0.879075 -1.517192 3.074644 3.074644 
230.500000 171 2.000000 5.111178 3.826182 -0.686658 -1.425006 2.502141 2.502141 
230.500000 172 2.000000 7.699502 0.167802 -1.238508 -1.138097 2.829166 2.829166 
230.500000 173 2.000000 1.956859 14.408197 -0.484951 1.109186 1.465472 1.465472 
230.500000 174 2.000000 7.163165 19.769052 -0.302794 -0.659848 0.527083 0.527083 
230.500000 175 2.000000 9.339857 0.273894 -1.124367 -1.225224 2.765374 2.765374 
230.500000 176 2.000000 1.556817 16.622651 -0.589805 -2.329206 5.773070 5.773070 
230.500000 177 2.000000 2.784062 7.411086 -0.923032 -1.248452 2.410620 2.410620 
230.500000 178 2.000000 5.408391 4.962154 -0.533836 -0.297671 0.373589 0.373589 
230.500000 179 2.000000 3.152727 0.443387 0.798159 0.591181 0.986552 0.986552 
230.500000 180 2.000000 6.242481 0.774050 0.463518 0.483780 0.448892 0.448892 
230.500000 181 2.000000 0.267402 1.101828 -0.941106 -1.002000 1.889685 1.889685 
230.500000 182 2.000000 9.835643 8.232693 -0.219336 0.962888 0.975262 0.975262 
230.500000 183 2.000000 9.276075 6.647248 2.036700 -1.077059 5.308203 5.308203 
230.500000 184 2.000000 9.924707 12.402199 -0.022209 1.450831 2.105405 2.105405 
230.500000 185 2.000000 0.519187 19.242188 -0.232649 0.504613 0.308760 0.308760 
230.500000 186 2.000000 2.488245 16.929942 -0.681585 -0.220867 0.513340 0.513340 
230.500000 187 2.000000 7.332816 17.718994 1.333239 0.446624 1.976999 1.976999 
230.500000 188 2.000000 8.661190 17.467029 0.158692 -0.177752 0.056779 0.056779 
230.500000 189 2.000000 3.365173 11.641163 -2.035134 0.679760 4.603843 4.603843 
230.500000 190 2.000000 10.596966 12.147730 0.014818 0.472674 0.223641 0.223641 
230.500000 191 2.000000 8.044663 2.482746 -0.145751 -1.447707 2.117098 2.117098 
230.500000 192 2.000000 6.729413 16.832241 -0.077858 -0.258572 0.072921 0.072921 
230.500000 193 2.000000 4.080451 11.490488 -0.033603 0.451085 0.204606 0.204606 
230.500000 194 2.000000 9.823947 5.368607 -0.923658 -0.634768 1.256073 1.256073 
230.500000 195 2.000000 2.523633 10.487014 0.836394 0.665245 1.142106 1.142106 
230.500000 196 2.000000 5.608372 13.160070 -0.323196 1.277677 1.736913 1.736913 
230.500000 197 2.000000 6.092102 17.789527 0.823257 -1.768378 3.804912 3.804912 
230.500000 198 2.000000 7.886785 13.629545 -1.235934 0.924037 2.381376 2.381376 
230.500000 199 2.000000 10.690206 10.536075 -0.042999 0.885384 0.785754 0.785754 
230.500000 200 2.000000 3.957347 13.304416 0.815948 1.182615 2.064348 2.064348 
230.500000 201 2.000000 10.805588 14.548940 -0.707863 0.027145 0.501808 0.501808 
230.500000 202 2.000000 8.502232 7.909889 0.783616 1.076175 1.772207 1.772207 
230.500000 203 2.000000 1.141462 0.288591 0.380487 0.320656 0.247591 0.247591 
230.500000 204 2.000000 7.562223 19.887989 1.080317 -2.240208 6.185619 6.185619 
230.500000 205 2.000000 3.982450 6.225522 1.188791 -0.446246 1.612359 1.612359 
230.500000 206 2.000000 4.406360 19.142643 0.722354 1.343343 2.326366 2.326366 
230.500000 207 2.000000 1.887103 15.414821 2.695859 0.378262 7.410740 7.410740 
230.500000 208 2.000000 9.113419 5.832798 0.741331 -0.521630 0.821669 0.821669 
230.500000 209 2.000000 8.407124 5.453723 -0.024809 0.164268 0.027600 0.027600 
230.500000 210 2.000000 3.650691 16.700269 1.295338 0.591039 2.027226 2.027226 
230.500000 211 2.000000 8.868011 9.205181 -1.224494 0.405066 1.663464 1.663464 
230.500000 212 2.000000 7.927994 4.815415 0.268291 -0.820788 0.745673 0.745673 
230.500000 213 2.000000 5.761497 17.071654 -0.861985 -0.658055 1.176055 1.176055 
230.500000 214 2.000000 6.334745 14.058778 -1.676057 0.600170 3.169373 3.169373 
230.500000 215 2.000000 6.916521 18.331610 -0.442157 0.552990 0.501300 0.501300 
230.500000 216 2.000000 0.387656 2.533401 -0.885113 1.535394 3.140858 3.140858 
230.500000 217 2.000000 8.663018 15.980530 -0.241793 -0.332187 0.168812 0.168812 
230.500000 218 2.000000 8.854073 11.877892 1.188466 0.628460 1.807413 1.807413 
230.500000 219 2.000000 7.475413 13.705688 -1.606994 -0.891197 3.376661 3.376661 
230.500000 220 2.000000 3.605259 5.536140 -1.177663 0.405578 1.551383 1.551383 
230.500000 221 2.000000 0.202848 5.698882 -0.385686 -0.738064 0.693492 0.693492 
230.500000 222 2.000000 9.308378 13.327601 -0.220440 0.250341 0.111265 0.111265 
230.500000 223 2.000000 10.093659 4.586596 -0.433635 -0.942716 1.076752 1.076752 
230.500000 224 2.000000 10.579194 17.124725 -0.865257 -0.155420 0.772825 0.772825 
230.500000 225 2.000000 5.604623 16.197126 0.170884 -1.552193 2.438504 2.438504 
230.500000 226 2.000000 5.519920 18.926836 3.345405 2.536863 17.627409 17.627409 
230.500000 227 2.000000 5.719588 17.443974 1.505154 0.967116 3.200804 3.200804 
230.500000 228 2.000000 8.683578 4.002572 1.719520 0.088668 2.964612 2.964612 
230.500000 229 2.000000 5.934390 19.263521 -0.394233 0.572263 0.482904 0.482904 
230.500000 230 2.000000 7.759327 7.342247 -0.590646 -1.572392 2.821278 2.821278 
230.500000 231 2.000000 3.708536 18.297875 -0.264540 0.568257 0.392898 0.392898 
230.500000 232 2.000000 6.453174 10.540699 -0.967675 -0.383207 1.083242 1.083242 
230.500000 233 2.000000 4.323835 9.415479 1.054594 -0.348757 1.233799 1.233799 
230.500000 234 2.000000 6.244232 19.739489 0.657288 0.693831 0.913428 0.913428 
230.500000 235 2.000000 9.351799 8.119665 -0.477349 0.140966 0.247733 0.247733 
230.500000 236 2.000000 6.259408 5.668186 -0.178612 0.671512 0.482831 0.482831 
230.500000 237 2.000000 8.710607 9.608809 -0.474274 -0.724125 0.749293 0.749293 
230.500000 238 2.000000 7.784095 8.676519 0.260070 0.830289 0.757016 0.757016 
230.500000 239 2.000000 2.558075 18.442908 -0.166400 1.002332 1.032358 1.032358 
230.500000 240 2.000000 1.599898 6.820880 -0.765630 -1.627052 3.233487 3.233487 
230.500000 241 2.000000 5.526577 2.789226 1.454362 1.430372 4.161132 4.161132 
230.500000 242 2.000000 5.789465 3.808783 0.622523 -0.442988 0.583773 0.583773 
230.500000 243 2.000000 9.488209 11.645289 0.963270 -0.429548 1.112400 1.112400 
230.500000 244 2.000000 6.928633 3.424508 0.860700 -0.065966 0.745155 0.745155 
230.500000 245 2.000000 0.491491 4.008479 1.228724 0.160019 1.535369 1.535369 
230.500000 246 2.000000 4.831148 5.244704 -0.190687 0.409742 0.204251 0.204251 
230.500000 247 2.000000 0.011540 16.708167 0.230781 0.896673 0.857282 0.857282 
230.500000 248 2.000000 4.403871 16.014722 -0.338463 -0.926809 0.973532 0.973532 
230.500000 249 2.000000 3.525342 9.473745 1.456119 -0.447006 2.320095 2.320095 
230.500000 250 2.000000 1.514109 3.476360 -0.744986 -0.084525 0.562149 0.562149 
230.500000 251 2.000000 0.473946 5.942059 -0.872655 0.113692 0.774453 0.774453 
230.500000 252 2.000000 4.662153 3.222330 -0.373299 1.267837 1.746763 1.746763 
230.500000 253 2.000000 2.288314 2.122019 1.386856 -1.027470 2.979065 2.979065 
230.500000 254 2.000000 1.165037 7.945948 -1.487779 -1.401634 4.178063 4.178063 
230.500000 255 2.000000 6.432664 15.638690 1.541477 0.645545 2.792880 2.792880 
230.500000 256 2.000000 10.146593 19.562560 -0.879851 -0.486043 1.010374 1.010374 
230.500000 257 2.000000 1.968170 0.416772 -0.121672 0.396925 0.172354 0.172354 
230.500000 258 2.000000 5.830991 12.669388 1.339829 -0.235523 1.850613 1.850613 
230.500000 259 2.000000 6.357680 2.662654 -3.090075 -0.557815 9.859719 9.859719 
230.500000 260 2.000000 8.065288 19.999999 1.280204 -1.159290 2.982876 2.982876 
230.500000 261 2.000000 2.814927 17.263245 -1.000980 -0.040575 1.003607 1.003607 
230.500000 262 2.000000 6.785568 7.101436 -1.028096 -1.172597 2.431964 2.431964 
230.500000 263 2.000000 10.696365 3.027337 -1.399584 0.559475 2.271847 2.271847 
230.500000 264 2.000000 3.365684 18.451654 -0.516743 -0.332977 0.377897 0.377897 
230.500000 265 2.000000 10.200233 14.311663 0.124816 -1.338432 1.806979 1.806979 
230.500000 266 2.000000 5.147805 7.372435 0.149212 -0.470300 0.243447 0.243447 
230.500000 267 2.000000 5.938981 4.523957 -0.082594 0.133046 0.024523 0.024523 
230.500000 268 2.000000 8.574689 5.291833 0.635162 -0.621244 0.789375 0.789375 
230.500000 269 2.000000 0.532114 15.371687 -2.201411 -0.367326 4.981140 4.981140 
230.500000 270 2.000000 7.496179 16.405260 1.046203 -1.050680 2.198469 2.198469 
230.500000 271 2.000000 8.623628 13.623753 -0.541341 -0.384331 0.440760 0.440760 
230.500000 272 2.000000 8.517133 4.057564 0.292633 0.632331 0.485476 0.485476 
230.500000 273 2.000000 1.782644 0.303295 -0.912597 -0.459134 1.043638 1.043638 
230.500000 274 2.000000 10.083759 9.303793 1.050002 -1.452503 3.212268 3.212268 
230.500000 275 2.000000 5.596917 12.660076 -0.205901 0.013097 0.042567 0.042567 
230.500000 276 2.000000 10.547973 3.721202 -0.767501 -0.639638 0.998196 0.998196 
230.500000 277 2.000000 3.716874 17.341554 -1.609234 -0.824702 3.269766 3.269766 
230.500000 278 2.000000 6.204709 0.755477 0.633084 0.335767 0.513535 0.513535 
230.500000 279 2.000000 2.555008 19.519201 -0.443887 -0.034840 0.198250 0.198250 
230.500000 280 2.000000 8.091020 16.807666 -1.537990 0.630626 2.763103 2.763103 
230.500000 281 2.000000 1.447911 7.971828 0.121673 0.395966 0.171594 0.171594 
230.500000 282 2.000000 1.758322 1.536820 0.576499 -0.610903 0.705553 0.705553 
230.500000 283 2.000000 0.971850 4.692167 -0.824908 -1.078016 1.842592 1.842592 
230.500000 284 2.000000 8.672952 15.693478 0.305924 0.117006 0.107280 0.107280 
230.500000 285 2.000000 8.376065 3.568043 0.201464 0.839539 0.745414 0.745414 
230.500000 286 2.000000 1.043530 1.401903 1.227681 -1.118053 2.757244 2.757244 
230.500000 287 2.000000 5.053374 16.869923 -0.874166 -0.440856 0.958519 0.958519 
230.500000 288 2.000000 6.815162 16.249754 -0.011265 1.299980 1.690076 1.690076 
230.500000 289 2.000000 7.966884 2.602336 -1.147869 -0.410251 1.485910 1.485910 
230.500000 290 2.000000 6.373522 9.654910 0.505835 -1.143104 1.562555 1.562555 
230.500000 291 2.000000 5.947806 4.056511 1.321735 -1.114929 2.990049 2.990049 
230.500000 292 2.000000 8.787701 6.347328 -0.869626 -1.270016 2.369191 2.369191 
230.500000 293 2.000000 2.544371 16.647451 -1.172440 0.444704 1.572376 1.572376 
230.500000 294 2.000000 7.754707 15.700298 -0.101689 0.245166 0.070447 0.070447 
230.500000 295 2.000000 10.295734 15.024212 0.506090 -1.658596 3.007066 3.007066 
230.500000 296 2.000000 1.638256 0.914083 -1.498039 -0.058746 2.247571 2.247571 
230.500000 297 2.000000 5.919028 6.075224 -0.852690 -1.908162 4.368161 4.368161 
230.500000 298 2.000000 6.416977 0.012016 2.058210 0.240294 4.293968 4.293968 
230.500000 299 2.000000 8.751173 7.354487 -0.036250 0.366779 0.135841 0.135841 
230.500000 300 2.000000 11.096077 4.124984 -1.004148 1.249995 2.570801 2.570801 
230.500000 301 2.000000 8.134387 12.285047 -0.245800 0.341102 0.176769 0.176769 
230.500000 302 2.000000 5.564308 9.995133 -0.101667 0.478236 0.239046 0.239046 
230.500000 303 2.000000 6.354308 14.241644 1.512930 -0.543065 2.583878 2.583878 
230.500000 304 2.000000 1.189554 7.280025 -1.161066 1.733339 4.352540 4.352540 
230.500000 305 2.000000 6.405794 19.105314 0.624955 0.557279 0.701129 0.701129 
230.500000 306 2.000000 9.281319 7.640714 -0.141687 0.506007 0.276119 0.276119 
230.500000 307 2.000000 0.281095 0.710315 -0.463763 -0.966426 1.149056 1.149056 
230.500000 308 2.000000 0.618446 12.105080 1.124445 0.534174 1.549718 1.549718 
230.500000 309 2.000000 1.102866 15.971863 0.537983 -2.369492 5.903918 5.903918 
230.500000 310 2.000000 3.456435 8.828645 0.308610 -0.770438 0.688815 0.688815 
230.500000 311 2.000000 6.163998 9.297597 -0.117534 1.184407 1.416635 1.416635 
230.500000 312 2.000000 0.671319 4.472358 2.685270 1.656428 9.954433 9.954433 
230.500000 313 2.000000 10.529706 0.569857 -0.357991 -0.436900 0.319040 0.319040 
230.500000 314 2.000000 4.116177 9.432752 0.791572 0.275811 0.702659 0.702659 
230.500000 315 2.000000 6.367192 18.459671 0.964726 -0.993760 1.918255 1.918255 
230.500000 316 2.000000 1.645421 6.387122 1.567067 -1.223953 3.953758 3.953758 
230.500000 317 2.000000 3.929329 12.701959 -1.404667 -1.303221 3.671476 3.671476 
230.500000 318 2.000000 6.922451 8.329091 0.490855 0.438845 0.433524 0.433524 
230.500000 319 2.000000 5.533760 16.679025 2.305733 0.738248 5.861413 5.861413 
230.500000 320 2.000000 7.112548 12.966460 0.332486 -0.104784 0.121526 0.121526 
230.500000 321 2.000000 8.933034 1.210020 1.685478 0.378131 2.983819 2.983819 
230.500000 322 2.000000 3.656576 5.936910 1.198877 -1.077631 2.598596 2.598596 
230.500000 323 2.000000 4.947404 15.222943 0.267343 -1.098174 1.277458 1.277458 
230.500000 324 2.000000 0.635164 13.780146 -2.026228 0.546854 4.404650 4.404650 
230.500000 325 2.000000 9.369487 11.564870 -1.207695 -0.233211 1.512915 1.512915 
230.500000 326 2.000000 1.322252 10.709087 0.163469 0.283806 0.107268 0.107268 
230.500000 327 2.000000 3.258136 6.738885 0.556946 -1.095960 1.511317 1.511317 
230.500000 328 2.000000 10.687657 3.413932 0.448678 0.583578 0.541875 0.541875 
230.500000 329 2.000000 1.980656 5.318105 -0.717542 0.868836 1.269742 1.269742 
230.500000 330 2.000000 4.897438 16.139317 1.530449 -0.193034 2.379536 2.379536 
230.500000 331 2.000000 8.686817 8.128573 -1.347837 0.486741 2.053581 2.053581 
230.500000 332 2.000000 3.914204 18.299444 -1.048592 0.026841 1.100267 1.100267 
230.500000 333 2.000000 10.066051 5.337367 -0.750090 0.205283 0.604776 0.604776 
230.500000 334 2.000000 3.697751 19.898968 -0.345373 0.886038 0.904346 0.904346 
230.500000 335 2.000000 1.966703 14.309167 -1.362899 0.529969 2.138362 2.138362 
230.500000 336 2.000000 1.578210 12.831160 -0.837758 0.179574 0.734085 0.734085 
230.500000 337 2.000000 9.648873 2.301328 -0.431117 1.643805 2.887956 2.887956 
230.500000 338 2.000000 7.250406 8.037180 -0.738104 -0.975694 1.496776 1.496776 
230.500000 339 2.000000 8.183010 19.134814 0.494333 1.587951 2.765955 2.765955 
230.500000 340 2.000000 3.365422 2.824316 1.602582 1.412158 4.562457 4.562457 
230.500000 341 2.000000 1.310729 6.297187 -0.256026 0.310793 0.162142 0.162142 
230.500000 342 2.000000 5.694126 1.032746 -1.046522 -1.458959 3.223770 3.223770 
230.500000 343 2.000000 6.689891 19.839789 1.299008 0.936741 2.564905 2.564905 
230.500000 344 2.000000 10.193783 4.599339 0.288309 1.675257 2.889609 2.889609 
230.500000 345 2.000000 8.123809 10.436331 -0.701232 0.700172 0.981967 0.981967 
230.500000 346 2.000000 0.165785 9.795962 -0.777567 1.013393 1.631577 1.631577 
230.500000 347 2.000000 3.756481 1.174118 -0.510209 1.020971 1.302696 1.302696 
230.500000 348 2.000000 8.284298 3.716940 -0.018223 -0.423043 0.179297 0.179297 
230.500000 349 2.000000 8.754853 17.116748 0.396567 0.505620 0.412917 0.412917 
230.500000 350 2.000000 7.337212 0.739577 -1.735299 0.986101 3.983656 3.983656 
230.500000 351 2.000000 7.926173 1.963203 -0.691589 0.339292 0.593414 0.593414 
230.500000 352 2.000000 3.400272 9.205176 -1.253617 0.036591 1.572894 1.572894 
230.500000 353 2.000000 3.676849 11.866578 0.491652 -0.834449 0.938026 0.938026 
230.500000 354 2.000000 4.116030 12.357602 -0.816685 0.870254 1.424316 1.424316 
230.500000 355 2.000000 6.382953 19.811826 0.335657 0.172375 0.142379 0.142379 
230.500000 356 2.000000 8.080591 5.088840 -1.057486 -0.310326 1.214580 1.214580 
230.500000 357 2.000000 6.951535 1.587415 -0.765028 -0.522286 0.858051 0.858051 
230.500000 358 2.000000 4.653653 7.905053 -0.350938 0.492527 0.365740 0.365740 
230.500000 359 2.000000 3.264171 9.339803 0.141665 0.872879 0.781986 0.781986 
230.500000 360 2.000000 4.983811 16.251215 -0.293395 -0.480613 0.317070 0.317070 
230.500000 361 2.000000 2.153203 12.072568 0.672876 -0.264689 0.522822 0.522822 
230.500000 362 2.000000 8.642544 19.404933 2.902572 0.261051 8.493074 8.493074 
230.500000 363 2.000000 9.748762 11.145010 0.575936 0.907025 1.154396 1.154396 
230.500000 364 2.000000 8.028796 14.277968 -1.604928 -0.524972 2.851391 2.851391 
230.500000 365 2.000000 4.592238 4.628687 0.450219 0.535108 0.489038 0.489038 
230.500000 366 2.000000 3.885080 11.567558 0.109241 0.886403 0.797644 0.797644 
230.500000 367 2.000000 3.011494 10.727087 0.885733 1.758539 3.876981 3.876981 
230.500000 368 2.000000 6.504281 2.836847 0.722698 -0.196671 0.560972 0.560972 
230.500000 369 2.000000 7.812462 0.808341 -0.003422 0.621800 0.386647 0.386647 
230.500000 370 2.000000 6.822252 9.021606 -1.841570 0.748681 3.951904 3.951904 
230.500000 371 2.000000 11.102901 11.309919 2.495034 -1.268625 7.834602 7.834602 
230.500000 372 2.000000 5.497127 18.049917 -1.101680 0.130372 1.230696 1.230696 
230.500000 373 2.000000 6.085296 19.028443 -2.059844 0.398788 4.401991 4.401991 
230.500000 374 2.000000 0.128191 3.356992 0.427302 -0.268431 0.254642 0.254642 
230.500000 375 2.000000 8.673572 8.459498 -0.438275 1.087588 1.374932 1.374932 
230.500000 376 2.000000 5.469009 8.710590 2.187603 0.860044 5.525284 5.525284 
230.500000 377 2.000000 9.506253 1.674352 -1.425796 0.492456 2.275409 2.275409 
230.500000 378 2.000000 2.116191 11.131823 -0.907029 -1.441980 2.902008 2.902008 
230.500000 379 2.000000 0.857547 6.714123 -0.013533 1.307957 1.710934 1.710934 
230.500000 380 2.000000 6.332910 14.273152 -1.503101 -0.396322 2.416384 2.416384 
230.500000 381 2.000000 3.372220 1.548839 -0.849214 -0.333944 0.832683 0.832683 
230.500000 382 2.000000 0.220389 18.313591 -0.289039 -0.571664 0.410343 0.410343 
230.500000 383 2.000000 8.790392 8.414575 -0.422441 0.149893 0.200924 0.200924 
230.500000 384 2.000000 9.241134 1.280923 -0.161069 0.170790 0.055112 0.055112 
230.500000 385 2.000000 8.715536 0.755843 -1.721642 -0.042256 2.965836 2.965836 
230.500000 386 2.000000 2.944274 14.768978 0.001072 1.306989 1.708222 1.708222 
230.500000 387 2.000000 8.776100 8.784056 -0.318503 1.439277 2.172962 2.172962 
230.500000 388 2.000000 5.900420 6.530316 -0.322922 1.034629 1.174736 1.174736 
230.500000 389 2.000000 1.626046 15.884140 -2.223217 -0.307154 5.037035 5.037035 
230.500000 390 2.000000 8.228586 0.696769 2.067472 0.929023 5.137524 5.137524 
230.500000 391 2.000000 10.463028 0.648285 -0.660376 0.589349 0.783429 0.783429 
230.500000 392 2.000000 11.076406 0.224037 0.001814 -0.102967 0.010606 0.010606 
230.500000 393 2.000000 5.983105 14.173233 -1.039504 1.548987 3.479929 3.479929 
230.500000 394 2.000000 6.826134 9.411102 1.208165 0.619151 1.843012 1.843012 
230.500000 395 2.000000 5.136275 17.345384 -0.294490 -1.625582 2.729240 2.729240 
230.500000 396 2.000000 0.831745 13.108269 0.978522 0.643346 1.371400 1.371400 
230.500000 397 2.000000 9.985417 13.882349 0.966636 1.529770 3.274583 3.274583 
230.500000 398 2.000000 4.845508 12.066290 1.364931 -0.786842 2.482158 2.482158 
230.500000 399 2.000000 8.678551 10.160358 0.137616 1.075170 1.174929 1.174929 
230.500000 400 2.000000 8.594011 2.313875 0.214037 -0.958021 0.963616 0.963616 
230.500000 401 2.000000 7.847457 13.112713 -1.923301 0.464167 3.914538 3.914538 
230.500000 402 2.000000 2.498892 13.729683 -0.447916 0.036225 0.201941 0.201941 
230.500000 403 2.000000 0.275966 15.123998 -0.679230 0.473365 0.685427 0.685427 
230.500000 404 2.000000 2.157613 6.913119 -2.034349 -0.973002 5.085308 5.085308 
230.500000 405 2.000000 10.476825 7.072799 1.507457 0.554420 2.579807 2.579807 
230.500000 406 2.000000 10.392507 9.619805 -0.980768 0.252697 1.025763 1.025763 
230.500000 407 2.000000 8.699589 3.953823 -0.706792 0.050511 0.502107 0.502107 
230.500000 408 2.000000 11.136552 8.438912 -0.734312 0.869991 1.296099 1.296099 
230.500000 409 2.000000 6.606955 19.319711 -1.381201 0.213848 1.953447 1.953447 
230.500000 410 2.000000 0.062242 16.826924 -1.760976 0.644804 3.516808 3.516808 
230.500000 411 2.000000 4.167811 16.671896 0.814690 -0.003041 0.663728 0.663728 
230.500000 412 2.000000 5.909345 15.385864 1.094323 -0.331952 1.307735 1.307735 
230.500000 413 2.000000 2.689260 7.583574 -2.669304 -1.047800 8.223070 8.223070 
230.500000 414 2.000000 9.175861 1.386693 -2.467574 0.348406 6.210307 6.210307 
230.500000 415 2.000000 1.242385 11.956497 0.637120 -0.602509 0.768939 0.768939 
230.500000 416 2.000000 5.651406 16.585660 0.174798 -1.019206 1.069335 1.069335 
230.500000 417 2.000000 5.433146 17.845536 0.158024 -0.236754 0.081024 0.081024 
230.500000 418 2.000000 9.423525 11.081164 -1.618413 1.152211 3.946850 3.946850 
230.500000 419 2.000000 6.598308 10.987528 -2.148314 1.014365 5.644189 5.644189 
230.500000 420 2.000000 4.849291 3.548251 0.865945 -0.313291 0.848011 0.848011 
230.500000 421 2.000000 8.843986 7.970928 0.416827 0.532244 0.457028 0.457028 
230.500000 422 2.000000 4.634740 0.854015 0.493411 0.363410 0.375522 0.375522 
230.500000 423 2.000000 5.486326 14.344643 -2.169360 -1.256746 6.285535 6.285535 
230.500000 424 2.000000 5.918190 15.336511 1.940390 0.046815 3.767305 3.767305 
230.500000 425 2.000000 6.737923 1.289471 -0.887637 0.154428 0.811747 0.811747 
230.500000 426 2.000000 6.638104 5.600726 1.639038 -2.042450 6.858047 6.858047 
230.500000 427 2.000000 4.159030 15.937324 3.199253 -1.231114 11.750859 11.750859 
230.500000 428 2.000000 0.273447 7.616607 0.364594 -2.293221 5.391791 5.391791 
230.500000 429 2.000000 2.078600 10.130450 0.031932 0.577234 0.334218 0.334218 
230.500000 430 2.000000 0.101451 15.194980 -0.550163 2.355811 5.852524 5.852524 
230.500000 431 2.000000 10.119461 17.804315 2.734989 1.003060 8.486295 8.486295 
230.500000 432 2.000000 5.854008 15.594679 -0.076778 0.383064 0.152633 0.152633 
230.500000 433 2.000000 10.609424 8.178049 -0.702816 -1.100723 1.705542 1.705542 
230.500000 434 2.000000 2.642724 6.479179 -0.919874 -1.073081 1.997672 1.997672 
230.500000 435 2.000000 1.026665 10.890549 0.641665 1.006170 1.424113 1.424113 
230.500000 436 2.000000 2.910157 12.501903 0.323351 -1.056070 1.219839 1.219839 
230.500000 437 2.000000 7.673391 10.191538 0.610243 -0.031542 0.373392 0.373392 
230.500000 438 2.000000 4.617410 0.155793 2.430215 1.557917 8.333050 8.333050 
230.500000 439 2.000000 2.554592 12.078859 0.331765 0.224152 0.160312 0.160312 
230.500000 440 2.000000 3.596080 10.718907 1.531116 -1.906848 5.980386 5.980386 
230.500000 441 2.000000 5.244194 7.948506 -0.819254 0.778532 1.277289 1.277289 
230.500000 442 2.000000 7.494524 19.476203 1.873631 -0.872993 4.272609 4.272609 
230.500000 443 2.000000 6.917060 16.567671 1.869475 -0.004037 3.494955 3.494955 
230.500000 444 2.000000 3.521915 12.380333 -1.305998 1.268147 3.313828 3.313828 
230.500000 445 2.000000 6.995196 15.285278 0.964855 -0.206627 0.973639 0.973639 
230.500000 446 2.000000 5.279811 14.898199 -1.121852 0.192295 1.295530 1.295530 
230.500000 447 2.000000 6.224200 11.850852 -0.254632 0.284582 0.145824 0.145824 
230.500000 448 2.000000 9.349070 3.554302 0.607586 -0.114644 0.382304 0.382304 
230.500000 449 2.000000 6.734865 8.252375 1.095100 -0.237037 1.255430 1.255430 
230.500000 450 2.000000 0.424001 1.329463 -0.353417 -0.102362 0.135381 0.135381 
230.500000 451 2.000000 1.921958 2.641858 -0.706890 -0.901464 1.312331 1.312331 
230.500000 452 2.000000 7.502901 9.169144 0.595468 -0.003111 0.354592 0.354592 
230.500000 453 2.000000 7.111797 9.253516 1.413378 -0.334175 2.109310 2.109310 
230.500000 454 2.000000 4.285989 17.826568 -0.445210 0.121923 0.213077 0.213077 
230.500000 455 2.000000 2.247741 11.707014 -0.563502 -0.398360 0.476225 0.476225 
230.500000 456 2.000000 3.208755 19.665075 -1.498408 -0.028998 2.246067 2.246067 
230.500000 457 2.000000 5.067865 10.939324 1.266966 -0.074717 1.610786 1.610786 
230.500000 458 2.000000 3.286987 0.805136 -0.533577 1.341892 2.085379 2.085379 
230.500000 459 2.000000 2.423982 3.619908 1.731415 -0.572730 3.325817 3.325817 
230.500000 460 2.000000 1.347456 1.429979 0.309760 0.097277 0.105414 0.105414 
230.500000 461 2.000000 3.914194 11.181832 0.500274 -0.084346 0.257388 0.257388 
230.500000 462 2.000000 2.192586 6.990703 1.593897 1.044931 3.632389 3.632389 
230.500000 463 2.000000 7.949343 19.359251 -0.504902 0.563694 0.572676 0.572676 
230.500000 464 2.000000 0.791906 12.930282 -0.597185 -1.208499 1.817099 1.817099 
230.500000 465 2.000000 7.045638 12.737291 0.920998 -0.018511 0.848580 0.848580 
230.500000 466 2.000000 6.327179 15.416286 -2.377914 -0.536107 5.941887 5.941887 
230.500000 467 2.000000 2.353650 4.698177 0.547360 0.810030 0.955752 0.955752 
230.500000 468 2.000000 6.546460 16.548768 -0.932198 -0.726575 1.396904 1.396904 
230.500000 469 2.000000 0.901430 18.413415 -0.267104 0.098327 0.081013 0.081013 
230.500000 470 2.000000 6.665655 12.294037 0.405212 -0.570812 0.490023 0.490023 
230.500000 471 2.000000 5.170972 6.317427 -0.201506 1.191967 1.461390 1.461390 
230.500000 472 2.000000 2.783275 7.116597 0.260119 -0.191265 0.104244 0.104244 
230.500000 473 2.000000 3.472100 10.702169 -1.034013 0.439201 1.262079 1.262079 
230.500000 474 2.000000 5.598550 19.128874 -0.131636 1.157194 1.356425 1.356425 
230.500000 475 2.000000 6.700211 4.928213 -1.217425 -1.762782 4.589525 4.589525 
230.500000 476 2.000000 1.172908 10.132493 1.675581 0.405732 2.972190 2.972190 
230.500000 477 2.000000 0.283859 4.074176 -0.027309 0.381497 0.146286 0.146286 
230.500000 478 2.000000 10.234934 16.981997 1.145977 -0.389420 1.464912 1.464912 
230.500000 479 2.000000 11.082771 6.460575 -1.092856 0.458780 1.404814 1.404814 
230.500000 480 2.000000 4.868501 3.732139 0.616266 0.616882 0.760327 0.760327 
230.500000 481 2.000000 10.025704 12.968539 -1.907685 -1.057594 4.757766 4.757766 
230.500000 482 2.000000 5.420691 9.470322 0.881413 0.482885 1.010067 1.010067 
230.500000 483 2.000000 7.734309 8.718826 0.909919 -0.103342 0.838631 0.838631 
230.500000 484 2.000000 7.073497 12.340046 -1.811405 -0.139399 3.300621 3.300621 
230.500000 485 2.000000 5.623907 15.375687 0.404598 1.303024 1.861571 1.861571 
230.500000 486 2.000000 3.316371 0.284470 -2.679543 1.896460 10.776510 10.776510 
230.500000 487 2.000000 1.951430 1.540581 -0.567320 -0.367261 0.456733 0.456733 
230.500000 488 2.000000 6.692166 11.986498 0.640399 -0.728500 0.940823 0.940823 
230.500000 489 2.000000 3.554498 0.880379 0.587520 0.303578 0.437340 0.437340 
230.500000 490 2.000000 3.705970 3.762478 -0.203676 0.885289 0.825220 0.825220 
230.500000 491 2.000000 7.887801 18.145035 -1.038955 0.149494 1.101775 1.101775 
230.500000 492 2.000000 7.748005 6.715054 -0.131011 0.639336 0.425915 0.425915 
230.500000 493 2.000000 10.833780 9.946268 0.337170 -0.157758 0.138571 0.138571 
230.500000 494 2.000000 7.098468 7.871824 1.234516 -1.045532 2.617168 2.617168 
230.500000 495 2.000000 7.316160 10.237545 -0.016803 1.365053 1.863653 1.863653 
230.500000 496 2.000000 3.089269 19.006472 0.561685 -0.113546 0.328383 0.328383 
230.500000 497 2.000000 0.955753 3.869635 -1.796162 0.219243 3.274264 3.274264 
230.500000 498 2.000000 10.695932 3.081312 -0.378667 0.143746 0.164052 0.164052 
230.500000 499 2.000000 6.297521 4.085188 -0.857647 -0.019501 0.735939 0.735939 
230.500000 500 2.000000 8.184441 6.394462 0.642270 -0.725813 0.939315 0.939315 
