810.500000 1 2.000000 0.316183 9.819728 6.323646 -0.613213 40.364523 40.364523 
810.500000 2 2.000000 0.872881 18.842891 3.491519 3.471240 24.240214 24.240214 
810.500000 3 2.000000 0.796700 1.624822 3.186795 -3.719162 23.987831 23.987831 
810.500000 4 2.000000 0.619840 10.251884 4.132263 -3.479679 29.183758 29.183758 
810.500000 5 2.000000 0.129463 14.774542 -0.436640 3.825404 14.824371 14.824371 
810.500000 6 2.000000 0.440361 16.147486 1.761440 3.012775 12.179483 12.179483 
810.500000 7 2.000000 0.322867 4.189318 3.228664 4.409808 29.870678 29.870678 
810.500000 8 2.000000 0.622507 1.387971 -1.509967 -1.571739 4.750365 4.750365 
810.500000 9 2.000000 0.999999 9.403498 -9.051302 1.227457 83.432722 83.432722 
810.500000 10 2.000000 0.114644 7.682322 -2.951183 9.022804 90.120474 90.120474 
810.500000 11 2.000000 0.623060 18.560045 2.076864 2.196455 9.137777 9.137777 
810.500000 12 2.000000 0.142853 12.272851 -3.818275 -5.283348 42.492992 42.492992 
810.500000 13 2.000000 0.644592 3.505935 4.297273 0.248650 18.528385 18.528385 
810.500000 14 2.000000 0.591305 17.907672 -0.861428 4.801128 23.792893 23.792893 
810.500000 15 2.000000 0.587469 4.387838 3.916455 0.101554 15.348934 15.348934 
810.500000 16 2.000000 0.574347 12.488599 -1.702608 -4.060216 19.384232 19.384232 
810.500000 17 2.000000 0.419884 7.681863 -2.900573 1.556224 10.835154 10.835154 
810.500000 18 2.000000 0.054413 5.919126 1.088236 -6.477193 43.138290 43.138290 
810.500000 19 2.000000 0.794889 6.401066 -4.102203 -1.292448 18.498491 18.498491 
810.500000 20 2.000000 0.794227 11.164566 1.959131 -1.805820 7.099177 7.099177 
810.500000 21 2.000000 0.859139 18.455899 0.904356 -10.293999 106.784265 106.784265 
810.500000 22 2.000000 0.999999 8.424074 1.314961 0.954648 2.640475 2.640475 
810.500000 23 2.000000 0.454379 4.915211 -0.256791 2.761657 7.692694 7.692694 
810.500000 24 2.000000 0.369697 5.683936 -0.574861 4.099861 17.139328 17.139328 
810.500000 25 2.000000 0.347820 18.388995 3.478186 -0.716002 12.610433 12.610433 
810.500000 26 2.000000 0.871135 5.558141 -0.286365 -0.283989 0.162655 0.162655 
810.500000 27 2.000000 0.999999 8.411556 -0.696819 7.111274 51.055780 51.055780 
810.500000 28 2.000000 0.729505 5.870030 7.295036 -1.404708 55.190763 55.190763 
810.500000 29 2.000000 0.000001 9.474767 4.793139 -6.110677 60.314560 60.314560 
810.500000 30 2.000000 0.639393 14.049343 0.349526 -0.579869 0.458416 0.458416 
810.500000 31 2.000000 0.073585 15.335916 -2.646899 0.431025 7.191854 7.191854 
810.500000 32 2.000000 0.000001 17.711382 2.878904 -4.161121 25.603018 25.603018 
810.500000 33 2.000000 0.247048 11.804048 2.470466 0.541696 6.396635 6.396635 
810.500000 34 2.000000 0.286414 16.622242 5.728254 0.093211 32.821584 32.821584 
810.500000 35 2.000000 0.716661 12.377366 -5.666768 -1.949935 35.914505 35.914505 
810.500000 36 2.000000 0.359473 4.431540 -2.562105 -1.233528 8.085973 8.085973 
810.500000 37 2.000000 0.281422 16.408876 -0.552751 -2.394082 6.037161 6.037161 
810.500000 38 2.000000 0.108066 0.934610 2.161304 1.869219 8.165216 8.165216 
810.500000 39 2.000000 0.665261 8.856220 -1.673692 0.772625 3.398195 3.398195 
810.500000 40 2.000000 0.154056 15.994051 -3.383773 -0.957196 12.366143 12.366143 
810.500000 41 2.000000 0.685651 13.815149 -3.143475 1.660232 12.637807 12.637807 
810.500000 42 2.000000 0.440975 7.236120 2.939826 0.090569 8.650783 8.650783 
810.500000 43 2.000000 0.000001 9.736428 1.194267 0.214962 1.472482 1.472482 
810.500000 44 2.000000 0.027638 4.663718 -1.023538 1.686771 3.892827 3.892827 
810.500000 45 2.000000 0.999999 19.003045 -3.786947 4.687631 36.314852 36.314852 
810.500000 46 2.000000 0.347193 10.494556 -4.352037 -0.684576 19.408869 19.408869 
810.500000 47 2.000000 0.438738 3.077641 -5.612606 4.734830 53.919963 53.919963 
810.500000 48 2.000000 0.738089 12.304787 -5.238207 -2.056277 31.667088 31.667088 
810.500000 49 2.000000 0.252402 5.356876 -7.475969 -5.708134 88.472900 88.472900 
810.500000 50 2.000000 0.559961 13.130925 -2.933585 -2.576607 15.244828 15.244828 
810.500000 51 2.000000 0.037657 1.523197 0.753122 -0.738265 1.112228 1.112228 
810.500000 52 2.000000 0.569908 7.583075 -2.867275 0.833396 8.915814 8.915814 
810.500000 53 2.000000 0.067622 19.097688 1.352426 0.127117 1.845216 1.845216 
810.500000 54 2.000000 0.483569 11.316738 0.568904 -5.107801 26.413280 26.413280 
810.500000 55 2.000000 0.394596 3.199500 -4.628373 -2.829282 29.426673 29.426673 
810.500000 56 2.000000 0.774637 4.201539 2.582120 -3.652661 20.009281 20.009281 
810.500000 57 2.000000 0.400253 15.230029 0.242577 5.573552 31.123327 31.123327 
810.500000 58 2.000000 0.000001 10.947682 2.080088 2.333245 9.770799 9.770799 
810.500000 59 2.000000 0.360931 0.000001 7.218609 4.332679 70.880417 70.880417 
810.500000 60 2.000000 0.617365 7.121338 -2.550896 3.385896 17.971360 17.971360 
810.500000 61 2.000000 0.441298 12.848822 1.378466 0.930263 2.765557 2.765557 
810.500000 62 2.000000 0.319145 5.098134 -0.440873 -4.379051 19.370453 19.370453 
810.500000 63 2.000000 0.166390 8.977289 0.554629 -1.787384 3.502356 3.502356 
810.500000 64 2.000000 0.999999 18.005758 -4.753686 1.902323 26.216361 26.216361 
810.500000 65 2.000000 0.669133 4.735761 4.460877 2.340115 25.375566 25.375566 
810.500000 66 2.000000 0.795600 0.885650 -4.087986 -0.513856 16.975677 16.975677 
810.500000 67 2.000000 0.554121 0.478247 5.541201 -4.557850 51.478903 51.478903 
810.500000 68 2.000000 0.207879 1.259997 4.157554 0.392428 17.439257 17.439257 
810.500000 69 2.000000 0.582450 11.926080 -2.087746 -0.291312 4.443544 4.443544 
810.500000 70 2.000000 0.184972 6.576313 3.699424 1.660714 16.443710 16.443710 
810.500000 71 2.000000 0.867912 10.271675 -0.293526 -3.970744 15.852968 15.852968 
810.500000 72 2.000000 0.259452 1.517753 1.297253 2.759549 9.297976 9.297976 
810.500000 73 2.000000 0.532065 9.572883 -3.119563 4.064157 26.249041 26.249041 
810.500000 74 2.000000 0.830371 14.893775 0.961037 3.097094 10.515581 10.515581 
810.500000 75 2.000000 0.696566 2.633438 -1.818127 -2.859272 11.481023 11.481023 
810.500000 76 2.000000 0.724403 13.404365 2.897607 4.255438 26.504879 26.504879 
810.500000 77 2.000000 0.673197 1.263120 6.731962 -7.069219 95.293177 95.293177 
810.500000 78 2.000000 0.363586 9.822862 7.271696 -2.341724 58.361236 58.361236 
810.500000 79 2.000000 0.489771 14.972753 4.897703 -3.734625 37.934924 37.934924 
810.500000 80 2.000000 0.391762 19.833002 -1.055308 1.270535 2.727933 2.727933 
810.500000 81 2.000000 0.067520 15.102146 -1.554132 -4.452594 22.240919 22.240919 
810.500000 82 2.000000 0.127865 7.729411 -0.603880 -1.248567 1.923591 1.923591 
810.500000 83 2.000000 0.000001 7.610950 3.550363 -6.882805 59.978079 59.978079 
810.500000 84 2.000000 0.999999 5.422154 -3.749234 -0.017128 14.057049 14.057049 
810.500000 85 2.000000 0.562118 17.261053 -4.378810 -0.410274 19.342304 19.342304 
810.500000 86 2.000000 0.267489 6.008037 5.349766 -1.344163 30.426767 30.426767 
810.500000 87 2.000000 0.223311 7.581876 -2.406060 3.270858 16.487638 16.487638 
810.500000 88 2.000000 0.591699 0.980959 -0.453666 -2.674947 7.361155 7.361155 
810.500000 89 2.000000 0.872717 0.478892 -2.545633 -1.441664 8.558644 8.558644 
810.500000 90 2.000000 0.589843 17.915257 -0.981874 -0.976389 1.917413 1.917413 
810.500000 91 2.000000 0.224799 17.659859 -3.100799 -3.120186 19.350513 19.350513 
810.500000 92 2.000000 0.038888 6.580124 -2.746031 0.931347 8.408093 8.408093 
810.500000 93 2.000000 0.374961 3.202712 -2.565566 -0.270173 6.655121 6.655121 
810.500000 94 2.000000 0.794825 10.417679 -4.103485 -1.822909 20.161585 20.161585 
810.500000 95 2.000000 0.918437 12.339132 3.061452 2.240748 14.393443 14.393443 
810.500000 96 2.000000 0.944503 14.873070 -1.109929 2.878213 9.516050 9.516050 
810.500000 97 2.000000 0.424283 19.311406 -1.439290 0.898073 2.878091 2.878091 
810.500000 98 2.000000 0.515682 0.410913 -3.878618 0.384443 15.191471 15.191471 
810.500000 99 2.000000 0.784425 10.035686 5.229497 -2.302357 32.648484 32.648484 
810.500000 100 2.000000 0.220621 12.176226 2.206196 2.079728 9.192571 9.192571 
810.500000 101 2.000000 0.378596 19.558128 1.261984 -8.837429 79.692750 79.692750 
810.500000 102 2.000000 0.999999 11.110713 -6.508661 1.831224 45.716043 45.716043 
810.500000 103 2.000000 0.999999 4.671921 -10.072627 -2.977277 110.321985 110.321985 
810.500000 104 2.000000 0.924656 5.721266 1.849310 0.978982 4.378353 4.378353 
810.500000 105 2.000000 0.213509 0.851948 -2.621635 2.129868 11.409307 11.409307 
810.500000 106 2.000000 0.498585 3.348010 3.323894 -0.011355 11.048402 11.048402 
810.500000 107 2.000000 0.439827 5.106838 -1.400429 -0.917249 2.802548 2.802548 
810.500000 108 2.000000 0.924841 8.816481 6.165598 1.938716 41.773214 41.773214 
810.500000 109 2.000000 0.187656 18.238026 3.753091 -7.047892 63.758470 63.758470 
810.500000 110 2.000000 0.999999 15.094188 -5.533255 -5.164012 57.283933 57.283933 
810.500000 111 2.000000 0.837187 10.392175 1.287978 -4.123413 18.661419 18.661419 
810.500000 112 2.000000 0.123719 8.866529 -0.314296 1.108932 1.328513 1.328513 
810.500000 113 2.000000 0.980418 12.560773 3.985391 4.014578 32.000179 32.000179 
810.500000 114 2.000000 0.182060 9.317978 -3.271757 10.353308 117.895374 117.895374 
810.500000 115 2.000000 0.534426 7.442730 5.344245 0.326943 28.667848 28.667848 
810.500000 116 2.000000 0.946717 14.344588 3.155719 -4.117220 26.910066 26.910066 
810.500000 117 2.000000 0.046173 4.130644 -4.769130 3.306608 33.678256 33.678256 
810.500000 118 2.000000 0.058741 4.481690 -1.045843 -7.958107 64.425258 64.425258 
810.500000 119 2.000000 0.844960 19.937858 3.379838 5.630259 43.123124 43.123124 
810.500000 120 2.000000 0.688545 12.195067 -3.114538 0.002641 9.700354 9.700354 
810.500000 121 2.000000 0.495906 13.127671 -5.040932 -4.298515 43.888224 43.888224 
810.500000 122 2.000000 0.999999 5.238972 -5.298987 5.016369 53.243218 53.243218 
810.500000 123 2.000000 0.702213 16.117984 -0.595572 1.139495 1.653154 1.653154 
810.500000 124 2.000000 0.952491 12.116066 -0.950155 -1.531005 3.246770 3.246770 
810.500000 125 2.000000 0.740035 18.126954 -2.599642 6.462591 48.523221 48.523221 
810.500000 126 2.000000 0.905695 15.526632 6.037958 -2.354404 42.000153 42.000153 
810.500000 127 2.000000 0.496482 12.671290 -10.070343 -1.524550 103.736067 103.736067 
810.500000 128 2.000000 0.312930 1.567199 2.099338 3.432065 16.186288 16.186288 
810.500000 129 2.000000 0.359847 16.874233 -4.267677 3.583101 31.051681 31.051681 
810.500000 130 2.000000 0.404989 10.036384 -0.850015 1.362816 2.579793 2.579793 
810.500000 131 2.000000 0.780340 3.890947 3.901696 -1.709282 18.144872 18.144872 
810.500000 132 2.000000 0.361457 10.673540 3.614558 0.909402 13.892044 13.892044 
810.500000 133 2.000000 0.386483 4.872820 0.386482 -1.208930 1.610881 1.610881 
810.500000 134 2.000000 0.527756 8.426297 2.218395 0.465859 5.138300 5.138300 
810.500000 135 2.000000 0.475437 10.721700 -2.098247 -4.217409 22.189176 22.189176 
810.500000 136 2.000000 0.999999 0.296931 -6.210273 -2.147495 43.179224 43.179224 
810.500000 137 2.000000 0.008344 4.714565 -0.532717 -4.197941 17.906496 17.906496 
810.500000 138 2.000000 0.000001 3.748042 2.150145 -0.689561 5.098618 5.098618 
810.500000 139 2.000000 0.899061 0.860225 -2.018768 5.734828 36.963683 36.963683 
810.500000 140 2.000000 0.626608 17.217213 -3.733908 -1.198387 15.378199 15.378199 
810.500000 141 2.000000 0.201909 16.426417 -7.980895 4.747325 86.231785 86.231785 
810.500000 142 2.000000 0.791902 12.613456 -2.080969 -3.127912 14.114269 14.114269 
810.500000 143 2.000000 0.486587 3.713764 -0.410729 4.369132 19.258016 19.258016 
810.500000 144 2.000000 0.726398 0.351632 -5.472027 0.132691 29.960683 29.960683 
810.500000 145 2.000000 0.731283 9.537657 -5.374320 2.649485 35.903086 35.903086 
810.500000 146 2.000000 0.999999 2.983528 -4.435908 2.486272 25.858832 25.858832 
810.500000 147 2.000000 0.966208 14.442629 0.743236 -1.234842 2.077235 2.077235 
810.500000 148 2.000000 0.433634 2.769298 -1.415914 11.077187 124.708877 124.708877 
810.500000 149 2.000000 0.829771 17.555076 -0.851138 -4.445314 20.485252 20.485252 
810.500000 150 2.000000 0.391626 6.013643 -1.738208 0.304158 3.113879 3.113879 
810.500000 151 2.000000 0.179544 13.591804 1.795431 1.087787 4.406852 4.406852 
810.500000 152 2.000000 0.629114 5.116691 0.669305 1.253148 2.018347 2.018347 
810.500000 153 2.000000 0.000001 1.986673 6.816457 5.283829 74.382934 74.382934 
810.500000 154 2.000000 0.762280 3.923292 -1.188593 2.256759 6.505713 6.505713 
810.500000 155 2.000000 0.095415 14.930994 -6.030557 1.746992 39.419598 39.419598 
810.500000 156 2.000000 0.533042 4.868220 -3.794485 5.694255 46.822656 46.822656 
810.500000 157 2.000000 0.999999 11.786635 -4.140555 1.939570 20.906129 20.906129 
810.500000 158 2.000000 0.763592 19.885117 2.181690 -0.765877 5.346338 5.346338 
810.500000 159 2.000000 0.541963 2.527209 2.167850 0.824061 5.378650 5.378650 
810.500000 160 2.000000 0.601355 10.518209 3.006769 1.197959 10.475769 10.475769 
810.500000 161 2.000000 0.702250 15.008887 -1.190998 -0.305552 1.511837 1.511837 
810.500000 162 2.000000 0.422021 18.785836 -2.889888 2.922914 16.894879 16.894879 
810.500000 163 2.000000 0.897223 3.321921 3.588889 4.429227 32.498177 32.498177 
810.500000 164 2.000000 0.510563 5.622611 2.552809 -0.918475 7.360430 7.360430 
810.500000 165 2.000000 0.547183 6.094290 -3.018772 2.902042 17.534832 17.534832 
810.500000 166 2.000000 0.412118 2.608138 -2.939405 -0.908984 9.466352 9.466352 
810.500000 167 2.000000 0.541585 8.471899 1.203521 5.842689 35.585473 35.585473 
810.500000 168 2.000000 0.444461 11.094099 0.125275 3.151888 9.950092 9.950092 
810.500000 169 2.000000 0.164754 19.207687 -0.957247 3.525156 13.343049 13.343049 
810.500000 170 2.000000 0.686973 8.792519 0.572477 -5.302703 28.446393 28.446393 
810.500000 171 2.000000 0.690499 6.172813 6.904978 3.537627 60.193524 60.193524 
810.500000 172 2.000000 0.921737 3.292189 0.902392 -0.526907 1.091943 1.091943 
810.500000 173 2.000000 0.689579 2.628889 3.748851 0.183460 14.087538 14.087538 
810.500000 174 2.000000 0.000001 1.410015 3.847148 -1.157732 16.140893 16.140893 
810.500000 175 2.000000 0.407329 16.201764 -3.951136 2.257796 20.709121 20.709121 
810.500000 176 2.000000 0.672934 4.318167 -3.270653 -3.327148 21.767082 21.767082 
810.500000 177 2.000000 0.314885 2.728888 -2.283714 -2.369084 10.827905 10.827905 
810.500000 178 2.000000 0.759748 4.934451 0.308027 1.295026 1.771973 1.771973 
810.500000 179 2.000000 0.365740 16.369638 7.314777 4.998828 78.494248 78.494248 
810.500000 180 2.000000 0.165967 9.412159 -1.112042 -5.463360 31.084945 31.084945 
810.500000 181 2.000000 0.723352 4.291023 -0.221317 2.036625 4.196823 4.196823 
810.500000 182 2.000000 0.954062 0.248153 0.774382 4.963041 25.231442 25.231442 
810.500000 183 2.000000 0.000001 13.074981 1.982076 -3.119164 13.657808 13.657808 
810.500000 184 2.000000 0.000001 17.443255 6.163621 -6.391859 78.846086 78.846086 
810.500000 185 2.000000 0.778491 2.811018 3.892451 -0.226776 15.202603 15.202603 
810.500000 186 2.000000 0.775604 6.543811 3.102412 8.725080 85.751988 85.751988 
810.500000 187 2.000000 0.999999 2.519113 -5.152647 -2.469678 32.649079 32.649079 
810.500000 188 2.000000 0.255129 3.441743 -1.354308 4.916774 26.008816 26.008816 
810.500000 189 2.000000 0.000001 17.145230 3.677602 5.271695 41.315526 41.315526 
810.500000 190 2.000000 0.567799 7.634774 5.677979 -0.917963 33.082101 33.082101 
810.500000 191 2.000000 0.155222 9.948895 3.104428 -4.570703 30.528793 30.528793 
810.500000 192 2.000000 0.164930 15.457089 3.298580 1.665468 13.654416 13.654416 
810.500000 193 2.000000 0.000001 10.183380 3.469685 -4.928667 36.330475 36.330475 
810.500000 194 2.000000 0.684696 5.225997 0.974925 -0.715322 1.462165 1.462165 
810.500000 195 2.000000 0.499867 8.793115 1.110813 3.344711 12.421000 12.421000 
810.500000 196 2.000000 0.370199 17.188519 -0.251920 3.736634 14.025900 14.025900 
810.500000 197 2.000000 0.400219 12.659066 2.668121 -2.208428 11.996022 11.996022 
810.500000 198 2.000000 0.528719 12.168144 -0.942560 5.284476 28.814108 28.814108 
810.500000 199 2.000000 0.508759 6.623835 0.024431 0.876751 0.769289 0.769289 
810.500000 200 2.000000 0.626235 9.440801 -0.018155 -0.361402 0.130941 0.130941 
810.500000 201 2.000000 0.851530 4.635127 1.216469 1.057564 2.598239 2.598239 
810.500000 202 2.000000 0.994839 4.718167 2.487095 0.189921 6.221710 6.221710 
810.500000 203 2.000000 0.988180 8.419649 -2.907908 -1.267052 10.061351 10.061351 
810.500000 204 2.000000 0.320276 3.110127 0.024372 3.314673 10.987649 10.987649 
810.500000 205 2.000000 0.999999 7.434891 -4.007182 -1.623635 18.693700 18.693700 
810.500000 206 2.000000 0.000001 8.977204 4.628182 -1.579698 23.915519 23.915519 
810.500000 207 2.000000 0.212900 13.203520 4.123183 -0.565938 17.320928 17.320928 
810.500000 208 2.000000 0.011522 14.746946 -3.294923 4.422975 30.419224 30.419224 
810.500000 209 2.000000 0.764977 11.625683 -4.700445 0.922240 22.944707 22.944707 
810.500000 210 2.000000 0.188049 6.685888 1.253656 -9.883905 99.263238 99.263238 
810.500000 211 2.000000 0.999999 19.565704 -3.906162 -2.171476 19.973413 19.973413 
810.500000 212 2.000000 0.185837 6.460573 -4.000676 1.434869 18.064261 18.064261 
810.500000 213 2.000000 0.966067 4.461776 1.016912 2.028079 5.147216 5.147216 
810.500000 214 2.000000 0.402010 10.324382 2.010047 0.050479 4.042839 4.042839 
810.500000 215 2.000000 0.022675 3.073098 0.226736 -4.368439 19.134666 19.134666 
810.500000 216 2.000000 0.351504 4.873242 -2.593980 -3.399271 18.283775 18.283775 
810.500000 217 2.000000 0.548773 16.662262 -3.008171 6.655283 53.341892 53.341892 
810.500000 218 2.000000 0.390516 14.800491 -0.451469 0.802078 0.847153 0.847153 
810.500000 219 2.000000 0.359333 13.094107 -1.164847 -1.854153 4.794753 4.794753 
810.500000 220 2.000000 0.438485 8.811340 -3.743428 4.865317 37.684564 37.684564 
810.500000 221 2.000000 0.604531 17.153017 -3.954675 2.032571 19.770798 19.770798 
810.500000 222 2.000000 0.999999 6.752568 -3.231909 -2.136903 15.011591 15.011591 
810.500000 223 2.000000 0.787930 19.801439 -4.241388 -3.971201 33.759814 33.759814 
810.500000 224 2.000000 0.796736 12.676534 0.903456 -1.365429 2.680630 2.680630 
810.500000 225 2.000000 0.123979 0.107127 -1.946710 -2.584576 10.469711 10.469711 
810.500000 226 2.000000 0.000001 2.705446 5.701679 4.162222 49.833242 49.833242 
810.500000 227 2.000000 0.531825 4.884743 3.319059 -3.082248 20.516403 20.516403 
810.500000 228 2.000000 0.231739 1.814982 -5.121737 7.259925 78.938693 78.938693 
810.500000 229 2.000000 0.447926 19.409265 -5.520730 -3.938225 45.988076 45.988076 
810.500000 230 2.000000 0.513472 14.160001 2.053883 -5.178975 31.040219 31.040219 
810.500000 231 2.000000 0.119719 6.189201 -4.471537 -0.371160 20.132403 20.132403 
810.500000 232 2.000000 0.999999 2.781415 -4.408126 3.090460 28.982520 28.982520 
810.500000 233 2.000000 0.581454 19.372393 5.814528 -0.836808 34.508980 34.508980 
810.500000 234 2.000000 0.000001 4.652250 4.166690 5.169165 44.081574 44.081574 
810.500000 235 2.000000 0.003198 15.096647 4.040802 -2.382115 22.002554 22.002554 
810.500000 236 2.000000 0.529925 13.148577 3.532829 1.291934 14.149974 14.149974 
810.500000 237 2.000000 0.063076 12.143509 0.420498 -1.124007 1.440210 1.440210 
810.500000 238 2.000000 0.857889 10.523732 8.578882 -2.541411 80.055988 80.055988 
810.500000 239 2.000000 0.364183 10.971719 -3.179082 1.770685 13.241887 13.241887 
810.500000 240 2.000000 0.187070 2.772976 -0.476840 5.464384 30.086871 30.086871 
810.500000 241 2.000000 0.082041 17.209484 0.410201 -3.720686 14.011771 14.011771 
810.500000 242 2.000000 0.827982 8.514876 8.212701 2.323315 72.846249 72.846249 
810.500000 243 2.000000 0.600486 17.810791 1.715672 0.794025 3.574006 3.574006 
810.500000 244 2.000000 0.546873 11.703115 -1.294646 -5.173432 28.440511 28.440511 
810.500000 245 2.000000 0.501743 15.640840 3.344944 -6.240091 50.127382 50.127382 
810.500000 246 2.000000 0.999999 6.089335 -4.658304 0.967733 22.636306 22.636306 
810.500000 247 2.000000 0.716297 13.445432 0.876249 4.908053 24.856793 24.856793 
810.500000 248 2.000000 0.686840 17.087930 0.915785 -5.824139 34.759255 34.759255 
810.500000 249 2.000000 0.520194 9.057046 -4.798055 -2.606940 29.817466 29.817466 
810.500000 250 2.000000 0.655091 12.144865 3.275449 -2.163362 15.408703 15.408703 
810.500000 251 2.000000 0.530360 9.365885 -0.335456 2.328339 5.533696 5.533696 
810.500000 252 2.000000 0.282405 11.056922 5.648086 -0.479922 32.131199 32.131199 
810.500000 253 2.000000 0.777909 12.516308 -4.441792 5.214205 46.917447 46.917447 
810.500000 254 2.000000 0.652177 16.926640 -6.956449 -1.942146 52.164115 52.164115 
810.500000 255 2.000000 0.414879 9.138828 1.659510 -5.936180 37.992211 37.992211 
810.500000 256 2.000000 0.109679 9.163451 -0.088282 1.591896 2.541925 2.541925 
810.500000 257 2.000000 0.791467 17.190464 -4.170647 -2.751601 24.965603 24.965603 
810.500000 258 2.000000 0.309419 6.122937 5.296320 -2.547024 34.538333 34.538333 
810.500000 259 2.000000 0.974034 7.499088 4.870166 -1.458430 25.845530 25.845530 
810.500000 260 2.000000 0.108376 18.160057 2.167501 -0.213789 4.743767 4.743767 
810.500000 261 2.000000 0.572603 12.814989 5.726022 -0.489767 33.027195 33.027195 
810.500000 262 2.000000 0.923928 17.015048 6.159514 -7.462378 93.626706 93.626706 
810.500000 263 2.000000 0.491472 18.974990 -2.542633 1.424791 8.495013 8.495013 
810.500000 264 2.000000 0.628342 17.366053 4.188937 -2.772574 25.234359 25.234359 
810.500000 265 2.000000 0.105219 7.647775 -1.278258 -2.106643 6.071889 6.071889 
810.500000 266 2.000000 0.167117 10.358506 -2.379662 1.167803 7.026552 7.026552 
810.500000 267 2.000000 0.688259 14.897406 4.588383 0.674506 21.508221 21.508221 
810.500000 268 2.000000 0.365743 12.920589 -1.057094 -0.256259 1.183115 1.183115 
810.500000 269 2.000000 0.999999 1.161701 -1.929439 0.890591 4.515888 4.515888 
810.500000 270 2.000000 0.366925 15.761093 3.669242 0.521140 13.734922 13.734922 
810.500000 271 2.000000 0.200901 7.207253 4.018001 -1.200378 17.585237 17.585237 
810.500000 272 2.000000 0.000001 0.146483 4.079238 2.929645 25.223000 25.223000 
810.500000 273 2.000000 0.592118 10.025085 -4.078807 1.716858 19.584266 19.584266 
810.500000 274 2.000000 0.398133 15.558645 -3.009332 1.761527 12.159057 12.159057 
810.500000 275 2.000000 0.999999 16.008355 -1.819130 1.470424 5.471381 5.471381 
810.500000 276 2.000000 0.210636 6.468298 2.106347 -1.429267 6.479501 6.479501 
810.500000 277 2.000000 0.632024 2.325983 1.264046 -5.414069 30.909953 30.909953 
810.500000 278 2.000000 0.735701 17.678108 -1.761983 2.976804 11.965945 11.965945 
810.500000 279 2.000000 0.999999 19.218203 -1.042261 0.475026 1.311957 1.311957 
810.500000 280 2.000000 0.246399 16.936862 0.985590 1.350192 2.794406 2.794406 
810.500000 281 2.000000 0.022116 16.113266 -2.793950 2.577630 14.450332 14.450332 
810.500000 282 2.000000 0.604828 2.131203 0.322454 -1.262900 1.698892 1.698892 
810.500000 283 2.000000 0.507163 14.620327 5.071623 -5.499098 55.961444 55.961444 
810.500000 284 2.000000 0.537250 14.282413 5.162213 -4.708636 48.819693 48.819693 
810.500000 285 2.000000 0.199821 11.562913 -5.334523 6.638554 72.527532 72.527532 
810.500000 286 2.000000 0.791434 11.152421 -1.775559 0.472814 3.376163 3.376163 
810.500000 287 2.000000 0.887909 3.515325 0.193123 1.956909 3.866789 3.866789 
810.500000 288 2.000000 0.465539 16.454375 -0.712614 7.208185 52.465745 52.465745 
810.500000 289 2.000000 0.916728 10.512841 2.291816 2.635565 12.198626 12.198626 
810.500000 290 2.000000 0.256641 15.718795 0.855467 5.477935 30.739593 30.739593 
810.500000 291 2.000000 0.765202 8.291478 0.728762 -2.607306 7.329137 7.329137 
810.500000 292 2.000000 0.530835 5.644540 -0.266474 2.153489 4.708524 4.708524 
810.500000 293 2.000000 0.999999 9.171271 -3.058236 1.749133 12.412275 12.412275 
810.500000 294 2.000000 0.668877 7.578219 0.154062 -0.918575 0.867515 0.867515 
810.500000 295 2.000000 0.330010 10.512355 -0.957127 2.595643 7.653455 7.653455 
810.500000 296 2.000000 0.097812 19.213922 1.956221 -0.763243 4.409339 4.409339 
810.500000 297 2.000000 0.917626 18.838870 -1.647468 -0.217782 2.761580 2.761580 
810.500000 298 2.000000 0.754298 13.673376 0.020823 -2.559823 6.553126 6.553126 
810.500000 299 2.000000 0.223094 12.942510 -2.810581 2.583535 14.574018 14.574018 
810.500000 300 2.000000 0.242401 18.912527 -7.575978 1.441934 59.474616 59.474616 
810.500000 301 2.000000 0.999999 4.342477 -5.745913 0.645477 33.432156 33.432156 
810.500000 302 2.000000 0.173847 18.892827 -0.664361 -2.797717 8.268598 8.268598 
810.500000 303 2.000000 0.993853 15.707223 0.946526 1.718110 3.847812 3.847812 
810.500000 304 2.000000 0.000001 17.110582 3.189063 2.913824 18.660494 18.660494 
810.500000 305 2.000000 0.088120 11.473718 -4.559397 -2.750413 28.352872 28.352872 
810.500000 306 2.000000 0.457178 5.706459 1.015948 -0.131150 1.049351 1.049351 
810.500000 307 2.000000 0.593288 4.983303 -4.067110 0.980511 17.502784 17.502784 
810.500000 308 2.000000 0.440002 6.212917 -0.892297 0.463519 1.011044 1.011044 
810.500000 309 2.000000 0.525035 6.557115 3.500229 2.247295 17.301940 17.301940 
810.500000 310 2.000000 0.987291 3.275285 0.842864 4.002986 16.734319 16.734319 
810.500000 311 2.000000 0.599171 3.363605 1.711915 0.276807 3.007276 3.007276 
810.500000 312 2.000000 0.305804 11.322756 6.116068 2.479973 43.556548 43.556548 
810.500000 313 2.000000 0.460316 17.209465 4.603151 4.186452 38.715381 38.715381 
810.500000 314 2.000000 0.000001 1.423197 2.422314 -1.738971 8.891624 8.891624 
810.500000 315 2.000000 0.999999 8.415370 -5.676268 1.845013 35.624097 35.624097 
810.500000 316 2.000000 0.337810 7.851328 6.756172 -5.304906 73.787884 73.787884 
810.500000 317 2.000000 0.389834 11.152534 -1.220331 -2.641034 8.464270 8.464270 
810.500000 318 2.000000 0.739419 17.174169 2.735087 -6.289167 47.034323 47.034323 
810.500000 319 2.000000 0.726635 18.149437 -0.008292 -2.467416 6.088212 6.088212 
810.500000 320 2.000000 0.721043 5.105166 0.655492 -2.573786 7.054043 7.054043 
810.500000 321 2.000000 0.420964 13.978322 2.104816 -1.814582 7.722960 7.722960 
810.500000 322 2.000000 0.560771 4.146671 -0.127129 -0.554781 0.323944 0.323944 
810.500000 323 2.000000 0.999999 6.681427 -8.646727 1.969130 78.643367 78.643367 
810.500000 324 2.000000 0.018339 1.958461 -2.804742 -0.920318 8.713563 8.713563 
810.500000 325 2.000000 0.562525 7.834462 -2.187371 5.615091 36.313836 36.313836 
810.500000 326 2.000000 0.436367 3.483210 4.363656 -0.166190 19.069109 19.069109 
810.500000 327 2.000000 0.128030 10.937009 -0.398144 5.583994 31.339503 31.339503 
810.500000 328 2.000000 0.030290 4.292888 -6.464725 1.456094 43.912880 43.912880 
810.500000 329 2.000000 0.067039 1.188465 -2.181532 2.123701 9.269188 9.269188 
810.500000 330 2.000000 0.019893 2.146113 -2.450265 4.292223 24.426979 24.426979 
810.500000 331 2.000000 0.699547 16.904544 -6.009036 1.551538 38.515780 38.515780 
810.500000 332 2.000000 0.999999 2.819011 -4.452045 -3.211216 30.132618 30.132618 
810.500000 333 2.000000 0.670125 19.431985 6.701238 0.719492 45.424261 45.424261 
810.500000 334 2.000000 0.999999 14.657071 -5.759069 -4.143606 50.336342 50.336342 
810.500000 335 2.000000 0.463193 12.084512 2.315960 4.101017 22.182013 22.182013 
810.500000 336 2.000000 0.813091 9.253741 2.032725 0.785701 4.749297 4.749297 
810.500000 337 2.000000 0.294467 0.846214 -3.527660 -1.473679 14.616118 14.616118 
810.500000 338 2.000000 0.739702 18.714925 -1.735313 2.348482 8.526678 8.526678 
810.500000 339 2.000000 0.035794 5.487289 -2.410512 7.838982 67.260216 67.260216 
810.500000 340 2.000000 0.275602 19.999999 -4.829313 -1.469955 25.483032 25.483032 
810.500000 341 2.000000 0.330738 16.209773 6.614731 -2.221442 48.689470 48.689470 
810.500000 342 2.000000 0.373388 5.154750 2.489248 6.156389 44.097479 44.097479 
810.500000 343 2.000000 0.999999 19.999999 -2.979317 -4.683114 30.807882 30.807882 
810.500000 344 2.000000 0.474131 1.979813 3.160866 2.790063 17.775527 17.775527 
810.500000 345 2.000000 0.978128 18.810407 2.794649 2.386064 13.503362 13.503362 
810.500000 346 2.000000 0.468387 17.573036 -2.658058 0.997484 8.060244 8.060244 
810.500000 347 2.000000 0.215912 5.886090 -7.840869 -0.524630 61.754461 61.754461 
810.500000 348 2.000000 0.383717 4.677866 3.837156 -1.517842 17.027612 17.027612 
810.500000 349 2.000000 0.856631 3.062308 -1.433678 -5.518488 32.509146 32.509146 
810.500000 350 2.000000 0.999999 19.435270 -3.047970 3.076301 18.753749 18.753749 
810.500000 351 2.000000 0.999999 5.988016 -1.818544 -0.268990 3.379458 3.379458 
810.500000 352 2.000000 0.190183 17.870748 -5.398776 -2.365834 34.743953 34.743953 
810.500000 353 2.000000 0.786524 5.763145 -4.269507 -3.686899 31.821915 31.821915 
810.500000 354 2.000000 0.698947 1.387754 6.989464 3.107290 58.507859 58.507859 
810.500000 355 2.000000 0.503659 3.804067 2.014630 3.685169 17.639208 17.639208 
810.500000 356 2.000000 0.898652 2.117434 -0.675647 2.228877 5.424389 5.424389 
810.500000 357 2.000000 0.794962 12.727705 -4.100738 2.966287 25.614914 25.614914 
810.500000 358 2.000000 0.511526 11.098425 -0.488473 -2.862849 8.434510 8.434510 
810.500000 359 2.000000 0.736762 3.831132 3.683803 7.662261 72.280648 72.280648 
810.500000 360 2.000000 0.919490 8.278588 -0.805087 2.695876 7.915910 7.915910 
810.500000 361 2.000000 0.000001 9.782734 2.012552 0.811646 4.709134 4.709134 
810.500000 362 2.000000 0.851154 11.111716 -2.976905 -1.145094 10.173204 10.173204 
810.500000 363 2.000000 0.038403 19.493308 -1.282128 0.111404 1.656263 1.656263 
810.500000 364 2.000000 0.544472 14.300688 1.047929 -2.467528 7.186849 7.186849 
810.500000 365 2.000000 0.072842 8.732429 -1.158946 -0.119855 1.357522 1.357522 
810.500000 366 2.000000 0.990385 10.110485 0.380917 2.732563 7.611999 7.611999 
810.500000 367 2.000000 0.048618 6.634245 0.324116 3.586078 12.965006 12.965006 
810.500000 368 2.000000 0.598622 15.011077 5.986214 -8.314870 104.971825 104.971825 
810.500000 369 2.000000 0.676484 17.619339 1.626937 2.386124 8.340514 8.340514 
810.500000 370 2.000000 0.627965 3.149313 -0.930084 -3.653783 14.215187 14.215187 
810.500000 371 2.000000 0.999999 17.208988 -4.188433 -3.987159 33.440402 33.440402 
810.500000 372 2.000000 0.603182 14.233982 6.031811 -2.922494 44.923714 44.923714 
810.500000 373 2.000000 0.448098 1.240038 -3.679338 -1.821231 16.854410 16.854410 
810.500000 374 2.000000 0.536393 1.612307 -1.854424 3.224612 13.837013 13.837013 
810.500000 375 2.000000 0.650538 19.994652 4.336912 2.376372 24.455950 24.455950 
810.500000 376 2.000000 0.293685 6.124111 0.480492 5.593673 31.520051 31.520051 
810.500000 377 2.000000 0.653407 2.172288 -0.346592 1.059652 1.242988 1.242988 
810.500000 378 2.000000 0.999999 14.369491 -3.468262 -2.448047 18.021778 18.021778 
810.500000 379 2.000000 0.390704 18.083456 -1.740843 2.607641 9.830325 9.830325 
810.500000 380 2.000000 0.648792 16.692044 0.889468 0.640390 1.201253 1.201253 
810.500000 381 2.000000 0.713485 10.448834 1.297244 1.256643 3.261992 3.261992 
810.500000 382 2.000000 0.546232 19.892228 -3.025110 0.958905 10.070791 10.070791 
810.500000 383 2.000000 0.513921 12.231746 5.139201 -2.501406 32.668417 32.668417 
810.500000 384 2.000000 0.461266 6.255554 -5.387331 3.393458 40.538897 40.538897 
810.500000 385 2.000000 0.999999 3.887369 -4.033602 -2.113643 20.737435 20.737435 
810.500000 386 2.000000 0.000001 5.881719 0.719878 -0.250956 0.581203 0.581203 
810.500000 387 2.000000 0.351498 15.650896 7.029942 1.912474 53.077647 53.077647 
810.500000 388 2.000000 0.121794 15.107552 -8.782047 -1.395741 79.072451 79.072451 
810.500000 389 2.000000 0.963518 11.066166 0.150561 -0.566095 0.343132 0.343132 
810.500000 390 2.000000 0.751045 15.847782 5.006962 5.307935 53.243839 53.243839 
810.500000 391 2.000000 0.711924 5.435411 -1.920499 2.404853 9.471634 9.471634 
810.500000 392 2.000000 0.000001 11.446510 4.218980 -0.294158 17.886318 17.886318 
810.500000 393 2.000000 0.042755 18.746002 -3.828977 6.898039 62.244000 62.244000 
810.500000 394 2.000000 0.408267 3.857749 0.281563 -3.267903 10.758465 10.758465 
810.500000 395 2.000000 0.624496 6.859751 6.244948 4.156213 56.273484 56.273484 
810.500000 396 2.000000 0.957313 12.389604 -0.853727 -1.226525 2.233213 2.233213 
810.500000 397 2.000000 0.850826 12.138412 3.403298 -1.773402 14.727395 14.727395 
810.500000 398 2.000000 0.211401 1.968167 -3.154393 -1.244564 11.499132 11.499132 
810.500000 399 2.000000 0.389009 0.195530 -3.054949 -5.140238 35.754755 35.754755 
810.500000 400 2.000000 0.304180 5.327587 3.041789 -8.104329 74.932634 74.932634 
810.500000 401 2.000000 0.291168 12.410571 5.823336 -1.924670 37.615600 37.615600 
810.500000 402 2.000000 0.999999 9.397371 -3.304676 0.173502 10.950988 10.950988 
810.500000 403 2.000000 0.882195 13.377625 -2.356073 -3.311187 16.515038 16.515038 
810.500000 404 2.000000 0.235015 3.069060 4.700278 -2.563349 28.663376 28.663376 
810.500000 405 2.000000 0.461067 5.456571 3.073771 0.243438 9.507332 9.507332 
810.500000 406 2.000000 0.740839 18.085905 7.408383 -0.981587 55.847656 55.847656 
810.500000 407 2.000000 0.556057 4.365082 -0.823453 2.138444 5.251017 5.251017 
810.500000 408 2.000000 0.791413 18.785464 0.162304 3.909808 15.312943 15.312943 
810.500000 409 2.000000 0.312756 2.055826 -3.436215 -3.917413 27.153698 27.153698 
810.500000 410 2.000000 0.592657 5.795869 -0.905206 -3.949909 16.421176 16.421176 
810.500000 411 2.000000 0.826210 14.406973 -1.737891 5.859066 37.348913 37.348913 
810.500000 412 2.000000 0.216927 7.566661 5.018598 2.061293 29.435254 29.435254 
810.500000 413 2.000000 0.999999 8.318774 -2.592572 5.923688 41.811510 41.811510 
810.500000 414 2.000000 0.794780 13.939750 0.387697 6.483178 42.181910 42.181910 
810.500000 415 2.000000 0.483675 3.795547 -1.290810 2.617618 8.518114 8.518114 
810.500000 416 2.000000 0.567847 14.441983 0.124562 -6.520710 42.535177 42.535177 
810.500000 417 2.000000 0.000001 1.623646 1.823370 4.117346 20.277214 20.277214 
810.500000 418 2.000000 0.195441 19.633106 1.954396 1.321523 5.566087 5.566087 
810.500000 419 2.000000 0.884019 2.534577 -2.319605 -1.870855 8.880663 8.880663 
810.500000 420 2.000000 0.278427 9.041638 -0.656287 -7.898326 62.814266 62.814266 
810.500000 421 2.000000 0.821264 12.464398 -0.893675 -2.258834 5.900984 5.900984 
810.500000 422 2.000000 0.999999 8.714523 -9.776749 2.955172 104.317864 104.317864 
810.500000 423 2.000000 0.361934 1.369728 3.619328 3.913507 28.415073 28.415073 
810.500000 424 2.000000 0.718359 7.062091 -1.877600 -3.750118 17.588768 17.588768 
810.500000 425 2.000000 0.345321 16.182621 3.453198 0.377461 12.067053 12.067053 
810.500000 426 2.000000 0.999999 4.326056 -2.624188 -2.688185 14.112704 14.112704 
810.500000 427 2.000000 0.999999 13.309702 -3.507259 -1.970930 16.185430 16.185430 
810.500000 428 2.000000 0.000001 17.927874 3.841275 1.684305 17.592281 17.592281 
810.500000 429 2.000000 0.377935 16.836435 1.889671 -3.954455 19.208571 19.208571 
810.500000 430 2.000000 0.546358 17.622135 -3.024270 -4.755729 31.763165 31.763165 
810.500000 431 2.000000 0.606089 19.154568 4.040586 -5.636204 48.093134 48.093134 
810.500000 432 2.000000 0.361427 3.796763 7.228521 2.382469 57.927670 57.927670 
810.500000 433 2.000000 0.799530 14.423038 -0.250586 0.174937 0.093396 0.093396 
810.500000 434 2.000000 0.545623 17.840972 5.456218 1.902633 33.390331 33.390331 
810.500000 435 2.000000 0.377584 18.485819 -1.778329 0.410534 3.330993 3.330993 
810.500000 436 2.000000 0.711200 0.159056 4.741324 -0.201965 22.520942 22.520942 
810.500000 437 2.000000 0.511440 2.860446 -2.442794 3.813927 20.513280 20.513280 
810.500000 438 2.000000 0.278850 14.334144 -3.605746 -2.023520 17.096036 17.096036 
810.500000 439 2.000000 0.700097 14.142688 -2.999025 -4.039525 25.311908 25.311908 
810.500000 440 2.000000 0.000001 0.912556 5.843658 3.650220 47.472450 47.472450 
810.500000 441 2.000000 0.324729 2.316315 -1.500600 -5.473213 32.207862 32.207862 
810.500000 442 2.000000 0.941922 7.688133 3.139735 -4.113101 26.775540 26.775540 
810.500000 443 2.000000 0.892740 13.262050 5.951596 -0.039034 35.423016 35.423016 
810.500000 444 2.000000 0.690105 0.736197 -6.197875 1.840491 41.801064 41.801064 
810.500000 445 2.000000 0.999999 3.805369 -4.511867 1.430248 22.402554 22.402554 
810.500000 446 2.000000 0.836032 10.241936 -0.546557 3.059975 9.662170 9.662170 
810.500000 447 2.000000 0.774891 13.912526 5.165937 6.159006 64.620261 64.620261 
810.500000 448 2.000000 0.999999 12.608185 -5.056466 0.019291 25.568220 25.568220 
810.500000 449 2.000000 0.941259 15.079522 -1.174797 2.680146 8.563329 8.563329 
810.500000 450 2.000000 0.240390 4.929920 4.807776 1.969243 26.992630 26.992630 
810.500000 451 2.000000 0.472419 12.535076 1.181044 -1.188206 2.806699 2.806699 
810.500000 452 2.000000 0.999999 8.065681 -4.564544 -3.479963 32.945205 32.945205 
810.500000 453 2.000000 0.155606 3.904477 1.556053 -2.608988 9.228122 9.228122 
810.500000 454 2.000000 0.188698 17.119014 -3.245205 1.823231 13.855526 13.855526 
810.500000 455 2.000000 0.915882 19.643692 3.663525 -3.563072 26.116902 26.116902 
810.500000 456 2.000000 0.654080 18.904829 -0.384354 2.131387 4.690539 4.690539 
810.500000 457 2.000000 0.999999 9.687831 -2.222026 -3.977949 20.761477 20.761477 
810.500000 458 2.000000 0.751218 9.221398 1.502433 0.875032 3.022986 3.022986 
810.500000 459 2.000000 0.318237 10.052692 3.182364 1.825163 13.458660 13.458660 
810.500000 460 2.000000 0.898985 10.874762 -2.020288 -1.916773 7.755584 7.755584 
810.500000 461 2.000000 0.278647 5.063137 1.857643 5.063136 29.086187 29.086187 
810.500000 462 2.000000 0.576884 17.197248 -4.231151 -2.441051 23.861367 23.861367 
810.500000 463 2.000000 0.003139 15.358413 -4.413473 0.367582 19.613864 19.613864 
810.500000 464 2.000000 0.712807 7.893183 -5.743835 3.027069 42.154795 42.154795 
810.500000 465 2.000000 0.376467 7.470947 0.752932 -1.384316 2.483238 2.483238 
810.500000 466 2.000000 0.681954 12.069160 1.704883 -5.664885 34.997546 34.997546 
810.500000 467 2.000000 0.609599 19.694386 1.741709 -2.037418 7.184622 7.184622 
810.500000 468 2.000000 0.696611 4.871386 4.925747 1.938623 28.021246 28.021246 
810.500000 469 2.000000 0.119186 1.634215 2.383710 2.723690 13.100559 13.100559 
810.500000 470 2.000000 0.999999 14.639580 -8.408514 0.260498 70.770971 70.770971 
810.500000 471 2.000000 0.718045 8.004475 -0.805583 -1.280835 2.289503 2.289503 
810.500000 472 2.000000 0.157389 12.268339 -2.974656 4.132120 25.922999 25.922999 
810.500000 473 2.000000 0.158573 19.975860 -2.404074 9.987929 105.538305 105.538305 
810.500000 474 2.000000 0.040657 3.269640 -2.131871 -1.557576 6.970920 6.970920 
810.500000 475 2.000000 0.998703 8.886233 1.248377 0.556048 1.867635 1.867635 
810.500000 476 2.000000 0.135749 10.762506 -1.152333 -3.764776 15.501412 15.501412 
810.500000 477 2.000000 0.671645 16.418285 -3.283544 -2.310784 16.121380 16.121380 
810.500000 478 2.000000 0.416576 2.270129 -3.889487 6.445745 56.675739 56.675739 
810.500000 479 2.000000 0.520980 19.052234 -4.790189 -4.738825 45.402370 45.402370 
810.500000 480 2.000000 0.485096 8.117635 4.850949 1.524660 25.856298 25.856298 
810.500000 481 2.000000 0.517713 9.707276 -3.215240 -3.453573 22.264929 22.264929 
810.500000 482 2.000000 0.199005 4.674954 -3.948817 2.218041 20.512861 20.512861 
810.500000 483 2.000000 0.999999 5.770289 -5.018730 0.121377 25.202382 25.202382 
810.500000 484 2.000000 0.434252 11.561586 -5.657469 0.336369 32.120102 32.120102 
810.500000 485 2.000000 0.300733 0.032358 -0.270089 -1.616701 2.686670 2.686670 
810.500000 486 2.000000 0.295506 11.354254 2.955055 3.222826 19.118956 19.118956 
810.500000 487 2.000000 0.432516 10.692346 -1.418708 2.920140 10.539953 10.539953 
810.500000 488 2.000000 0.823524 4.574578 -1.176498 -4.368816 20.470700 20.470700 
810.500000 489 2.000000 0.798084 7.781285 2.660277 -2.309175 12.409360 12.409360 
810.500000 490 2.000000 0.021554 1.337484 -2.174322 2.972184 13.561553 13.561553 
810.500000 491 2.000000 0.505506 18.313179 5.055052 3.666082 38.993707 38.993707 
810.500000 492 2.000000 0.999999 16.836548 -0.643142 5.081037 26.230569 26.230569 
810.500000 493 2.000000 0.656807 9.640567 4.378707 1.169685 20.541239 20.541239 
810.500000 494 2.000000 0.766737 18.207867 -4.665247 1.279080 23.400571 23.400571 
810.500000 495 2.000000 0.462820 14.500407 -1.074358 2.982795 10.051311 10.051311 
810.500000 496 2.000000 0.911262 19.887682 -1.774741 0.459970 3.361279 3.361279 
810.500000 497 2.000000 0.397744 8.177295 0.467932 -1.119465 1.472162 1.472162 
810.500000 498 2.000000 0.000001 15.096232 -6.197591 -7.216816 90.492576 90.492576 
810.500000 499 2.000000 0.212622 19.000705 -5.249180 1.106165 28.777496 28.777496 
810.500000 500 2.000000 0.751676 6.464010 1.879189 -5.931040 38.708584 38.708584 
