998.000000 1 2.000000 0.708594 3.110820 -5.828100 6.221638 72.675537 72.675537 
998.000000 2 2.000000 0.318366 15.502106 3.183653 -1.864117 13.610580 13.610580 
998.000000 3 2.000000 0.903227 19.893373 0.903226 -2.132514 5.363434 5.363434 
998.000000 4 2.000000 0.405799 18.726717 2.535035 5.879452 40.994356 40.994356 
998.000000 5 2.000000 0.390470 0.526661 -0.580504 5.266595 28.074010 28.074010 
998.000000 6 2.000000 0.127929 10.942307 -0.657701 0.043092 0.434427 0.434427 
998.000000 7 2.000000 0.629226 7.291872 1.573061 -3.751829 16.550746 16.550746 
998.000000 8 2.000000 0.359998 1.273454 -0.853335 3.638438 13.966414 13.966414 
998.000000 9 2.000000 0.932575 1.004766 6.217160 -1.028198 39.710275 39.710275 
998.000000 10 2.000000 0.220091 3.131254 -3.119631 1.337195 11.520186 11.520186 
998.000000 11 2.000000 0.999999 0.540395 -4.700250 -3.420429 33.791687 33.791687 
998.000000 12 2.000000 0.266906 2.817007 5.338098 -1.644355 31.199192 31.199192 
998.000000 13 2.000000 0.000001 16.901641 6.952573 -0.257218 48.404429 48.404429 
998.000000 14 2.000000 0.671365 13.822135 0.226634 1.099565 1.260406 1.260406 
998.000000 15 2.000000 0.980558 18.647612 -0.388818 -1.931982 3.883732 3.883732 
998.000000 16 2.000000 0.167061 18.626581 1.670603 -3.924052 18.189095 18.189095 
998.000000 17 2.000000 0.766027 5.436956 0.332606 -0.060125 0.114242 0.114242 
998.000000 18 2.000000 0.347245 6.457930 -0.490286 -1.657441 2.987492 2.987492 
998.000000 19 2.000000 0.608830 10.505438 6.088288 3.403915 48.653893 48.653893 
998.000000 20 2.000000 0.014467 6.895519 -2.190070 1.085163 5.973986 5.973986 
998.000000 21 2.000000 0.430843 15.508921 -0.017483 -1.575817 2.483504 2.483504 
998.000000 22 2.000000 0.884447 9.813675 -0.462207 0.319682 0.315832 0.315832 
998.000000 23 2.000000 0.634887 5.458772 -2.642260 3.729392 20.889902 20.889902 
998.000000 24 2.000000 0.000001 15.005098 1.307109 -0.267175 1.779917 1.779917 
998.000000 25 2.000000 0.999006 13.542472 1.174406 0.821733 2.054475 2.054475 
998.000000 26 2.000000 0.759202 17.345130 7.592009 -0.010804 57.638711 57.638711 
998.000000 27 2.000000 0.816946 18.826524 -3.661050 5.375067 42.294639 42.294639 
998.000000 28 2.000000 0.202508 18.055869 -1.063321 1.084326 2.306414 2.306414 
998.000000 29 2.000000 0.651353 15.046779 -3.486455 -0.254213 12.219994 12.219994 
998.000000 30 2.000000 0.372891 4.742146 -1.567365 -0.386515 2.606027 2.606027 
998.000000 31 2.000000 0.000001 2.600559 6.704977 -1.532891 47.306474 47.306474 
998.000000 32 2.000000 0.248221 8.032495 0.001018 -4.533414 20.551840 20.551840 
998.000000 33 2.000000 0.999999 7.878798 -1.877858 -1.796572 6.754019 6.754019 
998.000000 34 2.000000 0.695119 0.091932 -2.032532 -4.078165 20.762616 20.762616 
998.000000 35 2.000000 0.579421 9.641577 -0.014606 1.180156 1.392981 1.392981 
998.000000 36 2.000000 0.498955 19.255665 -2.004176 -1.654075 6.752687 6.752687 
998.000000 37 2.000000 0.000001 6.362735 4.032775 -0.774137 16.862562 16.862562 
998.000000 38 2.000000 0.882892 3.468733 1.765782 -1.827282 6.456947 6.456947 
998.000000 39 2.000000 0.507468 11.811607 -1.407231 2.190348 6.777921 6.777921 
998.000000 40 2.000000 0.999999 16.393877 -1.402610 3.860601 16.871551 16.871551 
998.000000 41 2.000000 0.746080 18.708351 -2.539189 2.504691 12.720957 12.720957 
998.000000 42 2.000000 0.824731 2.574234 1.535259 -9.432240 91.324172 91.324172 
998.000000 43 2.000000 0.116742 10.909680 0.623263 -2.335930 5.845028 5.845028 
998.000000 44 2.000000 0.956752 18.199640 1.498020 -3.078490 11.721163 11.721163 
998.000000 45 2.000000 0.000001 10.472342 6.217944 2.439276 44.612892 44.612892 
998.000000 46 2.000000 0.198439 7.238682 0.992190 5.881575 35.577370 35.577370 
998.000000 47 2.000000 0.875176 10.325282 -0.832156 -2.306860 6.014087 6.014087 
998.000000 48 2.000000 0.281199 7.944216 0.624884 0.528124 0.669395 0.669395 
998.000000 49 2.000000 0.238293 8.345690 -2.081897 -3.173191 14.403438 14.403438 
998.000000 50 2.000000 0.481679 8.412937 3.211186 7.293832 63.511705 63.511705 
998.000000 51 2.000000 0.411703 10.930676 1.646810 -1.676200 5.521630 5.521630 
998.000000 52 2.000000 0.349396 6.987093 3.493947 -8.133066 78.354433 78.354433 
998.000000 53 2.000000 0.729924 11.189446 4.423288 -3.401614 31.136453 31.136453 
998.000000 54 2.000000 0.327542 0.640030 -1.152426 4.266860 19.534180 19.534180 
998.000000 55 2.000000 0.673892 17.963538 -1.630537 -0.515187 2.924068 2.924068 
998.000000 56 2.000000 0.936907 19.688009 -1.261841 -0.002589 1.592249 1.592249 
998.000000 57 2.000000 0.303353 3.935410 -2.786583 -3.569909 20.509294 20.509294 
998.000000 58 2.000000 0.591205 16.005097 0.909545 7.927341 63.670000 63.670000 
998.000000 59 2.000000 0.239240 6.418690 2.392394 4.963707 30.361937 30.361937 
998.000000 60 2.000000 0.968926 2.995264 3.875700 -2.191690 19.824552 19.824552 
998.000000 61 2.000000 0.476457 7.984306 -2.094167 -1.905096 8.014928 8.014928 
998.000000 62 2.000000 0.357368 9.479039 1.786834 4.450047 22.995693 22.995693 
998.000000 63 2.000000 0.776681 7.880441 -1.119383 -5.850378 35.479945 35.479945 
998.000000 64 2.000000 0.719285 12.493240 -5.614272 -2.343196 37.010617 37.010617 
998.000000 65 2.000000 0.325345 5.160524 0.591535 -1.747100 3.402271 3.402271 
998.000000 66 2.000000 0.137207 2.516384 -2.465120 1.219751 7.564613 7.564613 
998.000000 67 2.000000 0.123768 16.113039 -2.920771 -5.979939 44.290574 44.290574 
998.000000 68 2.000000 0.999999 9.684420 -1.658591 -6.966677 51.285514 51.285514 
998.000000 69 2.000000 0.076515 7.030528 -0.002332 -4.988258 24.882724 24.882724 
998.000000 70 2.000000 0.000001 6.934241 7.017998 -5.481470 79.298808 79.298808 
998.000000 71 2.000000 0.636734 11.944249 -0.726531 0.577882 0.861795 0.861795 
998.000000 72 2.000000 0.370684 15.729201 7.413668 0.562850 55.279280 55.279280 
998.000000 73 2.000000 0.284320 2.933067 -0.445665 1.652960 2.930893 2.930893 
998.000000 74 2.000000 0.509528 12.749014 5.095274 1.923414 29.661341 29.661341 
998.000000 75 2.000000 0.822700 8.908958 -0.506569 -5.435954 29.806213 29.806213 
998.000000 76 2.000000 0.118927 3.773975 -2.517348 2.888134 14.678360 14.678360 
998.000000 77 2.000000 0.953534 13.955687 0.953533 1.802849 4.159492 4.159492 
998.000000 78 2.000000 0.616400 14.282657 6.163995 -0.520983 38.266252 38.266252 
998.000000 79 2.000000 0.648848 7.582077 1.297694 1.124099 2.947608 2.947608 
998.000000 80 2.000000 0.183915 8.891196 3.678270 0.769811 14.122281 14.122281 
998.000000 81 2.000000 0.589934 6.423446 2.949663 1.087550 9.883275 9.883275 
998.000000 82 2.000000 0.138187 18.282217 2.763728 5.183514 34.507010 34.507010 
998.000000 83 2.000000 0.635277 0.000001 0.977347 7.901695 63.391988 63.391988 
998.000000 84 2.000000 0.192084 10.436944 3.841653 9.939946 113.560822 113.560822 
998.000000 85 2.000000 0.999999 19.097921 -3.073409 2.191912 14.250324 14.250324 
998.000000 86 2.000000 0.935887 11.035989 3.743545 3.741013 28.009308 28.009308 
998.000000 87 2.000000 0.185547 1.660875 -0.701769 -0.248744 0.554353 0.554353 
998.000000 88 2.000000 0.561524 10.331294 -0.515853 -2.681638 7.457289 7.457289 
998.000000 89 2.000000 0.976905 7.511347 4.884522 -1.302621 25.555380 25.555380 
998.000000 90 2.000000 0.169691 12.549383 -0.474417 0.462462 0.438943 0.438943 
998.000000 91 2.000000 0.307873 6.348047 0.513119 2.821354 8.223330 8.223330 
998.000000 92 2.000000 0.806785 10.173944 2.305097 2.098013 9.715133 9.715133 
998.000000 93 2.000000 0.173751 2.597066 1.158333 5.771255 34.649115 34.649115 
998.000000 94 2.000000 0.118876 16.484963 -1.762245 -2.703874 10.416443 10.416443 
998.000000 95 2.000000 0.794204 9.619241 -4.115899 -1.505590 19.207424 19.207424 
998.000000 96 2.000000 0.565982 1.380525 -1.894784 3.025135 12.741649 12.741649 
998.000000 97 2.000000 0.787689 0.733717 -2.123104 -4.730633 26.886461 26.886461 
998.000000 98 2.000000 0.288948 18.632138 -2.031574 5.097271 30.109468 30.109468 
998.000000 99 2.000000 0.793878 2.591455 1.774062 3.445457 15.018474 15.018474 
998.000000 100 2.000000 0.269074 8.150034 -3.005187 6.237339 47.935547 47.935547 
998.000000 101 2.000000 0.000001 16.275377 6.307015 -0.719336 40.295886 40.295886 
998.000000 102 2.000000 0.213575 8.788238 2.135736 6.788730 50.648226 50.648226 
998.000000 103 2.000000 0.385381 14.299794 -4.097453 2.413358 22.613417 22.613417 
998.000000 104 2.000000 0.117294 3.971189 -0.735587 -4.931942 24.865136 24.865136 
998.000000 105 2.000000 0.843433 3.988893 -1.565656 0.047304 2.453515 2.453515 
998.000000 106 2.000000 0.248877 10.761724 -5.007480 -6.589163 68.491924 68.491924 
998.000000 107 2.000000 0.859258 10.217205 -0.703703 1.779752 3.662714 3.662714 
998.000000 108 2.000000 0.999999 9.685317 -3.879282 5.261202 42.729082 42.729082 
998.000000 109 2.000000 0.000001 6.685684 2.471043 -0.731966 6.641829 6.641829 
998.000000 110 2.000000 0.142080 13.142795 -8.579186 -0.710094 74.106660 74.106660 
998.000000 111 2.000000 0.416699 6.924651 -2.916502 -3.563152 21.202034 21.202034 
998.000000 112 2.000000 0.626136 6.652577 0.205290 -2.933499 8.647562 8.647562 
998.000000 113 2.000000 0.999999 11.365961 -1.737087 5.828697 36.991183 36.991183 
998.000000 114 2.000000 0.874961 1.566839 -1.250383 4.041291 17.895491 17.895491 
998.000000 115 2.000000 0.467741 10.176780 9.354804 -4.179742 104.982597 104.982597 
998.000000 116 2.000000 0.112818 9.664722 -0.709745 0.096901 0.513127 0.513127 
998.000000 117 2.000000 0.000001 4.928987 13.336678 0.074936 177.872586 177.872586 
998.000000 118 2.000000 0.000001 9.065379 6.677081 -0.835046 45.280707 45.280707 
998.000000 119 2.000000 0.593926 6.291096 3.959497 1.494128 17.910036 17.910036 
998.000000 120 2.000000 0.493530 12.217087 3.290194 0.754289 11.394332 11.394332 
998.000000 121 2.000000 0.000001 7.509465 2.170850 -1.561143 7.149757 7.149757 
998.000000 122 2.000000 0.603124 1.901190 -3.968749 0.760476 16.329293 16.329293 
998.000000 123 2.000000 0.228263 16.664189 -1.929340 -1.596689 6.271768 6.271768 
998.000000 124 2.000000 0.617154 10.930321 1.542883 0.733589 2.918641 2.918641 
998.000000 125 2.000000 0.407722 15.136589 4.077213 -0.071309 16.628750 16.628750 
998.000000 126 2.000000 0.595129 12.006009 5.951285 -0.242194 35.476447 35.476447 
998.000000 127 2.000000 0.645857 1.479538 -3.541420 -2.198183 17.373663 17.373663 
998.000000 128 2.000000 0.634233 18.195746 1.468537 -3.733357 16.094557 16.094557 
998.000000 129 2.000000 0.445944 7.446241 2.795836 0.647751 8.236281 8.236281 
998.000000 130 2.000000 0.905465 9.647869 7.471502 -4.881210 79.649545 79.649545 
998.000000 131 2.000000 0.000001 18.629694 2.826649 1.325660 9.747319 9.747319 
998.000000 132 2.000000 0.166633 18.135632 -5.555772 2.926882 39.433240 39.433240 
998.000000 133 2.000000 0.240309 18.099374 -1.575337 0.997649 3.476990 3.476990 
998.000000 134 2.000000 0.237887 11.054648 0.018943 -4.081977 16.662896 16.662896 
998.000000 135 2.000000 0.721190 2.029221 -0.206525 -5.311958 28.259548 28.259548 
998.000000 136 2.000000 0.573719 1.692889 -2.841869 3.653354 21.423214 21.423214 
998.000000 137 2.000000 0.240749 14.792250 2.407480 0.265763 5.866591 5.866591 
998.000000 138 2.000000 0.748705 9.762899 -1.256469 -1.681695 4.406812 4.406812 
998.000000 139 2.000000 0.494807 6.563792 -2.525961 2.871595 14.626534 14.626534 
998.000000 140 2.000000 0.137687 6.778028 2.753710 5.593552 38.870742 38.870742 
998.000000 141 2.000000 0.170953 14.213551 -8.290462 5.997304 104.699414 104.699414 
998.000000 142 2.000000 0.902993 0.681005 -1.940122 -3.817102 18.334344 18.334344 
998.000000 143 2.000000 0.394464 10.727400 -1.513838 -1.008175 3.308121 3.308121 
998.000000 144 2.000000 0.638832 18.415378 -1.031907 -1.320517 2.808598 2.808598 
998.000000 145 2.000000 0.197293 6.974240 -1.234932 -2.894537 9.903403 9.903403 
998.000000 146 2.000000 0.121653 11.083733 -4.391732 -2.286595 24.515827 24.515827 
998.000000 147 2.000000 0.936805 19.572642 2.342010 3.456023 17.429109 17.429109 
998.000000 148 2.000000 0.257480 17.866812 1.287394 7.320911 55.253126 55.253126 
998.000000 149 2.000000 0.563312 8.283076 3.755405 -0.527136 14.380936 14.380936 
998.000000 150 2.000000 0.289742 3.535014 0.445756 -2.763526 7.835773 7.835773 
998.000000 151 2.000000 0.999999 3.760483 -2.580093 0.962373 7.583044 7.583044 
998.000000 152 2.000000 0.430340 7.089309 2.491511 -2.958504 14.960374 14.960374 
998.000000 153 2.000000 0.194008 14.409468 -0.012562 2.447046 5.988191 5.988191 
998.000000 154 2.000000 0.841085 11.753907 0.047172 5.553341 30.841823 30.841823 
998.000000 155 2.000000 0.225889 16.341226 2.258876 -0.813179 5.763778 5.763778 
998.000000 156 2.000000 0.888502 18.739694 4.442505 5.338813 48.238773 48.238773 
998.000000 157 2.000000 0.335398 3.099588 3.353970 2.137646 15.818647 15.818647 
998.000000 158 2.000000 0.960183 19.184848 4.800909 5.752836 56.143844 56.143844 
998.000000 159 2.000000 0.631133 9.607727 -7.377328 0.048590 54.427328 54.427328 
998.000000 160 2.000000 0.266573 4.464620 2.665723 -0.533939 7.391172 7.391172 
998.000000 161 2.000000 0.367588 18.513651 -3.162053 -0.832157 10.691067 10.691067 
998.000000 162 2.000000 0.845777 8.158753 0.058281 -0.395575 0.159876 0.159876 
998.000000 163 2.000000 0.910440 18.060439 -1.791189 0.418948 3.383877 3.383877 
998.000000 164 2.000000 0.949324 3.571387 -1.013507 1.555727 3.447484 3.447484 
998.000000 165 2.000000 0.775677 2.716335 5.171171 -0.906664 27.563048 27.563048 
998.000000 166 2.000000 0.913807 18.584285 -1.723836 -7.078570 53.077768 53.077768 
998.000000 167 2.000000 0.155977 8.470083 3.119513 -0.390430 9.883797 9.883797 
998.000000 168 2.000000 0.294439 16.184875 -0.613530 1.911599 4.030632 4.030632 
998.000000 169 2.000000 0.485383 1.732436 -5.146164 -5.225346 53.787245 53.787245 
998.000000 170 2.000000 0.871763 7.499353 -2.564728 -3.441148 18.419328 18.419328 
998.000000 171 2.000000 0.567832 12.305770 -4.321666 0.501709 18.928510 18.928510 
998.000000 172 2.000000 0.653066 9.183873 -0.495619 -1.634655 2.917735 2.917735 
998.000000 173 2.000000 0.751283 14.642528 -1.243581 2.866138 9.761244 9.761244 
998.000000 174 2.000000 0.208785 0.912088 2.087839 4.560437 25.156656 25.156656 
998.000000 175 2.000000 0.641232 6.299297 2.564923 1.999776 10.577934 10.577934 
998.000000 176 2.000000 0.981093 19.512451 0.350390 -2.437741 6.065354 6.065354 
998.000000 177 2.000000 0.693773 8.210755 4.625146 -6.205489 59.900064 59.900064 
998.000000 178 2.000000 0.624529 4.343433 -3.754700 -4.597623 35.235913 35.235913 
998.000000 179 2.000000 0.231136 7.429808 0.348854 -7.407738 54.996285 54.996285 
998.000000 180 2.000000 0.280490 1.333107 5.609774 5.332423 59.904299 59.904299 
998.000000 181 2.000000 0.344031 10.944567 6.880594 1.712904 50.276613 50.276613 
998.000000 182 2.000000 0.128616 8.855546 0.643074 -0.085222 0.420807 0.420807 
998.000000 183 2.000000 0.349972 10.222229 3.499713 5.445105 41.897158 41.897158 
998.000000 184 2.000000 0.639130 14.126687 1.373682 0.190861 1.923430 1.923430 
998.000000 185 2.000000 0.487981 3.315357 1.626599 8.288390 71.343226 71.343226 
998.000000 186 2.000000 0.493215 12.336728 -0.066550 -0.601578 0.366324 0.366324 
998.000000 187 2.000000 0.198042 11.529497 -3.207828 -8.885604 89.244122 89.244122 
998.000000 188 2.000000 0.999999 14.456085 -5.904917 2.101722 39.285275 39.285275 
998.000000 189 2.000000 0.668467 15.394356 1.336933 -1.410695 3.777449 3.777449 
998.000000 190 2.000000 0.205178 5.143128 1.367844 -8.185881 68.879651 68.879651 
998.000000 191 2.000000 0.080432 11.027931 0.154003 -0.219047 0.071699 0.071699 
998.000000 192 2.000000 0.999999 13.479668 -7.427171 -2.976383 64.021725 64.021725 
998.000000 193 2.000000 0.575491 1.245774 3.836599 0.320781 14.822392 14.822392 
998.000000 194 2.000000 0.834818 13.006391 -0.471946 0.520233 0.493375 0.493375 
998.000000 195 2.000000 0.999999 3.684835 -1.803024 -4.350710 22.179575 22.179575 
998.000000 196 2.000000 0.768468 0.498251 -2.315307 1.660834 8.119014 8.119014 
998.000000 197 2.000000 0.815020 13.927203 -3.699588 -1.578420 16.178358 16.178358 
998.000000 198 2.000000 0.310203 16.389875 -2.759185 -5.624618 39.249422 39.249422 
998.000000 199 2.000000 0.226121 16.966590 2.261204 -4.185790 22.633878 22.633878 
998.000000 200 2.000000 0.146797 5.398818 2.935924 2.416890 14.461005 14.461005 
998.000000 201 2.000000 0.497050 4.396978 -2.514743 1.564385 8.771233 8.771233 
998.000000 202 2.000000 0.383210 2.541817 0.510946 1.639881 2.950277 2.950277 
998.000000 203 2.000000 0.029367 14.332040 -1.493280 6.508062 44.584755 44.584755 
998.000000 204 2.000000 0.423970 7.643051 -0.576029 3.396911 11.870814 11.870814 
998.000000 205 2.000000 0.823136 1.303363 0.685946 0.151461 0.493462 0.493462 
998.000000 206 2.000000 0.140933 2.934210 -1.561938 -7.935905 65.418234 65.418234 
998.000000 207 2.000000 0.828318 19.999999 8.283165 -5.235610 96.022437 96.022437 
998.000000 208 2.000000 0.648413 17.753580 -7.031718 -6.371232 90.037657 90.037657 
998.000000 209 2.000000 0.442245 12.731229 2.948292 7.281073 61.706441 61.706441 
998.000000 210 2.000000 0.170410 11.103356 3.408175 -3.773067 25.851690 25.851690 
998.000000 211 2.000000 0.000001 11.291282 5.832250 -4.359841 53.023350 53.023350 
998.000000 212 2.000000 0.618667 16.090139 0.883808 -3.127888 10.564801 10.564801 
998.000000 213 2.000000 0.904564 14.988697 0.103106 0.728625 0.541526 0.541526 
998.000000 214 2.000000 0.999999 14.314025 -2.705521 -0.792211 7.947444 7.947444 
998.000000 215 2.000000 0.552091 2.614934 -4.479081 -2.275993 25.242314 25.242314 
998.000000 216 2.000000 0.722850 7.354949 1.581455 -1.233680 4.022966 4.022966 
998.000000 217 2.000000 0.853833 17.082032 -2.923325 -2.626680 15.445274 15.445274 
998.000000 218 2.000000 0.774467 14.047105 0.707155 0.794703 1.131621 1.131621 
998.000000 219 2.000000 0.712126 1.544861 -5.757455 5.149534 59.665989 59.665989 
998.000000 220 2.000000 0.791121 1.294119 -1.392519 -1.101847 3.153174 3.153174 
998.000000 221 2.000000 0.383653 19.075597 -0.238977 3.242645 10.571859 10.571859 
998.000000 222 2.000000 0.252422 4.821442 5.048413 -1.310889 27.204909 27.204909 
998.000000 223 2.000000 0.071929 5.365245 1.438566 3.665756 15.507241 15.507241 
998.000000 224 2.000000 0.616267 7.478019 -1.918658 -3.062967 13.063011 13.063011 
998.000000 225 2.000000 0.752398 14.268330 3.761985 -1.109773 15.384125 15.384125 
998.000000 226 2.000000 0.809253 2.571151 6.387634 1.239917 42.339264 42.339264 
998.000000 227 2.000000 0.739031 13.465484 0.322810 1.482152 2.300981 2.300981 
998.000000 228 2.000000 0.302329 3.268155 6.046569 -1.507769 38.834369 38.834369 
998.000000 229 2.000000 0.385402 13.038106 -3.695980 1.021410 14.703547 14.703547 
998.000000 230 2.000000 0.190393 3.576339 -2.024015 -2.967743 12.904140 12.904140 
998.000000 231 2.000000 0.446463 12.093215 -0.049280 -0.815978 0.668248 0.668248 
998.000000 232 2.000000 0.963901 9.909647 8.562696 0.465212 73.536190 73.536190 
998.000000 233 2.000000 0.854433 16.089827 -2.911310 -7.109404 59.019356 59.019356 
998.000000 234 2.000000 0.228531 6.661915 1.523532 -3.375489 13.715075 13.715075 
998.000000 235 2.000000 0.922736 18.265891 -1.545270 3.545241 14.956592 14.956592 
998.000000 236 2.000000 0.999999 19.122821 -4.290479 -4.385891 37.644251 37.644251 
998.000000 237 2.000000 0.465646 3.894041 1.164113 -5.279280 29.225953 29.225953 
998.000000 238 2.000000 0.182018 12.944794 3.640344 6.638355 57.319865 57.319865 
998.000000 239 2.000000 0.476822 0.000001 3.178809 2.525482 16.482888 16.482888 
998.000000 240 2.000000 0.548347 0.559764 5.483461 0.172997 30.098272 30.098272 
998.000000 241 2.000000 0.000001 14.933310 1.230809 3.958045 17.181012 17.181012 
998.000000 242 2.000000 0.270533 8.581507 -0.116634 0.677951 0.473221 0.473221 
998.000000 243 2.000000 0.737590 16.242211 -5.248171 -1.369282 29.418233 29.418233 
998.000000 244 2.000000 0.000001 9.301709 3.385140 -0.496652 11.705839 11.705839 
998.000000 245 2.000000 0.444384 3.042834 -0.483144 1.383106 2.146410 2.146410 
998.000000 246 2.000000 0.355418 10.543333 -2.148602 -0.684941 5.085636 5.085636 
998.000000 247 2.000000 0.497052 1.633491 -0.615452 0.398324 0.537443 0.537443 
998.000000 248 2.000000 0.128903 7.086300 -5.807308 -1.022515 34.770363 34.770363 
998.000000 249 2.000000 0.811274 10.636275 5.408484 0.113778 29.264649 29.264649 
998.000000 250 2.000000 0.140790 6.927733 -8.592090 0.826614 74.507302 74.507302 
998.000000 251 2.000000 0.002633 17.697207 -0.844566 -0.911709 1.544505 1.544505 
998.000000 252 2.000000 0.289287 0.722481 5.785719 7.224798 85.672246 85.672246 
998.000000 253 2.000000 0.317309 6.634669 6.346160 -0.315680 40.373405 40.373405 
998.000000 254 2.000000 0.999999 1.395081 -6.436404 -1.443427 43.510775 43.510775 
998.000000 255 2.000000 0.112556 10.511189 2.251110 2.994960 14.037279 14.037279 
998.000000 256 2.000000 0.825205 4.406827 -0.699177 -1.322332 2.237411 2.237411 
998.000000 257 2.000000 0.000001 7.520097 3.901677 -3.592667 28.130342 28.130342 
998.000000 258 2.000000 0.232517 4.599076 4.650314 1.828473 24.968737 24.968737 
998.000000 259 2.000000 0.000001 14.991088 5.156708 1.347996 28.408726 28.408726 
998.000000 260 2.000000 0.228636 15.195405 0.285794 -5.274592 27.902996 27.902996 
998.000000 261 2.000000 0.425921 19.829786 1.703679 -3.404252 14.491452 14.491452 
998.000000 262 2.000000 0.156006 5.800233 -5.626617 -1.188653 33.071720 33.071720 
998.000000 263 2.000000 0.828445 6.991396 1.274530 6.658471 45.959667 45.959667 
998.000000 264 2.000000 0.387628 2.299207 -0.395078 1.352474 1.985272 1.985272 
998.000000 265 2.000000 0.511870 5.509683 3.412462 -1.543230 14.026457 14.026457 
998.000000 266 2.000000 0.786448 1.240396 -4.271024 -6.441077 59.729111 59.729111 
998.000000 267 2.000000 0.025826 8.941815 -6.494489 -0.351734 42.302107 42.302107 
998.000000 268 2.000000 0.808040 10.705323 -0.479898 -2.925487 8.788778 8.788778 
998.000000 269 2.000000 0.496342 6.855301 -2.518285 2.077364 10.657198 10.657198 
998.000000 270 2.000000 0.959344 4.974468 1.918685 -4.089530 20.405609 20.405609 
998.000000 271 2.000000 0.123651 13.405628 2.472999 -2.695369 13.380734 13.380734 
998.000000 272 2.000000 0.468842 7.884086 9.376824 0.571215 88.251119 88.251119 
998.000000 273 2.000000 0.812606 0.662343 4.063026 -6.242612 55.478380 55.478380 
998.000000 274 2.000000 0.999999 1.340914 -3.314455 -2.443328 16.955464 16.955464 
998.000000 275 2.000000 0.000001 15.391659 6.338151 0.904273 40.989870 40.989870 
998.000000 276 2.000000 0.000001 10.441799 6.668734 0.965448 45.404102 45.404102 
998.000000 277 2.000000 0.164554 11.304813 1.645525 -0.193594 2.745232 2.745232 
998.000000 278 2.000000 0.268941 11.802171 -2.924231 -1.393302 10.492418 10.492418 
998.000000 279 2.000000 0.185975 13.448032 3.719472 -1.840854 17.223217 17.223217 
998.000000 280 2.000000 0.213966 3.412360 1.426431 0.259670 2.102134 2.102134 
998.000000 281 2.000000 0.944359 15.563434 0.899388 1.047553 1.906267 1.906267 
998.000000 282 2.000000 0.613154 3.456366 0.299099 -2.798259 7.919713 7.919713 
998.000000 283 2.000000 0.379284 18.597149 -0.886736 -2.338083 6.252935 6.252935 
998.000000 284 2.000000 0.849303 16.169097 2.426577 -5.472717 35.838905 35.838905 
998.000000 285 2.000000 0.000001 3.779341 4.612612 -2.062049 25.528234 25.528234 
998.000000 286 2.000000 0.632157 17.498405 0.632156 9.999088 100.381387 100.381387 
998.000000 287 2.000000 0.282310 11.859982 0.941031 0.055688 0.888640 0.888640 
998.000000 288 2.000000 0.411112 11.344554 1.370369 -4.188205 19.418974 19.418974 
998.000000 289 2.000000 0.687241 6.556188 3.436201 -0.490806 12.048369 12.048369 
998.000000 290 2.000000 0.688707 14.298249 1.967731 -3.678548 17.403683 17.403683 
998.000000 291 2.000000 0.518309 4.817983 -1.605634 -5.330683 30.994238 30.994238 
998.000000 292 2.000000 0.999999 13.815122 -8.599769 1.727130 76.939003 76.939003 
998.000000 293 2.000000 0.740030 8.017664 3.700143 6.339354 53.878469 53.878469 
998.000000 294 2.000000 0.980295 9.484373 0.275827 3.248423 10.628334 10.628334 
998.000000 295 2.000000 0.594874 8.269898 -8.102504 0.474063 65.875307 65.875307 
998.000000 296 2.000000 0.000001 2.622428 2.740629 -1.112608 8.748944 8.748944 
998.000000 297 2.000000 0.841331 11.959314 3.365321 2.526330 17.707730 17.707730 
998.000000 298 2.000000 0.724929 3.729729 4.832855 -1.620519 25.982565 25.982565 
998.000000 299 2.000000 0.314724 1.640096 0.449604 -2.190654 5.001110 5.001110 
998.000000 300 2.000000 0.765406 5.441504 7.217733 4.134443 69.189290 69.189290 
998.000000 301 2.000000 0.309314 19.733008 -1.255791 1.583264 4.083737 4.083737 
998.000000 302 2.000000 0.516008 10.116828 -4.839911 -4.546547 44.095827 44.095827 
998.000000 303 2.000000 0.778360 10.947623 0.598738 -2.199572 5.196602 5.196602 
998.000000 304 2.000000 0.513852 16.326407 2.569256 -0.159800 6.626612 6.626612 
998.000000 305 2.000000 0.219073 0.734696 -2.231219 0.864347 5.725432 5.725432 
998.000000 306 2.000000 0.642788 7.406495 3.213934 2.174570 15.058124 15.058124 
998.000000 307 2.000000 0.797466 14.576852 -4.050661 -2.165900 21.098979 21.098979 
998.000000 308 2.000000 0.474340 19.124090 1.897355 -1.251299 5.165704 5.165704 
998.000000 309 2.000000 0.492777 13.299612 -3.381479 1.510468 13.715913 13.715913 
998.000000 310 2.000000 0.701141 9.883181 -5.977166 -0.342205 35.843622 35.843622 
998.000000 311 2.000000 0.050032 3.775986 1.000626 2.744662 8.534421 8.534421 
998.000000 312 2.000000 0.594726 6.313906 2.378898 -0.413074 5.829786 5.829786 
998.000000 313 2.000000 0.561307 8.563485 -4.386917 0.297429 19.333508 19.333508 
998.000000 314 2.000000 0.362822 6.450934 2.673704 4.705465 29.290089 29.290089 
998.000000 315 2.000000 0.943923 9.129219 6.292811 -0.202572 39.640508 39.640508 
998.000000 316 2.000000 0.639168 2.094602 0.011216 -4.578903 20.966478 20.966478 
998.000000 317 2.000000 0.192074 14.396629 3.729394 1.122531 15.168452 15.168452 
998.000000 318 2.000000 0.394511 4.071996 -4.036586 0.371117 16.431754 16.431754 
998.000000 319 2.000000 0.894494 11.155471 5.963284 -1.334965 37.342892 37.342892 
998.000000 320 2.000000 0.319206 15.982905 -4.538618 -0.281675 20.678395 20.678395 
998.000000 321 2.000000 0.999999 1.129371 -4.229843 -2.711341 25.242944 25.242944 
998.000000 322 2.000000 0.562837 8.027652 1.078096 -0.944135 2.053682 2.053682 
998.000000 323 2.000000 0.292871 6.504022 -2.828512 -4.819326 31.226379 31.226379 
998.000000 324 2.000000 0.999999 16.669413 -4.476729 -2.251032 25.108245 25.108245 
998.000000 325 2.000000 0.751722 6.922997 5.011476 0.897952 25.921208 25.921208 
998.000000 326 2.000000 0.961240 17.795598 -0.077518 4.589914 21.073321 21.073321 
998.000000 327 2.000000 0.295702 10.216986 -3.521486 -1.877592 15.926216 15.926216 
998.000000 328 2.000000 0.620980 0.679720 6.209786 4.531458 59.095556 59.095556 
998.000000 329 2.000000 0.171558 15.373985 -5.522941 4.223808 48.343429 48.343429 
998.000000 330 2.000000 0.999999 8.863900 -2.222094 -2.718101 12.325778 12.325778 
998.000000 331 2.000000 0.567114 12.076099 0.046608 -2.263971 5.127738 5.127738 
998.000000 332 2.000000 0.826081 12.739717 5.105864 -5.042188 51.493511 51.493511 
998.000000 333 2.000000 0.842068 9.052204 0.638138 -4.810886 23.551840 23.551840 
998.000000 334 2.000000 0.862356 12.966641 4.311777 1.653160 21.324363 21.324363 
998.000000 335 2.000000 0.870222 12.164027 1.310896 -3.994699 17.676067 17.676067 
998.000000 336 2.000000 0.802368 12.284753 -0.988153 2.908304 9.434678 9.434678 
998.000000 337 2.000000 0.549531 0.391413 0.915884 -0.261891 0.907430 0.907430 
998.000000 338 2.000000 0.641121 1.919351 1.068533 5.483858 31.214458 31.214458 
998.000000 339 2.000000 0.539132 11.767919 1.797104 1.232552 4.748769 4.748769 
998.000000 340 2.000000 0.145670 19.999999 -0.632836 -2.462639 6.465074 6.465074 
998.000000 341 2.000000 0.613430 3.318373 -0.966421 4.424496 20.510138 20.510138 
998.000000 342 2.000000 0.254990 5.979520 2.549892 1.278230 8.135823 8.135823 
998.000000 343 2.000000 0.765466 2.655584 -4.690669 -4.135710 39.106474 39.106474 
998.000000 344 2.000000 0.910927 18.429897 9.109264 -10.467350 192.544111 192.544111 
998.000000 345 2.000000 0.680115 18.148440 4.534092 -1.092559 21.751677 21.751677 
998.000000 346 2.000000 0.000001 4.480174 4.006130 1.453848 18.162753 18.162753 
998.000000 347 2.000000 0.566481 11.813194 0.404629 1.524322 2.487283 2.487283 
998.000000 348 2.000000 0.178010 4.293199 3.560186 0.588506 13.021266 13.021266 
998.000000 349 2.000000 0.176617 5.118288 3.532329 -0.994028 13.465440 13.465440 
998.000000 350 2.000000 0.662530 16.276695 -6.749380 6.672406 90.075135 90.075135 
998.000000 351 2.000000 0.000001 1.227375 4.328115 0.568113 19.055331 19.055331 
998.000000 352 2.000000 0.188159 18.238000 3.763153 -1.305184 15.864824 15.864824 
998.000000 353 2.000000 0.799381 9.651085 -4.012370 4.762766 38.783051 38.783051 
998.000000 354 2.000000 0.922489 19.049102 -1.550193 -0.559351 2.715973 2.715973 
998.000000 355 2.000000 0.927841 5.213265 -0.288632 -0.319995 0.185705 0.185705 
998.000000 356 2.000000 0.408435 17.878734 -3.943759 -2.495606 21.781284 21.781284 
998.000000 357 2.000000 0.701615 0.580080 -5.967678 3.867192 50.568353 50.568353 
998.000000 358 2.000000 0.729251 7.130988 -5.414958 3.980301 45.164566 45.164566 
998.000000 359 2.000000 0.066569 8.720239 -3.733721 -0.991064 14.922882 14.922882 
998.000000 360 2.000000 0.908751 16.169896 2.596428 1.322418 8.490229 8.490229 
998.000000 361 2.000000 0.157218 17.518471 -8.427807 -2.919445 79.551090 79.551090 
998.000000 362 2.000000 0.742266 4.322895 -0.644332 0.001612 0.415167 0.415167 
998.000000 363 2.000000 0.344313 14.348075 6.886248 2.251462 52.489497 52.489497 
998.000000 364 2.000000 0.555072 16.862709 -0.404479 -1.960806 4.008364 4.008364 
998.000000 365 2.000000 0.912412 13.014027 -0.875874 -0.357895 0.895243 0.895243 
998.000000 366 2.000000 0.415832 13.128196 4.158308 2.833229 25.318711 25.318711 
998.000000 367 2.000000 0.999999 14.292653 -4.338205 -1.707751 21.736435 21.736435 
998.000000 368 2.000000 0.507587 0.634006 1.450244 -3.489132 14.277253 14.277253 
998.000000 369 2.000000 0.448003 15.688054 4.480020 4.072745 36.657835 36.657835 
998.000000 370 2.000000 0.999999 19.417381 -0.839269 -5.826184 34.648791 34.648791 
998.000000 371 2.000000 0.617450 8.464908 -1.092998 -2.284176 6.412107 6.412107 
998.000000 372 2.000000 0.869135 6.754190 2.254053 -2.861263 13.267581 13.267581 
998.000000 373 2.000000 0.257410 2.303981 5.148184 -0.671085 26.954157 26.954157 
998.000000 374 2.000000 0.114790 6.911012 1.147889 -0.536064 1.605014 1.605014 
998.000000 375 2.000000 0.766727 17.536740 -0.222163 2.622638 6.927589 6.927589 
998.000000 376 2.000000 0.805412 13.667593 -3.891731 -1.947944 18.940056 18.940056 
998.000000 377 2.000000 0.531141 13.059312 3.540930 -0.109069 12.550085 12.550085 
998.000000 378 2.000000 0.830595 4.848648 1.038243 0.853427 1.806286 1.806286 
998.000000 379 2.000000 0.393859 19.149123 0.322458 0.996882 1.097754 1.097754 
998.000000 380 2.000000 0.999999 0.269495 -7.084274 5.389871 79.237642 79.237642 
998.000000 381 2.000000 0.586445 9.575930 2.345776 -0.056681 5.505880 5.505880 
998.000000 382 2.000000 0.154076 2.100998 -5.639485 0.212204 31.848822 31.848822 
998.000000 383 2.000000 0.000001 5.786339 1.109396 0.611173 1.604293 1.604293 
998.000000 384 2.000000 0.453712 8.043810 0.748140 4.023378 16.747280 16.747280 
998.000000 385 2.000000 0.520130 6.736331 -0.639826 -0.523413 0.683338 0.683338 
998.000000 386 2.000000 0.507420 6.523986 -4.925790 -0.198330 24.302740 24.302740 
998.000000 387 2.000000 0.100599 11.073263 -2.910683 4.109320 25.358587 25.358587 
998.000000 388 2.000000 0.000001 8.340117 3.102332 -3.231071 20.064282 20.064282 
998.000000 389 2.000000 0.633092 6.974197 4.220605 3.600242 30.775255 30.775255 
998.000000 390 2.000000 0.674419 10.997079 -6.511602 -0.948285 43.300205 43.300205 
998.000000 391 2.000000 0.609003 9.536822 -7.819916 -1.073556 62.303611 62.303611 
998.000000 392 2.000000 0.830935 12.042245 -3.381286 2.221771 16.369358 16.369358 
998.000000 393 2.000000 0.000001 10.105726 3.846116 -1.767449 17.916483 17.916483 
998.000000 394 2.000000 0.135750 1.586454 2.714971 -0.741794 7.921328 7.921328 
998.000000 395 2.000000 0.999999 2.745793 -4.721141 -0.309758 22.385119 22.385119 
998.000000 396 2.000000 0.309300 16.804488 -3.453497 -0.402648 12.088765 12.088765 
998.000000 397 2.000000 0.504610 3.696051 3.364061 0.382685 11.463354 11.463354 
998.000000 398 2.000000 0.670279 16.595894 -3.297199 -1.591274 13.403672 13.403672 
998.000000 399 2.000000 0.999999 15.219978 -5.492410 -2.180116 34.919470 34.919470 
998.000000 400 2.000000 0.613345 18.198521 2.044479 -0.677492 4.638891 4.638891 
998.000000 401 2.000000 0.602265 14.310059 0.846426 3.731403 14.639809 14.639809 
998.000000 402 2.000000 0.411444 3.659151 -2.354219 -1.449854 7.644423 7.644423 
998.000000 403 2.000000 0.468764 7.544070 -5.312346 -2.509362 34.517920 34.517920 
998.000000 404 2.000000 0.121947 18.833411 -1.261952 2.711867 8.946744 8.946744 
998.000000 405 2.000000 0.520524 9.983836 1.487207 -0.782304 2.823785 2.823785 
998.000000 406 2.000000 0.385636 17.103754 7.712696 -1.939512 63.247389 63.247389 
998.000000 407 2.000000 0.821443 7.675292 -3.571112 -3.673589 26.248098 26.248098 
998.000000 408 2.000000 0.273594 9.903270 -0.764637 8.252724 68.692131 68.692131 
998.000000 409 2.000000 0.486948 15.364424 4.869468 2.173155 28.434318 28.434318 
998.000000 410 2.000000 0.878568 10.709060 5.857115 -6.271046 73.631817 73.631817 
998.000000 411 2.000000 0.932539 12.809816 4.662690 -4.504575 42.031874 42.031874 
998.000000 412 2.000000 0.353319 1.851564 -6.466800 2.057293 46.051949 46.051949 
998.000000 413 2.000000 0.152005 15.604727 -4.239972 -0.212062 18.022334 18.022334 
998.000000 414 2.000000 0.786010 13.650906 1.310016 -1.076117 2.874169 2.874169 
998.000000 415 2.000000 0.883403 4.252788 4.417009 2.532059 25.921292 25.921292 
998.000000 416 2.000000 0.550379 10.694521 5.503782 3.145542 40.186046 40.186046 
998.000000 417 2.000000 0.246952 12.688558 0.823169 -1.742118 3.712584 3.712584 
998.000000 418 2.000000 0.336149 15.092656 3.361475 -2.457834 17.340466 17.340466 
998.000000 419 2.000000 0.518310 19.646784 1.169401 2.258899 6.470123 6.470123 
998.000000 420 2.000000 0.589091 10.434978 -1.163803 2.525829 7.734250 7.734250 
998.000000 421 2.000000 0.886510 15.785014 -2.269785 1.357294 6.994173 6.994173 
998.000000 422 2.000000 0.859698 3.017247 -2.806017 -3.932957 23.341884 23.341884 
998.000000 423 2.000000 0.758199 14.165271 0.631832 -0.374896 0.539758 0.539758 
998.000000 424 2.000000 0.061991 2.313879 0.619900 0.142805 0.404669 0.404669 
998.000000 425 2.000000 0.605318 11.134614 2.252913 -4.690550 27.076879 27.076879 
998.000000 426 2.000000 0.516366 10.835231 5.163649 0.059397 26.666799 26.666799 
998.000000 427 2.000000 0.113005 2.449155 2.260078 -1.935727 8.854995 8.854995 
998.000000 428 2.000000 0.501198 5.697107 -0.997603 -6.658358 45.328939 45.328939 
998.000000 429 2.000000 0.592435 18.995752 3.949558 0.549904 15.901403 15.901403 
998.000000 430 2.000000 0.147812 12.710772 0.031306 2.374826 5.640777 5.640777 
998.000000 431 2.000000 0.743761 19.980035 1.859400 0.052993 3.460177 3.460177 
998.000000 432 2.000000 0.624489 10.112839 -1.251700 3.031306 10.755571 10.755571 
998.000000 433 2.000000 0.461175 0.292854 2.305872 -1.177813 6.704290 6.704290 
998.000000 434 2.000000 0.000001 15.150836 5.744877 -0.776935 33.607241 33.607241 
998.000000 435 2.000000 0.000001 13.752025 8.559028 1.172119 74.630819 74.630819 
998.000000 436 2.000000 0.411745 10.437579 -0.341944 -0.053600 0.119799 0.119799 
998.000000 437 2.000000 0.401898 8.664524 8.037942 -3.031835 73.800534 73.800534 
998.000000 438 2.000000 0.413487 18.721346 -4.137543 2.018682 21.194335 21.194335 
998.000000 439 2.000000 0.966298 4.338662 6.441980 -2.919267 50.021231 50.021231 
998.000000 440 2.000000 0.190797 19.387035 -0.012234 -0.259814 0.067653 0.067653 
998.000000 441 2.000000 0.513900 17.042659 -1.388853 -0.916153 2.768250 2.768250 
998.000000 442 2.000000 0.466437 3.080853 3.109571 -1.152686 10.998113 10.998113 
998.000000 443 2.000000 0.461829 6.751864 2.309142 1.018901 6.370298 6.370298 
998.000000 444 2.000000 0.038584 6.221512 0.771664 2.046390 4.783179 4.783179 
998.000000 445 2.000000 0.507123 4.552246 1.690408 -2.542542 9.322000 9.322000 
998.000000 446 2.000000 0.703956 1.448594 -1.184172 -0.676227 1.859546 1.859546 
998.000000 447 2.000000 0.251639 13.800051 5.032765 3.665206 38.762461 38.762461 
998.000000 448 2.000000 0.999999 10.004930 -3.290421 -4.686869 32.793615 32.793615 
998.000000 449 2.000000 0.725211 4.856159 -5.495766 -1.816205 33.502047 33.502047 
998.000000 450 2.000000 0.999999 1.259249 -1.143796 -0.837404 2.009513 2.009513 
998.000000 451 2.000000 0.160118 5.535171 3.202337 4.612642 31.531428 31.531428 
998.000000 452 2.000000 0.000001 3.330273 4.258500 -2.817833 26.075007 26.075007 
998.000000 453 2.000000 0.096579 18.359544 -2.007600 -4.687014 25.998560 25.998560 
998.000000 454 2.000000 0.439004 14.097730 -11.219890 2.008178 129.918712 129.918712 
998.000000 455 2.000000 0.795941 0.697361 -4.081151 -4.596834 37.786672 37.786672 
998.000000 456 2.000000 0.999999 12.094280 -8.192213 0.305979 67.205976 67.205976 
998.000000 457 2.000000 0.416818 9.422694 -5.831815 -3.551222 46.621243 46.621243 
998.000000 458 2.000000 0.000001 18.154204 3.331917 -4.101766 27.926160 27.926160 
998.000000 459 2.000000 0.446076 10.217685 1.486917 4.344671 21.087089 21.087089 
998.000000 460 2.000000 0.999999 1.871226 -5.232749 -0.125992 27.397539 27.397539 
998.000000 461 2.000000 0.900917 6.331248 -1.981646 4.758515 26.570382 26.570382 
998.000000 462 2.000000 0.997739 1.229197 2.494345 1.755994 9.305272 9.305272 
998.000000 463 2.000000 0.434134 9.871480 -3.772430 0.443824 14.428209 14.428209 
998.000000 464 2.000000 0.590314 7.641117 0.393542 -3.123112 9.908705 9.908705 
998.000000 465 2.000000 0.000001 16.900970 1.564086 -0.025692 2.447024 2.447024 
998.000000 466 2.000000 0.526370 10.188191 -3.157529 -4.714444 32.195976 32.195976 
998.000000 467 2.000000 0.346185 19.488867 2.307892 0.280509 5.405050 5.405050 
998.000000 468 2.000000 0.079667 10.792975 -1.227110 -1.162302 2.856744 2.856744 
998.000000 469 2.000000 0.782752 3.049484 3.913754 -0.953754 16.227118 16.227118 
998.000000 470 2.000000 0.681352 9.854799 -2.124314 2.549342 11.011858 11.011858 
998.000000 471 2.000000 0.999999 10.947271 -4.696446 1.802061 25.304028 25.304028 
998.000000 472 2.000000 0.450167 4.819243 1.500555 2.241508 7.276023 7.276023 
998.000000 473 2.000000 0.507290 17.583367 3.381925 0.421091 11.614737 11.614737 
998.000000 474 2.000000 0.590467 0.601559 3.936442 -3.528511 27.945966 27.945966 
998.000000 475 2.000000 0.759227 11.935956 1.833414 3.999812 19.359903 19.359903 
998.000000 476 2.000000 0.550464 18.993332 -1.498448 0.064527 2.249511 2.249511 
998.000000 477 2.000000 0.319600 4.603479 -3.401996 -6.889723 59.041862 59.041862 
998.000000 478 2.000000 0.814611 10.818482 0.064294 -0.993005 0.990193 0.990193 
998.000000 479 2.000000 0.754704 19.240658 1.509406 0.314072 2.376949 2.376949 
998.000000 480 2.000000 0.198489 17.502922 -1.001888 1.631919 3.666938 3.666938 
998.000000 481 2.000000 0.501543 2.623341 2.006168 1.494521 6.258304 6.258304 
998.000000 482 2.000000 0.875631 5.431826 -2.487353 -1.257331 7.767808 7.767808 
998.000000 483 2.000000 0.999999 6.150008 -3.174251 -0.698295 10.563486 10.563486 
998.000000 484 2.000000 0.999999 15.968129 -2.273708 2.530807 11.574734 11.574734 
998.000000 485 2.000000 0.000001 4.359548 3.708809 0.462139 13.968840 13.968840 
998.000000 486 2.000000 0.759983 11.993835 -0.800053 -3.301788 11.541889 11.541889 
998.000000 487 2.000000 0.633450 18.549210 2.473592 5.619787 37.700659 37.700659 
998.000000 488 2.000000 0.661371 13.727798 -6.772567 -3.689530 59.480300 59.480300 
998.000000 489 2.000000 0.062548 3.460181 -9.374509 0.525007 88.157050 88.157050 
998.000000 490 2.000000 0.172807 17.789852 1.728065 2.646627 9.990843 9.990843 
998.000000 491 2.000000 0.954702 1.417234 2.727718 5.668932 39.577237 39.577237 
998.000000 492 2.000000 0.658636 1.791232 2.634539 1.114138 8.182099 8.182099 
998.000000 493 2.000000 0.440848 7.817115 -0.698938 -3.811956 15.019520 15.019520 
998.000000 494 2.000000 0.624519 2.228148 2.081727 -5.446439 33.997290 33.997290 
998.000000 495 2.000000 0.222421 17.909913 -7.775781 -4.180173 77.936618 77.936618 
998.000000 496 2.000000 0.987839 16.283471 6.585584 -0.279382 43.447972 43.447972 
998.000000 497 2.000000 0.769002 11.736330 5.126672 -4.592302 47.372002 47.372002 
998.000000 498 2.000000 0.227319 15.360854 -1.404872 -3.436404 13.782539 13.782539 
998.000000 499 2.000000 0.619119 17.351360 -7.617599 -4.074830 74.632055 74.632055 
998.000000 500 2.000000 0.817395 19.038458 2.724646 -0.806269 8.073768 8.073768 
