192.000000 1 2.000000 9.984177 11.389158 0.131579 1.309339 1.731680 1.731680 
192.000000 2 2.000000 6.882145 12.475798 2.256441 -0.397055 5.249178 5.249178 
192.000000 3 2.000000 6.931404 7.471077 1.283593 -0.761637 2.227702 2.227702 
192.000000 4 2.000000 0.043663 2.400862 0.873244 -1.135428 2.051752 2.051752 
192.000000 5 2.000000 9.698266 0.203433 0.350751 0.678108 0.582856 0.582856 
192.000000 6 2.000000 5.749254 7.144298 0.570202 -1.467021 2.477280 2.477280 
192.000000 7 2.000000 0.711941 9.770771 0.619078 -0.965022 1.314525 1.314525 
192.000000 8 2.000000 4.485925 1.892745 -0.092488 0.402711 0.170730 0.170730 
192.000000 9 2.000000 12.199629 8.510995 0.329670 -0.046363 0.110832 0.110832 
192.000000 10 2.000000 9.605481 5.128872 2.462944 0.434650 6.255012 6.255012 
192.000000 11 2.000000 2.604204 13.419356 -1.333313 0.974175 2.726740 2.726740 
192.000000 12 2.000000 9.460388 8.907475 0.400231 0.479677 0.390275 0.390275 
192.000000 13 2.000000 0.211542 4.047275 -1.331628 1.140077 3.073008 3.073008 
192.000000 14 2.000000 1.450965 14.512508 -0.519929 1.007813 1.286013 1.286013 
192.000000 15 2.000000 9.119400 13.178793 -1.213278 0.377610 1.614633 1.614633 
192.000000 16 2.000000 12.627502 19.017295 1.410894 -0.231225 2.044087 2.044087 
192.000000 17 2.000000 10.465334 9.072629 0.716804 -0.108108 0.525495 0.525495 
192.000000 18 2.000000 0.511065 7.479361 0.365046 -1.215596 1.610932 1.610932 
192.000000 19 2.000000 3.366301 11.016522 -0.335230 0.252314 0.176041 0.176041 
192.000000 20 2.000000 4.884697 19.608104 0.687985 -0.290293 0.557594 0.557594 
192.000000 21 2.000000 5.483038 10.500842 0.152723 1.186536 1.431191 1.431191 
192.000000 22 2.000000 8.140634 9.721171 -0.559527 0.122855 0.328164 0.328164 
192.000000 23 2.000000 4.006754 9.302300 0.220151 0.163497 0.075198 0.075198 
192.000000 24 2.000000 12.244418 3.931462 0.106441 0.266540 0.082373 0.082373 
192.000000 25 2.000000 2.685016 2.764443 -0.576655 0.600966 0.693691 0.693691 
192.000000 26 2.000000 5.745757 11.470437 0.757986 -0.335338 0.686995 0.686995 
192.000000 27 2.000000 2.406489 13.830940 -0.282190 -0.553279 0.385749 0.385749 
192.000000 28 2.000000 7.746980 11.874511 -0.523982 1.562436 2.715762 2.715762 
192.000000 29 2.000000 6.078299 7.286156 0.347331 -0.176337 0.151734 0.151734 
192.000000 30 2.000000 6.599983 14.040688 0.893457 1.054473 1.910178 1.910178 
192.000000 31 2.000000 0.265310 12.074584 -1.053403 1.201451 2.553143 2.553143 
192.000000 32 2.000000 7.595247 16.811500 -0.984065 0.155585 0.992591 0.992591 
192.000000 33 2.000000 2.757046 1.864667 1.021128 1.130100 2.319829 2.319829 
192.000000 34 2.000000 6.228291 6.929455 1.004563 -0.175243 1.039857 1.039857 
192.000000 35 2.000000 12.004912 15.437340 -1.309068 -0.747977 2.273129 2.273129 
192.000000 36 2.000000 4.176712 17.853511 -1.291384 0.173560 1.697795 1.697795 
192.000000 37 2.000000 10.979075 6.644231 -1.116077 -0.107614 1.257209 1.257209 
192.000000 38 2.000000 3.421301 16.958729 -1.680955 0.442112 3.021074 3.021074 
192.000000 39 2.000000 4.156830 8.557207 -1.119652 -0.154997 1.277644 1.277644 
192.000000 40 2.000000 12.281128 12.131562 -1.095177 0.000316 1.199412 1.199412 
192.000000 41 2.000000 1.154151 14.951100 -0.085683 -1.074234 1.161320 1.161320 
192.000000 42 2.000000 6.605851 6.814301 0.617852 -1.031148 1.445007 1.445007 
192.000000 43 2.000000 4.708115 15.688154 0.364970 -0.420668 0.310165 0.310165 
192.000000 44 2.000000 2.796421 13.111426 0.682054 -0.062134 0.469058 0.469058 
192.000000 45 2.000000 12.510682 17.419340 -1.971170 1.231049 5.400990 5.400990 
192.000000 46 2.000000 3.438490 6.384204 0.358570 0.892646 0.925389 0.925389 
192.000000 47 2.000000 0.557243 17.165247 1.393104 1.532611 4.289636 4.289636 
192.000000 48 2.000000 10.632943 9.808049 0.208839 0.528736 0.323175 0.323175 
192.000000 49 2.000000 6.261957 6.979285 0.662641 -0.033660 0.440226 0.440226 
192.000000 50 2.000000 12.367215 7.904401 -0.330856 0.145531 0.130645 0.130645 
192.000000 51 2.000000 5.796216 7.981456 0.451067 0.725587 0.729938 0.729938 
192.000000 52 2.000000 11.661348 15.535530 -1.341314 -0.834480 2.495481 2.495481 
192.000000 53 2.000000 11.346356 18.368371 -0.581057 0.668661 0.784735 0.784735 
192.000000 54 2.000000 12.411915 13.845153 -1.011613 1.361552 2.877185 2.877185 
192.000000 55 2.000000 6.889963 5.912407 1.198254 -0.795909 2.069285 2.069285 
192.000000 56 2.000000 4.164254 10.694358 -0.665922 -0.686763 0.915096 0.915096 
192.000000 57 2.000000 9.636191 13.964843 -0.294720 -1.420037 2.103364 2.103364 
192.000000 58 2.000000 11.463496 4.310819 -0.893519 0.476333 1.025270 1.025270 
192.000000 59 2.000000 8.706210 15.581598 -1.518662 -1.162737 3.658293 3.658293 
192.000000 60 2.000000 2.297359 16.361213 -1.407295 -0.435783 2.170385 2.170385 
192.000000 61 2.000000 4.329337 4.145335 0.951502 -0.329816 1.014136 1.014136 
192.000000 62 2.000000 11.503581 12.865488 -0.062934 0.164240 0.030936 0.030936 
192.000000 63 2.000000 5.978294 3.509603 0.591910 -0.034237 0.351530 0.351530 
192.000000 64 2.000000 0.173874 5.463611 0.695492 -1.264034 2.081491 2.081491 
192.000000 65 2.000000 8.728611 1.598948 0.105421 0.888304 0.800198 0.800198 
192.000000 66 2.000000 12.409629 10.660834 -0.365078 0.748907 0.694143 0.694143 
192.000000 67 2.000000 1.078961 7.973178 -0.270044 -0.758790 0.648686 0.648686 
192.000000 68 2.000000 1.931073 14.484550 -0.300990 0.241669 0.148999 0.148999 
192.000000 69 2.000000 5.908691 5.932876 -0.113489 0.807194 0.664442 0.664442 
192.000000 70 2.000000 6.452996 10.944191 1.380481 0.222206 1.955103 1.955103 
192.000000 71 2.000000 0.597538 10.873810 -0.677190 0.165695 0.486042 0.486042 
192.000000 72 2.000000 2.342159 9.123658 0.767921 0.833211 1.283942 1.283942 
192.000000 73 2.000000 0.343012 4.191131 -0.083627 1.289579 1.670006 1.670006 
192.000000 74 2.000000 4.272137 17.531163 -0.329762 0.687329 0.581164 0.581164 
192.000000 75 2.000000 1.477762 12.223815 -0.518523 -0.245685 0.329227 0.329227 
192.000000 76 2.000000 4.754495 0.162741 0.305755 -0.427313 0.276082 0.276082 
192.000000 77 2.000000 7.552713 3.399403 -1.000857 -0.048707 1.004087 1.004087 
192.000000 78 2.000000 4.740609 17.531691 -1.235502 -0.233963 1.581204 1.581204 
192.000000 79 2.000000 9.946672 7.620762 0.153842 -0.408050 0.190173 0.190173 
192.000000 80 2.000000 8.793394 3.987837 -1.223032 -0.321769 1.599342 1.599342 
192.000000 81 2.000000 2.837147 1.014153 1.050795 0.422563 1.282729 1.282729 
192.000000 82 2.000000 1.925741 18.708598 -0.612840 0.512276 0.638000 0.638000 
192.000000 83 2.000000 8.425314 11.347823 0.755633 0.259519 0.638332 0.638332 
192.000000 84 2.000000 11.280778 17.607100 -0.247447 0.095120 0.070278 0.070278 
192.000000 85 2.000000 10.622756 12.074403 0.544728 -1.166165 1.656671 1.656671 
192.000000 86 2.000000 1.325587 5.622360 -0.541621 0.292003 0.378619 0.378619 
192.000000 87 2.000000 11.908554 2.287364 -0.568297 -0.292112 0.408291 0.408291 
192.000000 88 2.000000 6.738517 16.511791 0.228640 0.658445 0.485826 0.485826 
192.000000 89 2.000000 11.005618 18.142345 -0.568744 0.940018 1.207103 1.207103 
192.000000 90 2.000000 9.304598 17.019559 -1.516000 -0.019838 2.298651 2.298651 
192.000000 91 2.000000 1.630452 10.377819 0.241995 0.556046 0.367748 0.367748 
192.000000 92 2.000000 1.266525 11.381646 -1.770951 -0.330839 3.245720 3.245720 
192.000000 93 2.000000 10.066372 1.008668 -1.356813 0.067844 1.845545 1.845545 
192.000000 94 2.000000 2.539250 2.456474 0.892279 -0.450075 0.998729 0.998729 
192.000000 95 2.000000 11.401336 2.061227 -0.087168 0.749537 0.569404 0.569404 
192.000000 96 2.000000 2.904475 12.765128 -0.305116 0.254158 0.157692 0.157692 
192.000000 97 2.000000 1.044319 3.173627 -0.175878 0.131143 0.048132 0.048132 
192.000000 98 2.000000 6.106552 5.835182 -0.494571 -0.619696 0.628624 0.628624 
192.000000 99 2.000000 12.442882 4.677523 -0.690793 -0.423694 0.656711 0.656711 
192.000000 100 2.000000 1.237361 13.141411 0.237954 -0.187363 0.091727 0.091727 
192.000000 101 2.000000 7.076437 4.383913 -0.327825 -1.154854 1.441157 1.441157 
192.000000 102 2.000000 10.372662 4.490606 0.776028 1.082073 1.773102 1.773102 
192.000000 103 2.000000 7.522205 17.241259 0.332970 -1.021756 1.154854 1.154854 
192.000000 104 2.000000 1.470443 19.215903 -0.342432 -0.627277 0.510736 0.510736 
192.000000 105 2.000000 10.703112 13.519612 -0.505364 1.149502 1.576746 1.576746 
192.000000 106 2.000000 7.110140 17.731479 1.481279 1.284890 3.845129 3.845129 
192.000000 107 2.000000 7.382330 2.250779 0.668084 1.364108 2.307127 2.307127 
192.000000 108 2.000000 12.015785 11.786815 0.750987 0.548224 0.864530 0.864530 
192.000000 109 2.000000 0.225341 5.024229 -0.586965 0.674393 0.799334 0.799334 
192.000000 110 2.000000 6.409632 10.236921 -0.615465 -0.629876 0.775541 0.775541 
192.000000 111 2.000000 1.426298 6.257753 0.750683 0.687665 1.036408 1.036408 
192.000000 112 2.000000 4.666030 14.903271 -0.626862 0.549936 0.695386 0.695386 
192.000000 113 2.000000 10.961331 10.744088 -0.660381 0.246024 0.496631 0.496631 
192.000000 114 2.000000 4.410261 15.410664 0.225013 -0.293248 0.136626 0.136626 
192.000000 115 2.000000 4.488438 14.043127 -0.982317 0.185758 0.999454 0.999454 
192.000000 116 2.000000 0.948689 15.813836 1.054098 -0.237176 1.167374 1.167374 
192.000000 117 2.000000 2.169285 5.946357 -0.919566 0.868081 1.599167 1.599167 
192.000000 118 2.000000 2.140086 2.463607 0.679392 -0.352564 0.585875 0.585875 
192.000000 119 2.000000 4.190398 2.132812 -1.188487 0.836396 2.112059 2.112059 
192.000000 120 2.000000 2.973247 7.544116 -1.010897 1.113945 2.262787 2.262787 
192.000000 121 2.000000 2.772203 17.330133 -0.342395 -1.302374 1.813411 1.813411 
192.000000 122 2.000000 1.698185 11.932860 0.893781 1.131390 2.078887 2.078887 
192.000000 123 2.000000 8.574449 5.910128 1.196164 -0.999335 2.429479 2.429479 
192.000000 124 2.000000 12.177178 12.788545 -0.014623 2.304242 5.309746 5.309746 
192.000000 125 2.000000 0.318919 15.899894 -1.421808 0.526487 2.298726 2.298726 
192.000000 126 2.000000 9.548110 14.911333 -0.076690 0.529668 0.286429 0.286429 
192.000000 127 2.000000 9.379499 13.916122 -0.261121 0.492606 0.310845 0.310845 
192.000000 128 2.000000 4.144948 13.643039 -0.059116 0.442687 0.199466 0.199466 
192.000000 129 2.000000 0.931054 18.710201 -1.103425 0.030363 1.218468 1.218468 
192.000000 130 2.000000 4.788258 13.349199 -0.814053 -0.773349 1.260751 1.260751 
192.000000 131 2.000000 4.865493 11.166543 -0.167455 1.572752 2.501591 2.501591 
192.000000 132 2.000000 6.558725 2.186087 0.144427 0.313130 0.118910 0.118910 
192.000000 133 2.000000 7.777959 5.450609 -0.540657 -0.102493 0.302815 0.302815 
192.000000 134 2.000000 5.122394 14.795568 -0.871736 1.735537 3.772014 3.772014 
192.000000 135 2.000000 1.405604 8.359438 0.120137 -0.352168 0.138455 0.138455 
192.000000 136 2.000000 5.141955 10.107106 -0.358316 0.468982 0.348335 0.348335 
192.000000 137 2.000000 6.827698 6.251934 -2.174837 1.026272 5.783149 5.783149 
192.000000 138 2.000000 12.640332 16.156423 -0.462450 1.423473 2.240136 2.240136 
192.000000 139 2.000000 6.158273 15.893468 -1.991948 -0.186704 4.002716 4.002716 
192.000000 140 2.000000 1.878137 5.453857 0.168922 -0.456744 0.237150 0.237150 
192.000000 141 2.000000 8.321793 2.284218 -0.052610 -0.199761 0.042672 0.042672 
192.000000 142 2.000000 0.583917 1.105534 0.064521 -0.184526 0.038213 0.038213 
192.000000 143 2.000000 10.893567 8.474291 0.154196 1.097945 1.229259 1.229259 
192.000000 144 2.000000 1.441611 3.927778 -0.566751 -1.093348 1.516617 1.516617 
192.000000 145 2.000000 11.821819 4.309894 0.334964 0.587021 0.456794 0.456794 
192.000000 146 2.000000 7.657411 19.299376 0.066355 -1.401245 1.967891 1.967891 
192.000000 147 2.000000 8.475746 17.455906 -0.940075 -0.459587 1.094962 1.094962 
192.000000 148 2.000000 2.877430 19.582121 0.442681 0.952199 1.102650 1.102650 
192.000000 149 2.000000 1.140790 10.718305 0.570395 0.651657 0.750007 0.750007 
192.000000 150 2.000000 0.964427 10.016543 -0.288621 1.901337 3.698386 3.698386 
192.000000 151 2.000000 6.094882 5.739872 -0.764277 1.247798 2.141119 2.141119 
192.000000 152 2.000000 2.460476 18.926981 -0.809729 0.448775 0.857060 0.857060 
192.000000 153 2.000000 4.422071 5.823429 -0.531942 0.539590 0.574119 0.574119 
192.000000 154 2.000000 2.196060 18.397569 -0.067833 -0.971169 0.947771 0.947771 
192.000000 155 2.000000 2.523436 0.174440 1.261717 -0.417516 1.766250 1.766250 
192.000000 156 2.000000 1.145417 12.313276 -0.881692 0.954517 1.688484 1.688484 
192.000000 157 2.000000 2.944551 7.789895 -1.412570 -0.914615 2.831874 2.831874 
192.000000 158 2.000000 0.638572 3.987218 0.491208 1.092388 1.434597 1.434597 
192.000000 159 2.000000 12.283509 5.353063 -0.738816 -0.033893 0.546998 0.546998 
192.000000 160 2.000000 4.432901 12.446102 -0.674238 -0.085365 0.461884 0.461884 
192.000000 161 2.000000 6.562111 8.919133 -0.402504 0.103173 0.172654 0.172654 
192.000000 162 2.000000 0.340396 3.395671 -0.659287 -0.554819 0.742483 0.742483 
192.000000 163 2.000000 7.566503 12.605127 1.008867 0.763947 1.601428 1.601428 
192.000000 164 2.000000 0.438890 1.810345 0.099747 -0.002713 0.009957 0.009957 
192.000000 165 2.000000 3.972267 0.964725 -1.186912 0.350809 1.531827 1.531827 
192.000000 166 2.000000 9.314235 3.569231 0.998403 -0.434629 1.185711 1.185711 
192.000000 167 2.000000 4.737780 13.477552 -0.783557 -1.976499 4.520510 4.520510 
192.000000 168 2.000000 1.602282 6.055286 -0.912151 0.877577 1.602162 1.602162 
192.000000 169 2.000000 3.629169 3.986400 -1.054271 0.984296 2.080326 2.080326 
192.000000 170 2.000000 4.815310 14.990886 -0.669095 -1.207015 1.904574 1.904574 
192.000000 171 2.000000 5.625737 18.700815 -0.471612 -1.443537 2.306218 2.306218 
192.000000 172 2.000000 3.022402 15.401272 -0.838132 -0.089563 0.710487 0.710487 
192.000000 173 2.000000 3.344956 1.617310 1.777075 -1.366562 5.025486 5.025486 
192.000000 174 2.000000 11.100426 4.770353 -0.226255 -0.613402 0.427453 0.427453 
192.000000 175 2.000000 1.725189 7.380193 -0.972367 -1.225224 2.446671 2.446671 
192.000000 176 2.000000 2.272299 18.541115 -1.036249 1.626414 3.719032 3.719032 
192.000000 177 2.000000 8.106958 5.178690 2.316273 -0.373804 5.504851 5.504851 
192.000000 178 2.000000 3.871451 7.028958 0.334916 -1.151515 1.438156 1.438156 
192.000000 179 2.000000 10.616206 4.115558 -0.124382 1.496566 2.255182 2.255182 
192.000000 180 2.000000 11.947013 7.224347 -0.436414 -0.388111 0.341087 0.341087 
192.000000 181 2.000000 9.868614 13.029044 -0.437350 -0.124499 0.206775 0.206775 
192.000000 182 2.000000 4.018360 17.810696 -0.828409 -0.515130 0.951620 0.951620 
192.000000 183 2.000000 3.549841 5.820149 0.780185 -0.501498 0.860188 0.860188 
192.000000 184 2.000000 2.564093 1.222885 -0.355368 1.287247 1.783290 1.783290 
192.000000 185 2.000000 10.011879 2.339155 0.800950 -0.600709 1.002373 1.002373 
192.000000 186 2.000000 3.282158 14.570460 -0.605585 0.220867 0.415515 0.415515 
192.000000 187 2.000000 2.986668 5.956482 -0.774070 -0.647930 1.018998 1.018998 
192.000000 188 2.000000 1.263960 0.761156 0.042212 -1.006498 1.014821 1.014821 
192.000000 189 2.000000 1.559212 7.464099 0.314992 -0.613002 0.474992 0.474992 
192.000000 190 2.000000 7.806307 8.712146 1.301727 -0.964527 2.624806 2.624806 
192.000000 191 2.000000 9.435838 15.757798 0.237907 -1.229624 1.568574 1.568574 
192.000000 192 2.000000 2.921959 9.631682 -0.636290 0.325945 0.511105 0.511105 
192.000000 193 2.000000 12.148216 7.646323 -0.421299 0.776276 0.780098 0.780098 
192.000000 194 2.000000 5.226475 9.898756 0.823067 0.704538 1.173812 1.173812 
192.000000 195 2.000000 6.761676 17.162694 1.733763 0.401481 3.167121 3.167121 
192.000000 196 2.000000 3.402427 18.449733 -1.755622 -0.733442 3.620146 3.620146 
192.000000 197 2.000000 5.310534 7.921952 -1.446279 -2.029924 6.212314 6.212314 
192.000000 198 2.000000 4.561621 18.101696 -1.083934 0.924037 2.028756 2.028756 
192.000000 199 2.000000 12.345680 16.480442 -0.042999 0.885384 0.785754 0.785754 
192.000000 200 2.000000 3.978712 7.381989 0.449572 1.210162 1.666607 1.666607 
192.000000 201 2.000000 10.356184 7.443919 0.815447 0.375008 0.805586 0.805586 
192.000000 202 2.000000 3.785745 6.510861 0.707616 1.076175 1.658873 1.658873 
192.000000 203 2.000000 1.963923 15.487498 0.523713 0.570906 0.600208 0.600208 
192.000000 204 2.000000 7.105198 1.918636 -0.933808 -1.066747 2.009947 2.009947 
192.000000 205 2.000000 2.426097 6.585184 -0.874730 0.833567 1.459987 1.459987 
192.000000 206 2.000000 0.092624 18.815131 1.852465 0.331730 3.541673 3.541673 
192.000000 207 2.000000 8.640115 17.495968 -0.009375 2.125028 4.515834 4.515834 
192.000000 208 2.000000 9.310728 17.774855 -0.434698 -0.274568 0.264350 0.264350 
192.000000 209 2.000000 11.398999 2.530653 -0.309823 -0.311650 0.193116 0.193116 
192.000000 210 2.000000 5.777902 8.270285 0.058393 0.558803 0.315670 0.315670 
192.000000 211 2.000000 4.273146 13.455178 -0.691469 1.155600 1.813540 1.813540 
192.000000 212 2.000000 2.396660 3.611470 -0.268291 0.820788 0.745673 0.745673 
192.000000 213 2.000000 7.322926 13.641112 0.080781 0.115674 0.019906 0.019906 
192.000000 214 2.000000 12.075570 16.453427 0.464445 -0.039239 0.217249 0.217249 
192.000000 215 2.000000 1.482936 2.952407 0.366157 -0.552990 0.439868 0.439868 
192.000000 216 2.000000 9.819669 16.117261 -0.839203 -1.522642 3.022701 3.022701 
192.000000 217 2.000000 12.703999 5.401528 -1.989378 1.543293 6.339380 6.339380 
192.000000 218 2.000000 11.382679 12.291554 -1.112466 -0.628460 1.632542 1.632542 
192.000000 219 2.000000 6.434068 5.246050 1.398710 -0.611689 2.330553 2.330553 
192.000000 220 2.000000 1.948760 10.067745 1.025663 -0.405578 1.216477 1.216477 
192.000000 221 2.000000 2.105800 13.312599 0.434185 0.934217 1.061279 1.061279 
192.000000 222 2.000000 9.861055 6.810320 -1.814840 -0.747291 3.852088 3.852088 
192.000000 223 2.000000 1.360533 0.805282 -0.357635 -0.942716 1.016616 1.016616 
192.000000 224 2.000000 3.352811 11.785862 1.241781 0.288363 1.625174 1.625174 
192.000000 225 2.000000 4.014131 13.084757 2.152502 0.096303 4.642538 4.642538 
192.000000 226 2.000000 12.340486 12.751848 0.109629 1.126390 1.280772 1.280772 
192.000000 227 2.000000 5.789588 11.540392 0.949113 1.261245 2.491553 2.491553 
192.000000 228 2.000000 0.349764 2.970265 -1.020429 -0.123012 1.056408 1.056408 
192.000000 229 2.000000 9.763298 3.227118 -0.488516 -1.041250 1.322848 1.322848 
192.000000 230 2.000000 5.295549 16.682782 -0.376523 -1.124480 1.406226 1.406226 
192.000000 231 2.000000 11.521289 3.557435 0.188540 -0.568257 0.358463 0.358463 
192.000000 232 2.000000 11.679558 14.362260 -0.678276 -0.029424 0.460924 0.460924 
192.000000 233 2.000000 0.507900 17.546896 -1.572100 -0.485763 2.707466 2.707466 
192.000000 234 2.000000 12.550007 4.513259 -0.116970 -0.418078 0.188472 0.188472 
192.000000 235 2.000000 2.302051 2.692459 -0.401349 0.140966 0.180952 0.180952 
192.000000 236 2.000000 4.348620 17.909319 0.575312 0.720761 0.850480 0.850480 
192.000000 237 2.000000 1.536966 2.534438 -0.398274 0.724125 0.682979 0.682979 
192.000000 238 2.000000 5.167806 19.883112 -0.566568 -0.389625 0.472806 0.472806 
192.000000 239 2.000000 11.827873 19.492363 -1.498211 1.188605 3.657417 3.657417 
192.000000 240 2.000000 5.625903 10.575838 -0.689630 1.627052 3.122887 3.122887 
192.000000 241 2.000000 0.455828 12.204473 1.302362 -1.430372 3.742110 3.742110 
192.000000 242 2.000000 7.241431 19.141958 0.546523 0.442988 0.494926 0.494926 
192.000000 243 2.000000 2.088126 11.834051 -0.887270 0.429548 0.971759 0.971759 
192.000000 244 2.000000 7.662392 6.957096 0.860943 0.309204 0.836830 0.836830 
192.000000 245 2.000000 9.150356 0.473214 0.144842 -0.330856 0.130444 0.130444 
192.000000 246 2.000000 1.520574 9.565218 -0.962927 -0.922620 1.778456 1.778456 
192.000000 247 2.000000 11.693252 13.126567 -0.229123 -0.470996 0.274335 0.274335 
192.000000 248 2.000000 11.813630 16.852637 1.298201 -0.925695 2.542236 2.542236 
192.000000 249 2.000000 2.355112 18.947592 1.273033 -0.046567 1.622781 1.622781 
192.000000 250 2.000000 7.255733 18.065616 -0.946044 1.618088 3.513208 3.513208 
192.000000 251 2.000000 0.106687 13.743517 0.355621 -0.887444 0.914023 0.914023 
192.000000 252 2.000000 11.549258 12.897542 -1.481427 1.172504 3.569390 3.569390 
192.000000 253 2.000000 0.137008 1.608284 -1.234856 -1.027470 2.580565 2.580565 
192.000000 254 2.000000 6.673843 19.756065 -0.105734 -0.813115 0.672335 0.672335 
192.000000 255 2.000000 2.619267 10.653504 -0.027265 0.084294 0.007849 0.007849 
192.000000 256 2.000000 7.717077 0.638611 0.673980 -0.632827 0.854720 0.854720 
192.000000 257 2.000000 8.257405 14.314951 0.073778 -1.011856 1.029296 1.029296 
192.000000 258 2.000000 3.542324 0.130627 -2.165481 0.870840 5.447670 5.447670 
192.000000 259 2.000000 8.206881 13.761787 0.529593 -2.079404 4.604390 4.604390 
192.000000 260 2.000000 8.222973 14.394853 0.458104 -0.842879 0.920305 0.920305 
192.000000 261 2.000000 9.673970 18.323316 0.844297 -0.023172 0.713374 0.713374 
192.000000 262 2.000000 9.309511 3.424275 0.406760 -0.800560 0.806350 0.806350 
192.000000 263 2.000000 5.415794 9.626248 0.731864 1.964540 4.395043 4.395043 
192.000000 264 2.000000 8.271131 6.621760 -0.915796 -1.033069 1.905912 1.905912 
192.000000 265 2.000000 2.282999 3.471814 -0.495947 -0.071102 0.251019 0.251019 
192.000000 266 2.000000 0.479564 14.867315 -0.098489 0.321062 0.112781 0.112781 
192.000000 267 2.000000 6.567300 1.681144 0.938186 -0.085083 0.887431 0.887431 
192.000000 268 2.000000 4.674395 12.323223 -1.273324 0.565224 1.940831 1.940831 
192.000000 269 2.000000 0.687116 3.609975 -1.503474 1.146024 3.573803 3.573803 
192.000000 270 2.000000 12.268760 1.612921 0.022636 1.392556 1.939724 1.939724 
192.000000 271 2.000000 11.620059 7.037237 -0.228165 0.539252 0.342852 0.342852 
192.000000 272 2.000000 5.000491 9.224574 -0.979440 0.930593 1.825307 1.825307 
192.000000 273 2.000000 2.381647 7.805616 -1.320280 -0.117446 1.756932 1.756932 
192.000000 274 2.000000 9.643905 5.279305 0.683306 -0.785537 1.083975 1.083975 
192.000000 275 2.000000 8.743100 2.377188 -0.310227 0.176743 0.127479 0.127479 
192.000000 276 2.000000 10.802049 11.673402 0.615501 0.639638 0.787979 0.787979 
192.000000 277 2.000000 5.192584 16.944867 0.299866 -2.036755 4.238289 4.238289 
192.000000 278 2.000000 11.028061 8.758639 -1.023846 -0.323958 1.153210 1.153210 
192.000000 279 2.000000 5.774837 19.139700 0.367887 0.034840 0.136555 0.136555 
192.000000 280 2.000000 12.533404 15.120964 0.507425 -1.478496 2.443429 2.443429 
192.000000 281 2.000000 2.021778 6.771544 -0.149919 -0.370545 0.159779 0.159779 
192.000000 282 2.000000 10.382638 4.376007 -0.267838 1.041906 1.157306 1.157306 
192.000000 283 2.000000 1.337271 13.354299 1.783026 -0.413811 3.350423 3.350423 
192.000000 284 2.000000 3.104636 11.188754 -0.305924 0.117006 0.107280 0.107280 
192.000000 285 2.000000 3.563140 15.598916 -0.034958 0.492259 0.243541 0.243541 
192.000000 286 2.000000 10.682947 3.521922 0.875651 0.891626 1.561761 1.561761 
192.000000 287 2.000000 2.668202 16.104431 -0.140328 0.343012 0.137349 0.137349 
192.000000 288 2.000000 7.248876 6.239906 -0.011265 1.299980 1.690076 1.690076 
192.000000 289 2.000000 1.644831 16.307878 -0.181391 0.644686 0.448522 0.448522 
192.000000 290 2.000000 10.903826 12.706131 0.501257 -1.096893 1.454433 1.454433 
192.000000 291 2.000000 8.531323 6.879852 0.772216 -1.106580 1.820836 1.820836 
192.000000 292 2.000000 2.789241 1.588530 -1.197621 -0.700629 1.925177 1.925177 
192.000000 293 2.000000 3.344299 13.585810 -0.805189 0.865338 1.397139 1.397139 
192.000000 294 2.000000 1.182908 3.806125 -0.791012 -0.902166 1.439604 1.439604 
192.000000 295 2.000000 11.785401 0.221867 0.281410 0.126780 0.095265 0.095265 
192.000000 296 2.000000 7.510724 4.965264 0.883615 -0.814891 1.444822 1.444822 
192.000000 297 2.000000 7.159021 3.857120 -0.533087 -0.618617 0.666869 0.666869 
192.000000 298 2.000000 2.865463 16.946491 -2.045865 0.488120 4.423823 4.423823 
192.000000 299 2.000000 10.436684 13.068324 -0.050854 -0.685401 0.472360 0.472360 
192.000000 300 2.000000 4.972710 8.984186 1.016160 -1.104614 2.252754 2.252754 
192.000000 301 2.000000 10.621326 2.168248 -0.781812 -0.794287 1.242122 1.242122 
192.000000 302 2.000000 12.475986 6.394881 0.314773 -0.310606 0.195559 0.195559 
192.000000 303 2.000000 8.847896 14.269077 -0.924461 -1.348452 2.672951 2.672951 
192.000000 304 2.000000 4.994880 19.393330 1.009066 -1.733339 4.022680 4.022680 
192.000000 305 2.000000 0.171637 14.639125 -0.614201 0.171681 0.406717 0.406717 
192.000000 306 2.000000 12.212981 10.124075 0.607611 -0.005870 0.369226 0.369226 
192.000000 307 2.000000 12.175265 1.392666 -0.146704 1.004368 1.030277 1.030277 
192.000000 308 2.000000 1.458441 11.626089 1.458440 1.435320 4.187188 4.187188 
192.000000 309 2.000000 4.440608 19.293983 -1.160780 1.733500 4.352432 4.352432 
192.000000 310 2.000000 11.346206 14.860779 0.236379 0.589713 0.403637 0.403637 
192.000000 311 2.000000 10.689074 3.730883 -0.117534 1.184407 1.416635 1.416635 
192.000000 312 2.000000 1.244302 0.000001 0.777688 0.315405 0.704279 0.704279 
192.000000 313 2.000000 5.550145 2.820398 -1.350634 0.829529 2.512329 2.512329 
192.000000 314 2.000000 0.914242 1.180242 -0.715572 -0.275811 0.588116 0.588116 
192.000000 315 2.000000 6.805443 16.710587 -1.021093 -0.996791 2.036224 2.036224 
192.000000 316 2.000000 5.728878 7.250173 0.284068 -0.118169 0.094658 0.094658 
192.000000 317 2.000000 3.495918 11.097004 -2.668880 -0.061392 7.126691 7.126691 
192.000000 318 2.000000 7.757663 1.387255 -0.317512 0.058387 0.104223 0.104223 
192.000000 319 2.000000 1.034653 5.949335 -2.602691 0.639713 7.183236 7.183236 
192.000000 320 2.000000 4.376063 14.067852 0.330523 -0.321231 0.212435 0.212435 
192.000000 321 2.000000 7.931307 8.752689 0.207492 0.459983 0.254638 0.254638 
192.000000 322 2.000000 0.581239 5.099665 0.193746 -0.958221 0.955725 0.955725 
192.000000 323 2.000000 3.759881 6.709989 -1.709798 0.190896 2.959850 2.959850 
192.000000 324 2.000000 3.308338 19.278312 -0.450819 0.371082 0.340939 0.340939 
192.000000 325 2.000000 7.371295 18.563320 -1.210023 -0.104628 1.475103 1.475103 
192.000000 326 2.000000 11.249753 7.399828 -0.344157 -0.484699 0.353377 0.353377 
192.000000 327 2.000000 1.061284 6.425566 1.179204 -0.820207 2.063262 2.063262 
192.000000 328 2.000000 8.234322 19.003286 1.317491 1.426563 3.770864 3.770864 
192.000000 329 2.000000 6.160135 11.833862 0.341282 -0.369508 0.253010 0.253010 
192.000000 330 2.000000 8.546314 15.310889 -0.115569 0.361532 0.144062 0.144062 
192.000000 331 2.000000 6.089443 7.946297 0.103999 -0.360568 0.140825 0.140825 
192.000000 332 2.000000 11.183263 19.984989 -0.309560 1.392682 2.035391 2.035391 
192.000000 333 2.000000 12.536744 0.268555 -0.595517 -0.014674 0.354856 0.354856 
192.000000 334 2.000000 11.156440 2.498125 -1.228430 0.819057 2.179894 2.179894 
192.000000 335 2.000000 3.171271 6.140916 0.185454 -0.745112 0.589585 0.589585 
192.000000 336 2.000000 10.343765 15.825983 1.738448 -1.636869 5.701541 5.701541 
192.000000 337 2.000000 0.832433 19.223547 -0.355117 1.643805 2.828202 2.828202 
192.000000 338 2.000000 1.615259 12.576525 0.271472 0.431442 0.259839 0.259839 
192.000000 339 2.000000 8.133595 6.341788 -3.302574 0.120713 10.921568 10.921568 
192.000000 340 2.000000 8.149545 9.191625 -1.749118 -1.299683 4.748591 4.748591 
192.000000 341 2.000000 11.686751 16.090442 1.043460 -2.004901 5.108437 5.108437 
192.000000 342 2.000000 7.125202 19.953584 -1.415481 0.260554 2.071474 2.071474 
192.000000 343 2.000000 2.852860 9.536775 0.025629 -1.217168 1.482156 1.482156 
192.000000 344 2.000000 8.476853 3.676057 0.679543 0.773906 1.060709 1.060709 
192.000000 345 2.000000 5.429111 4.275458 0.455962 -0.110578 0.220129 0.220129 
192.000000 346 2.000000 3.603884 17.361227 -1.788022 -0.787693 3.817484 3.817484 
192.000000 347 2.000000 3.818703 5.512050 -1.184490 0.645526 1.819720 1.819720 
192.000000 348 2.000000 9.358638 19.607136 -0.120348 -0.314291 0.113262 0.113262 
192.000000 349 2.000000 8.414645 7.655488 0.143825 -0.741412 0.570377 0.570377 
192.000000 350 2.000000 3.450041 11.479586 -1.800659 0.547952 3.542623 3.542623 
192.000000 351 2.000000 5.579909 16.681679 0.061622 -0.684190 0.471913 0.471913 
192.000000 352 2.000000 4.952627 6.162781 -1.122108 0.677229 1.717765 1.717765 
192.000000 353 2.000000 10.846967 3.367989 0.395750 0.617980 0.538517 0.538517 
192.000000 354 2.000000 10.139198 18.884505 -0.740685 0.870254 1.305956 1.305956 
192.000000 355 2.000000 8.977060 12.848089 -0.452104 0.490385 0.444876 0.444876 
192.000000 356 2.000000 2.127894 17.036387 0.905486 -0.310326 0.916208 0.916208 
192.000000 357 2.000000 0.851795 5.512944 -1.174762 0.950507 2.283530 2.283530 
192.000000 358 2.000000 7.244619 11.036015 0.274938 -0.492527 0.318173 0.318173 
192.000000 359 2.000000 3.729962 6.187936 2.869201 0.391641 8.385698 8.385698 
192.000000 360 2.000000 9.130608 5.262717 0.217395 0.480613 0.278250 0.278250 
192.000000 361 2.000000 2.414109 19.680273 0.349871 1.294755 1.798799 1.798799 
192.000000 362 2.000000 10.643125 19.628288 -2.207341 -0.371711 5.010522 5.010522 
192.000000 363 2.000000 5.051904 17.945195 -0.033216 0.850301 0.724114 0.724114 
192.000000 364 2.000000 9.949791 3.220056 -1.937454 -0.379198 3.897519 3.897519 
192.000000 365 2.000000 12.686034 15.959932 0.374219 -0.535108 0.426381 0.426381 
192.000000 366 2.000000 12.702032 13.086051 1.867946 1.495549 5.725887 5.725887 
192.000000 367 2.000000 6.337261 0.698562 -0.904223 0.279425 0.895697 0.895697 
192.000000 368 2.000000 6.656719 0.122542 0.957801 0.153176 0.940846 0.940846 
192.000000 369 2.000000 10.331311 19.669821 0.292672 0.480337 0.316381 0.316381 
192.000000 370 2.000000 3.688757 18.269594 -1.877845 0.333739 3.637685 3.637685 
192.000000 371 2.000000 8.357383 19.980842 -2.267034 1.268625 6.748851 6.748851 
192.000000 372 2.000000 11.003304 16.963823 0.067869 0.608951 0.375428 0.375428 
192.000000 373 2.000000 3.102056 1.070136 0.954478 -0.744589 1.465441 1.465441 
192.000000 374 2.000000 4.874495 4.470065 0.016407 0.698448 0.488098 0.488098 
192.000000 375 2.000000 8.666156 0.218748 0.139938 -1.348665 1.838481 1.838481 
192.000000 376 2.000000 5.721220 13.879609 0.058459 0.900875 0.814993 0.814993 
192.000000 377 2.000000 12.072176 17.271044 1.197796 -0.492456 1.677229 1.677229 
192.000000 378 2.000000 4.907179 11.628454 0.584188 1.735590 3.353548 3.353548 
192.000000 379 2.000000 3.572859 13.230292 -1.328067 0.828317 2.449871 2.449871 
192.000000 380 2.000000 12.239561 10.474730 1.275101 0.396322 1.782954 1.782954 
192.000000 381 2.000000 10.608638 14.405674 -0.773214 -0.333944 0.709379 0.709379 
192.000000 382 2.000000 11.348389 0.308094 -0.289039 -0.571664 0.410343 0.410343 
192.000000 383 2.000000 9.160642 2.531135 1.512072 0.681254 2.750469 2.750469 
192.000000 384 2.000000 9.966348 5.286480 0.085069 -0.170790 0.036406 0.036406 
192.000000 385 2.000000 9.303667 3.707800 0.376822 0.635424 0.545758 0.545758 
192.000000 386 2.000000 2.903015 4.574463 0.001072 1.306989 1.708222 1.708222 
192.000000 387 2.000000 9.082814 0.624060 0.117259 1.248118 1.571547 1.571547 
192.000000 388 2.000000 3.722550 8.949971 0.404625 0.967564 1.099902 1.099902 
192.000000 389 2.000000 10.648922 12.301505 -1.995217 0.307154 4.075232 4.075232 
192.000000 390 2.000000 4.764728 8.958982 -0.632006 -1.363089 2.257442 2.257442 
192.000000 391 2.000000 0.910356 18.850024 -0.757125 -1.095214 1.772732 1.772732 
192.000000 392 2.000000 1.887701 8.464908 1.052824 -0.330580 1.217722 1.217722 
192.000000 393 2.000000 4.848108 5.289709 0.887504 -1.548987 3.187024 3.187024 
192.000000 394 2.000000 11.195352 14.396679 1.056165 -0.619151 1.498833 1.498833 
192.000000 395 2.000000 1.880519 15.896433 -1.408061 1.156104 3.319212 3.319212 
192.000000 396 2.000000 3.221838 15.710622 0.323865 1.145983 1.418165 1.418165 
192.000000 397 2.000000 3.303672 18.110322 0.660734 -0.547732 0.736581 0.736581 
192.000000 398 2.000000 11.790131 11.968738 -0.337438 -1.221440 1.605780 1.605780 
192.000000 399 2.000000 4.116413 6.139346 -1.146076 -0.023636 1.314048 1.314048 
192.000000 400 2.000000 3.440515 12.285995 0.969159 -0.502541 1.191816 1.191816 
192.000000 401 2.000000 5.411874 4.755597 -1.695301 -0.464167 3.089497 3.089497 
192.000000 402 2.000000 2.248598 2.941310 0.483569 -0.253082 0.297890 0.297890 
192.000000 403 2.000000 4.048852 3.864086 -1.852833 -0.788924 4.055392 4.055392 
192.000000 404 2.000000 1.954550 2.551570 -1.501553 0.247000 2.315670 2.315670 
192.000000 405 2.000000 9.419430 9.756359 -0.902360 0.021398 0.814712 0.814712 
192.000000 406 2.000000 3.840206 0.224787 1.146330 0.066113 1.318443 1.318443 
192.000000 407 2.000000 10.481028 2.009164 -0.630792 0.050511 0.400450 0.400450 
192.000000 408 2.000000 12.504935 16.645058 0.510461 0.756670 0.833120 0.833120 
192.000000 409 2.000000 11.656101 18.531038 -1.784497 1.816768 6.485076 6.485076 
192.000000 410 2.000000 9.550896 6.613749 -1.742380 1.820147 6.348823 6.348823 
192.000000 411 2.000000 4.161530 16.217291 0.435762 -0.934002 1.062248 1.062248 
192.000000 412 2.000000 9.665878 16.042905 0.030765 0.253753 0.065337 0.065337 
192.000000 413 2.000000 10.625330 2.777348 -0.041739 -0.758924 0.577708 0.577708 
192.000000 414 2.000000 4.517531 14.791920 -1.513039 -0.410085 2.457458 2.457458 
192.000000 415 2.000000 0.715728 2.422967 1.590504 0.629342 2.925773 2.925773 
192.000000 416 2.000000 6.884417 5.983522 0.698188 -0.683233 0.954274 0.954274 
192.000000 417 2.000000 10.636112 4.365218 -0.865155 -1.353661 2.580890 2.580890 
192.000000 418 2.000000 6.526340 9.404841 0.612802 0.931172 1.242608 1.242608 
192.000000 419 2.000000 8.924851 8.387353 -0.757838 -1.985068 4.514812 4.514812 
192.000000 420 2.000000 5.504965 15.787385 -0.638974 -0.548607 0.709257 0.709257 
192.000000 421 2.000000 5.747941 15.795079 -0.502552 -0.613857 0.629379 0.629379 
192.000000 422 2.000000 7.765271 19.160630 1.109324 1.273131 2.851464 2.851464 
192.000000 423 2.000000 9.931710 19.735197 -0.878088 -0.023331 0.771582 0.771582 
192.000000 424 2.000000 1.201974 5.894666 -1.316003 0.780750 2.341434 2.341434 
192.000000 425 2.000000 11.428677 2.584538 -0.173546 0.174069 0.060418 0.060418 
192.000000 426 2.000000 12.312912 8.799576 -1.993434 1.029190 5.033013 5.033013 
192.000000 427 2.000000 0.501049 5.546842 -0.701204 -0.745008 1.046724 1.046724 
192.000000 428 2.000000 1.733243 16.294551 -2.323574 0.232946 5.453261 5.453261 
192.000000 429 2.000000 0.849235 12.067831 0.031932 -0.577234 0.334218 0.334218 
192.000000 430 2.000000 1.549921 13.721150 -0.050390 1.385975 1.923465 1.923465 
192.000000 431 2.000000 6.806771 19.208599 2.430989 1.003060 6.915838 6.915838 
192.000000 432 2.000000 11.064524 1.614331 0.881635 -0.040472 0.778919 0.778919 
192.000000 433 2.000000 10.568535 12.470652 -0.199167 0.625095 0.430412 0.430412 
192.000000 434 2.000000 12.583118 7.766876 -0.843874 -1.073081 1.863627 1.863627 
192.000000 435 2.000000 3.426798 5.584555 -0.899667 1.490039 3.029617 3.029617 
192.000000 436 2.000000 8.970859 8.610177 1.359221 -0.335983 1.960366 1.960366 
192.000000 437 2.000000 7.955969 0.668052 1.060796 0.477179 1.352988 1.352988 
192.000000 438 2.000000 12.582862 18.323708 -0.845580 0.186167 0.749663 0.749663 
192.000000 439 2.000000 1.247488 0.395451 -0.117976 -0.805817 0.663259 0.663259 
192.000000 440 2.000000 1.843924 15.026896 -0.955733 0.592776 1.264809 1.264809 
192.000000 441 2.000000 3.917263 4.166099 -1.036493 0.108399 1.086068 1.086068 
192.000000 442 2.000000 12.350479 11.945165 1.553796 -0.648362 2.834654 2.834654 
192.000000 443 2.000000 11.047242 0.494276 0.182697 0.988551 1.010611 1.010611 
192.000000 444 2.000000 5.584869 17.463227 0.833562 -0.251166 0.757910 0.757910 
192.000000 445 2.000000 2.381192 6.238519 -0.959317 0.690691 1.397343 1.397343 
192.000000 446 2.000000 0.483776 7.304898 0.215011 0.224018 0.096414 0.096414 
192.000000 447 2.000000 1.459079 10.233619 0.486359 -0.718116 0.752236 0.752236 
192.000000 448 2.000000 8.017008 7.062802 -0.312897 -0.126033 0.113789 0.113789 
192.000000 449 2.000000 4.085160 9.982206 0.080337 -0.790090 0.630696 0.630696 
192.000000 450 2.000000 12.050328 18.721753 -0.855088 -0.482357 0.963844 0.963844 
192.000000 451 2.000000 5.650367 8.441875 -0.685122 -1.242809 2.013967 2.013967 
192.000000 452 2.000000 0.924573 19.414062 -1.432015 1.334300 3.831022 3.831022 
192.000000 453 2.000000 7.039900 18.325229 -1.528552 -0.242720 2.395386 2.395386 
192.000000 454 2.000000 9.861020 4.041952 -0.926431 0.474351 1.083284 1.083284 
192.000000 455 2.000000 11.842807 2.485443 -0.516440 0.857049 1.001243 1.001243 
192.000000 456 2.000000 8.570977 11.376990 -1.286640 0.372946 1.794531 1.794531 
192.000000 457 2.000000 8.341552 1.943940 1.142678 1.079966 2.472040 2.472040 
192.000000 458 2.000000 12.099528 6.452825 -0.749142 -0.849353 1.282614 1.282614 
192.000000 459 2.000000 12.251625 14.341244 1.503415 0.572730 2.588276 2.588276 
192.000000 460 2.000000 5.483168 6.560097 0.261103 -0.574355 0.398058 0.398058 
192.000000 461 2.000000 8.587696 7.082662 1.866890 0.661931 3.923431 3.923431 
192.000000 462 2.000000 7.196730 13.222895 -0.971435 0.968710 1.882086 1.882086 
192.000000 463 2.000000 11.101177 0.806827 0.856793 -0.501862 0.985959 0.985959 
192.000000 464 2.000000 10.807269 11.291442 -1.091739 -0.008594 1.191968 1.191968 
192.000000 465 2.000000 9.648816 9.532866 0.417698 1.238034 1.707200 1.707200 
192.000000 466 2.000000 4.055934 9.334947 1.978504 -0.244916 3.974462 3.974462 
192.000000 467 2.000000 5.323376 18.151356 0.255897 1.500112 2.315819 2.315819 
192.000000 468 2.000000 6.977799 0.710598 0.982788 -0.018014 0.966198 0.966198 
192.000000 469 2.000000 4.538329 8.125357 0.605110 0.416685 0.539785 0.539785 
192.000000 470 2.000000 12.514201 18.704064 1.402822 0.052007 1.970613 1.970613 
192.000000 471 2.000000 10.144149 11.098129 0.428725 0.738272 0.728852 0.728852 
192.000000 472 2.000000 7.594775 13.796482 -0.277663 -0.158856 0.102332 0.102332 
192.000000 473 2.000000 4.723575 6.910688 0.301826 -0.847205 0.808854 0.808854 
192.000000 474 2.000000 7.869375 13.516478 -1.327233 0.611589 2.135588 2.135588 
192.000000 475 2.000000 2.635230 7.227407 -1.065425 1.762782 4.242532 4.242532 
192.000000 476 2.000000 9.807184 15.181828 -1.385356 -0.708555 2.421260 2.421260 
192.000000 477 2.000000 10.614685 12.603931 -0.275422 -0.435063 0.265137 0.265137 
192.000000 478 2.000000 4.981928 6.422650 2.166055 0.442941 4.887992 4.887992 
192.000000 479 2.000000 1.090403 9.800824 -0.779990 -0.528359 0.887547 0.887547 
192.000000 480 2.000000 11.574547 0.901770 -1.167452 2.254423 6.445369 6.445369 
192.000000 481 2.000000 10.481359 10.276731 -1.471961 0.776923 2.770280 2.770280 
192.000000 482 2.000000 4.853389 6.573614 -0.895540 -0.301833 0.893095 0.893095 
192.000000 483 2.000000 5.282343 9.157591 -1.198468 0.265398 1.506762 1.506762 
192.000000 484 2.000000 0.340757 17.706892 -1.583405 -0.139399 2.526604 2.526604 
192.000000 485 2.000000 5.045636 2.677266 -0.204635 1.409087 2.027401 2.027401 
192.000000 486 2.000000 7.892802 9.740508 1.160706 0.152440 1.370476 1.370476 
192.000000 487 2.000000 1.838139 16.706166 0.287209 -1.344422 1.889958 1.889958 
192.000000 488 2.000000 7.471091 0.000001 0.564399 0.728500 0.849258 0.849258 
192.000000 489 2.000000 3.358273 17.609284 0.692427 -0.713646 0.988746 0.988746 
192.000000 490 2.000000 11.606548 8.639416 -0.213280 1.056197 1.161041 1.161041 
192.000000 491 2.000000 4.286913 13.579275 -0.559049 1.191243 1.731597 1.731597 
192.000000 492 2.000000 9.011007 9.626420 0.377614 -0.218150 0.190181 0.190181 
192.000000 493 2.000000 5.732276 13.757129 1.190301 -0.038348 1.418287 1.418287 
192.000000 494 2.000000 10.554532 8.080930 1.082516 -1.045532 2.264979 2.264979 
192.000000 495 2.000000 10.969663 0.439275 -0.548099 -0.116993 0.314100 0.314100 
192.000000 496 2.000000 1.991785 11.096424 -0.221437 0.293547 0.135204 0.135204 
192.000000 497 2.000000 11.271936 1.763142 -0.228942 0.286690 0.134605 0.134605 
192.000000 498 2.000000 7.666180 4.711874 -0.359025 -0.846496 0.845455 0.845455 
192.000000 499 2.000000 12.533323 9.323615 0.181324 0.088938 0.040788 0.040788 
192.000000 500 2.000000 1.343668 0.244821 -0.827139 0.489639 0.923905 0.923905 
