438.500000 1 2.000000 1.352110 5.926209 2.080167 -0.139002 4.346418 4.346418 
438.500000 2 2.000000 2.590500 18.540486 -5.014660 -1.167610 26.510131 26.510131 
438.500000 3 2.000000 1.015372 15.291597 -2.481818 -1.499525 8.407997 8.407997 
438.500000 4 2.000000 1.928613 8.574720 -3.167747 -1.256247 11.612775 11.612775 
438.500000 5 2.000000 1.358198 19.234502 2.312989 3.124207 15.110585 15.110585 
438.500000 6 2.000000 1.134554 3.934366 -2.356363 -1.219930 7.040679 7.040679 
438.500000 7 2.000000 2.069381 7.470232 1.254696 2.479914 7.724236 7.724236 
438.500000 8 2.000000 3.154677 0.430716 -3.684439 0.783118 14.188362 14.188362 
438.500000 9 2.000000 2.961446 14.459857 -1.289845 1.961388 5.510742 5.510742 
438.500000 10 2.000000 1.065115 14.030793 1.253076 -1.333951 3.349624 3.349624 
438.500000 11 2.000000 1.344338 17.229692 -2.135538 0.473882 4.785086 4.785086 
438.500000 12 2.000000 2.538920 5.804357 0.538781 -0.235803 0.345889 0.345889 
438.500000 13 2.000000 2.576634 6.937051 2.061307 -3.681935 17.805629 17.805629 
438.500000 14 2.000000 0.039251 8.168857 -0.842329 0.421075 0.886822 0.886822 
438.500000 15 2.000000 3.141608 14.888310 -3.945815 1.993585 19.543833 19.543833 
438.500000 16 2.000000 1.614570 6.414338 -0.726972 2.515426 6.855856 6.855856 
438.500000 17 2.000000 0.900555 18.544077 1.200738 -0.434603 1.630653 1.630653 
438.500000 18 2.000000 1.033056 18.602899 3.443518 2.157952 16.514569 16.514569 
438.500000 19 2.000000 0.574692 0.670283 2.873454 -1.317290 9.991988 9.991988 
438.500000 20 2.000000 2.778464 0.710073 2.222771 -1.129811 6.217183 6.217183 
438.500000 21 2.000000 1.714087 15.024687 5.713619 1.625015 35.286111 35.286111 
438.500000 22 2.000000 1.708319 16.413144 -3.295359 -0.797079 11.494727 11.494727 
438.500000 23 2.000000 2.468655 18.988950 1.349131 1.034880 2.891132 2.891132 
438.500000 24 2.000000 0.402145 5.895894 -0.204730 -0.951150 0.946601 0.946601 
438.500000 25 2.000000 2.398913 10.744820 1.947356 1.485473 5.998823 5.998823 
438.500000 26 2.000000 3.203381 9.422423 -2.710362 -0.195474 7.384274 7.384274 
438.500000 27 2.000000 3.336999 11.744793 -1.880572 -0.329630 3.645207 3.645207 
438.500000 28 2.000000 3.324421 13.147140 0.237372 1.469831 2.216748 2.216748 
438.500000 29 2.000000 2.790013 0.594291 1.052471 1.359624 2.956273 2.956273 
438.500000 30 2.000000 0.254536 4.247552 -0.299349 4.045286 16.453951 16.453951 
438.500000 31 2.000000 3.180787 2.561118 -3.162233 -2.657066 17.059717 17.059717 
438.500000 32 2.000000 1.059047 6.442754 0.882538 1.341398 2.578222 2.578222 
438.500000 33 2.000000 3.138570 6.768346 -0.604941 -2.473206 6.482702 6.482702 
438.500000 34 2.000000 2.410314 14.775689 0.172120 -0.478524 0.258611 0.258611 
438.500000 35 2.000000 1.712012 3.157792 2.633863 -0.938025 7.817127 7.817127 
438.500000 36 2.000000 1.915892 19.750180 -0.954844 0.009715 0.911821 0.911821 
438.500000 37 2.000000 1.714042 14.140741 -3.644571 -0.412942 13.453422 13.453422 
438.500000 38 2.000000 0.163881 1.562164 -0.026436 1.487775 2.214172 2.214172 
438.500000 39 2.000000 1.559229 3.471430 -0.133628 0.082820 0.024716 0.024716 
438.500000 40 2.000000 2.250324 11.195756 -1.590392 0.188447 2.564860 2.564860 
438.500000 41 2.000000 2.213562 18.634513 -3.247820 0.012940 10.548500 10.548500 
438.500000 42 2.000000 1.028146 11.283087 -1.111885 -1.251489 2.802513 2.802513 
438.500000 43 2.000000 3.301832 14.634862 1.036708 -2.554827 7.601906 7.601906 
438.500000 44 2.000000 2.541567 17.550778 1.058986 -3.265628 11.785780 11.785780 
438.500000 45 2.000000 1.030131 11.605227 -1.394981 -2.152506 6.579253 6.579253 
438.500000 46 2.000000 2.437879 12.416850 0.293720 2.586844 6.778032 6.778032 
438.500000 47 2.000000 2.267971 17.456550 1.511980 1.197548 3.720205 3.720205 
438.500000 48 2.000000 1.348685 5.169011 0.457190 -0.088250 0.216811 0.216811 
438.500000 49 2.000000 0.539261 15.013633 1.078521 0.629062 1.558927 1.558927 
438.500000 50 2.000000 0.000001 18.927057 3.162897 0.213774 10.049614 10.049614 
438.500000 51 2.000000 0.262472 17.947682 1.749807 -2.280352 8.261830 8.261830 
438.500000 52 2.000000 3.015036 6.765729 -0.551097 1.195998 1.734119 1.734119 
438.500000 53 2.000000 3.252146 19.727185 2.956495 -0.606254 9.108409 9.108409 
438.500000 54 2.000000 1.635570 1.064716 1.924199 -0.507434 3.960032 3.960032 
438.500000 55 2.000000 2.987246 8.827603 -0.005618 1.396915 1.951404 1.951404 
438.500000 56 2.000000 0.637810 16.569723 -0.343924 -1.133973 1.404177 1.404177 
438.500000 57 2.000000 2.473188 19.774381 -0.729049 4.877423 24.320768 24.320768 
438.500000 58 2.000000 2.472868 14.459796 1.241456 -1.528057 3.876171 3.876171 
438.500000 59 2.000000 1.776552 2.181153 2.220689 1.454102 7.045872 7.045872 
438.500000 60 2.000000 2.964800 9.026644 -3.759991 1.298798 15.824405 15.824405 
438.500000 61 2.000000 1.011114 16.050847 -0.265076 -1.436055 2.132520 2.132520 
438.500000 62 2.000000 2.451209 7.003739 5.447129 1.111704 30.907102 30.907102 
438.500000 63 2.000000 0.186939 0.463597 3.738752 0.842901 14.688749 14.688749 
438.500000 64 2.000000 2.454119 19.239784 1.533824 -2.534049 8.774019 8.774019 
438.500000 65 2.000000 0.449571 11.254464 4.495701 0.277267 20.288208 20.288208 
438.500000 66 2.000000 1.251877 4.636704 1.472795 0.131030 2.186295 2.186295 
438.500000 67 2.000000 1.998553 10.011644 -2.714893 2.503117 13.636239 13.636239 
438.500000 68 2.000000 0.470694 16.414777 0.448279 1.264094 1.798889 1.798889 
438.500000 69 2.000000 1.282348 16.752653 0.049077 -0.065475 0.006695 0.006695 
438.500000 70 2.000000 0.737516 9.130716 -0.574696 0.764456 0.914669 0.914669 
438.500000 71 2.000000 1.154709 18.858611 -0.094706 -0.430713 0.194483 0.194483 
438.500000 72 2.000000 1.645581 5.936632 2.194106 1.187326 6.223845 6.223845 
438.500000 73 2.000000 0.332007 15.732167 0.191580 2.246948 5.085476 5.085476 
438.500000 74 2.000000 1.304739 10.568473 -0.049656 -0.346859 0.122777 0.122777 
438.500000 75 2.000000 1.531387 15.102717 -1.406177 2.903504 10.407669 10.407669 
438.500000 76 2.000000 0.974208 17.075162 -0.613912 1.309354 2.091296 2.091296 
438.500000 77 2.000000 3.336999 10.050138 -4.172021 1.715651 20.349214 20.349214 
438.500000 78 2.000000 0.279093 11.650477 0.797405 0.953313 1.544662 1.544662 
438.500000 79 2.000000 0.760367 16.309268 -1.360379 0.746387 2.407726 2.407726 
438.500000 80 2.000000 2.879277 19.627086 1.339198 -0.414348 1.965136 1.965136 
438.500000 81 2.000000 1.916938 7.025986 -0.819485 -1.378707 2.572388 2.572388 
438.500000 82 2.000000 1.387384 4.163112 -1.662679 -1.095991 3.965698 3.965698 
438.500000 83 2.000000 1.033468 7.870610 1.589950 0.042078 2.529712 2.529712 
438.500000 84 2.000000 1.588929 5.567023 3.972319 -1.849150 19.198674 19.198674 
438.500000 85 2.000000 3.206071 16.561659 -0.620968 2.861220 8.572182 8.572182 
438.500000 86 2.000000 2.323251 8.795737 -1.164386 2.139434 5.932973 5.932973 
438.500000 87 2.000000 1.148586 5.299660 1.148585 0.420608 1.496157 1.496157 
438.500000 88 2.000000 3.334134 14.907470 0.881908 0.995329 1.768441 1.768441 
438.500000 89 2.000000 3.294898 6.097467 1.344856 2.217260 6.724881 6.724881 
438.500000 90 2.000000 0.682428 7.579931 1.049888 -2.710704 8.450180 8.450180 
438.500000 91 2.000000 1.972546 17.805134 -3.936438 -0.136519 15.514180 15.514180 
438.500000 92 2.000000 2.063245 2.260919 -1.997622 -0.964642 4.921027 4.921027 
438.500000 93 2.000000 1.049579 19.209900 -0.504820 0.656711 0.686114 0.686114 
438.500000 94 2.000000 1.876831 14.541041 -1.755844 0.781504 3.693739 3.693739 
438.500000 95 2.000000 1.037026 6.880483 -0.107289 -0.324636 0.116899 0.116899 
438.500000 96 2.000000 2.006344 2.967505 -1.225022 -2.306413 6.820220 6.820220 
438.500000 97 2.000000 0.031880 18.159446 -1.824551 0.110742 3.341250 3.341250 
438.500000 98 2.000000 2.514551 6.042611 1.226610 0.293790 1.590884 1.590884 
438.500000 99 2.000000 1.948455 9.026390 0.303707 -1.627706 2.741666 2.741666 
438.500000 100 2.000000 0.372548 3.553535 0.677358 1.340956 2.256977 2.256977 
438.500000 101 2.000000 2.606225 7.850663 -2.961097 -1.645494 11.475747 11.475747 
438.500000 102 2.000000 2.547737 0.907134 -0.601759 -1.904133 3.987837 3.987837 
438.500000 103 2.000000 2.309777 14.601600 -0.722814 4.046577 16.897244 16.897244 
438.500000 104 2.000000 2.830718 10.195128 0.285920 -1.750870 3.147295 3.147295 
438.500000 105 2.000000 2.820782 9.860777 2.169831 -1.507581 6.980968 6.980968 
438.500000 106 2.000000 2.269286 19.682878 -1.054870 -2.114140 5.582339 5.582339 
438.500000 107 2.000000 0.585787 4.793526 -0.847180 -0.640273 1.127663 1.127663 
438.500000 108 2.000000 3.104560 17.312663 -0.328544 -3.767669 14.303270 14.303270 
438.500000 109 2.000000 2.966133 13.224943 2.118666 -1.856180 7.934148 7.934148 
438.500000 110 2.000000 1.992495 14.322069 1.992494 1.731096 6.966727 6.966727 
438.500000 111 2.000000 1.871787 10.443827 -0.647784 -0.826001 1.101903 1.101903 
438.500000 112 2.000000 2.648268 16.165822 0.854280 1.691178 3.589876 3.589876 
438.500000 113 2.000000 2.454146 0.912482 3.775607 -3.235172 24.721549 24.721549 
438.500000 114 2.000000 0.000001 8.944116 1.905056 0.085257 3.636507 3.636507 
438.500000 115 2.000000 2.506756 1.771255 0.063838 2.530363 6.406815 6.406815 
438.500000 116 2.000000 0.851269 0.106524 -1.580151 -1.746420 5.546859 5.546859 
438.500000 117 2.000000 1.275548 17.736004 -2.786601 -0.620273 8.149884 8.149884 
438.500000 118 2.000000 2.316643 2.626877 2.385715 -0.062401 5.695528 5.695528 
438.500000 119 2.000000 2.633943 14.278018 2.290384 -3.691601 18.873774 18.873774 
438.500000 120 2.000000 2.946391 9.097409 0.466260 -0.044635 0.219390 0.219390 
438.500000 121 2.000000 1.844705 0.354448 1.118003 0.787660 1.870338 1.870338 
438.500000 122 2.000000 0.229729 18.473390 1.148638 1.311536 3.039495 3.039495 
438.500000 123 2.000000 3.139243 9.866487 2.025318 -4.713261 26.316743 26.316743 
438.500000 124 2.000000 2.817482 15.705355 -0.384345 -0.474304 0.372685 0.372685 
438.500000 125 2.000000 1.652197 15.423441 0.523971 2.859033 8.448617 8.448617 
438.500000 126 2.000000 3.253284 4.188599 2.243643 -0.119104 5.048120 5.048120 
438.500000 127 2.000000 0.845655 10.390432 -1.999963 2.344858 9.498211 9.498211 
438.500000 128 2.000000 2.813423 19.701871 -0.536644 4.529166 20.801327 20.801327 
438.500000 129 2.000000 3.226773 6.177680 0.908950 -3.637452 14.057250 14.057250 
438.500000 130 2.000000 2.230993 17.451288 -2.803015 1.544362 10.241947 10.241947 
438.500000 131 2.000000 2.866482 2.561225 2.605891 1.707482 9.706166 9.706166 
438.500000 132 2.000000 0.105150 6.230161 0.525747 -0.243530 0.335717 0.335717 
438.500000 133 2.000000 2.031163 19.147250 -2.649672 -2.131872 11.565640 11.565640 
438.500000 134 2.000000 0.312911 13.335229 0.184065 -1.989483 3.991924 3.991924 
438.500000 135 2.000000 1.403354 8.974458 -0.767677 0.767048 1.177690 1.177690 
438.500000 136 2.000000 0.375043 19.498796 3.750418 -0.270920 14.139030 14.139030 
438.500000 137 2.000000 3.111409 16.105144 0.799726 0.658199 1.072787 1.072787 
438.500000 138 2.000000 1.965953 14.298674 -1.481206 2.599759 8.952716 8.952716 
438.500000 139 2.000000 1.617325 2.663762 2.695540 0.586612 7.610049 7.610049 
438.500000 140 2.000000 2.397802 5.304668 1.403652 0.436043 2.160371 2.160371 
438.500000 141 2.000000 1.263755 9.998166 -0.706788 -0.911066 1.329591 1.329591 
438.500000 142 2.000000 1.989827 0.948261 -3.887064 -2.604799 21.894244 21.894244 
438.500000 143 2.000000 2.101555 19.544640 -0.162513 0.101444 0.036701 0.036701 
438.500000 144 2.000000 2.600496 19.750277 2.364086 0.321367 5.692180 5.692180 
438.500000 145 2.000000 0.419740 4.344179 1.399129 1.737671 4.977063 4.977063 
438.500000 146 2.000000 0.933836 2.069037 -2.231400 -1.910498 8.629147 8.629147 
438.500000 147 2.000000 1.101467 0.819624 -0.770961 1.260959 2.184398 2.184398 
438.500000 148 2.000000 1.472561 0.174446 -0.583319 -0.921713 1.189816 1.189816 
438.500000 149 2.000000 1.011999 7.361780 -1.119395 -0.747029 1.811099 1.811099 
438.500000 150 2.000000 0.000001 4.724130 2.606783 -1.692974 9.661478 9.661478 
438.500000 151 2.000000 0.427577 10.218787 -0.826985 -1.275622 2.311116 2.311116 
438.500000 152 2.000000 2.438778 6.770008 1.385364 1.345106 3.728545 3.728545 
438.500000 153 2.000000 1.339265 11.814799 -2.140878 3.424579 16.311098 16.311098 
438.500000 154 2.000000 0.549877 13.900206 0.597085 -1.407842 2.338528 2.338528 
438.500000 155 2.000000 2.452549 1.150819 1.962038 -4.166960 21.213150 21.213150 
438.500000 156 2.000000 3.287782 1.635490 1.060574 0.474055 1.349546 1.349546 
438.500000 157 2.000000 1.801018 17.861298 0.283165 3.313594 11.060090 11.060090 
438.500000 158 2.000000 1.366910 1.764270 1.093527 -0.969025 2.134812 2.134812 
438.500000 159 2.000000 2.719482 3.183337 2.862612 -0.998807 9.192162 9.192162 
438.500000 160 2.000000 0.689051 1.800076 -1.118795 0.223995 1.301876 1.301876 
438.500000 161 2.000000 1.877527 5.928269 1.014879 -0.293770 1.116280 1.116280 
438.500000 162 2.000000 2.089501 7.205801 -0.992750 3.308027 11.928595 11.928595 
438.500000 163 2.000000 2.388483 1.358772 -3.832063 0.411749 14.854245 14.854245 
438.500000 164 2.000000 0.109472 0.498726 0.729806 4.987252 25.405300 25.405300 
438.500000 165 2.000000 1.390490 9.455959 -2.818728 0.703045 8.439498 8.439498 
438.500000 166 2.000000 2.019638 4.761619 -2.433201 -2.254193 11.001854 11.001854 
438.500000 167 2.000000 0.310630 0.418738 -1.325817 -3.059572 11.118770 11.118770 
438.500000 168 2.000000 2.728672 19.813505 -3.079634 0.774087 10.083356 10.083356 
438.500000 169 2.000000 2.562928 19.620249 3.417236 -1.898752 15.282763 15.282763 
438.500000 170 2.000000 3.187575 18.432579 -1.532244 -3.918551 17.702811 17.702811 
438.500000 171 2.000000 0.757371 11.737999 2.524567 -0.977752 7.329436 7.329436 
438.500000 172 2.000000 0.584400 13.866122 1.947998 2.110988 8.250965 8.250965 
438.500000 173 2.000000 0.785003 4.364740 0.981252 0.393220 1.117477 1.117477 
438.500000 174 2.000000 0.349423 5.718219 3.494222 -1.194061 13.635369 13.635369 
438.500000 175 2.000000 2.956715 13.942656 -1.559134 0.473322 2.654933 2.654933 
438.500000 176 2.000000 1.179575 16.532278 0.908752 -1.709772 3.749150 3.749150 
438.500000 177 2.000000 3.033762 14.673004 2.246742 1.730406 8.042155 8.042155 
438.500000 178 2.000000 1.898442 18.908245 -1.103598 -1.985008 5.158183 5.158183 
438.500000 179 2.000000 0.612966 19.696561 0.172666 -3.034384 9.237298 9.237298 
438.500000 180 2.000000 2.941210 5.214331 1.634005 3.067253 12.078014 12.078014 
438.500000 181 2.000000 0.615486 7.152667 0.946901 0.190352 0.932854 0.932854 
438.500000 182 2.000000 3.336999 14.851929 -0.378121 2.608554 6.947527 6.947527 
438.500000 183 2.000000 1.462797 0.874553 -1.479694 1.457586 4.314051 4.314051 
438.500000 184 2.000000 2.211426 7.869037 0.749636 0.059631 0.565509 0.565509 
438.500000 185 2.000000 1.020496 13.924592 1.216653 0.065226 1.484498 1.484498 
438.500000 186 2.000000 2.059904 15.238046 2.059903 1.274666 5.867974 5.867974 
438.500000 187 2.000000 1.135940 11.926060 -4.039925 2.658609 23.389199 23.389199 
438.500000 188 2.000000 1.181263 9.270940 0.120580 -0.497696 0.262240 0.262240 
438.500000 189 2.000000 0.692480 14.021456 0.446761 0.107951 0.211248 0.211248 
438.500000 190 2.000000 1.835040 12.354024 0.266466 -2.110587 4.525583 4.525583 
438.500000 191 2.000000 3.114830 10.611936 -1.519129 -2.712157 9.663548 9.663548 
438.500000 192 2.000000 3.066965 11.988828 1.496080 1.326350 3.997459 3.997459 
438.500000 193 2.000000 3.093889 17.905432 0.564426 -3.222410 10.702503 10.702503 
438.500000 194 2.000000 2.777208 6.199509 0.203166 0.957815 0.958686 0.958686 
438.500000 195 2.000000 3.334036 7.211874 1.111345 -1.040595 2.317925 2.317925 
438.500000 196 2.000000 2.587977 19.150156 -1.290556 -3.115848 11.374042 11.374042 
438.500000 197 2.000000 1.922296 9.919001 -0.410290 2.680811 7.355084 7.355084 
438.500000 198 2.000000 1.138575 12.313401 -2.036567 -0.169474 4.176328 4.176328 
438.500000 199 2.000000 1.721793 15.302053 2.459703 3.517713 18.424444 18.424444 
438.500000 200 2.000000 0.145555 13.599760 2.911089 1.325677 10.231858 10.231858 
438.500000 201 2.000000 2.514002 1.016027 3.591430 -0.921051 13.746703 13.746703 
438.500000 202 2.000000 0.089329 10.061386 -0.979354 0.691504 1.437312 1.437312 
438.500000 203 2.000000 2.304861 1.810543 -1.414184 0.770443 2.593498 2.593498 
438.500000 204 2.000000 0.417850 13.429250 -4.528998 2.101766 24.929244 24.929244 
438.500000 205 2.000000 2.068321 13.876458 -1.447642 -0.061685 2.099472 2.099472 
438.500000 206 2.000000 2.696375 17.894081 0.599194 -2.339909 5.834209 5.834209 
438.500000 207 2.000000 1.286305 2.609809 -0.257076 0.313411 0.164314 0.164314 
438.500000 208 2.000000 1.348040 7.426686 -2.247955 3.622773 18.177787 18.177787 
438.500000 209 2.000000 3.171265 11.598045 0.605217 -2.333876 5.813266 5.813266 
438.500000 210 2.000000 2.428514 10.378632 -1.435670 -2.783090 9.806737 9.806737 
438.500000 211 2.000000 1.963518 11.932388 -0.819224 -1.311997 2.392466 2.392466 
438.500000 212 2.000000 0.962665 13.934444 0.493732 0.055361 0.246836 0.246836 
438.500000 213 2.000000 0.233435 4.882710 -1.863626 -2.070862 7.761568 7.761568 
438.500000 214 2.000000 1.469828 1.901918 1.088760 2.113241 5.651186 5.651186 
438.500000 215 2.000000 0.045687 7.193673 -0.130329 -0.651774 0.441795 0.441795 
438.500000 216 2.000000 2.072949 12.052601 2.591184 2.620131 13.579321 13.579321 
438.500000 217 2.000000 0.861706 8.687796 -1.872124 0.294243 3.591429 3.591429 
438.500000 218 2.000000 1.118896 10.399732 -2.054457 -0.263019 4.289974 4.289974 
438.500000 219 2.000000 2.066474 1.276182 -2.348045 2.320329 10.897242 10.897242 
438.500000 220 2.000000 2.209746 18.164620 2.599700 1.841543 10.149717 10.149717 
438.500000 221 2.000000 2.640107 19.298025 -0.069297 0.154843 0.028778 0.028778 
438.500000 222 2.000000 2.947657 8.958123 0.038248 1.150029 1.324029 1.324029 
438.500000 223 2.000000 2.320707 16.983267 2.442849 3.501704 18.229442 18.229442 
438.500000 224 2.000000 0.278458 10.274648 1.856380 2.488442 9.638493 9.638493 
438.500000 225 2.000000 3.006157 4.629959 -2.243616 -1.652265 7.763795 7.763795 
438.500000 226 2.000000 0.121057 1.720067 -0.186925 0.081890 0.041647 0.041647 
438.500000 227 2.000000 1.781974 10.509784 1.781973 -0.477095 3.403046 3.403046 
438.500000 228 2.000000 2.010039 4.865020 -2.450654 1.707024 8.919636 8.919636 
438.500000 229 2.000000 2.585223 8.918182 -0.829343 0.349551 0.809996 0.809996 
438.500000 230 2.000000 0.383337 6.079019 -1.538272 -2.228792 7.333797 7.333797 
438.500000 231 2.000000 2.669222 13.853150 -2.263924 0.782366 5.737449 5.737449 
438.500000 232 2.000000 2.112918 0.745427 2.224124 0.110433 4.958922 4.958922 
438.500000 233 2.000000 2.751218 7.668087 -3.943207 0.058945 15.552359 15.552359 
438.500000 234 2.000000 2.983899 14.481001 1.193559 -1.071650 2.573017 2.573017 
438.500000 235 2.000000 2.468860 14.949958 0.058176 -1.318167 1.740948 1.740948 
438.500000 236 2.000000 2.784356 6.907132 -0.728803 -2.210185 5.416071 5.416071 
438.500000 237 2.000000 3.336999 8.786022 -0.590448 -0.017472 0.348934 0.348934 
438.500000 238 2.000000 0.272664 6.634203 -0.092234 -0.541919 0.302183 0.302183 
438.500000 239 2.000000 1.630484 0.209315 -0.870446 -1.602485 3.325634 3.325634 
438.500000 240 2.000000 1.153489 5.257607 -0.339803 0.466427 0.333020 0.333020 
438.500000 241 2.000000 0.418924 14.096453 0.598462 1.971532 4.245094 4.245094 
438.500000 242 2.000000 0.130921 13.430151 0.436400 -0.342956 0.308064 0.308064 
438.500000 243 2.000000 3.172100 17.581399 1.222406 1.330931 3.265653 3.265653 
438.500000 244 2.000000 2.522133 14.654057 0.164137 -1.792154 3.238757 3.238757 
438.500000 245 2.000000 3.045886 7.274053 -1.008378 0.213311 1.062328 1.062328 
438.500000 246 2.000000 2.861924 6.191096 1.813859 1.136144 4.580907 4.580907 
438.500000 247 2.000000 2.071531 12.524661 1.657224 -1.288851 4.407530 4.407530 
438.500000 248 2.000000 1.230443 17.180415 -0.891268 0.964598 1.724807 1.724807 
438.500000 249 2.000000 0.660485 14.928801 -0.707129 -3.380799 11.929830 11.929830 
438.500000 250 2.000000 2.131264 7.100696 1.776053 0.568114 3.477116 3.477116 
438.500000 251 2.000000 2.825972 3.602143 0.706493 -0.105528 0.510268 0.510268 
438.500000 252 2.000000 1.498532 7.750887 2.140759 -0.382942 4.729494 4.729494 
438.500000 253 2.000000 2.325332 15.645352 -0.267924 -0.197964 0.110973 0.110973 
438.500000 254 2.000000 2.315345 19.429402 0.661034 1.348473 2.255345 2.255345 
438.500000 255 2.000000 0.912014 18.273997 -0.651920 0.117909 0.438903 0.438903 
438.500000 256 2.000000 0.732612 7.020968 -0.855891 1.272596 2.352051 2.352051 
438.500000 257 2.000000 1.339076 15.485964 2.975723 -0.672849 9.307654 9.307654 
438.500000 258 2.000000 1.467345 15.728358 -0.577451 -0.996419 1.326302 1.326302 
438.500000 259 2.000000 1.181750 19.025456 1.313055 -0.360942 1.854391 1.854391 
438.500000 260 2.000000 3.288557 6.519435 1.133985 0.314391 1.384763 1.384763 
438.500000 261 2.000000 0.768880 12.637997 1.025171 4.322180 19.732220 19.732220 
438.500000 262 2.000000 3.234538 16.170577 0.924153 -0.781515 1.464825 1.464825 
438.500000 263 2.000000 0.000001 4.741604 2.412751 -1.829215 9.167395 9.167395 
438.500000 264 2.000000 2.181032 4.151383 -0.204719 1.167395 1.404720 1.404720 
438.500000 265 2.000000 2.260027 13.556032 -1.234636 -1.375822 3.417213 3.417213 
438.500000 266 2.000000 1.641775 17.120892 -1.183465 0.635372 1.804286 1.804286 
438.500000 267 2.000000 0.938238 12.203110 2.345592 1.093093 6.696655 6.696655 
438.500000 268 2.000000 0.389594 13.450922 1.947967 0.920968 4.642758 4.642758 
438.500000 269 2.000000 0.985754 15.606743 -1.997371 -0.209432 4.033352 4.033352 
438.500000 270 2.000000 1.593497 7.586137 -0.065668 -2.422380 5.872238 5.872238 
438.500000 271 2.000000 3.319956 17.136227 0.308830 1.206312 1.550565 1.550565 
438.500000 272 2.000000 1.808535 12.999911 0.513799 1.572636 2.737174 2.737174 
438.500000 273 2.000000 0.241231 10.054947 1.206149 1.779636 4.621901 4.621901 
438.500000 274 2.000000 0.949938 7.949776 -0.456783 0.705777 0.706771 0.706771 
438.500000 275 2.000000 2.906029 10.660540 1.490271 -0.227709 2.272758 2.272758 
438.500000 276 2.000000 2.692638 11.430100 -0.176572 2.177162 4.771211 4.771211 
438.500000 277 2.000000 1.422207 14.471734 1.053486 -1.270866 2.724932 2.724932 
438.500000 278 2.000000 1.734792 10.256960 -1.385979 -0.997986 2.916913 2.916913 
438.500000 279 2.000000 0.669498 3.221044 -0.343360 -0.643626 0.532151 0.532151 
438.500000 280 2.000000 0.457306 16.335711 3.048700 -1.787457 12.489576 12.489576 
438.500000 281 2.000000 2.867184 6.359368 0.472225 4.450521 20.030137 20.030137 
438.500000 282 2.000000 2.251747 19.999999 -0.786450 -1.266347 2.222137 2.222137 
438.500000 283 2.000000 0.724006 14.315349 -2.310167 -1.601310 7.901067 7.901067 
438.500000 284 2.000000 0.576290 14.903120 -1.941937 0.052182 3.773843 3.773843 
438.500000 285 2.000000 3.133739 3.854498 -0.546151 -0.041734 0.300022 0.300022 
438.500000 286 2.000000 0.232825 12.984401 1.552163 0.102124 2.419640 2.419640 
438.500000 287 2.000000 2.108488 9.027238 -1.403012 -0.007980 1.968507 1.968507 
438.500000 288 2.000000 2.738687 13.055248 -0.835749 -2.042574 4.870584 4.870584 
438.500000 289 2.000000 1.035472 15.115218 1.380629 -4.070651 18.476336 18.476336 
438.500000 290 2.000000 0.661757 8.022385 -0.954892 -0.497352 1.159178 1.159178 
438.500000 291 2.000000 1.345111 16.457503 -1.631511 0.884494 3.444157 3.444157 
438.500000 292 2.000000 2.684996 1.338779 -0.133960 1.164155 1.373201 1.373201 
438.500000 293 2.000000 1.750428 17.102240 -4.571060 -1.183827 22.296041 22.296041 
438.500000 294 2.000000 0.476280 8.518217 -0.458694 0.181575 0.243370 0.243370 
438.500000 295 2.000000 2.495320 6.166565 -0.904662 -1.032337 1.884134 1.884134 
438.500000 296 2.000000 2.376384 6.537923 0.013712 0.838246 0.702845 0.702845 
438.500000 297 2.000000 1.467535 4.096613 -1.533571 1.950767 6.157333 6.157333 
438.500000 298 2.000000 1.157861 19.661344 -2.019035 4.572405 24.983392 24.983392 
438.500000 299 2.000000 1.402867 16.175634 1.275333 0.883028 2.406212 2.406212 
438.500000 300 2.000000 1.214298 5.407550 4.047657 -1.100955 17.595631 17.595631 
438.500000 301 2.000000 2.031332 9.214288 -3.768476 0.358680 14.330061 14.330061 
438.500000 302 2.000000 1.391142 11.883846 1.324896 -0.375756 1.896542 1.896542 
438.500000 303 2.000000 0.386640 17.701527 1.546558 1.258833 3.976502 3.976502 
438.500000 304 2.000000 0.683068 17.482168 0.982573 -0.386172 1.114579 1.114579 
438.500000 305 2.000000 0.214086 5.875233 1.427234 1.518626 4.343221 4.343221 
438.500000 306 2.000000 2.341993 2.441315 2.036515 0.439876 4.340884 4.340884 
438.500000 307 2.000000 0.198780 15.723037 0.110433 -2.086323 4.364938 4.364938 
438.500000 308 2.000000 0.155104 18.681019 -0.987819 1.818866 4.284059 4.284059 
438.500000 309 2.000000 3.214617 8.689414 -0.282763 -2.633216 7.013783 7.013783 
438.500000 310 2.000000 1.555826 1.629833 0.889043 1.481665 2.985729 2.985729 
438.500000 311 2.000000 1.009773 18.549974 -3.535813 -0.484221 12.736441 12.736441 
438.500000 312 2.000000 0.320297 14.618806 6.405927 1.491715 43.261114 43.261114 
438.500000 313 2.000000 2.636547 8.961943 3.001269 1.417110 11.015814 11.015814 
438.500000 314 2.000000 2.810480 16.395820 -0.005138 -2.120105 4.494872 4.494872 
438.500000 315 2.000000 1.752164 12.067777 1.208388 -1.724396 4.433744 4.433744 
438.500000 316 2.000000 2.582729 19.491767 2.245850 0.030575 5.044777 5.044777 
438.500000 317 2.000000 1.364565 16.063335 2.729128 2.087873 11.807354 11.807354 
438.500000 318 2.000000 1.438190 12.246177 0.435815 1.712752 3.123454 3.123454 
438.500000 319 2.000000 1.368962 1.319646 -1.249642 -0.966222 2.495192 2.495192 
438.500000 320 2.000000 2.038388 13.253546 0.543570 -0.001256 0.295470 0.295470 
438.500000 321 2.000000 1.268712 3.024333 1.951864 0.265292 3.880152 3.880152 
438.500000 322 2.000000 1.873919 9.564445 -1.320040 -3.090460 11.293450 11.293450 
438.500000 323 2.000000 0.670147 16.612021 -3.175472 -0.724574 10.608633 10.608633 
438.500000 324 2.000000 0.125412 10.067854 0.016829 2.649435 7.019789 7.019789 
438.500000 325 2.000000 1.774260 18.140732 1.478549 -2.479023 8.331662 8.331662 
438.500000 326 2.000000 0.178037 11.998976 3.560722 -0.107695 12.690336 12.690336 
438.500000 327 2.000000 2.142924 12.418390 2.255708 -1.114943 6.331316 6.331316 
438.500000 328 2.000000 0.845201 19.914618 0.768364 1.468185 2.745950 2.745950 
438.500000 329 2.000000 1.171961 3.970281 -1.311552 -3.082638 11.222825 11.222825 
438.500000 330 2.000000 1.584433 8.813429 -0.175821 -1.043042 1.118850 1.118850 
438.500000 331 2.000000 3.336999 9.093971 -5.518228 2.114877 34.923550 34.923550 
438.500000 332 2.000000 0.741900 1.721243 1.236498 -0.082339 1.535707 1.535707 
438.500000 333 2.000000 0.666795 1.686786 0.606176 0.889085 1.157922 1.157922 
438.500000 334 2.000000 1.392341 6.356662 2.142061 -1.555481 7.007948 7.007948 
438.500000 335 2.000000 0.380750 12.848662 2.538328 4.015207 22.564992 22.564992 
438.500000 336 2.000000 2.433398 8.318564 -1.101060 -2.115965 5.689641 5.689641 
438.500000 337 2.000000 1.752537 17.863038 -0.233871 -3.287632 10.863222 10.863222 
438.500000 338 2.000000 3.024506 6.755107 -2.384689 1.769019 8.816171 8.816171 
438.500000 339 2.000000 0.990104 12.171972 0.142461 -2.372129 5.647293 5.647293 
438.500000 340 2.000000 0.840091 10.564239 0.400043 3.581098 12.984295 12.984295 
438.500000 341 2.000000 2.136723 18.615790 -2.220320 -1.977441 8.840091 8.840091 
438.500000 342 2.000000 1.907394 13.878947 1.658602 2.275237 7.927665 7.927665 
438.500000 343 2.000000 2.306876 17.300868 -0.246835 -3.855901 14.928902 14.928902 
438.500000 344 2.000000 3.336999 14.705569 -0.943004 -0.214417 0.935231 0.935231 
438.500000 345 2.000000 3.211682 4.293313 1.246052 1.526726 3.883539 3.883539 
438.500000 346 2.000000 1.062998 1.982016 -0.447730 -1.717594 3.150591 3.150591 
438.500000 347 2.000000 0.436141 1.326522 4.361400 0.532885 19.305777 19.305777 
438.500000 348 2.000000 0.344505 15.361806 2.296692 1.046166 6.369257 6.369257 
438.500000 349 2.000000 2.255654 12.073537 -0.552926 -1.404979 2.279692 2.279692 
438.500000 350 2.000000 0.905462 18.217106 0.329259 -0.963726 1.037179 1.037179 
438.500000 351 2.000000 2.793693 13.610110 -1.124612 1.826157 4.599603 4.599603 
438.500000 352 2.000000 0.830938 12.939080 -1.356979 3.009088 10.896003 10.896003 
438.500000 353 2.000000 2.097664 0.199507 -1.587169 -1.377440 4.416445 4.416445 
438.500000 354 2.000000 1.697893 5.180908 0.218121 0.053587 0.050448 0.050448 
438.500000 355 2.000000 0.525473 2.355387 0.553129 -0.534760 0.591919 0.591919 
438.500000 356 2.000000 0.733395 15.761600 2.095413 -1.173185 5.767116 5.767116 
438.500000 357 2.000000 1.425308 11.538212 -0.883133 0.791234 1.405975 1.405975 
438.500000 358 2.000000 2.143953 12.673488 -2.424093 -0.452476 6.080961 6.080961 
438.500000 359 2.000000 0.057536 15.114812 1.150695 -1.201893 2.768646 2.768646 
438.500000 360 2.000000 0.000001 0.378068 2.358752 -2.095770 9.955960 9.955960 
438.500000 361 2.000000 0.060817 19.331811 1.216315 1.970373 5.361793 5.361793 
438.500000 362 2.000000 2.443951 19.624053 -1.411920 0.410816 2.162287 2.162287 
438.500000 363 2.000000 2.628626 2.798186 2.920695 0.594122 8.883437 8.883437 
438.500000 364 2.000000 0.714358 3.309258 0.193069 -1.698578 2.922442 2.922442 
438.500000 365 2.000000 1.513919 3.638844 -1.311567 -0.786531 2.338840 2.338840 
438.500000 366 2.000000 2.261903 2.913731 -2.725740 2.158318 12.087997 12.087997 
438.500000 367 2.000000 0.000001 0.735673 2.645296 1.506609 9.267464 9.267464 
438.500000 368 2.000000 0.745306 9.591363 -2.452118 -2.656212 13.068349 13.068349 
438.500000 369 2.000000 0.893865 11.383585 -1.818277 0.529997 3.587029 3.587029 
438.500000 370 2.000000 1.048440 8.551284 4.193758 2.012066 21.636017 21.636017 
438.500000 371 2.000000 2.597481 9.859669 0.980181 -3.621546 14.076353 14.076353 
438.500000 372 2.000000 1.457815 5.191676 1.041296 -2.651492 8.114707 8.114707 
438.500000 373 2.000000 2.711715 4.320104 -1.174881 -1.144518 2.690266 2.690266 
438.500000 374 2.000000 0.653321 17.432944 0.201022 -3.208819 10.336927 10.336927 
438.500000 375 2.000000 0.000001 12.527373 2.691711 -0.090072 7.253423 7.253423 
438.500000 376 2.000000 0.428932 8.001174 2.144655 -2.083903 8.942196 8.942196 
438.500000 377 2.000000 1.562041 16.473391 2.603400 1.882673 10.322150 10.322150 
438.500000 378 2.000000 0.772444 5.126192 2.206980 2.628816 11.781435 11.781435 
438.500000 379 2.000000 2.411737 10.718757 1.940683 -1.156652 5.104093 5.104093 
438.500000 380 2.000000 0.741896 18.502213 -4.756369 -1.497786 24.866414 24.866414 
438.500000 381 2.000000 2.433771 9.237048 -1.242305 -1.755573 4.625358 4.625358 
438.500000 382 2.000000 2.668303 19.488459 2.541240 1.755717 9.540443 9.540443 
438.500000 383 2.000000 3.123387 16.940354 -0.892448 0.108110 0.808152 0.808152 
438.500000 384 2.000000 1.751702 19.737027 0.286140 -2.629724 6.997323 6.997323 
438.500000 385 2.000000 3.144849 4.442667 1.283612 -1.715195 4.589552 4.589552 
438.500000 386 2.000000 0.275677 10.748258 0.501229 3.587601 13.122114 13.122114 
438.500000 387 2.000000 2.748266 17.741014 -2.981664 0.065986 8.894674 8.894674 
438.500000 388 2.000000 2.534398 1.630598 1.151998 2.329424 6.753315 6.753315 
438.500000 389 2.000000 2.613966 18.159984 -0.941791 0.734623 1.426641 1.426641 
438.500000 390 2.000000 1.359066 13.198883 -1.731064 0.980175 3.957324 3.957324 
438.500000 391 2.000000 1.480644 0.858486 -4.163233 0.408803 17.499629 17.499629 
438.500000 392 2.000000 2.900299 2.853567 -0.046714 -2.189396 4.795637 4.795637 
438.500000 393 2.000000 0.473424 18.188415 -1.773500 -0.710425 3.650007 3.650007 
438.500000 394 2.000000 0.236873 12.321615 -1.415834 -1.412390 3.999430 3.999430 
438.500000 395 2.000000 0.609269 2.618188 -0.775224 1.006995 1.615012 1.615012 
438.500000 396 2.000000 1.247491 19.727179 0.733817 -1.818797 3.846511 3.846511 
438.500000 397 2.000000 0.435513 1.441519 0.944420 1.063256 2.022441 2.022441 
438.500000 398 2.000000 0.859514 6.282889 -0.339627 -1.734831 3.124985 3.124985 
438.500000 399 2.000000 1.346362 3.659707 -1.768989 0.309221 3.224939 3.224939 
438.500000 400 2.000000 2.634849 18.728695 2.195707 1.070297 5.966665 5.966665 
438.500000 401 2.000000 3.183081 0.949304 1.929139 -0.893334 4.519625 4.519625 
438.500000 402 2.000000 2.725270 17.598021 -1.785797 -2.825856 11.174535 11.174535 
438.500000 403 2.000000 2.590010 1.773999 -0.278964 1.267141 1.683468 1.683468 
438.500000 404 2.000000 1.844511 1.116355 2.305638 1.116354 6.562213 6.562213 
438.500000 405 2.000000 0.829844 8.159387 -0.005969 2.566470 6.586803 6.586803 
438.500000 406 2.000000 0.849804 4.842895 2.124507 1.793665 7.730762 7.730762 
438.500000 407 2.000000 2.092968 10.461634 4.651038 0.957897 22.549725 22.549725 
438.500000 408 2.000000 2.062593 16.544688 -1.312406 -1.867736 5.210846 5.210846 
438.500000 409 2.000000 2.355675 6.067347 -1.346431 -0.860040 2.552547 2.552547 
438.500000 410 2.000000 2.156885 5.154439 -2.183661 1.288609 6.428891 6.428891 
438.500000 411 2.000000 3.331469 3.316822 3.331468 -0.311284 11.195578 11.195578 
438.500000 412 2.000000 2.623348 4.161845 1.028764 2.972746 9.895572 9.895572 
438.500000 413 2.000000 2.189487 12.544849 3.368440 -0.009589 11.346483 11.346483 
438.500000 414 2.000000 0.799778 15.557461 -2.162775 1.764516 7.791115 7.791115 
438.500000 415 2.000000 1.787106 0.068262 -3.912732 -0.320117 15.411945 15.411945 
438.500000 416 2.000000 2.230456 11.459767 0.646509 1.105560 1.640236 1.640236 
438.500000 417 2.000000 3.215658 15.153304 -0.523362 3.443933 12.134579 12.134579 
438.500000 418 2.000000 1.974672 0.676521 1.273982 1.932913 5.359182 5.359182 
438.500000 419 2.000000 1.552491 2.247332 0.348874 -0.551753 0.426144 0.426144 
438.500000 420 2.000000 2.201368 17.101429 0.712641 0.620358 0.892700 0.892700 
438.500000 421 2.000000 0.475884 18.615642 1.903532 0.876496 4.391681 4.391681 
438.500000 422 2.000000 0.740032 2.795403 1.480062 4.300618 20.685902 20.685902 
438.500000 423 2.000000 3.137029 11.522766 0.044306 0.641888 0.413984 0.413984 
438.500000 424 2.000000 2.979495 5.001917 1.009998 2.128475 5.550502 5.550502 
438.500000 425 2.000000 1.316864 5.828971 1.755818 -1.944029 6.862144 6.862144 
438.500000 426 2.000000 2.261388 1.984387 3.768978 3.052901 23.525399 23.525399 
438.500000 427 2.000000 1.667281 13.575824 -0.421843 2.041477 4.345580 4.345580 
438.500000 428 2.000000 0.554714 7.102068 3.698084 -5.468991 43.585689 43.585689 
438.500000 429 2.000000 1.821113 8.349935 0.395894 0.755650 0.727739 0.727739 
438.500000 430 2.000000 0.514588 9.663182 1.715291 -1.520120 5.252988 5.252988 
438.500000 431 2.000000 1.003455 17.665239 -0.576607 -2.594178 7.062236 7.062236 
438.500000 432 2.000000 1.939975 3.604509 -2.033748 0.766917 4.724293 4.724293 
438.500000 433 2.000000 0.711046 10.839251 1.292808 -2.734552 9.149125 9.149125 
438.500000 434 2.000000 2.117719 16.661948 -0.115766 -1.660332 2.770102 2.770102 
438.500000 435 2.000000 1.078897 5.695923 -1.919752 -1.308122 5.396631 5.396631 
438.500000 436 2.000000 0.928490 12.448644 -0.726145 -0.537463 0.816154 0.816154 
438.500000 437 2.000000 0.815647 4.953249 1.812547 -0.720972 3.805126 3.805126 
438.500000 438 2.000000 2.094326 9.061247 2.094325 -0.016076 4.386455 4.386455 
438.500000 439 2.000000 2.595140 17.288158 0.619354 -0.701959 0.876346 0.876346 
438.500000 440 2.000000 2.964640 16.927975 -1.899797 -3.614145 16.671277 16.671277 
438.500000 441 2.000000 0.259120 5.882339 -3.659034 -2.689078 20.619674 20.619674 
438.500000 442 2.000000 0.343257 7.544660 -0.135817 1.676591 2.829404 2.829404 
438.500000 443 2.000000 2.920962 9.067868 -1.226678 -0.093895 1.513554 1.513554 
438.500000 444 2.000000 0.669035 4.829579 -0.218879 1.379879 1.951975 1.951975 
438.500000 445 2.000000 2.144094 11.219043 0.018478 1.233515 1.521901 1.521901 
438.500000 446 2.000000 2.082864 9.762672 0.755269 -1.132279 1.852488 1.852488 
438.500000 447 2.000000 2.899238 11.118129 1.932825 0.217895 3.783289 3.783289 
438.500000 448 2.000000 0.443783 15.050413 -2.668197 -0.206911 7.162086 7.162086 
438.500000 449 2.000000 2.389572 7.965392 0.236179 -0.163428 0.082489 0.082489 
438.500000 450 2.000000 1.920564 16.365613 1.745966 -2.692138 10.296004 10.296004 
438.500000 451 2.000000 1.599549 9.470068 0.020192 -0.065850 0.004744 0.004744 
438.500000 452 2.000000 1.780441 7.474136 -1.207584 -4.031254 17.709268 17.709268 
438.500000 453 2.000000 2.161045 17.728460 -3.397868 0.209217 11.589277 11.589277 
438.500000 454 2.000000 3.266060 8.383176 2.612847 1.660991 9.585862 9.585862 
438.500000 455 2.000000 1.622703 10.813446 0.188475 1.027109 1.090475 1.090475 
438.500000 456 2.000000 3.064326 15.993137 -1.855823 -0.002292 3.444085 3.444085 
438.500000 457 2.000000 2.766389 6.395534 2.043302 -4.202980 21.840125 21.840125 
438.500000 458 2.000000 3.034113 5.890783 -2.057240 2.031304 8.358433 8.358433 
438.500000 459 2.000000 0.932483 14.009829 1.864964 2.206272 8.345726 8.345726 
438.500000 460 2.000000 1.480966 5.479184 4.231328 1.186536 19.312002 19.312002 
438.500000 461 2.000000 0.160477 4.514577 0.458503 0.153872 0.233901 0.233901 
438.500000 462 2.000000 0.811344 12.654857 -2.696584 0.438480 7.463829 7.463829 
438.500000 463 2.000000 0.926775 9.441093 2.316934 1.522757 7.686971 7.686971 
438.500000 464 2.000000 0.000001 18.214045 3.927112 1.439845 17.495366 17.495366 
438.500000 465 2.000000 2.574617 5.092000 0.366400 -1.336740 1.921121 1.921121 
438.500000 466 2.000000 0.823633 10.097406 1.647263 2.692641 9.963793 9.963793 
438.500000 467 2.000000 3.016320 8.320218 2.010879 0.206414 4.086241 4.086241 
438.500000 468 2.000000 1.012003 12.600278 1.840003 -0.349200 3.507553 3.507553 
438.500000 469 2.000000 2.300071 16.901066 1.769285 0.217450 3.177653 3.177653 
438.500000 470 2.000000 3.050170 0.714347 -0.149738 1.257590 1.603955 1.603955 
438.500000 471 2.000000 0.200239 11.950410 -0.742890 -1.242250 2.095071 2.095071 
438.500000 472 2.000000 0.354210 16.367160 -3.352210 0.924166 12.091395 12.091395 
438.500000 473 2.000000 2.651109 2.836389 3.601140 3.053160 22.289996 22.289996 
438.500000 474 2.000000 2.204595 4.595877 0.376586 3.996414 16.113138 16.113138 
438.500000 475 2.000000 0.506471 8.381868 -4.459238 1.467138 22.037299 22.037299 
438.500000 476 2.000000 2.331480 6.752215 1.942899 -1.439977 5.848389 5.848389 
438.500000 477 2.000000 1.327104 12.015937 2.041697 -3.541051 16.707572 16.707572 
438.500000 478 2.000000 1.179350 14.847624 -1.526034 1.844268 5.730105 5.730105 
438.500000 479 2.000000 0.260717 19.273060 5.214324 3.249853 37.750726 37.750726 
438.500000 480 2.000000 1.437000 7.906022 -2.961076 0.266670 8.839085 8.839085 
438.500000 481 2.000000 2.013593 12.056011 3.661077 0.730092 13.936520 13.936520 
438.500000 482 2.000000 1.296173 2.444378 4.320574 -2.029056 22.784426 22.784426 
438.500000 483 2.000000 1.151715 15.581617 0.238538 2.042944 4.230520 4.230520 
438.500000 484 2.000000 2.314292 0.011374 -1.343387 -1.535413 4.162183 4.162183 
438.500000 485 2.000000 2.766844 6.100572 1.824413 -1.521598 5.643743 5.643743 
438.500000 486 2.000000 1.436696 7.759542 1.064219 0.440163 1.326305 1.326305 
438.500000 487 2.000000 3.243893 6.432201 -0.136006 0.907626 0.842283 0.842283 
438.500000 488 2.000000 3.029016 0.690430 -0.289258 0.525994 0.360340 0.360340 
438.500000 489 2.000000 1.836997 12.229904 0.186497 -0.101388 0.045061 0.045061 
438.500000 490 2.000000 2.638200 11.804977 -2.034568 -2.586609 10.830017 10.830017 
438.500000 491 2.000000 2.194799 18.357427 -0.067685 -3.285144 10.796751 10.796751 
438.500000 492 2.000000 1.252827 9.936630 1.392029 -0.689133 2.412650 2.412650 
438.500000 493 2.000000 2.078036 14.920686 -0.498044 1.006968 1.262033 1.262033 
438.500000 494 2.000000 3.163989 8.558639 1.004441 -1.728128 3.995327 3.995327 
438.500000 495 2.000000 3.054787 2.145085 -2.860124 -2.359709 13.748539 13.748539 
438.500000 496 2.000000 0.429538 12.493639 -0.130186 1.095094 1.216180 1.216180 
438.500000 497 2.000000 1.109544 3.704060 0.384605 -1.762430 3.254081 3.254081 
438.500000 498 2.000000 3.262100 4.055626 0.193785 -1.714449 2.976887 2.976887 
438.500000 499 2.000000 1.675266 17.044895 -1.422778 0.704807 2.521050 2.521050 
438.500000 500 2.000000 1.453491 9.615468 -1.293672 1.125759 2.940921 2.940921 
