485.000000 1 2.000000 1.054407 5.784938 1.109901 1.385560 3.151658 3.151658 
485.000000 2 2.000000 0.463498 4.549248 4.634968 -2.904343 29.918131 29.918131 
485.000000 3 2.000000 1.438351 3.223847 -2.670966 -4.194602 24.728746 24.728746 
485.000000 4 2.000000 1.143756 10.431501 -1.742971 2.150825 7.663993 7.663993 
485.000000 5 2.000000 0.910157 5.631544 -4.436944 0.385764 19.835286 19.835286 
485.000000 6 2.000000 0.828913 12.311450 2.072280 2.301205 9.589890 9.589890 
485.000000 7 2.000000 0.616967 11.723283 0.154241 0.255097 0.088865 0.088865 
485.000000 8 2.000000 0.272486 11.902176 -4.363045 4.858030 42.636621 42.636621 
485.000000 9 2.000000 0.253695 13.269140 2.536944 -2.492911 12.650691 12.650691 
485.000000 10 2.000000 0.393542 1.198858 2.623609 -3.636804 20.109668 20.109668 
485.000000 11 2.000000 0.776847 13.231820 -2.681842 -0.079895 7.198657 7.198657 
485.000000 12 2.000000 0.038723 16.866196 -0.517641 2.482771 6.432102 6.432102 
485.000000 13 2.000000 0.247165 12.922504 -3.654994 -0.025307 13.359623 13.359623 
485.000000 14 2.000000 0.203989 15.640216 1.359923 0.213443 1.894949 1.894949 
485.000000 15 2.000000 1.484498 14.869031 1.372055 -1.081159 3.051440 3.051440 
485.000000 16 2.000000 1.360110 10.893283 -1.087445 -0.016732 1.182818 1.182818 
485.000000 17 2.000000 0.965498 13.300218 -0.709667 -1.251627 2.070198 2.070198 
485.000000 18 2.000000 1.245308 10.047984 -2.202604 0.982663 5.817090 5.817090 
485.000000 19 2.000000 0.832199 7.512786 -4.956668 -1.436305 26.631526 26.631526 
485.000000 20 2.000000 0.188038 5.655898 -3.109024 -1.263789 11.263196 11.263196 
485.000000 21 2.000000 1.163647 11.490207 -4.101517 2.369115 22.435147 22.435147 
485.000000 22 2.000000 1.370056 0.277472 5.480222 5.549430 60.829001 60.829001 
485.000000 23 2.000000 0.919943 16.307626 0.364502 0.699661 0.622387 0.622387 
485.000000 24 2.000000 1.390588 2.395404 3.456486 1.753487 15.022013 15.022013 
485.000000 25 2.000000 1.275977 2.371654 1.963040 2.964566 12.642175 12.642175 
485.000000 26 2.000000 1.362783 15.992566 -0.866864 2.480827 6.905955 6.905955 
485.000000 27 2.000000 0.977297 19.804703 -3.989344 2.922239 24.454351 24.454351 
485.000000 28 2.000000 0.242150 16.178867 -3.357623 -2.247725 16.325898 16.325898 
485.000000 29 2.000000 1.238835 2.157928 1.011549 3.320501 12.048957 12.048957 
485.000000 30 2.000000 0.625330 12.797685 -2.399672 -1.465097 7.904937 7.904937 
485.000000 31 2.000000 1.201358 9.908149 -0.009997 2.664768 7.101090 7.101090 
485.000000 32 2.000000 1.266148 3.726803 0.844098 -1.362433 2.568724 2.568724 
485.000000 33 2.000000 0.220161 19.105899 -0.881649 0.457817 0.986901 0.986901 
485.000000 34 2.000000 0.793541 6.679436 3.174161 -1.065325 11.210213 11.210213 
485.000000 35 2.000000 1.067371 7.085178 0.970336 0.795340 1.574118 1.574118 
485.000000 36 2.000000 1.096365 10.436080 -4.774337 -3.302317 33.699593 33.699593 
485.000000 37 2.000000 0.267015 0.717603 0.161827 -0.532777 0.310039 0.310039 
485.000000 38 2.000000 0.249069 2.937446 4.981354 -0.308612 24.909129 24.909129 
485.000000 39 2.000000 0.623008 17.166745 -2.743688 1.768828 10.656578 10.656578 
485.000000 40 2.000000 0.459697 8.630264 1.021547 0.738136 1.588402 1.588402 
485.000000 41 2.000000 0.935627 12.676895 -1.525693 -0.226468 2.379026 2.379026 
485.000000 42 2.000000 0.851626 15.485614 -2.432575 -2.315069 11.276968 11.276968 
485.000000 43 2.000000 1.190032 12.908549 -0.671279 -3.833216 15.144162 15.144162 
485.000000 44 2.000000 1.092982 10.838451 4.371923 2.969438 27.931280 27.931280 
485.000000 45 2.000000 1.160645 16.056366 7.737630 -3.552410 72.490531 72.490531 
485.000000 46 2.000000 0.418056 2.742417 4.180551 6.094259 54.616999 54.616999 
485.000000 47 2.000000 0.209799 17.557528 0.699326 -5.427714 29.949138 29.949138 
485.000000 48 2.000000 0.174900 12.858015 1.748986 -0.377874 3.201741 3.201741 
485.000000 49 2.000000 0.585501 13.226828 2.927502 -1.120187 9.825090 9.825090 
485.000000 50 2.000000 1.394561 15.734182 -3.546752 2.251285 17.647735 17.647735 
485.000000 51 2.000000 0.571168 2.694672 3.807777 2.994078 23.463675 23.463675 
485.000000 52 2.000000 0.081793 16.955182 1.635849 2.323637 8.075292 8.075292 
485.000000 53 2.000000 1.528854 8.864751 -0.312302 -1.446095 2.188722 2.188722 
485.000000 54 2.000000 0.491724 18.192802 0.315073 -0.808148 0.752374 0.752374 
485.000000 55 2.000000 0.796172 17.955334 -0.899421 0.042730 0.810784 0.810784 
485.000000 56 2.000000 1.361148 5.791255 1.944495 -3.792132 18.161324 18.161324 
485.000000 57 2.000000 0.813741 13.530635 -0.794258 3.422210 12.342364 12.342364 
485.000000 58 2.000000 0.096704 4.640597 -3.721237 2.353447 19.386316 19.386316 
485.000000 59 2.000000 0.930950 2.467673 -1.863854 -3.004858 12.503124 12.503124 
485.000000 60 2.000000 1.569999 8.973714 -4.222357 -3.020900 26.954136 26.954136 
485.000000 61 2.000000 0.828668 16.540346 0.194981 1.082837 1.210554 1.210554 
485.000000 62 2.000000 0.104597 5.430847 -7.365009 1.597308 56.794751 56.794751 
485.000000 63 2.000000 0.112611 11.345384 -3.681469 -2.026179 17.658617 17.658617 
485.000000 64 2.000000 0.165580 6.933833 -3.158930 6.933832 58.056868 58.056868 
485.000000 65 2.000000 0.645522 15.047797 0.614782 1.787553 3.573303 3.573303 
485.000000 66 2.000000 0.116862 11.059623 -0.846741 -1.222840 2.212308 2.212308 
485.000000 67 2.000000 0.983075 11.809174 0.280878 -3.343194 11.255837 11.255837 
485.000000 68 2.000000 0.113249 12.017650 0.566238 1.681389 3.147693 3.147693 
485.000000 69 2.000000 1.569999 4.637330 -6.416684 -4.438210 60.871536 60.871536 
485.000000 70 2.000000 0.402027 11.304447 2.680171 0.682917 7.649694 7.649694 
485.000000 71 2.000000 0.255475 16.087067 2.554744 -0.308960 6.622173 6.622173 
485.000000 72 2.000000 0.763702 13.111405 2.545669 0.867602 7.233166 7.233166 
485.000000 73 2.000000 1.569999 3.882272 -2.942269 -0.591548 9.006873 9.006873 
485.000000 74 2.000000 1.361344 4.837299 -2.124547 -3.766672 18.701521 18.701521 
485.000000 75 2.000000 0.577061 13.616302 -3.347792 0.037260 11.209098 11.209098 
485.000000 76 2.000000 1.366153 16.205506 -4.114928 0.206229 16.975166 16.975166 
485.000000 77 2.000000 0.844999 8.038744 1.126664 -2.068138 5.546566 5.546566 
485.000000 78 2.000000 1.228448 13.383304 -2.315007 -3.552859 17.982060 17.982060 
485.000000 79 2.000000 1.496924 3.433657 2.302958 -1.125535 6.570446 6.570446 
485.000000 80 2.000000 1.140129 10.617323 2.280256 -0.058175 5.202953 5.202953 
485.000000 81 2.000000 0.245179 7.575826 1.225889 -4.601546 22.677028 22.677028 
485.000000 82 2.000000 1.426654 9.788019 0.419604 0.893923 0.975165 0.975165 
485.000000 83 2.000000 0.771056 3.643016 -1.267144 2.914412 10.099451 10.099451 
485.000000 84 2.000000 0.000001 5.016894 4.172157 1.497580 19.649636 19.649636 
485.000000 85 2.000000 0.345281 4.738219 1.150934 -3.445016 13.192781 13.192781 
485.000000 86 2.000000 1.097216 6.983204 -1.929131 0.907191 4.544541 4.544541 
485.000000 87 2.000000 1.197081 17.401002 5.985402 -1.525857 38.153274 38.153274 
485.000000 88 2.000000 0.481550 9.752087 4.815494 1.374355 25.077830 25.077830 
485.000000 89 2.000000 0.333201 5.576594 -0.825440 -1.478001 2.865840 2.865840 
485.000000 90 2.000000 1.243433 10.622992 4.144773 1.221403 18.670967 18.670967 
485.000000 91 2.000000 0.348088 8.695983 6.961734 -0.108656 48.477553 48.477553 
485.000000 92 2.000000 1.351923 11.836505 0.819347 2.213341 5.570208 5.570208 
485.000000 93 2.000000 1.569999 0.653887 -4.690214 4.359239 41.001073 41.001073 
485.000000 94 2.000000 1.424695 10.840273 -2.944085 2.710005 16.011762 16.011762 
485.000000 95 2.000000 0.402844 3.110900 2.014216 1.269755 5.669342 5.669342 
485.000000 96 2.000000 1.228333 7.364987 0.365026 0.016516 0.133516 0.133516 
485.000000 97 2.000000 0.968450 5.614752 -4.048328 2.495445 22.616205 22.616205 
485.000000 98 2.000000 0.318905 6.924691 2.126025 -0.908064 5.344562 5.344562 
485.000000 99 2.000000 1.008376 2.469796 0.458352 -3.048731 9.504847 9.504847 
485.000000 100 2.000000 0.957107 14.676525 3.828423 0.889705 15.448396 15.448396 
485.000000 101 2.000000 1.569999 1.748919 -1.915072 4.372295 22.784465 22.784465 
485.000000 102 2.000000 1.224537 3.270003 2.981259 3.296860 19.757193 19.757193 
485.000000 103 2.000000 0.689231 13.772751 -2.554479 -1.176962 7.910604 7.910604 
485.000000 104 2.000000 1.569999 8.484627 -3.377642 -1.753571 14.483478 14.483478 
485.000000 105 2.000000 1.569999 0.000001 -7.280988 3.681767 66.568191 66.568191 
485.000000 106 2.000000 0.700932 0.450805 2.002659 -4.129939 21.067040 21.067040 
485.000000 107 2.000000 0.745005 13.149629 3.725021 2.922140 22.414684 22.414684 
485.000000 108 2.000000 0.493860 7.797846 -2.429420 -1.299641 7.591149 7.591149 
485.000000 109 2.000000 0.655648 17.967019 4.370980 0.772851 19.702762 19.702762 
485.000000 110 2.000000 0.586612 3.680583 1.303581 1.600253 4.260133 4.260133 
485.000000 111 2.000000 1.178891 7.831549 0.906838 0.599058 1.181226 1.181226 
485.000000 112 2.000000 1.042469 7.055431 -5.313301 2.441067 34.189971 34.189971 
485.000000 113 2.000000 0.593249 16.020557 0.856676 1.336576 2.520329 2.520329 
485.000000 114 2.000000 1.569999 19.754954 -9.449170 0.034932 89.288032 89.288032 
485.000000 115 2.000000 1.376871 15.368548 -3.900552 2.810352 23.112383 23.112383 
485.000000 116 2.000000 1.556829 8.614389 3.459619 -3.864207 26.901060 26.901060 
485.000000 117 2.000000 1.122904 2.824027 2.807257 2.671212 15.016068 15.016068 
485.000000 118 2.000000 0.510055 6.168367 2.040216 4.569160 25.039707 25.039707 
485.000000 119 2.000000 0.370103 3.593642 -1.237896 4.791522 24.491068 24.491068 
485.000000 120 2.000000 0.388506 13.999567 0.276615 0.913617 0.911213 0.911213 
485.000000 121 2.000000 1.548026 14.667012 -0.257730 1.544762 2.452713 2.452713 
485.000000 122 2.000000 1.498936 1.313696 -0.195918 -1.777413 3.197580 3.197580 
485.000000 123 2.000000 0.158657 16.717932 3.173112 1.608585 12.656187 12.656187 
485.000000 124 2.000000 0.723405 13.772281 -0.179316 3.735418 13.985498 13.985498 
485.000000 125 2.000000 0.068328 11.680331 1.366539 -1.365262 3.731370 3.731370 
485.000000 126 2.000000 0.353534 0.903944 1.767665 -0.874598 3.889562 3.889562 
485.000000 127 2.000000 0.430442 16.623624 -1.028919 -1.607797 3.643687 3.643687 
485.000000 128 2.000000 1.375463 11.817296 3.056582 -2.337915 14.808541 14.808541 
485.000000 129 2.000000 0.504374 0.982289 -1.370031 1.785978 5.066702 5.066702 
485.000000 130 2.000000 1.335321 17.526686 -0.820260 -1.978651 4.587885 4.587885 
485.000000 131 2.000000 0.374869 11.521956 -1.751050 0.143424 3.086746 3.086746 
485.000000 132 2.000000 0.682573 13.679245 -8.912255 0.340641 79.544328 79.544328 
485.000000 133 2.000000 1.300893 4.775859 0.011569 0.972307 0.945515 0.945515 
485.000000 134 2.000000 0.810430 17.051806 1.724193 -2.522968 9.338210 9.338210 
485.000000 135 2.000000 1.392311 15.861017 1.071008 2.490909 7.351685 7.351685 
485.000000 136 2.000000 0.647688 3.504736 3.238434 0.118430 10.501479 10.501479 
485.000000 137 2.000000 0.453114 14.649112 0.823841 2.694166 7.937247 7.937247 
485.000000 138 2.000000 0.261962 1.760829 -3.775248 -3.633044 27.451503 27.451503 
485.000000 139 2.000000 0.192113 0.400219 -3.974818 1.600873 18.361976 18.361976 
485.000000 140 2.000000 0.931921 11.679862 4.659598 0.016068 21.712114 21.712114 
485.000000 141 2.000000 1.139536 1.180516 -1.472878 1.388841 4.098249 4.098249 
485.000000 142 2.000000 1.187554 0.788623 1.187553 -2.365079 7.003883 7.003883 
485.000000 143 2.000000 0.305093 9.553198 2.033944 2.297744 9.416555 9.416555 
485.000000 144 2.000000 0.747358 19.823422 -2.597940 -0.097684 6.758834 6.758834 
485.000000 145 2.000000 0.903156 3.892352 2.007012 -2.334442 9.477714 9.477714 
485.000000 146 2.000000 1.052955 10.874321 -0.978080 1.514224 3.249515 3.249515 
485.000000 147 2.000000 0.306040 19.999999 -3.649311 -2.471632 19.426434 19.426434 
485.000000 148 2.000000 0.127627 13.062409 -7.689313 7.773037 119.545652 119.545652 
485.000000 149 2.000000 0.888158 3.741161 0.289908 0.098580 0.093765 0.093765 
485.000000 150 2.000000 1.509234 8.873010 0.858548 5.383689 29.721216 29.721216 
485.000000 151 2.000000 1.415992 8.006216 0.431780 3.639189 13.430129 13.430129 
485.000000 152 2.000000 1.569999 0.354323 -7.534752 -0.220973 56.821314 56.821314 
485.000000 153 2.000000 1.143259 17.399317 -1.744960 -3.059626 12.406195 12.406195 
485.000000 154 2.000000 0.000001 8.403190 4.051779 -0.557237 16.727427 16.727427 
485.000000 155 2.000000 0.464118 1.056640 0.374957 1.037978 1.217990 1.217990 
485.000000 156 2.000000 0.201901 18.283213 0.269199 3.340405 11.230771 11.230771 
485.000000 157 2.000000 0.597386 14.911913 -6.397905 3.181525 51.055292 51.055292 
485.000000 158 2.000000 0.842972 16.974833 -4.884847 3.430660 35.631163 35.631163 
485.000000 159 2.000000 0.890246 13.497925 3.560979 -1.557415 15.106115 15.106115 
485.000000 160 2.000000 1.333746 14.109740 -0.540112 -2.014530 4.350052 4.350052 
485.000000 161 2.000000 0.317502 13.262453 6.350025 -0.015607 40.323057 40.323057 
485.000000 162 2.000000 0.832441 19.520528 -1.881896 0.251207 3.604638 3.604638 
485.000000 163 2.000000 0.680043 19.004321 -2.262891 -1.327570 6.883117 6.883117 
485.000000 164 2.000000 1.213284 16.233254 0.441325 -0.499328 0.444097 0.444097 
485.000000 165 2.000000 0.541135 12.669752 1.115050 -2.855468 9.397032 9.397032 
485.000000 166 2.000000 0.475581 12.104675 -2.774045 4.507799 28.015575 28.015575 
485.000000 167 2.000000 1.243606 0.293088 0.126159 -3.312230 10.986786 10.986786 
485.000000 168 2.000000 0.762819 10.545352 -5.419198 1.500868 31.620313 31.620313 
485.000000 169 2.000000 0.594366 14.391216 -0.041037 -1.916234 3.673638 3.673638 
485.000000 170 2.000000 0.245647 7.792985 0.818820 1.164472 2.026462 2.026462 
485.000000 171 2.000000 1.560348 0.334623 -0.231022 -0.581155 0.391112 0.391112 
485.000000 172 2.000000 0.354641 3.996770 0.025854 -2.473318 6.117972 6.117972 
485.000000 173 2.000000 1.569999 19.310900 -6.891076 -4.593993 68.591705 68.591705 
485.000000 174 2.000000 0.591484 15.185330 3.943221 -1.250563 17.112903 17.112903 
485.000000 175 2.000000 0.722425 12.977532 -2.096140 0.608469 4.764038 4.764038 
485.000000 176 2.000000 0.311229 19.668042 -0.557480 0.500729 0.561514 0.561514 
485.000000 177 2.000000 0.070098 5.408997 1.401930 6.069198 38.800575 38.800575 
485.000000 178 2.000000 0.813495 14.617388 -3.820522 -2.750306 22.160567 22.160567 
485.000000 179 2.000000 0.884226 5.616801 -6.895734 -1.214924 49.027192 49.027192 
485.000000 180 2.000000 0.000001 16.039794 1.409786 -2.731176 9.446820 9.446820 
485.000000 181 2.000000 0.256909 6.422060 0.022297 -1.474212 2.173798 2.173798 
485.000000 182 2.000000 0.539231 14.478935 -1.250668 -2.838582 9.621721 9.621721 
485.000000 183 2.000000 1.311481 4.500374 -2.623180 -1.303125 8.579207 8.579207 
485.000000 184 2.000000 0.378512 1.456602 -1.134805 1.546780 3.680310 3.680310 
485.000000 185 2.000000 0.812547 17.142182 1.522394 -1.708195 5.235612 5.235612 
485.000000 186 2.000000 0.935137 5.746596 1.438671 0.532094 2.352897 2.352897 
485.000000 187 2.000000 0.739122 3.985196 -5.577182 2.030872 35.229395 35.229395 
485.000000 188 2.000000 0.395792 14.736994 -1.156293 5.458146 31.128365 31.128365 
485.000000 189 2.000000 1.325173 12.354062 -0.737503 1.505824 2.811417 2.811417 
485.000000 190 2.000000 1.337161 15.614569 -0.311928 0.452539 0.302090 0.302090 
485.000000 191 2.000000 1.365297 7.500161 -4.132042 0.119297 17.087999 17.087999 
485.000000 192 2.000000 0.992635 1.983172 -2.924820 1.283295 10.201419 10.201419 
485.000000 193 2.000000 0.043183 16.874838 -4.521925 0.357167 20.575378 20.575378 
485.000000 194 2.000000 1.274965 2.772520 2.549929 -4.474670 26.524807 26.524807 
485.000000 195 2.000000 0.369398 11.982188 2.462649 -0.648396 6.485056 6.485056 
485.000000 196 2.000000 0.451201 7.291932 -2.524218 2.558572 12.917966 12.917966 
485.000000 197 2.000000 0.305704 18.557236 2.038023 2.466025 10.234819 10.234819 
485.000000 198 2.000000 0.412897 16.576400 -1.691003 0.655740 3.289486 3.289486 
485.000000 199 2.000000 0.290464 5.130782 1.161850 0.900137 2.160143 2.160143 
485.000000 200 2.000000 0.864321 9.600497 4.321601 -1.919340 22.360103 22.360103 
485.000000 201 2.000000 1.212002 18.062284 -0.688904 -3.523118 12.886947 12.886947 
485.000000 202 2.000000 1.298516 7.847785 -2.752834 -1.745931 10.626370 10.626370 
485.000000 203 2.000000 0.642881 1.676271 -3.128395 1.520123 12.097629 12.097629 
485.000000 204 2.000000 1.184323 14.574049 1.393320 1.061194 3.067474 3.067474 
485.000000 205 2.000000 0.659517 9.318508 2.198387 1.303288 6.531465 6.531465 
485.000000 206 2.000000 0.753017 14.796492 2.151474 2.431588 10.541457 10.541457 
485.000000 207 2.000000 1.270655 14.015853 0.876313 0.452409 0.972598 0.972598 
485.000000 208 2.000000 1.061589 0.255952 5.307941 -1.102205 29.389093 29.389093 
485.000000 209 2.000000 1.017843 8.093921 2.908119 0.855164 9.188459 9.188459 
485.000000 210 2.000000 0.657426 17.184631 -0.287722 -0.334125 0.194424 0.194424 
485.000000 211 2.000000 1.139979 17.573182 -4.338199 1.507045 21.091159 21.091159 
485.000000 212 2.000000 0.824145 17.858253 -1.394099 2.106057 6.378987 6.378987 
485.000000 213 2.000000 1.196993 8.009869 -1.903028 -3.008049 12.669871 12.669871 
485.000000 214 2.000000 1.569999 13.457965 -1.575436 3.923474 17.875648 17.875648 
485.000000 215 2.000000 0.929385 0.508010 -0.384278 0.188151 0.183070 0.183070 
485.000000 216 2.000000 0.732903 12.107117 -5.618643 -1.135700 32.858964 32.858964 
485.000000 217 2.000000 1.421731 11.363945 -3.003363 -0.801664 9.662855 9.662855 
485.000000 218 2.000000 0.099844 11.615634 -3.671133 -3.023424 22.618314 22.618314 
485.000000 219 2.000000 1.530758 2.527866 0.018945 1.272158 1.618744 1.618744 
485.000000 220 2.000000 1.451295 4.505578 -2.412074 -3.172725 15.884288 15.884288 
485.000000 221 2.000000 0.769742 4.337534 -0.880375 -0.453906 0.981091 0.981091 
485.000000 222 2.000000 0.320158 5.318055 2.134378 3.323784 15.603108 15.603108 
485.000000 223 2.000000 0.041913 6.093381 -2.388902 -1.365492 7.571423 7.571423 
485.000000 224 2.000000 1.430581 6.026558 3.576451 -1.915433 16.459887 16.459887 
485.000000 225 2.000000 0.950059 7.738966 -6.237397 0.785151 39.521590 39.521590 
485.000000 226 2.000000 0.764472 8.616964 -3.302631 -4.087948 27.618692 27.618692 
485.000000 227 2.000000 1.135213 8.657105 0.709508 2.121798 5.005427 5.005427 
485.000000 228 2.000000 0.938763 2.192421 0.853420 2.579318 7.381205 7.381205 
485.000000 229 2.000000 0.308876 12.029074 -3.080277 -5.193278 36.458239 36.458239 
485.000000 230 2.000000 0.775976 0.331532 3.879876 3.315305 26.044685 26.044685 
485.000000 231 2.000000 0.997004 15.135066 -1.470487 3.630042 15.339536 15.339536 
485.000000 232 2.000000 0.386778 9.817126 0.644629 -0.853310 1.143685 1.143685 
485.000000 233 2.000000 0.278933 7.771114 2.789322 3.884267 22.867848 22.867848 
485.000000 234 2.000000 1.525923 13.490796 1.695469 -1.520431 5.186327 5.186327 
485.000000 235 2.000000 1.173354 13.214591 0.982830 -0.719946 1.484276 1.484276 
485.000000 236 2.000000 0.137182 15.232818 0.685904 0.393891 0.625615 0.625615 
485.000000 237 2.000000 0.797815 6.154175 1.063751 2.862406 9.324937 9.324937 
485.000000 238 2.000000 0.778812 4.025101 0.389379 0.478198 0.380289 0.380289 
485.000000 239 2.000000 0.506180 3.955735 3.374524 0.369832 11.524188 11.524188 
485.000000 240 2.000000 1.008799 4.680009 0.877215 -4.728295 23.126283 23.126283 
485.000000 241 2.000000 1.522875 6.133149 0.731629 1.157652 1.875439 1.875439 
485.000000 242 2.000000 1.287630 9.313903 1.716839 -1.314456 4.675332 4.675332 
485.000000 243 2.000000 0.456830 9.485844 -2.820923 0.392927 8.111999 8.111999 
485.000000 244 2.000000 0.800242 3.852654 -0.144363 -5.578903 31.144995 31.144995 
485.000000 245 2.000000 0.483649 13.109394 1.988794 0.048504 3.957654 3.957654 
485.000000 246 2.000000 0.179419 11.563203 -4.492945 2.456178 26.219367 26.219367 
485.000000 247 2.000000 0.922520 16.368435 -6.512791 -0.590498 42.765139 42.765139 
485.000000 248 2.000000 1.229226 4.452476 -6.853466 -2.528053 53.361050 53.361050 
485.000000 249 2.000000 0.163112 4.062855 0.815554 3.250283 11.229469 11.229469 
485.000000 250 2.000000 1.219581 12.351681 -0.738836 0.886616 1.331968 1.331968 
485.000000 251 2.000000 0.142597 4.141299 -2.633276 -1.939791 10.696934 10.696934 
485.000000 252 2.000000 1.500621 12.189800 1.517968 2.009211 6.341159 6.341159 
485.000000 253 2.000000 0.479274 7.541137 -0.676143 0.687021 0.929167 0.929167 
485.000000 254 2.000000 0.832183 6.963455 0.241371 2.302852 5.361388 5.361388 
485.000000 255 2.000000 0.298274 11.374879 -0.075949 1.275967 1.633861 1.633861 
485.000000 256 2.000000 0.626341 17.005794 -3.183527 -2.495171 16.360721 16.360721 
485.000000 257 2.000000 1.217252 13.073187 -0.580688 -0.527152 0.615088 0.615088 
485.000000 258 2.000000 1.096568 7.477119 -0.984862 -1.998144 4.962532 4.962532 
485.000000 259 2.000000 1.494090 7.997293 -1.556177 1.951114 6.228532 6.228532 
485.000000 260 2.000000 0.905242 8.057152 0.278049 1.607888 2.662614 2.662614 
485.000000 261 2.000000 1.349351 7.798709 -4.450960 -1.636063 22.487746 22.487746 
485.000000 262 2.000000 1.569999 9.325823 -2.957635 0.544544 9.044130 9.044130 
485.000000 263 2.000000 0.751787 6.052030 0.884455 3.917230 16.126951 16.126951 
485.000000 264 2.000000 0.925756 17.090835 1.542925 -2.006320 6.405938 6.405938 
485.000000 265 2.000000 1.172700 7.542996 -1.031247 -2.356412 6.616146 6.616146 
485.000000 266 2.000000 0.657226 14.433617 -3.689093 3.529322 26.065516 26.065516 
485.000000 267 2.000000 0.186820 3.959313 -0.202862 0.225400 0.091958 0.091958 
485.000000 268 2.000000 0.434191 5.942750 -7.610053 -2.030963 62.037719 62.037719 
485.000000 269 2.000000 1.356294 4.708765 0.469329 -1.685492 3.061152 3.061152 
485.000000 270 2.000000 1.285064 12.716491 -0.750336 -0.765477 1.148959 1.148959 
485.000000 271 2.000000 0.546004 8.513578 3.640022 -1.528088 15.584815 15.584815 
485.000000 272 2.000000 0.840037 16.611370 5.600239 1.889767 34.933901 34.933901 
485.000000 273 2.000000 0.130522 0.792403 -0.093341 1.440731 2.084419 2.084419 
485.000000 274 2.000000 1.569999 8.724212 -3.218248 -3.727676 24.252694 24.252694 
485.000000 275 2.000000 1.152739 11.131837 -1.707041 0.437728 3.105595 3.105595 
485.000000 276 2.000000 0.817501 15.348523 -5.054653 4.174283 42.974162 42.974162 
485.000000 277 2.000000 1.208956 9.978663 -2.444953 0.741906 6.528221 6.528221 
485.000000 278 2.000000 0.550358 2.690655 5.503571 -7.684387 89.339109 89.339109 
485.000000 279 2.000000 1.271287 8.324475 -3.025123 1.086926 10.332779 10.332779 
485.000000 280 2.000000 1.401474 5.342516 2.802947 4.177986 25.312083 25.312083 
485.000000 281 2.000000 0.929180 19.983061 1.548632 0.162824 2.424772 2.424772 
485.000000 282 2.000000 0.680776 9.099697 0.037983 -2.621972 6.876181 6.876181 
485.000000 283 2.000000 0.305278 10.495580 2.035181 4.664702 25.901406 25.901406 
485.000000 284 2.000000 0.169872 2.471312 1.698710 -0.527478 3.163849 3.163849 
485.000000 285 2.000000 1.530337 0.535939 1.093097 0.893230 1.992721 1.992721 
485.000000 286 2.000000 0.993481 11.992274 0.359121 -2.267461 5.270349 5.270349 
485.000000 287 2.000000 1.188586 2.945974 5.942924 -0.821436 35.993097 35.993097 
485.000000 288 2.000000 1.569999 0.686483 -1.475157 -4.567317 23.036472 23.036472 
485.000000 289 2.000000 0.721522 4.615950 -1.580686 2.051533 6.707355 6.707355 
485.000000 290 2.000000 0.807372 16.261004 8.073705 3.940875 80.715213 80.715213 
485.000000 291 2.000000 1.135189 3.851642 3.783961 -0.798742 14.956347 14.956347 
485.000000 292 2.000000 0.239322 6.729691 -1.516530 1.009149 3.318246 3.318246 
485.000000 293 2.000000 1.213206 10.383915 -1.227308 -2.315383 6.867286 6.867286 
485.000000 294 2.000000 1.406089 0.906491 -1.130730 -0.420223 1.455138 1.455138 
485.000000 295 2.000000 0.461254 12.824126 0.116773 -1.021312 1.056715 1.056715 
485.000000 296 2.000000 0.808327 1.456425 3.627512 -2.411934 18.976272 18.976272 
485.000000 297 2.000000 1.012714 17.269283 -1.630243 -0.259654 2.725111 2.725111 
485.000000 298 2.000000 1.569999 3.166542 -0.789056 3.518379 13.001598 13.001598 
485.000000 299 2.000000 0.606155 8.331339 -0.271003 2.436682 6.010862 6.010862 
485.000000 300 2.000000 1.472456 13.333449 -0.688288 -2.843776 8.560802 8.560802 
485.000000 301 2.000000 0.968691 4.281764 4.843449 1.227754 24.966379 24.966379 
485.000000 302 2.000000 1.014843 6.269250 1.561296 3.051116 11.746957 11.746957 
485.000000 303 2.000000 0.381497 9.175776 1.907482 0.570630 3.964105 3.964105 
485.000000 304 2.000000 1.253647 12.278780 -1.092508 -4.275388 19.472515 19.472515 
485.000000 305 2.000000 0.437786 19.670898 1.751140 -3.291015 13.897268 13.897268 
485.000000 306 2.000000 1.318329 10.606286 -1.715799 -0.197476 2.982963 2.982963 
485.000000 307 2.000000 1.137498 8.606196 -4.363009 2.190997 23.836317 23.836317 
485.000000 308 2.000000 0.344687 2.046899 3.446860 -1.440949 13.957177 13.957177 
485.000000 309 2.000000 0.230039 16.962821 -1.824614 1.957280 7.160163 7.160163 
485.000000 310 2.000000 0.173685 8.325224 0.868419 0.722017 1.275459 1.275459 
485.000000 311 2.000000 0.178130 10.366999 3.562571 5.183499 39.560577 39.560577 
485.000000 312 2.000000 0.490655 8.086402 -1.084163 2.769192 8.843836 8.843836 
485.000000 313 2.000000 1.393294 6.907415 0.819584 -2.011672 4.718541 4.718541 
485.000000 314 2.000000 1.474739 9.199691 0.418599 -3.135959 10.009462 10.009462 
485.000000 315 2.000000 0.969190 5.338226 3.876754 2.426466 20.916959 20.916959 
485.000000 316 2.000000 1.394212 13.349828 6.971054 -3.093864 58.167594 58.167594 
485.000000 317 2.000000 0.480506 13.711307 -2.761733 -1.429248 9.669922 9.669922 
485.000000 318 2.000000 0.328121 14.395190 -1.031502 -0.715371 1.575752 1.575752 
485.000000 319 2.000000 1.097383 16.052055 2.743454 -4.109777 24.416807 24.416807 
485.000000 320 2.000000 1.455452 17.999232 -2.328941 -3.078104 14.898690 14.898690 
485.000000 321 2.000000 0.742393 0.735529 0.873402 0.980704 1.724612 1.724612 
485.000000 322 2.000000 1.272212 7.466283 2.313111 2.927954 13.923394 13.923394 
485.000000 323 2.000000 0.181675 9.695054 3.633472 -3.675766 26.713374 26.713374 
485.000000 324 2.000000 0.681962 16.702117 -0.630024 -3.297882 11.272958 11.272958 
485.000000 325 2.000000 0.849880 10.703269 -1.478238 -0.871155 2.944098 2.944098 
485.000000 326 2.000000 0.510334 8.469115 -1.551807 -1.787825 5.604423 5.604423 
485.000000 327 2.000000 1.173037 7.883915 0.342080 -1.744957 3.161893 3.161893 
485.000000 328 2.000000 0.780593 10.776632 0.650488 -1.626874 3.069854 3.069854 
485.000000 329 2.000000 0.990310 11.977808 -1.000160 -0.410760 1.169045 1.169045 
485.000000 330 2.000000 1.358791 3.712924 1.811720 -2.179498 8.032544 8.032544 
485.000000 331 2.000000 0.823659 15.468299 -1.281901 2.308782 6.973743 6.973743 
485.000000 332 2.000000 1.134457 17.904429 -2.941612 -1.132741 9.936184 9.936184 
485.000000 333 2.000000 0.774793 6.133094 1.936981 2.453237 9.770267 9.770267 
485.000000 334 2.000000 1.569999 3.493220 -2.922772 5.822031 42.438642 42.438642 
485.000000 335 2.000000 1.311911 3.952932 -0.468147 2.235880 5.218321 5.218321 
485.000000 336 2.000000 0.112323 11.189288 -3.682190 1.844676 16.961352 16.961352 
485.000000 337 2.000000 0.252621 2.001967 -4.115903 -0.777278 17.544820 17.544820 
485.000000 338 2.000000 0.581437 10.417741 -2.915125 -2.146534 13.105564 13.105564 
485.000000 339 2.000000 1.218296 13.271902 -7.072063 5.637994 81.801047 81.801047 
485.000000 340 2.000000 0.312185 7.846498 -3.631754 1.196587 14.621458 14.621458 
485.000000 341 2.000000 0.429934 4.501924 0.781696 1.689870 3.466709 3.466709 
485.000000 342 2.000000 0.240706 9.774926 -2.454897 -0.302720 6.118157 6.118157 
485.000000 343 2.000000 0.863043 18.385422 3.452169 -1.699554 14.805955 14.805955 
485.000000 344 2.000000 0.715064 2.424721 -0.429529 -1.429870 2.229024 2.229024 
485.000000 345 2.000000 0.609486 10.120414 -3.239710 -4.720480 32.778653 32.778653 
485.000000 346 2.000000 0.328427 15.967662 6.568530 -2.016169 47.210517 47.210517 
485.000000 347 2.000000 0.778204 14.225058 1.244617 0.696288 2.033888 2.033888 
485.000000 348 2.000000 0.668253 8.237912 2.227508 0.557337 5.272415 5.272415 
485.000000 349 2.000000 1.100596 5.967888 5.502977 -2.129109 34.815862 34.815862 
485.000000 350 2.000000 1.272724 19.862896 -0.475660 0.827665 0.911283 0.911283 
485.000000 351 2.000000 0.055597 16.741087 -6.095609 -2.297423 42.434598 42.434598 
485.000000 352 2.000000 1.372381 12.498322 -3.990364 1.941798 19.693581 19.693581 
485.000000 353 2.000000 0.000001 17.143828 3.373371 4.452820 31.207241 31.207241 
485.000000 354 2.000000 1.417339 8.204281 -1.564601 4.144552 19.625289 19.625289 
485.000000 355 2.000000 0.064162 5.812265 -3.049674 5.048356 34.786412 34.786412 
485.000000 356 2.000000 1.262224 8.948551 2.804941 -1.947168 11.659156 11.659156 
485.000000 357 2.000000 0.000001 5.910105 2.364890 2.882977 13.904262 13.904262 
485.000000 358 2.000000 0.696162 0.413000 -2.950791 2.753324 16.287960 16.287960 
485.000000 359 2.000000 0.899947 8.561570 -6.738522 1.538217 47.773792 47.773792 
485.000000 360 2.000000 0.985719 19.021503 -0.259239 -1.630827 2.726802 2.726802 
485.000000 361 2.000000 0.323754 14.854530 -0.084311 0.454569 0.213741 0.213741 
485.000000 362 2.000000 0.408473 2.647561 -3.356647 6.618901 55.076927 55.076927 
485.000000 363 2.000000 0.000001 2.557453 0.339528 -0.805819 0.764624 0.764624 
485.000000 364 2.000000 0.923001 10.199793 2.307500 0.347437 5.445269 5.445269 
485.000000 365 2.000000 1.363306 19.555817 1.603888 2.118251 7.059445 7.059445 
485.000000 366 2.000000 1.457073 7.023463 -2.296528 0.972853 6.220482 6.220482 
485.000000 367 2.000000 1.108843 19.543207 0.131369 -3.045282 9.290999 9.290999 
485.000000 368 2.000000 0.697627 5.757835 -0.956287 -2.684968 8.123539 8.123539 
485.000000 369 2.000000 1.569999 2.223930 -3.457262 -5.142397 38.396906 38.396906 
485.000000 370 2.000000 0.344882 12.667051 -1.151743 -3.333158 12.436455 12.436455 
485.000000 371 2.000000 1.428963 0.555049 -2.858727 -1.620247 10.797518 10.797518 
485.000000 372 2.000000 0.631610 1.898807 2.526435 -0.674706 6.838102 6.838102 
485.000000 373 2.000000 0.338028 10.125361 -1.406857 2.425521 7.862397 7.862397 
485.000000 374 2.000000 0.394581 10.522697 -0.109238 -1.615324 2.621203 2.621203 
485.000000 375 2.000000 1.151561 11.627704 -2.827589 0.367350 8.130204 8.130204 
485.000000 376 2.000000 0.194682 9.536669 -4.622391 -0.029247 21.367352 21.367352 
485.000000 377 2.000000 0.097020 13.138702 1.940385 0.202733 3.806196 3.806196 
485.000000 378 2.000000 1.523003 4.245782 7.615011 0.336188 58.101419 58.101419 
485.000000 379 2.000000 0.447634 18.833875 -1.641378 -0.353371 2.818993 2.818993 
485.000000 380 2.000000 0.531317 3.545766 0.708421 2.836612 8.548229 8.548229 
485.000000 381 2.000000 0.000001 15.523792 6.926313 -1.467609 50.127682 50.127682 
485.000000 382 2.000000 0.851621 5.466984 0.370270 0.427412 0.319780 0.319780 
485.000000 383 2.000000 0.997754 12.628308 3.991011 3.136851 25.768005 25.768005 
485.000000 384 2.000000 1.265223 0.592237 5.060887 1.974121 29.509733 29.509733 
485.000000 385 2.000000 1.527071 7.487892 0.517651 2.674247 7.419558 7.419558 
485.000000 386 2.000000 0.475672 15.140527 -3.164647 -2.975368 18.867807 18.867807 
485.000000 387 2.000000 0.287304 7.229165 5.746059 -1.943213 36.793268 36.793268 
485.000000 388 2.000000 0.429562 6.007142 2.147804 -2.467082 10.699556 10.699556 
485.000000 389 2.000000 1.171412 17.856692 -4.023871 1.651926 18.920396 18.920396 
485.000000 390 2.000000 0.340704 4.161551 -4.955178 2.328396 29.975219 29.975219 
485.000000 391 2.000000 1.051496 19.999999 4.205979 -2.087688 22.048699 22.048699 
485.000000 392 2.000000 1.299335 11.476286 1.326114 -0.023750 1.759143 1.759143 
485.000000 393 2.000000 1.136935 12.494540 2.328316 -2.889163 13.768320 13.768320 
485.000000 394 2.000000 0.595936 6.931428 -0.442747 -2.160734 4.864796 4.864796 
485.000000 395 2.000000 0.274655 16.020872 1.098614 2.824420 9.184304 9.184304 
485.000000 396 2.000000 0.046591 9.302764 -1.010134 0.805897 1.669841 1.669841 
485.000000 397 2.000000 1.569999 10.091077 -3.903400 1.788911 18.436737 18.436737 
485.000000 398 2.000000 0.067323 12.413312 1.346443 -0.472360 2.036033 2.036033 
485.000000 399 2.000000 1.569999 8.342083 -6.933041 1.069498 49.210879 49.210879 
485.000000 400 2.000000 1.206716 14.728387 1.419665 -0.008414 2.015520 2.015520 
485.000000 401 2.000000 1.569999 14.426151 -2.858443 1.085683 9.349401 9.349401 
485.000000 402 2.000000 0.591147 9.307110 3.940973 0.774227 16.130696 16.130696 
485.000000 403 2.000000 0.106750 19.258014 1.067491 -0.436462 1.330036 1.330036 
485.000000 404 2.000000 0.681219 12.721454 0.849936 -3.539261 13.248762 13.248762 
485.000000 405 2.000000 1.220049 3.249266 6.100239 -0.457544 37.422264 37.422264 
485.000000 406 2.000000 1.305300 16.326530 2.946086 0.925354 9.535702 9.535702 
485.000000 407 2.000000 1.334500 14.953017 2.426362 0.613847 6.264040 6.264040 
485.000000 408 2.000000 0.187883 0.167672 -1.406724 -3.824405 16.604945 16.604945 
485.000000 409 2.000000 0.983398 7.700344 -1.211202 3.421533 13.173900 13.173900 
485.000000 410 2.000000 1.185906 19.537592 -2.598619 -2.312034 12.098324 12.098324 
485.000000 411 2.000000 0.396097 19.509071 1.131704 1.111060 2.515208 2.515208 
485.000000 412 2.000000 0.085969 13.299062 -4.984768 3.924129 40.246703 40.246703 
485.000000 413 2.000000 0.173881 7.439213 0.579600 3.984473 16.211961 16.211961 
485.000000 414 2.000000 0.686653 3.376033 0.894553 -1.763631 3.910620 3.910620 
485.000000 415 2.000000 1.261891 10.099245 -1.578540 -3.729804 16.403224 16.403224 
485.000000 416 2.000000 0.931163 15.418850 1.862323 3.388886 14.952794 14.952794 
485.000000 417 2.000000 0.945706 18.291299 0.527322 3.362035 11.581350 11.581350 
485.000000 418 2.000000 0.406292 17.473040 1.015728 0.029425 1.032569 1.032569 
485.000000 419 2.000000 1.569999 2.898824 -5.772523 2.520715 39.676025 39.676025 
485.000000 420 2.000000 0.141966 3.979464 -4.798110 1.466457 25.172357 25.172357 
485.000000 421 2.000000 0.686153 19.731474 1.524781 -0.185190 2.359253 2.359253 
485.000000 422 2.000000 1.569999 15.651517 -5.374638 1.896943 32.485131 32.485131 
485.000000 423 2.000000 0.411692 19.443449 -4.812371 -1.263161 24.754487 24.754487 
485.000000 424 2.000000 0.595282 7.311196 -0.687811 3.951997 16.091368 16.091368 
485.000000 425 2.000000 0.000001 10.397432 1.665175 -1.743408 5.812279 5.812279 
485.000000 426 2.000000 0.715640 17.975164 2.044683 -3.115131 13.884768 13.884768 
485.000000 427 2.000000 0.595859 16.028710 -2.446814 5.281287 33.878896 33.878896 
485.000000 428 2.000000 1.431019 2.670933 -2.817603 0.019545 7.939270 7.939270 
485.000000 429 2.000000 0.328569 7.862731 0.029306 -0.174865 0.031437 0.031437 
485.000000 430 2.000000 0.692601 11.261786 -2.962659 3.361727 20.078555 20.078555 
485.000000 431 2.000000 0.000001 3.285295 4.743992 1.263575 24.102080 24.102080 
485.000000 432 2.000000 0.873020 4.333076 -3.522895 -5.424570 41.836749 41.836749 
485.000000 433 2.000000 1.408224 1.610249 -3.273503 -2.525662 17.094794 17.094794 
485.000000 434 2.000000 0.000001 13.569204 2.957588 1.873239 12.256353 12.256353 
485.000000 435 2.000000 0.289445 19.080428 0.165397 1.279382 1.664174 1.664174 
485.000000 436 2.000000 0.260953 4.362619 5.219049 0.744991 27.793480 27.793480 
485.000000 437 2.000000 1.270704 8.494515 -1.534476 5.663009 34.424290 34.424290 
485.000000 438 2.000000 1.170765 2.602067 -2.699559 -3.914048 22.607385 22.607385 
485.000000 439 2.000000 0.231883 19.061495 0.927530 2.458964 6.906813 6.906813 
485.000000 440 2.000000 0.444192 13.573349 0.522577 -0.676612 0.730890 0.730890 
485.000000 441 2.000000 1.569999 19.766111 -3.876987 -2.450451 21.035741 21.035741 
485.000000 442 2.000000 0.447487 13.821321 -2.679844 0.789647 7.805106 7.805106 
485.000000 443 2.000000 0.879921 15.343957 3.519678 1.898031 15.990657 15.990657 
485.000000 444 2.000000 1.569999 10.223241 -5.726799 2.061797 37.047235 37.047235 
485.000000 445 2.000000 0.325097 10.440610 1.625480 -0.576624 2.974680 2.974680 
485.000000 446 2.000000 0.307847 7.822300 -0.201981 2.629758 6.956426 6.956426 
485.000000 447 2.000000 1.155157 10.668359 -2.112212 -0.968105 5.398669 5.398669 
485.000000 448 2.000000 0.867878 17.359200 1.157170 0.956719 2.254353 2.254353 
485.000000 449 2.000000 1.401594 8.527157 -0.519158 0.740546 0.817933 0.817933 
485.000000 450 2.000000 0.597547 7.530624 -0.451809 0.721161 0.724206 0.724206 
485.000000 451 2.000000 0.000001 6.210801 1.387088 2.407791 7.721469 7.721469 
485.000000 452 2.000000 0.313523 16.761536 0.895778 -1.799146 4.039344 4.039344 
485.000000 453 2.000000 1.055848 0.402590 -1.180559 -2.881972 9.699481 9.699481 
485.000000 454 2.000000 0.894290 2.315922 -1.389418 -2.091303 6.304033 6.304033 
485.000000 455 2.000000 1.212441 8.971211 1.732057 -2.564835 9.578397 9.578397 
485.000000 456 2.000000 0.026000 13.658771 0.259991 -4.227485 17.939227 17.939227 
485.000000 457 2.000000 0.683736 15.620382 -0.671045 -1.787599 3.645810 3.645810 
485.000000 458 2.000000 1.143057 9.423215 7.620375 0.357378 58.197832 58.197832 
485.000000 459 2.000000 1.568425 5.874815 2.412960 -2.260543 10.932429 10.932429 
485.000000 460 2.000000 1.042705 13.434290 0.159195 -5.569388 31.043425 31.043425 
485.000000 461 2.000000 0.400768 15.918374 -7.832875 -3.265300 72.016120 72.016120 
485.000000 462 2.000000 1.303647 2.426771 2.607291 0.656425 7.228863 7.228863 
485.000000 463 2.000000 1.110272 9.717407 1.850451 6.736694 48.807211 48.807211 
485.000000 464 2.000000 0.569752 1.909121 0.813929 1.735564 3.674662 3.674662 
485.000000 465 2.000000 0.882761 18.483652 -0.354555 0.460422 0.337698 0.337698 
485.000000 466 2.000000 0.492457 6.047929 -3.629807 -0.165521 13.202895 13.202895 
485.000000 467 2.000000 1.411307 10.882908 -0.831462 1.383363 2.605021 2.605021 
485.000000 468 2.000000 0.579714 9.400559 2.318851 4.000238 21.378970 21.378970 
485.000000 469 2.000000 0.766100 19.625422 -3.253597 4.865507 34.259054 34.259054 
485.000000 470 2.000000 0.605705 17.986830 -1.521529 -0.287428 2.397666 2.397666 
485.000000 471 2.000000 1.506699 9.555959 2.317997 -4.309866 23.948058 23.948058 
485.000000 472 2.000000 0.348760 13.216613 -4.588131 -0.792415 21.678870 21.678870 
485.000000 473 2.000000 0.055609 4.772885 0.222431 2.751807 7.621916 7.621916 
485.000000 474 2.000000 0.645007 4.530678 -3.737970 -0.652043 14.397580 14.397580 
485.000000 475 2.000000 0.346113 7.521622 0.865281 -2.145405 5.351471 5.351471 
485.000000 476 2.000000 1.351614 8.016342 -0.523300 -0.321026 0.376901 0.376901 
485.000000 477 2.000000 0.791383 5.373372 5.275883 -4.120177 44.810800 44.810800 
485.000000 478 2.000000 0.422580 7.040820 -4.627676 -1.698278 24.299533 24.299533 
485.000000 479 2.000000 0.600046 4.774259 0.494069 5.222132 27.514768 27.514768 
485.000000 480 2.000000 0.309838 12.913928 -0.647987 -1.946587 4.209087 4.209087 
485.000000 481 2.000000 0.925243 2.356285 9.252419 1.285824 87.260595 87.260595 
485.000000 482 2.000000 0.291569 7.395465 1.457839 -0.036884 2.126655 2.126655 
485.000000 483 2.000000 0.507738 7.438599 2.833572 1.568565 10.489526 10.489526 
485.000000 484 2.000000 1.557433 13.505374 -0.002789 -1.933462 3.738284 3.738284 
485.000000 485 2.000000 0.393292 7.100149 -1.946651 0.967345 4.725208 4.725208 
485.000000 486 2.000000 0.974971 18.602363 1.624950 -1.035286 3.712279 3.712279 
485.000000 487 2.000000 0.117878 9.679809 -1.974161 3.723003 17.758064 17.758064 
485.000000 488 2.000000 1.081200 9.320692 7.207990 5.178161 78.768481 78.768481 
485.000000 489 2.000000 1.419425 19.711453 3.939920 -5.770916 48.826442 48.826442 
485.000000 490 2.000000 1.073068 16.878245 3.576890 0.535266 13.080651 13.080651 
485.000000 491 2.000000 0.196703 9.387257 -1.165300 0.202850 1.399073 1.399073 
485.000000 492 2.000000 1.026403 8.355207 1.579080 -1.502225 4.750172 4.750172 
485.000000 493 2.000000 0.071364 12.660169 -1.536635 0.203385 2.402614 2.402614 
485.000000 494 2.000000 1.215305 10.779458 -2.402628 5.253917 33.376263 33.376263 
485.000000 495 2.000000 1.536447 12.933777 -0.709035 -1.682434 3.333315 3.333315 
485.000000 496 2.000000 0.089771 19.041606 -3.327396 1.106258 12.295369 12.295369 
485.000000 497 2.000000 0.989851 17.637642 -2.358591 0.721590 6.083642 6.083642 
485.000000 498 2.000000 1.167754 16.581807 -2.049227 -0.149506 4.221682 4.221682 
485.000000 499 2.000000 0.593225 9.531422 -2.828783 2.819639 15.952376 15.952376 
485.000000 500 2.000000 0.427943 2.966429 -0.027616 0.037856 0.002196 0.002196 
