881.500000 1 2.000000 0.731446 19.694031 7.314448 -3.059677 62.862772 62.862772 
881.500000 2 2.000000 0.179709 16.005213 1.797079 -6.170669 41.306649 41.306649 
881.500000 3 2.000000 0.427135 10.507366 -0.705115 -2.773368 8.188758 8.188758 
881.500000 4 2.000000 0.503513 19.576511 -4.964856 -4.234881 42.584010 42.584010 
881.500000 5 2.000000 0.030819 10.511091 -2.769085 2.691215 14.910466 14.910466 
881.500000 6 2.000000 0.963184 3.022254 0.740910 2.747503 8.097717 8.097717 
881.500000 7 2.000000 0.999999 3.145877 -1.502251 2.662930 9.347955 9.347955 
881.500000 8 2.000000 0.999999 19.876712 -5.816746 -1.331751 35.608090 35.608090 
881.500000 9 2.000000 0.292972 7.021651 2.929713 -2.561722 15.145637 15.145637 
881.500000 10 2.000000 0.817859 19.105705 -3.642806 -2.980982 22.156287 22.156287 
881.500000 11 2.000000 0.000001 5.431285 3.101290 0.934024 10.490403 10.490403 
881.500000 12 2.000000 0.000001 14.424195 6.947584 4.434186 67.930918 67.930918 
881.500000 13 2.000000 0.976641 16.876701 0.356688 0.815423 0.792142 0.792142 
881.500000 14 2.000000 0.999999 12.238425 -8.374774 1.582530 72.641245 72.641245 
881.500000 15 2.000000 0.999999 15.729047 -3.806193 2.851056 22.615626 22.615626 
881.500000 16 2.000000 0.922623 0.523727 3.105640 5.237257 37.073859 37.073859 
881.500000 17 2.000000 0.999999 6.316957 -2.359210 0.778277 6.171586 6.171586 
881.500000 18 2.000000 0.752818 1.160038 3.764085 5.800187 47.810499 47.810499 
881.500000 19 2.000000 0.554876 13.737665 0.741354 -3.028150 9.719295 9.719295 
881.500000 20 2.000000 0.503738 3.560843 2.518683 -2.787036 14.111333 14.111333 
881.500000 21 2.000000 0.448609 6.331191 2.243040 -2.467890 11.121707 11.121707 
881.500000 22 2.000000 0.331615 4.957255 -2.673535 -4.631054 28.594454 28.594454 
881.500000 23 2.000000 0.533226 2.378068 5.332254 4.323758 47.127817 47.127817 
881.500000 24 2.000000 0.569030 9.662650 -0.221010 -2.131465 4.591987 4.591987 
881.500000 25 2.000000 0.440634 11.231960 4.406335 -1.776723 22.572531 22.572531 
881.500000 26 2.000000 0.264786 12.924768 2.527157 -2.345302 11.886962 11.886962 
881.500000 27 2.000000 0.494091 5.806054 -1.011817 0.125914 1.039627 1.039627 
881.500000 28 2.000000 0.891863 11.651864 4.459312 4.791926 42.848013 42.848013 
881.500000 29 2.000000 0.999999 8.244246 -7.400067 -4.537348 75.348518 75.348518 
881.500000 30 2.000000 0.931524 15.373971 6.210156 -3.303419 49.478611 49.478611 
881.500000 31 2.000000 0.055962 4.986744 0.559610 -2.306698 5.634018 5.634018 
881.500000 32 2.000000 0.551197 2.945359 3.674643 0.077055 13.508941 13.508941 
881.500000 33 2.000000 0.909950 6.059124 9.099490 -3.416308 94.471875 94.471875 
881.500000 34 2.000000 0.797233 0.831141 1.622846 -0.541453 2.926802 2.926802 
881.500000 35 2.000000 0.487317 5.106425 -1.331138 2.040894 5.937174 5.937174 
881.500000 36 2.000000 0.489848 8.605659 -0.412189 2.808870 8.059650 8.059650 
881.500000 37 2.000000 0.943899 11.527341 3.775592 -7.113794 64.861158 64.861158 
881.500000 38 2.000000 0.768644 6.866973 -2.313549 -1.189874 6.768308 6.768308 
881.500000 39 2.000000 0.000001 17.753693 4.711187 0.078422 22.201438 22.201438 
881.500000 40 2.000000 0.519271 12.629219 2.776423 -4.186858 25.238302 25.238302 
881.500000 41 2.000000 0.479210 3.505855 -1.755361 7.742213 63.023152 63.023152 
881.500000 42 2.000000 0.393305 16.154879 3.933036 0.260448 15.536604 15.536604 
881.500000 43 2.000000 0.533325 4.109898 1.523782 5.487150 32.430724 32.430724 
881.500000 44 2.000000 0.708749 8.621884 -1.164999 -6.693009 46.153588 46.153588 
881.500000 45 2.000000 0.581525 12.874449 2.326098 -6.196131 43.802767 43.802767 
881.500000 46 2.000000 0.541322 2.761668 5.413214 0.284944 29.384082 29.384082 
881.500000 47 2.000000 0.402853 17.369506 8.057035 0.875208 65.681795 65.681795 
881.500000 48 2.000000 0.316845 17.271656 -3.468155 -3.586108 24.888270 24.888270 
881.500000 49 2.000000 0.553405 16.332226 -8.931873 1.372429 81.661922 81.661922 
881.500000 50 2.000000 0.128705 18.975611 2.574080 0.896732 7.430019 7.430019 
881.500000 51 2.000000 0.758123 2.989768 -2.418756 5.435939 35.399815 35.399815 
881.500000 52 2.000000 0.214317 15.656597 -2.244806 -1.277471 6.671087 6.671087 
881.500000 53 2.000000 0.569388 2.987529 -4.306108 2.860881 26.727206 26.727206 
881.500000 54 2.000000 0.677161 6.655743 -2.152254 -0.844762 5.345821 5.345821 
881.500000 55 2.000000 0.755526 0.043246 0.112237 -6.543198 42.826032 42.826032 
881.500000 56 2.000000 0.322207 15.059750 3.222061 -3.960204 26.064897 26.064897 
881.500000 57 2.000000 0.200231 19.418033 -2.665893 -2.327864 12.525935 12.525935 
881.500000 58 2.000000 0.749711 17.854588 -1.001154 -2.462383 7.065641 7.065641 
881.500000 59 2.000000 0.660161 15.285824 -3.398377 0.637044 11.954789 11.954789 
881.500000 60 2.000000 0.935488 6.849443 2.338718 3.113383 15.162753 15.162753 
881.500000 61 2.000000 0.999999 4.757361 -0.914419 1.602113 3.402927 3.402927 
881.500000 62 2.000000 0.479473 13.459123 2.397358 0.865071 6.495672 6.495672 
881.500000 63 2.000000 0.334709 13.045821 1.673538 1.784765 5.986114 5.986114 
881.500000 64 2.000000 0.270354 10.492828 1.351764 0.471337 2.049425 2.049425 
881.500000 65 2.000000 0.325307 18.372750 1.301224 1.233455 3.214596 3.214596 
881.500000 66 2.000000 0.875338 2.210614 -2.493219 -3.673768 19.712712 19.712712 
881.500000 67 2.000000 0.692949 6.764713 -3.070500 -2.801954 17.278919 17.278919 
881.500000 68 2.000000 0.667796 10.950434 -6.644063 -2.842814 52.225162 52.225162 
881.500000 69 2.000000 0.000001 7.869555 11.604891 2.910253 143.143068 143.143068 
881.500000 70 2.000000 0.804529 0.265836 -3.909410 -0.151448 15.306423 15.306423 
881.500000 71 2.000000 0.000001 1.987143 3.854391 -3.982370 30.715601 30.715601 
881.500000 72 2.000000 0.381551 7.105699 -4.122984 0.195447 17.037195 17.037195 
881.500000 73 2.000000 0.378392 2.254602 1.513563 -8.199240 69.518403 69.518403 
881.500000 74 2.000000 0.310814 6.336048 -0.096698 -4.479984 20.079606 20.079606 
881.500000 75 2.000000 0.345865 1.378419 1.146442 -1.727924 4.300049 4.300049 
881.500000 76 2.000000 0.230750 4.703171 4.614974 -2.291549 26.549179 26.549179 
881.500000 77 2.000000 0.916293 0.245406 -0.000412 4.908095 24.089393 24.089393 
881.500000 78 2.000000 0.000001 18.223352 5.887279 -2.733304 42.130999 42.130999 
881.500000 79 2.000000 0.512388 10.875981 -0.609514 3.530550 12.836291 12.836291 
881.500000 80 2.000000 0.233093 11.512006 4.661847 3.454392 33.665642 33.665642 
881.500000 81 2.000000 0.999999 16.907794 -3.891274 -1.548371 17.539466 17.539466 
881.500000 82 2.000000 0.339839 2.937245 -4.700519 -3.624895 35.234741 35.234741 
881.500000 83 2.000000 0.000001 7.326025 3.896614 -1.679768 18.005220 18.005220 
881.500000 84 2.000000 0.999999 0.360543 -3.245774 7.210840 62.531271 62.531271 
881.500000 85 2.000000 0.808498 11.944702 -4.821995 -0.483716 23.485612 23.485612 
881.500000 86 2.000000 0.000001 11.122014 4.529375 4.296396 38.974256 38.974256 
881.500000 87 2.000000 0.834526 3.796518 -3.309461 1.085268 12.130340 12.130340 
881.500000 88 2.000000 0.165621 1.619067 -0.382875 3.597925 13.091656 13.091656 
881.500000 89 2.000000 0.000001 7.226278 7.819670 0.113980 61.160226 61.160226 
881.500000 90 2.000000 0.999999 3.349859 -2.563519 0.176978 6.602950 6.602950 
881.500000 91 2.000000 0.988623 14.798126 -6.133952 0.496935 37.872316 37.872316 
881.500000 92 2.000000 0.043371 18.366924 -3.826511 -4.082686 31.310513 31.310513 
881.500000 93 2.000000 0.630097 17.205491 4.200641 2.325748 23.054491 23.054491 
881.500000 94 2.000000 0.935881 5.641346 -1.282353 -3.644378 14.925920 14.925920 
881.500000 95 2.000000 0.479999 3.444530 1.371422 2.244600 6.919029 6.919029 
881.500000 96 2.000000 0.341798 11.133293 -0.658201 -3.345927 11.628455 11.628455 
881.500000 97 2.000000 0.000001 15.148002 5.040593 2.527717 31.796926 31.796926 
881.500000 98 2.000000 0.003250 6.700299 -2.561413 -0.650755 6.984319 6.984319 
881.500000 99 2.000000 0.348286 11.324143 6.965709 5.807252 82.245277 82.245277 
881.500000 100 2.000000 0.978008 6.246920 0.175035 -1.320540 1.774464 1.774464 
881.500000 101 2.000000 0.704340 1.920176 1.408679 5.486213 32.082913 32.082913 
881.500000 102 2.000000 0.747811 8.624435 1.068299 4.422787 20.702307 20.702307 
881.500000 103 2.000000 0.536088 1.803306 2.144347 7.213220 56.628763 56.628763 
881.500000 104 2.000000 0.357007 0.000001 2.380040 5.984683 41.481023 41.481023 
881.500000 105 2.000000 0.401173 1.130936 0.511978 0.318073 0.363292 0.363292 
881.500000 106 2.000000 0.768075 17.221896 -0.927696 0.328352 0.968435 0.968435 
881.500000 107 2.000000 0.299755 12.035196 2.997535 1.522493 11.303204 11.303204 
881.500000 108 2.000000 0.212061 8.082260 -0.685163 7.028051 49.862956 49.862956 
881.500000 109 2.000000 0.716258 18.405543 1.432513 2.693801 9.308660 9.308660 
881.500000 110 2.000000 0.030706 12.586963 -2.028892 -1.285116 5.767926 5.767926 
881.500000 111 2.000000 0.000001 4.409580 2.038314 -2.837701 12.207273 12.207273 
881.500000 112 2.000000 0.854644 13.914309 3.418571 -4.058123 28.154987 28.154987 
881.500000 113 2.000000 0.777589 2.688568 1.110840 0.877945 2.004752 2.004752 
881.500000 114 2.000000 0.700628 14.134343 0.205600 1.159206 1.386029 1.386029 
881.500000 115 2.000000 0.177998 13.234008 3.559941 0.361571 12.803912 12.803912 
881.500000 116 2.000000 0.515076 13.424161 2.060302 0.756136 4.816586 4.816586 
881.500000 117 2.000000 0.000001 7.823668 4.182758 -0.632673 17.895742 17.895742 
881.500000 118 2.000000 0.722743 9.780030 -1.848370 -1.279410 5.053362 5.053362 
881.500000 119 2.000000 0.706373 17.700387 -5.872528 -1.350752 36.311116 36.311116 
881.500000 120 2.000000 0.127969 15.048122 2.559356 3.854011 21.403705 21.403705 
881.500000 121 2.000000 0.000001 9.736106 7.047834 -0.153441 49.695502 49.695502 
881.500000 122 2.000000 0.999999 6.008841 -3.102212 -3.557953 22.282751 22.282751 
881.500000 123 2.000000 0.109198 19.010369 -2.545145 4.258874 24.615770 24.615770 
881.500000 124 2.000000 0.619926 3.046950 -3.800726 -0.610597 14.818347 14.818347 
881.500000 125 2.000000 0.999999 15.704810 -2.916908 -0.462314 8.722088 8.722088 
881.500000 126 2.000000 0.298584 13.043210 2.985831 -0.607682 9.284467 9.284467 
881.500000 127 2.000000 0.338831 13.692064 -1.889052 5.673634 35.758644 35.758644 
881.500000 128 2.000000 0.888786 12.784216 -0.556066 4.804124 23.388813 23.388813 
881.500000 129 2.000000 0.667297 13.452858 -0.604913 2.021464 4.452237 4.452237 
881.500000 130 2.000000 0.292402 18.180617 0.835431 -1.004824 1.707617 1.707617 
881.500000 131 2.000000 0.612324 14.931308 -3.876754 -1.682713 17.860745 17.860745 
881.500000 132 2.000000 0.674098 1.289788 6.740971 0.219066 45.488682 45.488682 
881.500000 133 2.000000 0.999999 13.848495 -6.580477 5.562140 74.240076 74.240076 
881.500000 134 2.000000 0.292777 11.502728 1.951840 5.106633 29.887377 29.887377 
881.500000 135 2.000000 0.499889 2.380452 -0.008673 -1.020509 1.041513 1.041513 
881.500000 136 2.000000 0.428902 2.072078 4.289015 -4.407504 37.821739 37.821739 
881.500000 137 2.000000 0.228085 12.450328 -2.205469 -1.833540 8.225964 8.225964 
881.500000 138 2.000000 0.100311 5.270207 0.668736 2.635103 7.390974 7.390974 
881.500000 139 2.000000 0.809405 12.512952 -3.811882 2.369877 20.146763 20.146763 
881.500000 140 2.000000 0.999999 14.792463 -0.560223 -9.877299 97.874892 97.874892 
881.500000 141 2.000000 0.999999 5.555799 -3.949570 2.089279 19.964191 19.964191 
881.500000 142 2.000000 0.824360 8.428778 -3.512770 0.075739 12.345291 12.345291 
881.500000 143 2.000000 0.584353 15.120152 -4.156463 2.927399 25.845848 25.845848 
881.500000 144 2.000000 0.183516 16.683701 3.670297 -0.851511 14.196151 14.196151 
881.500000 145 2.000000 0.608499 0.077948 -7.829991 -0.362640 61.440270 61.440270 
881.500000 146 2.000000 0.556018 15.261302 0.403766 1.326534 1.922720 1.922720 
881.500000 147 2.000000 0.769310 5.668039 5.128724 -7.507877 82.672023 82.672023 
881.500000 148 2.000000 0.000001 9.555030 4.189199 6.370002 58.126314 58.126314 
881.500000 149 2.000000 0.399334 16.114804 -2.402660 -1.523606 8.094150 8.094150 
881.500000 150 2.000000 0.293347 15.577420 1.955639 4.249791 21.885250 21.885250 
881.500000 151 2.000000 0.948898 15.650135 4.744485 -1.396904 24.461480 24.461480 
881.500000 152 2.000000 0.999999 18.265409 -4.242387 -4.955971 42.559498 42.559498 
881.500000 153 2.000000 0.257735 6.564314 -2.969055 -5.436338 38.369063 38.369063 
881.500000 154 2.000000 0.110551 12.383700 0.069544 3.598400 12.953320 12.953320 
881.500000 155 2.000000 0.166058 19.190793 -0.981107 1.527974 3.297276 3.297276 
881.500000 156 2.000000 0.120726 5.729309 1.207253 0.481627 1.689424 1.689424 
881.500000 157 2.000000 0.605834 16.420373 -3.941645 -1.884014 19.086075 19.086075 
881.500000 158 2.000000 0.465721 17.486977 3.104797 8.595865 83.528662 83.528662 
881.500000 159 2.000000 0.353110 1.540318 -0.373761 -3.738460 14.115780 14.115780 
881.500000 160 2.000000 0.110782 7.083445 -2.223043 3.549969 17.544199 17.544199 
881.500000 161 2.000000 0.267100 9.676902 2.670986 0.457517 7.343490 7.343490 
881.500000 162 2.000000 0.273332 16.293564 5.466622 2.830631 37.896424 37.896424 
881.500000 163 2.000000 0.421072 8.692762 0.561428 -2.911259 8.790631 8.790631 
881.500000 164 2.000000 0.348480 1.556865 -1.663449 -0.478524 2.996047 2.996047 
881.500000 165 2.000000 0.098220 10.893930 -2.254449 0.014213 5.082741 5.082741 
881.500000 166 2.000000 0.167186 8.192313 -2.082032 2.305736 9.651275 9.651275 
881.500000 167 2.000000 0.368037 9.107529 3.680358 -1.630397 16.203230 16.203230 
881.500000 168 2.000000 0.945456 0.963920 0.945455 -1.893366 4.478721 4.478721 
881.500000 169 2.000000 0.441923 2.289056 4.419224 -3.147690 29.437494 29.437494 
881.500000 170 2.000000 0.283796 3.668637 -2.864812 -2.801817 16.057326 16.057326 
881.500000 171 2.000000 0.496783 19.370768 -1.258040 4.071404 18.158995 18.158995 
881.500000 172 2.000000 0.811720 9.350253 -3.765570 0.278466 14.257063 14.257063 
881.500000 173 2.000000 0.527198 2.127841 3.514650 -0.117984 12.366683 12.366683 
881.500000 174 2.000000 0.560533 4.036902 0.055986 -4.962008 24.624661 24.624661 
881.500000 175 2.000000 0.000001 8.734027 4.052906 -0.025687 16.426711 16.426711 
881.500000 176 2.000000 0.635198 0.721821 0.109129 7.218199 52.114302 52.114302 
881.500000 177 2.000000 0.999999 19.866824 -6.790753 -0.075493 46.120021 46.120021 
881.500000 178 2.000000 0.168517 8.915133 -1.385803 -1.956908 5.749940 5.749940 
881.500000 179 2.000000 0.999999 18.149806 -5.582500 4.655088 52.834149 52.834149 
881.500000 180 2.000000 0.738193 13.645909 1.475243 -3.317615 13.182911 13.182911 
881.500000 181 2.000000 0.035344 12.982728 -4.823273 -0.739355 23.810609 23.810609 
881.500000 182 2.000000 0.792742 11.450003 7.927407 -0.204071 62.885422 62.885422 
881.500000 183 2.000000 0.822399 5.712806 -3.552002 4.086513 29.316306 29.316306 
881.500000 184 2.000000 0.442828 11.369022 -1.857237 -2.361082 9.024036 9.024036 
881.500000 185 2.000000 0.679607 2.623312 -6.407841 2.821369 49.020543 49.020543 
881.500000 186 2.000000 0.508219 16.454151 1.694060 1.413025 4.866479 4.866479 
881.500000 187 2.000000 0.227416 16.293321 4.548300 -6.739415 66.106750 66.106750 
881.500000 188 2.000000 0.448072 4.082398 -0.090540 -0.922554 0.859304 0.859304 
881.500000 189 2.000000 0.886024 8.551845 -2.279506 1.982539 9.126605 9.126605 
881.500000 190 2.000000 0.388207 6.594162 -1.019654 0.312169 1.137143 1.137143 
881.500000 191 2.000000 0.240243 9.945071 -0.660658 3.489498 12.613067 12.613067 
881.500000 192 2.000000 0.000001 3.253875 5.908264 0.639086 35.316015 35.316015 
881.500000 193 2.000000 0.999999 10.852211 -1.701413 -3.691346 16.520842 16.520842 
881.500000 194 2.000000 0.309493 10.063596 -1.534457 6.885337 49.762431 49.762431 
881.500000 195 2.000000 0.749708 12.047664 -5.005816 8.255069 93.204357 93.204357 
881.500000 196 2.000000 0.324707 7.884428 -6.752925 -3.061135 54.972538 54.972538 
881.500000 197 2.000000 0.286181 15.498144 -2.039479 4.671987 25.986932 25.986932 
881.500000 198 2.000000 0.909459 9.775964 1.136823 1.196449 2.723857 2.723857 
881.500000 199 2.000000 0.800597 7.728415 1.152518 2.212827 6.224899 6.224899 
881.500000 200 2.000000 0.266398 14.766333 -1.467203 3.318277 13.163646 13.163646 
881.500000 201 2.000000 0.827193 0.676979 0.973167 0.588677 1.293594 1.293594 
881.500000 202 2.000000 0.307543 3.526923 6.150836 -1.359644 39.681408 39.681408 
881.500000 203 2.000000 0.862528 12.322528 3.450110 2.233607 16.892258 16.892258 
881.500000 204 2.000000 0.078858 17.024261 1.577136 6.601244 46.063775 46.063775 
881.500000 205 2.000000 0.999999 2.079252 -3.331506 -4.420078 30.636019 30.636019 
881.500000 206 2.000000 0.471529 5.787680 -0.072094 5.474879 29.979497 29.979497 
881.500000 207 2.000000 0.271015 18.978351 2.710144 0.459897 7.556385 7.556385 
881.500000 208 2.000000 0.714110 6.263841 4.760727 -0.979119 23.623191 23.623191 
881.500000 209 2.000000 0.808478 1.441589 -3.830411 -2.985506 23.585295 23.585295 
881.500000 210 2.000000 0.888845 5.245706 3.555376 -0.788579 13.262553 13.262553 
881.500000 211 2.000000 0.669982 1.802644 4.466542 0.354121 20.075403 20.075403 
881.500000 212 2.000000 0.394661 12.612443 -0.220047 1.114604 1.290762 1.290762 
881.500000 213 2.000000 0.768043 8.054269 0.106151 -1.835112 3.378903 3.378903 
881.500000 214 2.000000 0.601930 7.415058 2.006432 0.733391 4.563630 4.563630 
881.500000 215 2.000000 0.000001 1.973260 4.344332 -2.772678 26.560965 26.560965 
881.500000 216 2.000000 0.724502 11.991452 -1.377486 -1.968327 5.771779 5.771779 
881.500000 217 2.000000 0.000001 0.981321 1.245734 -4.391210 20.834577 20.834577 
881.500000 218 2.000000 0.564013 0.386537 -2.906573 1.932679 12.183417 12.183417 
881.500000 219 2.000000 0.693034 2.282568 0.242508 -5.436255 29.611676 29.611676 
881.500000 220 2.000000 0.392632 9.922682 2.617540 0.899342 7.660330 7.660330 
881.500000 221 2.000000 0.634322 14.626312 -2.437847 -5.807734 39.672867 39.672867 
881.500000 222 2.000000 0.852528 16.944414 5.683516 -2.877942 40.584906 40.584906 
881.500000 223 2.000000 0.313991 4.372779 -4.573389 -0.048599 20.918245 20.918245 
881.500000 224 2.000000 0.822041 7.918302 0.132875 -3.172088 10.079799 10.079799 
881.500000 225 2.000000 0.569934 15.263725 -5.505216 6.602409 73.899213 73.899213 
881.500000 226 2.000000 0.207376 13.094855 -1.761383 -0.917752 3.944740 3.944740 
881.500000 227 2.000000 0.795621 2.351905 3.978102 -2.040496 19.988916 19.988916 
881.500000 228 2.000000 0.490109 17.400478 3.267387 3.569220 23.415146 23.415146 
881.500000 229 2.000000 0.721546 16.139324 -0.928177 -1.047911 1.959630 1.959630 
881.500000 230 2.000000 0.000001 0.346544 2.142596 -1.827997 7.932291 7.932291 
881.500000 231 2.000000 0.819901 11.958337 1.053513 4.062502 17.613811 17.613811 
881.500000 232 2.000000 0.228868 14.447835 2.288673 -4.123961 22.245074 22.245074 
881.500000 233 2.000000 0.250620 18.458693 5.012375 6.517709 67.604431 67.604431 
881.500000 234 2.000000 0.611553 17.266611 -3.884457 -3.692372 28.722613 28.722613 
881.500000 235 2.000000 0.478258 7.580430 4.782565 -1.018929 23.911146 23.911146 
881.500000 236 2.000000 0.999999 12.583205 -8.152391 1.042416 67.548114 67.548114 
881.500000 237 2.000000 0.110412 12.027999 -1.177546 -1.149765 2.708573 2.708573 
881.500000 238 2.000000 0.343428 3.079013 2.998149 0.956595 9.903972 9.903972 
881.500000 239 2.000000 0.063628 14.435058 -2.340928 0.905474 6.299826 6.299826 
881.500000 240 2.000000 0.759276 19.554077 3.037100 0.085711 9.231320 9.231320 
881.500000 241 2.000000 0.000001 9.016005 4.969178 -0.133728 24.710618 24.710618 
881.500000 242 2.000000 0.840686 17.955586 1.518718 0.185279 2.340832 2.340832 
881.500000 243 2.000000 0.345850 5.608295 2.305663 3.115719 15.023784 15.023784 
881.500000 244 2.000000 0.135207 4.046765 0.676029 -0.702857 0.951024 0.951024 
881.500000 245 2.000000 0.941776 14.564604 -0.388151 3.680621 13.697630 13.697630 
881.500000 246 2.000000 0.277779 0.855276 -4.814802 3.421101 34.886249 34.886249 
881.500000 247 2.000000 0.443099 11.791842 1.546435 -4.904541 26.445980 26.445980 
881.500000 248 2.000000 0.573092 7.705098 -2.846046 0.986692 9.073536 9.073536 
881.500000 249 2.000000 0.000001 9.331983 4.118308 3.628570 30.126980 30.126980 
881.500000 250 2.000000 0.464215 19.334135 2.321068 2.101927 9.805454 9.805454 
881.500000 251 2.000000 0.402394 12.460048 4.023926 -6.031961 52.576528 52.576528 
881.500000 252 2.000000 0.999999 7.854954 -7.987729 -0.871774 64.563813 64.563813 
881.500000 253 2.000000 0.424605 6.280132 -2.876971 3.505159 20.563101 20.563101 
881.500000 254 2.000000 0.597571 0.945174 -2.682857 6.301154 46.902265 46.902265 
881.500000 255 2.000000 0.999999 3.119252 -3.013797 -1.626091 11.727146 11.727146 
881.500000 256 2.000000 0.113141 1.391337 -4.434291 -3.167901 29.698533 29.698533 
881.500000 257 2.000000 0.855689 2.430479 -0.412315 -0.852209 0.896265 0.896265 
881.500000 258 2.000000 0.053272 4.046879 -0.072136 -5.361109 28.746697 28.746697 
881.500000 259 2.000000 0.521282 0.878534 -1.914866 1.464222 5.810659 5.810659 
881.500000 260 2.000000 0.450025 18.562453 -1.833245 4.851538 26.898210 26.898210 
881.500000 261 2.000000 0.378646 6.133906 1.893226 -0.080006 3.590706 3.590706 
881.500000 262 2.000000 0.463161 11.799649 -2.684190 0.081760 7.211559 7.211559 
881.500000 263 2.000000 0.212322 16.477044 2.038383 1.250836 5.719594 5.719594 
881.500000 264 2.000000 0.000001 18.104764 5.697234 4.329387 51.202066 51.202066 
881.500000 265 2.000000 0.350265 2.668179 3.502636 5.929285 47.424876 47.424876 
881.500000 266 2.000000 0.630566 17.909504 0.900808 1.515992 3.109686 3.109686 
881.500000 267 2.000000 0.099546 19.853565 -1.500755 -2.928682 10.829446 10.829446 
881.500000 268 2.000000 0.316645 10.144882 3.166437 -1.161381 11.375129 11.375129 
881.500000 269 2.000000 0.408850 16.756542 -3.940992 -2.581753 22.196869 22.196869 
881.500000 270 2.000000 0.000001 1.718885 2.355800 8.594422 79.413885 79.413885 
881.500000 271 2.000000 0.605518 12.331108 2.230846 -1.638862 7.662542 7.662542 
881.500000 272 2.000000 0.805874 5.554391 5.372488 -5.782676 62.302978 62.302978 
881.500000 273 2.000000 0.349742 6.496681 -6.502574 -2.592435 49.004184 49.004184 
881.500000 274 2.000000 0.999999 15.121133 -7.676445 -3.678448 72.458788 72.458788 
881.500000 275 2.000000 0.999999 17.045399 -3.354245 -3.282889 22.028320 22.028320 
881.500000 276 2.000000 0.409389 2.807213 8.187765 2.169143 71.744679 71.744679 
881.500000 277 2.000000 0.210775 15.441246 1.405159 -0.318485 2.075904 2.075904 
881.500000 278 2.000000 0.913478 9.095757 -1.730412 -4.739408 25.456320 25.456320 
881.500000 279 2.000000 0.487424 9.606813 -3.417170 5.192871 38.642962 38.642962 
881.500000 280 2.000000 0.129293 19.125152 -5.804710 0.386342 33.843913 33.843913 
881.500000 281 2.000000 0.298094 12.887903 3.101623 -2.844385 17.710589 17.710589 
881.500000 282 2.000000 0.540567 9.177916 -3.062877 6.329596 49.445004 49.445004 
881.500000 283 2.000000 0.910295 4.397369 0.866946 1.871220 4.253061 4.253061 
881.500000 284 2.000000 0.443390 4.825771 -0.927682 5.897289 35.638617 35.638617 
881.500000 285 2.000000 0.303651 14.476305 6.073001 3.844315 51.660099 51.660099 
881.500000 286 2.000000 0.078655 0.187963 1.573083 3.759245 16.606509 16.606509 
881.500000 287 2.000000 0.993784 10.831967 1.104203 -4.971355 25.933640 25.933640 
881.500000 288 2.000000 0.999999 4.330275 -3.081430 -4.877139 33.281694 33.281694 
881.500000 289 2.000000 0.292440 2.686969 -2.618539 1.622248 9.488437 9.488437 
881.500000 290 2.000000 0.191497 2.481357 0.159580 0.708959 0.528088 0.528088 
881.500000 291 2.000000 0.711254 10.391997 -5.774909 -4.927180 57.626678 57.626678 
881.500000 292 2.000000 0.000001 6.075185 5.910090 -5.121571 61.159653 61.159653 
881.500000 293 2.000000 0.999999 19.760785 -5.302661 -2.392144 33.840563 33.840563 
881.500000 294 2.000000 0.626400 8.958600 0.521999 1.273649 1.894664 1.894664 
881.500000 295 2.000000 0.724869 7.225205 4.832454 -2.130766 27.892777 27.892777 
881.500000 296 2.000000 0.934510 9.995626 -1.309775 -6.899568 49.319548 49.319548 
881.500000 297 2.000000 0.755970 1.388629 0.458163 -2.581803 6.875620 6.875620 
881.500000 298 2.000000 0.115592 7.025516 -5.896047 0.318000 34.864499 34.864499 
881.500000 299 2.000000 0.568383 5.998466 -0.140909 -1.626074 2.663973 2.663973 
881.500000 300 2.000000 0.000001 9.290099 6.383145 1.253111 42.314830 42.314830 
881.500000 301 2.000000 0.479926 15.868275 4.799253 3.537935 35.549807 35.549807 
881.500000 302 2.000000 0.021274 7.105546 0.120026 6.287231 39.543682 39.543682 
881.500000 303 2.000000 0.388866 8.356855 -3.055666 3.886909 24.445159 24.445159 
881.500000 304 2.000000 0.498523 11.887230 0.636832 -1.987563 4.355960 4.355960 
881.500000 305 2.000000 0.778610 4.892678 -4.427773 -3.253597 30.191075 30.191075 
881.500000 306 2.000000 0.145006 4.648982 -5.699951 -4.147398 49.690355 49.690355 
881.500000 307 2.000000 0.133895 13.009731 -1.732209 -9.986097 102.722682 102.722682 
881.500000 308 2.000000 0.258009 1.133594 -3.709951 -0.198539 13.803156 13.803156 
881.500000 309 2.000000 0.999999 14.541841 -8.169952 -1.172420 68.122678 68.122678 
881.500000 310 2.000000 0.098178 0.600675 -2.576630 -4.012785 22.741464 22.741464 
881.500000 311 2.000000 0.603722 8.930630 3.018604 6.640064 53.202429 53.202429 
881.500000 312 2.000000 0.152293 1.786341 -5.651376 -2.689870 39.173452 39.173452 
881.500000 313 2.000000 0.923769 0.066278 0.297091 -1.859822 3.547200 3.547200 
881.500000 314 2.000000 0.000001 9.261422 3.900968 1.872035 18.722067 18.722067 
881.500000 315 2.000000 0.000001 13.130091 4.293051 -0.883230 19.210381 19.210381 
881.500000 316 2.000000 0.672607 4.746569 -0.327392 -1.573427 2.582858 2.582858 
881.500000 317 2.000000 0.868786 1.955050 1.241121 0.192630 1.577488 1.577488 
881.500000 318 2.000000 0.016695 10.710351 -1.311072 -0.461086 1.931511 1.931511 
881.500000 319 2.000000 0.466392 7.195255 -1.778689 1.309548 4.878652 4.878652 
881.500000 320 2.000000 0.627639 7.513727 -2.482401 0.288267 6.245411 6.245411 
881.500000 321 2.000000 0.192393 7.780996 0.480979 1.695877 3.107340 3.107340 
881.500000 322 2.000000 0.870485 13.457243 -2.590278 -3.738718 20.687551 20.687551 
881.500000 323 2.000000 0.339393 4.544404 2.262611 -5.329516 33.523144 33.523144 
881.500000 324 2.000000 0.719803 4.691950 -5.603918 -4.134412 48.497256 48.497256 
881.500000 325 2.000000 0.675230 11.980380 4.501528 2.705297 27.582382 27.582382 
881.500000 326 2.000000 0.017893 17.323797 -1.473505 1.667916 4.953161 4.953161 
881.500000 327 2.000000 0.000001 9.971504 2.754109 -0.774082 8.184319 8.184319 
881.500000 328 2.000000 0.840667 8.020507 -3.186638 -1.379273 12.057054 12.057054 
881.500000 329 2.000000 0.000001 5.269664 0.831020 -2.350026 6.213215 6.213215 
881.500000 330 2.000000 0.147106 11.094296 -4.264467 3.902272 33.413403 33.413403 
881.500000 331 2.000000 0.615316 18.568451 0.316687 3.563134 12.796214 12.796214 
881.500000 332 2.000000 0.641790 1.478528 4.278595 9.856849 115.463840 115.463840 
881.500000 333 2.000000 0.564267 4.822694 0.622796 -0.905306 1.207454 1.207454 
881.500000 334 2.000000 0.339433 15.667619 -2.642264 1.572170 9.453276 9.453276 
881.500000 335 2.000000 0.537448 4.414937 -1.321574 -1.441593 3.824748 3.824748 
881.500000 336 2.000000 0.170289 16.826900 0.198217 3.712417 13.821333 13.821333 
881.500000 337 2.000000 0.193984 17.197418 1.939834 1.669753 6.551032 6.551032 
881.500000 338 2.000000 0.458548 8.892212 -2.165802 -0.115655 4.704075 4.704075 
881.500000 339 2.000000 0.999999 18.457123 -1.632176 -0.117657 2.677841 2.677841 
881.500000 340 2.000000 0.865318 15.498301 -2.693621 4.214222 25.015261 25.015261 
881.500000 341 2.000000 0.099555 15.974606 1.991080 1.472992 6.134106 6.134106 
881.500000 342 2.000000 0.662001 8.811419 1.471112 -3.688127 15.766450 15.766450 
881.500000 343 2.000000 0.828457 8.237470 0.288123 1.302161 1.778637 1.778637 
881.500000 344 2.000000 0.521758 2.037570 -4.782408 -7.177165 74.383122 74.383122 
881.500000 345 2.000000 0.309754 12.396657 3.097534 -8.010985 73.770601 73.770601 
881.500000 346 2.000000 0.777321 12.785835 1.068339 -2.188915 5.932696 5.932696 
881.500000 347 2.000000 0.000001 0.628642 2.937752 -3.368950 19.980212 19.980212 
881.500000 348 2.000000 0.784422 10.148379 -0.718590 3.839341 15.256913 15.256913 
881.500000 349 2.000000 0.000329 4.478112 -1.249588 0.581660 1.899799 1.899799 
881.500000 350 2.000000 0.000001 7.370230 8.741513 -4.104251 93.258919 93.258919 
881.500000 351 2.000000 0.372694 11.675024 7.453866 4.670009 77.369100 77.369100 
881.500000 352 2.000000 0.613428 13.126103 3.067135 3.778109 23.681422 23.681422 
881.500000 353 2.000000 0.191243 9.950062 1.912420 -2.725229 11.084220 11.084220 
881.500000 354 2.000000 0.492574 9.841822 -0.840262 -1.741992 3.740578 3.740578 
881.500000 355 2.000000 0.554431 18.553181 5.544303 1.828030 34.080989 34.080989 
881.500000 356 2.000000 0.721489 8.724581 7.214883 3.762564 66.211432 66.211432 
881.500000 357 2.000000 0.412465 1.671772 -1.068243 -3.460572 13.116698 13.116698 
881.500000 358 2.000000 0.359151 1.410684 -0.139614 4.702277 22.130898 22.130898 
881.500000 359 2.000000 0.602458 16.929396 0.046450 1.622003 2.633052 2.633052 
881.500000 360 2.000000 0.000001 5.651229 9.779774 1.358929 97.490672 97.490672 
881.500000 361 2.000000 0.000001 12.925622 4.316162 -4.071329 35.204974 35.204974 
881.500000 362 2.000000 0.408027 2.696599 0.991958 -2.328566 6.406198 6.406198 
881.500000 363 2.000000 0.823723 3.764757 8.237219 -5.482806 97.912932 97.912932 
881.500000 364 2.000000 0.999999 15.115559 -5.667539 2.703634 39.430631 39.430631 
881.500000 365 2.000000 0.202840 0.082387 0.212512 0.823861 0.723908 0.723908 
881.500000 366 2.000000 0.824803 1.679584 -3.503920 0.532615 12.561132 12.561132 
881.500000 367 2.000000 0.520287 7.360319 0.326201 2.176170 4.842122 4.842122 
881.500000 368 2.000000 0.584589 18.571775 -0.209619 -4.760747 22.708649 22.708649 
881.500000 369 2.000000 0.267472 19.565460 -2.092933 -2.896927 12.772557 12.772557 
881.500000 370 2.000000 0.407444 16.332576 1.164123 -0.940365 2.239469 2.239469 
881.500000 371 2.000000 0.598109 5.495002 2.990538 -1.557353 11.368667 11.368667 
881.500000 372 2.000000 0.874306 13.391391 -2.513864 3.187691 16.480886 16.480886 
881.500000 373 2.000000 0.119854 19.095201 2.397056 1.755783 8.828648 8.828648 
881.500000 374 2.000000 0.618062 6.033216 0.824082 2.623137 7.559959 7.559959 
881.500000 375 2.000000 0.049884 13.329472 -1.187643 6.502181 43.688856 43.688856 
881.500000 376 2.000000 0.436462 11.804091 3.451172 -1.691749 14.772605 14.772605 
881.500000 377 2.000000 0.999999 5.120959 -6.228987 -2.436141 44.735070 44.735070 
881.500000 378 2.000000 0.641984 17.267596 -0.077293 -1.331311 1.778362 1.778362 
881.500000 379 2.000000 0.999999 14.174016 -5.781380 2.459187 39.471958 39.471958 
881.500000 380 2.000000 0.000001 12.974024 1.970504 -0.231756 3.936598 3.936598 
881.500000 381 2.000000 0.739113 13.296339 -5.217718 2.304721 32.536320 32.536320 
881.500000 382 2.000000 0.008225 14.574198 -2.209399 4.110591 21.778406 21.778406 
881.500000 383 2.000000 0.682158 9.774622 -6.356820 -3.413632 52.062044 52.062044 
881.500000 384 2.000000 0.150481 10.989109 -0.272873 1.456878 2.196953 2.196953 
881.500000 385 2.000000 0.453068 9.655217 -0.505890 1.076623 1.415041 1.415041 
881.500000 386 2.000000 0.403856 9.714795 -0.722642 -3.830802 15.197254 15.197254 
881.500000 387 2.000000 0.114605 9.662833 -0.477938 4.308469 18.791325 18.791325 
881.500000 388 2.000000 0.403907 19.046271 0.807812 -1.589546 3.179216 3.179216 
881.500000 389 2.000000 0.276234 17.871582 1.841555 -1.722308 6.357669 6.357669 
881.500000 390 2.000000 0.717760 17.174422 -2.822392 1.223921 9.463883 9.463883 
881.500000 391 2.000000 0.531063 17.155799 -0.050091 2.484789 6.176685 6.176685 
881.500000 392 2.000000 0.061034 9.269203 -2.493738 -8.909162 85.591896 85.591896 
881.500000 393 2.000000 0.268723 4.557948 -3.576162 -4.032894 29.053169 29.053169 
881.500000 394 2.000000 0.810075 16.055894 5.400495 0.554425 29.472731 29.472731 
881.500000 395 2.000000 0.756769 19.272084 2.522561 0.234437 6.418276 6.418276 
881.500000 396 2.000000 0.529314 10.826792 1.058625 1.399560 3.079456 3.079456 
881.500000 397 2.000000 0.649314 17.598528 0.663550 0.984697 1.409925 1.409925 
881.500000 398 2.000000 0.815215 19.920537 -1.231894 5.515739 31.940936 31.940936 
881.500000 399 2.000000 0.923509 9.844732 0.817367 -0.385323 0.816563 0.816563 
881.500000 400 2.000000 0.970979 15.970863 6.473185 0.667579 42.347780 42.347780 
881.500000 401 2.000000 0.025997 6.569418 -3.246674 -1.718725 13.494906 13.494906 
881.500000 402 2.000000 0.455840 13.274183 9.116781 -1.165290 84.473597 84.473597 
881.500000 403 2.000000 0.821773 8.944476 2.347920 6.415689 46.673794 46.673794 
881.500000 404 2.000000 0.117974 15.947997 -3.528100 -3.196174 22.663018 22.663018 
881.500000 405 2.000000 0.591544 7.181038 -4.084554 -2.769315 24.352685 24.352685 
881.500000 406 2.000000 0.999999 0.705353 -0.416104 -0.961090 1.096837 1.096837 
881.500000 407 2.000000 0.761392 15.161964 1.691981 -1.689800 5.718224 5.718224 
881.500000 408 2.000000 0.502532 7.694901 -5.125676 1.516678 28.572866 28.572866 
881.500000 409 2.000000 0.786255 6.477002 -4.274883 7.602764 76.076637 76.076637 
881.500000 410 2.000000 0.868355 4.214116 -2.632874 -6.294770 46.556154 46.556154 
881.500000 411 2.000000 0.687853 10.886958 4.585681 -1.037765 22.105429 22.105429 
881.500000 412 2.000000 0.483048 14.269441 3.220312 4.979150 35.162347 35.162347 
881.500000 413 2.000000 0.199718 7.851125 -2.692711 0.678414 7.710937 7.710937 
881.500000 414 2.000000 0.937207 6.334088 -1.255837 0.011883 1.577267 1.577267 
881.500000 415 2.000000 0.826040 8.114345 -0.695837 6.010626 36.611808 36.611808 
881.500000 416 2.000000 0.000001 10.965826 4.580016 -2.263432 26.099672 26.099672 
881.500000 417 2.000000 0.130188 18.864554 2.603750 -1.425632 8.811941 8.811941 
881.500000 418 2.000000 0.586188 18.163251 2.978108 1.404536 10.841849 10.841849 
881.500000 419 2.000000 0.650000 5.587672 0.153849 -2.706251 7.347464 7.347464 
881.500000 420 2.000000 0.557958 0.038009 -0.374992 0.289745 0.224572 0.224572 
881.500000 421 2.000000 0.365463 9.051633 2.436412 -7.435349 61.220519 61.220519 
881.500000 422 2.000000 0.572247 19.358234 3.814971 2.449277 20.552963 20.552963 
881.500000 423 2.000000 0.571865 9.642254 5.718641 6.623404 76.572334 76.572334 
881.500000 424 2.000000 0.207175 1.218377 4.143482 -3.633962 30.374126 30.374126 
881.500000 425 2.000000 0.164221 19.159946 -8.357781 -1.861797 73.318791 73.318791 
881.500000 426 2.000000 0.238395 0.440592 -0.795481 -2.044446 4.812548 4.812548 
881.500000 427 2.000000 0.735869 0.667468 0.919835 -3.993078 16.790766 16.790766 
881.500000 428 2.000000 0.287263 12.239222 5.745236 -4.311543 51.597133 51.597133 
881.500000 429 2.000000 0.465582 0.952031 -5.344172 3.808118 43.061943 43.061943 
881.500000 430 2.000000 0.501017 19.619201 3.340106 -3.807984 25.657049 25.657049 
881.500000 431 2.000000 0.999999 6.096527 -6.974558 3.050881 57.952331 57.952331 
881.500000 432 2.000000 0.461005 2.305910 -3.593292 -0.909121 13.738247 13.738247 
881.500000 433 2.000000 0.791033 18.668466 2.636774 -2.958961 15.708027 15.708027 
881.500000 434 2.000000 0.181915 18.861494 1.212760 4.674223 23.319145 23.319145 
881.500000 435 2.000000 0.960381 2.730227 2.743944 -1.730299 10.523166 10.523166 
881.500000 436 2.000000 0.000001 6.612527 3.242523 -3.403197 22.095701 22.095701 
881.500000 437 2.000000 0.414844 3.112658 4.584551 1.878673 24.547519 24.547519 
881.500000 438 2.000000 0.399265 8.425891 1.597054 -5.262423 30.243673 30.243673 
881.500000 439 2.000000 0.234913 18.922092 -3.060343 1.324918 11.121105 11.121105 
881.500000 440 2.000000 0.000001 6.716503 1.622460 4.136496 19.742977 19.742977 
881.500000 441 2.000000 0.640754 0.586806 2.135845 -3.942935 20.108567 20.108567 
881.500000 442 2.000000 0.612138 11.295697 0.816183 -1.148519 1.985250 1.985250 
881.500000 443 2.000000 0.956305 19.358001 2.732297 1.481219 9.659456 9.659456 
881.500000 444 2.000000 0.198151 12.915985 -0.485968 0.916082 1.075371 1.075371 
881.500000 445 2.000000 0.137899 1.851122 -5.747332 -0.982110 33.996368 33.996368 
881.500000 446 2.000000 0.664911 14.901986 1.899742 -2.199924 8.448682 8.448682 
881.500000 447 2.000000 0.901980 18.143183 6.013195 2.919043 44.679323 44.679323 
881.500000 448 2.000000 0.999999 19.167182 -1.777078 -0.178519 3.189874 3.189874 
881.500000 449 2.000000 0.371961 3.569435 3.719605 1.929424 17.558134 17.558134 
881.500000 450 2.000000 0.127266 7.905964 -3.999344 1.508749 18.271075 18.271075 
881.500000 451 2.000000 0.468121 8.955077 1.040266 -1.294936 2.759013 2.759013 
881.500000 452 2.000000 0.903862 12.956253 3.012869 -0.527516 9.355654 9.355654 
881.500000 453 2.000000 0.000001 19.657339 1.379095 -3.426600 13.643490 13.643490 
881.500000 454 2.000000 0.305111 17.295720 -4.632586 -4.450370 41.266646 41.266646 
881.500000 455 2.000000 0.137995 5.661388 0.229990 -1.968465 3.927751 3.927751 
881.500000 456 2.000000 0.422834 10.629179 0.248725 -5.065308 25.719208 25.719208 
881.500000 457 2.000000 0.076302 12.161721 -0.404016 -1.143172 1.470071 1.470071 
881.500000 458 2.000000 0.263233 17.417850 0.920309 -3.573617 13.617709 13.617709 
881.500000 459 2.000000 0.155516 7.393270 3.110306 1.257660 11.255711 11.255711 
881.500000 460 2.000000 0.331995 1.856619 -6.680037 -1.395238 46.569585 46.569585 
881.500000 461 2.000000 0.307099 12.810758 2.047320 -0.031896 4.192537 4.192537 
881.500000 462 2.000000 0.228457 8.558356 -5.143616 1.049098 27.557389 27.557389 
881.500000 463 2.000000 0.112177 8.327812 2.243514 3.701250 18.732603 18.732603 
881.500000 464 2.000000 0.817056 19.760863 3.268218 -2.391365 16.399876 16.399876 
881.500000 465 2.000000 0.836292 11.918887 1.045364 2.108332 5.537850 5.537850 
881.500000 466 2.000000 0.035185 12.469600 -1.608024 0.860613 3.326394 3.326394 
881.500000 467 2.000000 0.720182 0.302099 1.162043 -2.631914 8.277318 8.277318 
881.500000 468 2.000000 0.000001 2.064977 3.683581 -3.582349 26.401993 26.401993 
881.500000 469 2.000000 0.000001 5.784616 7.515846 7.712820 115.975541 115.975541 
881.500000 470 2.000000 0.974596 19.933023 1.949190 -1.339523 5.593662 5.593662 
881.500000 471 2.000000 0.231444 19.631264 2.314434 4.101338 22.177581 22.177581 
881.500000 472 2.000000 0.718617 16.445733 3.249059 2.647343 17.564810 17.564810 
881.500000 473 2.000000 0.216530 8.028407 4.330586 1.911525 22.407900 22.407900 
881.500000 474 2.000000 0.362507 19.924742 -0.910703 -1.505145 3.094842 3.094842 
881.500000 475 2.000000 0.446127 6.402166 -2.215488 -2.369583 10.523313 10.523313 
881.500000 476 2.000000 0.800353 16.207657 -0.998232 -1.995969 4.980360 4.980360 
881.500000 477 2.000000 0.801770 13.048099 -0.792916 -1.808956 3.901035 3.901035 
881.500000 478 2.000000 0.551284 3.259228 -0.739954 -0.042365 0.549327 0.549327 
881.500000 479 2.000000 0.304534 17.521102 1.522664 3.254805 12.912260 12.912260 
881.500000 480 2.000000 0.035027 10.070088 -0.966053 -4.542316 21.565894 21.565894 
881.500000 481 2.000000 0.603139 18.341634 6.031377 -4.145914 53.566112 53.566112 
881.500000 482 2.000000 0.927408 11.125101 1.686195 -3.922407 18.228527 18.228527 
881.500000 483 2.000000 0.255136 3.559426 5.102691 5.084893 51.893597 51.893597 
881.500000 484 2.000000 0.327846 7.717061 -6.721527 4.827277 68.481527 68.481527 
881.500000 485 2.000000 0.999999 13.711560 -4.484454 1.520260 22.421513 22.421513 
881.500000 486 2.000000 0.701049 19.503890 -2.989495 1.150326 10.260333 10.260333 
881.500000 487 2.000000 0.015617 1.935811 -0.245146 3.519654 12.448064 12.448064 
881.500000 488 2.000000 0.999999 17.900534 -2.887255 1.616531 10.949410 10.949410 
881.500000 489 2.000000 0.454701 19.112517 -1.817661 5.422205 32.704199 32.704199 
881.500000 490 2.000000 0.049982 16.119884 -4.750085 1.486718 24.773644 24.773644 
881.500000 491 2.000000 0.647420 10.111526 -2.350528 2.606569 12.319184 12.319184 
881.500000 492 2.000000 0.713297 1.264327 -0.955674 -0.278766 0.991023 0.991023 
881.500000 493 2.000000 0.915444 5.355686 4.577217 -2.436293 26.886444 26.886444 
881.500000 494 2.000000 0.911307 8.883785 1.822612 -0.939783 4.205106 4.205106 
881.500000 495 2.000000 0.018550 13.102866 -2.180997 -4.926524 29.027384 29.027384 
881.500000 496 2.000000 0.629697 17.442436 -1.481208 0.034039 2.195136 2.195136 
881.500000 497 2.000000 0.079115 6.902813 -9.208843 -0.173730 84.832980 84.832980 
881.500000 498 2.000000 0.777232 18.793613 -4.455336 4.003162 35.875317 35.875317 
881.500000 499 2.000000 0.999999 14.115914 -3.110826 6.790574 55.789131 55.789131 
881.500000 500 2.000000 0.103440 15.020632 -1.630108 -3.212495 12.977372 12.977372 
