39.000000 1 2.000000 18.221779 16.286697 -1.025399 -0.434304 1.240063 1.240063 
39.000000 2 2.000000 9.583260 14.763300 0.050189 0.943342 0.892413 0.892413 
39.000000 3 2.000000 1.020388 3.083051 1.074092 0.125131 1.169331 1.169331 
39.000000 4 2.000000 6.444188 10.385150 1.022887 -0.321567 1.149703 1.149703 
39.000000 5 2.000000 8.058408 8.347352 1.146158 -0.541195 1.606571 1.606571 
39.000000 6 2.000000 16.583640 5.329913 -0.308540 0.987021 1.069407 1.069407 
39.000000 7 2.000000 9.211027 6.498444 1.071050 -0.099380 1.157024 1.157024 
39.000000 8 2.000000 14.131508 5.000125 0.652725 0.757595 1.000000 1.000000 
39.000000 9 2.000000 5.923371 6.122327 -0.245155 -0.762509 0.641522 0.641522 
39.000000 10 2.000000 15.584374 2.711210 -0.830872 -0.811680 1.349172 1.349172 
39.000000 11 2.000000 8.656660 18.699615 0.940941 -1.182167 2.282889 2.282889 
39.000000 12 2.000000 14.268009 6.937276 -0.448627 -1.045018 1.293329 1.293329 
39.000000 13 2.000000 4.984755 17.808613 0.810529 0.299591 0.746712 0.746712 
39.000000 14 2.000000 17.328472 4.475333 -1.072371 -0.953460 2.059065 2.059065 
39.000000 15 2.000000 7.912518 2.056374 -0.608187 0.822549 1.046479 1.046479 
39.000000 16 2.000000 8.266915 11.110825 -0.546844 -0.952464 1.206227 1.206227 
39.000000 17 2.000000 5.679497 2.548132 0.620710 0.784040 1.000000 1.000000 
39.000000 18 2.000000 12.142377 8.879119 -1.018865 0.333175 1.149091 1.149091 
39.000000 19 2.000000 11.790851 13.919375 0.458788 0.851338 0.935263 0.935263 
39.000000 20 2.000000 4.691799 13.108275 -0.673687 0.801729 1.096624 1.096624 
39.000000 21 2.000000 7.834042 7.953015 1.058654 0.787427 1.740790 1.740790 
39.000000 22 2.000000 1.841276 13.523263 0.593960 0.365407 0.486311 0.486311 
39.000000 23 2.000000 5.601406 18.271022 -1.263149 0.399746 1.755342 1.755342 
39.000000 24 2.000000 13.237867 10.778495 1.042352 -0.257225 1.152661 1.152661 
39.000000 25 2.000000 2.566760 15.378119 0.624251 0.093787 0.398485 0.398485 
39.000000 26 2.000000 18.191705 3.418817 -1.343175 -0.021055 1.804561 1.804561 
39.000000 27 2.000000 0.693745 13.581765 -1.074294 -0.058391 1.157517 1.157517 
39.000000 28 2.000000 4.838369 18.013232 -0.164392 -1.018855 1.065090 1.065090 
39.000000 29 2.000000 17.078343 8.605707 -0.295081 1.124929 1.352538 1.352538 
39.000000 30 2.000000 3.191149 19.640010 0.370517 -1.199962 1.577191 1.577191 
39.000000 31 2.000000 9.679733 18.437204 -0.845148 0.639071 1.122686 1.122686 
39.000000 32 2.000000 6.036573 1.716653 0.503048 -0.229116 0.305551 0.305551 
39.000000 33 2.000000 12.704128 2.354052 0.653703 -0.690304 0.903848 0.903848 
39.000000 34 2.000000 10.143394 13.330675 -0.233520 -0.653092 0.481060 0.481060 
39.000000 35 2.000000 4.516784 1.246183 1.328465 -0.393554 1.919706 1.919706 
39.000000 36 2.000000 4.678818 11.361117 0.926498 0.525978 1.135052 1.135052 
39.000000 37 2.000000 2.470002 14.961239 -0.261361 0.965241 1.000000 1.000000 
39.000000 38 2.000000 1.857759 14.357534 -0.917168 0.540773 1.133634 1.133634 
39.000000 39 2.000000 9.035647 10.231248 0.207408 0.060738 0.046707 0.046707 
39.000000 40 2.000000 0.185908 16.806466 0.929536 1.061605 1.991041 1.991041 
39.000000 41 2.000000 11.189259 1.196894 0.071913 0.997411 1.000000 1.000000 
39.000000 42 2.000000 10.030270 6.355219 0.478172 -0.700080 0.718761 0.718761 
39.000000 43 2.000000 7.115508 1.572123 -0.007434 -1.230414 1.513974 1.513974 
39.000000 44 2.000000 15.759818 13.500273 1.075755 0.022114 1.157739 1.157739 
39.000000 45 2.000000 9.371685 10.979069 0.287205 -0.911205 0.912781 0.912781 
39.000000 46 2.000000 1.984408 4.535442 -0.084175 0.686171 0.477917 0.477917 
39.000000 47 2.000000 9.427399 11.650946 0.924255 0.529588 1.134711 1.134711 
39.000000 48 2.000000 14.287249 14.351944 -1.082630 -0.041128 1.173779 1.173779 
39.000000 49 2.000000 13.943571 2.959962 1.530617 -0.317968 2.443893 2.443893 
39.000000 50 2.000000 2.456088 5.698566 -0.319714 0.808307 0.755577 0.755577 
39.000000 51 2.000000 10.322626 7.221390 1.064188 -1.014175 2.161048 2.161048 
39.000000 52 2.000000 0.697513 10.088920 -1.118341 0.657569 1.683084 1.683084 
39.000000 53 2.000000 0.548922 18.887879 0.124755 0.228270 0.067671 0.067671 
39.000000 54 2.000000 14.674562 19.166968 1.012016 -0.537440 1.313018 1.313018 
39.000000 55 2.000000 13.309080 0.807545 -1.002615 -0.376012 1.146621 1.146621 
39.000000 56 2.000000 16.777845 3.487542 0.244973 1.125013 1.325667 1.325667 
39.000000 57 2.000000 8.736848 0.925348 1.149585 -0.414049 1.492983 1.492983 
39.000000 58 2.000000 6.918995 12.678398 0.838666 -1.144000 2.012097 2.012097 
39.000000 59 2.000000 12.512614 1.395658 -0.784011 0.393143 0.769234 0.769234 
39.000000 60 2.000000 11.822750 18.653428 -0.204282 -0.393859 0.196856 0.196856 
39.000000 61 2.000000 13.232532 7.860287 -1.253050 -0.153005 1.593544 1.593544 
39.000000 62 2.000000 17.179079 6.727442 0.034622 1.019309 1.040190 1.040190 
39.000000 63 2.000000 7.700718 4.164297 -0.150264 0.711845 0.529303 0.529303 
39.000000 64 2.000000 1.766263 3.794519 -0.044393 -0.491999 0.244034 0.244034 
39.000000 65 2.000000 11.913032 2.022078 -0.521880 1.093015 1.467040 1.467040 
39.000000 66 2.000000 16.304052 15.534150 -0.268918 -0.503347 0.325675 0.325675 
39.000000 67 2.000000 16.102239 16.520567 -1.111671 -0.018454 1.236153 1.236153 
39.000000 68 2.000000 3.743350 9.569592 0.998226 0.386650 1.145954 1.145954 
39.000000 69 2.000000 2.266955 6.113183 -0.332183 0.279112 0.188249 0.188249 
39.000000 70 2.000000 14.152101 14.469151 -0.332849 0.290645 0.195263 0.195263 
39.000000 71 2.000000 1.125304 6.627576 0.726002 0.315769 0.626789 0.626789 
39.000000 72 2.000000 10.294794 11.303360 -0.870668 0.182885 0.791509 0.791509 
39.000000 73 2.000000 4.462768 5.387978 -0.918345 -0.967151 1.778740 1.778740 
39.000000 74 2.000000 0.466872 11.850530 -1.195123 -0.005183 1.428347 1.428347 
39.000000 75 2.000000 2.679236 1.585145 -0.935380 0.511337 1.136402 1.136402 
39.000000 76 2.000000 9.742885 7.358494 1.042020 0.300223 1.175939 1.175939 
39.000000 77 2.000000 16.569974 19.256395 -0.698348 -0.782741 1.100373 1.100373 
39.000000 78 2.000000 6.222963 6.476664 0.507997 -0.861359 1.000000 1.000000 
39.000000 79 2.000000 6.222493 15.231259 0.500268 0.158821 0.275492 0.275492 
39.000000 80 2.000000 8.801602 10.688476 0.571868 0.544477 0.623488 0.623488 
39.000000 81 2.000000 7.460612 4.994078 0.048661 0.998815 1.000000 1.000000 
39.000000 82 2.000000 7.201072 10.421297 -0.969434 0.449194 1.141578 1.141578 
39.000000 83 2.000000 6.180988 5.489528 -0.552042 -0.879422 1.078134 1.078134 
39.000000 84 2.000000 16.058112 17.060881 0.861750 0.856449 1.476118 1.476118 
39.000000 85 2.000000 11.548452 15.063189 0.405209 -0.914224 1.000000 1.000000 
39.000000 86 2.000000 4.306392 10.702015 0.548585 0.836095 1.000000 1.000000 
39.000000 87 2.000000 6.824480 19.799637 -0.873251 0.603647 1.126958 1.126958 
39.000000 88 2.000000 10.790540 0.406028 1.089368 -0.672045 1.638367 1.638367 
39.000000 89 2.000000 4.558550 17.981315 0.422088 0.948882 1.078535 1.078535 
39.000000 90 2.000000 15.455553 4.356906 -0.995014 -0.502171 1.242230 1.242230 
39.000000 91 2.000000 1.911090 11.999408 1.365063 -0.579764 2.199524 2.199524 
39.000000 92 2.000000 11.309398 16.731554 -1.005597 -0.350884 1.134346 1.134346 
39.000000 93 2.000000 3.776609 5.723043 -0.673298 0.589372 0.800689 0.800689 
39.000000 94 2.000000 15.701076 8.946061 -1.247035 0.559227 1.867830 1.867830 
39.000000 95 2.000000 10.918773 18.591713 1.075741 -0.022754 1.157737 1.157737 
39.000000 96 2.000000 8.317507 6.862140 -0.909837 -0.552011 1.132519 1.132519 
39.000000 97 2.000000 8.334113 16.633480 -0.716926 -0.129481 0.530748 0.530748 
39.000000 98 2.000000 14.746194 17.024657 0.546695 1.154214 1.631085 1.631085 
39.000000 99 2.000000 1.112225 7.234554 0.285186 -0.705273 0.578741 0.578741 
39.000000 100 2.000000 14.038959 13.990955 -0.778337 -0.870876 1.364234 1.364234 
39.000000 101 2.000000 12.161035 8.584949 0.481538 -1.057036 1.349204 1.349204 
39.000000 102 2.000000 9.423862 14.774358 -0.786765 -1.322256 2.367360 2.367360 
39.000000 103 2.000000 4.842811 9.799032 -0.232869 0.101684 0.064567 0.064567 
39.000000 104 2.000000 11.742235 2.879781 0.280252 0.959927 1.000000 1.000000 
39.000000 105 2.000000 3.405975 11.999761 0.386418 -0.054307 0.152268 0.152268 
39.000000 106 2.000000 11.205161 17.149825 -0.004525 0.999990 1.000000 1.000000 
39.000000 107 2.000000 11.925473 5.411155 -0.236234 0.974983 1.006398 1.006398 
39.000000 108 2.000000 6.298006 17.509093 1.134776 -0.395382 1.444043 1.444043 
39.000000 109 2.000000 14.717596 18.258959 -0.864175 -0.358977 0.875663 0.875663 
39.000000 110 2.000000 10.232662 14.055571 0.796316 1.089579 1.821302 1.821302 
39.000000 111 2.000000 11.372871 17.419123 0.199350 0.735664 0.580943 0.580943 
39.000000 112 2.000000 2.855689 19.578567 0.614127 -0.842864 1.087571 1.087571 
39.000000 113 2.000000 15.531973 5.379388 0.318744 0.085582 0.108922 0.108922 
39.000000 114 2.000000 2.806971 16.809230 0.465150 -0.752155 0.782101 0.782101 
39.000000 115 2.000000 17.837195 14.574072 0.012216 0.041528 0.001874 0.001874 
39.000000 116 2.000000 7.781695 14.603585 0.191403 0.713592 0.545849 0.545849 
39.000000 117 2.000000 8.317787 17.028618 1.052884 -0.213768 1.154262 1.154262 
39.000000 118 2.000000 18.230842 14.236225 0.055789 -0.643997 0.417845 0.417845 
39.000000 119 2.000000 17.415215 1.795921 0.877341 0.197354 0.808675 0.808675 
39.000000 120 2.000000 2.420572 19.586026 0.949244 0.599461 1.260417 1.260417 
39.000000 121 2.000000 8.257063 4.332468 -0.922563 -0.527923 1.129826 1.129826 
39.000000 122 2.000000 9.049101 3.547211 0.565569 -0.824701 1.000000 1.000000 
39.000000 123 2.000000 8.002827 9.585083 0.081874 -0.996643 1.000000 1.000000 
39.000000 124 2.000000 8.466248 4.440380 1.020030 -0.176592 1.071645 1.071645 
39.000000 125 2.000000 14.995635 9.261641 0.767979 -0.567871 0.912268 0.912268 
39.000000 126 2.000000 0.877922 13.533639 -1.020734 0.327838 1.149376 1.149376 
39.000000 127 2.000000 16.367118 1.763853 0.708533 0.113431 0.514886 0.514886 
39.000000 128 2.000000 9.936329 19.525478 -0.118822 -0.431383 0.200210 0.200210 
39.000000 129 2.000000 6.905747 1.967410 1.160630 0.164637 1.374166 1.374166 
39.000000 130 2.000000 3.490930 7.904175 0.572283 -0.820056 1.000000 1.000000 
39.000000 131 2.000000 0.543846 0.621587 0.472909 0.887980 1.012151 1.012151 
39.000000 132 2.000000 11.963223 7.391979 0.819399 0.221981 0.720690 0.720690 
39.000000 133 2.000000 12.462555 6.505561 -0.116291 0.993215 1.000000 1.000000 
39.000000 134 2.000000 9.008006 5.658393 0.136715 -0.532574 0.302326 0.302326 
39.000000 135 2.000000 1.203767 8.441121 0.429917 -0.281681 0.264172 0.264172 
39.000000 136 2.000000 2.539005 12.589512 1.372435 0.755683 2.454633 2.454633 
39.000000 137 2.000000 6.312398 3.291217 0.432356 0.901703 1.000000 1.000000 
39.000000 138 2.000000 13.926377 0.916907 0.951939 0.611271 1.279841 1.279841 
39.000000 139 2.000000 16.664650 18.968568 0.621355 0.396739 0.543484 0.543484 
39.000000 140 2.000000 15.979103 9.953241 0.134594 -1.092039 1.210664 1.210664 
39.000000 141 2.000000 13.069774 5.611651 -0.642751 -0.539203 0.703869 0.703869 
39.000000 142 2.000000 7.927154 9.865291 0.998526 0.516707 1.264040 1.264040 
39.000000 143 2.000000 15.121860 2.011569 0.849543 -0.527520 1.000000 1.000000 
39.000000 144 2.000000 7.484659 0.712142 -0.275262 0.569713 0.400341 0.400341 
39.000000 145 2.000000 14.319163 9.080522 0.492914 -0.870078 1.000000 1.000000 
39.000000 146 2.000000 2.493797 6.725978 -0.066355 1.401245 1.967891 1.967891 
39.000000 147 2.000000 0.204304 17.134871 0.817211 0.175311 0.698568 0.698568 
39.000000 148 2.000000 16.498878 12.538785 0.686114 0.789021 1.093307 1.093307 
39.000000 149 2.000000 6.725087 9.755680 -0.895666 0.079146 0.808482 0.808482 
39.000000 150 2.000000 3.104140 5.018000 -1.075970 0.007705 1.157771 1.157771 
39.000000 151 2.000000 12.238107 7.490655 -0.790083 0.700061 1.114317 1.114317 
39.000000 152 2.000000 8.691268 4.507942 0.934545 0.515193 1.138798 1.138798 
39.000000 153 2.000000 0.433268 4.597287 -0.841766 -0.643120 1.122172 1.122172 
39.000000 154 2.000000 2.478580 2.915513 0.516371 -0.856365 1.000000 1.000000 
39.000000 155 2.000000 16.122453 7.809661 -0.296978 1.394582 2.033055 2.033055 
39.000000 156 2.000000 14.142123 4.501852 -0.750593 -0.101060 0.573603 0.573603 
39.000000 157 2.000000 13.448120 2.647276 0.677843 0.436510 0.650012 0.650012 
39.000000 158 2.000000 0.288574 9.346594 -1.073763 0.066854 1.157436 1.157436 
39.000000 159 2.000000 10.321868 6.005216 0.383001 -0.923748 1.000000 1.000000 
39.000000 160 2.000000 17.560506 12.011419 -1.045887 -0.243554 1.153199 1.153199 
39.000000 161 2.000000 5.144152 15.942890 0.210395 -0.977617 1.000000 1.000000 
39.000000 162 2.000000 6.475975 0.991481 1.053004 0.213222 1.154281 1.154281 
39.000000 163 2.000000 4.732638 1.636085 0.340477 -1.043404 1.204617 1.204617 
39.000000 164 2.000000 11.635581 15.372258 0.581779 0.813347 1.000000 1.000000 
39.000000 165 2.000000 2.498930 15.380185 0.210855 0.098040 0.054072 0.054072 
39.000000 166 2.000000 11.869359 3.061031 0.945766 -0.159374 0.919873 0.919873 
39.000000 167 2.000000 17.672970 16.014850 -1.245185 -0.021130 1.550932 1.550932 
39.000000 168 2.000000 13.473807 19.585341 -0.963540 -0.460731 1.140682 1.140682 
39.000000 169 2.000000 0.273416 10.965617 0.273415 0.961896 1.000000 1.000000 
39.000000 170 2.000000 0.415973 14.944365 0.924381 -0.529386 1.134730 1.134730 
39.000000 171 2.000000 6.502579 11.979131 0.878727 -0.596347 1.127790 1.127790 
39.000000 172 2.000000 1.949013 13.094933 1.053520 -0.210842 1.154359 1.154359 
39.000000 173 2.000000 9.404091 6.501081 0.407199 -0.925602 1.022550 1.022550 
39.000000 174 2.000000 7.137233 14.758193 0.815684 0.624705 1.055597 1.055597 
39.000000 175 2.000000 2.123848 7.970145 -0.200330 -0.461578 0.253186 0.253186 
39.000000 176 2.000000 7.917979 19.157826 0.362255 0.220723 0.179947 0.179947 
39.000000 177 2.000000 8.341862 16.995621 -0.405370 0.944201 1.055840 1.055840 
39.000000 178 2.000000 1.900530 7.614166 1.267019 -0.096283 1.614609 1.614609 
39.000000 179 2.000000 1.395774 0.193920 1.073672 -0.068202 1.157422 1.157422 
39.000000 180 2.000000 6.328682 12.517973 -0.152403 -0.490625 0.263939 0.263939 
39.000000 181 2.000000 9.899143 4.418316 0.908178 -0.554508 1.132267 1.132267 
39.000000 182 2.000000 15.996096 5.244063 0.071738 0.896421 0.808717 0.808717 
39.000000 183 2.000000 15.847654 19.265763 0.203949 -0.978982 1.000000 1.000000 
39.000000 184 2.000000 17.001915 19.892145 0.622781 -1.078543 1.551112 1.551112 
39.000000 185 2.000000 1.613386 10.955101 -0.881123 -0.593108 1.128155 1.128155 
39.000000 186 2.000000 15.558064 7.610353 -0.948749 -0.272970 0.974638 0.974638 
39.000000 187 2.000000 8.758127 16.985810 -0.032089 0.276514 0.077490 0.077490 
39.000000 188 2.000000 3.503456 4.848868 -0.926434 -0.526081 1.135042 1.135042 
39.000000 189 2.000000 3.613258 12.076479 0.976556 -0.438976 1.146361 1.146361 
39.000000 190 2.000000 5.692699 5.750665 1.035036 0.283284 1.151549 1.151549 
39.000000 191 2.000000 3.243152 10.241425 -0.627574 -0.009373 0.393937 0.393937 
39.000000 192 2.000000 3.292096 4.111597 0.723537 -0.762034 1.104202 1.104202 
39.000000 193 2.000000 15.315452 6.335377 0.061732 -1.148288 1.322375 1.322375 
39.000000 194 2.000000 7.246950 16.223017 0.999579 0.494130 1.243323 1.243323 
39.000000 195 2.000000 13.517297 5.069033 1.047852 -0.235591 1.153498 1.153498 
39.000000 196 2.000000 6.916182 3.972005 -1.055703 -0.864043 1.861079 1.861079 
39.000000 197 2.000000 2.285148 6.338778 0.952144 1.293628 2.580052 2.580052 
39.000000 198 2.000000 15.488620 7.533779 0.421895 -1.283724 1.825942 1.825942 
39.000000 199 2.000000 1.237470 8.682274 1.237469 0.285328 1.612742 1.612742 
39.000000 200 2.000000 1.766115 0.799760 -0.024548 0.999699 1.000000 1.000000 
39.000000 201 2.000000 15.030087 7.934875 1.042207 -0.764099 1.670043 1.670043 
39.000000 202 2.000000 13.036480 1.596564 -1.072249 0.086535 1.157206 1.157206 
39.000000 203 2.000000 1.353070 13.623953 -0.823580 -0.664171 1.119408 1.119408 
39.000000 204 2.000000 14.643893 17.082137 -0.971519 -0.459506 1.154996 1.154996 
39.000000 205 2.000000 16.994161 12.810272 1.096397 0.288830 1.285510 1.285510 
39.000000 206 2.000000 15.887631 9.021095 0.874255 0.387087 0.914159 0.914159 
39.000000 207 2.000000 2.772405 19.999999 -0.465869 -0.920870 1.065036 1.065036 
39.000000 208 2.000000 18.057987 16.076329 1.325808 -1.349011 3.577598 3.577598 
39.000000 209 2.000000 15.935771 5.765510 0.913225 0.407456 1.000000 1.000000 
39.000000 210 2.000000 11.586923 18.447652 1.053357 0.211599 1.154334 1.154334 
39.000000 211 2.000000 2.207060 12.282053 0.495968 0.738410 0.791233 0.791233 
39.000000 212 2.000000 3.565643 9.734159 0.090928 -1.396248 1.957775 1.957775 
39.000000 213 2.000000 5.638878 14.998030 -0.424464 -1.209823 1.643840 1.643840 
39.000000 214 2.000000 11.055701 2.484512 -0.953619 0.299339 0.998994 0.998994 
39.000000 215 2.000000 10.117467 7.783426 -0.331212 0.966885 1.044568 1.044568 
39.000000 216 2.000000 18.245658 15.480653 -0.718851 -0.765991 1.103489 1.103489 
39.000000 217 2.000000 8.278399 8.220272 -1.056866 0.194686 1.154868 1.154868 
39.000000 218 2.000000 11.255050 2.609114 1.051874 0.218336 1.154109 1.154109 
39.000000 219 2.000000 0.203620 19.078066 -0.529459 -0.682913 0.746698 0.746698 
39.000000 220 2.000000 8.427873 9.577433 0.979985 0.427564 1.143182 1.143182 
39.000000 221 2.000000 13.822174 18.380610 -0.891786 -0.578353 1.129776 1.129776 
39.000000 222 2.000000 13.473950 15.998737 0.664391 0.690425 0.918103 0.918103 
39.000000 223 2.000000 11.733476 13.531500 -1.073805 -0.066220 1.157442 1.157442 
39.000000 224 2.000000 12.913305 5.930496 1.012316 0.286770 1.107020 1.107020 
39.000000 225 2.000000 7.811213 12.670676 -0.949216 0.487334 1.138505 1.138505 
39.000000 226 2.000000 8.294083 14.284311 0.911438 -0.549585 1.132763 1.132763 
39.000000 227 2.000000 2.446617 4.552689 1.259197 0.777104 2.189469 2.189469 
39.000000 228 2.000000 5.700254 12.605807 0.347376 0.756401 0.692813 0.692813 
39.000000 229 2.000000 13.227217 19.252296 0.497490 0.193257 0.284844 0.284844 
39.000000 230 2.000000 13.398420 9.649985 0.415460 0.828325 0.858729 0.858729 
39.000000 231 2.000000 16.675544 19.052656 0.182931 1.233182 1.554200 1.554200 
39.000000 232 2.000000 8.704096 0.232934 0.212660 0.776444 0.648090 0.648090 
39.000000 233 2.000000 0.732718 5.996377 -0.109529 -1.294947 1.688885 1.688885 
39.000000 234 2.000000 18.076848 15.604340 -0.044409 -0.999013 1.000000 1.000000 
39.000000 235 2.000000 9.853610 7.861054 -0.373120 -0.803904 0.785480 0.785480 
39.000000 236 2.000000 15.864478 13.587834 1.030161 -0.244414 1.120969 1.120969 
39.000000 237 2.000000 10.881570 11.023750 0.068889 0.997624 1.000000 1.000000 
39.000000 238 2.000000 5.918902 18.724628 -0.479486 -1.214639 1.705254 1.705254 
39.000000 239 2.000000 8.603476 14.043573 -0.546437 -0.882434 1.077282 1.077282 
39.000000 240 2.000000 8.584915 16.232028 0.559278 0.044624 0.314783 0.314783 
39.000000 241 2.000000 15.017408 9.586178 0.049846 -0.575605 0.333805 0.333805 
39.000000 242 2.000000 15.559298 7.264679 0.987892 0.440283 1.169780 1.169780 
39.000000 243 2.000000 15.121075 9.404961 -0.675162 -0.913443 1.290223 1.290223 
39.000000 244 2.000000 15.767400 8.871706 -1.075962 0.008722 1.157770 1.157770 
39.000000 245 2.000000 18.028227 3.990001 0.636555 -0.557987 0.716552 0.716552 
39.000000 246 2.000000 9.442067 4.967069 1.008732 0.240796 1.075523 1.075523 
39.000000 247 2.000000 2.014525 4.499751 -0.550619 0.810766 0.960523 0.960523 
39.000000 248 2.000000 7.015291 3.271397 0.318877 -0.947796 1.000000 1.000000 
39.000000 249 2.000000 3.848941 4.357908 -0.678570 -0.798066 1.097367 1.097367 
39.000000 250 2.000000 5.782960 7.268142 0.166308 0.577648 0.361335 0.361335 
39.000000 251 2.000000 15.082507 11.335051 0.940388 -0.317336 0.985031 0.985031 
39.000000 252 2.000000 4.671753 15.392758 1.061762 -0.168147 1.155612 1.155612 
39.000000 253 2.000000 16.549687 8.309234 0.053451 -0.406792 0.168336 0.168336 
39.000000 254 2.000000 11.394207 14.545033 -0.164599 -0.909161 0.853666 0.853666 
39.000000 255 2.000000 6.164285 17.617207 -1.076127 -0.221655 1.207181 1.207181 
39.000000 256 2.000000 4.044639 5.825006 -0.433452 -0.415367 0.360411 0.360411 
39.000000 257 2.000000 14.183696 5.325420 1.259611 0.167548 1.614693 1.614693 
39.000000 258 2.000000 12.092296 2.683308 -1.155514 -0.600232 1.695490 1.695490 
39.000000 259 2.000000 10.271147 10.144567 -1.056130 0.198357 1.154756 1.154756 
39.000000 260 2.000000 16.598556 3.972309 0.268685 0.679027 0.533270 0.533270 
39.000000 261 2.000000 9.762489 11.706284 0.218992 -0.298335 0.136961 0.136961 
39.000000 262 2.000000 10.467935 14.439175 -0.285631 -0.919144 0.926412 0.926412 
39.000000 263 2.000000 1.587050 8.147033 -1.058670 -0.561184 1.435709 1.435709 
39.000000 264 2.000000 2.529729 18.159132 -0.228431 1.017528 1.087543 1.087543 
39.000000 265 2.000000 14.116494 1.933025 1.061390 0.170310 1.155555 1.155555 
39.000000 266 2.000000 11.251388 17.095071 -0.981716 1.486528 3.173531 3.173531 
39.000000 267 2.000000 3.022513 1.350213 0.471007 0.843883 0.933985 0.933985 
39.000000 268 2.000000 14.302835 10.932834 -0.487653 0.452772 0.442807 0.442807 
39.000000 269 2.000000 16.800176 9.296106 -0.610608 0.845100 1.087036 1.087036 
39.000000 270 2.000000 7.435821 10.813394 -0.508581 -0.874915 1.024130 1.024130 
39.000000 271 2.000000 7.990996 12.239394 -0.977911 -0.764592 1.540910 1.540910 
39.000000 272 2.000000 6.300197 7.287749 0.035020 -0.242895 0.060224 0.060224 
39.000000 273 2.000000 8.294312 9.030170 -0.459991 -1.181629 1.607839 1.607839 
39.000000 274 2.000000 17.331887 3.345974 -1.355902 -0.621315 2.224503 2.224503 
39.000000 275 2.000000 16.987345 10.844155 -0.965669 0.455732 1.140209 1.140209 
39.000000 276 2.000000 10.236587 12.501435 -0.695255 -0.785190 1.099903 1.099903 
39.000000 277 2.000000 7.475046 5.956475 -0.503138 0.726399 0.780804 0.780804 
39.000000 278 2.000000 18.007738 18.650448 -0.101783 -0.999668 1.009695 1.009695 
39.000000 279 2.000000 3.103779 13.811168 0.564323 -0.778469 0.924475 0.924475 
39.000000 280 2.000000 0.894317 10.694638 0.067242 0.270894 0.077905 0.077905 
39.000000 281 2.000000 16.142230 12.912649 -1.007701 0.363225 1.147395 1.147395 
39.000000 282 2.000000 10.668059 1.671285 0.387332 -0.682504 0.615838 0.615838 
39.000000 283 2.000000 16.254139 0.133973 0.474743 -0.261210 0.293612 0.293612 
39.000000 284 2.000000 6.740513 13.430886 -1.205450 -0.868239 2.206949 2.206949 
39.000000 285 2.000000 1.196873 5.981420 1.139879 -0.360945 1.429605 1.429605 
39.000000 286 2.000000 15.265646 2.146269 -0.571173 -0.868795 1.081042 1.081042 
39.000000 287 2.000000 6.870881 3.766294 0.995780 -0.222281 1.040986 1.040986 
39.000000 288 2.000000 0.795126 4.215720 -1.225990 0.037276 1.504441 1.504441 
39.000000 289 2.000000 17.297318 2.339301 0.823682 -0.219373 0.726576 0.726576 
39.000000 290 2.000000 9.194935 15.572425 0.892712 1.162121 2.147460 2.147460 
39.000000 291 2.000000 11.732181 19.710508 0.578456 1.091995 1.527064 1.527064 
39.000000 292 2.000000 13.632988 15.387798 -0.586878 0.859653 1.083429 1.083429 
39.000000 293 2.000000 15.336787 1.384542 -0.577189 0.865338 1.081957 1.081957 
39.000000 294 2.000000 12.801957 10.212119 -0.810438 -0.317363 0.757530 0.757530 
39.000000 295 2.000000 17.280049 3.279049 0.988898 -0.669965 1.426772 1.426772 
39.000000 296 2.000000 16.418110 9.610141 -0.655615 -0.814891 1.093877 1.093877 
39.000000 297 2.000000 14.529227 13.334804 0.768742 0.639559 1.000000 1.000000 
39.000000 298 2.000000 10.273254 3.367036 0.491543 1.068900 1.384162 1.384162 
39.000000 299 2.000000 1.304993 15.408419 0.543747 -0.946718 1.191935 1.191935 
39.000000 300 2.000000 5.090024 12.124907 -1.099500 -0.358774 1.337619 1.337619 
39.000000 301 2.000000 13.327075 10.005036 -0.948688 -0.249287 0.962154 0.962154 
39.000000 302 2.000000 13.647951 3.432577 -0.683039 0.328476 0.574439 0.574439 
39.000000 303 2.000000 3.870022 10.233397 -0.874747 0.628010 1.159579 1.159579 
39.000000 304 2.000000 3.691881 4.433156 0.421929 1.231432 1.694449 1.694449 
39.000000 305 2.000000 17.060153 2.304874 0.886242 -0.463223 1.000000 1.000000 
39.000000 306 2.000000 9.782101 15.726201 -1.126243 -0.579066 1.603741 1.603741 
39.000000 307 2.000000 9.623141 10.298932 0.972034 -0.443985 1.141973 1.141973 
39.000000 308 2.000000 6.196162 9.343158 0.395703 0.392534 0.310664 0.310664 
39.000000 309 2.000000 17.866194 1.174676 0.718770 0.546360 0.815139 0.815139 
39.000000 310 2.000000 9.910847 10.137515 0.173270 0.699139 0.518818 0.518818 
39.000000 311 2.000000 4.080924 5.129395 0.938143 -0.506665 1.136822 1.136822 
39.000000 312 2.000000 13.881511 9.293421 -0.709917 0.249570 0.566267 0.566267 
39.000000 313 2.000000 8.109822 6.615906 0.426833 -0.904331 1.000000 1.000000 
39.000000 314 2.000000 10.405585 18.656968 -0.258729 0.482087 0.299348 0.299348 
39.000000 315 2.000000 3.948831 2.308204 -0.265429 -0.964131 1.000000 1.000000 
39.000000 316 2.000000 17.244412 9.643412 0.497623 0.090299 0.255782 0.255782 
39.000000 317 2.000000 15.951754 14.871559 -0.839952 0.402357 0.867410 0.867410 
39.000000 318 2.000000 8.436538 19.195457 -0.984616 1.242424 2.513087 2.513087 
39.000000 319 2.000000 1.050575 1.494868 -0.082658 0.996578 1.000000 1.000000 
39.000000 320 2.000000 8.166154 1.484815 -0.239596 0.478972 0.286821 0.286821 
39.000000 321 2.000000 0.085846 19.906282 0.429226 -0.937169 1.062520 1.062520 
39.000000 322 2.000000 3.117234 19.754336 -0.185453 -0.982653 1.000000 1.000000 
39.000000 323 2.000000 15.910211 12.469351 -0.907263 -0.403425 0.985877 0.985877 
39.000000 324 2.000000 18.159240 13.180218 -1.473038 0.224644 2.220305 2.220305 
39.000000 325 2.000000 0.151015 2.619971 -1.012376 -0.350999 1.148105 1.148105 
39.000000 326 2.000000 12.408873 13.635156 -0.172937 -0.108107 0.041594 0.041594 
39.000000 327 2.000000 11.159748 0.554934 -0.981366 0.086036 0.970481 0.970481 
39.000000 328 2.000000 2.579100 2.779926 0.312179 0.646102 0.514903 0.514903 
39.000000 329 2.000000 14.423909 14.102931 -0.958020 0.894968 1.718770 1.718770 
39.000000 330 2.000000 15.789067 15.809792 1.042183 -0.257859 1.152636 1.152636 
39.000000 331 2.000000 15.376260 18.786736 1.405181 -0.250157 2.037113 2.037113 
39.000000 332 2.000000 15.204275 3.644451 0.034811 0.911112 0.831338 0.831338 
39.000000 333 2.000000 16.338115 11.115533 0.662654 0.521830 0.711417 0.711417 
39.000000 334 2.000000 0.897153 3.683198 0.407797 0.146966 0.187897 0.187897 
39.000000 335 2.000000 4.835206 9.354258 0.026753 0.496112 0.246843 0.246843 
39.000000 336 2.000000 17.824486 18.189563 0.557364 -1.005798 1.322284 1.322284 
39.000000 337 2.000000 14.693876 0.756182 0.217593 0.040856 0.049016 0.049016 
39.000000 338 2.000000 14.967736 9.795929 0.144617 0.989488 1.000000 1.000000 
39.000000 339 2.000000 8.538197 3.418414 -0.395699 -0.947519 1.054370 1.054370 
39.000000 340 2.000000 6.337529 12.232095 -0.923852 -0.530232 1.134650 1.134650 
39.000000 341 2.000000 0.065162 0.063087 -1.015149 -0.477711 1.258735 1.258735 
39.000000 342 2.000000 9.862722 4.807496 -0.846904 0.169372 0.745934 0.745934 
39.000000 343 2.000000 7.458453 5.301028 -0.368357 -1.032810 1.202383 1.202383 
39.000000 344 2.000000 15.086734 7.742493 1.069981 0.109552 1.156861 1.156861 
39.000000 345 2.000000 18.323782 15.397022 -0.361695 1.046668 1.226337 1.226337 
39.000000 346 2.000000 15.835069 13.162774 -1.230413 0.658830 1.947974 1.947974 
39.000000 347 2.000000 14.254679 3.732129 -0.676088 -0.664096 0.898119 0.898119 
39.000000 348 2.000000 11.742617 10.872954 0.670312 0.635698 0.853430 0.853430 
39.000000 349 2.000000 14.290386 11.871865 -0.977469 0.401846 1.116927 1.116927 
39.000000 350 2.000000 8.602318 3.429636 -1.024635 0.262807 1.118944 1.118944 
39.000000 351 2.000000 9.634460 4.316389 -0.483608 -0.972463 1.179561 1.179561 
39.000000 352 2.000000 0.813602 14.420970 0.774858 -0.715260 1.112002 1.112002 
39.000000 353 2.000000 9.312431 5.694350 -0.774445 -0.425131 0.780502 0.780502 
39.000000 354 2.000000 17.231293 6.334765 0.511858 -0.340687 0.378066 0.378066 
39.000000 355 2.000000 7.450264 18.351150 0.037341 -0.999303 1.000000 1.000000 
39.000000 356 2.000000 12.585520 1.186064 -1.189938 0.790709 2.041172 2.041172 
39.000000 357 2.000000 1.688993 7.565282 -0.602732 0.850032 1.085839 1.085839 
39.000000 358 2.000000 2.960521 19.118598 -0.674298 -0.801274 1.096717 1.096717 
39.000000 359 2.000000 10.651956 15.823469 1.035866 0.935525 1.948224 1.948224 
39.000000 360 2.000000 15.789149 1.567475 1.127796 -0.578371 1.606437 1.606437 
39.000000 361 2.000000 14.714942 14.179426 0.789005 1.070145 1.767740 1.767740 
39.000000 362 2.000000 5.417795 6.330684 -0.740424 0.786420 1.166684 1.166684 
39.000000 363 2.000000 2.585779 0.595109 1.202687 -1.014549 2.475766 2.475766 
39.000000 364 2.000000 7.162608 9.752639 0.573009 0.819549 1.000000 1.000000 
39.000000 365 2.000000 1.079659 16.000143 1.028246 -0.305333 1.150517 1.150517 
39.000000 366 2.000000 3.185058 0.381166 1.179651 -0.564868 1.710652 1.710652 
39.000000 367 2.000000 2.372799 18.474581 -0.056476 1.200114 1.443463 1.443463 
39.000000 368 2.000000 1.480461 19.260127 -0.064247 0.997934 1.000000 1.000000 
39.000000 369 2.000000 11.118960 17.504157 0.280208 -0.959939 1.000000 1.000000 
39.000000 370 2.000000 5.968908 12.226977 1.381516 0.049400 1.911028 1.911028 
39.000000 371 2.000000 0.648340 6.778402 -0.709783 -0.276288 0.580126 0.580126 
39.000000 372 2.000000 1.757834 17.532384 0.576339 -0.865830 1.081828 1.081828 
39.000000 373 2.000000 18.019054 13.654427 -0.293869 -0.813535 0.748198 0.748198 
39.000000 374 2.000000 17.413216 11.784755 -0.529015 -0.194074 0.317521 0.317521 
39.000000 375 2.000000 9.947891 6.145767 0.753628 0.657301 1.000000 1.000000 
39.000000 376 2.000000 11.944072 5.339446 -0.629577 -0.533007 0.680464 0.680464 
39.000000 377 2.000000 14.910972 9.425835 -0.004053 1.120925 1.256490 1.256490 
39.000000 378 2.000000 0.412208 19.376033 -0.175707 -0.959948 0.952372 0.952372 
39.000000 379 2.000000 9.702389 10.213760 1.096315 0.191260 1.238487 1.238487 
39.000000 380 2.000000 16.796601 10.611509 0.099441 -0.907100 0.832720 0.832720 
39.000000 381 2.000000 10.282728 10.701718 -0.806569 0.397859 0.808846 0.808846 
39.000000 382 2.000000 0.943646 5.281857 -0.195458 0.520380 0.308999 0.308999 
39.000000 383 2.000000 3.979459 5.671945 -0.244092 0.727172 0.588361 0.588361 
39.000000 384 2.000000 15.959307 13.002567 1.140849 0.062640 1.305459 1.305459 
39.000000 385 2.000000 10.017848 6.967455 0.590517 -0.732562 0.885358 0.885358 
39.000000 386 2.000000 14.496429 9.016849 -1.043392 0.253282 1.152820 1.152820 
39.000000 387 2.000000 12.525936 15.893375 1.057041 -0.041033 1.119019 1.119019 
39.000000 388 2.000000 15.919698 18.887300 0.252625 -0.967564 1.000000 1.000000 
39.000000 389 2.000000 9.944970 11.285209 0.722811 0.792500 1.150512 1.150512 
39.000000 390 2.000000 6.533008 16.343712 -1.075662 -0.026016 1.157725 1.157725 
39.000000 391 2.000000 7.836105 7.399305 1.658634 -0.136276 2.769639 2.769639 
39.000000 392 2.000000 14.741729 1.196351 0.417997 -0.486567 0.411469 0.411469 
39.000000 393 2.000000 16.517872 7.082229 0.094387 0.902195 0.822864 0.822864 
39.000000 394 2.000000 7.301081 18.920730 0.646113 0.397281 0.575295 0.575295 
39.000000 395 2.000000 16.734675 1.560483 1.274949 0.495391 1.870908 1.870908 
39.000000 396 2.000000 7.759920 4.411559 -0.275728 -0.683069 0.542609 0.542609 
39.000000 397 2.000000 10.718722 3.038709 0.928028 -0.523497 1.135284 1.135284 
39.000000 398 2.000000 17.033139 6.692052 -1.452153 0.457480 2.318036 2.318036 
39.000000 399 2.000000 0.123875 0.314584 0.353924 1.258333 1.708664 1.708664 
39.000000 400 2.000000 17.332583 4.744378 0.939435 -0.342726 1.000000 1.000000 
39.000000 401 2.000000 3.078530 10.649201 -0.828321 -0.706525 1.185293 1.185293 
39.000000 402 2.000000 4.856169 13.456477 -0.204196 -1.246385 1.595172 1.595172 
39.000000 403 2.000000 1.597263 7.805875 0.998289 -0.386502 1.145964 1.145964 
39.000000 404 2.000000 16.047421 12.378713 -0.199476 0.986352 1.012680 1.012680 
39.000000 405 2.000000 2.167582 11.872107 -0.956563 -0.473930 1.139622 1.139622 
39.000000 406 2.000000 9.932962 0.491919 -0.179070 0.983836 1.000000 1.000000 
39.000000 407 2.000000 5.905431 7.581960 -1.035041 0.041293 1.073015 1.073015 
39.000000 408 2.000000 17.988959 2.098598 -0.699300 0.736350 1.031231 1.031231 
39.000000 409 2.000000 10.555907 8.767940 0.293627 -0.955920 1.000000 1.000000 
39.000000 410 2.000000 4.621938 12.451538 -0.699717 0.915554 1.327844 1.327844 
39.000000 411 2.000000 15.487368 14.598712 0.629568 0.263344 0.465706 0.465706 
39.000000 412 2.000000 5.016209 2.795861 -1.437149 -0.062561 2.069312 2.069312 
39.000000 413 2.000000 6.405409 7.502112 -0.726215 -0.759750 1.104609 1.104609 
39.000000 414 2.000000 4.171929 13.296048 -0.629591 -0.832789 1.089922 1.089922 
39.000000 415 2.000000 14.517065 14.383865 -0.547673 -0.607150 0.668577 0.668577 
39.000000 416 2.000000 0.496377 1.486415 -0.986506 0.803467 1.618754 1.618754 
39.000000 417 2.000000 8.005949 11.611841 -1.121717 0.407433 1.424250 1.424250 
39.000000 418 2.000000 6.786479 10.846649 -0.657714 0.126157 0.448503 0.448503 
39.000000 419 2.000000 3.560437 1.171028 -0.250620 -0.552440 0.368001 0.368001 
39.000000 420 2.000000 12.481610 4.739431 0.212312 0.977202 1.000000 1.000000 
39.000000 421 2.000000 10.555242 7.480208 1.034828 0.265727 1.141479 1.141479 
39.000000 422 2.000000 9.557485 17.007173 0.447338 0.251338 0.263282 0.263282 
39.000000 423 2.000000 13.563579 11.596788 -0.559518 -0.875334 1.079271 1.079271 
39.000000 424 2.000000 11.348207 0.670371 -0.829898 -0.977547 1.644330 1.644330 
39.000000 425 2.000000 11.121161 15.173915 0.607943 0.929386 1.233353 1.233353 
39.000000 426 2.000000 1.360810 15.876765 -0.837869 0.373172 0.841281 0.841281 
39.000000 427 2.000000 17.140216 8.982128 -1.186152 -0.305347 1.500194 1.500194 
39.000000 428 2.000000 7.403691 16.511206 -1.446515 -0.208089 2.135706 2.135706 
39.000000 429 2.000000 9.072810 6.792952 -1.083682 -0.809137 1.829068 1.829068 
39.000000 430 2.000000 3.804165 1.703473 1.144612 -0.170051 1.339054 1.339054 
39.000000 431 2.000000 14.711700 4.018105 0.373313 0.864108 0.886046 0.886046 
39.000000 432 2.000000 4.735476 8.621189 -0.781107 -0.898201 1.416893 1.416893 
39.000000 433 2.000000 8.005604 9.769829 0.696139 -0.717907 1.000000 1.000000 
39.000000 434 2.000000 2.284640 13.014317 0.258151 -0.919169 0.911513 0.911513 
39.000000 435 2.000000 4.326847 13.848196 -1.643334 -0.788693 3.322582 3.322582 
39.000000 436 2.000000 8.193469 0.485531 0.176924 1.213825 1.504674 1.504674 
39.000000 437 2.000000 9.491762 7.624062 -0.035287 -0.061732 0.005056 0.005056 
39.000000 438 2.000000 3.169124 1.404637 -0.898545 -0.981558 1.770839 1.770839 
39.000000 439 2.000000 7.631180 16.548208 -1.074840 -0.048154 1.157600 1.157600 
39.000000 440 2.000000 3.392311 11.249680 -0.365312 -0.930885 1.000000 1.000000 
39.000000 441 2.000000 15.858964 10.299427 0.531953 0.323668 0.387735 0.387735 
39.000000 442 2.000000 9.091932 17.406378 1.075968 -0.007977 1.157771 1.157771 
39.000000 443 2.000000 18.119762 4.040297 0.367144 0.656959 0.566390 0.566390 
39.000000 444 2.000000 5.327542 13.186205 -0.551977 -0.792302 0.932421 0.932421 
39.000000 445 2.000000 16.813199 16.136148 -0.849810 -0.633418 1.123395 1.123395 
39.000000 446 2.000000 0.168599 6.173456 -0.862692 0.617346 1.125353 1.125353 
39.000000 447 2.000000 8.838121 5.900742 -0.575600 0.813895 0.993741 0.993741 
39.000000 448 2.000000 14.731504 18.533789 1.059820 0.179158 1.155317 1.155317 
39.000000 449 2.000000 9.175851 6.751800 0.727728 -0.171370 0.558956 0.558956 
39.000000 450 2.000000 7.455061 12.727067 -0.886987 -0.264370 0.856638 0.856638 
39.000000 451 2.000000 5.611129 15.422069 -0.810866 -0.678212 1.117476 1.117476 
39.000000 452 2.000000 18.266303 12.719959 0.943995 0.329960 1.000000 1.000000 
39.000000 453 2.000000 8.990176 14.304326 1.123772 0.681158 1.726840 1.726840 
39.000000 454 2.000000 14.644652 1.735169 0.030799 1.196667 1.432961 1.432961 
39.000000 455 2.000000 8.756316 12.630570 -0.208426 0.431077 0.229269 0.229269 
39.000000 456 2.000000 6.611533 11.973247 -0.548208 -0.580550 0.637571 0.637571 
39.000000 457 2.000000 0.419701 10.120463 0.699500 0.755258 1.059715 1.059715 
39.000000 458 2.000000 17.487243 7.419712 -1.183285 0.465001 1.616388 1.616388 
39.000000 459 2.000000 11.524185 16.535209 -0.809185 -0.279312 0.732796 0.732796 
39.000000 460 2.000000 1.442584 9.350259 0.994885 0.394526 1.145447 1.145447 
39.000000 461 2.000000 1.600866 2.777485 -0.690718 0.724137 1.001467 1.001467 
39.000000 462 2.000000 12.441962 11.813085 -1.067837 0.127513 1.156535 1.156535 
39.000000 463 2.000000 4.833941 17.435580 0.048257 -0.407051 0.168019 0.168019 
39.000000 464 2.000000 6.343884 19.367398 1.010642 0.498282 1.269683 1.269683 
39.000000 465 2.000000 2.935706 9.029198 -0.192854 1.262825 1.631919 1.631919 
39.000000 466 2.000000 14.283464 7.324422 0.955269 0.259278 0.979764 0.979764 
39.000000 467 2.000000 5.566219 7.608372 1.040415 -0.264395 1.152367 1.152367 
39.000000 468 2.000000 17.268131 16.054657 -0.447793 -0.928316 1.062289 1.062289 
39.000000 469 2.000000 12.273432 19.000165 -0.440741 -0.869420 0.950145 0.950145 
39.000000 470 2.000000 4.959509 4.441974 -0.316298 -0.948660 1.000000 1.000000 
39.000000 471 2.000000 12.690140 10.121996 -1.173612 0.575423 1.708478 1.708478 
39.000000 472 2.000000 4.238649 19.396081 -0.914257 0.329662 0.944542 0.944542 
39.000000 473 2.000000 11.841757 19.733352 0.994416 0.078427 0.995014 0.995014 
39.000000 474 2.000000 17.272572 16.775256 -0.241491 0.033386 0.059432 0.059432 
39.000000 475 2.000000 1.700416 9.189609 0.493393 0.702465 0.736894 0.736894 
39.000000 476 2.000000 10.497104 13.979354 0.820086 -0.412373 0.842593 0.842593 
39.000000 477 2.000000 4.194362 8.237906 -1.002555 0.376160 1.146612 1.146612 
39.000000 478 2.000000 3.018211 18.917832 0.364086 -1.139123 1.430160 1.430160 
39.000000 479 2.000000 2.754667 0.993784 0.105598 1.104203 1.230416 1.230416 
39.000000 480 2.000000 12.725317 16.491226 -0.815541 0.673111 1.118186 1.118186 
39.000000 481 2.000000 6.479679 9.334509 1.071021 0.125097 1.162736 1.162736 
39.000000 482 2.000000 2.019485 17.989640 0.070151 0.221827 0.054129 0.054129 
39.000000 483 2.000000 11.355901 15.773792 -0.553259 0.878763 1.078319 1.078319 
39.000000 484 2.000000 14.280678 9.230056 -0.299755 -1.029298 1.149306 1.149306 
39.000000 485 2.000000 17.462274 17.556257 -0.850096 0.980386 1.683820 1.683820 
39.000000 486 2.000000 16.012554 19.922764 -0.808906 1.196017 2.084786 2.084786 
39.000000 487 2.000000 4.290133 14.441262 0.335167 -0.942159 1.000000 1.000000 
39.000000 488 2.000000 17.597917 4.716183 0.213778 -0.766638 0.633435 0.633435 
39.000000 489 2.000000 0.166503 8.760403 0.475721 -0.968931 1.165137 1.165137 
39.000000 490 2.000000 0.980869 9.867682 -0.953777 -0.479069 1.139198 1.139198 
39.000000 491 2.000000 0.492097 15.625035 0.447360 -0.564471 0.518758 0.518758 
39.000000 492 2.000000 6.649953 9.773639 0.751407 1.338855 2.357144 2.357144 
39.000000 493 2.000000 6.946486 12.059891 -0.432932 -0.934130 1.060030 1.060030 
39.000000 494 2.000000 5.367778 12.163597 0.023692 -0.119150 0.014758 0.014758 
39.000000 495 2.000000 4.950377 5.686216 -0.791757 0.317666 0.727790 0.727790 
39.000000 496 2.000000 11.630415 3.478894 0.223666 1.122223 1.309412 1.309412 
39.000000 497 2.000000 7.714080 12.707189 0.741738 -0.792697 1.178544 1.178544 
39.000000 498 2.000000 17.751219 8.646267 1.032358 -0.474205 1.290633 1.290633 
39.000000 499 2.000000 12.323037 4.932041 -0.673381 0.801958 1.096578 1.096578 
39.000000 500 2.000000 9.195751 19.935004 0.835977 -0.649950 1.121293 1.121293 
