849.500000 1 2.000000 0.274150 0.848014 -1.036927 -2.315937 6.438780 6.438780 
849.500000 2 2.000000 0.670468 13.593233 6.704671 -2.615007 51.790868 51.790868 
849.500000 3 2.000000 0.704626 11.678824 -0.915625 3.932475 16.302727 16.302727 
849.500000 4 2.000000 0.496555 13.914258 -0.277869 -5.273894 27.891170 27.891170 
849.500000 5 2.000000 0.402918 19.521457 1.151192 -4.785422 24.225506 24.225506 
849.500000 6 2.000000 0.712106 2.496263 4.747369 0.940024 23.421160 23.421160 
849.500000 7 2.000000 0.286701 6.538900 0.064745 0.226175 0.055347 0.055347 
849.500000 8 2.000000 0.188304 8.800796 3.766067 5.333815 42.632851 42.632851 
849.500000 9 2.000000 0.483503 7.041216 -5.164960 -6.318997 66.606531 66.606531 
849.500000 10 2.000000 0.608318 4.383997 0.760396 -1.057704 1.696941 1.696941 
849.500000 11 2.000000 0.376086 3.953576 -0.218797 -1.212222 1.517355 1.517355 
849.500000 12 2.000000 0.313680 1.993252 -2.287730 -4.230627 23.131916 23.131916 
849.500000 13 2.000000 0.020824 15.562983 -3.159850 -4.021509 26.157182 26.157182 
849.500000 14 2.000000 0.000001 16.239128 3.504367 4.968846 36.970019 36.970019 
849.500000 15 2.000000 0.174592 15.703864 1.745909 5.602962 34.441377 34.441377 
849.500000 16 2.000000 0.706015 1.057298 4.706762 -4.329539 40.898510 40.898510 
849.500000 17 2.000000 0.630924 1.300561 -1.476301 0.839071 2.883506 2.883506 
849.500000 18 2.000000 0.309980 8.011998 -3.450094 5.525515 42.434463 42.434463 
849.500000 19 2.000000 0.634381 1.772032 3.171901 1.476693 12.241574 12.241574 
849.500000 20 2.000000 0.959651 14.452759 -0.403475 1.616727 2.776597 2.776597 
849.500000 21 2.000000 0.160401 2.048338 3.207997 4.096674 27.073977 27.073977 
849.500000 22 2.000000 0.000001 15.078344 2.111031 -6.441764 45.952778 45.952778 
849.500000 23 2.000000 0.625470 12.447336 1.531159 -2.659302 9.416335 9.416335 
849.500000 24 2.000000 0.240125 17.230820 4.802476 3.358749 34.344976 34.344976 
849.500000 25 2.000000 0.145147 18.038472 2.902917 -1.333123 10.204141 10.204141 
849.500000 26 2.000000 0.830267 1.959415 2.372189 -2.712756 12.986327 12.986327 
849.500000 27 2.000000 0.312635 4.029814 2.084224 2.199094 9.180005 9.180005 
849.500000 28 2.000000 0.316108 7.081462 -4.559276 10.116372 123.127982 123.127982 
849.500000 29 2.000000 0.100245 14.507672 -3.599015 1.928616 16.672467 16.672467 
849.500000 30 2.000000 0.924114 8.252253 0.671936 -6.465227 42.250658 42.250658 
849.500000 31 2.000000 0.674214 5.526260 4.494755 1.700387 23.094143 23.094143 
849.500000 32 2.000000 0.061896 12.343944 -0.219687 -1.167978 1.412436 1.412436 
849.500000 33 2.000000 0.301106 0.501536 -6.988934 1.028741 49.903502 49.903502 
849.500000 34 2.000000 0.290807 0.614474 -1.091064 4.096489 17.971642 17.971642 
849.500000 35 2.000000 0.959300 13.517226 0.872090 3.427007 12.504921 12.504921 
849.500000 36 2.000000 0.599883 6.262326 3.999213 2.200557 20.836161 20.836161 
849.500000 37 2.000000 0.288338 0.396218 -4.744405 -0.485550 22.745140 22.745140 
849.500000 38 2.000000 0.838251 14.331139 3.353001 2.038641 15.398672 15.398672 
849.500000 39 2.000000 0.999999 15.198990 -1.344994 -4.671133 23.628494 23.628494 
849.500000 40 2.000000 0.453986 15.117870 4.539852 -2.640112 27.580450 27.580450 
849.500000 41 2.000000 0.189684 5.328593 -2.701051 -3.779517 21.580427 21.580427 
849.500000 42 2.000000 0.999999 10.329257 -1.740435 -4.568569 23.900938 23.900938 
849.500000 43 2.000000 0.111394 10.625365 0.742621 3.427448 12.298884 12.298884 
849.500000 44 2.000000 0.409171 5.978977 1.022925 -1.340956 2.844538 2.844538 
849.500000 45 2.000000 0.823097 5.393000 -3.538039 -3.826716 27.161473 27.161473 
849.500000 46 2.000000 0.999999 6.026922 -7.477888 2.991189 64.866028 64.866028 
849.500000 47 2.000000 0.740168 8.478603 -5.196610 0.339871 27.120270 27.120270 
849.500000 48 2.000000 0.005901 14.645595 -0.166289 -1.993672 4.002381 4.002381 
849.500000 49 2.000000 0.506477 17.750661 2.532379 -2.859978 14.592418 14.592418 
849.500000 50 2.000000 0.745041 18.015126 -0.463560 -1.725976 3.193882 3.193882 
849.500000 51 2.000000 0.335102 4.599865 0.558501 0.727726 0.841508 0.841508 
849.500000 52 2.000000 0.098037 8.018420 -1.617892 -0.770268 3.210888 3.210888 
849.500000 53 2.000000 0.611694 7.457646 -7.766107 6.484909 102.366457 102.366457 
849.500000 54 2.000000 0.999999 18.715589 -6.582518 -0.658333 43.762949 43.762949 
849.500000 55 2.000000 0.174869 16.666564 3.497369 -2.104008 16.658441 16.658441 
849.500000 56 2.000000 0.000001 12.952464 1.821167 -0.749455 3.878331 3.878331 
849.500000 57 2.000000 0.662117 13.935937 -0.103384 -2.623172 6.891718 6.891718 
849.500000 58 2.000000 0.459901 10.451334 -1.902153 -3.217970 13.973517 13.973517 
849.500000 59 2.000000 0.999999 9.465970 -6.207008 0.815035 39.191234 39.191234 
849.500000 60 2.000000 0.488819 1.102197 0.543131 -0.764267 0.879095 0.879095 
849.500000 61 2.000000 0.023635 5.000879 -3.905454 -1.574791 17.732540 17.732540 
849.500000 62 2.000000 0.170058 18.189749 -4.149707 3.112538 26.907963 26.907963 
849.500000 63 2.000000 0.557586 18.108959 0.655983 -3.438255 12.251911 12.251911 
849.500000 64 2.000000 0.274390 7.501588 2.743887 1.439962 9.602406 9.602406 
849.500000 65 2.000000 0.128880 12.862087 2.577570 1.163514 7.997634 7.997634 
849.500000 66 2.000000 0.361851 10.812879 2.412335 7.656832 64.446433 64.446433 
849.500000 67 2.000000 0.940672 18.654064 -0.707959 1.206005 1.955655 1.955655 
849.500000 68 2.000000 0.636322 13.316275 4.016221 0.178801 16.161998 16.161998 
849.500000 69 2.000000 0.688859 6.284898 -0.700679 2.333264 5.935071 5.935071 
849.500000 70 2.000000 0.704424 16.211487 4.696155 1.191053 23.472476 23.472476 
849.500000 71 2.000000 0.495039 1.735905 -3.366399 -6.776040 57.247364 57.247364 
849.500000 72 2.000000 0.214683 9.907239 -1.886191 -3.370500 14.917983 14.917983 
849.500000 73 2.000000 0.000001 14.317611 3.509350 -4.239884 30.292156 30.292156 
849.500000 74 2.000000 0.913798 12.018264 3.655190 -3.547438 25.944725 25.944725 
849.500000 75 2.000000 0.722917 6.558463 7.229157 3.291651 63.095673 63.095673 
849.500000 76 2.000000 0.000001 3.803009 5.262859 0.225260 27.748426 27.748426 
849.500000 77 2.000000 0.914020 10.824560 1.828039 -1.641164 6.035145 6.035145 
849.500000 78 2.000000 0.464311 7.623220 1.857238 -6.037453 39.900174 39.900174 
849.500000 79 2.000000 0.081549 16.132301 -2.041000 1.799435 7.403647 7.403647 
849.500000 80 2.000000 0.999999 18.637943 -2.971521 0.773002 9.427467 9.427467 
849.500000 81 2.000000 0.217962 9.903588 3.104140 3.636108 22.856966 22.856966 
849.500000 82 2.000000 0.738320 3.190752 -5.233578 -2.212004 32.283303 32.283303 
849.500000 83 2.000000 0.446323 17.135789 -6.857715 -1.997777 51.019371 51.019371 
849.500000 84 2.000000 0.030039 11.088990 -3.233199 -3.476300 22.538233 22.538233 
849.500000 85 2.000000 0.483600 0.543566 3.223991 0.332434 10.504627 10.504627 
849.500000 86 2.000000 0.000001 3.816941 1.743260 -5.640414 34.853223 34.853223 
849.500000 87 2.000000 0.999999 7.360048 -4.008056 6.497415 58.280921 58.280921 
849.500000 88 2.000000 0.434413 6.736337 -2.262346 -0.695235 5.601560 5.601560 
849.500000 89 2.000000 0.288436 16.234449 2.411280 1.830082 9.163472 9.163472 
849.500000 90 2.000000 0.682227 12.868418 4.548175 -1.588066 23.207853 23.207853 
849.500000 91 2.000000 0.371090 6.765206 -6.289093 2.803035 47.409698 47.409698 
849.500000 92 2.000000 0.035371 10.324768 -0.119899 0.132248 0.031866 0.031866 
849.500000 93 2.000000 0.881659 10.632749 -2.366799 0.865579 6.350967 6.350967 
849.500000 94 2.000000 0.186829 8.540540 -8.131701 3.554644 78.760050 78.760050 
849.500000 95 2.000000 0.159138 14.967418 -0.189293 -3.246827 10.577716 10.577716 
849.500000 96 2.000000 0.551166 16.358143 -1.496111 0.337320 2.352133 2.352133 
849.500000 97 2.000000 0.802676 19.040427 -1.973232 3.804307 18.366395 18.366395 
849.500000 98 2.000000 0.215973 12.834262 1.439815 2.730694 9.529755 9.529755 
849.500000 99 2.000000 0.519607 2.533037 -2.401960 0.147690 5.791225 5.791225 
849.500000 100 2.000000 0.304833 17.593550 3.048321 2.336024 14.749273 14.749273 
849.500000 101 2.000000 0.419361 13.728338 -2.903188 -1.865934 11.910213 11.910213 
849.500000 102 2.000000 0.570005 4.995117 1.425009 -0.799907 2.670502 2.670502 
849.500000 103 2.000000 0.000001 3.891411 3.932924 2.049102 19.666712 19.666712 
849.500000 104 2.000000 0.999999 15.249243 -4.731035 1.620450 25.008551 25.008551 
849.500000 105 2.000000 0.340223 3.747881 -4.398505 1.703582 22.249037 22.249037 
849.500000 106 2.000000 0.263802 1.822692 -4.907979 4.050425 40.494202 40.494202 
849.500000 107 2.000000 0.512813 13.394305 3.418747 4.095416 28.460266 28.460266 
849.500000 108 2.000000 0.373964 0.899731 0.101819 0.049254 0.012793 0.012793 
849.500000 109 2.000000 0.958747 2.349417 3.195821 -4.429967 29.837880 29.837880 
849.500000 110 2.000000 0.287780 3.872648 -2.034911 -2.274736 9.315283 9.315283 
849.500000 111 2.000000 0.360822 1.999614 -3.195887 0.545414 10.511171 10.511171 
849.500000 112 2.000000 0.364449 1.682058 -1.588874 -0.471222 2.746572 2.746572 
849.500000 113 2.000000 0.737759 14.978747 -1.048960 1.999858 5.099747 5.099747 
849.500000 114 2.000000 0.763467 2.489496 1.696591 -4.982090 27.699645 27.699645 
849.500000 115 2.000000 0.769443 13.860280 -0.658733 1.220499 1.923548 1.923548 
849.500000 116 2.000000 0.416291 17.323881 -3.891387 -0.910245 15.971443 15.971443 
849.500000 117 2.000000 0.046119 7.909358 -1.734327 5.133188 29.357508 29.357508 
849.500000 118 2.000000 0.118079 4.685275 1.180776 2.677299 8.562164 8.562164 
849.500000 119 2.000000 0.910018 1.960071 -0.899813 -3.236430 11.284143 11.284143 
849.500000 120 2.000000 0.507366 8.450022 0.375826 -0.061608 0.145041 0.145041 
849.500000 121 2.000000 0.396115 10.311808 -0.221997 8.620778 74.367094 74.367094 
849.500000 122 2.000000 0.999999 7.143965 -2.912711 5.945560 43.833568 43.833568 
849.500000 123 2.000000 0.448972 1.457620 -5.510272 -1.706997 33.276935 33.276935 
849.500000 124 2.000000 0.085486 19.248433 1.709691 0.410199 3.091305 3.091305 
849.500000 125 2.000000 0.740804 15.017417 0.284931 1.681520 2.908695 2.908695 
849.500000 126 2.000000 0.171690 17.726671 -1.380515 5.402123 31.088756 31.088756 
849.500000 127 2.000000 0.818009 14.658000 -3.639796 -4.428037 32.855627 32.855627 
849.500000 128 2.000000 0.750179 7.202496 3.750888 -1.589709 16.596333 16.596333 
849.500000 129 2.000000 0.696021 1.623679 1.392040 -1.657047 4.683582 4.683582 
849.500000 130 2.000000 0.690244 4.467536 -2.191620 3.517209 17.173960 17.173960 
849.500000 131 2.000000 0.000001 11.265279 8.133843 -0.439190 66.352297 66.352297 
849.500000 132 2.000000 0.000001 3.379186 0.773543 1.165236 1.956144 1.956144 
849.500000 133 2.000000 0.433779 10.787670 -3.774803 -0.875416 15.015487 15.015487 
849.500000 134 2.000000 0.000001 2.861545 6.113696 -1.275572 39.004362 39.004362 
849.500000 135 2.000000 0.214399 6.094949 -0.628480 5.079123 26.192479 26.192479 
849.500000 136 2.000000 0.023092 3.071646 -0.156529 2.792405 7.822026 7.822026 
849.500000 137 2.000000 0.352271 1.797335 0.716154 -2.246708 5.560573 5.560573 
849.500000 138 2.000000 0.999999 17.450061 -2.599490 6.758900 52.440085 52.440085 
849.500000 139 2.000000 0.999999 12.565192 -3.735090 -9.293509 100.320202 100.320202 
849.500000 140 2.000000 0.153615 7.856776 3.072284 -0.710062 9.943119 9.943119 
849.500000 141 2.000000 0.000001 5.745524 3.194546 2.645983 17.206351 17.206351 
849.500000 142 2.000000 0.877084 14.576244 5.847221 2.052693 38.403539 38.403539 
849.500000 143 2.000000 0.562516 16.769001 -0.282247 0.124179 0.095084 0.095084 
849.500000 144 2.000000 0.999999 15.338960 -3.006247 7.477810 64.955164 64.955164 
849.500000 145 2.000000 0.371833 17.507534 -4.187773 -1.215896 19.015845 19.015845 
849.500000 146 2.000000 0.080473 3.212115 0.536483 -0.675511 0.744129 0.744129 
849.500000 147 2.000000 0.322717 3.591308 0.806790 -4.049501 17.049367 17.049367 
849.500000 148 2.000000 0.680274 18.920958 3.401366 0.153020 11.592708 11.592708 
849.500000 149 2.000000 0.867726 19.727626 -2.645450 0.412150 7.168273 7.168273 
849.500000 150 2.000000 0.502900 3.784542 2.514496 -2.450864 12.329421 12.329421 
849.500000 151 2.000000 0.334879 16.030423 -2.217068 2.350948 10.442349 10.442349 
849.500000 152 2.000000 0.475948 10.679457 0.040032 -1.455177 2.119144 2.119144 
849.500000 153 2.000000 0.180570 15.815216 0.328307 -9.299518 86.588822 86.588822 
849.500000 154 2.000000 0.641474 6.175113 4.276487 1.957875 22.121611 22.121611 
849.500000 155 2.000000 0.199403 12.872542 -1.779103 -3.474512 15.237437 15.237437 
849.500000 156 2.000000 0.000001 10.992159 4.067885 1.912923 20.206958 20.206958 
849.500000 157 2.000000 0.398800 11.096053 -0.353646 -2.203411 4.980084 4.980084 
849.500000 158 2.000000 0.027205 15.409574 -4.863970 1.425079 25.689056 25.689056 
849.500000 159 2.000000 0.489182 13.488155 -1.277043 1.449927 3.733128 3.733128 
849.500000 160 2.000000 0.672006 10.627952 -0.227811 -1.905209 3.681720 3.681720 
849.500000 161 2.000000 0.999999 8.353493 -3.577639 -3.768824 27.003533 27.003533 
849.500000 162 2.000000 0.311473 13.135213 6.229444 0.415748 38.978819 38.978819 
849.500000 163 2.000000 0.397470 19.175609 7.949390 3.969113 78.946654 78.946654 
849.500000 164 2.000000 0.251862 18.889099 -2.200355 -2.241135 9.864248 9.864248 
849.500000 165 2.000000 0.516229 2.379554 -4.837702 6.798722 69.625976 69.625976 
849.500000 166 2.000000 0.449686 17.155196 -1.430614 4.913389 26.188046 26.188046 
849.500000 167 2.000000 0.000001 6.890406 6.886077 4.878417 71.217014 71.217014 
849.500000 168 2.000000 0.408760 4.016271 -5.912392 -7.982000 98.668702 98.668702 
849.500000 169 2.000000 0.999999 19.235217 -7.448719 -1.093025 56.678118 56.678118 
849.500000 170 2.000000 0.999999 5.164196 -2.580679 0.847809 7.378685 7.378685 
849.500000 171 2.000000 0.000001 13.383198 7.222788 -0.046379 52.170811 52.170811 
849.500000 172 2.000000 0.999999 14.785061 -3.718283 -0.304679 13.918458 13.918458 
849.500000 173 2.000000 0.025318 15.551052 1.063350 -4.119433 18.100438 18.100438 
849.500000 174 2.000000 0.113186 19.002810 0.251523 4.872515 23.804667 23.804667 
849.500000 175 2.000000 0.434629 10.919632 1.738511 2.992632 11.978268 11.978268 
849.500000 176 2.000000 0.452820 15.704649 -3.647858 4.026833 29.522254 29.522254 
849.500000 177 2.000000 0.196974 16.768246 -0.533055 -3.077860 9.757373 9.757373 
849.500000 178 2.000000 0.412191 14.002655 -2.351230 -4.997787 30.506158 30.506158 
849.500000 179 2.000000 0.365842 19.060200 -1.566640 -1.763922 5.565781 5.565781 
849.500000 180 2.000000 0.000001 3.974158 3.144415 4.031010 26.136388 26.136388 
849.500000 181 2.000000 0.674347 5.260290 1.226083 0.387651 1.653554 1.653554 
849.500000 182 2.000000 0.943636 2.761989 -0.187877 -5.672050 32.207453 32.207453 
849.500000 183 2.000000 0.074054 3.589822 -0.139240 0.613645 0.395947 0.395947 
849.500000 184 2.000000 0.679896 15.796269 0.210879 -4.188863 17.591047 17.591047 
849.500000 185 2.000000 0.889609 11.325611 2.537685 2.133597 10.992084 10.992084 
849.500000 186 2.000000 0.055786 13.378594 -1.868231 0.687783 3.963332 3.963332 
849.500000 187 2.000000 0.999999 10.141364 -6.289536 -0.328744 39.666334 39.666334 
849.500000 188 2.000000 0.477788 0.576711 1.061748 1.048564 2.226796 2.226796 
849.500000 189 2.000000 0.571334 13.590149 1.632380 -7.389466 57.268866 57.268866 
849.500000 190 2.000000 0.101117 5.115069 -1.797765 0.598745 3.590455 3.590455 
849.500000 191 2.000000 0.889081 4.772153 -2.218351 4.772152 27.694514 27.694514 
849.500000 192 2.000000 0.715774 13.112460 2.863094 3.811867 22.727636 22.727636 
849.500000 193 2.000000 0.999999 8.801768 -4.397453 1.767366 22.461172 22.461172 
849.500000 194 2.000000 0.346478 17.038373 1.154924 -0.460951 1.546325 1.546325 
849.500000 195 2.000000 0.900265 16.580451 2.000586 4.205185 21.685929 21.685929 
849.500000 196 2.000000 0.123165 19.889141 -1.847902 4.083985 20.093678 20.093678 
849.500000 197 2.000000 0.000001 11.758771 0.400546 4.099650 16.967566 16.967566 
849.500000 198 2.000000 0.958017 14.174189 0.324751 -0.957406 1.022090 1.022090 
849.500000 199 2.000000 0.503037 3.464075 -0.552180 3.646394 13.601092 13.601092 
849.500000 200 2.000000 0.000001 15.285660 3.463652 -2.162317 16.672501 16.672501 
849.500000 201 2.000000 0.999999 18.743595 -2.833604 5.371157 36.878645 36.878645 
849.500000 202 2.000000 0.999999 9.558730 -4.458949 9.103552 102.756877 102.756877 
849.500000 203 2.000000 0.302031 10.923176 -0.505209 1.360797 2.107004 2.107004 
849.500000 204 2.000000 0.199607 0.673648 1.996062 0.407044 4.149950 4.149950 
849.500000 205 2.000000 0.780255 0.501228 3.200795 -1.349525 12.066307 12.066307 
849.500000 206 2.000000 0.999938 6.561057 1.999875 -4.863083 27.649072 27.649072 
849.500000 207 2.000000 0.339165 10.807318 0.678328 3.597039 13.398818 13.398818 
849.500000 208 2.000000 0.451121 15.387398 -0.104875 -3.754863 14.109996 14.109996 
849.500000 209 2.000000 0.237178 15.747816 2.371770 -0.316261 5.725313 5.725313 
849.500000 210 2.000000 0.834592 6.187429 1.112788 -10.231533 105.922568 105.922568 
849.500000 211 2.000000 0.243422 0.664139 2.434208 -5.537283 36.586868 36.586868 
849.500000 212 2.000000 0.149279 17.343857 2.985552 1.354798 10.748998 10.748998 
849.500000 213 2.000000 0.348215 17.529072 -1.448410 1.660633 4.855592 4.855592 
849.500000 214 2.000000 0.510426 6.861741 -3.263820 -4.104705 27.501130 27.501130 
849.500000 215 2.000000 0.927311 9.177076 -0.726882 -6.184527 38.776737 38.776737 
849.500000 216 2.000000 0.999999 12.252040 -3.230973 4.942633 34.868802 34.868802 
849.500000 217 2.000000 0.147320 9.502921 -4.263395 -4.357978 37.168507 37.168507 
849.500000 218 2.000000 0.000001 6.191088 4.335242 0.357154 18.921881 18.921881 
849.500000 219 2.000000 0.484060 14.710515 0.306390 2.261209 5.206943 5.206943 
849.500000 220 2.000000 0.670024 17.792287 0.744521 1.931308 4.284262 4.284262 
849.500000 221 2.000000 0.889625 14.163374 2.625402 4.268349 25.111538 25.111538 
849.500000 222 2.000000 0.999999 14.803117 -2.041913 6.305316 43.926418 43.926418 
849.500000 223 2.000000 0.000001 19.728489 6.550520 0.654297 43.337420 43.337420 
849.500000 224 2.000000 0.145127 19.305937 -1.315251 8.992259 82.590607 82.590607 
849.500000 225 2.000000 0.613687 8.370444 2.454743 1.284260 7.675088 7.675088 
849.500000 226 2.000000 0.573511 4.624337 -2.843253 0.170181 8.113048 8.113048 
849.500000 227 2.000000 0.570510 12.578522 -0.555071 -3.438507 12.131435 12.131435 
849.500000 228 2.000000 0.416053 17.697950 -2.919729 1.575723 11.007722 11.007722 
849.500000 229 2.000000 0.421614 9.835449 -0.167221 1.150242 1.351018 1.351018 
849.500000 230 2.000000 0.508053 8.552483 -1.405561 5.898264 36.765114 36.765114 
849.500000 231 2.000000 0.537998 7.588008 -1.320003 -0.809144 2.397121 2.397121 
849.500000 232 2.000000 0.766426 3.914107 2.189787 -1.494986 7.030148 7.030148 
849.500000 233 2.000000 0.460850 0.810158 -5.391488 3.986609 44.961195 44.961195 
849.500000 234 2.000000 0.000001 3.442284 7.424355 2.498341 61.362751 61.362751 
849.500000 235 2.000000 0.115943 5.048400 2.318845 4.389912 24.648369 24.648369 
849.500000 236 2.000000 0.566395 0.888106 1.029808 -11.944933 143.741931 143.741931 
849.500000 237 2.000000 0.000001 2.280345 5.578240 -3.653537 44.465094 44.465094 
849.500000 238 2.000000 0.690975 7.031880 6.909739 4.531398 68.278057 68.278057 
849.500000 239 2.000000 0.232674 16.404830 1.020440 5.464391 30.900867 30.900867 
849.500000 240 2.000000 0.000001 17.216309 5.085538 7.823193 87.065049 87.065049 
849.500000 241 2.000000 0.383607 14.535501 -0.816634 -1.645460 3.374429 3.374429 
849.500000 242 2.000000 0.528987 13.587742 -1.884050 -8.015321 67.795013 67.795013 
849.500000 243 2.000000 0.238841 14.238547 -0.895479 -2.504979 7.076803 7.076803 
849.500000 244 2.000000 0.104506 14.585642 -2.558550 -1.168359 7.911243 7.911243 
849.500000 245 2.000000 0.365404 11.400282 -1.269190 0.387418 1.760935 1.760935 
849.500000 246 2.000000 0.775194 17.373292 -0.374675 -3.090243 9.689984 9.689984 
849.500000 247 2.000000 0.715050 0.796356 -0.814140 -1.248575 2.221763 2.221763 
849.500000 248 2.000000 0.999999 2.098373 -5.613944 -3.442776 43.369069 43.369069 
849.500000 249 2.000000 0.808578 16.792674 2.021443 0.787127 4.705801 4.705801 
849.500000 250 2.000000 0.753173 9.747785 -4.936520 1.034936 25.440321 25.440321 
849.500000 251 2.000000 0.330459 6.240857 0.220305 0.389514 0.200255 0.200255 
849.500000 252 2.000000 0.449718 17.371953 2.998113 -4.043147 25.335720 25.335720 
849.500000 253 2.000000 0.244435 10.638124 1.188340 -5.529097 31.983061 31.983061 
849.500000 254 2.000000 0.000001 0.178542 4.493594 0.510116 20.452604 20.452604 
849.500000 255 2.000000 0.999999 18.113247 -7.704569 -1.722363 62.326912 62.326912 
849.500000 256 2.000000 0.321450 16.501803 1.071498 -6.364196 41.651103 41.651103 
849.500000 257 2.000000 0.821312 3.266594 -0.185594 0.822157 0.710387 0.710387 
849.500000 258 2.000000 0.582581 11.852249 -1.043546 4.647940 22.692336 22.692336 
849.500000 259 2.000000 0.764804 17.910549 -4.703902 2.615299 28.966481 28.966481 
849.500000 260 2.000000 0.362277 1.956766 -0.708580 3.557755 13.159704 13.159704 
849.500000 261 2.000000 0.455423 9.705899 0.161035 1.543842 2.409379 2.409379 
849.500000 262 2.000000 0.817968 8.780583 -1.820313 3.087143 12.843992 12.843992 
849.500000 263 2.000000 0.066859 16.555655 -4.665698 0.054690 21.771728 21.771728 
849.500000 264 2.000000 0.999999 18.552865 -8.818873 0.489236 78.011877 78.011877 
849.500000 265 2.000000 0.362946 13.435742 1.814723 -4.235004 21.228482 21.228482 
849.500000 266 2.000000 0.628961 15.965054 0.663585 4.529466 20.956410 20.956410 
849.500000 267 2.000000 0.807538 5.502366 -3.849213 0.235407 14.871856 14.871856 
849.500000 268 2.000000 0.694708 18.828725 -3.052906 -5.856371 43.617308 43.617308 
849.500000 269 2.000000 0.313382 4.776795 1.566905 3.294341 13.307873 13.307873 
849.500000 270 2.000000 0.412927 9.083120 4.129265 -4.076634 33.669775 33.669775 
849.500000 271 2.000000 0.348400 19.063207 2.464987 1.337508 7.865090 7.865090 
849.500000 272 2.000000 0.016962 16.628783 -1.787340 -1.290088 4.858913 4.858913 
849.500000 273 2.000000 0.247694 12.462756 4.953868 1.684313 27.377719 27.377719 
849.500000 274 2.000000 0.517260 8.683187 5.172589 -1.569371 29.218603 29.218603 
849.500000 275 2.000000 0.997507 7.197781 0.056001 -5.020478 25.208334 25.208334 
849.500000 276 2.000000 0.243785 18.890657 -2.097792 -2.199347 9.237862 9.237862 
849.500000 277 2.000000 0.667798 11.939156 0.011341 3.088892 9.541384 9.541384 
849.500000 278 2.000000 0.812703 12.135973 3.250809 1.529766 12.907941 12.907941 
849.500000 279 2.000000 0.355742 15.087601 2.371606 2.043133 9.798904 9.798904 
849.500000 280 2.000000 0.693876 11.511394 -6.122458 2.632202 44.412976 44.412976 
849.500000 281 2.000000 0.062191 4.935668 -1.705106 1.618638 5.527376 5.527376 
849.500000 282 2.000000 0.478414 14.200998 3.189420 -1.774050 13.319653 13.319653 
849.500000 283 2.000000 0.676583 12.560748 3.382908 -3.168368 21.482624 21.482624 
849.500000 284 2.000000 0.053959 14.546596 -0.073685 5.321492 28.323708 28.323708 
849.500000 285 2.000000 0.999999 3.918868 -6.061573 -1.956025 40.568697 40.568697 
849.500000 286 2.000000 0.527528 7.891709 1.091277 0.694723 1.673526 1.673526 
849.500000 287 2.000000 0.327317 5.778176 0.006151 -0.698019 0.487268 0.487268 
849.500000 288 2.000000 0.758857 16.470295 5.059038 -2.518765 31.938041 31.938041 
849.500000 289 2.000000 0.427717 19.467237 0.777665 3.071494 10.038837 10.038837 
849.500000 290 2.000000 0.178516 4.787559 3.570310 3.419685 24.441354 24.441354 
849.500000 291 2.000000 0.051793 10.023097 -6.321371 -2.494079 46.180155 46.180155 
849.500000 292 2.000000 0.282932 6.989420 5.658619 6.346560 72.298789 72.298789 
849.500000 293 2.000000 0.000001 10.853469 7.964865 0.201091 63.479512 63.479512 
849.500000 294 2.000000 0.000001 4.221594 2.286153 -4.973187 29.959081 29.959081 
849.500000 295 2.000000 0.362713 4.375583 -2.549143 -3.292608 17.339399 17.339399 
849.500000 296 2.000000 0.139778 15.674267 1.397771 0.174117 1.984082 1.984082 
849.500000 297 2.000000 0.514425 4.470321 -9.711486 -3.899392 109.518219 109.518219 
849.500000 298 2.000000 0.137950 8.348709 1.379488 2.215432 6.811125 6.811125 
849.500000 299 2.000000 0.170576 2.837734 -5.529488 0.288679 30.658573 30.658573 
849.500000 300 2.000000 0.594299 13.626946 3.961984 4.682754 37.625503 37.625503 
849.500000 301 2.000000 0.327102 1.266238 6.542022 0.613494 43.174427 43.174427 
849.500000 302 2.000000 0.404721 0.202703 0.809441 -1.262443 2.248958 2.248958 
849.500000 303 2.000000 0.255922 15.782568 2.559215 -0.526626 6.826916 6.826916 
849.500000 304 2.000000 0.683268 16.056205 0.854084 5.134850 27.096147 27.096147 
849.500000 305 2.000000 0.482356 17.053141 -5.176426 -1.480941 28.988574 28.988574 
849.500000 306 2.000000 0.863939 11.973129 4.319688 -5.351247 47.295542 47.295542 
849.500000 307 2.000000 0.260419 16.815604 2.604180 0.379022 6.925413 6.925413 
849.500000 308 2.000000 0.204995 3.810106 0.315376 0.208454 0.142915 0.142915 
849.500000 309 2.000000 0.702974 13.792058 -5.940506 3.477653 47.383688 47.383688 
849.500000 310 2.000000 0.493284 16.300873 3.288554 4.827041 34.114912 34.114912 
849.500000 311 2.000000 0.382826 7.407188 7.656497 -0.793991 59.252366 59.252366 
849.500000 312 2.000000 0.552954 12.577796 -2.946826 -1.514928 10.978791 10.978791 
849.500000 313 2.000000 0.317395 17.491822 2.115958 -3.414316 16.134834 16.134834 
849.500000 314 2.000000 0.217936 11.132876 2.179351 0.638105 5.156750 5.156750 
849.500000 315 2.000000 0.708363 17.232678 3.541810 2.141184 17.129086 17.129086 
849.500000 316 2.000000 0.716073 11.695210 7.842065 -0.734607 62.037626 62.037626 
849.500000 317 2.000000 0.063011 0.000001 1.260194 3.989873 17.507178 17.507178 
849.500000 318 2.000000 0.832019 10.031949 5.546788 3.697452 44.438008 44.438008 
849.500000 319 2.000000 0.999999 5.840988 -7.727800 2.039748 63.879466 63.879466 
849.500000 320 2.000000 0.085075 6.615897 1.701480 -3.318868 13.909919 13.909919 
849.500000 321 2.000000 0.699928 5.679833 2.333091 2.839916 13.508435 13.508435 
849.500000 322 2.000000 0.660623 1.933967 -6.787525 -4.804655 69.155200 69.155200 
849.500000 323 2.000000 0.091733 17.825747 1.834632 9.661688 96.714097 96.714097 
849.500000 324 2.000000 0.916943 10.544402 -0.069213 -4.910586 24.118643 24.118643 
849.500000 325 2.000000 0.394636 15.415410 -2.017877 -0.489086 4.311031 4.311031 
849.500000 326 2.000000 0.817975 17.651082 3.271897 -3.088331 20.243098 20.243098 
849.500000 327 2.000000 0.000001 15.541935 4.828456 5.545160 54.062786 54.062786 
849.500000 328 2.000000 0.807591 2.894522 -1.282720 0.313994 1.743962 1.743962 
849.500000 329 2.000000 0.098765 19.639327 1.975282 0.897902 4.707967 4.707967 
849.500000 330 2.000000 0.286843 9.983527 -0.103638 1.184287 1.413276 1.413276 
849.500000 331 2.000000 0.174500 3.623682 -4.127493 -2.043592 21.212470 21.212470 
849.500000 332 2.000000 0.083908 11.747072 -2.035758 -4.241270 22.132678 22.132678 
849.500000 333 2.000000 0.319519 4.804389 -6.804802 2.463788 52.375587 52.375587 
849.500000 334 2.000000 0.732299 11.910983 -0.032567 3.515571 12.360299 12.360299 
849.500000 335 2.000000 0.195489 14.350676 -8.045104 4.112122 81.633247 81.633247 
849.500000 336 2.000000 0.790811 14.778403 5.272069 0.352386 27.918882 27.918882 
849.500000 337 2.000000 0.712344 5.445835 -1.917700 -1.345709 5.488509 5.488509 
849.500000 338 2.000000 0.864483 7.900664 5.763211 6.273172 72.567292 72.567292 
849.500000 339 2.000000 0.118167 14.943150 -3.527329 -5.204782 39.531798 39.531798 
849.500000 340 2.000000 0.946675 15.713026 2.704782 -3.297672 18.190483 18.190483 
849.500000 341 2.000000 0.068310 12.340925 -2.508506 -4.893175 30.235766 30.235766 
849.500000 342 2.000000 0.604187 4.511521 4.027909 -0.623046 16.612238 16.612238 
849.500000 343 2.000000 0.242783 8.558897 2.427816 5.636474 37.664126 37.664126 
849.500000 344 2.000000 0.574056 14.645377 1.913516 4.307464 22.215787 22.215787 
849.500000 345 2.000000 0.534823 13.627362 -9.303513 0.408280 86.722055 86.722055 
849.500000 346 2.000000 0.365483 10.084498 -0.326827 1.028145 1.163898 1.163898 
849.500000 347 2.000000 0.000001 15.949965 2.308851 -3.000025 14.330946 14.330946 
849.500000 348 2.000000 0.201275 10.792287 4.025473 -4.040686 32.531573 32.531573 
849.500000 349 2.000000 0.633697 5.414451 -0.814005 9.024084 82.096693 82.096693 
849.500000 350 2.000000 0.760467 2.913763 -4.790635 -0.904776 23.768805 23.768805 
849.500000 351 2.000000 0.520802 4.405958 -1.597324 -1.544716 4.937594 4.937594 
849.500000 352 2.000000 0.000001 4.015168 6.838962 -0.772680 47.368435 47.368435 
849.500000 353 2.000000 0.675423 6.222358 1.929777 -4.208985 21.439594 21.439594 
849.500000 354 2.000000 0.737895 16.804795 4.919291 -3.511935 36.533115 36.533115 
849.500000 355 2.000000 0.444308 10.940698 -5.556910 3.236661 41.355228 41.355228 
849.500000 356 2.000000 0.922418 16.187826 -0.775805 -2.881570 8.905318 8.905318 
849.500000 357 2.000000 0.614931 0.541564 -2.567121 2.707815 13.922371 13.922371 
849.500000 358 2.000000 0.347121 18.333985 1.157065 2.359583 6.906431 6.906431 
849.500000 359 2.000000 0.559931 6.743812 5.599295 -1.139385 32.650302 32.650302 
849.500000 360 2.000000 0.210801 11.038252 -0.509160 -2.919704 8.783913 8.783913 
849.500000 361 2.000000 0.814580 4.523314 -3.708384 0.612816 14.127657 14.127657 
849.500000 362 2.000000 0.864417 1.989449 -2.711646 4.420997 26.898235 26.898235 
849.500000 363 2.000000 0.208574 11.468043 2.085732 3.583763 17.193635 17.193635 
849.500000 364 2.000000 0.999999 16.315322 -3.774388 -3.079376 23.728566 23.728566 
849.500000 365 2.000000 0.548377 7.953320 -3.010815 4.970824 33.774099 33.774099 
849.500000 366 2.000000 0.313069 5.696257 1.565342 -0.341733 2.567076 2.567076 
849.500000 367 2.000000 0.622558 14.245787 0.498046 0.300888 0.338583 0.338583 
849.500000 368 2.000000 0.717282 19.999999 4.781870 -4.776362 45.679919 45.679919 
849.500000 369 2.000000 0.029769 6.601632 0.031334 -4.876914 23.785270 23.785270 
849.500000 370 2.000000 0.566541 6.900771 0.596358 -3.910217 15.645443 15.645443 
849.500000 371 2.000000 0.692950 4.459806 -0.543718 -0.725895 0.822553 0.822553 
849.500000 372 2.000000 0.000001 16.706201 3.635503 0.294228 13.303455 13.303455 
849.500000 373 2.000000 0.319991 16.406311 -1.700019 0.474607 3.115316 3.115316 
849.500000 374 2.000000 0.534094 3.211475 -4.659052 2.663398 28.800454 28.800454 
849.500000 375 2.000000 0.122029 3.909243 0.813520 -4.193625 18.248308 18.248308 
849.500000 376 2.000000 0.433334 19.360641 -0.831009 -0.931841 1.558905 1.558905 
849.500000 377 2.000000 0.435824 12.528452 -0.250745 -0.939265 0.945091 0.945091 
849.500000 378 2.000000 0.300477 5.187409 0.353501 2.208744 5.003511 5.003511 
849.500000 379 2.000000 0.432492 4.535631 -1.891690 -5.570911 34.613536 34.613536 
849.500000 380 2.000000 0.999999 13.840203 -1.810963 -0.375705 3.420742 3.420742 
849.500000 381 2.000000 0.782148 17.432169 -4.357011 -1.255717 20.560365 20.560365 
849.500000 382 2.000000 0.973753 1.986555 6.491682 0.251866 42.205377 42.205377 
849.500000 383 2.000000 0.911545 18.092590 1.010797 -2.119343 5.513325 5.513325 
849.500000 384 2.000000 0.552899 10.529357 -4.470997 3.574031 32.763510 32.763510 
849.500000 385 2.000000 0.826058 14.687098 -0.086196 1.138939 1.304613 1.304613 
849.500000 386 2.000000 0.956429 12.526426 6.376189 -1.242609 42.199869 42.199869 
849.500000 387 2.000000 0.952798 5.426165 4.763986 -3.839366 37.436297 37.436297 
849.500000 388 2.000000 0.094266 14.018812 1.885304 -8.533342 76.372303 76.372303 
849.500000 389 2.000000 0.257425 0.000001 1.716162 2.270400 8.099927 8.099927 
849.500000 390 2.000000 0.933149 13.097100 0.691221 3.081670 9.974479 9.974479 
849.500000 391 2.000000 0.999999 6.959337 -4.215943 -2.830130 25.783812 25.783812 
849.500000 392 2.000000 0.049072 17.748197 -2.716934 0.030040 7.382635 7.382635 
849.500000 393 2.000000 0.008381 11.753719 3.908686 -5.328765 43.673559 43.673559 
849.500000 394 2.000000 0.654044 9.784160 -2.306367 -5.909712 40.244022 40.244022 
849.500000 395 2.000000 0.300727 7.351295 6.014526 1.424696 38.204283 38.204283 
849.500000 396 2.000000 0.999999 18.370231 -7.682147 -4.656480 80.698189 80.698189 
849.500000 397 2.000000 0.145836 10.374013 -1.032803 1.829133 4.412408 4.412408 
849.500000 398 2.000000 0.092654 17.464409 -3.629381 -2.983047 22.070981 22.070981 
849.500000 399 2.000000 0.624707 13.939450 -1.072263 2.682595 8.346067 8.346067 
849.500000 400 2.000000 0.017185 1.059953 0.343679 1.543540 2.500631 2.500631 
849.500000 401 2.000000 0.255067 3.216732 -3.724659 -3.077656 23.345049 23.345049 
849.500000 402 2.000000 0.124943 3.070552 -4.375281 -4.164899 36.489467 36.489467 
849.500000 403 2.000000 0.486722 9.543012 -1.283191 -2.826213 9.634058 9.634058 
849.500000 404 2.000000 0.562201 4.566656 -2.188990 0.124425 4.807158 4.807158 
849.500000 405 2.000000 0.471769 9.961656 -2.641148 0.780121 7.584253 7.584253 
849.500000 406 2.000000 0.621407 15.969221 5.058392 -0.806022 26.237000 26.237000 
849.500000 407 2.000000 0.466834 10.891913 1.867334 -0.162531 3.513351 3.513351 
849.500000 408 2.000000 0.000001 0.408551 3.271773 1.361833 12.559090 12.559090 
849.500000 409 2.000000 0.745604 8.338465 -5.087890 0.642921 26.299975 26.299975 
849.500000 410 2.000000 0.793942 9.358084 -4.121147 -5.061852 42.606202 42.606202 
849.500000 411 2.000000 0.270274 3.075606 5.405453 6.834678 75.931751 75.931751 
849.500000 412 2.000000 0.103278 12.604954 2.065548 5.485436 34.356496 34.356496 
849.500000 413 2.000000 0.999999 13.862651 -2.571674 -2.991585 15.563083 15.563083 
849.500000 414 2.000000 0.183632 17.827361 0.503694 -3.060218 9.618641 9.618641 
849.500000 415 2.000000 0.238167 1.761280 -0.801928 3.522558 13.051504 13.051504 
849.500000 416 2.000000 0.951271 19.701150 3.805081 0.147553 14.500410 14.500410 
849.500000 417 2.000000 0.495460 14.271417 2.477297 1.195088 7.565238 7.565238 
849.500000 418 2.000000 0.111424 9.578463 -5.923830 -0.038273 35.093232 35.093232 
849.500000 419 2.000000 0.545776 16.922689 -0.239065 2.070014 4.342111 4.342111 
849.500000 420 2.000000 0.000001 18.925787 6.282141 -3.580708 52.286757 52.286757 
849.500000 421 2.000000 0.122482 5.726918 -1.595486 -1.746897 5.597224 5.597224 
849.500000 422 2.000000 0.999999 0.876468 -2.608409 1.947705 10.597349 10.597349 
849.500000 423 2.000000 0.404509 4.165086 -0.744362 3.283195 11.333441 11.333441 
849.500000 424 2.000000 0.881651 18.457450 -2.366955 1.971049 9.487509 9.487509 
849.500000 425 2.000000 0.000001 16.703058 3.721607 2.303455 19.156266 19.156266 
849.500000 426 2.000000 0.178848 13.090412 3.576949 -3.454793 24.730165 24.730165 
849.500000 427 2.000000 0.410742 18.354021 2.053704 1.359385 6.065626 6.065626 
849.500000 428 2.000000 0.475418 19.533675 1.188542 -0.621765 1.799224 1.799224 
849.500000 429 2.000000 0.102862 9.133767 2.057217 2.417467 10.076288 10.076288 
849.500000 430 2.000000 0.222042 10.603634 4.440821 -0.519634 19.990915 19.990915 
849.500000 431 2.000000 0.827421 19.880826 -3.451559 9.115023 94.996898 94.996898 
849.500000 432 2.000000 0.999999 6.339671 -4.898939 0.880980 24.775732 24.775732 
849.500000 433 2.000000 0.864588 18.134510 0.080053 -2.664984 7.108547 7.108547 
849.500000 434 2.000000 0.554982 14.930593 -4.450166 -8.449011 91.189762 91.189762 
849.500000 435 2.000000 0.388512 4.985678 -2.038291 -4.733309 26.558846 26.558846 
849.500000 436 2.000000 0.799564 1.714098 -0.501088 -1.930311 3.977189 3.977189 
849.500000 437 2.000000 0.678779 8.097510 -3.212202 -3.462818 22.309353 22.309353 
849.500000 438 2.000000 0.583240 8.235569 -1.389196 -0.317962 2.030965 2.030965 
849.500000 439 2.000000 0.838541 15.208210 -3.229162 -3.833431 25.122684 25.122684 
849.500000 440 2.000000 0.582231 3.125456 3.881532 1.202098 16.511327 16.511327 
849.500000 441 2.000000 0.000001 4.818234 3.930954 -1.177747 16.839486 16.839486 
849.500000 442 2.000000 0.000001 13.132350 4.641137 2.169074 26.245037 26.245037 
849.500000 443 2.000000 0.323008 2.881666 -3.384953 1.182797 12.856917 12.856917 
849.500000 444 2.000000 0.466868 10.715540 -2.665653 0.333504 7.216928 7.216928 
849.500000 445 2.000000 0.335688 0.328650 2.237915 6.572981 48.212343 48.212343 
849.500000 446 2.000000 0.171202 8.846762 -1.035996 -3.777733 15.344557 15.344557 
849.500000 447 2.000000 0.453647 19.366307 -1.214115 3.002219 10.487392 10.487392 
849.500000 448 2.000000 0.744071 16.419581 1.488140 -3.580418 15.033953 15.033953 
849.500000 449 2.000000 0.000001 9.190595 2.564221 -0.481427 6.807003 6.807003 
849.500000 450 2.000000 0.275949 16.160027 -7.240498 -1.006422 53.437692 53.437692 
849.500000 451 2.000000 0.647911 14.375477 4.319399 0.685365 19.126935 19.126935 
849.500000 452 2.000000 0.999999 9.046094 -0.544731 -3.983238 16.162920 16.162920 
849.500000 453 2.000000 0.406539 19.050030 -0.516052 -2.714197 7.633173 7.633173 
849.500000 454 2.000000 0.000001 12.214355 6.697234 2.864333 53.057343 53.057343 
849.500000 455 2.000000 0.565809 10.459760 -1.447299 -1.699158 4.981813 4.981813 
849.500000 456 2.000000 0.849948 1.492029 1.062434 4.262938 19.301405 19.301405 
849.500000 457 2.000000 0.507376 16.618986 5.073755 -0.520159 26.013552 26.013552 
849.500000 458 2.000000 0.971286 19.029658 1.811113 -2.595448 10.016480 10.016480 
849.500000 459 2.000000 0.000001 6.237706 6.424339 -5.168033 67.980698 67.980698 
849.500000 460 2.000000 0.830015 6.691457 3.320055 -1.519309 13.331067 13.331067 
849.500000 461 2.000000 0.999999 18.482990 -5.373135 2.876864 37.146925 37.146925 
849.500000 462 2.000000 0.350862 13.686572 1.169537 -2.035870 5.512582 5.512582 
849.500000 463 2.000000 0.644543 10.122224 -0.490472 2.268314 5.385809 5.385809 
849.500000 464 2.000000 0.057100 1.107428 -2.693996 0.671168 7.708080 7.708080 
849.500000 465 2.000000 0.202678 18.850823 4.053543 3.759065 30.561777 30.561777 
849.500000 466 2.000000 0.829980 11.615362 2.766597 -4.007893 23.717266 23.717266 
849.500000 467 2.000000 0.646584 10.486021 1.309392 0.305786 1.808012 1.808012 
849.500000 468 2.000000 0.177524 18.653620 -5.483165 4.053799 46.498384 46.498384 
849.500000 469 2.000000 0.207585 6.406083 -3.169658 3.079790 19.531838 19.531838 
849.500000 470 2.000000 0.301971 16.830032 3.019695 -5.763576 42.337374 42.337374 
849.500000 471 2.000000 0.697830 5.272764 -1.495593 1.656444 4.980603 4.980603 
849.500000 472 2.000000 0.999999 0.932342 -5.952230 3.107804 45.087488 45.087488 
849.500000 473 2.000000 0.540534 6.272086 1.801775 3.484124 15.385513 15.385513 
849.500000 474 2.000000 0.999999 11.453628 -5.749917 -3.527760 45.506635 45.506635 
849.500000 475 2.000000 0.000001 11.607811 5.267556 -0.604928 28.113084 28.113084 
849.500000 476 2.000000 0.660958 5.446356 -0.112480 3.890254 15.146726 15.146726 
849.500000 477 2.000000 0.997075 16.287650 1.994147 2.535202 10.403874 10.403874 
849.500000 478 2.000000 0.716906 12.836463 -5.661867 9.244139 117.510836 117.510836 
849.500000 479 2.000000 0.022956 6.013842 -0.248090 -2.401222 5.827418 5.827418 
849.500000 480 2.000000 0.000001 15.324987 6.197331 0.885489 39.191002 39.191002 
849.500000 481 2.000000 0.999999 11.921624 -6.200156 -3.518531 50.821989 50.821989 
849.500000 482 2.000000 0.999999 2.316720 -7.201093 2.690405 59.094023 59.094023 
849.500000 483 2.000000 0.418666 18.283835 0.930367 -0.533937 1.150670 1.150670 
849.500000 484 2.000000 0.375186 7.696810 -0.657698 -0.792256 1.060236 1.060236 
849.500000 485 2.000000 0.999999 18.973461 -6.133330 8.254554 105.755396 105.755396 
849.500000 486 2.000000 0.000001 17.813099 9.185881 -1.986171 88.325282 88.325282 
849.500000 487 2.000000 0.765600 3.840081 2.546609 1.473577 8.656643 8.656643 
849.500000 488 2.000000 0.249980 10.353674 -1.875048 0.600572 3.876491 3.876491 
849.500000 489 2.000000 0.099793 10.799267 1.995838 -0.660713 4.419910 4.419910 
849.500000 490 2.000000 0.532170 1.890229 -1.336654 2.700325 9.078402 9.078402 
849.500000 491 2.000000 0.577812 0.146994 1.926036 -2.392806 9.435136 9.435136 
849.500000 492 2.000000 0.664375 7.434112 0.788024 -1.141613 1.924263 1.924263 
849.500000 493 2.000000 0.739534 9.721343 0.466505 -0.254166 0.282227 0.282227 
849.500000 494 2.000000 0.117265 9.224462 -1.604970 0.886124 3.361147 3.361147 
849.500000 495 2.000000 0.882669 4.991247 -2.346605 -7.035943 55.011048 55.011048 
849.500000 496 2.000000 0.000001 1.631266 2.939294 -3.527267 21.081060 21.081060 
849.500000 497 2.000000 0.995445 5.825626 4.161209 3.347735 28.522991 28.522991 
849.500000 498 2.000000 0.348346 13.369066 1.741725 4.204191 20.708825 20.708825 
849.500000 499 2.000000 0.355071 11.835972 2.367134 1.739464 8.629059 8.629059 
849.500000 500 2.000000 0.255736 13.510070 5.114693 3.239108 36.651906 36.651906 
