987.000000 1 2.000000 0.814572 12.147394 0.407285 6.941367 48.348463 48.348463 
987.000000 2 2.000000 0.720445 2.567040 -1.863694 1.112717 4.711493 4.711493 
987.000000 3 2.000000 0.243994 8.214183 0.221812 4.006918 16.104594 16.104594 
987.000000 4 2.000000 0.783409 13.395531 -4.331801 -0.967583 19.700717 19.700717 
987.000000 5 2.000000 0.822295 18.428043 0.340348 -2.619927 6.979856 6.979856 
987.000000 6 2.000000 0.785571 8.938463 -0.714761 -0.906877 1.333309 1.333309 
987.000000 7 2.000000 0.569194 15.314169 3.794620 -3.406610 26.004133 26.004133 
987.000000 8 2.000000 0.000001 18.713639 6.047746 2.275643 41.753782 41.753782 
987.000000 9 2.000000 0.588297 0.588054 -2.744682 5.880532 42.113934 42.113934 
987.000000 10 2.000000 0.841087 13.637150 2.803618 0.697281 8.346476 8.346476 
987.000000 11 2.000000 0.291779 13.336517 -3.541098 3.645516 25.829163 25.829163 
987.000000 12 2.000000 0.501052 0.664530 -3.326315 -6.368713 51.624879 51.624879 
987.000000 13 2.000000 0.153111 3.175539 -3.387553 2.275947 16.655446 16.655446 
987.000000 14 2.000000 0.364498 8.552267 -0.287062 4.990193 24.984434 24.984434 
987.000000 15 2.000000 0.220738 4.121831 0.551842 1.307900 2.015131 2.015131 
987.000000 16 2.000000 0.301514 1.764716 3.015128 -4.074618 25.693505 25.693505 
987.000000 17 2.000000 0.883260 16.735012 5.888392 5.000445 59.677613 59.677613 
987.000000 18 2.000000 0.817102 10.001000 4.218158 -1.455259 19.910632 19.910632 
987.000000 19 2.000000 0.000001 13.648843 4.287311 0.770844 18.975233 18.975233 
987.000000 20 2.000000 0.121682 8.836469 0.347660 2.364131 5.709982 5.709982 
987.000000 21 2.000000 0.901252 7.214947 1.201668 1.575817 3.927204 3.927204 
987.000000 22 2.000000 0.999999 0.296210 -10.077249 2.962091 110.324934 110.324934 
987.000000 23 2.000000 0.700636 10.102081 0.636941 0.829738 1.094159 1.094159 
987.000000 24 2.000000 0.349641 2.915976 -2.995251 0.547177 9.270932 9.270932 
987.000000 25 2.000000 0.302769 12.263275 -6.972301 -1.420099 50.629660 50.629660 
987.000000 26 2.000000 0.451414 17.239803 -5.485852 5.755152 63.216347 63.216347 
987.000000 27 2.000000 0.098725 8.667007 0.987243 6.190719 39.299647 39.299647 
987.000000 28 2.000000 0.691612 11.115785 5.536842 2.897440 39.051776 39.051776 
987.000000 29 2.000000 0.330535 0.696448 6.610688 4.642982 65.258478 65.258478 
987.000000 30 2.000000 0.857312 1.298724 3.455879 8.658152 86.906695 86.906695 
987.000000 31 2.000000 0.999999 10.224658 -3.376503 -0.856945 12.135126 12.135126 
987.000000 32 2.000000 0.999999 9.852885 -3.922038 -1.298191 17.067682 17.067682 
987.000000 33 2.000000 0.822921 8.547713 -3.541556 5.027495 37.818329 37.818329 
987.000000 34 2.000000 0.674266 4.163046 0.250769 2.561618 6.624772 6.624772 
987.000000 35 2.000000 0.481185 6.943336 -0.033329 0.057401 0.004406 0.004406 
987.000000 36 2.000000 0.706401 11.948126 4.709333 -1.731645 25.176413 25.176413 
987.000000 37 2.000000 0.836253 9.998712 -0.211087 -1.239270 1.580349 1.580349 
987.000000 38 2.000000 0.476454 18.110752 1.058784 -0.937367 1.999681 1.999681 
987.000000 39 2.000000 0.270636 1.237309 1.804234 1.302429 4.951583 4.951583 
987.000000 40 2.000000 0.288853 12.619366 5.777048 -2.733568 40.846677 40.846677 
987.000000 41 2.000000 0.103945 5.031091 -1.629190 -9.421080 91.411005 91.411005 
987.000000 42 2.000000 0.114557 13.642570 -0.589416 -2.570375 6.954237 6.954237 
987.000000 43 2.000000 0.881289 16.274201 3.525154 -5.731997 45.282505 45.282505 
987.000000 44 2.000000 0.413911 9.229564 1.034776 0.951820 1.976723 1.976723 
987.000000 45 2.000000 0.515410 15.135262 1.472597 4.166251 19.526191 19.526191 
987.000000 46 2.000000 0.342863 5.415068 6.857247 0.048328 47.024168 47.024168 
987.000000 47 2.000000 0.435374 1.707857 0.135911 3.795235 14.422281 14.422281 
987.000000 48 2.000000 0.289093 0.280486 -4.739375 0.132447 22.479216 22.479216 
987.000000 49 2.000000 0.000001 1.250241 5.581254 -4.354791 50.114604 50.114604 
987.000000 50 2.000000 0.356142 4.406023 -5.816534 0.717581 34.346992 34.346992 
987.000000 51 2.000000 0.354816 13.204068 3.548152 -1.225805 14.091982 14.091982 
987.000000 52 2.000000 0.329917 9.167699 0.160935 -3.696300 13.688534 13.688534 
987.000000 53 2.000000 0.000001 9.722779 4.099242 1.635771 19.479528 19.479528 
987.000000 54 2.000000 0.537564 16.663067 -1.321243 -5.554543 32.598632 32.598632 
987.000000 55 2.000000 0.620568 10.636563 -0.758861 -1.016118 1.608367 1.608367 
987.000000 56 2.000000 0.942650 14.113894 1.047388 2.459621 7.146756 7.146756 
987.000000 57 2.000000 0.160668 3.303984 -2.387679 0.284861 5.782157 5.782157 
987.000000 58 2.000000 0.070327 14.113438 0.175814 -0.756447 0.603122 0.603122 
987.000000 59 2.000000 0.571540 7.213651 1.632969 -2.248268 7.721294 7.721294 
987.000000 60 2.000000 0.999999 4.610191 -1.980398 3.179441 14.030824 14.030824 
987.000000 61 2.000000 0.715220 5.498505 -5.695587 -1.887067 36.000735 36.000735 
987.000000 62 2.000000 0.991716 0.737084 2.514637 0.989028 7.301576 7.301576 
987.000000 63 2.000000 0.093445 15.681216 -1.394698 5.220799 29.201929 29.201929 
987.000000 64 2.000000 0.820694 1.674536 -0.398456 1.762669 3.265768 3.265768 
987.000000 65 2.000000 0.424937 8.233970 0.566582 -1.025532 1.372731 1.372731 
987.000000 66 2.000000 0.460201 8.938952 1.314857 -1.405922 3.705465 3.705465 
987.000000 67 2.000000 0.174839 16.984382 -1.833688 0.533793 3.647349 3.647349 
987.000000 68 2.000000 0.017981 16.827396 -1.687863 0.964574 3.779285 3.779285 
987.000000 69 2.000000 0.510617 18.997004 1.314341 1.487500 3.940147 3.940147 
987.000000 70 2.000000 0.000001 19.967919 3.421722 3.957857 27.372813 27.372813 
987.000000 71 2.000000 0.794928 13.365707 5.299513 3.258716 38.704069 38.704069 
987.000000 72 2.000000 0.191051 16.023203 3.820992 -2.134574 19.156384 19.156384 
987.000000 73 2.000000 0.158104 12.215908 3.162053 2.663428 17.092429 17.092429 
987.000000 74 2.000000 0.783912 15.547065 1.119872 0.369974 1.390995 1.390995 
987.000000 75 2.000000 0.244775 6.827681 -1.510447 2.407854 8.079210 8.079210 
987.000000 76 2.000000 0.080519 13.364597 -0.151692 -0.783763 0.637295 0.637295 
987.000000 77 2.000000 0.945178 14.361397 1.971332 1.963211 7.740347 7.740347 
987.000000 78 2.000000 0.438353 5.237333 0.424502 0.008301 0.180271 0.180271 
987.000000 79 2.000000 0.087172 1.417902 -1.065286 5.671603 33.301918 33.301918 
987.000000 80 2.000000 0.799419 14.983216 3.997092 0.019460 15.977127 15.977127 
987.000000 81 2.000000 0.146546 16.167849 -1.422421 0.003793 2.023296 2.023296 
987.000000 82 2.000000 0.509494 5.115378 5.094926 1.826920 29.295911 29.295911 
987.000000 83 2.000000 0.444622 12.150391 -1.851255 -2.673329 10.573834 10.573834 
987.000000 84 2.000000 0.016362 19.823650 -1.309064 0.025654 1.714307 1.714307 
987.000000 85 2.000000 0.551367 16.758609 1.225257 2.551095 8.009339 8.009339 
987.000000 86 2.000000 0.071060 11.749390 -3.715754 8.255562 81.961139 81.961139 
987.000000 87 2.000000 0.489637 17.476972 2.448179 -4.205045 23.675986 23.675986 
987.000000 88 2.000000 0.497741 6.426054 -3.348387 2.284176 16.429158 16.429158 
987.000000 89 2.000000 0.037923 5.401779 -4.810378 -0.730166 23.672880 23.672880 
987.000000 90 2.000000 0.654253 7.377678 4.361679 -2.592740 25.746539 25.746539 
987.000000 91 2.000000 0.000001 14.783831 5.671468 -1.364931 34.028591 34.028591 
987.000000 92 2.000000 0.596125 15.832739 -4.038739 -5.556347 47.184403 47.184403 
987.000000 93 2.000000 0.459983 9.676350 -2.700079 -4.762187 29.968850 29.968850 
987.000000 94 2.000000 0.511717 3.015030 -2.441408 1.430948 8.008083 8.008083 
987.000000 95 2.000000 0.028643 6.017904 -0.844658 1.884032 4.263023 4.263023 
987.000000 96 2.000000 0.993397 7.669199 4.966982 -5.654794 56.647611 56.647611 
987.000000 97 2.000000 0.683884 2.943029 -1.053716 -2.200921 5.954371 5.954371 
987.000000 98 2.000000 0.828469 18.069334 0.161203 1.856673 3.473223 3.473223 
987.000000 99 2.000000 0.096052 14.515440 1.921019 -0.908684 4.516022 4.516022 
987.000000 100 2.000000 0.597388 17.368416 -1.150316 3.376686 12.725236 12.725236 
987.000000 101 2.000000 0.000001 6.488996 2.493967 3.472750 18.279867 18.279867 
987.000000 102 2.000000 0.161115 0.175258 -4.194420 3.505146 29.879207 29.879207 
987.000000 103 2.000000 0.755479 18.289508 1.678839 3.071062 12.249925 12.249925 
987.000000 104 2.000000 0.354765 3.472622 1.419058 6.313856 41.878499 41.878499 
987.000000 105 2.000000 0.999999 13.028695 -3.396670 -1.569191 13.999728 13.999728 
987.000000 106 2.000000 0.441627 0.754545 1.261789 0.128024 1.608502 1.608502 
987.000000 107 2.000000 0.451066 12.677595 -2.195731 2.118482 9.309201 9.309201 
987.000000 108 2.000000 0.766726 12.253171 -0.518385 1.901922 3.886031 3.886031 
987.000000 109 2.000000 0.825584 17.732296 -1.744146 -1.219316 4.528779 4.528779 
987.000000 110 2.000000 0.322242 16.296276 -2.259190 -0.090925 5.112206 5.112206 
987.000000 111 2.000000 0.635054 0.000001 -3.649446 7.060561 63.169980 63.169980 
987.000000 112 2.000000 0.000001 1.683258 7.895833 -1.588381 64.867128 64.867128 
987.000000 113 2.000000 0.331961 5.278952 -3.340192 1.327960 12.920362 12.920362 
987.000000 114 2.000000 0.414912 19.955271 2.074553 0.870513 5.061563 5.061563 
987.000000 115 2.000000 0.999999 14.582885 -3.945573 3.048489 24.860831 24.860831 
987.000000 116 2.000000 0.522496 0.251517 -4.775034 -0.209252 22.844740 22.844740 
987.000000 117 2.000000 0.385073 19.607903 3.850719 -1.306987 16.536250 16.536250 
987.000000 118 2.000000 0.574582 18.260695 0.211355 0.386182 0.193807 0.193807 
987.000000 119 2.000000 0.686683 2.131266 -0.626633 3.552108 13.010143 13.010143 
987.000000 120 2.000000 0.157236 1.591555 -2.407895 7.957768 69.124039 69.124039 
987.000000 121 2.000000 0.134531 0.131723 -1.730936 -2.116954 7.477634 7.477634 
987.000000 122 2.000000 0.999999 0.515798 -4.197136 -1.755830 20.698891 20.698891 
987.000000 123 2.000000 0.502953 2.668971 5.029524 -2.372276 30.923803 30.923803 
987.000000 124 2.000000 0.337648 7.690268 -6.623509 0.381649 44.016530 44.016530 
987.000000 125 2.000000 0.000001 18.380647 3.753442 0.924085 14.942257 14.942257 
987.000000 126 2.000000 0.220476 7.063085 -1.299206 1.452015 3.796284 3.796284 
987.000000 127 2.000000 0.146190 5.077229 1.461892 -2.230636 7.112864 7.112864 
987.000000 128 2.000000 0.117893 10.138731 2.357849 0.478591 5.788501 5.788501 
987.000000 129 2.000000 0.075253 3.182732 -3.698984 -1.402715 15.650091 15.650091 
987.000000 130 2.000000 0.999999 17.596597 -2.845260 -0.088465 8.103328 8.103328 
987.000000 131 2.000000 0.415077 4.315258 2.767170 4.773400 30.442578 30.442578 
987.000000 132 2.000000 0.109733 16.617982 -3.561066 -1.682887 15.513299 15.513299 
987.000000 133 2.000000 0.943903 8.902581 2.097559 0.056518 4.402949 4.402949 
987.000000 134 2.000000 0.539552 18.683481 5.395508 0.032717 29.112580 29.112580 
987.000000 135 2.000000 0.119515 4.593499 2.390288 -3.014086 14.798192 14.798192 
987.000000 136 2.000000 0.675842 14.768488 2.754742 -6.524845 50.162204 50.162204 
987.000000 137 2.000000 0.275084 9.231962 1.100333 -0.208900 1.254372 1.254372 
987.000000 138 2.000000 0.552743 11.725308 0.425186 -0.543803 0.476505 0.476505 
987.000000 139 2.000000 0.233847 4.439343 -0.414136 3.860298 15.073407 15.073407 
987.000000 140 2.000000 0.699732 19.268052 4.664873 1.251002 23.326046 23.326046 
987.000000 141 2.000000 0.476717 1.665712 -0.805050 -0.187564 0.683285 0.683285 
987.000000 142 2.000000 0.478020 17.502274 2.390094 0.370891 5.850111 5.850111 
987.000000 143 2.000000 0.342460 1.698158 0.153839 -0.957826 0.941098 0.941098 
987.000000 144 2.000000 0.221260 6.331504 -3.114955 2.055745 13.929033 13.929033 
987.000000 145 2.000000 0.724405 1.154197 -0.612431 -1.694340 3.245859 3.245859 
987.000000 146 2.000000 0.000001 12.825452 7.696156 -2.107650 63.673003 63.673003 
987.000000 147 2.000000 0.726560 16.087419 4.843728 5.745506 56.472547 56.472547 
987.000000 148 2.000000 0.838343 13.502556 -1.616561 0.634940 3.016416 3.016416 
987.000000 149 2.000000 0.999999 2.075880 -2.846736 0.120706 8.118478 8.118478 
987.000000 150 2.000000 0.894090 18.938054 2.235222 -3.034128 14.202152 14.202152 
987.000000 151 2.000000 0.999999 16.140464 -3.320160 4.074032 27.621199 27.621199 
987.000000 152 2.000000 0.753042 12.739307 -4.939144 -2.266218 29.530892 29.530892 
987.000000 153 2.000000 0.371922 10.954318 3.719207 -5.030413 39.137556 39.137556 
987.000000 154 2.000000 0.071140 12.036904 1.422787 3.253783 12.611428 12.611428 
987.000000 155 2.000000 0.695267 2.979671 6.952661 0.050298 48.342020 48.342020 
987.000000 156 2.000000 0.694873 7.358438 -2.034175 6.130954 41.726466 41.726466 
987.000000 157 2.000000 0.366751 7.277442 3.667498 -3.268410 24.133044 24.133044 
987.000000 158 2.000000 0.999999 1.177217 -2.989985 -7.082219 59.097834 59.097834 
987.000000 159 2.000000 0.000001 14.165221 8.420120 -3.740988 84.893415 84.893415 
987.000000 160 2.000000 0.499082 3.379565 -3.339448 -4.817517 34.360383 34.360383 
987.000000 161 2.000000 0.011425 16.503171 -0.165285 0.424537 0.207551 0.207551 
987.000000 162 2.000000 0.645812 9.060648 0.015007 -4.488703 20.148681 20.148681 
987.000000 163 2.000000 0.525605 11.835304 -4.743943 3.883402 37.585810 37.585810 
987.000000 164 2.000000 0.498481 6.304215 -5.015178 0.123859 25.167349 25.167349 
987.000000 165 2.000000 0.748712 10.182884 4.991409 -1.272138 26.532501 26.532501 
987.000000 166 2.000000 0.100495 1.150485 -2.998346 -2.858337 17.160169 17.160169 
987.000000 167 2.000000 0.496814 9.840848 -0.324636 0.092165 0.113883 0.113883 
987.000000 168 2.000000 0.194024 14.993973 -5.373164 7.689216 87.994937 87.994937 
987.000000 169 2.000000 0.508260 19.696338 -4.917389 0.069972 24.185613 24.185613 
987.000000 170 2.000000 0.195791 2.691950 3.915798 -3.770986 29.553810 29.553810 
987.000000 171 2.000000 0.999999 17.499139 -3.471554 0.371795 12.189916 12.189916 
987.000000 172 2.000000 0.048357 8.304505 -1.903285 -4.080062 20.269397 20.269397 
987.000000 173 2.000000 0.000001 19.153166 3.707417 -8.642064 88.430211 88.430211 
987.000000 174 2.000000 0.999999 19.825621 -9.497716 -0.435945 90.396660 90.396660 
987.000000 175 2.000000 0.411342 2.849483 2.742273 -1.647382 10.233931 10.233931 
987.000000 176 2.000000 0.059143 11.558701 -1.710648 7.660041 61.602544 61.602544 
987.000000 177 2.000000 0.383960 4.019548 7.679176 -0.482512 59.202559 59.202559 
987.000000 178 2.000000 0.053501 13.699590 1.070005 -1.299053 2.832450 2.832450 
987.000000 179 2.000000 0.399155 3.744832 7.983089 7.489662 119.824748 119.824748 
987.000000 180 2.000000 0.057485 4.380558 -1.885028 -0.156441 3.577806 3.577806 
987.000000 181 2.000000 0.065668 2.114902 1.313342 -2.380783 7.392994 7.392994 
987.000000 182 2.000000 0.128472 13.521371 0.233584 2.516284 6.386245 6.386245 
987.000000 183 2.000000 0.000001 12.264358 7.492196 -3.442501 67.983816 67.983816 
987.000000 184 2.000000 0.719992 17.206316 2.057118 -2.926649 12.797012 12.797012 
987.000000 185 2.000000 0.863622 17.760752 -0.254061 5.670264 32.216440 32.216440 
987.000000 186 2.000000 0.437421 4.128484 -5.625780 -0.055561 31.652490 31.652490 
987.000000 187 2.000000 0.042656 12.269416 -1.126286 0.518008 1.536853 1.536853 
987.000000 188 2.000000 0.694831 11.099582 0.158595 -5.386228 29.036608 29.036608 
987.000000 189 2.000000 0.791103 14.409166 -4.177930 2.791907 25.249842 25.249842 
987.000000 190 2.000000 0.999999 15.237498 -7.626142 1.538159 60.523975 60.523975 
987.000000 191 2.000000 0.623831 3.829625 -7.523364 -4.265899 74.798899 74.798899 
987.000000 192 2.000000 0.359267 17.857004 3.181749 4.825562 33.409575 33.409575 
987.000000 193 2.000000 0.488363 13.907463 -5.116356 0.383657 26.324292 26.324292 
987.000000 194 2.000000 0.285396 6.267560 -7.007085 -4.750301 71.664603 71.664603 
987.000000 195 2.000000 0.452956 15.611325 4.529546 1.034717 21.587424 21.587424 
987.000000 196 2.000000 0.251665 12.809660 -0.787720 -3.653963 13.971947 13.971947 
987.000000 197 2.000000 0.910127 8.717627 2.275316 0.234088 5.231859 5.231859 
987.000000 198 2.000000 0.516131 7.828022 -0.129326 -1.653421 2.750526 2.750526 
987.000000 199 2.000000 0.456733 19.499403 3.102243 -3.375857 21.020320 21.020320 
987.000000 200 2.000000 0.396458 4.355296 -0.185705 -0.672706 0.487020 0.487020 
987.000000 201 2.000000 0.095146 6.103386 -3.660680 -1.787657 16.596297 16.596297 
987.000000 202 2.000000 0.239567 19.439023 2.395665 -0.701220 6.230920 6.230920 
987.000000 203 2.000000 0.811808 14.818201 -3.763824 -6.477248 56.121107 56.121107 
987.000000 204 2.000000 0.808294 5.161446 -1.278036 2.134265 6.188463 6.188463 
987.000000 205 2.000000 0.380926 4.464257 1.523702 -3.219151 12.684601 12.684601 
987.000000 206 2.000000 0.650211 13.973158 2.167367 -6.007273 40.784809 40.784809 
987.000000 207 2.000000 0.735028 15.580303 4.900179 -2.207517 28.884888 28.884888 
987.000000 208 2.000000 0.000001 17.195075 7.031718 -2.671356 56.581206 56.581206 
987.000000 209 2.000000 0.000001 2.224881 4.105696 -1.360428 18.707505 18.707505 
987.000000 210 2.000000 0.000001 13.421240 8.839117 1.799450 81.368015 81.368015 
987.000000 211 2.000000 0.221314 19.914629 -3.893423 -1.707396 18.073945 18.073945 
987.000000 212 2.000000 0.141278 7.414860 -5.724804 4.689657 54.766264 54.766264 
987.000000 213 2.000000 0.692737 0.000001 -6.145234 5.766369 71.014905 71.014905 
987.000000 214 2.000000 0.727934 0.253631 -2.720647 -10.756733 123.109225 123.109225 
987.000000 215 2.000000 0.420113 17.452670 -5.798860 -1.074655 34.781657 34.781657 
987.000000 216 2.000000 0.782163 11.928138 -0.544591 -0.672801 0.749240 0.749240 
987.000000 217 2.000000 0.948376 18.327570 0.664120 2.046238 4.628146 4.628146 
987.000000 218 2.000000 0.594871 9.524818 1.487175 -2.720826 9.614586 9.614586 
987.000000 219 2.000000 0.015121 18.245114 -6.565856 2.067415 47.384671 47.384671 
987.000000 220 2.000000 0.486479 11.334539 -3.423465 6.438326 53.172155 53.172155 
987.000000 221 2.000000 0.566054 5.761335 -4.339450 0.526289 19.107802 19.107802 
987.000000 222 2.000000 0.369799 6.314833 0.821774 6.878996 47.995901 47.995901 
987.000000 223 2.000000 0.325079 13.139367 1.300313 5.591220 32.952549 32.952549 
987.000000 224 2.000000 0.958025 9.298762 2.395060 3.391759 17.240343 17.240343 
987.000000 225 2.000000 0.830294 13.866625 -3.394099 3.975647 27.325676 27.325676 
987.000000 226 2.000000 0.664890 18.949319 3.324447 1.938869 14.811161 14.811161 
987.000000 227 2.000000 0.558124 3.519299 -4.418748 -1.580843 22.024397 22.024397 
987.000000 228 2.000000 0.076302 2.437201 -6.157983 9.748802 132.959892 132.959892 
987.000000 229 2.000000 0.355301 6.509226 -4.297985 -2.659221 25.544129 25.544129 
987.000000 230 2.000000 0.850362 17.198849 -0.119709 -0.982860 0.980343 0.980343 
987.000000 231 2.000000 0.637772 4.649222 1.594427 -3.793954 16.936288 16.936288 
987.000000 232 2.000000 0.227043 17.890026 2.270423 -3.246112 15.692060 15.692060 
987.000000 233 2.000000 0.931948 7.085248 -1.361019 -2.834007 9.883969 9.883969 
987.000000 234 2.000000 0.138811 17.515296 0.154233 -3.312937 10.999339 10.999339 
987.000000 235 2.000000 0.092856 6.205006 0.619032 -2.531081 6.789571 6.789571 
987.000000 236 2.000000 0.697063 19.488433 -0.949213 -10.231319 105.580891 105.580891 
987.000000 237 2.000000 0.323035 4.188869 -0.967092 3.989399 16.850567 16.850567 
987.000000 238 2.000000 0.258840 6.971601 -7.411585 0.286860 55.013884 55.013884 
987.000000 239 2.000000 0.234400 16.499912 1.562659 4.998460 27.426507 27.426507 
987.000000 240 2.000000 0.288161 7.459863 1.758378 -6.722943 48.289860 48.289860 
987.000000 241 2.000000 0.191027 8.190275 1.273504 -0.935782 2.497501 2.497501 
987.000000 242 2.000000 0.144790 4.750712 2.895776 -1.924863 12.090614 12.090614 
987.000000 243 2.000000 0.778712 19.999999 -1.475246 -7.070934 52.174457 52.174457 
987.000000 244 2.000000 0.999999 5.299992 -7.712105 -2.438486 65.422776 65.422776 
987.000000 245 2.000000 0.519310 3.573928 -1.922755 -5.591780 34.964987 34.964987 
987.000000 246 2.000000 0.220361 3.643714 4.407197 -3.361118 30.720507 30.720507 
987.000000 247 2.000000 0.646643 4.817586 -7.067111 -0.668343 50.390741 50.390741 
987.000000 248 2.000000 0.638454 14.914124 2.553811 3.563741 19.222199 19.222199 
987.000000 249 2.000000 0.918967 9.877501 4.594829 -1.318362 22.850527 22.850527 
987.000000 250 2.000000 0.254095 10.623005 5.081884 0.338956 25.940432 25.940432 
987.000000 251 2.000000 0.476140 19.125096 4.761385 -5.832687 56.691021 56.691021 
987.000000 252 2.000000 0.443000 8.452682 4.429994 1.481639 21.820103 21.820103 
987.000000 253 2.000000 0.713388 19.173991 2.853550 0.272404 8.216951 8.216951 
987.000000 254 2.000000 0.743103 11.127809 -1.712641 -3.949440 18.531213 18.531213 
987.000000 255 2.000000 0.578654 12.680019 -4.213450 -1.077551 18.914280 18.914280 
987.000000 256 2.000000 0.821817 5.956467 3.287263 0.664112 11.247142 11.247142 
987.000000 257 2.000000 0.720747 15.944931 7.207456 0.160652 51.973229 51.973229 
987.000000 258 2.000000 0.188963 5.618839 1.889624 1.683566 6.405076 6.405076 
987.000000 259 2.000000 0.106056 15.880185 0.530275 -7.490571 56.389847 56.389847 
987.000000 260 2.000000 0.696859 17.573073 -0.866114 0.342381 0.867379 0.867379 
987.000000 261 2.000000 0.120697 13.721054 -1.088279 -8.366075 71.175567 71.175567 
987.000000 262 2.000000 0.445789 3.237901 4.457876 5.396500 48.994866 48.994866 
987.000000 263 2.000000 0.599925 11.735958 1.199848 1.883359 4.986678 4.986678 
987.000000 264 2.000000 0.750876 10.137876 -4.982461 -1.828771 28.169319 28.169319 
987.000000 265 2.000000 0.485229 10.927031 1.940911 5.900033 38.577531 38.577531 
987.000000 266 2.000000 0.290061 9.217716 -7.099378 1.671236 53.194193 53.194193 
987.000000 267 2.000000 0.999999 11.191580 -8.986786 -0.193195 80.799640 80.799640 
987.000000 268 2.000000 0.621903 11.889970 -2.520641 -1.163297 7.706891 7.706891 
987.000000 269 2.000000 0.605727 10.696526 0.257756 -2.777156 7.779035 7.779035 
987.000000 270 2.000000 0.441028 5.155593 -1.597059 -6.316769 42.452165 42.452165 
987.000000 271 2.000000 0.124870 11.988620 -1.763908 -2.274548 8.284937 8.284937 
987.000000 272 2.000000 0.784154 8.441564 3.920767 -1.283727 17.020367 17.020367 
987.000000 273 2.000000 0.000001 12.678340 0.903141 -1.009456 1.834665 1.834665 
987.000000 274 2.000000 0.000001 15.944572 7.144862 -2.461077 57.105953 57.105953 
987.000000 275 2.000000 0.649068 16.638527 -3.509308 -3.569062 25.053443 25.053443 
987.000000 276 2.000000 0.768799 17.955040 -2.312000 -1.843391 8.743434 8.743434 
987.000000 277 2.000000 0.158795 17.944487 3.175878 4.396603 29.416317 29.416317 
987.000000 278 2.000000 0.642316 18.922514 -3.576826 1.174289 14.172637 14.172637 
987.000000 279 2.000000 0.175687 2.398412 0.226555 -1.445637 2.141195 2.141195 
987.000000 280 2.000000 0.338122 3.050994 3.381208 0.474063 11.657301 11.657301 
987.000000 281 2.000000 0.282286 2.434798 -1.104174 5.410659 30.494434 30.494434 
987.000000 282 2.000000 0.412420 18.223447 4.124190 4.795644 40.007142 40.007142 
987.000000 283 2.000000 0.568207 14.640265 -4.317921 -4.107059 35.512377 35.512377 
987.000000 284 2.000000 0.668163 8.601904 2.797529 -0.149048 7.848383 7.848383 
987.000000 285 2.000000 0.683190 19.214085 3.415946 -0.982392 12.633783 12.633783 
987.000000 286 2.000000 0.241411 18.041383 -0.632156 -4.352479 19.343699 19.343699 
987.000000 287 2.000000 0.834650 6.617422 -3.306971 -1.221804 12.428859 12.428859 
987.000000 288 2.000000 0.573521 2.420141 0.573520 5.378089 29.252763 29.252763 
987.000000 289 2.000000 0.999999 2.797911 -6.466383 -4.838575 65.225923 65.225923 
987.000000 290 2.000000 0.000001 7.468263 3.144472 1.149436 11.208905 11.208905 
987.000000 291 2.000000 0.000001 14.114393 1.537315 3.233231 12.817121 12.817121 
987.000000 292 2.000000 0.052440 17.239995 -4.737793 -0.967579 23.382887 23.382887 
987.000000 293 2.000000 0.000001 6.950054 5.220038 -3.945909 42.818989 42.818989 
987.000000 294 2.000000 0.485413 11.898433 -1.470245 1.657611 4.909296 4.909296 
987.000000 295 2.000000 0.874870 8.274836 -1.251291 -1.720312 4.525202 4.525202 
987.000000 296 2.000000 0.932025 11.748760 1.035583 -5.500826 31.331516 31.331516 
987.000000 297 2.000000 0.504758 18.579934 -1.650803 0.638148 3.132382 3.132382 
987.000000 298 2.000000 0.138254 19.999999 -4.308724 -6.352322 58.917095 58.917095 
987.000000 299 2.000000 0.078064 0.512532 1.561263 -3.694561 16.087320 16.087320 
987.000000 300 2.000000 0.999999 14.117798 -9.948309 -3.449091 110.865076 110.865076 
987.000000 301 2.000000 0.882363 2.753993 5.882414 0.303861 34.695131 34.695131 
987.000000 302 2.000000 0.000001 18.816933 3.396788 1.606938 14.120417 14.120417 
987.000000 303 2.000000 0.560140 0.569102 3.734260 5.691014 46.332335 46.332335 
987.000000 304 2.000000 0.729313 6.392303 -5.413719 -3.527619 41.752442 41.752442 
987.000000 305 2.000000 0.227512 2.656661 -3.862436 -0.087648 14.926091 14.926091 
987.000000 306 2.000000 0.863889 18.755269 5.759250 -0.419754 33.345160 33.345160 
987.000000 307 2.000000 0.012534 10.365139 -3.949860 6.463208 57.374454 57.374454 
987.000000 308 2.000000 0.378356 3.182148 -2.579506 5.607373 38.096484 38.096484 
987.000000 309 2.000000 0.000001 15.047247 3.724274 0.787056 14.489672 14.489672 
987.000000 310 2.000000 0.743434 14.888535 0.260448 4.945760 24.528373 24.528373 
987.000000 311 2.000000 0.749516 15.327597 -5.009660 -1.611173 27.692574 27.692574 
987.000000 312 2.000000 0.720558 16.524159 0.449232 3.396667 11.739160 11.739160 
987.000000 313 2.000000 0.837433 14.837434 2.791439 -2.949281 16.490389 16.490389 
987.000000 314 2.000000 0.542048 1.724495 1.806824 1.567722 5.722362 5.722362 
987.000000 315 2.000000 0.356473 1.977978 -0.145135 -0.196556 0.059698 0.059698 
987.000000 316 2.000000 0.876090 15.003860 0.458660 -0.736750 0.753169 0.753169 
987.000000 317 2.000000 0.021872 4.200286 -1.304169 -0.274291 1.776093 1.776093 
987.000000 318 2.000000 0.245719 7.573215 1.472625 -5.453982 31.914545 31.914545 
987.000000 319 2.000000 0.912401 19.459643 -0.145997 2.699386 7.308002 7.308002 
987.000000 320 2.000000 0.628435 1.092207 -1.486256 -4.242145 20.204754 20.204754 
987.000000 321 2.000000 0.842167 19.099129 -1.578323 2.911061 10.965380 10.965380 
987.000000 322 2.000000 0.177709 1.587688 3.554161 -3.815363 27.189058 27.189058 
987.000000 323 2.000000 0.264533 3.057031 -2.368086 2.998700 14.600030 14.600030 
987.000000 324 2.000000 0.854872 1.110130 1.652035 -2.368005 8.336670 8.336670 
987.000000 325 2.000000 0.875504 4.273971 0.332898 0.118358 0.124829 0.124829 
987.000000 326 2.000000 0.360106 11.524528 1.200350 -0.205918 1.483242 1.483242 
987.000000 327 2.000000 0.000001 0.863421 2.454076 -2.259512 11.127883 11.127883 
987.000000 328 2.000000 0.470855 6.121203 -2.645722 -5.781459 40.425117 40.425117 
987.000000 329 2.000000 0.866917 15.405622 6.368001 6.419333 81.759263 81.759263 
987.000000 330 2.000000 0.298753 14.648825 -4.674973 -1.460581 23.988664 23.988664 
987.000000 331 2.000000 0.790532 15.731071 2.294696 -2.388413 10.970143 10.970143 
987.000000 332 2.000000 0.925033 5.212336 1.681876 2.112718 7.292282 7.292282 
987.000000 333 2.000000 0.734153 17.005273 2.097578 4.000656 20.405084 20.405084 
987.000000 334 2.000000 0.398575 8.284339 1.992872 -8.308954 73.010264 73.010264 
987.000000 335 2.000000 0.594421 11.662345 -0.623967 2.723185 7.805072 7.805072 
987.000000 336 2.000000 0.592887 9.551806 -8.142242 -1.319865 68.038148 68.038148 
987.000000 337 2.000000 0.166962 7.280138 1.669615 -0.826533 3.470771 3.470771 
987.000000 338 2.000000 0.541210 11.495207 -1.146972 -3.516480 13.681180 13.681180 
987.000000 339 2.000000 0.761896 19.804937 -0.015999 -3.901249 15.220002 15.220002 
987.000000 340 2.000000 0.885952 7.317634 -0.059418 -2.012175 4.052378 4.052378 
987.000000 341 2.000000 0.459321 5.124144 3.062135 -2.582339 16.045146 16.045146 
987.000000 342 2.000000 0.158995 8.844810 -2.366080 2.426572 11.486585 11.486585 
987.000000 343 2.000000 0.079155 14.970483 1.583087 -1.178514 3.895058 3.895058 
987.000000 344 2.000000 0.656870 16.039723 -6.862577 2.305359 52.409639 52.409639 
987.000000 345 2.000000 0.000001 19.302697 2.777894 -1.587399 10.236531 10.236531 
987.000000 346 2.000000 0.610657 18.716921 1.357014 2.270177 6.995194 6.995194 
987.000000 347 2.000000 0.899486 13.854326 1.998856 -3.048411 13.288233 13.288233 
987.000000 348 2.000000 0.357221 11.186732 -0.329630 -2.855717 8.263774 8.263774 
987.000000 349 2.000000 0.146502 4.675551 2.930029 -3.998680 24.574514 24.574514 
987.000000 350 2.000000 0.154279 14.260096 -0.735409 -2.125890 5.060233 5.060233 
987.000000 351 2.000000 0.160896 14.179553 0.536318 3.958817 15.959869 15.959869 
987.000000 352 2.000000 0.407342 3.514161 -2.176174 3.085949 14.258815 14.258815 
987.000000 353 2.000000 0.653244 5.291642 4.589618 1.028529 22.122463 22.122463 
987.000000 354 2.000000 0.089214 11.135718 1.784266 9.459285 92.661672 92.661672 
987.000000 355 2.000000 0.269590 12.079230 -0.480086 -0.463209 0.445045 0.445045 
987.000000 356 2.000000 0.999999 9.917994 -1.433630 -1.279826 3.693249 3.693249 
987.000000 357 2.000000 0.792345 9.957731 -2.076538 0.607265 4.680780 4.680780 
987.000000 358 2.000000 0.745447 7.635243 -2.545524 -2.370538 12.099144 12.099144 
987.000000 359 2.000000 0.550638 10.704953 3.670911 1.817425 16.778619 16.778619 
987.000000 360 2.000000 0.567484 11.834016 3.783220 -1.629052 16.966565 16.966565 
987.000000 361 2.000000 0.930275 16.714973 6.201824 -0.437882 38.654356 38.654356 
987.000000 362 2.000000 0.773606 15.245607 -4.527851 3.072170 29.939661 29.939661 
987.000000 363 2.000000 0.563357 19.061570 5.633563 0.348276 31.858327 31.858327 
987.000000 364 2.000000 0.999999 19.076080 -4.004645 -2.639767 23.005554 23.005554 
987.000000 365 2.000000 0.490141 12.155729 3.267597 2.156627 15.328233 15.328233 
987.000000 366 2.000000 0.739836 4.695968 -5.203262 -2.152934 31.709056 31.709056 
987.000000 367 2.000000 0.000001 12.859973 5.102112 5.512559 56.419855 56.419855 
987.000000 368 2.000000 0.999999 12.069153 -2.418324 -6.082327 42.842992 42.842992 
987.000000 369 2.000000 0.511095 13.703929 0.929262 0.156478 0.888014 0.888014 
987.000000 370 2.000000 0.512769 1.927668 -2.436151 0.089909 5.942913 5.942913 
987.000000 371 2.000000 0.000001 13.650053 5.854466 4.199644 51.911779 51.911779 
987.000000 372 2.000000 0.053073 8.074407 -2.705502 2.120789 11.817488 11.817488 
987.000000 373 2.000000 0.196552 15.682898 -1.651039 -2.784620 10.480038 10.480038 
987.000000 374 2.000000 0.147269 16.345887 -2.131826 -2.214613 9.449193 9.449193 
987.000000 375 2.000000 0.400690 4.399500 -0.544826 -1.709980 3.220869 3.220869 
987.000000 376 2.000000 0.306215 9.195993 -1.387567 1.323942 3.678165 3.678165 
987.000000 377 2.000000 0.891059 9.053627 8.910575 1.088143 80.582410 80.582410 
987.000000 378 2.000000 0.074980 17.712984 -1.423105 -5.082256 27.854553 27.854553 
987.000000 379 2.000000 0.260457 14.744300 2.604560 -1.713696 9.720485 9.720485 
987.000000 380 2.000000 0.000001 6.298983 4.938129 -1.189682 25.800461 25.800461 
987.000000 381 2.000000 0.000001 10.207049 1.851725 -0.289815 3.512878 3.512878 
987.000000 382 2.000000 0.000001 19.135793 5.187393 -0.545891 27.207042 27.207042 
987.000000 383 2.000000 0.632209 10.035550 3.161038 -2.149661 14.613203 14.613203 
987.000000 384 2.000000 0.291201 0.427452 2.911996 -2.142730 13.071016 13.071016 
987.000000 385 2.000000 0.193378 9.762922 0.027449 -5.849758 34.220427 34.220427 
987.000000 386 2.000000 0.552012 5.844735 2.369545 2.613348 12.444329 12.444329 
987.000000 387 2.000000 0.246962 4.950685 -2.151534 -1.741791 7.662933 7.662933 
987.000000 388 2.000000 0.081708 12.709799 -1.669620 3.965674 18.514204 18.514204 
987.000000 389 2.000000 0.845276 6.318930 -3.094464 6.494412 51.753097 51.753097 
987.000000 390 2.000000 0.863879 9.796222 1.016328 3.918488 16.387472 16.387472 
987.000000 391 2.000000 0.560493 5.847104 2.747096 -2.558422 14.092060 14.092060 
987.000000 392 2.000000 0.899255 14.848201 -1.007436 7.439904 56.367106 56.367106 
987.000000 393 2.000000 0.649446 8.186640 -3.505529 2.873092 20.543388 20.543388 
987.000000 394 2.000000 0.544817 10.211418 0.908026 3.443850 12.684614 12.684614 
987.000000 395 2.000000 0.137745 12.752040 0.056222 3.431945 11.781408 11.781408 
987.000000 396 2.000000 0.549330 6.981382 -1.675710 2.466295 8.890612 8.890612 
987.000000 397 2.000000 0.546776 6.291456 -1.812891 2.097152 7.684620 7.684620 
987.000000 398 2.000000 0.073892 16.916067 1.477818 -4.712533 24.391909 24.391909 
987.000000 399 2.000000 0.530618 3.996030 2.653085 -1.244517 8.587685 8.587685 
987.000000 400 2.000000 0.323711 12.491444 -0.346814 7.807152 61.071901 61.071901 
987.000000 401 2.000000 0.118627 0.593944 -1.762743 -0.029982 3.108162 3.108162 
987.000000 402 2.000000 0.813919 15.817152 3.255673 -0.749243 11.160773 11.160773 
987.000000 403 2.000000 0.744400 5.084360 0.530715 9.285123 86.495161 86.495161 
987.000000 404 2.000000 0.732450 3.750245 -1.783662 -7.792482 63.904226 63.904226 
987.000000 405 2.000000 0.932379 0.798392 1.695232 -6.857717 49.902089 49.902089 
987.000000 406 2.000000 0.999999 16.139558 -6.494462 -0.423477 42.357374 42.357374 
987.000000 407 2.000000 0.560997 11.780344 -2.926678 -0.660046 9.001104 9.001104 
987.000000 408 2.000000 0.270505 7.206653 -1.288328 2.388300 7.363769 7.363769 
987.000000 409 2.000000 0.203199 11.781673 4.063953 -0.301987 16.606910 16.606910 
987.000000 410 2.000000 0.965416 4.309747 -0.691662 -0.391255 0.631477 0.631477 
987.000000 411 2.000000 0.541755 0.988378 -4.582441 -1.683509 23.832964 23.832964 
987.000000 412 2.000000 0.673322 13.125167 -0.272231 9.375119 87.966959 87.966959 
987.000000 413 2.000000 0.201580 16.407884 4.031580 0.705747 16.751714 16.751714 
987.000000 414 2.000000 0.039453 7.059780 -2.134547 -3.353360 15.801311 15.801311 
987.000000 415 2.000000 0.999999 18.051212 -2.071468 -2.165319 8.979588 8.979588 
987.000000 416 2.000000 0.999999 17.713730 -0.922906 -1.319238 2.592144 2.592144 
987.000000 417 2.000000 0.846700 10.968148 1.302613 3.602370 14.673869 14.673869 
987.000000 418 2.000000 0.999999 11.850218 -6.787053 2.730472 53.519562 53.519562 
987.000000 419 2.000000 0.101592 11.331568 -1.780595 1.699037 6.057246 6.057246 
987.000000 420 2.000000 0.743138 5.111000 -2.568615 7.301426 59.908609 59.908609 
987.000000 421 2.000000 0.293493 4.530445 -7.065056 2.271627 55.075311 55.075311 
987.000000 422 2.000000 0.278856 1.361379 -2.403809 0.459219 5.989183 5.989183 
987.000000 423 2.000000 0.722445 3.924061 0.802715 0.766147 1.231333 1.231333 
987.000000 424 2.000000 0.000001 3.022600 2.978586 1.633837 11.541397 11.541397 
987.000000 425 2.000000 0.873468 19.103701 -2.530620 1.224159 7.902602 7.902602 
987.000000 426 2.000000 0.580884 10.466500 -2.794099 -5.153242 34.362897 34.362897 
987.000000 427 2.000000 0.664201 17.300055 1.660499 -4.153761 20.010985 20.010985 
987.000000 428 2.000000 0.725077 15.155919 1.611281 -0.431592 2.782498 2.782498 
987.000000 429 2.000000 0.000001 6.266931 3.375366 -2.760766 19.014921 19.014921 
987.000000 430 2.000000 0.556872 14.922355 -0.557083 -2.207144 5.181825 5.181825 
987.000000 431 2.000000 0.509891 14.263070 5.098904 -0.445094 26.196926 26.196926 
987.000000 432 2.000000 0.676509 19.747561 -0.215660 -0.841459 0.754562 0.754562 
987.000000 433 2.000000 0.131878 4.492955 2.637543 4.731863 29.347159 29.347159 
987.000000 434 2.000000 0.532412 7.026727 -2.200443 3.597656 17.785078 17.785078 
987.000000 435 2.000000 0.999999 1.349900 -4.879684 1.039878 24.892663 24.892663 
987.000000 436 2.000000 0.999999 9.505363 -3.595619 -9.540578 103.951112 103.951112 
987.000000 437 2.000000 0.219027 1.310233 -3.904859 -0.882616 16.026934 16.026934 
987.000000 438 2.000000 0.339187 14.298993 3.391858 -2.771557 19.186223 19.186223 
987.000000 439 2.000000 0.291381 0.661171 5.827596 0.038900 33.962387 33.962387 
987.000000 440 2.000000 0.407898 0.593799 -0.348295 2.968991 8.936215 8.936215 
987.000000 441 2.000000 0.000001 1.581941 5.180941 -4.171510 44.243646 44.243646 
987.000000 442 2.000000 0.376764 19.887536 7.535270 0.902844 57.595414 57.595414 
987.000000 443 2.000000 0.585376 8.061835 -4.146231 3.195502 27.402465 27.402465 
987.000000 444 2.000000 0.675520 14.999723 4.503459 3.565709 32.995424 32.995424 
987.000000 445 2.000000 0.051461 14.401289 1.029209 1.930972 4.787922 4.787922 
987.000000 446 2.000000 0.386988 10.221417 -2.452044 -3.458757 17.975521 17.975521 
987.000000 447 2.000000 0.397023 10.753225 3.970224 0.580131 16.099231 16.099231 
987.000000 448 2.000000 0.158690 2.924529 1.586895 4.177896 19.973054 19.973054 
987.000000 449 2.000000 0.453823 16.673501 -2.184704 -3.696108 18.434148 18.434148 
987.000000 450 2.000000 0.206221 15.963827 2.062201 -1.052290 5.359987 5.359987 
987.000000 451 2.000000 0.150477 1.799050 -2.123806 -3.042531 13.767543 13.767543 
987.000000 452 2.000000 0.525350 8.873392 5.253489 5.727253 60.400573 60.400573 
987.000000 453 2.000000 0.469771 1.212818 -2.651138 4.042724 23.372155 23.372155 
987.000000 454 2.000000 0.980125 0.735034 2.765007 -0.632962 8.045906 8.045906 
987.000000 455 2.000000 0.182752 2.177465 0.609170 0.356271 0.498017 0.498017 
987.000000 456 2.000000 0.447626 8.601869 -5.523733 3.650266 43.836075 43.836075 
987.000000 457 2.000000 0.280673 7.761531 -4.795508 2.357306 28.553791 28.553791 
987.000000 458 2.000000 0.521145 14.281014 5.211436 0.747884 27.718400 27.718400 
987.000000 459 2.000000 0.470506 16.096637 -5.294928 -5.562332 58.975801 58.975801 
987.000000 460 2.000000 0.434472 0.375435 0.294577 1.501737 2.341990 2.341990 
987.000000 461 2.000000 0.058930 9.066823 -1.447799 1.246641 3.650236 3.650236 
987.000000 462 2.000000 0.237184 0.505373 -0.202582 -2.041346 4.208135 4.208135 
987.000000 463 2.000000 0.660321 14.913253 -3.396783 1.352074 13.366243 13.366243 
987.000000 464 2.000000 0.494998 11.736548 -3.366676 5.725145 44.111793 44.111793 
987.000000 465 2.000000 0.488604 11.033660 -0.319622 -1.849488 3.522766 3.522766 
987.000000 466 2.000000 0.528323 12.067800 -4.716761 2.041459 26.415392 26.415392 
987.000000 467 2.000000 0.802992 6.627318 -3.940144 -0.088543 15.532576 15.532576 
987.000000 468 2.000000 0.000001 14.227436 7.128212 1.891969 54.390948 54.390948 
987.000000 469 2.000000 0.768210 15.120606 0.277589 1.055194 1.190489 1.190489 
987.000000 470 2.000000 0.524141 8.525455 2.620702 -4.605956 28.082917 28.082917 
987.000000 471 2.000000 0.000001 2.423804 8.014062 2.888813 72.570425 72.570425 
987.000000 472 2.000000 0.587760 6.054555 -2.061197 1.422384 6.271710 6.271710 
987.000000 473 2.000000 0.856992 1.088049 1.558165 -1.672691 5.225772 5.225772 
987.000000 474 2.000000 0.625800 15.084709 -1.870997 8.168402 70.223426 70.223426 
987.000000 475 2.000000 0.362326 4.411897 2.255279 1.844158 8.487202 8.487202 
987.000000 476 2.000000 0.594627 7.291274 -8.107444 -0.584826 66.072665 66.072665 
987.000000 477 2.000000 0.022819 5.233268 -4.885901 -0.335777 23.984772 23.984772 
987.000000 478 2.000000 0.603133 0.278799 6.031317 1.858654 39.831375 39.831375 
987.000000 479 2.000000 0.159284 3.503016 0.455094 -2.360144 5.777388 5.777388 
987.000000 480 2.000000 0.874501 9.754954 0.419647 1.468991 2.334038 2.334038 
987.000000 481 2.000000 0.632308 17.518793 -3.676913 -1.908620 17.162521 17.162521 
987.000000 482 2.000000 0.691180 4.884674 -3.088187 4.652069 31.178648 31.178648 
987.000000 483 2.000000 0.844550 16.520856 8.445493 5.285772 99.265747 99.265747 
987.000000 484 2.000000 0.689983 0.348391 -2.066776 1.393561 6.213574 6.213574 
987.000000 485 2.000000 0.454800 3.406064 1.010665 -0.652288 1.446924 1.446924 
987.000000 486 2.000000 0.113282 16.400606 0.445077 1.882479 3.741822 3.741822 
987.000000 487 2.000000 0.055648 16.156924 -1.888701 1.686711 6.412186 6.412186 
987.000000 488 2.000000 0.660419 10.111726 -1.131935 -1.431810 3.331357 3.331357 
987.000000 489 2.000000 0.353898 12.551202 -0.923002 1.168295 2.216844 2.216844 
987.000000 490 2.000000 0.137872 0.772051 -3.448508 5.147000 38.383822 38.383822 
987.000000 491 2.000000 0.000001 17.111487 5.603587 0.495573 31.645784 31.645784 
987.000000 492 2.000000 0.330284 3.271537 0.508128 2.512040 6.568538 6.568538 
987.000000 493 2.000000 0.627119 7.268831 2.435684 2.887877 14.272390 14.272390 
987.000000 494 2.000000 0.676672 6.161525 -0.741909 3.069048 9.969484 9.969484 
987.000000 495 2.000000 0.489147 16.294450 4.891457 -3.705549 37.657444 37.657444 
987.000000 496 2.000000 0.844568 2.663858 -0.777156 -0.417976 0.778675 0.778675 
987.000000 497 2.000000 0.556607 10.177382 -1.108479 -3.634764 14.440237 14.440237 
987.000000 498 2.000000 0.579154 19.758888 -4.208449 -2.411106 23.524478 23.524478 
987.000000 499 2.000000 0.302959 18.841270 3.029581 0.755030 9.748430 9.748430 
987.000000 500 2.000000 0.999999 3.433807 -3.483388 -0.962865 13.061100 13.061100 
