295.000000 1 2.000000 3.523669 14.158845 -0.146978 -0.246237 
295.000000 2 2.000000 8.458235 1.198523 -0.211418 0.379906 
295.000000 3 2.000000 0.969281 15.409584 -1.512022 0.407425 
295.000000 4 2.000000 6.611107 18.131892 0.335684 0.583124 
295.000000 5 2.000000 7.435177 16.293367 -0.153975 -0.237424 
295.000000 6 2.000000 5.247809 14.233561 0.744369 -0.204034 
295.000000 7 2.000000 4.675866 17.875264 -1.303887 -0.624922 
295.000000 8 2.000000 6.730452 17.599703 0.840102 -1.066798 
295.000000 9 2.000000 8.717583 4.343165 1.186066 0.261636 
295.000000 10 2.000000 7.137988 17.173126 1.252278 -0.203372 
295.000000 11 2.000000 7.736204 8.783366 -0.496172 -0.261186 
295.000000 12 2.000000 4.017664 18.167959 -0.921766 -0.105593 
295.000000 13 2.000000 4.510080 13.058172 1.930317 -0.634022 
295.000000 14 2.000000 0.202681 6.035586 -2.212005 1.031724 
295.000000 15 2.000000 8.738962 14.852999 0.226519 0.439971 
295.000000 16 2.000000 7.988809 4.224307 1.086913 0.087310 
295.000000 17 2.000000 0.753363 12.521866 -0.163996 -0.911620 
295.000000 18 2.000000 8.012317 14.492601 0.423540 0.180987 
295.000000 19 2.000000 0.358611 3.658420 1.793051 0.653289 
295.000000 20 2.000000 0.508889 12.808192 0.678517 -1.331816 
295.000000 21 2.000000 4.140860 4.308511 0.162966 -0.194657 
295.000000 22 2.000000 0.866795 0.221581 0.693435 -1.758082 
295.000000 23 2.000000 5.631150 5.281917 2.011125 0.444652 
295.000000 24 2.000000 3.722724 17.883505 -0.243299 0.027269 
295.000000 25 2.000000 3.338938 17.281421 -0.424600 -0.624960 
295.000000 26 2.000000 3.338035 10.363973 0.089121 -0.944389 
295.000000 27 2.000000 1.626981 5.169537 -1.376882 1.188399 
295.000000 28 2.000000 5.696296 19.976617 -1.004782 1.161431 
295.000000 29 2.000000 1.556034 1.913354 -0.763873 -1.609289 
295.000000 30 2.000000 3.741171 3.520045 -0.399923 -0.578646 
295.000000 31 2.000000 2.038201 5.099402 -1.002543 -0.615727 
295.000000 32 2.000000 6.621932 19.482130 -0.601134 -0.941580 
295.000000 33 2.000000 2.343925 4.339662 1.143378 -0.599324 
295.000000 34 2.000000 3.266587 9.880300 1.675172 -1.082321 
295.000000 35 2.000000 3.535880 5.060826 2.438537 -1.456760 
295.000000 36 2.000000 7.221222 14.172993 -0.173099 -0.616614 
295.000000 37 2.000000 3.996317 16.462624 -0.559052 0.071435 
295.000000 38 2.000000 1.836329 10.833130 -2.435817 0.747112 
295.000000 39 2.000000 2.711275 3.962023 0.186142 1.202411 
295.000000 40 2.000000 3.258993 19.071378 -1.822195 0.368477 
295.000000 41 2.000000 2.924975 15.163469 -0.337045 0.073852 
295.000000 42 2.000000 3.916419 1.725342 3.729922 0.486012 
295.000000 43 2.000000 1.479645 12.319269 -0.531216 -1.262424 
295.000000 44 2.000000 4.546914 0.463319 -1.922255 -0.152937 
295.000000 45 2.000000 7.619340 0.204662 1.228926 -0.392889 
295.000000 46 2.000000 3.100268 1.739985 -0.437133 0.809295 
295.000000 47 2.000000 1.496736 4.859639 1.247279 1.767141 
295.000000 48 2.000000 7.797837 13.492111 1.336095 -0.065803 
295.000000 49 2.000000 4.417408 2.852048 0.238242 -1.611140 
295.000000 50 2.000000 8.223553 7.794476 -2.870228 -2.347216 
295.000000 51 2.000000 6.602781 12.362436 0.419177 -1.363851 
295.000000 52 2.000000 2.781742 6.184769 -1.976147 1.302056 
295.000000 53 2.000000 4.323820 0.962971 -1.116221 -1.108490 
295.000000 54 2.000000 2.316107 9.350552 -0.043546 1.406098 
295.000000 55 2.000000 5.835109 3.423809 -0.275776 -0.317505 
295.000000 56 2.000000 0.365704 13.114579 1.828515 0.420289 
295.000000 57 2.000000 8.576843 1.248709 -2.169564 -0.273819 
295.000000 58 2.000000 0.361650 14.848362 -0.157845 0.531254 
295.000000 59 2.000000 0.046538 16.566405 0.930741 0.704552 
295.000000 60 2.000000 4.083366 10.767468 -1.486195 -0.578842 
295.000000 61 2.000000 2.931919 9.328401 0.469107 -0.860613 
295.000000 62 2.000000 1.662592 4.342190 1.039119 -0.391781 
295.000000 63 2.000000 6.134419 2.190368 0.158646 -0.765664 
295.000000 64 2.000000 2.010941 8.398838 1.915181 1.343814 
295.000000 65 2.000000 5.868565 2.907272 -0.567274 -0.017011 
295.000000 66 2.000000 5.010348 8.038894 0.569358 0.330110 
295.000000 67 2.000000 7.734050 6.881118 -0.415125 -0.995158 
295.000000 68 2.000000 4.729932 5.382712 -1.106439 -0.560093 
295.000000 69 2.000000 2.225545 16.136217 -0.662119 1.484807 
295.000000 70 2.000000 6.208827 18.793700 0.502163 0.757637 
295.000000 71 2.000000 5.296107 19.038786 -0.911473 2.521693 
295.000000 72 2.000000 1.612716 7.647510 0.827033 -0.177653 
295.000000 73 2.000000 0.323449 3.050617 0.462069 1.848858 
295.000000 74 2.000000 1.158370 16.652203 0.114125 0.526623 
295.000000 75 2.000000 8.055823 9.067638 1.013311 -0.148131 
295.000000 76 2.000000 4.451715 2.868460 1.099189 2.048899 
295.000000 77 2.000000 4.324942 7.153628 -2.388030 -1.510749 
295.000000 78 2.000000 1.315715 14.019260 -1.781330 1.386547 
295.000000 79 2.000000 0.701091 1.337918 -0.609654 -1.372212 
295.000000 80 2.000000 5.706903 12.271405 -1.296407 -0.378573 
295.000000 81 2.000000 2.098348 4.437893 -0.531849 0.462280 
295.000000 82 2.000000 8.402907 8.959245 1.018534 0.178277 
295.000000 83 2.000000 7.159839 3.739907 1.081793 -1.820943 
295.000000 84 2.000000 6.353747 10.106798 -0.215037 -2.472356 
295.000000 85 2.000000 1.894379 15.858114 0.310945 -0.469925 
295.000000 86 2.000000 5.053624 9.857692 -0.341770 1.642949 
295.000000 87 2.000000 6.080920 3.504059 0.136857 -1.590748 
295.000000 88 2.000000 0.480522 4.315586 1.601738 0.438130 
295.000000 89 2.000000 8.413084 4.046872 0.919463 0.168729 
295.000000 90 2.000000 0.675551 9.051845 -2.266486 -0.674358 
295.000000 91 2.000000 6.277404 13.969748 0.792153 1.586262 
295.000000 92 2.000000 7.114739 12.973602 -0.490773 -1.756599 
295.000000 93 2.000000 8.066597 13.472478 0.135258 -0.572590 
295.000000 94 2.000000 4.964006 13.690440 -0.971169 0.632100 
295.000000 95 2.000000 0.928639 5.430578 -0.892496 0.271519 
295.000000 96 2.000000 8.332901 17.291884 1.157347 -0.933833 
295.000000 97 2.000000 3.525929 3.307728 1.215177 1.063253 
295.000000 98 2.000000 3.619561 1.779329 -1.022845 1.617571 
295.000000 99 2.000000 4.950052 13.798796 -0.941517 0.747294 
295.000000 100 2.000000 5.157447 2.500810 2.344294 1.020738 
295.000000 101 2.000000 1.973417 14.921823 -0.639506 0.879870 
295.000000 102 2.000000 5.247322 9.472892 -1.724989 1.369959 
295.000000 103 2.000000 0.129387 6.201286 -0.320105 -1.366209 
295.000000 104 2.000000 4.473215 7.231953 2.795759 0.726829 
295.000000 105 2.000000 7.562986 12.570957 -0.084983 0.825575 
295.000000 106 2.000000 3.421255 6.538933 0.677470 0.277547 
295.000000 107 2.000000 4.155544 1.676840 -0.610155 0.441274 
295.000000 108 2.000000 7.676084 2.248933 1.633666 -0.125033 
295.000000 109 2.000000 4.484952 3.202186 2.299975 -0.917913 
295.000000 110 2.000000 0.157156 5.769370 -1.011378 1.419329 
295.000000 111 2.000000 1.238701 6.682576 -0.289291 -0.236046 
295.000000 112 2.000000 3.075431 18.844565 1.809076 0.620908 
295.000000 113 2.000000 2.525629 3.838625 0.682602 1.145858 
295.000000 114 2.000000 1.112849 12.556935 2.472995 -0.364422 
295.000000 115 2.000000 6.730759 16.239652 1.080326 -0.134213 
295.000000 116 2.000000 5.564508 13.476609 0.795579 0.893627 
295.000000 117 2.000000 3.269168 13.723874 -0.818923 0.867171 
295.000000 118 2.000000 3.898080 18.370707 -0.674923 0.840001 
295.000000 119 2.000000 6.168071 17.404927 0.737920 0.494737 
295.000000 120 2.000000 6.705541 11.628582 2.095481 1.102235 
295.000000 121 2.000000 7.421591 19.002202 -2.143244 -1.330397 
295.000000 122 2.000000 5.579652 4.001762 -0.996313 0.177856 
295.000000 123 2.000000 6.886241 8.466314 -0.784572 -0.642545 
295.000000 124 2.000000 3.093807 0.272361 0.793283 0.907868 
295.000000 125 2.000000 2.100829 5.031652 0.857481 -0.552193 
295.000000 126 2.000000 5.214649 7.947605 -0.739049 -1.709559 
295.000000 127 2.000000 7.055898 7.370588 -0.143504 1.043112 
295.000000 128 2.000000 3.727206 14.978058 0.446372 -0.191028 
295.000000 129 2.000000 8.152201 11.113303 -0.493570 2.096849 
295.000000 130 2.000000 6.672420 8.091177 -3.063112 0.399564 
295.000000 131 2.000000 0.292293 6.194630 0.188575 -0.178660 
295.000000 132 2.000000 4.042572 9.317972 -0.487993 1.226049 
295.000000 133 2.000000 0.465982 15.569101 1.035513 0.632553 
295.000000 134 2.000000 5.199359 19.048758 0.084692 -1.585402 
295.000000 135 2.000000 3.848739 9.495951 -0.658109 -0.107122 
295.000000 136 2.000000 8.789999 13.143122 -0.571219 1.137933 
295.000000 137 2.000000 2.125690 2.853463 0.322074 2.717583 
295.000000 138 2.000000 1.013211 12.241061 -1.918469 0.686573 
295.000000 139 2.000000 5.307404 5.036203 3.660278 1.865260 
295.000000 140 2.000000 3.790109 5.800388 0.935562 0.958800 
295.000000 141 2.000000 7.875504 7.830970 -0.609559 0.595102 
295.000000 142 2.000000 0.966152 8.807440 -1.341974 -0.133793 
295.000000 143 2.000000 5.331515 2.443600 0.156947 -0.110606 
295.000000 144 2.000000 1.902937 16.593430 1.227701 -0.330735 
295.000000 145 2.000000 3.359251 9.867883 -3.055082 0.449806 
295.000000 146 2.000000 0.442354 7.676910 0.804278 1.827835 
295.000000 147 2.000000 5.761104 2.093259 -0.809840 1.393356 
295.000000 148 2.000000 4.759628 0.353656 0.780267 -0.362109 
295.000000 149 2.000000 0.716208 18.511389 -1.418135 0.072160 
295.000000 150 2.000000 2.158181 18.027288 1.135884 1.609845 
295.000000 151 2.000000 3.190442 2.484330 -0.359814 -0.905203 
295.000000 152 2.000000 7.473165 3.137598 -1.013433 -0.442758 
295.000000 153 2.000000 7.314678 17.668362 -0.158434 -1.013755 
295.000000 154 2.000000 5.526908 8.713749 1.797134 1.478763 
295.000000 155 2.000000 5.656697 3.675280 -1.143039 0.117383 
295.000000 156 2.000000 1.054891 18.044628 -0.180095 -1.261529 
295.000000 157 2.000000 1.206607 9.470398 -0.538530 -2.085070 
295.000000 158 2.000000 6.168658 19.474917 -0.124943 -2.625412 
295.000000 159 2.000000 4.676207 19.999999 2.174980 -1.554543 
295.000000 160 2.000000 8.172188 7.468516 -0.599646 0.682056 
295.000000 161 2.000000 2.498741 16.304344 -0.589816 0.414535 
295.000000 162 2.000000 1.295333 8.787717 0.345422 -0.459082 
295.000000 163 2.000000 6.540355 17.661855 -0.395086 -1.039175 
295.000000 164 2.000000 6.130910 14.298875 1.520505 0.981823 
295.000000 165 2.000000 1.389558 10.919023 -1.169160 0.202172 
295.000000 166 2.000000 5.646235 3.481258 -0.741890 -0.385354 
295.000000 167 2.000000 0.081808 3.177612 0.545378 -0.821177 
295.000000 168 2.000000 6.102624 16.076565 -1.573643 1.379963 
295.000000 169 2.000000 6.739366 17.506195 1.321444 -0.959155 
295.000000 170 2.000000 6.863883 14.255204 -0.858809 -0.277170 
295.000000 171 2.000000 6.974831 9.568106 2.173209 1.023804 
295.000000 172 2.000000 1.707820 13.440712 -1.498243 1.066723 
295.000000 173 2.000000 0.138924 6.371471 -1.043939 -2.370179 
295.000000 174 2.000000 2.238891 7.933266 1.178363 -1.121369 
295.000000 175 2.000000 6.280399 18.301130 -0.158654 0.960689 
295.000000 176 2.000000 1.146803 3.466606 -1.755572 0.302760 
295.000000 177 2.000000 0.589045 13.090307 -1.959259 0.058911 
295.000000 178 2.000000 5.543929 3.305818 0.633592 -1.545757 
295.000000 179 2.000000 4.519715 9.790225 -0.867181 1.659360 
295.000000 180 2.000000 7.887541 15.972003 1.752787 0.858873 
295.000000 181 2.000000 2.918307 7.476757 -0.776578 -0.345944 
295.000000 182 2.000000 8.397361 0.948218 -0.229531 -0.847903 
295.000000 183 2.000000 1.802379 0.495365 -0.498745 -0.226254 
295.000000 184 2.000000 8.744714 12.202668 1.062336 -0.915152 
295.000000 185 2.000000 3.612112 13.423664 -1.418770 1.225905 
295.000000 186 2.000000 3.327613 3.903121 0.154493 2.602080 
295.000000 187 2.000000 7.474368 12.980034 1.346733 -1.047756 
295.000000 188 2.000000 5.025184 15.919372 1.970660 1.275006 
295.000000 189 2.000000 6.457070 17.776779 -0.357579 -0.032529 
295.000000 190 2.000000 1.738420 6.780836 0.586014 1.248659 
295.000000 191 2.000000 4.818535 4.407526 1.554366 1.277543 
295.000000 192 2.000000 3.996051 19.520742 -0.366231 0.468415 
295.000000 193 2.000000 2.487917 7.237530 1.555278 -1.224741 
295.000000 194 2.000000 3.991471 19.929734 -0.083588 -1.405304 
295.000000 195 2.000000 8.748251 6.869576 2.611418 1.346975 
295.000000 196 2.000000 2.339355 1.079486 -1.354458 -1.008891 
295.000000 197 2.000000 3.667186 5.663331 0.423952 0.240481 
295.000000 198 2.000000 6.697325 16.412197 -0.619298 0.636317 
295.000000 199 2.000000 2.073029 3.520948 -1.270472 0.510509 
295.000000 200 2.000000 0.928753 12.798411 2.653576 0.568818 
295.000000 201 2.000000 7.646837 3.868570 0.523756 -0.577035 
295.000000 202 2.000000 8.056138 12.974170 0.402564 -0.546757 
295.000000 203 2.000000 3.790731 8.015689 1.613077 1.984704 
295.000000 204 2.000000 6.507824 6.078326 -1.179087 -1.255454 
295.000000 205 2.000000 5.580211 15.108358 -0.360592 -1.778779 
295.000000 206 2.000000 5.269409 14.857371 -0.431362 1.236048 
295.000000 207 2.000000 0.561818 15.902721 -0.550138 -0.528681 
295.000000 208 2.000000 7.775880 11.262246 1.344026 1.995639 
295.000000 209 2.000000 0.903072 6.609117 -0.976920 0.338833 
295.000000 210 2.000000 8.649680 3.709463 0.097429 -0.644692 
295.000000 211 2.000000 7.279332 7.515756 -0.482314 1.097191 
295.000000 212 2.000000 1.282297 4.295739 -1.239232 -1.502800 
295.000000 213 2.000000 2.997120 18.995305 -0.516750 0.004204 
295.000000 214 2.000000 1.635601 4.147439 0.778857 0.497413 
295.000000 215 2.000000 0.046656 4.374542 -0.113070 1.166544 
295.000000 216 2.000000 6.064064 13.625484 -1.552408 0.330543 
295.000000 217 2.000000 5.745979 17.543410 -2.292830 -1.403765 
295.000000 218 2.000000 2.335729 9.507643 -0.343320 -1.295934 
295.000000 219 2.000000 4.871307 19.963714 -0.660015 -0.725708 
295.000000 220 2.000000 0.066224 11.003108 0.441487 -1.961136 
295.000000 221 2.000000 6.680867 15.208883 -0.296789 0.634376 
295.000000 222 2.000000 6.840165 16.735031 0.079814 -2.176645 
295.000000 223 2.000000 6.275368 0.732166 -0.508025 0.162703 
295.000000 224 2.000000 6.351244 19.311130 0.894541 -0.191352 
295.000000 225 2.000000 5.495472 1.892431 -1.491533 0.864508 
295.000000 226 2.000000 2.529537 18.925207 1.053973 -0.167936 
295.000000 227 2.000000 7.381422 15.054854 -0.144666 0.223535 
295.000000 228 2.000000 5.076569 6.423789 -0.647283 1.086721 
295.000000 229 2.000000 2.624434 6.635647 -0.972813 0.746231 
295.000000 230 2.000000 1.862880 11.311302 -0.605797 -0.100470 
295.000000 231 2.000000 4.179374 10.859471 -0.071160 0.460896 
295.000000 232 2.000000 2.345923 10.499918 -0.838506 -1.061462 
295.000000 233 2.000000 5.261279 12.578516 0.578848 0.227950 
295.000000 234 2.000000 5.205204 19.633445 -0.539370 -0.209460 
295.000000 235 2.000000 8.125317 0.450358 0.138782 1.501191 
295.000000 236 2.000000 8.205983 19.548568 -0.487243 0.110051 
295.000000 237 2.000000 0.864372 3.779211 0.016216 1.111532 
295.000000 238 2.000000 5.116163 13.154055 1.136925 0.667718 
295.000000 239 2.000000 7.782742 18.632647 -1.869376 -0.943002 
295.000000 240 2.000000 0.381173 5.147455 -0.838613 0.284431 
295.000000 241 2.000000 6.468056 6.480152 -2.482151 0.261209 
295.000000 242 2.000000 7.270439 10.734581 -1.206892 2.146812 
295.000000 243 2.000000 5.587122 1.382226 0.901149 -0.836584 
295.000000 244 2.000000 8.789999 4.481547 -1.458180 0.203744 
295.000000 245 2.000000 4.475727 11.324734 1.989212 1.198384 
295.000000 246 2.000000 8.427315 17.599616 -2.455895 0.022804 
295.000000 247 2.000000 5.045838 15.568031 0.009580 -0.466523 
295.000000 248 2.000000 6.010388 2.149893 0.483010 0.087526 
295.000000 249 2.000000 8.685496 5.086439 -2.128064 0.257895 
295.000000 250 2.000000 5.068889 5.099802 -1.898555 -0.530104 
295.000000 251 2.000000 4.786674 19.611813 0.034740 0.300781 
295.000000 252 2.000000 5.848820 15.295281 -0.957118 1.045013 
295.000000 253 2.000000 5.028001 10.780844 1.828364 -0.711904 
295.000000 254 2.000000 0.687599 8.877285 0.916798 -0.948292 
295.000000 255 2.000000 1.085911 11.364406 -0.205869 -0.981993 
295.000000 256 2.000000 2.390807 19.297187 -0.856063 1.134848 
295.000000 257 2.000000 8.001030 9.628948 -0.966198 -0.339574 
295.000000 258 2.000000 4.472943 13.724036 1.016578 0.382279 
295.000000 259 2.000000 4.030338 12.584537 1.321422 1.137558 
295.000000 260 2.000000 3.418731 11.784733 -0.904334 -0.137785 
295.000000 261 2.000000 0.310164 10.657009 -0.901767 0.949935 
295.000000 262 2.000000 7.082681 4.419234 1.030650 1.498045 
295.000000 263 2.000000 3.405252 6.368735 1.509578 1.028043 
295.000000 264 2.000000 0.422515 2.800470 -0.493517 -2.221955 
295.000000 265 2.000000 3.633313 17.780539 0.261757 1.968422 
295.000000 266 2.000000 2.233229 10.675236 1.063442 -1.156713 
295.000000 267 2.000000 3.704312 6.751510 0.444314 -0.454147 
295.000000 268 2.000000 4.267510 18.588294 1.219288 -1.176421 
295.000000 269 2.000000 5.660626 2.356634 1.664890 0.099374 
295.000000 270 2.000000 6.094574 4.791264 0.376200 -0.555445 
295.000000 271 2.000000 8.445813 5.334599 0.745330 1.099917 
295.000000 272 2.000000 8.789999 14.230221 -0.440251 -0.945742 
295.000000 273 2.000000 1.835428 16.581622 -1.031510 -0.876507 
295.000000 274 2.000000 8.550294 3.771588 -0.637263 0.794018 
295.000000 275 2.000000 0.044864 17.753555 -0.006922 0.421713 
295.000000 276 2.000000 6.158040 13.501690 0.557611 1.849546 
295.000000 277 2.000000 7.768062 16.318764 0.399710 -1.243923 
295.000000 278 2.000000 1.954855 0.507721 -1.646269 -1.547006 
295.000000 279 2.000000 0.362201 10.977958 -0.944215 0.297298 
295.000000 280 2.000000 8.599847 2.683713 0.674301 1.789141 
295.000000 281 2.000000 5.724669 17.769129 -0.360666 0.584511 
295.000000 282 2.000000 8.690429 16.028562 -1.033702 -1.390325 
295.000000 283 2.000000 8.269846 15.643924 3.375447 -0.380443 
295.000000 284 2.000000 2.884893 15.541609 -1.460917 -0.724941 
295.000000 285 2.000000 0.846905 2.456744 0.042349 1.445143 
295.000000 286 2.000000 0.589068 2.628613 0.053222 0.590699 
295.000000 287 2.000000 3.752398 7.318623 -0.953927 0.663955 
295.000000 288 2.000000 0.973179 18.841257 -0.540689 -0.514996 
295.000000 289 2.000000 2.908493 5.469607 -1.606401 1.519335 
295.000000 290 2.000000 6.717514 17.251926 0.040841 2.078545 
295.000000 291 2.000000 3.915054 5.021907 1.505790 1.521790 
295.000000 292 2.000000 2.241890 0.431805 -1.430431 -0.894033 
295.000000 293 2.000000 7.739152 18.285432 -2.139694 0.070339 
295.000000 294 2.000000 6.477950 5.188743 0.647795 -1.021466 
295.000000 295 2.000000 7.773136 11.981421 -0.739285 -0.791722 
295.000000 296 2.000000 7.744526 13.711305 -2.361274 1.114740 
295.000000 297 2.000000 7.264939 17.034307 0.477956 -0.659043 
295.000000 298 2.000000 0.158223 15.479528 0.791109 0.943486 
295.000000 299 2.000000 5.382379 7.086224 -0.803757 0.470845 
295.000000 300 2.000000 6.977542 15.422075 -1.332612 0.875799 
295.000000 301 2.000000 7.614077 14.252287 -0.013140 -1.336677 
295.000000 302 2.000000 8.129443 13.055674 0.075278 0.975853 
295.000000 303 2.000000 0.170157 14.579196 -0.215049 -0.903467 
295.000000 304 2.000000 5.402250 14.998584 1.421644 0.518695 
295.000000 305 2.000000 7.021101 0.754026 -1.512082 0.793710 
295.000000 306 2.000000 1.203334 14.174960 0.134730 -1.298571 
295.000000 307 2.000000 2.829714 16.047853 0.130201 -2.470091 
295.000000 308 2.000000 7.742475 10.773355 0.639874 -1.002896 
295.000000 309 2.000000 6.663100 6.998044 0.158457 0.699804 
295.000000 310 2.000000 7.281655 19.643358 -1.294953 -0.132089 
295.000000 311 2.000000 7.769372 12.057128 1.213964 1.022894 
295.000000 312 2.000000 2.686910 13.685862 0.610661 -1.088644 
295.000000 313 2.000000 3.894784 3.465780 0.303683 -0.407921 
295.000000 314 2.000000 3.567340 16.210780 -0.652430 -0.346047 
295.000000 315 2.000000 6.558178 1.253094 0.397241 1.566367 
295.000000 316 2.000000 5.257672 18.693793 -1.016927 0.399061 
295.000000 317 2.000000 2.164170 17.917970 0.471559 0.826870 
295.000000 318 2.000000 4.401724 8.331736 -0.206469 -0.792124 
295.000000 319 2.000000 7.571686 14.522914 -0.448624 -0.084966 
295.000000 320 2.000000 2.906503 0.000001 -0.730176 1.303792 
295.000000 321 2.000000 4.840727 8.196040 -0.899606 -1.763022 
295.000000 322 2.000000 6.403286 4.763038 0.303340 -0.272951 
295.000000 323 2.000000 4.555453 7.649969 1.656528 -0.746225 
295.000000 324 2.000000 3.515330 5.799655 -0.537969 -0.131626 
295.000000 325 2.000000 7.007281 13.394834 -1.464174 1.467672 
295.000000 326 2.000000 1.285424 14.395212 0.554474 -0.273773 
295.000000 327 2.000000 0.140270 13.756960 0.561075 -0.113699 
295.000000 328 2.000000 7.393807 10.706598 -1.507676 0.136515 
295.000000 329 2.000000 1.547875 7.735350 1.238299 -1.232628 
295.000000 330 2.000000 0.256706 7.996451 1.026822 -0.880644 
295.000000 331 2.000000 6.382872 10.426991 2.146213 0.914298 
295.000000 332 2.000000 1.782546 5.394233 0.207199 -1.373266 
295.000000 333 2.000000 1.497438 18.468968 -0.476613 1.522704 
295.000000 334 2.000000 5.303659 11.073756 -0.672741 -0.353874 
295.000000 335 2.000000 3.121665 13.148552 0.524649 0.907081 
295.000000 336 2.000000 2.478340 13.171749 -1.104826 0.104650 
295.000000 337 2.000000 2.602595 12.112644 0.331541 -0.314864 
295.000000 338 2.000000 5.768176 9.103831 0.273003 -1.141136 
295.000000 339 2.000000 8.579498 16.051229 -1.441341 -0.734532 
295.000000 340 2.000000 0.167272 18.250643 -0.753579 -0.170669 
295.000000 341 2.000000 6.025294 17.451018 1.650765 0.974917 
295.000000 342 2.000000 0.734983 16.619483 -1.205394 -0.404852 
295.000000 343 2.000000 7.990101 12.685509 0.694939 -0.294396 
295.000000 344 2.000000 5.032707 6.323226 0.284828 1.732390 
295.000000 345 2.000000 1.071528 16.772680 2.678817 0.587484 
295.000000 346 2.000000 1.283435 9.707454 0.096863 -1.319557 
295.000000 347 2.000000 1.400742 8.622950 -0.128513 1.164395 
295.000000 348 2.000000 8.763632 7.628109 0.569067 -1.566062 
295.000000 349 2.000000 5.753222 15.550619 0.447772 0.939563 
295.000000 350 2.000000 2.689202 15.696857 -0.670207 0.514651 
295.000000 351 2.000000 7.926385 18.576494 0.747772 -1.498426 
295.000000 352 2.000000 8.577447 3.391338 0.012699 -0.202925 
295.000000 353 2.000000 1.147547 14.863759 0.691923 -0.117929 
295.000000 354 2.000000 7.717383 5.555981 1.123402 -0.017330 
295.000000 355 2.000000 4.397387 17.865878 -0.697654 0.459987 
295.000000 356 2.000000 2.512886 1.388580 0.235952 0.269627 
295.000000 357 2.000000 5.843178 2.369114 2.006203 -0.849749 
295.000000 358 2.000000 8.646497 1.795039 -0.086645 0.022137 
295.000000 359 2.000000 3.014667 17.352585 1.137610 1.377189 
295.000000 360 2.000000 3.311175 14.225165 -1.216242 -0.169530 
295.000000 361 2.000000 0.916480 13.506491 -1.067218 -1.803752 
295.000000 362 2.000000 7.030915 14.592144 -2.107510 0.981111 
295.000000 363 2.000000 2.965384 17.515738 1.647435 1.203831 
295.000000 364 2.000000 3.615062 13.274796 1.506275 2.194181 
295.000000 365 2.000000 1.143997 6.180356 -1.323042 -0.497595 
295.000000 366 2.000000 5.660831 1.136486 0.754777 0.077576 
295.000000 367 2.000000 1.913990 17.524539 0.671575 0.518920 
295.000000 368 2.000000 4.963379 9.842757 0.698169 -0.184552 
295.000000 369 2.000000 5.590004 0.441527 0.826965 -0.753189 
295.000000 370 2.000000 4.429859 2.241388 1.640688 2.801734 
295.000000 371 2.000000 1.399388 16.600771 -0.437492 2.371539 
295.000000 372 2.000000 5.140678 8.881121 1.181765 0.737022 
295.000000 373 2.000000 1.539794 12.511343 -0.145069 0.034436 
295.000000 374 2.000000 6.031532 5.022215 2.566609 1.014589 
295.000000 375 2.000000 4.843601 3.815999 0.751622 1.059999 
295.000000 376 2.000000 6.570482 1.954798 0.193233 0.121416 
295.000000 377 2.000000 4.544335 0.561040 -0.082340 -0.518856 
295.000000 378 2.000000 4.341081 7.419567 -0.669052 0.002584 
295.000000 379 2.000000 8.425256 15.721749 0.327451 0.830600 
295.000000 380 2.000000 3.715342 5.897941 1.428977 0.020985 
295.000000 381 2.000000 3.967160 19.991911 -1.290685 0.386598 
295.000000 382 2.000000 0.194188 6.636349 1.294581 0.878986 
295.000000 383 2.000000 5.300715 11.993377 0.023618 0.834054 
295.000000 384 2.000000 5.170543 15.803288 0.312468 0.508271 
295.000000 385 2.000000 4.510873 2.074307 -0.572891 0.901872 
295.000000 386 2.000000 5.839314 9.946004 -3.143984 0.904182 
295.000000 387 2.000000 1.791318 17.622253 -0.295341 1.835651 
295.000000 388 2.000000 3.488305 16.410880 -2.562616 0.708708 
295.000000 389 2.000000 4.696240 5.304535 0.656817 -1.730682 
295.000000 390 2.000000 1.413342 15.719431 1.284856 0.949621 
295.000000 391 2.000000 7.247340 2.383627 -1.440417 0.345453 
295.000000 392 2.000000 0.455633 4.672559 -0.027911 0.048975 
295.000000 393 2.000000 8.790000 7.932995 -0.006359 0.692838 
295.000000 394 2.000000 1.705151 14.326501 0.831781 1.872745 
295.000000 395 2.000000 2.911038 17.238612 -2.175804 1.048852 
295.000000 396 2.000000 5.111777 12.612805 -0.788657 -0.102074 
295.000000 397 2.000000 2.163328 13.641728 1.491950 0.357382 
295.000000 398 2.000000 0.960041 16.667235 0.872764 1.621413 
295.000000 399 2.000000 8.161044 1.892084 1.483826 -0.366346 
295.000000 400 2.000000 5.391275 6.200350 2.111984 0.261150 
295.000000 401 2.000000 1.121798 15.252640 -0.006174 -0.636747 
295.000000 402 2.000000 3.968942 5.938901 0.202288 0.308416 
295.000000 403 2.000000 2.894523 17.403735 -1.549661 0.032030 
295.000000 404 2.000000 3.908932 8.446611 0.579101 -0.341132 
295.000000 405 2.000000 0.401594 11.688718 2.677289 0.359100 
295.000000 406 2.000000 4.262414 3.369771 2.185853 0.949231 
295.000000 407 2.000000 2.634108 3.958780 -1.370386 1.079255 
295.000000 408 2.000000 7.200688 3.891379 0.513390 0.360313 
295.000000 409 2.000000 7.093646 7.695640 0.058587 -1.143147 
295.000000 410 2.000000 6.564138 19.982023 0.099843 0.557296 
295.000000 411 2.000000 3.084057 4.129057 -1.501062 -0.904327 
295.000000 412 2.000000 7.868862 9.042689 0.812972 0.849409 
295.000000 413 2.000000 3.916185 14.204412 -1.718626 0.360399 
295.000000 414 2.000000 3.205089 14.359930 1.526232 -0.537149 
295.000000 415 2.000000 5.938611 17.262378 0.836424 0.799184 
295.000000 416 2.000000 8.102079 0.434161 -1.020743 -0.901530 
295.000000 417 2.000000 3.366246 5.004274 -0.401804 0.146481 
295.000000 418 2.000000 5.454097 9.454796 -1.229394 -0.389746 
295.000000 419 2.000000 1.696550 5.928417 1.357239 -2.139714 
295.000000 420 2.000000 6.202274 8.949669 0.435247 -1.872937 
295.000000 421 2.000000 5.584080 1.918838 0.293927 2.398547 
295.000000 422 2.000000 1.888258 10.825521 0.786774 -1.121088 
295.000000 423 2.000000 6.514721 18.519736 -1.788214 -0.477504 
295.000000 424 2.000000 6.378502 13.200175 -0.615929 -1.566273 
295.000000 425 2.000000 2.448345 4.831324 -1.234538 2.415661 
295.000000 426 2.000000 0.624787 12.649116 -0.051530 -0.037398 
295.000000 427 2.000000 0.159868 1.493389 -0.901013 0.678813 
295.000000 428 2.000000 5.415851 5.910696 3.282333 -0.880581 
295.000000 429 2.000000 7.305761 15.282217 0.082434 -0.878248 
295.000000 430 2.000000 3.618753 1.609911 -0.925041 2.299872 
295.000000 431 2.000000 4.159879 13.433744 2.521138 -0.198679 
295.000000 432 2.000000 6.498537 4.038538 0.974391 0.998604 
295.000000 433 2.000000 0.318498 4.510588 0.398121 1.171581 
295.000000 434 2.000000 4.889871 7.002757 1.845234 0.616335 
295.000000 435 2.000000 3.221045 13.869992 -0.729795 -0.957814 
295.000000 436 2.000000 4.639984 15.545581 -0.843828 -0.315916 
295.000000 437 2.000000 1.027102 7.512741 2.567753 -1.130069 
295.000000 438 2.000000 2.549026 17.146945 0.145964 -0.244399 
295.000000 439 2.000000 0.877732 13.430221 -1.100458 0.301970 
295.000000 440 2.000000 6.070530 9.609790 -0.576509 -0.318866 
295.000000 441 2.000000 4.714862 13.021019 1.064529 0.433439 
295.000000 442 2.000000 4.725617 8.265829 -2.122298 1.462978 
295.000000 443 2.000000 4.205550 18.982650 -0.373356 -0.415244 
295.000000 444 2.000000 0.656123 13.802361 0.437415 0.225209 
295.000000 445 2.000000 2.642651 18.536802 -0.169117 0.357826 
295.000000 446 2.000000 5.348355 6.765287 0.116658 -0.146721 
295.000000 447 2.000000 3.624609 4.744159 -1.863950 0.216601 
295.000000 448 2.000000 4.336010 13.974572 -1.600803 -2.619751 
295.000000 449 2.000000 5.668443 5.087276 -1.395198 -1.491272 
295.000000 450 2.000000 3.750201 16.310103 0.090992 1.130125 
295.000000 451 2.000000 0.349623 12.251288 -0.849575 -0.387436 
295.000000 452 2.000000 5.405568 16.545838 -0.782264 0.307410 
295.000000 453 2.000000 6.303075 4.814347 -1.119271 0.233706 
295.000000 454 2.000000 6.098722 3.487419 1.089057 0.670657 
295.000000 455 2.000000 2.571429 4.616826 1.607142 2.198488 
295.000000 456 2.000000 5.202319 11.041903 1.734106 -0.572402 
295.000000 457 2.000000 8.666739 3.166924 -1.270600 -0.920509 
295.000000 458 2.000000 7.056012 10.274699 0.041315 0.913852 
295.000000 459 2.000000 4.589810 1.112847 -1.174281 -1.152085 
295.000000 460 2.000000 4.809171 18.799511 -0.310114 1.495565 
295.000000 461 2.000000 1.966198 6.110612 0.641140 0.392537 
295.000000 462 2.000000 5.157993 16.235298 1.199533 -0.145355 
295.000000 463 2.000000 1.072916 5.513104 -0.211627 1.395722 
295.000000 464 2.000000 8.754650 13.395004 1.215923 -0.229744 
295.000000 465 2.000000 8.632467 3.628630 -0.118786 -0.719936 
295.000000 466 2.000000 6.398374 12.072907 -2.851676 -2.224108 
295.000000 467 2.000000 5.829265 0.310378 0.349722 -0.832912 
295.000000 468 2.000000 3.759678 18.126560 0.775191 0.388149 
295.000000 469 2.000000 3.109129 9.367960 -0.773490 -0.559486 
295.000000 470 2.000000 8.736780 0.724320 -1.102388 -0.996863 
295.000000 471 2.000000 6.190518 14.517653 1.768719 0.584211 
295.000000 472 2.000000 7.692742 16.322707 2.366997 1.672108 
295.000000 473 2.000000 5.457658 0.246728 -0.223695 -1.041932 
295.000000 474 2.000000 4.372465 10.763548 0.027713 -1.402034 
295.000000 475 2.000000 0.177272 5.427183 0.886354 -0.719810 
295.000000 476 2.000000 7.251400 15.604962 -0.892777 -1.758015 
295.000000 477 2.000000 2.128237 5.802333 0.157647 2.072261 
295.000000 478 2.000000 8.672580 17.454509 1.684928 -1.414161 
295.000000 479 2.000000 2.411577 9.828075 -1.520117 0.095907 
295.000000 480 2.000000 1.357194 19.908663 1.005328 -1.826714 
295.000000 481 2.000000 0.000001 1.496205 1.757478 1.870255 
295.000000 482 2.000000 5.912278 10.702796 0.346761 0.804721 
295.000000 483 2.000000 3.243617 13.458785 -0.634385 -1.081192 
295.000000 484 2.000000 5.016803 8.112318 1.223610 -0.002679 
295.000000 485 2.000000 8.524791 13.173574 -0.115915 -0.751326 
295.000000 486 2.000000 7.913284 3.967713 -1.632028 1.166974 
295.000000 487 2.000000 8.244510 3.044081 -0.341049 0.724781 
295.000000 488 2.000000 3.586202 12.453754 -0.255448 -0.221369 
295.000000 489 2.000000 3.616582 8.203079 -0.373620 -1.452340 
295.000000 490 2.000000 3.998262 5.459096 -0.815576 2.248316 
295.000000 491 2.000000 5.348239 16.267318 0.855718 0.434936 
295.000000 492 2.000000 1.135763 14.909486 -0.597646 1.818230 
295.000000 493 2.000000 4.607710 8.338516 -0.798416 -0.703900 
295.000000 494 2.000000 5.485605 9.690614 1.097121 0.318002 
295.000000 495 2.000000 8.115840 3.925747 0.939103 0.664821 
295.000000 496 2.000000 6.027310 18.401658 -0.216442 1.081258 
295.000000 497 2.000000 2.099877 18.733050 0.392500 0.797463 
295.000000 498 2.000000 4.349932 17.984616 -0.582793 0.655527 
295.000000 499 2.000000 7.860516 3.221143 1.849533 0.715809 
295.000000 500 2.000000 6.928570 7.016603 -1.367592 0.896767 
