375.000000 1 2.000000 4.223366 4.449141 -0.131216 2.870413 8.256487 8.256487 
375.000000 2 2.000000 2.456804 3.286130 -0.200856 0.597478 0.397323 0.397323 
375.000000 3 2.000000 1.290829 17.115909 0.992945 -0.244414 1.045678 1.045678 
375.000000 4 2.000000 4.091853 17.629880 -0.809231 1.098435 1.861414 1.861414 
375.000000 5 2.000000 1.889623 9.165705 1.043633 0.842954 1.799743 1.799743 
375.000000 6 2.000000 4.515562 3.291225 -0.456453 -0.397405 0.366280 0.366280 
375.000000 7 2.000000 3.657460 12.021777 -1.179766 0.673307 1.845189 1.845189 
375.000000 8 2.000000 1.461651 1.218766 0.621979 -3.238144 10.872432 10.872432 
375.000000 9 2.000000 3.717956 7.972567 0.867274 0.450645 0.955246 0.955246 
375.000000 10 2.000000 5.355628 4.463034 -2.667143 -0.938874 7.995135 7.995135 
375.000000 11 2.000000 3.747194 5.281167 0.352339 -0.498898 0.373042 0.373042 
375.000000 12 2.000000 5.273032 7.263678 0.769786 0.452566 0.797385 0.797385 
375.000000 13 2.000000 1.561520 7.598547 0.821852 1.489091 2.892834 2.892834 
375.000000 14 2.000000 0.460202 1.037844 0.296904 0.113992 0.101146 0.101146 
375.000000 15 2.000000 4.900509 11.746968 -2.869633 2.175860 12.969160 12.969160 
375.000000 16 2.000000 1.350692 5.312151 -2.970871 -0.654272 9.254147 9.254147 
375.000000 17 2.000000 1.053125 5.066997 -0.189659 -0.714326 0.546232 0.546232 
375.000000 18 2.000000 2.428512 11.979265 -0.302065 1.962959 3.944451 3.944451 
375.000000 19 2.000000 4.208754 2.466491 1.402918 1.644327 4.671988 4.671988 
375.000000 20 2.000000 3.806282 1.076764 -0.134350 0.185649 0.052515 0.052515 
375.000000 21 2.000000 4.283267 13.284633 1.278587 -0.651977 2.059859 2.059859 
375.000000 22 2.000000 5.265191 16.359312 -1.423166 1.895294 5.617541 5.617541 
375.000000 23 2.000000 0.083023 5.357316 1.660447 1.623429 5.392604 5.392604 
375.000000 24 2.000000 2.340342 0.642226 -1.742828 1.284449 4.687261 4.687261 
375.000000 25 2.000000 1.717848 15.566331 -1.720929 -0.154747 2.985543 2.985543 
375.000000 26 2.000000 2.756484 5.556419 -1.222932 1.751151 4.562094 4.562094 
375.000000 27 2.000000 5.287948 15.219688 1.602408 0.759697 3.144851 3.144851 
375.000000 28 2.000000 1.866864 16.229595 -2.256934 -1.839221 8.476488 8.476488 
375.000000 29 2.000000 2.652225 14.191924 -0.697101 -1.222753 1.981074 1.981074 
375.000000 30 2.000000 4.133653 10.323898 -0.932709 -2.199614 5.708246 5.708246 
375.000000 31 2.000000 1.992573 11.838332 -0.487991 0.815412 0.903032 0.903032 
375.000000 32 2.000000 3.685066 9.797436 -1.070466 0.228004 1.197884 1.197884 
375.000000 33 2.000000 2.582129 17.478289 3.037797 -0.394764 9.384051 9.384051 
375.000000 34 2.000000 3.466316 7.094870 0.064360 1.462860 2.144100 2.144100 
375.000000 35 2.000000 5.142184 12.394829 -0.848420 -2.055451 4.944697 4.944697 
375.000000 36 2.000000 1.551439 1.806707 -1.291301 -0.471028 1.889327 1.889327 
375.000000 37 2.000000 3.752187 16.272654 0.060848 1.172842 1.379261 1.379261 
375.000000 38 2.000000 5.239344 13.996570 1.386309 1.792790 5.135947 5.135947 
375.000000 39 2.000000 4.544774 4.381601 -1.185833 -0.104378 1.417095 1.417095 
375.000000 40 2.000000 5.666768 19.536200 2.463812 -0.441713 6.265479 6.265479 
375.000000 41 2.000000 4.176524 6.085541 2.456779 0.251860 6.099194 6.099194 
375.000000 42 2.000000 5.696335 17.978620 -1.111271 -0.748659 1.795414 1.795414 
375.000000 43 2.000000 5.327233 12.629485 0.027442 0.637853 0.407609 0.407609 
375.000000 44 2.000000 3.085140 4.157920 1.469114 0.319071 2.260101 2.260101 
375.000000 45 2.000000 2.718525 7.705610 -1.346208 0.168186 1.840562 1.840562 
375.000000 46 2.000000 2.435006 3.413524 0.412713 1.625487 2.812540 2.812540 
375.000000 47 2.000000 2.121218 13.752015 -0.293147 0.266534 0.156975 0.156975 
375.000000 48 2.000000 1.096277 19.087898 0.208815 -2.606002 6.834849 6.834849 
375.000000 49 2.000000 4.348452 12.032991 -0.724144 -0.287160 0.606845 0.606845 
375.000000 50 2.000000 0.026250 3.194363 -1.029346 -2.075095 5.365575 5.365575 
375.000000 51 2.000000 5.516346 6.137166 0.009467 -1.365796 1.865489 1.865489 
375.000000 52 2.000000 4.863064 6.512713 -1.650610 0.380958 2.869642 2.869642 
375.000000 53 2.000000 3.503313 11.536365 -1.702212 0.887483 3.685152 3.685152 
375.000000 54 2.000000 0.048427 19.748466 0.242129 -0.179667 0.090907 0.090907 
375.000000 55 2.000000 3.306233 15.822396 -0.150876 -1.777704 3.182993 3.182993 
375.000000 56 2.000000 0.240828 2.464950 1.605515 -0.423957 2.757417 2.757417 
375.000000 57 2.000000 4.521803 18.196350 -1.927532 -2.404866 9.498759 9.498759 
375.000000 58 2.000000 5.749999 12.705881 -1.387112 0.788150 2.545260 2.545260 
375.000000 59 2.000000 0.176214 8.111259 3.524260 1.133935 13.706215 13.706215 
375.000000 60 2.000000 4.269596 2.874164 1.274506 0.025975 1.625040 1.625040 
375.000000 61 2.000000 1.749102 16.712285 0.136648 -1.603763 2.590729 2.590729 
375.000000 62 2.000000 1.507079 4.869625 -2.467609 0.603862 6.453743 6.453743 
375.000000 63 2.000000 4.658914 16.737646 0.171536 0.593965 0.382219 0.382219 
375.000000 64 2.000000 5.478217 4.166430 2.236006 -0.349217 5.121678 5.121678 
375.000000 65 2.000000 3.960918 16.844149 -0.081266 -1.279897 1.644739 1.644739 
375.000000 66 2.000000 4.106460 13.161072 -0.635651 -1.731374 3.401707 3.401707 
375.000000 67 2.000000 0.221347 9.549168 2.213457 0.508096 5.157553 5.157553 
375.000000 68 2.000000 3.500027 17.852116 -0.334049 -1.718306 3.064165 3.064165 
375.000000 69 2.000000 5.342363 6.136032 0.488225 1.443772 2.322841 2.322841 
375.000000 70 2.000000 4.797911 11.346571 0.005664 0.390107 0.152215 0.152215 
375.000000 71 2.000000 3.882415 3.883862 1.176489 -0.850456 2.107402 2.107402 
375.000000 72 2.000000 2.399370 2.979081 -3.229075 -2.127615 14.953669 14.953669 
375.000000 73 2.000000 4.330538 17.175879 -1.707954 -0.010249 2.917212 2.917212 
375.000000 74 2.000000 2.322525 18.759014 -2.322983 0.609305 5.767502 5.767502 
375.000000 75 2.000000 2.579651 13.546412 -2.679957 1.528823 9.519468 9.519468 
375.000000 76 2.000000 2.001162 19.788713 1.000581 0.029982 1.002060 1.002060 
375.000000 77 2.000000 3.524461 8.951223 -0.296987 -1.243418 1.634290 1.634290 
375.000000 78 2.000000 3.374177 13.977419 1.853674 2.154891 8.079661 8.079661 
375.000000 79 2.000000 5.687784 0.130719 0.427253 -0.976495 1.136087 1.136087 
375.000000 80 2.000000 2.389965 0.778435 -0.483038 0.293749 0.319614 0.319614 
375.000000 81 2.000000 3.481592 11.631583 2.785273 1.086335 8.937868 8.937868 
375.000000 82 2.000000 5.403245 0.719218 -0.128091 -2.073078 4.314058 4.314058 
375.000000 83 2.000000 4.790218 12.505498 0.172721 -0.311482 0.126853 0.126853 
375.000000 84 2.000000 4.519119 1.991960 -0.703341 1.207248 1.952135 1.952135 
375.000000 85 2.000000 4.439573 5.728555 -0.050002 -0.684994 0.471717 0.471717 
375.000000 86 2.000000 4.612062 1.214166 -2.566748 0.232429 6.642219 6.642219 
375.000000 87 2.000000 1.384968 16.252210 -0.009792 1.014884 1.030086 1.030086 
375.000000 88 2.000000 3.103460 7.438000 3.448288 1.377407 13.787938 13.787938 
375.000000 89 2.000000 5.525686 3.436473 0.166163 1.462328 2.166015 2.166015 
375.000000 90 2.000000 3.695200 2.443960 0.972421 -2.975600 9.799796 9.799796 
375.000000 91 2.000000 5.561979 2.484641 1.059424 1.774743 4.272093 4.272093 
375.000000 92 2.000000 0.583976 9.219807 0.467180 -2.223355 5.161565 5.161565 
375.000000 93 2.000000 0.065115 3.983086 1.302284 0.203387 1.737309 1.737309 
375.000000 94 2.000000 0.370402 4.644065 0.048459 0.769442 0.594389 0.594389 
375.000000 95 2.000000 2.701610 13.074716 -0.306824 -0.428557 0.277802 0.277802 
375.000000 96 2.000000 0.476396 1.814227 -1.148232 1.649296 4.038615 4.038615 
375.000000 97 2.000000 1.960358 7.386243 -1.617017 -0.345068 2.733817 2.733817 
375.000000 98 2.000000 4.118338 9.435852 -0.874749 -1.029708 1.825484 1.825484 
375.000000 99 2.000000 4.795135 7.773298 -0.642184 0.357609 0.540285 0.540285 
375.000000 100 2.000000 0.109475 19.340629 -1.466993 -2.197900 6.982834 6.982834 
375.000000 101 2.000000 5.113754 16.443175 -2.158818 0.740683 5.209106 5.209106 
375.000000 102 2.000000 5.136183 15.725581 -1.265632 -1.942917 5.376752 5.376752 
375.000000 103 2.000000 4.810584 4.564428 -0.215248 0.527679 0.324777 0.324777 
375.000000 104 2.000000 1.497563 4.389835 -1.004463 -1.515550 3.305837 3.305837 
375.000000 105 2.000000 4.717957 2.680817 -0.802475 -1.431318 2.692637 2.692637 
375.000000 106 2.000000 4.920163 4.438884 1.468705 1.325040 3.912825 3.912825 
375.000000 107 2.000000 1.626864 18.570986 -1.268787 1.243919 3.157155 3.157155 
375.000000 108 2.000000 1.197845 11.730261 1.711206 -1.067063 4.066848 4.066848 
375.000000 109 2.000000 2.923927 17.759325 0.578995 2.206127 5.202233 5.202233 
375.000000 110 2.000000 0.584170 10.312483 -0.750247 -0.925147 1.418767 1.418767 
375.000000 111 2.000000 2.624420 0.404080 -2.193572 0.734690 5.351525 5.351525 
375.000000 112 2.000000 0.000001 8.139286 1.215329 -0.110593 1.489256 1.489256 
375.000000 113 2.000000 2.814446 3.550252 -1.668863 1.000071 3.785245 3.785245 
375.000000 114 2.000000 4.789673 17.024155 0.135569 0.032318 0.019424 0.019424 
375.000000 115 2.000000 2.933623 12.438303 1.583090 -2.260668 7.616794 7.616794 
375.000000 116 2.000000 1.924741 12.392318 -0.570088 0.407210 0.490820 0.490820 
375.000000 117 2.000000 0.671868 7.364265 -1.531568 -1.358681 4.191715 4.191715 
375.000000 118 2.000000 5.095430 1.494876 -0.910759 -0.660178 1.265317 1.265317 
375.000000 119 2.000000 1.656020 5.548190 -1.942176 -0.563964 4.090104 4.090104 
375.000000 120 2.000000 0.023049 0.000001 -3.617343 0.844550 13.798438 13.798438 
375.000000 121 2.000000 5.714626 13.824764 0.435185 1.469113 2.347680 2.347680 
375.000000 122 2.000000 1.147159 15.316883 -0.924221 0.210558 0.898519 0.898519 
375.000000 123 2.000000 1.453186 11.044295 0.908241 0.400375 0.985202 0.985202 
375.000000 124 2.000000 4.619247 18.887574 0.513250 -0.927020 1.122792 1.122792 
375.000000 125 2.000000 4.277009 15.854219 0.421003 -0.002997 0.177253 0.177253 
375.000000 126 2.000000 3.594802 5.833900 -2.911595 -2.275997 13.657549 13.657549 
375.000000 127 2.000000 3.483683 0.305817 0.278158 0.382270 0.223502 0.223502 
375.000000 128 2.000000 0.575597 4.071141 -2.761370 1.596526 10.174056 10.174056 
375.000000 129 2.000000 3.029072 16.529127 0.870432 0.178993 0.789690 0.789690 
375.000000 130 2.000000 0.767059 8.991083 1.704573 -1.394511 4.850228 4.850228 
375.000000 131 2.000000 5.062438 2.117888 0.416876 1.925352 3.880767 3.880767 
375.000000 132 2.000000 1.166215 0.688881 -0.754216 -1.296048 2.248583 2.248583 
375.000000 133 2.000000 1.520607 2.996861 -0.108969 1.427076 2.048421 2.048421 
375.000000 134 2.000000 1.458902 15.693590 -1.400253 0.842934 2.671246 2.671246 
375.000000 135 2.000000 3.018487 7.233416 2.235915 -1.480288 7.190571 7.190571 
375.000000 136 2.000000 4.703348 7.346443 0.149939 1.770227 3.156185 3.156185 
375.000000 137 2.000000 2.254614 18.943429 -0.050900 -0.127298 0.018795 0.018795 
375.000000 138 2.000000 2.948815 12.203393 -2.591979 -0.033826 6.719498 6.719498 
375.000000 139 2.000000 5.651276 13.244281 -0.320067 1.475824 2.280499 2.280499 
375.000000 140 2.000000 4.905917 3.281039 -0.275841 -1.356419 1.915960 1.915960 
375.000000 141 2.000000 3.719999 18.300006 -0.499364 -0.465751 0.466288 0.466288 
375.000000 142 2.000000 5.506821 0.132090 2.561312 -0.103697 6.571071 6.571071 
375.000000 143 2.000000 2.600561 14.286896 -1.612719 -1.202759 4.047490 4.047490 
375.000000 144 2.000000 2.806573 17.102005 1.935567 1.212908 5.217565 5.217565 
375.000000 145 2.000000 1.732350 15.981658 0.071746 0.816942 0.672541 0.672541 
375.000000 146 2.000000 1.467894 18.328961 1.545151 0.646089 2.804922 2.804922 
375.000000 147 2.000000 2.638363 12.162776 -1.129802 0.622278 1.663682 1.663682 
375.000000 148 2.000000 4.944914 18.252861 3.662899 -1.294176 15.091720 15.091720 
375.000000 149 2.000000 0.953917 0.841991 -0.013916 0.443152 0.196578 0.196578 
375.000000 150 2.000000 1.502235 1.603166 0.883667 -0.956285 1.695347 1.695347 
375.000000 151 2.000000 0.111615 14.781038 0.744092 1.624671 3.193228 3.193228 
375.000000 152 2.000000 0.770230 9.880729 2.200655 0.789417 5.466062 5.466062 
375.000000 153 2.000000 1.200918 18.218240 -2.565267 0.751268 7.144999 7.144999 
375.000000 154 2.000000 2.421886 8.883368 0.847000 0.805058 1.365528 1.365528 
375.000000 155 2.000000 4.330487 3.412727 0.612111 -1.746135 3.423669 3.423669 
375.000000 156 2.000000 0.769595 18.858342 -0.151906 1.904883 3.651655 3.651655 
375.000000 157 2.000000 0.418420 3.747427 0.697365 0.921667 1.335788 1.335788 
375.000000 158 2.000000 1.350624 13.829309 -1.287166 0.265605 1.727342 1.727342 
375.000000 159 2.000000 3.987067 7.570678 0.372778 -1.008901 1.156843 1.156843 
375.000000 160 2.000000 2.598546 10.316420 1.792100 -3.521301 15.611186 15.611186 
375.000000 161 2.000000 3.155514 9.308623 1.034594 0.820143 1.743020 1.743020 
375.000000 162 2.000000 1.285591 18.273450 0.247229 0.969429 1.000915 1.000915 
375.000000 163 2.000000 5.474101 11.383438 0.823944 2.531963 7.089720 7.089720 
375.000000 164 2.000000 4.193125 1.822958 0.790116 -2.748965 8.181093 8.181093 
375.000000 165 2.000000 2.846261 10.802005 0.045939 -1.507868 2.275776 2.275776 
375.000000 166 2.000000 2.597327 13.266862 -0.875060 2.946401 9.447011 9.447011 
375.000000 167 2.000000 4.181406 7.666561 -2.889987 -1.761920 11.456385 11.456385 
375.000000 168 2.000000 1.133872 3.784823 2.061585 -0.772450 4.846809 4.846809 
375.000000 169 2.000000 4.396369 19.986316 -1.971757 1.574323 6.366318 6.366318 
375.000000 170 2.000000 2.347805 15.729148 -1.118062 -0.083192 1.256982 1.256982 
375.000000 171 2.000000 1.432354 3.815662 -0.490109 -2.470891 6.345511 6.345511 
375.000000 172 2.000000 2.270397 8.851476 1.135198 0.384018 1.436143 1.436143 
375.000000 173 2.000000 3.220679 2.077746 0.670975 0.784055 1.064948 1.064948 
375.000000 174 2.000000 1.904337 4.055608 -1.754908 1.482815 5.278443 5.278443 
375.000000 175 2.000000 5.100850 18.647485 0.369480 -0.423058 0.315494 0.315494 
375.000000 176 2.000000 5.621216 14.229023 0.826649 -0.641220 1.094512 1.094512 
375.000000 177 2.000000 2.603583 9.872846 -1.501450 -1.947529 6.047222 6.047222 
375.000000 178 2.000000 2.487165 6.587903 0.932992 -1.946053 4.657596 4.657596 
375.000000 179 2.000000 4.199400 13.438569 -0.109370 1.238265 1.545263 1.545263 
375.000000 180 2.000000 1.294326 1.512238 -2.211499 -1.669461 7.677829 7.677829 
375.000000 181 2.000000 5.240135 15.235029 0.787990 0.218325 0.668594 0.668594 
375.000000 182 2.000000 0.165885 17.892992 -1.931732 -0.773934 4.330563 4.330563 
375.000000 183 2.000000 2.815433 5.903754 -0.500136 1.372966 2.135171 2.135171 
375.000000 184 2.000000 2.729839 7.801717 -0.740363 -0.903903 1.365178 1.365178 
375.000000 185 2.000000 1.907237 6.916928 1.003856 -0.438104 1.199662 1.199662 
375.000000 186 2.000000 0.062178 16.965040 -0.537285 0.535526 0.575463 0.575463 
375.000000 187 2.000000 5.637291 18.287196 3.047184 0.372528 9.424106 9.424106 
375.000000 188 2.000000 2.895541 14.948421 -2.321566 -0.272721 5.464047 5.464047 
375.000000 189 2.000000 0.558182 0.887724 -1.565005 2.219307 7.374563 7.374563 
375.000000 190 2.000000 3.688833 14.006086 1.189946 -1.393933 3.359021 3.359021 
375.000000 191 2.000000 5.394091 15.996573 -0.512545 -2.965501 9.056898 9.056898 
375.000000 192 2.000000 3.435274 13.626218 -0.836181 -0.704285 1.195216 1.195216 
375.000000 193 2.000000 5.054553 15.420652 -1.776615 -0.463953 3.371612 3.371612 
375.000000 194 2.000000 5.676933 18.458964 1.555324 -0.154104 2.442780 2.442780 
375.000000 195 2.000000 1.729637 1.383638 -1.785984 0.747912 3.749109 3.749109 
375.000000 196 2.000000 3.751454 16.840786 2.420292 3.139206 15.712432 15.712432 
375.000000 197 2.000000 1.634643 4.162851 2.335203 -0.005683 5.453205 5.453205 
375.000000 198 2.000000 0.982619 17.550642 -1.460667 -0.979476 3.092921 3.092921 
375.000000 199 2.000000 1.194631 3.563474 0.010276 -0.283436 0.080442 0.080442 
375.000000 200 2.000000 4.074413 5.590608 1.733792 1.803422 6.258365 6.258365 
375.000000 201 2.000000 3.022660 8.043971 0.240770 1.256870 1.637693 1.637693 
375.000000 202 2.000000 1.748207 9.375242 0.464386 0.561422 0.530849 0.530849 
375.000000 203 2.000000 3.600287 14.565579 -0.849212 0.818291 1.390761 1.390761 
375.000000 204 2.000000 5.389389 4.430889 -2.442067 1.363350 7.822415 7.822415 
375.000000 205 2.000000 0.377182 15.122133 -0.106187 1.581211 2.511503 2.511503 
375.000000 206 2.000000 3.864766 1.553120 -0.339637 2.389413 5.824650 5.824650 
375.000000 207 2.000000 2.296781 6.794907 0.012261 1.835771 3.370206 3.370206 
375.000000 208 2.000000 2.209412 19.490556 0.249121 -0.540192 0.353869 0.353869 
375.000000 209 2.000000 1.533211 10.218417 0.548660 1.214664 1.776437 1.776437 
375.000000 210 2.000000 2.178177 2.021397 -0.909176 0.434709 1.015573 1.015573 
375.000000 211 2.000000 3.947681 19.269680 -0.592559 -1.123568 1.613532 1.613532 
375.000000 212 2.000000 5.294651 4.819423 0.284288 0.292040 0.166107 0.166107 
375.000000 213 2.000000 2.113440 18.711770 0.556168 -0.858819 1.046893 1.046893 
375.000000 214 2.000000 0.215324 15.777848 1.435485 0.512001 2.322760 2.322760 
375.000000 215 2.000000 1.590899 15.244267 0.480295 -1.044782 1.322252 1.322252 
375.000000 216 2.000000 1.058401 4.987665 0.407077 0.065645 0.170021 0.170021 
375.000000 217 2.000000 1.607686 13.642475 -3.489927 -1.338426 13.970979 13.970979 
375.000000 218 2.000000 0.178874 1.036067 -0.588286 0.796974 0.981248 0.981248 
375.000000 219 2.000000 2.289144 12.357654 -0.493376 -0.228351 0.295564 0.295564 
375.000000 220 2.000000 2.015265 14.466001 0.165622 1.493577 2.258202 2.258202 
375.000000 221 2.000000 3.822677 1.031172 -0.604859 1.288964 2.027282 2.027282 
375.000000 222 2.000000 2.572922 1.444924 -1.626539 -0.358040 2.773821 2.773821 
375.000000 223 2.000000 5.270479 1.345599 -3.234799 -0.542189 10.757891 10.757891 
375.000000 224 2.000000 4.590753 2.685198 -1.821456 1.917998 6.996416 6.996416 
375.000000 225 2.000000 0.567035 1.233383 1.134069 -0.494502 1.530644 1.530644 
375.000000 226 2.000000 3.548117 3.713610 1.223488 -0.465412 1.713532 1.713532 
375.000000 227 2.000000 3.049598 18.778691 -3.038445 0.537392 9.520938 9.520938 
375.000000 228 2.000000 0.000001 17.670226 1.531882 -1.136475 3.638236 3.638236 
375.000000 229 2.000000 5.339603 16.880827 -0.192866 -0.588523 0.383557 0.383557 
375.000000 230 2.000000 3.747061 10.260096 2.676471 2.472312 13.275826 13.275826 
375.000000 231 2.000000 1.221156 16.077477 -1.296012 -0.784504 2.295094 2.295094 
375.000000 232 2.000000 3.510457 18.773109 2.005975 0.468481 4.243411 4.243411 
375.000000 233 2.000000 2.432729 7.738967 2.703031 1.532468 9.654834 9.654834 
375.000000 234 2.000000 0.296592 15.747414 -1.110458 0.657894 1.665942 1.665942 
375.000000 235 2.000000 4.857068 8.380764 -1.088507 -0.142248 1.205082 1.205082 
375.000000 236 2.000000 4.464290 9.183340 -0.523173 -1.395698 2.221683 2.221683 
375.000000 237 2.000000 0.773326 2.612748 2.209499 0.916753 5.722322 5.722322 
375.000000 238 2.000000 0.801308 3.306915 -1.323374 -0.304717 1.844172 1.844172 
375.000000 239 2.000000 4.978008 11.621621 -0.570408 -0.738641 0.870956 0.870956 
375.000000 240 2.000000 4.494263 9.597383 -1.969901 0.100067 3.890524 3.890524 
375.000000 241 2.000000 2.308455 13.246224 0.509999 1.233905 1.782620 1.782620 
375.000000 242 2.000000 1.677431 5.528442 -1.848030 2.211376 8.305401 8.305401 
375.000000 243 2.000000 3.804631 9.338489 -0.387867 0.727829 0.680175 0.680175 
375.000000 244 2.000000 3.918904 11.896813 -2.479460 0.583733 6.488464 6.488464 
375.000000 245 2.000000 1.149412 7.418540 -1.071840 0.872769 1.910567 1.910567 
375.000000 246 2.000000 5.586325 9.839396 1.140066 -0.348743 1.421372 1.421372 
375.000000 247 2.000000 0.096967 2.927943 1.939322 0.476088 3.987630 3.987630 
375.000000 248 2.000000 3.490873 16.954098 -2.189549 -1.846000 8.201842 8.201842 
375.000000 249 2.000000 3.781403 3.151038 1.200445 -0.756940 2.014027 2.014027 
375.000000 250 2.000000 5.477050 7.423512 -0.325315 -1.638963 2.792030 2.792030 
375.000000 251 2.000000 4.648146 2.209233 1.754017 -0.966606 4.010902 4.010902 
375.000000 252 2.000000 5.426482 11.780154 -3.273172 -0.130963 10.730808 10.730808 
375.000000 253 2.000000 5.150947 17.507485 -0.025382 -0.792707 0.629028 0.629028 
375.000000 254 2.000000 4.103247 15.073364 -1.410293 -3.789719 16.350897 16.350897 
375.000000 255 2.000000 3.719524 18.323882 0.751419 -0.274773 0.640131 0.640131 
375.000000 256 2.000000 2.498384 3.143782 -1.121872 0.479967 1.488964 1.488964 
375.000000 257 2.000000 2.280570 13.738052 3.508567 0.038572 12.311533 12.311533 
375.000000 258 2.000000 1.018381 3.502652 -0.284438 0.440585 0.275020 0.275020 
375.000000 259 2.000000 1.004894 5.395097 -0.031171 -1.321711 1.747891 1.747891 
375.000000 260 2.000000 1.445765 9.583187 0.055174 1.734714 3.012277 3.012277 
375.000000 261 2.000000 0.081608 6.682053 1.632147 0.475136 2.889659 2.889659 
375.000000 262 2.000000 3.125160 15.461966 -1.976214 -1.529594 6.245083 6.245083 
375.000000 263 2.000000 3.733915 4.737170 -2.054084 -0.579739 4.555359 4.555359 
375.000000 264 2.000000 4.436813 16.069087 0.391672 0.976832 1.107607 1.107607 
375.000000 265 2.000000 3.733615 13.961255 2.489076 -1.259447 7.781706 7.781706 
375.000000 266 2.000000 4.310687 11.587566 -2.094160 2.928511 12.961682 12.961682 
375.000000 267 2.000000 3.788886 11.835043 1.017229 -1.342036 2.835816 2.835816 
375.000000 268 2.000000 5.011984 8.617025 -3.728076 1.206859 15.355062 15.355062 
375.000000 269 2.000000 1.316206 15.302890 -0.152533 1.189136 1.437310 1.437310 
375.000000 270 2.000000 0.434979 8.152177 -1.285381 -1.334978 3.434370 3.434370 
375.000000 271 2.000000 2.319468 13.623448 -1.285466 0.875455 2.418844 2.418844 
375.000000 272 2.000000 1.412464 16.001695 -2.466494 0.237428 6.139962 6.139962 
375.000000 273 2.000000 1.698940 5.582882 0.970822 -1.664114 3.711770 3.711770 
375.000000 274 2.000000 4.599841 10.709325 -3.324164 -0.443469 11.246733 11.246733 
375.000000 275 2.000000 3.943437 5.460902 -0.529691 -2.669041 7.404355 7.404355 
375.000000 276 2.000000 2.943839 4.502883 -0.923032 -0.967106 1.787282 1.787282 
375.000000 277 2.000000 5.745729 0.813514 0.761024 0.856329 1.312457 1.312457 
375.000000 278 2.000000 4.233406 19.935991 -0.134443 -1.280156 1.656874 1.656874 
375.000000 279 2.000000 3.290242 9.336038 -0.984060 1.795392 4.191806 4.191806 
375.000000 280 2.000000 2.693633 1.517620 2.448756 -0.079943 6.002798 6.002798 
375.000000 281 2.000000 4.663044 9.651408 -0.779048 2.131618 5.150709 5.150709 
375.000000 282 2.000000 0.375302 17.537232 1.072289 1.248202 2.707812 2.707812 
375.000000 283 2.000000 5.238339 18.766289 1.518359 -1.370789 4.184475 4.184475 
375.000000 284 2.000000 4.070523 16.043369 -0.975471 1.501876 3.207177 3.207177 
375.000000 285 2.000000 3.676785 2.181537 1.710132 -0.905130 3.743812 3.743812 
375.000000 286 2.000000 4.170000 18.570778 0.868750 1.104718 1.975128 1.975128 
375.000000 287 2.000000 0.473802 15.572368 -0.221620 2.176468 4.786131 4.786131 
375.000000 288 2.000000 1.093401 14.182658 0.042076 -1.005451 1.012701 1.012701 
375.000000 289 2.000000 5.023284 1.184450 -2.114329 0.514978 4.735591 4.735591 
375.000000 290 2.000000 3.457966 19.660228 2.023508 -0.148099 4.116519 4.116519 
375.000000 291 2.000000 1.486753 2.859380 0.022419 -1.697091 2.880620 2.880620 
375.000000 292 2.000000 0.004606 12.403851 -0.964676 -1.688033 3.780055 3.780055 
375.000000 293 2.000000 4.342079 8.358316 0.775371 -0.940341 1.485442 1.485442 
375.000000 294 2.000000 1.984196 1.724251 1.803814 -0.821382 3.928412 3.928412 
375.000000 295 2.000000 4.720163 2.432588 -1.249572 1.186628 2.969515 2.969515 
375.000000 296 2.000000 5.749999 4.075179 -0.935347 -0.947906 1.773400 1.773400 
375.000000 297 2.000000 4.171039 9.348126 -1.700064 -0.232591 2.944314 2.944314 
375.000000 298 2.000000 4.285149 2.288992 -0.875057 0.538586 1.055800 1.055800 
375.000000 299 2.000000 0.069197 7.631609 0.691963 0.691045 0.956356 0.956356 
375.000000 300 2.000000 0.714543 6.084246 0.840638 -0.182272 0.739896 0.739896 
375.000000 301 2.000000 3.884181 0.446963 -0.886099 -0.840371 1.491395 1.491395 
375.000000 302 2.000000 3.936754 8.873013 0.407954 -0.575311 0.497409 0.497409 
375.000000 303 2.000000 2.368422 8.862481 -0.020867 0.112924 0.013187 0.013187 
375.000000 304 2.000000 1.227056 14.587922 -0.263186 1.823490 3.394383 3.394383 
375.000000 305 2.000000 2.065979 5.056179 2.174714 -0.720879 5.249047 5.249047 
375.000000 306 2.000000 2.373080 19.619410 -1.769753 2.336563 8.591551 8.591551 
375.000000 307 2.000000 1.900158 3.904981 1.407524 1.076571 3.140129 3.140129 
375.000000 308 2.000000 1.860833 2.853284 0.516898 0.920414 1.114345 1.114345 
375.000000 309 2.000000 4.078299 12.971853 -1.229762 0.102790 1.522881 1.522881 
375.000000 310 2.000000 5.627802 18.046929 0.434308 -0.270533 0.261811 0.261811 
375.000000 311 2.000000 1.971486 0.840662 0.070109 0.205039 0.046956 0.046956 
375.000000 312 2.000000 2.930483 8.144415 -2.126531 -0.408373 4.688901 4.688901 
375.000000 313 2.000000 1.627246 12.410460 1.627245 -0.113755 2.660865 2.660865 
375.000000 314 2.000000 2.559008 4.795994 1.895560 -0.433163 3.780779 3.780779 
375.000000 315 2.000000 0.637342 0.281687 1.416313 0.433362 2.193746 2.193746 
375.000000 316 2.000000 1.204314 19.804572 0.227229 0.058677 0.055076 0.055076 
375.000000 317 2.000000 4.352814 4.750771 -2.832370 0.319780 8.124580 8.124580 
375.000000 318 2.000000 2.470082 17.910892 -3.019742 -0.202778 9.159963 9.159963 
375.000000 319 2.000000 5.040306 9.572872 1.120068 -0.961026 2.178122 2.178122 
375.000000 320 2.000000 2.960858 4.452236 0.911033 -2.961479 9.600336 9.600336 
375.000000 321 2.000000 1.267319 8.887371 -0.246317 -1.240749 1.600131 1.600131 
375.000000 322 2.000000 3.666430 2.408610 0.928210 0.560142 1.175332 1.175332 
375.000000 323 2.000000 2.568249 15.748545 0.181057 -0.429440 0.217200 0.217200 
375.000000 324 2.000000 3.019735 5.757105 1.232545 2.257688 6.616321 6.616321 
375.000000 325 2.000000 2.673429 1.299304 0.685494 -1.176144 1.853218 1.853218 
375.000000 326 2.000000 2.190122 11.326323 1.307358 0.002356 1.709191 1.709191 
375.000000 327 2.000000 4.114849 2.419680 0.364752 -2.211361 5.023161 5.023161 
375.000000 328 2.000000 5.416581 8.764405 0.729316 -0.107929 0.543550 0.543550 
375.000000 329 2.000000 1.644370 2.130426 0.913539 0.448511 1.035715 1.035715 
375.000000 330 2.000000 2.531737 0.463120 4.603156 -0.509436 21.448574 21.448574 
375.000000 331 2.000000 4.275684 9.925940 -1.772488 1.013044 4.167973 4.167973 
375.000000 332 2.000000 1.571380 10.518979 -0.728681 1.492054 2.757200 2.757200 
375.000000 333 2.000000 0.625818 3.533574 -2.734938 -1.070580 8.626024 8.626024 
375.000000 334 2.000000 3.961520 14.082822 2.263725 -0.040153 5.126064 5.126064 
375.000000 335 2.000000 4.820495 9.576208 -0.781603 2.016044 4.675335 4.675335 
375.000000 336 2.000000 0.461860 15.365365 -2.975855 -0.062019 8.859560 8.859560 
375.000000 337 2.000000 2.402402 15.742207 1.601601 -2.027520 6.675962 6.675962 
375.000000 338 2.000000 4.570385 1.208155 -2.659363 -2.959346 15.829940 15.829940 
375.000000 339 2.000000 1.453826 5.933798 -0.036507 -1.336124 1.786561 1.786561 
375.000000 340 2.000000 2.391045 19.851756 0.919632 1.429700 2.889765 2.889765 
375.000000 341 2.000000 1.657288 7.533905 -0.072373 0.077872 0.011302 0.011302 
375.000000 342 2.000000 0.454920 13.043463 1.137298 1.278771 2.928703 2.928703 
375.000000 343 2.000000 3.560331 5.270318 -1.160907 0.000015 1.347705 1.347705 
375.000000 344 2.000000 1.288367 2.307891 -0.548577 -2.127962 4.829161 4.829161 
375.000000 345 2.000000 5.750000 0.189822 -0.017595 -0.491988 0.242362 0.242362 
375.000000 346 2.000000 1.459215 16.155172 2.432024 0.688820 6.389213 6.389213 
375.000000 347 2.000000 4.742978 15.954685 -0.269499 -0.974774 1.022815 1.022815 
375.000000 348 2.000000 5.612225 13.704956 2.040809 -1.554332 6.580846 6.580846 
375.000000 349 2.000000 3.297636 0.742166 -0.210702 -0.507780 0.302236 0.302236 
375.000000 350 2.000000 2.180669 13.964723 -0.425490 -0.785103 0.797430 0.797430 
375.000000 351 2.000000 3.220846 4.908949 1.171875 -1.083924 2.548181 2.548181 
375.000000 352 2.000000 4.797970 5.258979 -1.624715 -0.485899 2.875798 2.875798 
375.000000 353 2.000000 0.900080 13.896288 -3.166980 0.448907 10.231279 10.231279 
375.000000 354 2.000000 2.768008 9.587604 2.636197 -0.255450 7.014792 7.014792 
375.000000 355 2.000000 2.687803 11.429462 0.709021 -0.455344 0.710049 0.710049 
375.000000 356 2.000000 2.399902 10.842027 -2.008645 2.007783 8.065846 8.065846 
375.000000 357 2.000000 0.594148 13.271441 -0.526706 -2.990470 9.220330 9.220330 
375.000000 358 2.000000 0.524618 4.766187 0.807103 -1.099914 1.861227 1.861227 
375.000000 359 2.000000 3.710662 18.810215 0.650993 -0.660991 0.860701 0.860701 
375.000000 360 2.000000 4.393306 12.931812 -0.294655 0.014430 0.087030 0.087030 
375.000000 361 2.000000 3.197762 14.923210 0.006426 0.230921 0.053366 0.053366 
375.000000 362 2.000000 4.194420 14.411295 0.017015 -0.332873 0.111094 0.111094 
375.000000 363 2.000000 4.632821 16.498001 1.853128 -0.886582 4.220110 4.220110 
375.000000 364 2.000000 0.544173 0.624770 0.054933 0.367511 0.138082 0.138082 
375.000000 365 2.000000 1.500918 4.198994 -0.614190 1.199712 1.816539 1.816539 
375.000000 366 2.000000 2.760610 19.488370 1.971863 -1.279073 5.524272 5.524272 
375.000000 367 2.000000 2.477889 3.655807 0.854444 1.827903 4.071303 4.071303 
375.000000 368 2.000000 1.092023 11.649311 1.560032 0.247412 2.494912 2.494912 
375.000000 369 2.000000 1.814265 7.588285 -0.667717 1.614529 3.052549 3.052549 
375.000000 370 2.000000 4.417561 17.453486 0.892436 1.427485 2.834157 2.834157 
375.000000 371 2.000000 1.326661 16.270412 -0.778001 -0.909655 1.432758 1.432758 
375.000000 372 2.000000 5.392914 4.252640 -0.752170 1.635630 3.241046 3.241046 
375.000000 373 2.000000 4.718801 7.057910 -0.467666 0.815904 0.884410 0.884410 
375.000000 374 2.000000 2.851516 7.356239 1.188131 2.195892 6.233597 6.233597 
375.000000 375 2.000000 2.500522 0.337707 -0.367493 0.005817 0.135085 0.135085 
375.000000 376 2.000000 2.359463 16.271050 0.321015 -1.264050 1.700874 1.700874 
375.000000 377 2.000000 2.788988 8.920809 0.121711 1.787498 3.209964 3.209964 
375.000000 378 2.000000 1.312049 4.164011 -1.107386 -0.297500 1.314809 1.314809 
375.000000 379 2.000000 5.044337 9.407690 -1.123634 0.813660 1.924596 1.924596 
375.000000 380 2.000000 4.860996 19.935667 -0.721848 2.125214 5.037600 5.037600 
375.000000 381 2.000000 2.514677 12.672935 0.396070 1.835763 3.526899 3.526899 
375.000000 382 2.000000 2.832059 18.425588 1.003780 -1.865937 4.489294 4.489294 
375.000000 383 2.000000 1.600134 6.543795 -2.281170 -1.238402 6.737378 6.737378 
375.000000 384 2.000000 3.991349 2.947662 2.046845 -0.201758 4.230280 4.230280 
375.000000 385 2.000000 2.580785 11.355830 -3.559349 -0.626915 13.061986 13.061986 
375.000000 386 2.000000 4.915542 1.735423 -0.075014 -0.946434 0.901365 0.901365 
375.000000 387 2.000000 4.379000 3.170526 0.328522 1.981578 4.034579 4.034579 
375.000000 388 2.000000 0.296900 16.540723 2.968988 0.767203 9.403491 9.403491 
375.000000 389 2.000000 2.905516 15.695263 2.421263 -1.004725 6.871985 6.871985 
375.000000 390 2.000000 2.440151 17.088641 -1.076571 -1.712563 4.091878 4.091878 
375.000000 391 2.000000 1.323448 17.784959 -2.308026 -0.466324 5.544444 5.544444 
375.000000 392 2.000000 5.715862 15.560373 -0.379371 1.249600 1.705422 1.705422 
375.000000 393 2.000000 2.010644 5.085812 1.436173 0.138226 2.081700 2.081700 
375.000000 394 2.000000 2.484318 3.748965 0.546004 -1.785828 3.487301 3.487301 
375.000000 395 2.000000 5.279423 18.630094 0.225200 -1.522117 2.367555 2.367555 
375.000000 396 2.000000 4.217418 17.105697 -3.103162 1.374750 11.519552 11.519552 
375.000000 397 2.000000 3.051006 14.233515 0.391154 -0.445288 0.351283 0.351283 
375.000000 398 2.000000 3.172072 4.416338 3.524523 -0.304764 12.515145 12.515145 
375.000000 399 2.000000 2.560861 4.750958 1.384248 1.235667 3.443017 3.443017 
375.000000 400 2.000000 3.317292 3.977534 0.108320 -0.690318 0.488271 0.488271 
375.000000 401 2.000000 0.451027 13.166514 -0.254842 1.415754 2.069304 2.069304 
375.000000 402 2.000000 3.868211 17.227720 1.004730 0.677156 1.468023 1.468023 
375.000000 403 2.000000 4.137841 12.436067 0.507710 3.109016 9.923753 9.923753 
375.000000 404 2.000000 2.557875 5.390264 1.023150 -0.494645 1.291509 1.291509 
375.000000 405 2.000000 4.831224 15.072508 -1.074107 -1.016231 2.186431 2.186431 
375.000000 406 2.000000 5.116127 15.702250 2.558063 -0.485621 6.779515 6.779515 
375.000000 407 2.000000 3.156428 9.105480 -0.335819 1.040364 1.195131 1.195131 
375.000000 408 2.000000 0.533269 14.270963 -0.435216 -1.660590 2.946972 2.946972 
375.000000 409 2.000000 4.886199 2.910199 2.035916 0.735798 4.686352 4.686352 
375.000000 410 2.000000 2.073780 9.391884 0.942627 2.110536 5.342906 5.342906 
375.000000 411 2.000000 0.759250 17.922912 1.380453 0.552641 2.211062 2.211062 
375.000000 412 2.000000 3.849139 2.681342 -1.226038 -1.832662 4.861819 4.861819 
375.000000 413 2.000000 5.749999 6.440923 -2.346358 0.178602 5.537293 5.537293 
375.000000 414 2.000000 4.502068 4.116944 -0.059070 0.228550 0.055725 0.055725 
375.000000 415 2.000000 2.760315 5.574470 -1.996221 -1.462871 6.124890 6.124890 
375.000000 416 2.000000 5.370848 17.052279 1.791407 0.184554 3.243199 3.243199 
375.000000 417 2.000000 0.189420 5.058728 1.894187 -0.003450 3.587957 3.587957 
375.000000 418 2.000000 4.887203 14.175765 -1.763592 1.722688 6.077910 6.077910 
375.000000 419 2.000000 1.012470 0.969534 2.531172 0.587596 6.752101 6.752101 
375.000000 420 2.000000 2.077327 9.051849 0.681091 0.588266 0.809942 0.809942 
375.000000 421 2.000000 2.378607 3.198766 0.779871 -1.860778 4.070692 4.070692 
375.000000 422 2.000000 4.459093 7.116140 3.303031 -2.629359 17.823543 17.823543 
375.000000 423 2.000000 2.004942 2.641986 -3.034045 1.761323 12.307691 12.307691 
375.000000 424 2.000000 2.640053 16.591642 -1.815112 1.759833 6.391645 6.391645 
375.000000 425 2.000000 5.520329 12.369681 1.825584 -0.990792 4.314425 4.314425 
375.000000 426 2.000000 2.354146 1.109541 1.148364 -1.533394 3.670035 3.670035 
375.000000 427 2.000000 3.469184 3.305288 -1.127309 1.447490 3.366053 3.366053 
375.000000 428 2.000000 1.783361 13.314736 0.122037 -0.125446 0.030630 0.030630 
375.000000 429 2.000000 2.911225 9.282321 -0.765891 -1.128177 1.859371 1.859371 
375.000000 430 2.000000 5.364523 12.963764 0.374422 1.537914 2.505371 2.505371 
375.000000 431 2.000000 2.182212 12.634294 1.312753 0.851110 2.447709 2.447709 
375.000000 432 2.000000 3.861896 12.817181 -0.601613 -0.446402 0.561213 0.561213 
375.000000 433 2.000000 0.437232 18.598148 1.249233 -1.121481 2.818301 2.818301 
375.000000 434 2.000000 4.954089 6.817763 1.042966 1.239593 2.624369 2.624369 
375.000000 435 2.000000 5.172456 9.468781 -0.319728 0.272016 0.176219 0.176219 
375.000000 436 2.000000 2.414461 4.227033 1.509037 -0.908903 3.103299 3.103299 
375.000000 437 2.000000 3.481477 5.676701 -0.510609 0.483123 0.494130 0.494130 
375.000000 438 2.000000 1.637296 11.247875 0.409324 0.329105 0.275856 0.275856 
375.000000 439 2.000000 1.213141 0.254865 0.970512 -1.443908 3.026763 3.026763 
375.000000 440 2.000000 2.274793 3.073158 -0.643977 0.189195 0.450501 0.450501 
375.000000 441 2.000000 3.206335 19.575456 -1.491522 1.245666 3.776322 3.776322 
375.000000 442 2.000000 1.003129 13.488600 -0.195271 -2.100451 4.450026 4.450026 
375.000000 443 2.000000 4.765508 16.744845 -1.268614 1.257004 3.189441 3.189441 
375.000000 444 2.000000 1.357710 4.431404 1.643509 0.860714 3.441949 3.441949 
375.000000 445 2.000000 1.703104 6.373117 0.467740 -1.961920 4.067911 4.067911 
375.000000 446 2.000000 3.623889 5.552582 -0.479646 -1.873650 3.740623 3.740623 
375.000000 447 2.000000 2.671332 16.925285 -2.970064 1.812957 12.108091 12.108091 
375.000000 448 2.000000 1.930516 12.309606 -2.048636 -2.727022 11.633557 11.633557 
375.000000 449 2.000000 5.176194 8.865773 1.176407 -1.739723 4.410570 4.410570 
375.000000 450 2.000000 1.055936 3.042522 0.354548 -1.660863 2.884170 2.884170 
375.000000 451 2.000000 4.157330 19.146411 0.503919 -1.313212 1.978459 1.978459 
375.000000 452 2.000000 1.813541 3.778529 -1.581709 -2.949358 11.200517 11.200517 
375.000000 453 2.000000 2.256896 14.446720 1.128448 -0.106753 1.284790 1.284790 
375.000000 454 2.000000 2.740201 11.456640 -1.542899 -0.452030 2.584868 2.584868 
375.000000 455 2.000000 4.141492 1.972047 0.020645 -0.184326 0.034402 0.034402 
375.000000 456 2.000000 2.621164 17.253836 1.497807 -0.404863 2.407341 2.407341 
375.000000 457 2.000000 0.103601 17.059398 -2.933589 -2.100429 13.017748 13.017748 
375.000000 458 2.000000 2.856508 9.611576 -3.068881 1.500331 11.669026 11.669026 
375.000000 459 2.000000 4.690391 3.800579 -0.391203 0.543068 0.447962 0.447962 
375.000000 460 2.000000 5.384547 7.378501 0.693994 -1.734823 3.491238 3.491238 
375.000000 461 2.000000 1.581779 2.346600 -0.280200 0.574622 0.408703 0.408703 
375.000000 462 2.000000 4.584730 1.336672 -1.203269 1.113892 2.688612 2.688612 
375.000000 463 2.000000 1.732829 0.532552 0.351749 -0.157504 0.148535 0.148535 
375.000000 464 2.000000 4.642137 12.228872 -1.268958 -0.040832 1.611922 1.611922 
375.000000 465 2.000000 0.639839 16.719146 0.581671 -0.925301 1.194523 1.194523 
375.000000 466 2.000000 3.768021 4.789452 -0.244536 1.954878 3.881345 3.881345 
375.000000 467 2.000000 2.881659 9.729428 1.130062 3.040446 10.521353 10.521353 
375.000000 468 2.000000 4.187917 3.693773 -2.120777 -2.043733 8.674537 8.674537 
375.000000 469 2.000000 0.332787 11.541509 -0.074059 0.570440 0.330887 0.330887 
375.000000 470 2.000000 4.814835 12.277711 -0.020596 -0.702369 0.493746 0.493746 
375.000000 471 2.000000 1.005942 7.628559 -0.203339 0.292906 0.127141 0.127141 
375.000000 472 2.000000 2.504424 17.992018 1.615757 -0.207466 2.653713 2.653713 
375.000000 473 2.000000 0.254512 2.024092 1.696738 -1.152302 4.206717 4.206717 
375.000000 474 2.000000 4.442736 9.504351 0.222526 -2.358573 5.612382 5.612382 
375.000000 475 2.000000 2.639280 9.586647 -0.365444 -0.588770 0.480200 0.480200 
375.000000 476 2.000000 1.121015 9.964672 -2.540153 -0.350911 6.575518 6.575518 
375.000000 477 2.000000 5.593671 5.267640 1.222937 3.037463 10.721758 10.721758 
375.000000 478 2.000000 5.503182 7.675843 0.271306 -2.655349 7.124483 7.124483 
375.000000 479 2.000000 0.742609 4.423777 0.155012 2.106560 4.461624 4.461624 
375.000000 480 2.000000 4.726617 15.007755 -2.596456 -0.587323 7.086531 7.086531 
375.000000 481 2.000000 1.372963 16.148233 0.089726 0.478906 0.237402 0.237402 
375.000000 482 2.000000 2.296178 15.195197 3.280253 0.185580 10.794497 10.794497 
375.000000 483 2.000000 1.363118 11.664000 1.947310 0.878848 4.564388 4.564388 
375.000000 484 2.000000 5.750000 12.999534 -0.002152 1.239858 1.537252 1.537252 
375.000000 485 2.000000 3.411468 8.103967 -1.650780 0.127193 2.741252 2.741252 
375.000000 486 2.000000 0.543370 14.118239 1.552482 -0.232048 2.464045 2.464045 
375.000000 487 2.000000 1.662583 14.374990 -0.182618 -0.493999 0.277384 0.277384 
375.000000 488 2.000000 5.258281 14.331684 3.895022 1.165177 16.528836 16.528836 
375.000000 489 2.000000 0.903712 8.823868 -1.079385 -0.117251 1.178819 1.178819 
375.000000 490 2.000000 5.040588 16.352804 2.057382 0.740723 4.781493 4.781493 
375.000000 491 2.000000 4.497916 3.877947 -1.290083 -0.321770 1.767850 1.767850 
375.000000 492 2.000000 2.817101 9.645276 2.086741 -2.326904 9.768971 9.768971 
375.000000 493 2.000000 1.823485 18.493660 0.607828 -1.075957 1.527138 1.527138 
375.000000 494 2.000000 3.085811 13.069942 2.057206 0.671815 4.683433 4.683433 
375.000000 495 2.000000 1.482889 8.370219 3.295307 -0.086346 10.866505 10.866505 
375.000000 496 2.000000 5.284195 18.860119 2.457765 -0.225719 6.091557 6.091557 
375.000000 497 2.000000 0.968261 11.830121 -0.434411 -1.502467 2.446118 2.446118 
375.000000 498 2.000000 5.749999 13.225594 -2.264845 0.752427 5.695671 5.695671 
375.000000 499 2.000000 1.122110 9.074602 -1.580630 1.289863 4.162137 4.162137 
375.000000 500 2.000000 3.648840 18.659474 2.027133 0.677102 4.567736 4.567736 
