565.000000 1 2.000000 0.284766 8.697614 -2.860933 -4.020863 24.352274 24.352274 
565.000000 2 2.000000 0.644269 7.089267 -0.118645 -4.102218 16.842269 16.842269 
565.000000 3 2.000000 0.196355 19.426455 -1.597865 2.054941 6.775954 6.775954 
565.000000 4 2.000000 0.181004 19.999999 -2.773329 -2.683305 14.891481 14.891481 
565.000000 5 2.000000 0.191331 2.170316 0.956649 -3.672126 14.399690 14.399690 
565.000000 6 2.000000 0.948348 18.505855 0.611837 2.145102 4.975805 4.975805 
565.000000 7 2.000000 0.999999 11.235333 -2.430416 -3.659466 19.298613 19.298613 
565.000000 8 2.000000 0.228593 16.820271 -5.142704 3.991698 42.381063 42.381063 
565.000000 9 2.000000 0.309584 9.360898 1.031943 -4.661924 22.798445 22.798445 
565.000000 10 2.000000 0.314050 15.667891 0.897283 -0.235790 0.860714 0.860714 
565.000000 11 2.000000 0.999999 16.389826 -6.734620 4.740189 67.824497 67.824497 
565.000000 12 2.000000 0.026520 10.327272 -3.244931 0.341012 10.645867 10.645867 
565.000000 13 2.000000 0.999999 14.741649 -2.888911 -5.535105 38.983189 38.983189 
565.000000 14 2.000000 0.622020 16.203843 -1.259931 -0.214581 1.633472 1.633472 
565.000000 15 2.000000 0.473847 16.209834 1.517542 -0.119151 2.317131 2.317131 
565.000000 16 2.000000 0.000001 7.482506 0.552013 -1.221568 1.796947 1.796947 
565.000000 17 2.000000 0.426590 1.087505 4.265890 -1.151731 19.524303 19.524303 
565.000000 18 2.000000 0.332670 5.636378 -2.275448 7.249294 57.729932 57.729932 
565.000000 19 2.000000 0.999999 1.294758 -4.234810 -1.225992 19.436677 19.436677 
565.000000 20 2.000000 0.856852 8.152701 3.427404 -3.798846 26.178329 26.178329 
565.000000 21 2.000000 0.999999 12.317084 -4.662755 -6.984468 70.524076 70.524076 
565.000000 22 2.000000 0.019509 0.014391 -1.400701 -1.335254 3.744864 3.744864 
565.000000 23 2.000000 0.347474 6.140843 -1.631312 1.240574 4.200204 4.200204 
565.000000 24 2.000000 0.683352 14.883161 1.952430 2.704296 11.125203 11.125203 
565.000000 25 2.000000 0.665425 18.757658 -0.757744 -2.783543 8.322286 8.322286 
565.000000 26 2.000000 0.039053 8.420244 -1.747175 1.016413 4.085716 4.085716 
565.000000 27 2.000000 0.982671 19.437402 2.456676 2.026941 10.143747 10.143747 
565.000000 28 2.000000 0.000001 14.415769 4.166341 -0.579258 17.693934 17.693934 
565.000000 29 2.000000 0.417984 10.205665 -1.940050 0.122773 3.778867 3.778867 
565.000000 30 2.000000 0.139360 2.283793 -0.616352 -0.530550 0.661373 0.661373 
565.000000 31 2.000000 0.438899 17.142686 -5.610996 2.013618 35.537933 35.537933 
565.000000 32 2.000000 0.443746 15.629702 -5.562529 -0.281875 31.021180 31.021180 
565.000000 33 2.000000 0.016008 17.069625 -0.649529 -1.348671 2.240802 2.240802 
565.000000 34 2.000000 0.795681 4.081125 0.029943 0.981005 0.963267 0.963267 
565.000000 35 2.000000 0.237759 19.825607 -0.897874 1.627725 3.455666 3.455666 
565.000000 36 2.000000 0.142545 10.467914 -4.287271 2.585181 25.063856 25.063856 
565.000000 37 2.000000 0.800339 0.806670 5.335585 -5.133255 54.818770 54.818770 
565.000000 38 2.000000 0.250709 18.065266 -3.746451 5.701135 46.538842 46.538842 
565.000000 39 2.000000 0.496811 1.349617 0.764323 -1.556249 3.006100 3.006100 
565.000000 40 2.000000 0.895402 9.696562 8.954010 -0.148182 80.196250 80.196250 
565.000000 41 2.000000 0.000001 6.445477 2.683631 0.502750 7.454634 7.454634 
565.000000 42 2.000000 0.384736 16.386249 -3.076313 3.449736 21.364383 21.364383 
565.000000 43 2.000000 0.654550 0.738265 4.363659 -1.719535 21.998321 21.998321 
565.000000 44 2.000000 0.468108 18.002299 4.681074 -0.159157 21.937787 21.937787 
565.000000 45 2.000000 0.446415 19.205465 4.464138 -0.439555 20.121736 20.121736 
565.000000 46 2.000000 0.000001 12.899628 11.670863 -1.079496 137.374365 137.374365 
565.000000 47 2.000000 0.228769 12.758631 4.575351 -8.517362 93.479293 93.479293 
565.000000 48 2.000000 0.254691 8.379048 -1.863271 1.706488 6.383880 6.383880 
565.000000 49 2.000000 0.992674 12.239296 1.804860 -3.530279 15.720390 15.720390 
565.000000 50 2.000000 0.104880 18.264087 -2.983728 3.370269 20.261350 20.261350 
565.000000 51 2.000000 0.877562 17.617079 4.387805 -2.667863 26.370324 26.370324 
565.000000 52 2.000000 0.121878 2.511715 -0.702497 7.176327 51.993169 51.993169 
565.000000 53 2.000000 0.940410 14.649269 -1.191779 2.682316 8.615155 8.615155 
565.000000 54 2.000000 0.712120 18.135925 2.373732 -6.213582 44.243197 44.243197 
565.000000 55 2.000000 0.626246 2.921503 3.131223 9.738339 104.639801 104.639801 
565.000000 56 2.000000 0.155028 14.138170 0.516758 0.073034 0.272373 0.272373 
565.000000 57 2.000000 0.957590 11.575403 3.830356 2.426037 20.557279 20.557279 
565.000000 58 2.000000 0.547523 4.335299 -2.262379 5.780398 38.531356 38.531356 
565.000000 59 2.000000 0.231018 6.180427 -1.922453 0.685006 4.165060 4.165060 
565.000000 60 2.000000 0.545586 14.029364 1.895333 -1.506673 5.862352 5.862352 
565.000000 61 2.000000 0.175550 9.865851 -4.122244 7.305160 70.358259 70.358259 
565.000000 62 2.000000 0.178426 15.933454 3.568505 -5.127296 39.023396 39.023396 
565.000000 63 2.000000 0.597576 9.118006 -8.048458 3.575688 77.563218 77.563218 
565.000000 64 2.000000 0.324348 5.311783 -6.756511 -1.431522 47.699697 47.699697 
565.000000 65 2.000000 0.430609 2.342851 0.807505 -3.358490 11.931519 11.931519 
565.000000 66 2.000000 0.563929 3.025622 -8.721403 1.239670 77.599660 77.599660 
565.000000 67 2.000000 0.514483 7.004444 -0.647354 3.502221 12.684621 12.684621 
565.000000 68 2.000000 0.699045 15.581162 -0.806976 1.726132 3.630740 3.630740 
565.000000 69 2.000000 0.640654 15.305712 -7.186891 -4.334932 70.443035 70.443035 
565.000000 70 2.000000 0.000001 10.242787 3.584985 0.079772 12.858479 12.858479 
565.000000 71 2.000000 0.069264 14.382210 1.385258 -1.290667 3.584760 3.584760 
565.000000 72 2.000000 0.467805 7.421647 0.550358 -1.487626 2.515925 2.515925 
565.000000 73 2.000000 0.020060 3.253725 -1.781707 -0.824181 3.853753 3.853753 
565.000000 74 2.000000 0.103048 18.774569 0.294421 -0.410415 0.255124 0.255124 
565.000000 75 2.000000 0.999999 0.081779 -2.480883 -0.332967 6.265647 6.265647 
565.000000 76 2.000000 0.744807 16.893892 2.128017 -3.036411 13.748244 13.748244 
565.000000 77 2.000000 0.266391 16.088146 2.663901 0.384864 7.244491 7.244491 
565.000000 78 2.000000 0.767910 17.309480 1.097013 -4.484198 21.311473 21.311473 
565.000000 79 2.000000 0.476354 11.244252 -3.490966 0.164606 12.213937 12.213937 
565.000000 80 2.000000 0.687548 19.386517 0.301599 2.933848 8.698425 8.698425 
565.000000 81 2.000000 0.890943 15.320125 3.242503 -3.201901 20.765996 20.765996 
565.000000 82 2.000000 0.447914 10.470018 1.791652 -0.641145 3.621084 3.621084 
565.000000 83 2.000000 0.328040 4.941487 -3.359794 -7.925533 74.102283 74.102283 
565.000000 84 2.000000 0.331187 1.987351 0.662373 7.949399 63.631686 63.631686 
565.000000 85 2.000000 0.700650 7.536854 -5.986974 4.710533 58.032984 58.032984 
565.000000 86 2.000000 0.850373 3.760768 0.348277 -6.826634 46.724227 46.724227 
565.000000 87 2.000000 0.681834 19.365972 -2.677484 1.159450 8.513244 8.513244 
565.000000 88 2.000000 0.395962 4.867079 1.979807 -3.219770 14.286554 14.286554 
565.000000 89 2.000000 0.702854 13.832500 -4.783221 0.434102 23.067645 23.067645 
565.000000 90 2.000000 0.000001 19.915152 2.986925 3.577809 21.722439 21.722439 
565.000000 91 2.000000 0.923816 4.438896 4.619073 0.958164 22.253909 22.253909 
565.000000 92 2.000000 0.636252 12.179826 2.545003 4.109170 23.362317 23.362317 
565.000000 93 2.000000 0.999999 18.907646 -2.731156 -7.282353 60.491877 60.491877 
565.000000 94 2.000000 0.921424 2.545416 0.578096 0.839664 1.039230 1.039230 
565.000000 95 2.000000 0.111038 17.181723 2.220733 1.308151 6.642915 6.642915 
565.000000 96 2.000000 0.369713 16.507145 -1.193488 1.496417 3.663679 3.663679 
565.000000 97 2.000000 0.376573 0.000001 3.765723 6.326780 54.208809 54.208809 
565.000000 98 2.000000 0.703974 19.999999 1.032709 -1.626245 3.711160 3.711160 
565.000000 99 2.000000 0.859378 1.813486 5.729182 -5.768156 66.095141 66.095141 
565.000000 100 2.000000 0.638735 9.486865 2.969956 0.791213 9.446658 9.446658 
565.000000 101 2.000000 0.170798 0.725169 -1.658402 1.115643 3.994958 3.994958 
565.000000 102 2.000000 0.385444 9.274505 3.854429 -0.812926 15.517473 15.517473 
565.000000 103 2.000000 0.408264 12.484204 1.166466 -2.541756 7.821166 7.821166 
565.000000 104 2.000000 0.612158 0.323264 1.113012 2.155085 5.883187 5.883187 
565.000000 105 2.000000 0.352416 2.046660 0.053132 -2.378318 5.659217 5.659217 
565.000000 106 2.000000 0.406684 4.668536 0.677805 -0.309908 0.555463 0.555463 
565.000000 107 2.000000 0.084512 3.633324 -4.577433 4.274498 39.224225 39.224225 
565.000000 108 2.000000 0.644392 9.142397 3.221954 2.685923 17.595169 17.595169 
565.000000 109 2.000000 0.733566 11.523662 -5.328665 6.767501 74.193743 74.193743 
565.000000 110 2.000000 0.000001 7.401185 6.960609 -2.375611 54.093606 54.093606 
565.000000 111 2.000000 0.585512 10.718896 2.927553 -0.080657 8.577070 8.577070 
565.000000 112 2.000000 0.564435 1.600468 0.654985 -4.406919 19.849943 19.849943 
565.000000 113 2.000000 0.134834 5.259817 1.348327 -1.719102 4.773299 4.773299 
565.000000 114 2.000000 0.015367 8.640069 -1.653132 -2.725644 10.161982 10.161982 
565.000000 115 2.000000 0.999999 12.146153 -5.744277 2.367064 38.599708 38.599708 
565.000000 116 2.000000 0.538988 0.386134 5.389872 1.930666 32.778191 32.778191 
565.000000 117 2.000000 0.426914 12.381415 4.269131 -3.047434 27.512327 27.512327 
565.000000 118 2.000000 0.585452 1.757574 2.341805 -4.358176 24.477751 24.477751 
565.000000 119 2.000000 0.583232 3.821781 2.916155 -0.421133 8.681314 8.681314 
565.000000 120 2.000000 0.742419 1.961511 -2.575798 -2.187862 11.421472 11.421472 
565.000000 121 2.000000 0.760058 5.614273 2.533524 -1.596622 8.967946 8.967946 
565.000000 122 2.000000 0.000001 5.529268 2.229069 -2.782833 12.712910 12.712910 
565.000000 123 2.000000 0.465442 18.333364 4.654410 0.360450 21.793455 21.793455 
565.000000 124 2.000000 0.000001 11.903410 4.903456 3.532823 36.524725 36.524725 
565.000000 125 2.000000 0.568486 18.757887 0.925983 -2.433930 6.781458 6.781458 
565.000000 126 2.000000 0.180347 19.604523 -2.732173 3.190982 17.647135 17.647135 
565.000000 127 2.000000 0.517738 16.375331 -0.048011 4.992200 24.924367 24.924367 
565.000000 128 2.000000 0.000001 9.239466 5.436796 2.895168 37.940747 37.940747 
565.000000 129 2.000000 0.505388 10.926776 5.053872 0.830776 26.231814 26.231814 
565.000000 130 2.000000 0.000001 10.726596 1.258734 -3.367220 12.922582 12.922582 
565.000000 131 2.000000 0.000001 11.242943 3.642185 -3.734242 27.210076 27.210076 
565.000000 132 2.000000 0.435187 0.531909 4.351862 -2.894339 27.315905 27.315905 
565.000000 133 2.000000 0.654821 5.077145 -1.725891 1.139208 4.276495 4.276495 
565.000000 134 2.000000 0.999999 18.030965 -6.428448 -1.406453 43.303049 43.303049 
565.000000 135 2.000000 0.925887 18.854414 3.703544 4.165845 31.070505 31.070505 
565.000000 136 2.000000 0.448894 12.237011 -1.377763 4.460694 21.796018 21.796018 
565.000000 137 2.000000 0.536783 18.137579 3.578544 -3.724840 26.680409 26.680409 
565.000000 138 2.000000 0.208635 1.930173 2.086335 0.127325 4.369005 4.369005 
565.000000 139 2.000000 0.149102 5.995537 1.491015 5.717606 34.914147 34.914147 
565.000000 140 2.000000 0.258623 3.850929 -0.780396 0.824075 1.288117 1.288117 
565.000000 141 2.000000 0.475063 2.248208 -5.220848 1.171502 28.629670 28.629670 
565.000000 142 2.000000 0.571567 14.735401 -1.428106 -0.587311 2.384419 2.384419 
565.000000 143 2.000000 0.696546 18.360891 4.643632 2.021352 25.649185 25.649185 
565.000000 144 2.000000 0.553246 18.012602 2.766224 -0.323410 7.756587 7.756587 
565.000000 145 2.000000 0.000001 10.908941 9.222584 1.747523 88.109901 88.109901 
565.000000 146 2.000000 0.593091 0.298868 -2.712723 5.977337 43.087428 43.087428 
565.000000 147 2.000000 0.506121 11.454210 5.061204 -3.207360 35.902938 35.902938 
565.000000 148 2.000000 0.721636 9.550893 2.886538 7.074735 58.383979 58.383979 
565.000000 149 2.000000 0.114223 4.494803 -8.857756 -3.065559 87.857490 87.857490 
565.000000 150 2.000000 0.120584 7.737757 0.150729 9.672195 93.574082 93.574082 
565.000000 151 2.000000 0.892772 19.031690 -0.714844 3.108207 10.171950 10.171950 
565.000000 152 2.000000 0.604505 17.336678 1.511259 0.044318 2.285868 2.285868 
565.000000 153 2.000000 0.096165 1.489206 -0.821667 -2.456715 6.710587 6.710587 
565.000000 154 2.000000 0.208271 16.188254 -3.166913 1.392671 11.968874 11.968874 
565.000000 155 2.000000 0.953553 18.295835 -1.019927 1.993577 5.014602 5.014602 
565.000000 156 2.000000 0.422798 13.787675 -1.649147 0.907528 3.543291 3.543291 
565.000000 157 2.000000 0.365120 1.636876 -6.348790 -2.687076 47.527511 47.527511 
565.000000 158 2.000000 0.168466 13.817585 -5.543554 -4.416010 50.232134 50.232134 
565.000000 159 2.000000 0.979902 14.695596 4.899503 2.965260 32.797897 32.797897 
565.000000 160 2.000000 0.167325 18.191153 -2.775579 -1.983722 11.638993 11.638993 
565.000000 161 2.000000 0.664893 3.250801 -0.957446 -2.792265 8.713450 8.713450 
565.000000 162 2.000000 0.747168 6.434261 3.735835 0.825991 14.638726 14.638726 
565.000000 163 2.000000 0.650408 10.822735 -0.873978 -7.413058 55.717265 55.717265 
565.000000 164 2.000000 0.979707 9.616166 2.177124 0.771071 5.334419 5.334419 
565.000000 165 2.000000 0.446214 16.468700 -1.384462 -2.926216 10.479475 10.479475 
565.000000 166 2.000000 0.701337 10.595357 1.040723 -0.932129 1.951971 1.951971 
565.000000 167 2.000000 0.547068 15.896274 -4.529305 1.020979 21.557004 21.557004 
565.000000 168 2.000000 0.955591 10.876203 1.194488 -6.516997 43.898049 43.898049 
565.000000 169 2.000000 0.815177 18.032454 -3.696444 5.303663 41.792537 41.792537 
565.000000 170 2.000000 0.039661 6.204325 -0.619573 2.585135 7.066793 7.066793 
565.000000 171 2.000000 0.000001 17.851618 3.942014 -5.565705 46.516550 46.516550 
565.000000 172 2.000000 0.949127 13.370161 1.460193 -1.087308 3.314402 3.314402 
565.000000 173 2.000000 0.999999 10.605671 -4.525966 -3.412585 32.130099 32.130099 
565.000000 174 2.000000 0.965008 14.361250 6.433380 2.060589 45.634403 45.634403 
565.000000 175 2.000000 0.590316 12.136172 5.903150 -3.487570 47.010328 47.010328 
565.000000 176 2.000000 0.617724 6.882801 -3.822753 -8.808135 92.196673 92.196673 
565.000000 177 2.000000 0.526625 0.104419 2.633118 2.088362 11.294563 11.294563 
565.000000 178 2.000000 0.999999 14.046028 -3.499938 -1.612844 14.850834 14.850834 
565.000000 179 2.000000 0.653416 17.208749 -0.159141 -0.797978 0.662094 0.662094 
565.000000 180 2.000000 0.999999 7.300600 -1.951997 -1.343450 5.615151 5.615151 
565.000000 181 2.000000 0.073085 14.193787 -0.713011 4.731262 22.893224 22.893224 
565.000000 182 2.000000 0.365807 1.404154 -0.746109 -2.105654 4.990459 4.990459 
565.000000 183 2.000000 0.253732 19.413328 5.074614 1.790505 28.957612 28.957612 
565.000000 184 2.000000 0.552868 18.310998 -0.745218 4.791516 23.513979 23.513979 
565.000000 185 2.000000 0.915277 6.123554 2.615075 5.324828 35.192414 35.192414 
565.000000 186 2.000000 0.230204 9.554258 -1.184300 -1.170920 2.773620 2.773620 
565.000000 187 2.000000 0.069252 0.358582 -4.653733 -3.743629 35.671992 35.671992 
565.000000 188 2.000000 0.415666 0.000001 0.554220 3.076443 9.771663 9.771663 
565.000000 189 2.000000 0.000001 19.462730 2.365722 -3.581791 18.425870 18.425870 
565.000000 190 2.000000 0.855370 8.889709 2.443910 -1.058548 7.093222 7.093222 
565.000000 191 2.000000 0.000001 12.495155 3.308234 3.642835 24.214660 24.214660 
565.000000 192 2.000000 0.286300 19.897224 -7.136994 -2.055496 55.161744 55.161744 
565.000000 193 2.000000 0.445293 6.537145 -2.773529 2.377143 13.343271 13.343271 
565.000000 194 2.000000 0.156259 14.748191 2.189901 0.944934 5.688566 5.688566 
565.000000 195 2.000000 0.987522 10.359331 2.821487 5.430941 37.455906 37.455906 
565.000000 196 2.000000 0.618009 11.418641 -1.909951 -3.788730 18.002389 18.002389 
565.000000 197 2.000000 0.499396 2.055239 4.993952 -2.112497 29.402203 29.402203 
565.000000 198 2.000000 0.648142 9.568589 0.873123 -3.838236 15.494397 15.494397 
565.000000 199 2.000000 0.812140 13.321671 9.175993 0.218744 84.246703 84.246703 
565.000000 200 2.000000 0.000001 16.411321 3.586405 1.332001 14.636527 14.636527 
565.000000 201 2.000000 0.307853 10.292507 0.799595 -0.907313 1.462569 1.462569 
565.000000 202 2.000000 0.266129 9.925093 1.064513 -3.654485 14.488445 14.488445 
565.000000 203 2.000000 0.651079 19.999999 1.446839 -3.761036 16.238737 16.238737 
565.000000 204 2.000000 0.927411 2.910000 -1.451750 -0.592427 2.458548 2.458548 
565.000000 205 2.000000 0.489271 4.879616 1.630900 -4.401196 22.030359 22.030359 
565.000000 206 2.000000 0.297368 18.380320 2.973674 4.102795 25.675669 25.675669 
565.000000 207 2.000000 0.737011 13.585006 -5.259764 -1.686092 30.508023 30.508023 
565.000000 208 2.000000 0.576064 9.930095 2.662195 3.797166 21.505751 21.505751 
565.000000 209 2.000000 0.135375 14.901437 2.707477 1.710854 10.257452 10.257452 
565.000000 210 2.000000 0.456729 0.768132 -5.432696 -3.540123 42.046652 42.046652 
565.000000 211 2.000000 0.588620 12.019501 5.886191 7.284546 87.711854 87.711854 
565.000000 212 2.000000 0.454715 10.533629 3.031426 -5.737194 42.104938 42.104938 
565.000000 213 2.000000 0.777638 4.033522 -4.447211 3.361268 31.075804 31.075804 
565.000000 214 2.000000 0.773531 10.740428 -2.130742 6.380994 45.257148 45.257148 
565.000000 215 2.000000 0.334524 4.972633 -3.327373 5.234349 38.469824 38.469824 
565.000000 216 2.000000 0.304188 16.778934 3.041869 -3.077669 18.725014 18.725014 
565.000000 217 2.000000 0.047326 0.000001 -6.351150 13.147466 213.192984 213.192984 
565.000000 218 2.000000 0.000001 19.690649 3.671061 -0.341219 13.593120 13.593120 
565.000000 219 2.000000 0.292581 6.809378 1.462898 -5.073316 27.878602 27.878602 
565.000000 220 2.000000 0.434780 3.688005 1.739116 1.283646 4.672269 4.672269 
565.000000 221 2.000000 0.415143 14.664491 -2.339423 9.776327 101.049463 101.049463 
565.000000 222 2.000000 0.083458 5.274677 0.834567 5.023501 25.932061 25.932061 
565.000000 223 2.000000 0.927490 17.717907 6.183261 -2.121302 42.732633 42.732633 
565.000000 224 2.000000 0.374455 5.195329 -6.520370 -2.725672 49.944511 49.944511 
565.000000 225 2.000000 0.182383 16.660879 -5.450772 -1.371778 31.592694 31.592694 
565.000000 226 2.000000 0.999999 2.916383 -4.385856 -0.910849 20.065379 20.065379 
565.000000 227 2.000000 0.914927 12.401198 -1.701434 -4.473436 22.906511 22.906511 
565.000000 228 2.000000 0.547917 0.505857 3.652775 -1.875883 16.861703 16.861703 
565.000000 229 2.000000 0.884610 8.774699 2.527455 2.691389 13.631604 13.631604 
565.000000 230 2.000000 0.779346 15.568908 -4.413058 -0.462724 19.689197 19.689197 
565.000000 231 2.000000 0.051439 2.773949 -2.371399 -1.951404 9.431511 9.431511 
565.000000 232 2.000000 0.635888 3.637274 0.748102 -1.362150 2.415108 2.415108 
565.000000 233 2.000000 0.423925 11.668442 -0.366098 3.504393 12.414795 12.414795 
565.000000 234 2.000000 0.489016 14.084615 0.801971 -0.445561 0.841681 0.841681 
565.000000 235 2.000000 0.473030 17.204979 -1.171041 -1.088407 2.555967 2.555967 
565.000000 236 2.000000 0.312494 4.679610 -1.964299 -1.527829 6.192734 6.192734 
565.000000 237 2.000000 0.000001 3.502949 7.569707 -2.123392 61.809261 61.809261 
565.000000 238 2.000000 0.305211 18.237924 -1.068904 5.851989 35.388327 35.388327 
565.000000 239 2.000000 0.534470 1.285419 2.672344 -1.749625 10.202611 10.202611 
565.000000 240 2.000000 0.631714 12.272815 -3.682851 -5.151456 40.100891 40.100891 
565.000000 241 2.000000 0.000001 10.257773 2.038891 -2.759762 11.773360 11.773360 
565.000000 242 2.000000 0.526356 8.983114 -3.157618 -2.779872 17.698239 17.698239 
565.000000 243 2.000000 0.999999 17.219461 -2.086227 -0.983796 5.320198 5.320198 
565.000000 244 2.000000 0.958002 6.531723 0.162582 0.375856 0.167701 0.167701 
565.000000 245 2.000000 0.743569 10.894369 -1.025719 -1.597479 3.604038 3.604038 
565.000000 246 2.000000 0.188242 8.445387 0.198148 -1.536912 2.401360 2.401360 
565.000000 247 2.000000 0.705574 16.632486 0.025873 -4.209392 17.719648 17.719648 
565.000000 248 2.000000 0.798061 8.984193 -4.038759 0.033939 16.312723 16.312723 
565.000000 249 2.000000 0.795453 13.331506 -7.630160 1.269508 59.830992 59.830992 
565.000000 250 2.000000 0.324905 14.643076 3.249039 2.716337 17.934740 17.934740 
565.000000 251 2.000000 0.506591 19.160377 2.532950 8.153352 72.892980 72.892980 
565.000000 252 2.000000 0.213124 15.189979 0.532808 1.319057 2.023796 2.023796 
565.000000 253 2.000000 0.756915 17.445640 -4.861690 7.174097 75.103703 75.103703 
565.000000 254 2.000000 0.291290 2.888071 5.825778 5.251037 61.513081 61.513081 
565.000000 255 2.000000 0.601709 13.330271 -2.131484 1.282647 6.188405 6.188405 
565.000000 256 2.000000 0.924276 18.519527 1.848550 -2.277649 8.604820 8.604820 
565.000000 257 2.000000 0.643185 8.297105 0.741463 -3.107427 10.205868 10.205868 
565.000000 258 2.000000 0.227451 10.109500 -2.575161 -1.100779 7.843171 7.843171 
565.000000 259 2.000000 0.999999 9.834006 -5.388016 1.409356 31.016998 31.016998 
565.000000 260 2.000000 0.701100 16.380318 -5.977973 -4.366372 54.801366 54.801366 
565.000000 261 2.000000 0.172244 11.511384 -2.365015 2.807654 13.476220 13.476220 
565.000000 262 2.000000 0.564578 16.372757 1.613076 4.150916 19.832122 19.832122 
565.000000 263 2.000000 0.425254 12.650758 2.835017 3.569085 20.775689 20.775689 
565.000000 264 2.000000 0.236872 15.465429 0.947482 -2.648951 7.914662 7.914662 
565.000000 265 2.000000 0.999999 16.603077 -9.399609 -2.121857 92.854935 92.854935 
565.000000 266 2.000000 0.000001 1.538142 2.083651 -7.176881 55.849228 55.849228 
565.000000 267 2.000000 0.236753 14.482664 -7.632461 -0.717927 58.769880 58.769880 
565.000000 268 2.000000 0.686573 13.516068 -2.089510 2.268297 9.511221 9.511221 
565.000000 269 2.000000 0.842661 9.611025 -3.146765 -4.846391 33.389637 33.389637 
565.000000 270 2.000000 0.752870 15.132461 2.151055 -2.781450 12.363504 12.363504 
565.000000 271 2.000000 0.500480 13.939026 3.336523 -4.121724 28.120993 28.120993 
565.000000 272 2.000000 0.838001 3.337176 -3.239968 2.167085 15.193652 15.193652 
565.000000 273 2.000000 0.949681 18.309308 3.721063 1.263873 15.443683 15.443683 
565.000000 274 2.000000 0.000001 1.715615 3.786379 -1.273583 15.958683 15.958683 
565.000000 275 2.000000 0.637244 3.269424 -1.209184 3.846381 16.256770 16.256770 
565.000000 276 2.000000 0.686649 4.516355 0.508628 5.645443 32.129729 32.129729 
565.000000 277 2.000000 0.314091 13.963933 6.281807 -2.746660 47.005241 47.005241 
565.000000 278 2.000000 0.029674 0.252700 -1.386179 -2.019218 5.998733 5.998733 
565.000000 279 2.000000 0.241161 13.795426 -0.948548 -1.353194 2.730876 2.730876 
565.000000 280 2.000000 0.524153 3.017449 1.543435 1.073149 3.533841 3.533841 
565.000000 281 2.000000 0.091605 11.860196 0.916045 0.138223 0.858244 0.858244 
565.000000 282 2.000000 0.680893 12.136500 -3.191061 1.927996 13.900037 13.900037 
565.000000 283 2.000000 0.634207 9.162239 -2.438616 0.587534 6.292042 6.292042 
565.000000 284 2.000000 0.290214 1.127107 -2.365949 -3.515895 17.959235 17.959235 
565.000000 285 2.000000 0.997524 7.570609 0.734305 0.197880 0.578360 0.578360 
565.000000 286 2.000000 0.999999 12.862099 -3.318046 0.517689 11.277432 11.277432 
565.000000 287 2.000000 0.504710 0.056656 0.776476 -0.035554 0.604179 0.604179 
565.000000 288 2.000000 0.053182 16.208069 -0.402213 -2.557305 6.701585 6.701585 
565.000000 289 2.000000 0.022884 15.677981 -2.791756 4.237292 25.748548 25.748548 
565.000000 290 2.000000 0.000001 4.453152 6.001866 3.071138 45.454292 45.454292 
565.000000 291 2.000000 0.863362 15.275179 -2.732737 2.775797 15.172903 15.172903 
565.000000 292 2.000000 0.171376 2.198359 3.427498 -0.400868 11.908437 11.908437 
565.000000 293 2.000000 0.559460 8.804135 2.797293 -1.021925 8.869178 8.869178 
565.000000 294 2.000000 0.250799 7.096576 5.015958 1.321154 26.905282 26.905282 
565.000000 295 2.000000 0.555592 5.085222 -1.481357 -0.388868 2.345637 2.345637 
565.000000 296 2.000000 0.542528 1.821610 1.808424 0.889073 4.060847 4.060847 
565.000000 297 2.000000 0.261665 15.763249 -2.109527 -0.095486 4.459222 4.459222 
565.000000 298 2.000000 0.301374 3.755917 -6.986248 2.772939 56.496859 56.496859 
565.000000 299 2.000000 0.667415 9.169666 -0.146368 -0.726781 0.549634 0.549634 
565.000000 300 2.000000 0.031363 15.831808 -1.947496 4.895639 27.760024 27.760024 
565.000000 301 2.000000 0.000001 12.477340 6.835046 4.312731 65.317499 65.317499 
565.000000 302 2.000000 0.425840 15.131016 -5.741585 1.405958 34.942520 34.942520 
565.000000 303 2.000000 0.000001 18.128970 6.694472 -1.806527 48.079501 48.079501 
565.000000 304 2.000000 0.399749 9.986462 -4.001666 3.635170 29.227795 29.227795 
565.000000 305 2.000000 0.477765 9.896526 -1.305585 2.787754 9.476123 9.476123 
565.000000 306 2.000000 0.996102 1.356087 0.672752 0.314579 0.551555 0.551555 
565.000000 307 2.000000 0.277100 2.028210 -2.409665 3.618088 18.897042 18.897042 
565.000000 308 2.000000 0.322530 0.506955 1.290117 0.779929 2.272692 2.272692 
565.000000 309 2.000000 0.000001 9.842408 5.091599 1.563415 28.368648 28.368648 
565.000000 310 2.000000 0.359692 6.869819 0.899226 2.930959 9.399129 9.399129 
565.000000 311 2.000000 0.914463 8.845373 4.572309 -0.721547 21.426642 21.426642 
565.000000 312 2.000000 0.492302 7.549858 -0.846162 -2.650052 7.738766 7.738766 
565.000000 313 2.000000 0.614479 13.950249 6.144778 -1.525487 40.085403 40.085403 
565.000000 314 2.000000 0.999999 19.770225 -5.249229 2.476042 33.685188 33.685188 
565.000000 315 2.000000 0.000001 10.204956 5.216596 5.831403 61.218136 61.218136 
565.000000 316 2.000000 0.999999 15.218956 -4.160374 -1.752105 20.378582 20.378582 
565.000000 317 2.000000 0.999999 7.632653 -2.264071 -0.049946 5.128514 5.128514 
565.000000 318 2.000000 0.000001 16.926662 3.858133 6.741448 60.332305 60.332305 
565.000000 319 2.000000 0.658755 15.251062 1.317507 -3.951851 17.352955 17.352955 
565.000000 320 2.000000 0.701182 12.722959 3.505905 0.009421 12.291459 12.291459 
565.000000 321 2.000000 0.930508 17.953349 -1.389828 2.882414 10.239931 10.239931 
565.000000 322 2.000000 0.624744 19.629051 -3.752548 0.123052 14.096762 14.096762 
565.000000 323 2.000000 0.291940 0.776682 -3.540295 -0.281150 12.612736 12.612736 
565.000000 324 2.000000 0.460972 19.307032 -2.695137 2.499508 13.511301 13.511301 
565.000000 325 2.000000 0.972047 19.087226 3.240153 -6.085151 47.527649 47.527649 
565.000000 326 2.000000 0.444627 17.593420 2.964173 3.377075 20.190955 20.190955 
565.000000 327 2.000000 0.229346 0.000001 4.586902 5.731545 53.890272 53.890272 
565.000000 328 2.000000 0.042441 17.113230 -2.735881 -4.811282 30.633480 30.633480 
565.000000 329 2.000000 0.381345 12.320124 0.693352 -2.165294 5.169234 5.169234 
565.000000 330 2.000000 0.410579 9.857335 4.105776 4.141043 34.005633 34.005633 
565.000000 331 2.000000 0.999999 14.240876 -6.198796 5.810103 72.182366 72.182366 
565.000000 332 2.000000 0.761577 4.230684 -2.384221 -6.856224 52.692317 52.692317 
565.000000 333 2.000000 0.699522 10.747719 2.798083 6.274080 47.193353 47.193353 
565.000000 334 2.000000 0.306717 17.991878 3.067156 4.197688 27.028030 27.028030 
565.000000 335 2.000000 0.278217 14.356389 -1.031118 1.743813 4.104087 4.104087 
565.000000 336 2.000000 0.999999 2.740550 -1.827890 -2.248354 8.396281 8.396281 
565.000000 337 2.000000 0.424149 7.277482 -3.839002 -2.686461 21.955009 21.955009 
565.000000 338 2.000000 0.170574 7.935985 -0.404597 0.094297 0.172591 0.172591 
565.000000 339 2.000000 0.350802 15.571468 1.169337 -0.668052 1.813644 1.813644 
565.000000 340 2.000000 0.530677 9.142259 2.122703 -4.833537 27.868948 27.868948 
565.000000 341 2.000000 0.570335 11.828826 -2.864429 -1.635398 10.879480 10.879480 
565.000000 342 2.000000 0.772178 11.409063 -4.556429 -2.082225 25.096703 25.096703 
565.000000 343 2.000000 0.582609 13.437524 5.826079 -2.160264 38.609942 38.609942 
565.000000 344 2.000000 0.310693 19.083964 -6.893057 -4.580177 68.492254 68.492254 
565.000000 345 2.000000 0.161358 3.239812 0.026100 2.745909 7.540697 7.540697 
565.000000 346 2.000000 0.613648 18.232508 -3.863509 2.897209 23.320520 23.320520 
565.000000 347 2.000000 0.000001 1.144864 2.645772 3.816210 21.563568 21.563568 
565.000000 348 2.000000 0.499850 11.506904 2.499243 1.837111 9.621194 9.621194 
565.000000 349 2.000000 0.282962 5.289406 5.659211 -4.259132 50.166875 50.166875 
565.000000 350 2.000000 0.952360 2.023301 -0.476393 -3.152250 10.163631 10.163631 
565.000000 351 2.000000 0.235148 9.200943 0.522549 -1.853243 3.707567 3.707567 
565.000000 352 2.000000 0.091110 16.679461 -2.280398 4.511387 25.552825 25.552825 
565.000000 353 2.000000 0.374483 12.861218 -4.170106 0.769341 17.981668 17.981668 
565.000000 354 2.000000 0.243089 0.767993 1.620585 -0.340004 2.741899 2.741899 
565.000000 355 2.000000 0.186688 12.741501 -0.853073 -8.608170 74.828331 74.828331 
565.000000 356 2.000000 0.555215 19.147314 3.701424 2.268107 18.844851 18.844851 
565.000000 357 2.000000 0.435528 19.526791 -2.822355 -2.366041 13.563837 13.563837 
565.000000 358 2.000000 0.325453 16.265256 1.301808 4.575757 22.632255 22.632255 
565.000000 359 2.000000 0.588346 6.445175 -4.116526 0.973410 17.893315 17.893315 
565.000000 360 2.000000 0.999999 1.839453 -5.090052 6.131506 63.503998 63.503998 
565.000000 361 2.000000 0.167702 10.835267 0.838504 1.413934 2.702298 2.702298 
565.000000 362 2.000000 0.999999 11.513906 -3.815577 3.118704 24.284946 24.284946 
565.000000 363 2.000000 0.674401 19.355109 -10.197776 -1.602938 106.564048 106.564048 
565.000000 364 2.000000 0.839770 11.610715 1.049711 0.162910 1.128433 1.128433 
565.000000 365 2.000000 0.351728 18.021140 -3.241356 -4.947147 34.980654 34.980654 
565.000000 366 2.000000 0.363294 8.449655 -2.546822 -3.455317 18.425521 18.425521 
565.000000 367 2.000000 0.999999 10.441605 -0.567816 -0.450081 0.524988 0.524988 
565.000000 368 2.000000 0.080727 16.784388 -3.677088 2.279879 18.718825 18.718825 
565.000000 369 2.000000 0.000001 15.939099 1.774258 -4.274631 21.420462 21.420462 
565.000000 370 2.000000 0.602494 3.030845 -0.993762 -5.428904 30.460561 30.460561 
565.000000 371 2.000000 0.795512 7.410497 -2.044867 0.998512 5.178507 5.178507 
565.000000 372 2.000000 0.151034 14.766508 2.445593 -2.527512 12.369241 12.369241 
565.000000 373 2.000000 0.294554 17.632735 5.891060 6.370330 75.285696 75.285696 
565.000000 374 2.000000 0.000001 12.266825 0.875703 0.988534 1.744055 1.744055 
565.000000 375 2.000000 0.722897 19.999999 -5.920508 -1.017768 36.088264 36.088264 
565.000000 376 2.000000 0.410457 14.798980 4.104564 1.102514 18.062978 18.062978 
565.000000 377 2.000000 0.182354 16.806390 0.911766 -1.358983 2.678152 2.678152 
565.000000 378 2.000000 0.933710 13.836149 3.734838 -2.324007 19.350021 19.350021 
565.000000 379 2.000000 0.000001 12.142876 5.075659 0.675814 26.219043 26.219043 
565.000000 380 2.000000 0.121665 1.485666 -1.596970 0.563780 2.868161 2.868161 
565.000000 381 2.000000 0.643969 2.167194 -1.822922 -0.078806 3.329256 3.329256 
565.000000 382 2.000000 0.347115 0.702332 0.031903 1.755827 3.083945 3.083945 
565.000000 383 2.000000 0.000001 7.546080 3.150418 3.430036 21.690280 21.690280 
565.000000 384 2.000000 0.512457 1.191233 3.416375 -4.187375 29.205729 29.205729 
565.000000 385 2.000000 0.652992 10.650848 -1.735034 1.141890 4.314256 4.314256 
565.000000 386 2.000000 0.170125 1.848220 1.701239 -3.823520 17.513519 17.513519 
565.000000 387 2.000000 0.351892 3.955813 -1.440238 3.439836 13.906758 13.906758 
565.000000 388 2.000000 0.999999 19.626586 -5.469943 -2.489420 36.117490 36.117490 
565.000000 389 2.000000 0.999999 12.724226 -2.577780 -3.096074 16.230620 16.230620 
565.000000 390 2.000000 0.000001 17.741124 9.091315 4.097147 99.438621 99.438621 
565.000000 391 2.000000 0.401265 12.016286 -1.710668 -1.228264 4.435017 4.435017 
565.000000 392 2.000000 0.999999 8.887454 -5.377015 -1.150278 30.235426 30.235426 
565.000000 393 2.000000 0.805100 6.131016 4.025494 -1.957598 20.036787 20.036787 
565.000000 394 2.000000 0.955483 12.863071 0.532798 -2.326917 5.698416 5.698416 
565.000000 395 2.000000 0.064993 11.588672 -3.740024 0.383008 14.134473 14.134473 
565.000000 396 2.000000 0.696336 13.818684 -2.678000 -3.564443 19.876941 19.876941 
565.000000 397 2.000000 0.955982 14.790023 -0.035213 -5.788862 33.512167 33.512167 
565.000000 398 2.000000 0.276868 8.140353 2.768671 5.614036 39.182934 39.182934 
565.000000 399 2.000000 0.000001 5.428334 2.502845 -0.444310 6.461645 6.461645 
565.000000 400 2.000000 0.519740 5.476865 5.197391 0.207868 27.056085 27.056085 
565.000000 401 2.000000 0.332059 5.623884 1.819856 -1.027608 4.367855 4.367855 
565.000000 402 2.000000 0.213464 10.830961 -1.048714 -4.366208 20.163577 20.163577 
565.000000 403 2.000000 0.101744 15.029640 -1.381931 5.556794 32.787687 32.787687 
565.000000 404 2.000000 0.753749 10.233979 -4.925004 5.255023 51.870931 51.870931 
565.000000 405 2.000000 0.550512 19.167798 3.670070 4.794584 36.457448 36.457448 
565.000000 406 2.000000 0.000001 8.377476 3.634465 -2.219316 18.134699 18.134699 
565.000000 407 2.000000 0.738402 1.644400 0.201882 2.868199 8.267323 8.267323 
565.000000 408 2.000000 0.615233 16.486105 0.946511 -3.087013 10.425533 10.425533 
565.000000 409 2.000000 0.559270 10.504707 0.888228 -0.779120 1.395977 1.395977 
565.000000 410 2.000000 0.755505 9.323411 -4.889881 0.190390 23.947180 23.947180 
565.000000 411 2.000000 0.906444 13.498554 -0.000377 2.386488 5.695327 5.695327 
565.000000 412 2.000000 0.817929 15.582704 1.191073 1.764549 4.532289 4.532289 
565.000000 413 2.000000 0.204053 17.849984 4.081042 6.781689 62.646213 62.646213 
565.000000 414 2.000000 0.660293 1.841173 2.641169 -0.997080 7.969940 7.969940 
565.000000 415 2.000000 0.326015 9.234724 6.520279 1.161463 43.863032 43.863032 
565.000000 416 2.000000 0.053253 6.853308 -2.615558 -2.648102 13.853588 13.853588 
565.000000 417 2.000000 0.715356 8.072927 -1.423216 0.274025 2.100633 2.100633 
565.000000 418 2.000000 0.999999 19.874049 -2.823544 2.012250 12.021549 12.021549 
565.000000 419 2.000000 0.999999 15.303475 -4.784766 -0.762483 23.475365 23.475365 
565.000000 420 2.000000 0.383872 15.698612 7.677414 0.533658 59.227474 59.227474 
565.000000 421 2.000000 0.181920 17.070929 -1.487417 -2.547018 8.699706 8.699706 
565.000000 422 2.000000 0.746120 14.448935 -5.077581 -2.923377 34.327967 34.327967 
565.000000 423 2.000000 0.561348 6.366922 2.806733 7.074357 57.924270 57.924270 
565.000000 424 2.000000 0.867575 7.506059 2.891915 7.148627 59.466040 59.466040 
565.000000 425 2.000000 0.475444 14.802483 -2.098219 2.268801 9.549978 9.549978 
565.000000 426 2.000000 0.079163 14.458464 1.583248 -1.474991 4.682271 4.682271 
565.000000 427 2.000000 0.839034 1.570824 3.356134 1.745359 14.309912 14.309912 
565.000000 428 2.000000 0.099979 11.713316 -6.000132 2.811891 43.908315 43.908315 
565.000000 429 2.000000 0.999999 2.359313 -6.692610 3.638677 58.030990 58.030990 
565.000000 430 2.000000 0.127309 18.816636 -1.939311 -4.733453 26.166508 26.166508 
565.000000 431 2.000000 0.161231 7.118486 -4.193838 -1.414171 19.588160 19.588160 
565.000000 432 2.000000 0.203240 16.421552 4.064790 0.234750 16.577624 16.577624 
565.000000 433 2.000000 0.570735 10.812777 -1.073160 -0.993952 2.139613 2.139613 
565.000000 434 2.000000 0.934093 2.540019 -2.014771 0.714981 4.570502 4.570502 
565.000000 435 2.000000 0.188432 4.101622 3.768628 -3.644783 27.486998 27.486998 
565.000000 436 2.000000 0.674931 0.576670 1.650741 11.533385 135.743909 135.743909 
565.000000 437 2.000000 0.000001 1.727075 3.288039 4.901755 34.838403 34.838403 
565.000000 438 2.000000 0.702118 7.339661 0.295189 -1.404496 2.059747 2.059747 
565.000000 439 2.000000 0.369148 11.694321 -4.205673 1.544360 20.072732 20.072732 
565.000000 440 2.000000 0.319888 11.407498 -0.016173 2.135558 4.560871 4.560871 
565.000000 441 2.000000 0.077657 2.291010 -1.085109 -2.240571 6.197620 6.197620 
565.000000 442 2.000000 0.215907 8.977390 4.318121 -6.450079 60.249691 60.249691 
565.000000 443 2.000000 0.031203 5.102799 -0.301430 -0.583743 0.431616 0.431616 
565.000000 444 2.000000 0.901134 19.620016 3.604534 3.211475 23.306233 23.306233 
565.000000 445 2.000000 0.283735 12.156625 5.674677 0.971631 33.146026 33.146026 
565.000000 446 2.000000 0.000001 6.650313 4.039707 -5.933194 51.522018 51.522018 
565.000000 447 2.000000 0.185102 5.229582 3.702029 4.547461 34.384425 34.384425 
565.000000 448 2.000000 0.328151 19.862892 -1.679621 2.569963 9.425837 9.425837 
565.000000 449 2.000000 0.595095 5.067442 -2.346117 -5.540233 36.198442 36.198442 
565.000000 450 2.000000 0.137697 11.784541 2.753927 1.839834 10.969103 10.969103 
565.000000 451 2.000000 0.999999 13.935810 -4.497875 -1.471043 22.394845 22.394845 
565.000000 452 2.000000 0.416467 15.424831 1.041164 3.213506 11.410646 11.410646 
565.000000 453 2.000000 0.071957 6.626536 -2.651549 -4.633101 28.496338 28.496338 
565.000000 454 2.000000 0.577350 3.906010 5.773492 1.417496 35.342508 35.342508 
565.000000 455 2.000000 0.323697 10.295609 2.034449 -3.291841 14.975202 14.975202 
565.000000 456 2.000000 0.603750 7.380306 -1.320831 3.690153 15.361821 15.361821 
565.000000 457 2.000000 0.618494 4.305663 -3.815045 -1.473829 16.726744 16.726744 
565.000000 458 2.000000 0.241980 18.941845 -2.165769 1.232818 6.210397 6.210397 
565.000000 459 2.000000 0.819738 9.105654 0.683114 -0.232052 0.520493 0.520493 
565.000000 460 2.000000 0.319904 3.331712 -1.943129 2.007915 7.807474 7.807474 
565.000000 461 2.000000 0.728389 12.391131 -1.358050 -2.881109 10.145088 10.145088 
565.000000 462 2.000000 0.359144 15.486003 -3.204277 1.328923 12.033427 12.033427 
565.000000 463 2.000000 0.000001 19.507844 4.643371 0.242560 21.619730 21.619730 
565.000000 464 2.000000 0.593560 14.547248 1.187119 4.753383 24.003899 24.003899 
565.000000 465 2.000000 0.217021 5.848809 4.340392 -0.069504 18.843835 18.843835 
565.000000 466 2.000000 0.716276 1.815564 0.690624 2.906500 8.924704 8.924704 
565.000000 467 2.000000 0.388292 12.575424 0.409002 -2.105354 4.599797 4.599797 
565.000000 468 2.000000 0.030004 16.157496 -2.219639 0.502274 5.179077 5.179077 
565.000000 469 2.000000 0.555564 15.417571 -2.962900 3.262237 19.420972 19.420972 
565.000000 470 2.000000 0.520459 12.256250 5.204580 -0.548782 27.388811 27.388811 
565.000000 471 2.000000 0.411661 6.125104 -2.353350 2.953130 14.259234 14.259234 
565.000000 472 2.000000 0.999999 9.645215 -4.882409 -2.750842 31.405050 31.405050 
565.000000 473 2.000000 0.651888 6.409883 0.869183 -3.978056 16.580408 16.580408 
565.000000 474 2.000000 0.072207 8.951313 -0.773160 0.622448 0.985218 0.985218 
565.000000 475 2.000000 0.360208 18.119374 -6.397909 3.410095 52.561995 52.561995 
565.000000 476 2.000000 0.457367 15.660154 -0.314692 4.184053 17.605328 17.605328 
565.000000 477 2.000000 0.999999 9.706880 -8.123161 1.503252 68.245506 68.245506 
565.000000 478 2.000000 0.175166 4.812442 3.503299 2.532864 18.688504 18.688504 
565.000000 479 2.000000 0.812885 17.690040 -3.742290 3.496845 26.232659 26.232659 
565.000000 480 2.000000 0.775970 10.968463 -4.480579 3.744951 34.100245 34.100245 
565.000000 481 2.000000 0.505012 15.463866 3.366742 2.444477 17.310421 17.310421 
565.000000 482 2.000000 0.353253 2.271242 -1.175903 0.622538 1.770300 1.770300 
565.000000 483 2.000000 0.313454 6.652527 -0.896043 -4.104258 17.647824 17.647824 
565.000000 484 2.000000 0.905025 8.042368 -0.474871 2.116551 4.705289 4.705289 
565.000000 485 2.000000 0.999999 6.437827 -0.670907 -3.316133 11.446853 11.446853 
565.000000 486 2.000000 0.646745 3.329423 6.467442 3.504655 54.110409 54.110409 
565.000000 487 2.000000 0.793390 19.609303 -4.132178 4.897541 41.060802 41.060802 
565.000000 488 2.000000 0.656600 7.278339 -0.686797 5.235174 27.878741 27.878741 
565.000000 489 2.000000 0.361674 5.802433 -4.255501 -4.706097 40.256641 40.256641 
565.000000 490 2.000000 0.736245 7.320436 3.681219 0.219033 13.599351 13.599351 
565.000000 491 2.000000 0.715895 4.371883 -1.420520 9.542665 93.080329 93.080329 
565.000000 492 2.000000 0.642954 17.312079 -1.785227 -1.077536 4.348119 4.348119 
565.000000 493 2.000000 0.098996 15.396925 0.989947 0.113540 0.992886 0.992886 
565.000000 494 2.000000 0.534648 18.525152 2.673237 -1.017136 8.180763 8.180763 
565.000000 495 2.000000 0.446110 15.217791 -3.692591 6.219219 52.313921 52.313921 
565.000000 496 2.000000 0.260989 10.574510 1.739917 -6.080961 40.005397 40.005397 
565.000000 497 2.000000 0.476234 10.600772 0.501298 2.554403 6.776272 6.776272 
565.000000 498 2.000000 0.175816 16.118929 -8.241830 -2.108600 72.373950 72.373950 
565.000000 499 2.000000 0.855991 5.828626 -1.440083 -4.674375 23.923618 23.923618 
565.000000 500 2.000000 0.748770 16.376108 -5.024582 -5.575216 56.329462 56.329462 
