692.000000 1 2.000000 0.137398 7.257290 2.476615 3.968174 21.880029 21.880029 
692.000000 2 2.000000 0.684614 12.020925 4.564090 4.906500 44.904654 44.904654 
692.000000 3 2.000000 0.540275 3.880256 -0.540851 7.055008 50.065661 50.065661 
692.000000 4 2.000000 0.007699 12.766997 -0.348557 0.648535 0.542089 0.542089 
692.000000 5 2.000000 0.417097 14.997306 -2.331607 -3.848226 20.245232 20.245232 
692.000000 6 2.000000 0.169105 1.167926 0.241578 2.919812 8.583661 8.583661 
692.000000 7 2.000000 0.999999 6.692200 -5.230618 -0.509714 27.619172 27.619172 
692.000000 8 2.000000 0.496468 0.834985 1.241169 1.831748 4.895801 4.895801 
692.000000 9 2.000000 0.287330 13.638218 -2.850676 2.801483 15.974662 15.974662 
692.000000 10 2.000000 0.024829 7.618513 -4.875848 -2.085325 28.122478 28.122478 
692.000000 11 2.000000 0.640886 7.152708 0.275717 -4.465975 20.020954 20.020954 
692.000000 12 2.000000 0.307913 15.877886 -1.977389 -2.320788 9.296124 9.296124 
692.000000 13 2.000000 0.703893 16.332587 7.038925 1.838181 52.925369 52.925369 
692.000000 14 2.000000 0.496972 7.465587 -5.030273 -0.970381 26.245289 26.245289 
692.000000 15 2.000000 0.664189 1.265880 2.507194 -0.741007 6.835115 6.835115 
692.000000 16 2.000000 0.356240 7.205014 -1.839312 -2.813143 11.296839 11.296839 
692.000000 17 2.000000 0.265535 14.385276 2.655335 -4.060762 23.540594 23.540594 
692.000000 18 2.000000 0.570431 16.513577 1.267621 -1.302206 3.302604 3.302604 
692.000000 19 2.000000 0.999999 15.967341 -3.414078 -2.134322 16.211257 16.211257 
692.000000 20 2.000000 0.951016 4.433205 1.192506 2.982337 10.316403 10.316403 
692.000000 21 2.000000 0.000001 8.149605 5.718867 -1.718306 35.658010 35.658010 
692.000000 22 2.000000 0.849834 10.750759 3.399331 -8.353550 81.337247 81.337247 
692.000000 23 2.000000 0.745980 2.566787 -5.080381 -0.165613 25.837696 25.837696 
692.000000 24 2.000000 0.483559 19.807085 -2.519366 -1.286094 8.001244 8.001244 
692.000000 25 2.000000 0.643078 10.371643 -3.569206 -3.056978 22.084348 22.084348 
692.000000 26 2.000000 0.843911 1.646790 3.375642 2.058486 15.632321 15.632321 
692.000000 27 2.000000 0.241365 8.274158 -1.379335 1.806128 5.164662 5.164662 
692.000000 28 2.000000 0.317687 0.587673 3.176859 -6.262041 49.305588 49.305588 
692.000000 29 2.000000 0.215464 6.013407 4.309265 0.491801 18.811634 18.811634 
692.000000 30 2.000000 0.434821 7.629659 2.898803 -4.499536 28.648879 28.648879 
692.000000 31 2.000000 0.224076 4.665688 -0.323301 0.298185 0.193438 0.193438 
692.000000 32 2.000000 0.091980 8.785989 -3.661529 -0.059005 13.410280 13.410280 
692.000000 33 2.000000 0.037437 7.925891 -2.139027 -0.066839 4.579903 4.579903 
692.000000 34 2.000000 0.523417 3.755163 1.744719 3.265358 13.706609 13.706609 
692.000000 35 2.000000 0.738158 11.773179 -1.745606 1.543310 5.428946 5.428946 
692.000000 36 2.000000 0.000001 14.825460 2.935237 -0.681592 9.080182 9.080182 
692.000000 37 2.000000 0.236440 17.156092 1.576260 1.012567 3.509888 3.509888 
692.000000 38 2.000000 0.364803 8.295833 0.663277 0.162275 0.466270 0.466270 
692.000000 39 2.000000 0.000001 1.905582 6.746265 1.094547 46.710125 46.710125 
692.000000 40 2.000000 0.997476 0.988372 6.649832 -2.757919 51.826382 51.826382 
692.000000 41 2.000000 0.392661 10.358263 1.308866 -1.106262 2.936946 2.936946 
692.000000 42 2.000000 0.796283 11.095817 3.185126 -3.834486 24.848315 24.848315 
692.000000 43 2.000000 0.523213 10.116404 5.232118 -9.412948 115.978638 115.978638 
692.000000 44 2.000000 0.906195 9.067236 2.589126 7.884552 68.869739 68.869739 
692.000000 45 2.000000 0.354790 15.367527 1.773947 -4.876287 26.925060 26.925060 
692.000000 46 2.000000 0.617797 4.652215 -3.822023 -3.157134 24.575354 24.575354 
692.000000 47 2.000000 0.293232 18.305194 0.526814 -6.779221 46.235369 46.235369 
692.000000 48 2.000000 0.604841 8.772393 0.281782 -2.940577 8.726397 8.726397 
692.000000 49 2.000000 0.171458 6.604478 -2.367261 1.102630 6.819717 6.819717 
692.000000 50 2.000000 0.000001 7.929267 3.101321 -2.778767 17.339736 17.339736 
692.000000 51 2.000000 0.400831 2.718316 -5.991675 2.261326 41.013766 41.013766 
692.000000 52 2.000000 0.299482 12.520843 -2.802067 -0.153095 7.875018 7.875018 
692.000000 53 2.000000 0.122084 5.815705 -1.755830 2.224562 8.031615 8.031615 
692.000000 54 2.000000 0.116253 14.122050 -0.262433 -1.982703 3.999983 3.999983 
692.000000 55 2.000000 0.234288 14.979095 -3.442775 -1.546092 14.243100 14.243100 
692.000000 56 2.000000 0.591583 15.504770 0.600374 3.394495 11.883044 11.883044 
692.000000 57 2.000000 0.211341 3.569806 4.226791 -1.995582 21.848108 21.848108 
692.000000 58 2.000000 0.884642 7.742602 0.573579 -2.431416 6.240778 6.240778 
692.000000 59 2.000000 0.770014 11.205665 5.133417 -1.359156 28.199275 28.199275 
692.000000 60 2.000000 0.833668 14.220824 -1.663314 0.186698 2.801471 2.801471 
692.000000 61 2.000000 0.184058 17.529159 0.736229 1.823929 3.868750 3.868750 
692.000000 62 2.000000 0.581199 8.303856 -0.518773 4.604375 21.469397 21.469397 
692.000000 63 2.000000 0.370298 17.985619 3.702970 3.526592 26.148837 26.148837 
692.000000 64 2.000000 0.505510 4.822633 1.263773 -1.607844 4.182284 4.182284 
692.000000 65 2.000000 0.125655 9.502049 0.502616 -2.999414 9.249108 9.249108 
692.000000 66 2.000000 0.663602 11.101827 -6.727935 -1.861762 48.731269 48.731269 
692.000000 67 2.000000 0.537403 9.617254 -1.504365 -4.547601 22.943792 22.943792 
692.000000 68 2.000000 0.430254 19.999999 2.868354 -4.056835 24.685369 24.685369 
692.000000 69 2.000000 0.582204 10.946416 0.895696 2.702819 8.107500 8.107500 
692.000000 70 2.000000 0.000001 0.031673 3.505812 -0.494103 12.534856 12.534856 
692.000000 71 2.000000 0.111211 8.849303 2.224209 4.783406 27.828082 27.828082 
692.000000 72 2.000000 0.513195 5.439581 -2.434019 -6.928776 53.932380 53.932380 
692.000000 73 2.000000 0.394553 8.290645 3.945524 2.858843 23.740144 23.740144 
692.000000 74 2.000000 0.998772 11.196529 3.995083 0.683135 16.427365 16.427365 
692.000000 75 2.000000 0.579624 2.827187 0.006212 7.961952 63.392723 63.392723 
692.000000 76 2.000000 0.538468 16.003954 10.769345 3.831872 130.662025 130.662025 
692.000000 77 2.000000 0.057387 12.663157 -0.395754 0.942896 1.045675 1.045675 
692.000000 78 2.000000 0.378548 10.661622 -1.775574 -0.309094 3.248201 3.248201 
692.000000 79 2.000000 0.166740 16.887378 1.667389 2.122941 7.287064 7.287064 
692.000000 80 2.000000 0.000001 16.707081 5.277035 -0.630712 28.244895 28.244895 
692.000000 81 2.000000 0.000001 9.356680 4.306189 -0.771011 19.137724 19.137724 
692.000000 82 2.000000 0.016793 3.931480 -3.932824 -0.543780 15.762802 15.762802 
692.000000 83 2.000000 0.547539 0.734305 2.190152 7.343041 58.717023 58.717023 
692.000000 84 2.000000 0.629803 2.445339 6.298015 -2.033087 43.798438 43.798438 
692.000000 85 2.000000 0.275012 2.255479 1.833405 -5.828005 37.327016 37.327016 
692.000000 86 2.000000 0.298174 5.105296 0.596345 0.557224 0.666126 0.666126 
692.000000 87 2.000000 0.999999 15.065838 -4.011257 -0.891384 16.884748 16.884748 
692.000000 88 2.000000 0.914876 9.547811 3.881499 -1.209754 16.529542 16.529542 
692.000000 89 2.000000 0.470685 16.121231 4.706839 3.047772 31.443254 31.443254 
692.000000 90 2.000000 0.963760 2.634396 3.212531 -3.509583 22.637533 22.637533 
692.000000 91 2.000000 0.932968 10.723373 -0.268123 -4.064027 16.588207 16.588207 
692.000000 92 2.000000 0.829910 5.557007 -3.401778 6.488343 53.670684 53.670684 
692.000000 93 2.000000 0.564971 1.682069 -2.900189 -4.125579 25.431498 25.431498 
692.000000 94 2.000000 0.697414 17.519990 -3.025853 1.160154 10.501743 10.501743 
692.000000 95 2.000000 0.582423 8.103775 -2.087879 3.116836 14.073908 14.073908 
692.000000 96 2.000000 0.119915 12.464693 -2.933614 -6.028245 44.945828 44.945828 
692.000000 97 2.000000 0.324033 15.861533 0.540054 1.873630 3.802146 3.802146 
692.000000 98 2.000000 0.999999 16.470199 -3.158754 -7.151220 61.117675 61.117675 
692.000000 99 2.000000 0.916492 7.339811 -0.278357 1.404171 2.049178 2.049178 
692.000000 100 2.000000 0.445000 19.072986 4.449989 2.073288 24.100921 24.100921 
692.000000 101 2.000000 0.111797 18.341309 1.117961 -6.634762 45.269902 45.269902 
692.000000 102 2.000000 0.682381 6.186950 1.240691 -3.134992 11.367491 11.367491 
692.000000 103 2.000000 0.373743 8.333306 -4.175039 -0.756233 18.002842 18.002842 
692.000000 104 2.000000 0.684452 9.420897 2.889085 -1.105042 9.567929 9.567929 
692.000000 105 2.000000 0.495677 19.080610 -10.086435 -1.690308 104.593311 104.593311 
692.000000 106 2.000000 0.135462 4.718443 -0.665029 -3.945245 16.007220 16.007220 
692.000000 107 2.000000 0.457047 6.474359 -0.987185 -5.104015 27.025505 27.025505 
692.000000 108 2.000000 0.163929 12.874707 -2.388771 0.521563 5.978254 5.978254 
692.000000 109 2.000000 0.000001 18.665997 9.257526 5.392172 114.777310 114.777310 
692.000000 110 2.000000 0.424629 9.024579 -1.278601 -0.672685 2.087325 2.087325 
692.000000 111 2.000000 0.054314 8.425292 -0.484967 1.491202 2.458876 2.458876 
692.000000 112 2.000000 0.999999 10.984631 -2.979777 -2.793663 16.683625 16.683625 
692.000000 113 2.000000 0.513506 9.642490 1.711683 4.285550 21.295800 21.295800 
692.000000 114 2.000000 0.305823 7.812507 -2.776705 -0.660041 8.145743 8.145743 
692.000000 115 2.000000 0.352231 2.606742 -4.531758 3.694214 34.184048 34.184048 
692.000000 116 2.000000 0.678825 19.853468 2.262747 -2.930612 13.708507 13.708507 
692.000000 117 2.000000 0.710855 16.985426 0.053670 -1.094637 1.201111 1.201111 
692.000000 118 2.000000 0.098197 7.558967 1.963923 7.403674 58.671385 58.671385 
692.000000 119 2.000000 0.468404 0.282971 4.684032 -8.581978 95.590512 95.590512 
692.000000 120 2.000000 0.788949 17.556705 -0.844200 1.597763 3.265521 3.265521 
692.000000 121 2.000000 0.795005 3.568182 -4.099873 -1.966772 20.677154 20.677154 
692.000000 122 2.000000 0.959432 14.762407 1.238450 3.221284 11.910430 11.910430 
692.000000 123 2.000000 0.000001 17.835753 4.402028 -0.682910 19.844214 19.844214 
692.000000 124 2.000000 0.999999 19.576226 -5.657066 -4.237734 49.960789 49.960789 
692.000000 125 2.000000 0.713962 0.161187 1.784901 0.173997 3.216148 3.216148 
692.000000 126 2.000000 0.020849 16.380086 -9.791499 0.575343 96.204469 96.204469 
692.000000 127 2.000000 0.449074 1.391901 -2.203701 -0.412455 5.026418 5.026418 
692.000000 128 2.000000 0.360042 8.638626 0.485551 -3.702200 13.942041 13.942041 
692.000000 129 2.000000 0.323965 18.226319 -6.760344 -2.728738 53.148258 53.148258 
692.000000 130 2.000000 0.054845 9.527049 -1.575256 0.097914 2.491019 2.491019 
692.000000 131 2.000000 0.632761 14.647502 3.163802 -7.646424 68.477447 68.477447 
692.000000 132 2.000000 0.304414 1.912393 2.029417 -0.946394 5.014193 5.014193 
692.000000 133 2.000000 0.554417 17.442061 -0.108048 2.088172 4.372136 4.372136 
692.000000 134 2.000000 0.691826 8.099183 -0.761562 0.017441 0.580281 0.580281 
692.000000 135 2.000000 0.323560 8.752444 2.157057 -5.715274 37.317246 37.317246 
692.000000 136 2.000000 0.515676 5.341425 0.028372 0.022065 0.001292 0.001292 
692.000000 137 2.000000 0.953565 15.506392 0.529758 2.742830 7.803762 7.803762 
692.000000 138 2.000000 0.836902 14.188993 -0.543655 3.951072 15.906529 15.906529 
692.000000 139 2.000000 0.235687 1.352880 1.571241 5.411516 31.753305 31.753305 
692.000000 140 2.000000 0.999999 13.115698 -2.918810 -2.429161 14.420275 14.420275 
692.000000 141 2.000000 0.802623 6.890737 4.050016 2.846064 24.502712 24.502712 
692.000000 142 2.000000 0.582032 1.475357 0.096462 1.759331 3.104550 3.104550 
692.000000 143 2.000000 0.308100 6.791022 2.053994 3.547707 16.805120 16.805120 
692.000000 144 2.000000 0.537920 7.332619 -0.795033 -2.739799 8.138577 8.138577 
692.000000 145 2.000000 0.123813 7.267412 2.747560 3.765504 21.728110 21.728110 
692.000000 146 2.000000 0.100509 8.569016 2.010154 1.104896 5.261515 5.261515 
692.000000 147 2.000000 0.000001 1.313706 0.605714 2.627410 7.270171 7.270171 
692.000000 148 2.000000 0.841967 4.212240 0.117958 -2.705174 7.331879 7.331879 
692.000000 149 2.000000 0.534257 3.202759 -4.657418 -6.673046 66.221084 66.221084 
692.000000 150 2.000000 0.936100 5.875591 4.680496 -5.692624 54.313012 54.313012 
692.000000 151 2.000000 0.097014 10.818318 -0.575273 -0.379433 0.474909 0.474909 
692.000000 152 2.000000 0.623924 19.716062 -0.752150 -1.892913 4.148850 4.148850 
692.000000 153 2.000000 0.677343 7.542154 -2.151038 -3.867173 19.581992 19.581992 
692.000000 154 2.000000 0.000001 18.021822 7.878463 -3.956355 77.722917 77.722917 
692.000000 155 2.000000 0.178472 12.615454 0.899186 0.190683 0.844896 0.844896 
692.000000 156 2.000000 0.998561 9.638428 5.685674 0.548897 32.628182 32.628182 
692.000000 157 2.000000 0.681434 13.468194 0.346053 4.583197 21.125451 21.125451 
692.000000 158 2.000000 0.896562 11.916747 -2.068745 -1.265462 5.881100 5.881100 
692.000000 159 2.000000 0.058944 10.418249 -2.352637 7.518815 62.067477 62.067477 
692.000000 160 2.000000 0.994733 4.307570 3.025935 4.724873 31.480700 31.480700 
692.000000 161 2.000000 0.999999 12.130599 -5.327243 -6.295520 68.013090 68.013090 
692.000000 162 2.000000 0.600788 19.544978 0.600787 -1.820086 3.673657 3.673657 
692.000000 163 2.000000 0.020046 0.803413 -2.799864 4.017062 23.976029 23.976029 
692.000000 164 2.000000 0.968491 9.519354 4.842451 1.857610 26.900049 26.900049 
692.000000 165 2.000000 0.157105 0.537131 -5.619295 -4.888729 55.476153 55.476153 
692.000000 166 2.000000 0.178085 17.121149 -5.479428 -0.539204 30.314869 30.314869 
692.000000 167 2.000000 0.302087 3.603323 -4.652746 0.029684 21.648931 21.648931 
692.000000 168 2.000000 0.556216 1.255193 -0.363698 -0.737916 0.676796 0.676796 
692.000000 169 2.000000 0.217007 11.473077 2.170060 -4.266525 22.912391 22.912391 
692.000000 170 2.000000 0.384740 13.956178 -6.152587 -1.660501 40.611594 40.611594 
692.000000 171 2.000000 0.781337 10.101493 -4.373242 10.101492 121.165380 121.165380 
692.000000 172 2.000000 0.598535 19.994848 0.997557 3.124757 10.759228 10.759228 
692.000000 173 2.000000 0.144532 12.525786 -2.138668 -7.867593 66.472915 66.472915 
692.000000 174 2.000000 0.835113 13.828271 -0.412216 1.763773 3.280819 3.280819 
692.000000 175 2.000000 0.289986 14.407051 -4.733419 -4.083432 39.079673 39.079673 
692.000000 176 2.000000 0.633951 7.773451 -3.660482 3.960262 29.082802 29.082802 
692.000000 177 2.000000 0.700215 16.007383 -2.997836 -7.259302 61.684488 61.684488 
692.000000 178 2.000000 0.751071 10.089642 -2.489275 -3.706024 19.931102 19.931102 
692.000000 179 2.000000 0.893595 18.866693 -1.064043 0.179184 1.164294 1.164294 
692.000000 180 2.000000 0.630572 18.612602 -2.462845 1.850744 9.490856 9.490856 
692.000000 181 2.000000 0.032173 1.293867 -3.871304 -4.166519 32.346874 32.346874 
692.000000 182 2.000000 0.425557 3.508121 4.255562 2.584645 24.790201 24.790201 
692.000000 183 2.000000 0.639475 10.286903 3.197370 2.696182 17.492571 17.492571 
692.000000 184 2.000000 0.786070 18.995202 0.591456 -2.511992 6.659923 6.659923 
692.000000 185 2.000000 0.124263 11.914171 -1.592247 -4.139352 19.669483 19.669483 
692.000000 186 2.000000 0.116937 8.917425 -0.395219 0.276239 0.232506 0.232506 
692.000000 187 2.000000 0.360931 14.048378 2.817607 -2.027099 12.048038 12.048038 
692.000000 188 2.000000 0.392690 5.294846 -3.036543 1.504742 11.484841 11.484841 
692.000000 189 2.000000 0.128313 9.172179 -3.329785 3.779014 25.368410 25.368410 
692.000000 190 2.000000 0.461880 0.450481 3.079196 4.504802 29.774691 29.774691 
692.000000 191 2.000000 0.475715 8.341405 2.973175 -5.357560 37.543219 37.543219 
692.000000 192 2.000000 0.208063 5.739917 2.080615 -4.143038 21.493724 21.493724 
692.000000 193 2.000000 0.528568 10.238548 5.285672 -3.617762 41.026532 41.026532 
692.000000 194 2.000000 0.601877 19.268998 -7.962431 -4.873342 87.149769 87.149769 
692.000000 195 2.000000 0.464833 3.572877 -0.891943 0.570355 1.120867 1.120867 
692.000000 196 2.000000 0.891193 14.252678 0.342766 3.229886 10.549655 10.549655 
692.000000 197 2.000000 0.844570 2.173910 1.118255 1.935941 4.998363 4.998363 
692.000000 198 2.000000 0.924643 16.802419 -1.507124 -0.686287 2.742413 2.742413 
692.000000 199 2.000000 0.833319 19.351269 2.777727 4.316224 26.345556 26.345556 
692.000000 200 2.000000 0.352654 3.881468 -0.289524 0.754441 0.653005 0.653005 
692.000000 201 2.000000 0.884199 12.411835 -2.316006 -3.328278 16.441319 16.441319 
692.000000 202 2.000000 0.000001 12.737427 5.459343 0.890015 30.596550 30.596550 
692.000000 203 2.000000 0.769495 1.967414 2.198554 -0.128655 4.850192 4.850192 
692.000000 204 2.000000 0.735546 4.289420 -1.763023 -0.408792 3.275360 3.275360 
692.000000 205 2.000000 0.605914 2.826735 0.390912 -3.193194 10.349301 10.349301 
692.000000 206 2.000000 0.618144 9.168719 -1.527420 1.426369 4.367542 4.367542 
692.000000 207 2.000000 0.663481 9.714010 -0.448691 -0.361298 0.331860 0.331860 
692.000000 208 2.000000 0.567949 7.051295 1.149637 -3.501221 13.580216 13.580216 
692.000000 209 2.000000 0.122187 13.033645 2.443730 -0.051904 5.974509 5.974509 
692.000000 210 2.000000 0.981421 0.520195 0.179922 -1.141712 1.335878 1.335878 
692.000000 211 2.000000 0.471569 18.572618 -5.284298 5.828314 61.893044 61.893044 
692.000000 212 2.000000 0.274697 14.554111 0.047412 -0.848717 0.722568 0.722568 
692.000000 213 2.000000 0.579698 14.774977 2.318789 2.998500 14.367786 14.367786 
692.000000 214 2.000000 0.428954 14.151338 -5.710448 5.442822 62.233525 62.233525 
692.000000 215 2.000000 0.723248 0.000001 1.562070 2.216326 7.352166 7.352166 
692.000000 216 2.000000 0.631873 1.380516 -7.362519 -0.685993 54.677272 54.677272 
692.000000 217 2.000000 0.875616 4.074378 0.755136 -0.003484 0.570242 0.570242 
692.000000 218 2.000000 0.244957 11.874976 -1.677872 -4.779121 25.655253 25.655253 
692.000000 219 2.000000 0.480132 8.646139 0.121429 -0.972561 0.960620 0.960620 
692.000000 220 2.000000 0.789047 2.877176 1.895227 4.327968 22.323191 22.323191 
692.000000 221 2.000000 0.233256 10.465369 4.665090 6.190840 60.089571 60.089571 
692.000000 222 2.000000 0.671086 10.897148 -0.730918 -10.709237 115.221988 115.221988 
692.000000 223 2.000000 0.465516 17.016159 -1.527095 4.874763 26.095334 26.095334 
692.000000 224 2.000000 0.784722 5.882297 1.207264 0.725036 1.983162 1.983162 
692.000000 225 2.000000 0.133236 9.954292 1.332345 2.876838 10.051340 10.051340 
692.000000 226 2.000000 0.253720 11.598039 -1.492559 -3.231898 12.672893 12.672893 
692.000000 227 2.000000 0.757492 14.985823 5.049939 1.978265 29.415414 29.415414 
692.000000 228 2.000000 0.997935 19.826193 2.494836 2.950559 14.930004 14.930004 
692.000000 229 2.000000 0.637085 16.357179 1.429198 -1.034067 3.111901 3.111901 
692.000000 230 2.000000 0.416537 3.161092 -3.889744 -1.483263 17.330180 17.330180 
692.000000 231 2.000000 0.217608 10.211823 -4.613437 1.519623 23.593056 23.593056 
692.000000 232 2.000000 0.633281 0.000001 0.735841 3.026289 9.699888 9.699888 
692.000000 233 2.000000 0.899734 18.975714 1.131767 -0.159847 1.306448 1.306448 
692.000000 234 2.000000 0.812487 17.487172 -1.250081 2.041937 5.732209 5.732209 
692.000000 235 2.000000 0.878197 0.779216 -0.812016 -2.108387 5.104667 5.104667 
692.000000 236 2.000000 0.282138 4.866692 -4.785740 1.112317 24.140557 24.140557 
692.000000 237 2.000000 0.695695 14.141318 -1.245647 -2.878375 9.836681 9.836681 
692.000000 238 2.000000 0.258971 18.022428 0.493845 -3.083851 9.754021 9.754021 
692.000000 239 2.000000 0.493541 16.622665 3.290267 -0.667203 11.271016 11.271016 
692.000000 240 2.000000 0.000001 15.422036 4.890219 2.699742 31.202850 31.202850 
692.000000 241 2.000000 0.295271 16.930012 -0.587273 -6.139973 38.044159 38.044159 
692.000000 242 2.000000 0.687016 8.986471 2.531424 -2.241052 11.430425 11.430425 
692.000000 243 2.000000 0.352004 6.726286 -0.359997 -2.585931 6.816638 6.816638 
692.000000 244 2.000000 0.164431 16.736684 3.880704 -3.186191 25.211677 25.211677 
692.000000 245 2.000000 0.527351 11.698196 3.515669 5.434899 41.898052 41.898052 
692.000000 246 2.000000 0.357060 1.058673 -3.214696 -2.506299 16.615804 16.615804 
692.000000 247 2.000000 0.119752 19.397893 -0.283951 0.513622 0.344435 0.344435 
692.000000 248 2.000000 0.444840 15.764162 0.938310 1.367419 2.750259 2.750259 
692.000000 249 2.000000 0.483614 3.050795 2.418064 1.848966 9.265709 9.265709 
692.000000 250 2.000000 0.999999 3.105869 -1.633875 0.536434 2.957310 2.957310 
692.000000 251 2.000000 0.568125 13.141214 0.867877 1.171639 2.125949 2.125949 
692.000000 252 2.000000 0.000001 6.538981 4.573057 3.963018 36.618366 36.618366 
692.000000 253 2.000000 0.000001 11.772910 4.247658 -0.077696 18.048636 18.048636 
692.000000 254 2.000000 0.497610 0.737727 -3.349263 -4.018800 27.368311 27.368311 
692.000000 255 2.000000 0.168244 12.670405 -4.678840 2.828505 29.891984 29.891984 
692.000000 256 2.000000 0.544966 10.905358 5.449650 -0.557863 30.009895 30.009895 
692.000000 257 2.000000 0.999999 18.487492 -2.738593 -5.041691 32.918537 32.918537 
692.000000 258 2.000000 0.645222 4.994511 2.150736 -1.437356 6.691660 6.691660 
692.000000 259 2.000000 0.147972 8.752938 -4.260135 -6.513716 60.577243 60.577243 
692.000000 260 2.000000 0.775255 14.835679 0.107074 -0.816185 0.677623 0.677623 
692.000000 261 2.000000 0.000001 6.418187 2.294663 -6.036361 41.703131 41.703131 
692.000000 262 2.000000 0.109365 13.922339 -5.937559 -1.148810 36.574373 36.574373 
692.000000 263 2.000000 0.811082 5.566433 -0.209908 -0.000498 0.044061 0.044061 
692.000000 264 2.000000 0.221500 12.739011 0.402726 1.445914 2.252856 2.252856 
692.000000 265 2.000000 0.153748 8.703497 -1.057813 -0.584313 1.460391 1.460391 
692.000000 266 2.000000 0.605153 18.715141 2.420609 0.914700 6.696024 6.696024 
692.000000 267 2.000000 0.158039 7.454409 3.160761 -0.908899 10.816510 10.816510 
692.000000 268 2.000000 0.609006 2.699950 0.597629 2.263138 5.478954 5.478954 
692.000000 269 2.000000 0.199827 8.293955 0.444059 -1.314786 1.925850 1.925850 
692.000000 270 2.000000 0.149389 16.993100 -0.739661 0.463220 0.761671 0.761671 
692.000000 271 2.000000 0.804360 10.631330 3.217436 -6.044303 46.885493 46.885493 
692.000000 272 2.000000 0.606151 18.450201 2.424600 -2.066398 10.148686 10.148686 
692.000000 273 2.000000 0.769838 11.877115 -2.301608 -2.321976 10.688969 10.688969 
692.000000 274 2.000000 0.907942 0.166966 -1.841140 3.339294 14.540682 14.540682 
692.000000 275 2.000000 0.999999 5.885235 -3.891601 7.846978 76.719625 76.719625 
692.000000 276 2.000000 0.751765 12.684616 1.879411 0.457203 3.741219 3.741219 
692.000000 277 2.000000 0.879495 12.212258 -2.410071 -2.180295 10.562133 10.562133 
692.000000 278 2.000000 0.161739 7.173733 3.234761 -3.305016 21.386808 21.386808 
692.000000 279 2.000000 0.146102 12.756547 0.974009 1.554689 3.365753 3.365753 
692.000000 280 2.000000 0.803723 11.829131 3.214889 -0.543983 10.631430 10.631430 
692.000000 281 2.000000 0.399670 3.743565 -4.002192 0.400148 16.177662 16.177662 
692.000000 282 2.000000 0.000001 10.863926 4.287522 -4.808460 41.504127 41.504127 
692.000000 283 2.000000 0.546095 19.629773 5.460941 5.081840 55.646973 55.646973 
692.000000 284 2.000000 0.999999 19.334255 -6.791677 0.069196 46.131665 46.131665 
692.000000 285 2.000000 0.715640 11.745283 2.044684 0.077325 4.186710 4.186710 
692.000000 286 2.000000 0.844128 12.764282 -0.519570 0.059755 0.273523 0.273523 
692.000000 287 2.000000 0.382072 1.849368 -3.089635 0.977587 10.501523 10.501523 
692.000000 288 2.000000 0.337839 13.599165 1.689191 6.190714 41.178309 41.178309 
692.000000 289 2.000000 0.944779 15.641688 6.298521 1.692944 42.537431 42.537431 
692.000000 290 2.000000 0.903288 14.651400 -0.644743 0.819794 1.087755 1.087755 
692.000000 291 2.000000 0.028207 17.263773 0.564112 5.208855 27.450389 27.450389 
692.000000 292 2.000000 0.297001 4.214059 -2.343326 -3.278826 16.241876 16.241876 
692.000000 293 2.000000 0.401671 6.234045 -1.087870 -2.573076 7.804178 7.804178 
692.000000 294 2.000000 0.245516 4.251116 -5.029886 2.296966 30.575810 30.575810 
692.000000 295 2.000000 0.089962 8.856751 -4.550187 0.257240 20.770375 20.770375 
692.000000 296 2.000000 0.635012 9.446680 1.886242 2.516490 9.890628 9.890628 
692.000000 297 2.000000 0.023115 11.245437 -0.630248 -1.553137 2.809448 2.809448 
692.000000 298 2.000000 0.350797 4.254375 -0.763767 -3.499251 12.828099 12.828099 
692.000000 299 2.000000 0.295358 12.597853 -7.046409 0.021314 49.652336 49.652336 
692.000000 300 2.000000 0.906327 6.811755 1.294751 8.514693 74.176372 74.176372 
692.000000 301 2.000000 0.848014 14.286664 -1.013231 3.216619 11.373275 11.373275 
692.000000 302 2.000000 0.588164 12.662313 -8.236696 0.546908 68.142276 68.142276 
692.000000 303 2.000000 0.366567 3.747287 -3.167160 -1.219043 11.516969 11.516969 
692.000000 304 2.000000 0.000001 17.059807 1.042021 4.785904 23.990687 23.990687 
692.000000 305 2.000000 0.476849 14.617840 -3.487669 0.316293 12.263876 12.263876 
692.000000 306 2.000000 0.791146 1.881842 -0.181612 -2.611020 6.850407 6.850407 
692.000000 307 2.000000 0.435495 4.060774 -11.290088 -0.421142 127.643437 127.643437 
692.000000 308 2.000000 0.267165 13.673855 -4.885563 4.401581 43.242643 43.242643 
692.000000 309 2.000000 0.722493 12.539836 -2.775056 1.752003 10.770449 10.770449 
692.000000 310 2.000000 0.955468 19.248723 -0.890619 3.826597 15.436045 15.436045 
692.000000 311 2.000000 0.301472 2.320761 -1.552281 2.210248 7.294773 7.294773 
692.000000 312 2.000000 0.000001 4.903459 1.626037 3.619649 15.745856 15.745856 
692.000000 313 2.000000 0.733321 12.298058 3.666598 -0.269655 13.516654 13.516654 
692.000000 314 2.000000 0.321677 9.023435 3.216755 1.431877 12.397784 12.397784 
692.000000 315 2.000000 0.918450 7.516542 -1.630986 -1.635757 5.335815 5.335815 
692.000000 316 2.000000 0.074754 3.286982 -9.252451 4.670890 107.425053 107.425053 
692.000000 317 2.000000 0.839989 0.407277 -1.600099 2.715176 9.932498 9.932498 
692.000000 318 2.000000 0.072793 10.183173 1.455842 -5.272516 29.918899 29.918899 
692.000000 319 2.000000 0.999999 12.190788 -2.730729 -3.662665 20.871997 20.871997 
692.000000 320 2.000000 0.999999 6.791954 -2.240643 1.188397 6.432770 6.432770 
692.000000 321 2.000000 0.752125 9.642088 4.293790 3.670374 31.908271 31.908271 
692.000000 322 2.000000 0.000001 16.074649 6.436307 0.085343 41.433337 41.433337 
692.000000 323 2.000000 0.063256 10.875278 -3.122477 6.355331 50.140098 50.140098 
692.000000 324 2.000000 0.271855 0.788470 -3.640722 -3.470831 25.301525 25.301525 
692.000000 325 2.000000 0.119997 9.818227 -2.933339 -3.510956 20.931288 20.931288 
692.000000 326 2.000000 0.494715 16.394488 -10.105678 -4.241778 120.117410 120.117410 
692.000000 327 2.000000 0.454733 5.080808 -3.635108 -0.607747 13.583366 13.583366 
692.000000 328 2.000000 0.670892 3.523113 6.708912 -0.049303 45.011935 45.011935 
692.000000 329 2.000000 0.440732 13.172889 4.407311 0.666470 19.868570 19.868570 
692.000000 330 2.000000 0.000001 9.528787 5.118838 0.585236 26.545003 26.545003 
692.000000 331 2.000000 0.666148 3.438931 -0.153466 5.290661 28.014645 28.014645 
692.000000 332 2.000000 0.814460 10.147359 -3.710780 -2.666226 20.878654 20.878654 
692.000000 333 2.000000 0.000001 12.197834 4.125192 3.448807 28.911476 28.911476 
692.000000 334 2.000000 0.000001 5.518204 5.565655 -4.684653 52.922485 52.922485 
692.000000 335 2.000000 0.999999 1.018395 -1.305604 -2.508566 7.997506 7.997506 
692.000000 336 2.000000 0.999999 11.784179 -10.785679 2.278065 121.520459 121.520459 
692.000000 337 2.000000 0.319502 10.716485 -6.804973 -1.603878 48.880089 48.880089 
692.000000 338 2.000000 0.499354 2.858529 -1.430414 -0.400423 2.206422 2.206422 
692.000000 339 2.000000 0.831923 2.907466 2.714107 4.711057 29.560436 29.560436 
692.000000 340 2.000000 0.852575 9.248110 1.311652 2.631143 8.643346 8.643346 
692.000000 341 2.000000 0.878098 18.549167 2.508847 2.289336 11.535372 11.535372 
692.000000 342 2.000000 0.464911 16.842542 -0.891813 -4.209943 18.518948 18.518948 
692.000000 343 2.000000 0.205118 2.371204 4.102335 -3.542486 29.378356 29.378356 
692.000000 344 2.000000 0.116759 18.364752 -3.532961 4.734659 34.898815 34.898815 
692.000000 345 2.000000 0.155183 4.778433 -0.333256 -0.778710 0.717448 0.717448 
692.000000 346 2.000000 0.624817 12.620213 0.480628 -1.397612 2.184324 2.184324 
692.000000 347 2.000000 0.674788 14.625979 -1.626054 -3.256982 13.251982 13.251982 
692.000000 348 2.000000 0.007391 11.802612 -6.617389 3.682155 57.348109 57.348109 
692.000000 349 2.000000 0.868975 1.488110 8.689744 -0.411379 75.680889 75.680889 
692.000000 350 2.000000 0.311156 15.623725 0.777888 3.591213 13.501922 13.501922 
692.000000 351 2.000000 0.160723 16.753184 2.622351 -0.700868 7.367941 7.367941 
692.000000 352 2.000000 0.741488 7.586129 4.943249 -1.250277 25.998901 25.998901 
692.000000 353 2.000000 0.351728 4.466438 7.034544 -0.826389 50.167721 50.167721 
692.000000 354 2.000000 0.405452 11.957071 -2.337981 -4.350626 24.394102 24.394102 
692.000000 355 2.000000 0.169873 12.613268 -0.569673 -3.531307 12.794660 12.794660 
692.000000 356 2.000000 0.999999 10.088319 -5.937414 -4.946150 59.717291 59.717291 
692.000000 357 2.000000 0.285806 6.903416 -0.325333 2.584122 6.783526 6.783526 
692.000000 358 2.000000 0.898686 19.425660 2.567670 -2.297355 11.870773 11.870773 
692.000000 359 2.000000 0.530200 15.209403 1.127505 -6.363171 41.761211 41.761211 
692.000000 360 2.000000 0.906317 4.023012 2.265790 -2.943656 13.798914 13.798914 
692.000000 361 2.000000 0.415835 18.515804 2.772229 -0.751596 8.250150 8.250150 
692.000000 362 2.000000 0.960303 8.618524 -0.793924 -2.066712 4.901613 4.901613 
692.000000 363 2.000000 0.219796 4.689368 4.395906 4.758543 41.967719 41.967719 
692.000000 364 2.000000 0.000001 14.581044 2.052358 -3.809555 18.724879 18.724879 
692.000000 365 2.000000 0.036638 7.483621 -1.751565 -2.696474 10.338950 10.338950 
692.000000 366 2.000000 0.488012 13.706468 4.880114 5.617854 55.375795 55.375795 
692.000000 367 2.000000 0.501734 14.676249 10.034660 -0.075829 100.700147 100.700147 
692.000000 368 2.000000 0.161005 14.796649 3.220072 -0.352554 10.493158 10.493158 
692.000000 369 2.000000 0.999999 14.563168 -4.366674 2.184375 23.839339 23.839339 
692.000000 370 2.000000 0.999999 0.179844 -5.925728 -8.282733 103.717932 103.717932 
692.000000 371 2.000000 0.841943 17.669719 -3.161124 -2.461871 16.053517 16.053517 
692.000000 372 2.000000 0.000001 7.291948 3.400923 -5.186959 38.470824 38.470824 
692.000000 373 2.000000 0.514618 1.487073 -2.426905 -2.619766 12.753041 12.753041 
692.000000 374 2.000000 0.451339 19.737485 -1.097320 0.136401 1.222716 1.222716 
692.000000 375 2.000000 0.620305 17.303970 -7.593885 -4.493381 77.857565 77.857565 
692.000000 376 2.000000 0.855257 0.554020 -0.723709 0.350528 0.646625 0.646625 
692.000000 377 2.000000 0.519046 1.050728 -0.234144 -3.516758 12.422410 12.422410 
692.000000 378 2.000000 0.712728 10.516013 -5.745420 2.545631 39.490082 39.490082 
692.000000 379 2.000000 0.213667 1.826686 -0.124680 4.059299 16.493454 16.493454 
692.000000 380 2.000000 0.010073 16.920677 -0.395970 -0.420538 0.333644 0.333644 
692.000000 381 2.000000 0.908340 2.538338 -1.833173 -0.752501 3.926780 3.926780 
692.000000 382 2.000000 0.875399 10.463163 -2.492009 -1.030829 7.272716 7.272716 
692.000000 383 2.000000 0.543676 2.041708 -2.808718 0.583662 8.229560 8.229560 
692.000000 384 2.000000 0.342053 16.325943 0.031819 4.570280 20.888470 20.888470 
692.000000 385 2.000000 0.473888 4.089880 0.430807 1.472048 2.352521 2.352521 
692.000000 386 2.000000 0.145243 3.827051 -8.547564 -1.490911 75.283673 75.283673 
692.000000 387 2.000000 0.242654 10.226541 0.808843 -2.356234 6.206067 6.206067 
692.000000 388 2.000000 0.652543 15.389548 1.003911 1.565770 3.459473 3.459473 
692.000000 389 2.000000 0.514952 4.199119 -4.850466 0.400415 23.687348 23.687348 
692.000000 390 2.000000 0.190222 4.723068 -2.313649 4.498159 25.586405 25.586405 
692.000000 391 2.000000 0.767511 7.952825 1.705578 -1.110958 4.143223 4.143223 
692.000000 392 2.000000 0.731709 9.233668 -1.341448 0.674875 2.254940 2.254940 
692.000000 393 2.000000 0.000001 6.321067 2.179857 0.322445 4.855748 4.855748 
692.000000 394 2.000000 0.837367 17.949563 1.244940 3.329469 12.635240 12.635240 
692.000000 395 2.000000 0.000001 17.920054 3.360282 2.344810 16.789629 16.789629 
692.000000 396 2.000000 0.644606 14.684801 -0.710787 3.708672 14.259469 14.259469 
692.000000 397 2.000000 0.317122 2.936191 -4.552510 -0.261466 20.793716 20.793716 
692.000000 398 2.000000 0.139932 11.456454 -5.733783 -2.060951 37.123789 37.123789 
692.000000 399 2.000000 0.864403 3.075069 0.463748 5.096572 26.190110 26.190110 
692.000000 400 2.000000 0.755071 4.201967 -0.816427 -4.060421 17.153576 17.153576 
692.000000 401 2.000000 0.228713 8.347721 -3.085145 -3.006701 18.558372 18.558372 
692.000000 402 2.000000 0.662692 11.143338 -1.349226 1.702895 4.720264 4.720264 
692.000000 403 2.000000 0.394174 19.504643 7.883455 0.679864 62.611083 62.611083 
692.000000 404 2.000000 0.416664 3.453099 2.777756 2.888110 16.057109 16.057109 
692.000000 405 2.000000 0.740649 4.853425 -1.296749 -2.991194 10.628802 10.628802 
692.000000 406 2.000000 0.770923 9.769306 3.083689 -0.944393 10.401014 10.401014 
692.000000 407 2.000000 0.360878 17.172829 2.405844 0.801617 6.430675 6.430675 
692.000000 408 2.000000 0.245682 9.259550 2.456815 5.209211 33.171819 33.171819 
692.000000 409 2.000000 0.840145 2.383326 -3.197075 -5.706238 42.782443 42.782443 
692.000000 410 2.000000 0.999999 2.529339 -3.903415 0.509867 15.496612 15.496612 
692.000000 411 2.000000 0.139308 19.159066 1.393073 2.351961 7.472370 7.472370 
692.000000 412 2.000000 0.238911 17.099486 2.389098 -4.462328 25.620162 25.620162 
692.000000 413 2.000000 0.999999 14.747591 -6.338355 0.367583 40.309865 40.309865 
692.000000 414 2.000000 0.881314 14.875723 -2.373703 0.428136 5.817767 5.817767 
692.000000 415 2.000000 0.296680 16.955071 -4.688790 -2.342252 27.470900 27.470900 
692.000000 416 2.000000 0.825504 12.722523 -1.744954 2.461605 9.104365 9.104365 
692.000000 417 2.000000 0.165416 6.111002 1.102769 2.486985 7.401192 7.401192 
692.000000 418 2.000000 0.999999 3.799688 -6.191991 1.837004 41.715333 41.715333 
692.000000 419 2.000000 0.116002 14.404561 2.320020 -0.298422 5.471549 5.471549 
692.000000 420 2.000000 0.214151 17.756297 4.283006 6.821321 64.874563 64.874563 
692.000000 421 2.000000 0.888007 16.422570 -2.239840 3.895194 20.189421 20.189421 
692.000000 422 2.000000 0.999999 11.507968 -1.496539 -2.099346 6.646884 6.646884 
692.000000 423 2.000000 0.329988 9.363579 2.199914 5.852236 39.088286 39.088286 
692.000000 424 2.000000 0.781668 15.220094 0.937976 2.851488 9.010783 9.010783 
692.000000 425 2.000000 0.478761 12.631317 -1.737459 3.157953 12.991429 12.991429 
692.000000 426 2.000000 0.030514 2.365773 -9.694852 3.206679 104.272940 104.272940 
692.000000 427 2.000000 0.999999 19.516486 -2.436557 -2.417563 11.781422 11.781422 
692.000000 428 2.000000 0.670604 19.033460 -2.195963 -4.832696 28.177207 28.177207 
692.000000 429 2.000000 0.518943 5.356988 -5.807582 -3.713024 47.514553 47.514553 
692.000000 430 2.000000 0.436051 9.864434 -1.409870 1.816635 5.287893 5.287893 
692.000000 431 2.000000 0.469299 6.657199 -3.538000 -0.325980 12.623704 12.623704 
692.000000 432 2.000000 0.527780 11.931638 1.172842 1.742119 4.410536 4.410536 
692.000000 433 2.000000 0.177860 3.667681 -8.221392 -0.020119 67.591698 67.591698 
692.000000 434 2.000000 0.999999 17.883596 -3.210021 2.516327 16.636141 16.636141 
692.000000 435 2.000000 0.305182 19.556518 6.103628 1.615386 39.863741 39.863741 
692.000000 436 2.000000 0.837526 7.875306 -0.812364 3.424045 12.384022 12.384022 
692.000000 437 2.000000 0.234876 18.561032 4.697499 1.588059 24.588429 24.588429 
692.000000 438 2.000000 0.695042 3.600177 -3.049574 -1.435971 11.361917 11.361917 
692.000000 439 2.000000 0.155621 2.639076 0.622478 -4.890401 24.303499 24.303499 
692.000000 440 2.000000 0.371063 15.779928 2.473747 4.659921 27.834290 27.834290 
692.000000 441 2.000000 0.999999 6.873297 -3.244456 5.091330 36.448135 36.448135 
692.000000 442 2.000000 0.000001 4.452371 8.828306 4.240353 95.919580 95.919580 
692.000000 443 2.000000 0.778355 11.072415 -0.886576 -0.444366 0.983479 0.983479 
692.000000 444 2.000000 0.213042 14.646987 4.260818 0.830712 18.844655 18.844655 
692.000000 445 2.000000 0.460539 8.351694 -3.610635 2.620218 19.902232 19.902232 
692.000000 446 2.000000 0.856316 17.506079 2.304300 3.542200 17.856981 17.856981 
692.000000 447 2.000000 0.569187 7.054613 -7.494081 3.150485 66.086804 66.086804 
692.000000 448 2.000000 0.155648 4.738154 1.037650 -3.052754 10.396022 10.396022 
692.000000 449 2.000000 0.038468 1.182032 0.769349 -3.879993 15.646245 15.646245 
692.000000 450 2.000000 0.296193 18.628471 -0.938409 -1.523920 3.202944 3.202944 
692.000000 451 2.000000 0.330337 12.461890 -0.496046 6.390712 41.087267 41.087267 
692.000000 452 2.000000 0.405985 7.499495 2.706560 2.758358 14.934004 14.934004 
692.000000 453 2.000000 0.678179 11.164239 -2.145465 0.564738 4.921952 4.921952 
692.000000 454 2.000000 0.496770 6.218608 1.419340 2.102087 6.433296 6.433296 
692.000000 455 2.000000 0.205802 11.694895 -1.443995 -4.885355 25.951817 25.951817 
692.000000 456 2.000000 0.799766 5.347779 7.997655 3.958280 79.630463 79.630463 
692.000000 457 2.000000 0.956487 15.199323 1.006827 -0.169029 1.042271 1.042271 
692.000000 458 2.000000 0.369648 13.579551 0.739294 1.739488 3.572375 3.572375 
692.000000 459 2.000000 0.347075 15.790459 -0.166729 1.553275 2.440462 2.440462 
692.000000 460 2.000000 0.000001 11.027085 3.713437 -6.183109 52.020451 52.020451 
692.000000 461 2.000000 0.000001 6.491840 4.151698 4.188283 34.778319 34.778319 
692.000000 462 2.000000 0.431624 16.925936 8.632460 1.006900 75.533218 75.533218 
692.000000 463 2.000000 0.569189 11.222208 3.794589 -6.483775 56.438239 56.438239 
692.000000 464 2.000000 0.610347 19.522687 -1.558606 1.741978 5.463739 5.463739 
692.000000 465 2.000000 0.369170 19.776104 0.527384 0.945423 1.171958 1.171958 
692.000000 466 2.000000 0.000001 14.125162 5.722024 -0.420471 32.918351 32.918351 
692.000000 467 2.000000 0.076992 14.534582 1.539813 -2.710759 9.719238 9.719238 
692.000000 468 2.000000 0.791763 1.925483 -4.164711 -0.365704 17.478559 17.478559 
692.000000 469 2.000000 0.698739 15.927254 2.794950 -2.468331 13.904403 13.904403 
692.000000 470 2.000000 0.385649 18.001804 0.146705 5.416945 29.364817 29.364817 
692.000000 471 2.000000 0.101062 6.925362 2.021214 1.855044 7.526491 7.526491 
692.000000 472 2.000000 0.659938 13.636582 1.649843 -0.070226 2.726915 2.726915 
692.000000 473 2.000000 0.163330 17.223629 -2.091672 0.233590 4.429658 4.429658 
692.000000 474 2.000000 0.125596 13.498936 -1.093003 0.920847 2.042616 2.042616 
692.000000 475 2.000000 0.521714 6.133490 -1.195713 2.973251 10.269951 10.269951 
692.000000 476 2.000000 0.049918 19.580161 0.998341 3.865753 15.940731 15.940731 
692.000000 477 2.000000 0.247150 13.793759 -1.254748 2.555690 8.105941 8.105941 
692.000000 478 2.000000 0.859837 0.000001 -0.934413 5.614811 32.399225 32.399225 
692.000000 479 2.000000 0.037222 18.140195 0.744419 4.215403 18.323785 18.323785 
692.000000 480 2.000000 0.224148 3.176725 -3.015468 8.694235 84.682764 84.682764 
692.000000 481 2.000000 0.354632 15.011611 7.092620 -5.868692 84.746804 84.746804 
692.000000 482 2.000000 0.793803 14.944204 -4.123924 -1.823928 20.333460 20.333460 
692.000000 483 2.000000 0.000001 14.258052 1.984404 -4.593558 25.038633 25.038633 
692.000000 484 2.000000 0.628134 0.432825 2.343041 -4.994389 30.433763 30.433763 
692.000000 485 2.000000 0.578378 0.832909 0.680443 -2.027588 4.574118 4.574118 
692.000000 486 2.000000 0.655414 18.760155 -3.445851 -8.265627 80.194479 80.194479 
692.000000 487 2.000000 0.092130 18.626016 -6.052459 -0.252478 36.696010 36.696010 
692.000000 488 2.000000 0.515545 1.670388 -3.175551 -7.165413 61.427274 61.427274 
692.000000 489 2.000000 0.511521 2.984926 2.046081 3.532098 16.662161 16.662161 
692.000000 490 2.000000 0.567620 8.360892 5.676193 3.096626 41.808262 41.808262 
692.000000 491 2.000000 0.864542 10.439669 -2.709140 2.110711 11.794537 11.794537 
692.000000 492 2.000000 0.999999 6.548065 -3.243132 -3.977908 26.341658 26.341658 
692.000000 493 2.000000 0.605328 17.833274 -0.116081 6.264437 39.256650 39.256650 
692.000000 494 2.000000 0.436627 5.303997 4.366264 -9.797335 115.052029 115.052029 
692.000000 495 2.000000 0.710836 2.900250 7.108353 -4.130756 67.591835 67.591835 
692.000000 496 2.000000 0.369076 0.287917 -3.154614 0.218939 9.999525 9.999525 
692.000000 497 2.000000 0.999999 10.303461 -6.880296 0.949302 48.239653 48.239653 
692.000000 498 2.000000 0.697979 11.875416 -0.387827 -4.778078 22.980438 22.980438 
692.000000 499 2.000000 0.273512 7.257426 -2.905948 -2.791636 16.237768 16.237768 
692.000000 500 2.000000 0.999999 1.523399 -5.898839 6.093591 71.928159 71.928159 
