444.500000 1 2.000000 1.227693 5.092196 2.232167 -0.139002 5.001893 5.001893 
444.500000 2 2.000000 3.071382 13.632143 5.584330 -0.809094 31.839371 31.839371 
444.500000 3 2.000000 1.816270 13.045628 2.794259 -0.015749 7.808133 7.808133 
444.500000 4 2.000000 2.622338 10.131577 -1.428461 1.201682 3.484541 3.484541 
444.500000 5 2.000000 2.711488 2.035810 2.464989 -3.124207 15.836837 15.836837 
444.500000 6 2.000000 0.594148 3.713823 0.990245 0.532919 1.264588 1.264588 
444.500000 7 2.000000 1.385738 19.101209 -0.899631 -0.579864 1.145578 1.145578 
444.500000 8 2.000000 1.050003 12.998130 1.909095 3.809543 18.157258 18.157258 
444.500000 9 2.000000 1.357735 10.247836 1.508593 -2.747088 9.822345 9.822345 
444.500000 10 2.000000 0.690021 18.082393 2.300066 -2.397007 11.035944 11.035944 
444.500000 11 2.000000 1.807948 19.236411 -1.078841 -0.763588 1.746965 1.746965 
444.500000 12 2.000000 2.452247 5.570911 2.884996 0.672945 8.776056 8.776056 
444.500000 13 2.000000 0.755410 16.445020 -0.223192 4.552313 20.773371 20.773371 
444.500000 14 2.000000 1.760977 12.656934 0.582967 0.677701 0.799130 0.799130 
444.500000 15 2.000000 1.252145 13.221810 4.173815 -1.993585 21.395108 21.395108 
444.500000 16 2.000000 1.296702 16.015520 0.340636 1.031271 1.179552 1.179552 
444.500000 17 2.000000 2.159158 14.511079 1.614668 -1.730401 5.601442 5.601442 
444.500000 18 2.000000 1.649539 6.431180 -2.887354 0.069001 8.341574 8.341574 
444.500000 19 2.000000 1.117754 7.179231 -3.101454 1.317290 11.354267 11.354267 
444.500000 20 2.000000 1.512219 4.528614 -2.397946 -1.852713 9.182688 9.182688 
444.500000 21 2.000000 2.086748 0.947710 -6.853008 -4.497264 67.189094 67.189094 
444.500000 22 2.000000 0.791151 11.744323 -3.603920 -0.760417 13.566472 13.566472 
444.500000 23 2.000000 3.035094 18.665613 0.010817 4.067032 16.540863 16.540863 
444.500000 24 2.000000 0.818921 0.188994 0.204730 -0.951150 0.946601 0.946601 
444.500000 25 2.000000 2.629775 19.999999 2.059471 -1.896672 7.838784 7.838784 
444.500000 26 2.000000 2.679736 8.988106 -1.264466 2.390143 7.311658 7.311658 
444.500000 27 2.000000 1.214665 8.067970 -1.035018 -0.763542 1.654258 1.654258 
444.500000 28 2.000000 2.728505 19.599510 1.653639 0.878177 3.505715 3.505715 
444.500000 29 2.000000 1.238389 1.074052 -1.908610 -0.596012 3.998024 3.998024 
444.500000 30 2.000000 1.240227 14.838960 0.279492 2.648423 7.092260 7.092260 
444.500000 31 2.000000 1.492885 18.239492 -1.833682 4.480971 23.441493 23.441493 
444.500000 32 2.000000 0.095855 14.491142 0.958538 1.341398 2.718144 2.718144 
444.500000 33 2.000000 0.483954 8.037921 0.604941 2.473206 6.482702 6.482702 
444.500000 34 2.000000 2.976381 11.863587 -0.099606 -0.510030 0.270052 0.270052 
444.500000 35 2.000000 1.555874 2.438866 -2.861863 0.938025 9.070152 9.070152 
444.500000 36 2.000000 2.463651 19.808469 -1.030844 0.009715 1.062733 1.062733 
444.500000 37 2.000000 2.794847 18.878517 -0.736116 1.954561 4.362174 4.362174 
444.500000 38 2.000000 0.105254 8.006202 0.015227 0.453354 0.205762 0.205762 
444.500000 39 2.000000 0.757460 3.968350 -0.133628 0.082820 0.024716 0.024716 
444.500000 40 2.000000 0.916517 12.326436 1.666392 0.188447 2.812376 2.812376 
444.500000 41 2.000000 2.108104 17.849076 -3.374316 -0.300906 11.476554 11.476554 
444.500000 42 2.000000 0.636746 3.774155 -1.187885 -1.251489 2.977295 2.977295 
444.500000 43 2.000000 1.952728 1.530533 1.627272 -1.268490 4.257082 4.257082 
444.500000 44 2.000000 0.678722 10.835747 -0.935599 1.860589 4.337136 4.337136 
444.500000 45 2.000000 3.106832 8.255575 0.056308 0.884124 0.784845 0.784845 
444.500000 46 2.000000 2.412644 16.541778 -0.771005 0.020011 0.594850 0.594850 
444.500000 47 2.000000 2.504511 16.753911 0.400704 -2.028805 4.276613 4.276613 
444.500000 48 2.000000 0.375961 3.490318 -1.089168 -0.455348 1.393630 1.393630 
444.500000 49 2.000000 0.661745 18.777796 0.535149 0.424824 0.466860 0.466860 
444.500000 50 2.000000 0.625289 10.927547 -0.292400 -2.516271 6.417118 6.417118 
444.500000 51 2.000000 2.680035 6.309495 -1.110410 1.126190 2.501314 2.501314 
444.500000 52 2.000000 0.275550 13.941717 0.551097 1.195998 1.734119 1.734119 
444.500000 53 2.000000 0.561452 14.815939 2.807256 -1.757308 10.968816 10.968816 
444.500000 54 2.000000 0.519051 1.978992 2.076199 0.507434 4.568092 4.568092 
444.500000 55 2.000000 2.850371 0.932078 1.239291 -1.701120 4.429653 4.429653 
444.500000 56 2.000000 1.410088 9.765888 0.343924 -1.133973 1.404177 1.404177 
444.500000 57 2.000000 0.000001 5.614224 2.692096 3.508890 19.559687 19.559687 
444.500000 58 2.000000 2.634589 5.291456 -1.393456 -1.528057 4.276678 4.276678 
444.500000 59 2.000000 1.092366 10.178911 0.713440 0.848392 1.228766 1.228766 
444.500000 60 2.000000 0.199401 15.344671 3.987991 0.431293 16.090083 16.090083 
444.500000 61 2.000000 3.101834 8.159074 2.807789 -0.853276 8.611759 8.611759 
444.500000 62 2.000000 2.622209 13.673965 5.827129 1.111704 35.191320 35.191320 
444.500000 63 2.000000 2.908761 5.521003 -4.042752 0.842901 17.054326 17.054326 
444.500000 64 2.000000 0.676940 5.072464 -2.099950 -1.052658 5.517878 5.517878 
444.500000 65 2.000000 1.653018 16.373839 -4.197947 0.894369 18.422656 18.422656 
444.500000 66 2.000000 0.372651 1.043551 0.298120 1.391400 2.024869 2.024869 
444.500000 67 2.000000 1.513631 8.826305 0.019914 -1.858356 3.453883 3.453883 
444.500000 68 2.000000 3.060371 16.018101 -0.524279 -1.264094 1.872804 1.872804 
444.500000 69 2.000000 1.576807 16.359805 0.049077 -0.065475 0.006695 0.006695 
444.500000 70 2.000000 2.079655 16.964302 2.599568 -3.571408 19.512711 19.512711 
444.500000 71 2.000000 0.586472 16.274335 -0.094706 -0.430713 0.194483 0.194483 
444.500000 72 2.000000 3.009562 13.726659 2.810121 1.344045 9.703234 9.703234 
444.500000 73 2.000000 1.112461 9.335073 0.574401 -2.278028 5.519346 5.519346 
444.500000 74 2.000000 0.850838 2.913080 1.576898 -1.046067 3.580862 3.580862 
444.500000 75 2.000000 0.000001 10.564312 3.890752 -0.644704 15.553595 15.553595 
444.500000 76 2.000000 2.462857 13.329210 -1.653355 -2.840408 10.801498 10.801498 
444.500000 77 2.000000 2.420012 19.656869 4.400021 -1.715651 22.303639 22.303639 
444.500000 78 2.000000 0.817274 18.032186 -2.902656 -2.315074 13.784980 13.784980 
444.500000 79 2.000000 0.590819 18.385324 -0.576401 -0.485545 0.567992 0.567992 
444.500000 80 2.000000 1.583141 17.140996 -1.491198 -0.414348 2.395356 2.395356 
444.500000 81 2.000000 0.611497 6.540571 -1.756972 1.877798 6.613076 6.613076 
444.500000 82 2.000000 2.260284 2.411181 1.738679 1.095991 4.224201 4.224201 
444.500000 83 2.000000 1.381054 7.578366 -1.856889 -0.060698 3.451722 3.451722 
444.500000 84 2.000000 1.116543 3.757746 -1.211708 -0.938800 2.349581 2.349581 
444.500000 85 2.000000 0.496776 6.409204 0.620968 -2.861220 8.572182 8.572182 
444.500000 86 2.000000 0.062200 13.672277 -0.877990 -1.398372 2.726310 2.726310 
444.500000 87 2.000000 0.980579 4.087318 2.451445 -0.349699 6.131871 6.131871 
444.500000 88 2.000000 1.190438 16.425613 -3.235601 -1.429754 12.513312 12.513312 
444.500000 89 2.000000 0.769911 10.509925 1.539819 -2.228292 7.336328 7.336328 
444.500000 90 2.000000 0.844634 3.836418 -0.675849 -0.399218 0.616147 0.616147 
444.500000 91 2.000000 2.082220 16.986019 4.164438 -0.136519 17.361180 17.361180 
444.500000 92 2.000000 1.526081 4.772875 3.815199 1.446154 16.647103 16.647103 
444.500000 93 2.000000 1.968801 16.880620 0.504820 -0.656711 0.686114 0.686114 
444.500000 94 2.000000 2.289806 19.230067 1.831844 0.781504 3.966403 3.966403 
444.500000 95 2.000000 1.454857 3.264465 -0.449751 1.559552 2.634477 2.634477 
444.500000 96 2.000000 0.295422 0.188721 -2.382648 -0.038929 5.678525 5.678525 
444.500000 97 2.000000 0.520238 16.544166 2.601187 0.443092 6.962503 6.962503 
444.500000 98 2.000000 1.895951 14.689936 -1.008438 0.912498 1.849600 1.849600 
444.500000 99 2.000000 0.917692 4.580294 0.873992 -0.184759 0.797998 0.797998 
444.500000 100 2.000000 1.785587 11.599273 -0.753358 1.340956 2.365712 2.365712 
444.500000 101 2.000000 0.086851 3.418458 -0.911694 -0.977544 1.786778 1.786778 
444.500000 102 2.000000 0.218043 5.378533 1.453613 2.241055 7.135319 7.135319 
444.500000 103 2.000000 2.023882 1.183417 0.722814 -4.046577 16.897244 16.897244 
444.500000 104 2.000000 1.683752 0.262631 -0.361920 1.750870 3.196531 3.196531 
444.500000 105 2.000000 0.000001 8.488256 1.675348 -0.003078 2.806800 2.806800 
444.500000 106 2.000000 2.234703 6.998036 -1.130870 -2.114140 5.748456 5.748456 
444.500000 107 2.000000 1.816238 0.865766 -0.899841 -0.671031 1.259997 1.259997 
444.500000 108 2.000000 1.133298 5.274737 -0.328544 3.767669 14.303270 14.303270 
444.500000 109 2.000000 2.951867 2.087865 2.270666 -1.856180 8.601326 8.601326 
444.500000 110 2.000000 0.928508 10.176931 2.063350 -3.118434 13.982045 13.982045 
444.500000 111 2.000000 2.008133 5.487820 0.647784 -0.826001 1.101903 1.101903 
444.500000 112 2.000000 2.294494 16.987284 -2.753017 -1.038867 8.658347 8.658347 
444.500000 113 2.000000 2.807157 3.903670 -1.245367 2.635603 8.497343 8.497343 
444.500000 114 2.000000 1.826376 19.774852 -1.870318 2.912433 11.980358 11.980358 
444.500000 115 2.000000 2.889785 16.953436 0.063838 2.530363 6.406815 6.406815 
444.500000 116 2.000000 2.745475 10.034275 2.196379 1.270074 6.437170 6.437170 
444.500000 117 2.000000 0.396817 19.092093 0.175376 -2.269766 5.182594 5.182594 
444.500000 118 2.000000 2.336285 2.252472 -2.613715 -0.062401 6.835398 6.835398 
444.500000 119 2.000000 1.141490 3.351687 -3.317182 1.544930 13.390503 13.390503 
444.500000 120 2.000000 3.108999 13.025845 -3.244694 1.771797 13.667303 13.667303 
444.500000 121 2.000000 2.268606 5.080406 1.194003 0.787660 2.046050 2.046050 
444.500000 122 2.000000 1.082634 18.918414 1.273686 -0.203605 1.663731 1.663731 
444.500000 123 2.000000 2.336119 11.455383 2.645978 -0.964712 7.931867 7.931867 
444.500000 124 2.000000 2.046043 10.612650 0.690864 -0.290705 0.561803 0.561803 
444.500000 125 2.000000 2.431989 7.510973 -0.504904 -2.881743 8.559369 8.559369 
444.500000 126 2.000000 1.293975 1.124997 -2.830345 0.714738 8.521700 8.521700 
444.500000 127 2.000000 1.523527 15.544769 -2.151963 -2.344858 10.129303 10.129303 
444.500000 128 2.000000 1.807798 5.300081 -0.084759 4.240064 17.985329 17.985329 
444.500000 129 2.000000 1.385735 15.716335 1.108587 3.654961 14.587709 14.587709 
444.500000 130 2.000000 1.347311 4.137319 -0.957717 -3.263686 11.568865 11.568865 
444.500000 131 2.000000 2.331156 13.222879 -0.150672 2.302855 5.325841 5.325841 
444.500000 132 2.000000 2.547584 4.322335 -1.441538 2.701459 9.375912 9.375912 
444.500000 133 2.000000 2.303509 8.337082 5.118907 1.830253 29.553032 29.553032 
444.500000 134 2.000000 2.336701 2.623049 -0.090981 -3.126384 9.782557 9.782557 
444.500000 135 2.000000 2.584981 5.233723 0.548280 -0.888410 1.089883 1.089883 
444.500000 136 2.000000 1.497740 15.454977 3.328308 -0.815077 11.741987 11.741987 
444.500000 137 2.000000 0.690581 15.473418 -1.829421 -1.170398 4.716614 4.716614 
444.500000 138 2.000000 0.545023 10.120916 1.557206 -2.599759 9.183635 9.183635 
444.500000 139 2.000000 2.432098 6.487066 0.223300 0.315488 0.149396 0.149396 
444.500000 140 2.000000 1.997321 8.499684 -0.990744 1.722172 3.947448 3.947448 
444.500000 141 2.000000 2.968513 4.531771 0.706788 -0.911066 1.329591 1.329591 
444.500000 142 2.000000 2.057533 14.586875 4.115064 2.604799 23.718729 23.718729 
444.500000 143 2.000000 0.181432 16.608383 1.814312 -1.884231 6.842056 6.842056 
444.500000 144 2.000000 0.978503 16.264837 1.030003 0.182056 1.094050 1.094050 
444.500000 145 2.000000 1.681508 10.534042 3.736683 2.780211 21.692370 21.692370 
444.500000 146 2.000000 0.000001 1.244985 2.434371 1.131804 7.207141 7.207141 
444.500000 147 2.000000 2.746293 8.387670 -0.833696 1.283889 2.343421 2.343421 
444.500000 148 2.000000 2.325886 4.970848 -1.343189 0.785317 2.420879 2.420879 
444.500000 149 2.000000 0.497948 2.235572 -1.279982 -1.191189 3.057287 3.057287 
444.500000 150 2.000000 1.903281 5.540236 0.827513 1.626814 3.331303 3.331303 
444.500000 151 2.000000 0.850513 10.137757 -1.980211 2.186552 8.702247 8.702247 
444.500000 152 2.000000 1.834540 14.840647 -1.537364 1.345106 4.172799 4.172799 
444.500000 153 2.000000 1.192353 7.671514 -2.292878 -3.424579 16.985029 16.985029 
444.500000 154 2.000000 2.092864 5.453157 -0.673085 -1.407842 2.435061 2.435061 
444.500000 155 2.000000 0.782394 17.088934 1.203681 -3.424782 13.177978 13.177978 
444.500000 156 2.000000 2.312648 10.487463 -2.273185 0.890202 5.959827 5.959827 
444.500000 157 2.000000 1.266427 7.038968 3.618359 -2.117987 17.578392 17.578392 
444.500000 158 2.000000 1.672734 0.846944 -3.229700 0.941048 11.316534 11.316534 
444.500000 159 2.000000 0.000001 6.158509 2.005861 0.339022 4.138416 4.138416 
444.500000 160 2.000000 0.404975 2.430460 -2.201219 0.384387 4.993118 4.993118 
444.500000 161 2.000000 1.123935 6.065370 -3.647208 1.773645 16.447942 16.447942 
444.500000 162 2.000000 0.322921 4.699750 -0.433788 -2.032826 4.320555 4.320555 
444.500000 163 2.000000 1.235340 2.437256 -1.600431 0.804272 3.208234 3.208234 
444.500000 164 2.000000 1.310763 13.971788 -3.634472 1.951636 17.018269 17.018269 
444.500000 165 2.000000 2.127310 13.978770 2.659136 0.859219 7.809261 7.809261 
444.500000 166 2.000000 0.000001 4.914323 2.629374 1.113490 8.153466 8.153466 
444.500000 167 2.000000 1.331727 17.898497 1.401817 3.059572 11.326070 11.326070 
444.500000 168 2.000000 2.908471 15.548996 3.231634 -0.774087 11.042669 11.042669 
444.500000 169 2.000000 1.321767 4.415092 2.338187 -2.629830 12.383121 12.383121 
444.500000 170 2.000000 0.282560 4.898189 -1.608244 3.918551 17.941488 17.941488 
444.500000 171 2.000000 0.806947 11.386873 0.489058 0.351257 0.362559 0.362559 
444.500000 172 2.000000 0.325302 13.561487 -2.099998 -2.110988 8.866260 8.866260 
444.500000 173 2.000000 1.603969 5.146450 4.009919 0.019182 16.079818 16.079818 
444.500000 174 2.000000 1.083454 14.512828 1.666850 2.951127 11.487543 11.487543 
444.500000 175 2.000000 0.681355 9.683736 1.946726 -1.340001 5.585345 5.585345 
444.500000 176 2.000000 0.393902 14.560792 0.984752 0.529997 1.250633 1.250633 
444.500000 177 2.000000 0.676519 18.806177 1.014686 1.053123 2.138657 2.138657 
444.500000 178 2.000000 2.394543 0.000001 -0.633380 3.344284 11.585410 11.585410 
444.500000 179 2.000000 0.586486 0.563418 -3.191141 -3.437358 21.998811 21.998811 
444.500000 180 2.000000 0.024227 16.514819 -1.705445 -3.030591 12.093023 12.093023 
444.500000 181 2.000000 0.000001 8.294778 1.022901 0.190352 1.082559 1.082559 
444.500000 182 2.000000 0.384106 16.754381 3.841048 1.364369 16.615155 16.615155 
444.500000 183 2.000000 1.129629 9.351610 -1.345216 0.466937 2.027635 2.027635 
444.500000 184 2.000000 0.504508 7.221965 0.840844 -0.118220 0.720995 0.720995 
444.500000 185 2.000000 2.068245 14.315949 1.292653 0.065226 1.675205 1.675205 
444.500000 186 2.000000 1.769524 17.132001 2.211903 -1.274666 6.517289 6.517289 
444.500000 187 2.000000 0.635908 7.557700 -3.335454 -1.405394 13.100386 13.100386 
444.500000 188 2.000000 0.000001 10.822069 1.557080 -1.466675 4.575633 4.575633 
444.500000 189 2.000000 2.716160 9.016534 0.332520 -0.875115 0.876395 0.876395 
444.500000 190 2.000000 2.789310 0.211060 -0.342466 2.110587 4.571862 4.571862 
444.500000 191 2.000000 1.268543 2.533785 -2.805354 -0.348810 7.991678 7.991678 
444.500000 192 2.000000 0.532871 19.946927 -1.648080 1.326350 4.475371 4.475371 
444.500000 193 2.000000 0.224150 1.288965 0.640426 3.222410 10.794072 10.794072 
444.500000 194 2.000000 2.671737 7.741831 -2.953079 -0.910882 9.550378 9.550378 
444.500000 195 2.000000 2.557594 0.968307 -1.263345 -1.040595 2.678878 2.678878 
444.500000 196 2.000000 1.401998 6.885998 -1.215242 0.667051 1.921771 1.921771 
444.500000 197 2.000000 0.533378 14.102215 0.410290 -2.680811 7.355084 7.355084 
444.500000 198 2.000000 1.759377 11.926273 -1.966031 0.587617 4.210572 4.210572 
444.500000 199 2.000000 2.446573 3.642634 -2.687703 -3.517713 19.598053 19.598053 
444.500000 200 2.000000 1.403400 18.475471 -3.139089 -1.325677 11.611298 11.611298 
444.500000 201 2.000000 1.566027 4.467100 -3.895430 0.921051 16.022708 16.022708 
444.500000 202 2.000000 3.074043 13.181118 0.684755 0.005309 0.468918 0.468918 
444.500000 203 2.000000 1.388640 5.144964 0.130486 1.607801 2.602050 2.602050 
444.500000 204 2.000000 2.575679 8.425569 5.151355 -3.086515 36.063032 36.063032 
444.500000 205 2.000000 0.528775 5.219305 -1.274008 -2.101631 6.039948 6.039948 
444.500000 206 2.000000 0.033761 3.854626 0.675194 -2.339909 5.931062 5.931062 
444.500000 207 2.000000 0.244223 4.490274 0.257076 0.313411 0.164314 0.164314 
444.500000 208 2.000000 0.605908 13.905285 -2.313538 -1.764081 8.464440 8.464440 
444.500000 209 2.000000 1.341241 19.286324 -0.180642 1.811038 3.312491 3.312491 
444.500000 210 2.000000 2.919576 0.830850 -3.826465 -0.611350 15.015586 15.015586 
444.500000 211 2.000000 2.792828 8.446990 0.775785 -0.110193 0.613985 0.613985 
444.500000 212 2.000000 1.558643 14.318841 -0.535143 0.078070 0.292473 0.292473 
444.500000 213 2.000000 1.277130 1.212177 -2.193140 -0.530358 5.091142 5.091142 
444.500000 214 2.000000 1.644522 14.507949 1.075996 1.966412 5.024546 5.024546 
444.500000 215 2.000000 1.279983 3.391446 1.964123 -0.290382 3.942101 3.942101 
444.500000 216 2.000000 1.301229 12.270614 -2.819184 -2.620131 14.812885 14.812885 
444.500000 217 2.000000 2.476735 10.521035 1.219583 1.649837 4.209345 4.209345 
444.500000 218 2.000000 1.374233 8.821620 -2.206457 -0.263019 4.937633 4.937633 
444.500000 219 2.000000 1.764513 11.600866 2.689397 -2.621106 14.103055 14.103055 
444.500000 220 2.000000 1.156209 10.792286 -2.827700 -1.841543 11.387164 11.387164 
444.500000 221 2.000000 0.613392 5.860015 -0.494321 3.108920 9.909736 9.909736 
444.500000 222 2.000000 1.955334 10.406469 1.504102 0.095441 2.271432 2.271432 
444.500000 223 2.000000 0.250577 3.702264 -3.046865 -3.189513 19.456377 19.456377 
444.500000 224 2.000000 0.412142 14.423688 -6.780142 -2.785320 53.728334 53.728334 
444.500000 225 2.000000 2.429865 9.086417 -1.008191 1.541079 3.391374 3.391374 
444.500000 226 2.000000 2.560335 0.206865 1.463048 1.034321 3.210329 3.210329 
444.500000 227 2.000000 2.815198 10.955107 -2.976013 0.389025 9.007994 9.007994 
444.500000 228 2.000000 0.244281 7.037773 0.375815 -1.294576 1.817164 1.817164 
444.500000 229 2.000000 3.083746 12.759702 1.198634 1.244019 2.984307 2.984307 
444.500000 230 2.000000 2.502123 7.243576 1.614272 2.228792 7.573390 7.573390 
444.500000 231 2.000000 1.682245 18.547348 -2.415924 0.782366 6.448786 6.448786 
444.500000 232 2.000000 2.747881 3.559928 0.577315 -1.799139 3.570193 3.570193 
444.500000 233 2.000000 2.424556 7.151242 4.408281 -0.193378 19.470338 19.470338 
444.500000 234 2.000000 2.389841 8.051099 -1.345559 -1.071650 2.958963 2.958963 
444.500000 235 2.000000 1.465649 8.335620 -0.482730 -0.800302 0.873511 0.873511 
444.500000 236 2.000000 1.524392 0.799909 -3.559349 0.363594 12.801167 12.801167 
444.500000 237 2.000000 0.730694 11.575294 1.217822 1.405766 3.459267 3.459267 
444.500000 238 2.000000 0.276702 3.382689 0.092234 -0.541919 0.302183 0.302183 
444.500000 239 2.000000 2.020287 4.931667 -2.457361 1.590860 8.569458 8.569458 
444.500000 240 2.000000 0.783498 10.538777 0.298140 1.500847 2.341431 2.341431 
444.500000 241 2.000000 0.799708 12.259216 -0.246272 -2.457391 6.099422 6.099422 
444.500000 242 2.000000 0.871067 10.955652 -2.246820 -0.938329 5.928659 5.928659 
444.500000 243 2.000000 1.794249 11.189404 -3.991400 -2.648348 22.945015 22.945015 
444.500000 244 2.000000 1.058713 2.533298 1.058712 -2.086312 5.473569 5.473569 
444.500000 245 2.000000 1.664864 6.360227 -1.482135 -0.335112 2.309026 2.309026 
444.500000 246 2.000000 1.081223 13.007959 1.965859 1.136144 5.155424 5.155424 
444.500000 247 2.000000 0.540724 4.791554 -1.809224 -1.288851 4.934431 4.934431 
444.500000 248 2.000000 1.975982 13.531449 -0.704480 -1.702250 3.393948 3.393948 
444.500000 249 2.000000 2.661922 5.240239 -0.783129 3.380799 12.043089 12.043089 
444.500000 250 2.000000 1.996097 8.912870 1.106991 -1.103814 2.443833 2.443833 
444.500000 251 2.000000 0.762942 2.919417 -0.391033 -1.096719 1.355701 1.355701 
444.500000 252 2.000000 1.149428 3.762021 1.047703 -3.457872 13.054563 13.054563 
444.500000 253 2.000000 1.678813 3.721088 -1.720572 -2.132465 7.507775 7.507775 
444.500000 254 2.000000 0.000001 12.515976 0.737034 -1.348473 2.361598 2.361598 
444.500000 255 2.000000 2.998835 18.981449 0.651920 0.117909 0.438903 0.438903 
444.500000 256 2.000000 1.985620 16.208212 -5.654893 0.957897 32.895386 32.895386 
444.500000 257 2.000000 2.429310 8.895739 -0.210198 -1.509941 2.324104 2.324104 
444.500000 258 2.000000 1.992208 9.749841 0.577451 -0.996419 1.326302 1.326302 
444.500000 259 2.000000 0.728784 19.998311 0.633724 0.214622 0.447669 0.447669 
444.500000 260 2.000000 2.832739 9.654631 -0.065190 0.527870 0.282896 0.282896 
444.500000 261 2.000000 2.948992 16.075849 -3.238134 -0.189944 10.521588 10.521588 
444.500000 262 2.000000 2.638599 13.433041 0.951218 -0.119428 0.919078 0.919078 
444.500000 263 2.000000 1.811614 6.228862 -0.240553 2.097397 4.456939 4.456939 
444.500000 264 2.000000 0.952716 11.155750 -0.204719 1.167395 1.404720 1.404720 
444.500000 265 2.000000 1.136414 5.301098 -1.310636 -1.375822 3.610653 3.610653 
444.500000 266 2.000000 0.788216 19.078710 -1.259465 -0.635372 1.989948 1.989948 
444.500000 267 2.000000 1.428001 15.981123 -3.094360 -0.009465 9.575152 9.575152 
444.500000 268 2.000000 0.531540 18.976729 -2.099967 0.920968 5.258044 5.258044 
444.500000 269 2.000000 2.104693 4.045846 1.618994 -3.477224 14.712231 14.712231 
444.500000 270 2.000000 0.561113 3.229704 -3.222858 0.789456 11.010052 11.010052 
444.500000 271 2.000000 1.045359 15.657275 -0.384830 -1.206312 1.603283 1.603283 
444.500000 272 2.000000 1.343241 17.641045 -0.589799 -1.572636 2.821048 2.821048 
444.500000 273 2.000000 1.218043 19.288144 1.282149 -1.779636 4.811012 4.811012 
444.500000 274 2.000000 0.984394 11.003703 -1.144437 0.909243 2.136459 2.136459 
444.500000 275 2.000000 0.702593 9.294285 -1.642271 -0.227709 2.748904 2.748904 
444.500000 276 2.000000 2.294129 12.625564 -0.334316 -2.731272 7.571615 7.571615 
444.500000 277 2.000000 1.226166 4.617536 0.126983 -2.307612 5.341196 5.341196 
444.500000 278 2.000000 1.364455 4.481243 3.411136 0.389447 11.787515 11.787515 
444.500000 279 2.000000 1.390608 0.611446 0.343360 0.643626 0.532151 0.532151 
444.500000 280 2.000000 0.966048 3.702202 -3.340616 -1.328612 12.924925 12.924925 
444.500000 281 2.000000 2.427775 14.896197 0.367648 -1.464320 2.279398 2.279398 
444.500000 282 2.000000 1.574496 9.012732 -0.786538 -1.979860 4.538487 4.538487 
444.500000 283 2.000000 1.064076 4.898814 3.546918 -1.346210 14.392909 14.392909 
444.500000 284 2.000000 0.488236 18.873299 -1.254307 -2.253400 6.651099 6.651099 
444.500000 285 2.000000 2.175884 1.560353 0.817996 -1.243935 2.216493 2.216493 
444.500000 286 2.000000 2.782787 5.755072 -2.212749 -1.674690 7.700845 7.700845 
444.500000 287 2.000000 0.010822 8.979357 -1.479012 -0.007980 2.187541 2.187541 
444.500000 288 2.000000 2.256523 0.799805 0.835749 -2.042574 4.870584 4.870584 
444.500000 289 2.000000 3.058921 9.158966 1.456629 4.070651 18.691968 18.691968 
444.500000 290 2.000000 1.172859 5.038274 -1.030892 -0.497352 1.310097 1.310097 
444.500000 291 2.000000 2.134389 18.275235 1.707511 -0.884494 3.697923 3.697923 
444.500000 292 2.000000 1.881238 8.323706 -0.133960 1.164155 1.373201 1.373201 
444.500000 293 2.000000 0.206763 16.793588 -4.875060 0.473322 23.990248 23.990248 
444.500000 294 2.000000 2.567567 4.644765 -1.120865 -1.886301 4.814471 4.814471 
444.500000 295 2.000000 2.694506 0.483337 -0.167347 -0.071400 0.033103 0.033103 
444.500000 296 2.000000 2.484402 13.605185 -0.358306 1.262785 1.723008 1.723008 
444.500000 297 2.000000 1.368136 15.801217 1.609571 1.950767 6.396212 6.396212 
444.500000 298 2.000000 1.722526 6.858609 -2.171035 4.572405 25.620283 25.620283 
444.500000 299 2.000000 0.292446 16.839351 0.974816 -2.397962 6.700489 6.700489 
444.500000 300 2.000000 2.010113 4.228888 5.743177 -0.880809 33.759911 33.759911 
444.500000 301 2.000000 1.198944 11.366367 3.996476 0.358680 16.100470 16.100470 
444.500000 302 2.000000 0.777639 14.693321 0.457434 1.823826 3.535587 3.535587 
444.500000 303 2.000000 1.333017 17.684306 1.904308 -0.487217 3.863770 3.863770 
444.500000 304 2.000000 0.241359 9.368657 -0.868477 -2.384958 6.442278 6.442278 
444.500000 305 2.000000 1.103053 14.905702 -2.043946 2.483021 10.343107 10.343107 
444.500000 306 2.000000 1.860239 5.080573 2.188515 0.439876 4.983088 4.983088 
444.500000 307 2.000000 2.726388 2.983164 0.702500 -2.156779 5.145201 5.145201 
444.500000 308 2.000000 2.315083 13.297482 0.454450 0.553241 0.512600 0.512600 
444.500000 309 2.000000 0.796807 6.497339 -0.748073 2.238154 5.568947 5.568947 
444.500000 310 2.000000 0.627279 10.519825 0.965043 1.481665 3.126640 3.126640 
444.500000 311 2.000000 2.254030 9.488112 -0.642997 -2.339920 5.888670 5.888670 
444.500000 312 2.000000 1.056834 16.969473 -2.090165 -1.194837 5.796427 5.796427 
444.500000 313 2.000000 1.538844 17.472207 3.419651 1.425557 13.726229 13.726229 
444.500000 314 2.000000 2.032287 8.360147 -0.472243 0.807993 0.875866 0.875866 
444.500000 315 2.000000 2.181783 4.410315 -0.880924 0.892548 1.572669 1.572669 
444.500000 316 2.000000 2.743621 19.675219 -2.473850 0.030575 6.120869 6.120869 
444.500000 317 2.000000 2.901312 12.204667 0.461206 -2.110633 4.667484 4.667484 
444.500000 318 2.000000 2.185060 17.516509 -0.511815 -1.712752 3.195474 3.195474 
444.500000 319 2.000000 0.000001 8.208944 1.369815 2.106925 6.315527 6.315527 
444.500000 320 2.000000 0.624927 1.874813 -0.420323 3.124686 9.940334 9.940334 
444.500000 321 2.000000 1.520234 6.463777 -3.215530 0.710519 10.844473 10.844473 
444.500000 322 2.000000 0.257116 8.962336 -1.396040 3.090460 11.499872 11.499872 
444.500000 323 2.000000 0.753168 12.264577 -3.403472 -0.724574 12.108632 12.108632 
444.500000 324 2.000000 1.557704 19.653330 -0.420882 0.244348 0.236848 0.236848 
444.500000 325 2.000000 1.914587 3.266594 -1.630549 -2.479023 8.804245 8.804245 
444.500000 326 2.000000 2.257882 11.782503 3.763134 0.250385 14.223872 14.223872 
444.500000 327 2.000000 1.715569 2.900164 2.018315 3.625204 17.215696 17.215696 
444.500000 328 2.000000 0.770544 11.337709 -0.844364 -1.468185 2.868517 2.868517 
444.500000 329 2.000000 2.155589 5.245812 1.724471 0.050984 2.976399 2.976399 
444.500000 330 2.000000 2.737595 2.374284 -1.276012 -1.127178 2.898737 2.898737 
444.500000 331 2.000000 1.919030 4.030282 -5.987846 -0.945977 36.749169 36.749169 
444.500000 332 2.000000 0.743064 9.157698 -2.188850 3.112587 14.479260 14.479260 
444.500000 333 2.000000 2.212028 7.697353 -0.499207 -0.027980 0.249991 0.249991 
444.500000 334 2.000000 1.690824 3.781861 -1.928900 0.336512 3.833894 3.833894 
444.500000 335 2.000000 2.959361 3.136131 2.690328 -4.015207 23.359747 23.359747 
444.500000 336 2.000000 2.140798 4.337729 -1.177060 2.115965 5.862779 5.862779 
444.500000 337 2.000000 1.712188 6.923158 0.155522 -0.777371 0.628493 0.628493 
444.500000 338 2.000000 2.953317 12.663353 -1.594820 -1.267024 4.148803 4.148803 
444.500000 339 2.000000 2.027354 1.847638 0.547984 1.997300 4.289492 4.289492 
444.500000 340 2.000000 0.198117 9.940475 1.320776 -3.095238 11.324949 11.324949 
444.500000 341 2.000000 1.591691 6.751146 -2.372320 -1.977441 9.538172 9.538172 
444.500000 342 2.000000 2.210422 11.685834 2.456023 -1.325794 7.789778 7.789778 
444.500000 343 2.000000 0.486194 8.264801 0.463041 -0.461725 0.427597 0.427597 
444.500000 344 2.000000 2.174736 11.594235 1.017353 0.288330 1.118142 1.118142 
444.500000 345 2.000000 1.816949 13.453671 -1.398052 1.526726 4.285443 4.285443 
444.500000 346 2.000000 0.341544 4.479884 -3.497319 1.947775 16.025067 16.025067 
444.500000 347 2.000000 0.937855 4.694679 4.689270 0.595012 22.343292 22.343292 
444.500000 348 2.000000 1.440439 18.485208 2.400730 -1.009860 6.783322 6.783322 
444.500000 349 2.000000 1.050561 3.643666 0.552926 -1.404979 2.279692 2.279692 
444.500000 350 2.000000 2.991563 12.480341 -2.386722 -0.735766 6.237791 6.237791 
444.500000 351 2.000000 2.295170 15.434606 -1.200612 -1.826157 4.776320 4.776320 
444.500000 352 2.000000 1.460655 12.120185 -1.036996 -2.352183 6.608128 6.608128 
444.500000 353 2.000000 1.081061 8.058025 1.663169 1.377440 4.663471 4.663471 
444.500000 354 2.000000 1.957540 0.438711 -0.890933 -3.134872 10.621186 10.621186 
444.500000 355 2.000000 2.399645 0.828879 -0.629129 0.534760 0.681771 0.681771 
444.500000 356 2.000000 1.998309 18.105459 1.816643 -0.924166 4.154275 4.154275 
444.500000 357 2.000000 2.418149 16.285614 -0.959133 0.791234 1.545987 1.545987 
444.500000 358 2.000000 0.317097 9.958631 -2.576093 -0.452476 6.840989 6.840989 
444.500000 359 2.000000 3.010229 10.580396 0.287389 -0.845377 0.797255 0.797255 
444.500000 360 2.000000 0.986040 4.578473 -0.824281 0.280830 0.758305 0.758305 
444.500000 361 2.000000 0.412159 17.188387 4.121578 0.349308 17.109418 17.109418 
444.500000 362 2.000000 2.859423 18.051137 -1.701838 -0.329730 3.004973 3.004973 
444.500000 363 2.000000 0.944609 2.746720 3.148695 0.998807 10.911893 10.911893 
444.500000 364 2.000000 1.876421 2.431458 -2.503156 0.533856 6.550792 6.550792 
444.500000 365 2.000000 2.737281 6.915544 -1.524872 1.839621 5.709439 5.709439 
444.500000 366 2.000000 1.294984 15.863641 2.877740 2.158318 12.939725 12.939725 
444.500000 367 2.000000 1.147781 15.024283 -0.971913 2.813641 8.861190 8.861190 
444.500000 368 2.000000 1.224407 8.453491 0.765254 3.251342 11.156840 11.156840 
444.500000 369 2.000000 1.073415 13.245854 0.740285 1.320416 2.291520 2.291520 
444.500000 370 2.000000 1.690641 15.386106 4.226600 1.665327 20.637460 20.637460 
444.500000 371 2.000000 2.217981 11.770027 1.056181 3.621546 14.231116 14.231116 
444.500000 372 2.000000 2.342980 10.535934 0.976241 2.633983 7.890915 7.890915 
444.500000 373 2.000000 0.187965 5.957790 -2.561546 0.088437 6.569340 6.569340 
444.500000 374 2.000000 1.859450 1.764851 0.201022 3.208819 10.336927 10.336927 
444.500000 375 2.000000 2.820828 11.986944 -2.919711 -0.090072 8.532827 8.532827 
444.500000 376 2.000000 1.751647 5.318207 -3.431381 0.466863 11.992337 11.992337 
444.500000 377 2.000000 0.159635 11.388695 1.596341 -2.109121 6.996696 6.996696 
444.500000 378 2.000000 1.415389 19.211354 2.358980 -2.628816 12.475461 12.475461 
444.500000 379 2.000000 1.464879 3.778844 2.092683 -1.156652 5.717165 5.717165 
444.500000 380 2.000000 1.771130 9.515494 5.060369 -1.497786 27.850703 27.850703 
444.500000 381 2.000000 2.775896 5.952526 2.313246 -0.432271 5.537966 5.537966 
444.500000 382 2.000000 1.060569 9.992413 -2.769240 -1.755717 10.751233 10.751233 
444.500000 383 2.000000 2.231122 17.589014 0.892448 0.108110 0.808152 0.808152 
444.500000 384 2.000000 0.697560 5.926397 0.217948 0.457160 0.256496 0.256496 
444.500000 385 2.000000 1.711387 5.345111 -1.435612 1.644649 4.765851 4.765851 
444.500000 386 2.000000 2.830324 16.693260 3.537904 0.857951 13.252847 13.252847 
444.500000 387 2.000000 2.350249 18.136931 3.133664 0.065986 9.824204 9.824204 
444.500000 388 2.000000 2.245503 11.050074 0.771332 0.373502 0.734457 0.734457 
444.500000 389 2.000000 2.703871 15.516416 -0.338095 -0.260568 0.182204 0.182204 
444.500000 390 2.000000 1.940459 12.165551 -0.426731 -2.563558 6.753931 6.753931 
444.500000 391 2.000000 3.073491 12.308020 1.617626 2.348376 8.131586 8.131586 
444.500000 392 2.000000 1.698424 4.812364 -0.212766 0.530455 0.326652 0.326652 
444.500000 393 2.000000 2.448374 13.925865 -1.925500 -0.710425 4.212255 4.212255 
444.500000 394 2.000000 2.583468 3.935485 1.076445 -1.392112 3.096708 3.096708 
444.500000 395 2.000000 1.444571 3.975203 -1.318329 -1.921103 5.428629 5.428629 
444.500000 396 2.000000 2.414688 10.297908 1.463447 -1.731773 5.140716 5.140716 
444.500000 397 2.000000 2.642831 11.618588 2.781926 1.978324 11.652879 11.652879 
444.500000 398 2.000000 3.047734 2.760534 -0.650652 1.293758 2.097158 2.097158 
444.500000 399 2.000000 2.859733 5.515034 1.844989 0.309221 3.499601 3.499601 
444.500000 400 2.000000 2.843270 14.245457 0.245764 -1.260179 1.648450 1.648450 
444.500000 401 2.000000 2.383081 0.659129 0.254848 0.573155 0.393454 0.393454 
444.500000 402 2.000000 0.944546 5.863871 -0.419306 -0.003700 0.175831 0.175831 
444.500000 403 2.000000 2.918754 13.246912 -0.119517 -2.292975 5.272019 5.272019 
444.500000 404 2.000000 3.072048 7.814480 2.457638 1.116354 7.286231 7.286231 
444.500000 405 2.000000 2.724639 19.022914 -1.959800 -0.561318 4.155894 4.155894 
444.500000 406 2.000000 0.000001 14.862055 2.601452 1.664477 9.538037 9.538037 
444.500000 407 2.000000 2.110391 16.393814 -5.031038 1.881882 28.852826 28.852826 
444.500000 408 2.000000 1.804878 6.372859 2.841085 1.482537 10.269677 10.269677 
444.500000 409 2.000000 0.547801 0.907106 -1.422431 -0.860040 2.762980 2.762980 
444.500000 410 2.000000 2.723484 7.967123 -1.965574 -0.468166 4.082662 4.082662 
444.500000 411 2.000000 2.209632 1.449120 -3.635468 -0.311284 13.313527 13.313527 
444.500000 412 2.000000 1.150523 8.481525 0.793464 0.448715 0.830930 0.830930 
444.500000 413 2.000000 2.252425 12.250946 0.315199 -0.797481 0.735326 0.735326 
444.500000 414 2.000000 0.326529 14.460835 -2.457539 -1.358281 7.884426 7.884426 
444.500000 415 2.000000 2.815028 0.189470 -0.098398 -0.775664 0.611337 0.611337 
444.500000 416 2.000000 0.131386 18.093125 -0.722509 1.105560 1.744281 1.744281 
444.500000 417 2.000000 2.851785 14.777832 -1.752757 -0.073698 3.077589 3.077589 
444.500000 418 2.000000 0.853885 8.030810 -0.012759 -0.360703 0.130269 0.130269 
444.500000 419 2.000000 2.053660 1.447606 -2.148679 1.166022 5.976428 5.976428 
444.500000 420 2.000000 2.842660 7.917437 -0.418485 -4.166401 17.534025 17.534025 
444.500000 421 2.000000 0.687960 16.143415 -2.055532 -0.876496 4.993459 4.993459 
444.500000 422 2.000000 3.029296 11.613793 -1.632062 -4.300618 21.158945 21.158945 
444.500000 423 2.000000 2.816814 15.374097 -0.120306 0.641888 0.426494 0.426494 
444.500000 424 2.000000 1.453615 16.764275 -0.385517 2.390131 5.861351 5.861351 
444.500000 425 2.000000 1.622399 12.304125 0.444493 2.827447 8.192033 8.192033 
444.500000 426 2.000000 0.000001 9.982602 4.259715 0.225725 18.196127 18.196127 
444.500000 427 2.000000 0.471964 15.607167 0.083913 -0.745679 0.563079 0.563079 
444.500000 428 2.000000 2.712591 14.531008 -4.002084 -5.468991 45.926540 45.926540 
444.500000 429 2.000000 0.646069 13.382285 1.435706 0.933667 2.932986 2.932986 
444.500000 430 2.000000 0.962143 3.717021 -0.778241 -3.185391 10.752373 10.752373 
444.500000 431 2.000000 1.414483 11.391190 1.768102 -0.533356 3.410654 3.410654 
444.500000 432 2.000000 2.357287 8.206008 -2.185748 0.766917 5.365656 5.365656 
444.500000 433 2.000000 0.126567 16.179299 2.531313 -0.445477 6.605995 6.605995 
444.500000 434 2.000000 1.423125 6.699959 -0.115766 -1.660332 2.770102 2.770102 
444.500000 435 2.000000 2.168898 4.283166 -1.484308 0.843602 2.914837 2.914837 
444.500000 436 2.000000 1.068733 5.047185 0.179971 -1.501976 2.288321 2.288321 
444.500000 437 2.000000 0.710985 0.796088 -2.370070 -0.346143 5.737045 5.737045 
444.500000 438 2.000000 0.281201 2.937728 -1.428638 -0.702610 2.534666 2.534666 
444.500000 439 2.000000 1.047419 9.324815 1.904397 -0.310324 3.723027 3.723027 
444.500000 440 2.000000 2.074588 4.698390 1.975797 3.614145 16.965822 16.965822 
444.500000 441 2.000000 2.944985 15.100115 -1.678141 1.798045 6.049122 6.049122 
444.500000 442 2.000000 0.445327 14.336845 -1.337352 -3.432214 13.568607 13.568607 
444.500000 443 2.000000 1.334369 4.158806 -1.153147 -2.385138 7.018630 7.018630 
444.500000 444 2.000000 2.325231 12.507504 -1.997419 0.734231 4.528778 4.528778 
444.500000 445 2.000000 2.254959 18.620135 0.018478 1.233515 1.521901 1.521901 
444.500000 446 2.000000 0.000001 18.766246 0.456113 -1.080196 1.374863 1.374863 
444.500000 447 2.000000 0.422642 17.810383 0.124306 -2.737020 7.506728 7.506728 
444.500000 448 2.000000 2.820198 13.808948 2.820197 -0.206911 7.996322 7.996322 
444.500000 449 2.000000 2.500419 7.989682 -0.296970 0.014423 0.088399 0.088399 
444.500000 450 2.000000 1.458726 16.836182 0.858073 1.298798 2.423165 2.423165 
444.500000 451 2.000000 2.676269 11.360140 0.465342 -1.805198 3.475283 3.475283 
444.500000 452 2.000000 2.377650 11.404160 3.657921 2.151644 18.009960 18.009960 
444.500000 453 2.000000 0.956278 18.983764 -3.625868 0.209217 13.190688 13.190688 
444.500000 454 2.000000 0.025867 18.349121 -2.840847 1.660991 10.829304 10.829304 
444.500000 455 2.000000 1.988516 16.936031 -1.438604 0.996288 3.062170 3.062170 
444.500000 456 2.000000 1.642051 15.979386 1.931823 -0.002292 3.731946 3.731946 
444.500000 457 2.000000 2.305068 18.703262 2.195302 4.202980 22.484393 22.484393 
444.500000 458 2.000000 2.879875 18.078608 2.133240 2.031304 8.676909 8.676909 
444.500000 459 2.000000 0.890466 9.860929 -4.475066 -4.954479 44.573071 44.573071 
444.500000 460 2.000000 1.133833 12.598399 4.535328 1.186536 21.977065 21.977065 
444.500000 461 2.000000 2.911493 5.437808 0.458503 0.153872 0.233901 0.233901 
444.500000 462 2.000000 0.907792 17.532618 2.269478 1.286360 6.805254 6.805254 
444.500000 463 2.000000 2.222042 18.577634 2.468934 1.522757 8.414423 8.414423 
444.500000 464 2.000000 1.433181 16.247647 1.146544 -0.882906 2.094087 2.094087 
444.500000 465 2.000000 1.454020 3.077991 -2.006103 1.784893 7.210292 7.210292 
444.500000 466 2.000000 2.188204 17.645938 1.287178 -1.207211 3.114185 3.114185 
444.500000 467 2.000000 0.546373 1.885734 -2.885362 -1.298089 10.010353 10.010353 
444.500000 468 2.000000 2.651511 6.874667 -0.006884 -1.386121 1.921378 1.921378 
444.500000 469 2.000000 0.288194 18.205767 1.921285 0.217450 3.738619 3.738619 
444.500000 470 2.000000 1.127094 6.892677 -0.595236 0.663150 0.794075 0.794075 
444.500000 471 2.000000 2.015753 4.496909 -0.818890 -1.242250 2.213766 2.213766 
444.500000 472 2.000000 2.954922 16.212313 4.546032 -1.545994 23.056505 23.056505 
444.500000 473 2.000000 2.678996 11.270176 -0.061094 -0.401395 0.164850 0.164850 
444.500000 474 2.000000 1.761596 11.607530 -2.072582 -0.295423 4.382870 4.382870 
444.500000 475 2.000000 1.364215 18.920831 2.273690 -2.697920 12.448438 12.448438 
444.500000 476 2.000000 1.361685 1.871971 2.094899 1.439977 6.462135 6.462135 
444.500000 477 2.000000 0.279576 7.225671 0.123537 -0.421074 0.192565 0.192565 
444.500000 478 2.000000 1.602035 14.098340 1.602034 -1.844268 5.967838 5.967838 
444.500000 479 2.000000 0.824841 19.198275 4.124200 -0.552913 17.314739 17.314739 
444.500000 480 2.000000 2.793891 9.506042 -3.189076 0.266670 10.241319 10.241319 
444.500000 481 2.000000 2.913479 12.341328 3.427621 -0.233493 11.803105 11.803105 
444.500000 482 2.000000 2.306574 0.878066 -0.301090 -0.217085 0.137781 0.137781 
444.500000 483 2.000000 2.918333 14.013403 -0.991330 -3.261655 11.621132 11.621132 
444.500000 484 2.000000 1.750733 2.217657 -2.754532 0.143546 7.608053 7.608053 
444.500000 485 2.000000 1.087028 2.967117 1.976413 1.521598 6.221469 6.221469 
444.500000 486 2.000000 1.539296 10.400519 1.140219 0.440163 1.493842 1.493842 
444.500000 487 2.000000 2.053958 10.629107 -1.852905 -0.337332 3.547049 3.547049 
444.500000 488 2.000000 0.702666 7.872204 -0.292171 2.849772 8.206562 8.206562 
444.500000 489 2.000000 1.822635 12.556910 -0.799020 0.711945 1.145298 1.145298 
444.500000 490 2.000000 3.001571 3.621254 -2.186568 2.586609 11.471630 11.471630 
444.500000 491 2.000000 0.427609 5.809037 -1.229729 -1.265776 3.114421 3.114421 
444.500000 492 2.000000 2.958396 5.801831 -1.544029 -0.689133 2.858930 2.858930 
444.500000 493 2.000000 0.896480 19.043379 0.498044 -1.006968 1.262033 1.262033 
444.500000 494 2.000000 0.413435 11.038496 4.134341 1.840935 20.481813 20.481813 
444.500000 495 2.000000 1.204851 11.916534 3.012124 2.359709 14.641120 14.641120 
444.500000 496 2.000000 1.613146 16.898620 1.698048 -0.873619 3.646577 3.646577 
444.500000 497 2.000000 2.128118 1.841699 -0.163930 1.938630 3.785159 3.785159 
444.500000 498 2.000000 2.231429 6.139038 2.610332 1.494592 9.047640 9.047640 
444.500000 499 2.000000 0.524573 18.731346 1.498778 -0.704807 2.743088 2.743088 
444.500000 500 2.000000 0.000001 16.370021 1.369672 1.125759 3.143335 3.143335 
