892.500000 1 2.000000 0.169956 14.606698 3.399107 3.327161 22.623929 22.623929 
892.500000 2 2.000000 0.000001 0.655479 2.815164 -1.078544 9.088407 9.088407 
892.500000 3 2.000000 0.381192 0.795456 0.098929 -5.835270 34.060166 34.060166 
892.500000 4 2.000000 0.202186 17.981719 -2.279467 0.232448 5.250000 5.250000 
892.500000 5 2.000000 0.614077 7.237303 -0.152656 0.494630 0.267963 0.267963 
892.500000 6 2.000000 0.690966 1.377272 3.454826 0.238316 11.992617 11.992617 
892.500000 7 2.000000 0.087679 19.750277 1.748028 2.097611 7.455571 7.455571 
892.500000 8 2.000000 0.355231 8.289780 -1.161291 5.876804 35.885426 35.885426 
892.500000 9 2.000000 0.000001 8.537448 2.350817 -2.025317 9.628249 9.628249 
892.500000 10 2.000000 0.479573 2.848371 3.197146 -0.182508 10.255049 10.255049 
892.500000 11 2.000000 0.204083 5.222717 -0.047602 -8.158843 66.568984 66.568984 
892.500000 12 2.000000 0.800168 11.920828 -1.332203 -1.945231 5.558691 5.558691 
892.500000 13 2.000000 0.000001 3.757054 4.504596 -2.980178 29.172844 29.172844 
892.500000 14 2.000000 0.478550 5.757055 1.063443 -0.664739 1.572789 1.572789 
892.500000 15 2.000000 0.999999 16.546429 -4.120405 -1.146173 18.291446 18.291446 
892.500000 16 2.000000 0.999999 17.630915 -6.872302 -0.227471 47.280277 47.280277 
892.500000 17 2.000000 0.435731 1.343988 2.904865 0.625747 8.829802 8.829802 
892.500000 18 2.000000 0.768223 1.390740 -2.317765 -3.699520 19.058484 19.058484 
892.500000 19 2.000000 0.076279 14.229049 1.525568 5.317828 30.606650 30.606650 
892.500000 20 2.000000 0.194370 2.938640 0.555341 4.897732 24.296180 24.296180 
892.500000 21 2.000000 0.066212 8.866466 -6.225244 1.236525 40.282651 40.282651 
892.500000 22 2.000000 0.446385 17.759271 1.487945 -4.074051 18.811876 18.811876 
892.500000 23 2.000000 0.588931 15.442677 -4.110678 -2.693644 24.153393 24.153393 
892.500000 24 2.000000 0.811406 1.836976 1.475281 1.185145 3.581024 3.581024 
892.500000 25 2.000000 0.123153 9.341391 -2.922819 2.030737 12.666763 12.666763 
892.500000 26 2.000000 0.581091 3.023359 -0.418908 -0.032043 0.176511 0.176511 
892.500000 27 2.000000 0.211788 3.000530 4.235748 -0.350737 18.064574 18.064574 
892.500000 28 2.000000 0.570631 19.438743 -1.431228 3.852616 16.891059 16.891059 
892.500000 29 2.000000 0.105410 18.912906 2.108185 3.559842 17.116917 17.116917 
892.500000 30 2.000000 0.732485 16.343637 -2.675145 2.190940 11.956617 11.956617 
892.500000 31 2.000000 0.885940 1.880926 1.968754 -3.274843 14.600593 14.600593 
892.500000 32 2.000000 0.256957 3.301391 -3.715211 -2.879230 22.092761 22.092761 
892.500000 33 2.000000 0.399314 18.375810 0.718756 2.557264 7.056206 7.056206 
892.500000 34 2.000000 0.518095 16.400717 -0.071095 -1.381209 1.912794 1.912794 
892.500000 35 2.000000 0.907608 19.753287 2.027463 -4.934242 28.457346 28.457346 
892.500000 36 2.000000 0.273274 14.642485 -1.614943 1.813369 5.896349 5.896349 
892.500000 37 2.000000 0.035494 19.760720 -2.005313 4.394048 23.328940 23.328940 
892.500000 38 2.000000 0.867013 16.575226 2.890041 -2.536869 14.788038 14.788038 
892.500000 39 2.000000 0.388443 5.500765 -2.038522 7.204004 56.053246 56.053246 
892.500000 40 2.000000 0.798275 8.743927 -4.034487 1.144825 17.587713 17.587713 
892.500000 41 2.000000 0.698893 6.670674 -6.022111 0.296925 36.353990 36.353990 
892.500000 42 2.000000 0.315063 0.285748 -4.566240 0.714367 21.360870 21.360870 
892.500000 43 2.000000 0.228568 13.019220 1.523782 3.254805 12.915664 12.915664 
892.500000 44 2.000000 0.993207 6.732375 4.218524 -0.405726 17.960558 17.960558 
892.500000 45 2.000000 0.947700 19.784972 0.554985 -4.300534 18.802603 18.802603 
892.500000 46 2.000000 0.030377 12.311083 -1.292829 3.515567 14.030621 14.030621 
892.500000 47 2.000000 0.432045 13.678593 -3.786360 2.249436 19.396484 19.396484 
892.500000 48 2.000000 0.708682 15.541216 1.574847 -4.954203 27.024268 27.024268 
892.500000 49 2.000000 0.526054 17.372068 -2.450687 -4.960809 30.615488 30.615488 
892.500000 50 2.000000 0.722704 13.232972 -5.545893 3.579564 43.570206 43.570206 
892.500000 51 2.000000 0.187288 8.702842 3.745734 4.580442 35.010975 35.010975 
892.500000 52 2.000000 0.359339 7.231371 -6.406597 -3.069739 50.467774 50.467774 
892.500000 53 2.000000 0.255783 5.740928 -1.283315 1.782208 4.823163 4.823163 
892.500000 54 2.000000 0.999999 13.922497 -2.749965 -5.788098 41.064380 41.064380 
892.500000 55 2.000000 0.390106 15.646075 3.901047 3.008860 24.271411 24.271411 
892.500000 56 2.000000 0.532291 5.732755 -4.677082 0.442438 22.070844 22.070844 
892.500000 57 2.000000 0.763166 1.436055 -0.789443 -1.186076 2.029998 2.029998 
892.500000 58 2.000000 0.250116 18.996313 5.002299 -0.158588 25.048145 25.048145 
892.500000 59 2.000000 0.309298 0.305161 6.185940 -1.957945 42.099403 42.099403 
892.500000 60 2.000000 0.585309 19.627130 5.853076 -7.457378 89.870980 89.870980 
892.500000 61 2.000000 0.372777 0.064039 -6.272225 -6.943371 87.551202 87.551202 
892.500000 62 2.000000 0.613439 7.887168 -1.208006 2.386990 7.156998 7.156998 
892.500000 63 2.000000 0.549972 5.770808 -0.585222 -3.537699 12.857798 12.857798 
892.500000 64 2.000000 0.410244 15.654702 -5.897548 3.515505 47.139850 47.139850 
892.500000 65 2.000000 0.058402 16.666090 -0.970568 -3.381983 12.379812 12.379812 
892.500000 66 2.000000 0.834597 15.733374 0.641997 -3.710109 14.177069 14.177069 
892.500000 67 2.000000 0.789054 18.943675 1.607112 0.121308 2.597524 2.597524 
892.500000 68 2.000000 0.713494 4.638710 1.752617 -5.435509 32.616430 32.616430 
892.500000 69 2.000000 0.496189 9.948418 -5.038102 -6.950174 73.687389 73.687389 
892.500000 70 2.000000 0.210408 7.569919 4.208148 3.257176 28.317706 28.317706 
892.500000 71 2.000000 0.652373 2.027028 -3.476260 -2.039356 16.243359 16.243359 
892.500000 72 2.000000 0.468269 7.293995 -3.544864 -0.584552 12.907763 12.907763 
892.500000 73 2.000000 0.878566 17.768829 0.346322 -0.313134 0.217992 0.217992 
892.500000 74 2.000000 0.965249 2.569951 1.164332 -4.212956 19.104666 19.104666 
892.500000 75 2.000000 0.000001 1.275000 1.546497 3.642854 15.662038 15.662038 
892.500000 76 2.000000 0.264358 5.979949 -4.904271 2.714041 31.417892 31.417892 
892.500000 77 2.000000 0.788215 9.024623 -2.117837 2.108165 8.929594 8.929594 
892.500000 78 2.000000 0.999999 2.480240 -5.082935 0.845721 26.551468 26.551468 
892.500000 79 2.000000 0.090957 1.175214 -3.636167 3.917377 28.567554 28.567554 
892.500000 80 2.000000 0.239403 7.076239 4.788032 -2.243011 27.956348 27.956348 
892.500000 81 2.000000 0.999999 15.214470 -3.893172 0.378670 15.300183 15.300183 
892.500000 82 2.000000 0.275291 7.657509 5.505807 -3.847063 45.113798 45.113798 
892.500000 83 2.000000 0.399708 17.896927 -6.002913 -3.505119 48.320821 48.320821 
892.500000 84 2.000000 0.999999 11.123344 -3.441332 3.088466 21.381390 21.381390 
892.500000 85 2.000000 0.014479 18.608826 -2.463800 1.188832 7.483634 7.483634 
892.500000 86 2.000000 0.608964 11.290218 2.435851 -6.006745 42.014360 42.014360 
892.500000 87 2.000000 0.875294 4.498695 5.835284 0.053198 34.053374 34.053374 
892.500000 88 2.000000 0.999999 7.517429 -3.926941 1.088825 16.606409 16.606409 
892.500000 89 2.000000 0.712560 0.875656 -0.442214 1.459425 2.325474 2.325474 
892.500000 90 2.000000 0.975726 6.806547 4.782596 -0.150515 22.895880 22.895880 
892.500000 91 2.000000 0.321448 7.382440 -0.848189 2.114752 5.191601 5.191601 
892.500000 92 2.000000 0.387962 0.889756 0.705384 -2.818943 8.444003 8.444003 
892.500000 93 2.000000 0.718159 4.072338 2.393861 4.072337 22.314500 22.314500 
892.500000 94 2.000000 0.958857 13.307561 1.788474 -1.030565 4.260702 4.260702 
892.500000 95 2.000000 0.835336 11.919438 -1.646631 -2.244600 7.749623 7.749623 
892.500000 96 2.000000 0.717543 1.622351 1.103911 -9.235374 86.510760 86.510760 
892.500000 97 2.000000 0.156304 11.176814 0.521011 -0.285991 0.353243 0.353243 
892.500000 98 2.000000 0.363650 8.960784 7.272976 -7.173977 104.362119 104.362119 
892.500000 99 2.000000 0.207949 15.552644 4.158965 1.737800 20.316940 20.316940 
892.500000 100 2.000000 0.863236 5.680707 -0.683814 3.718623 14.295756 14.295756 
892.500000 101 2.000000 0.999999 1.397422 -5.216159 0.902076 28.022055 28.022055 
892.500000 102 2.000000 0.341443 10.878798 -1.317112 2.536765 8.169962 8.169962 
892.500000 103 2.000000 0.999999 12.496157 -4.018166 -7.146516 67.218350 67.218350 
892.500000 104 2.000000 0.077446 1.590633 -4.612766 4.544662 41.931564 41.931564 
892.500000 105 2.000000 0.535078 8.798410 1.189061 4.088219 18.127399 18.127399 
892.500000 106 2.000000 0.375793 0.000001 1.878962 8.745683 80.017477 80.017477 
892.500000 107 2.000000 0.519842 3.696267 0.090971 -2.501760 6.267081 6.267081 
892.500000 108 2.000000 0.853237 17.965261 1.218909 -0.124225 1.501170 1.501170 
892.500000 109 2.000000 0.311282 16.779207 -2.081968 2.478734 10.478717 10.478717 
892.500000 110 2.000000 0.773257 0.395978 0.111273 1.606022 2.591688 2.591688 
892.500000 111 2.000000 0.676495 10.720045 -1.294018 0.601691 2.036513 2.036513 
892.500000 112 2.000000 0.782546 6.733406 -0.310647 -5.736109 32.999446 32.999446 
892.500000 113 2.000000 0.339232 0.403272 0.565386 4.032715 16.582449 16.582449 
892.500000 114 2.000000 0.000001 14.653663 5.461741 -1.944138 33.610282 33.610282 
892.500000 115 2.000000 0.999999 8.689991 -6.840463 -3.650887 60.120907 60.120907 
892.500000 116 2.000000 0.294918 18.979259 1.966117 -2.916401 12.371008 12.371008 
892.500000 117 2.000000 0.549668 7.701542 -0.562914 2.061599 4.567061 4.567061 
892.500000 118 2.000000 0.510079 19.763901 -1.088710 2.462167 7.247558 7.247558 
892.500000 119 2.000000 0.333792 1.682620 -4.441377 2.403741 25.503800 25.503800 
892.500000 120 2.000000 0.299221 5.521421 1.496099 5.352194 30.884288 30.884288 
892.500000 121 2.000000 0.172741 7.539446 0.690959 -4.887362 24.363730 24.363730 
892.500000 122 2.000000 0.448923 11.504300 2.992811 -2.568982 15.556588 15.556588 
892.500000 123 2.000000 0.999999 15.542278 -1.315546 6.326263 41.752263 41.752263 
892.500000 124 2.000000 0.999999 6.519799 -2.902449 1.152142 9.751641 9.751641 
892.500000 125 2.000000 0.272477 2.667794 0.063264 4.446322 19.773781 19.773781 
892.500000 126 2.000000 0.357301 6.265308 1.786502 7.528979 59.877117 59.877117 
892.500000 127 2.000000 0.364593 12.022117 -3.177031 2.342528 15.580963 15.580963 
892.500000 128 2.000000 0.734429 9.484603 -0.885234 2.403138 6.558712 6.558712 
892.500000 129 2.000000 0.039807 5.797698 0.796123 -2.594668 7.366112 7.366112 
892.500000 130 2.000000 0.302170 11.278641 3.021690 6.074736 46.033026 46.033026 
892.500000 131 2.000000 0.723493 16.008507 3.617460 3.996651 29.059243 29.059243 
892.500000 132 2.000000 0.300522 7.772119 1.001735 -4.997915 25.982625 25.982625 
892.500000 133 2.000000 0.654865 19.999999 4.365758 -6.937424 67.187699 67.187699 
892.500000 134 2.000000 0.057472 10.009217 -2.587645 2.512059 13.006346 13.006346 
892.500000 135 2.000000 0.091823 13.944905 -0.726541 -5.045912 25.989086 25.989086 
892.500000 136 2.000000 0.119607 12.631754 2.392110 -0.959699 6.643215 6.643215 
892.500000 137 2.000000 0.803468 6.468192 -0.025786 1.426568 2.035760 2.035760 
892.500000 138 2.000000 0.535035 4.322744 -1.549882 12.350695 154.941795 154.941795 
892.500000 139 2.000000 0.367463 18.898752 3.674615 0.653608 13.930000 13.930000 
892.500000 140 2.000000 0.798301 0.066310 7.983001 0.442060 63.923725 63.923725 
892.500000 141 2.000000 0.000001 3.675076 3.853178 -5.797744 48.460822 48.460822 
892.500000 142 2.000000 0.000001 8.772800 2.682650 -4.467759 27.157483 27.157483 
892.500000 143 2.000000 0.248838 0.769382 1.244185 -0.008318 1.548066 1.548066 
892.500000 144 2.000000 0.635530 11.133287 1.588822 -5.769832 35.815314 35.815314 
892.500000 145 2.000000 0.475848 19.842794 -1.459205 3.459658 14.098512 14.098512 
892.500000 146 2.000000 0.760240 3.883954 1.217791 -2.013570 5.537479 5.537479 
892.500000 147 2.000000 0.475533 4.104782 -3.496438 -1.705847 15.134994 15.134994 
892.500000 148 2.000000 0.715077 4.337474 1.191793 1.923023 5.118389 5.118389 
892.500000 149 2.000000 0.521089 10.146330 -1.596367 -0.778275 3.154101 3.154101 
892.500000 150 2.000000 0.000001 1.586346 6.927720 -0.033739 47.994440 47.994440 
892.500000 151 2.000000 0.291907 8.992041 -7.080920 -1.854484 53.578539 53.578539 
892.500000 152 2.000000 0.789650 18.289240 1.047368 -0.710312 1.601522 1.601522 
892.500000 153 2.000000 0.624705 2.707550 -1.501176 1.006131 3.265829 3.265829 
892.500000 154 2.000000 0.999999 0.773313 -4.155910 0.631677 17.670608 17.670608 
892.500000 155 2.000000 0.496441 17.927724 -0.436554 2.145441 4.793496 4.793496 
892.500000 156 2.000000 0.195344 10.759394 0.651142 -4.863476 24.077386 24.077386 
892.500000 157 2.000000 0.806637 3.492544 3.226545 -1.095909 11.611607 11.611607 
892.500000 158 2.000000 0.014674 14.487784 -0.486858 3.797984 14.661716 14.661716 
892.500000 159 2.000000 0.147500 15.232072 -0.067070 7.397283 54.724293 54.724293 
892.500000 160 2.000000 0.959199 2.155591 -0.816005 -2.486569 6.848893 6.848893 
892.500000 161 2.000000 0.248364 17.853085 -2.505451 3.831044 20.954187 20.954187 
892.500000 162 2.000000 0.084563 2.384820 0.845624 -0.602790 1.078435 1.078435 
892.500000 163 2.000000 0.864348 7.848855 -1.356513 -1.553395 4.253164 4.253164 
892.500000 164 2.000000 0.351685 10.395458 -4.322097 -0.396087 18.837403 18.837403 
892.500000 165 2.000000 0.356605 7.863163 7.132080 -2.379772 56.529876 56.529876 
892.500000 166 2.000000 0.284220 5.232358 2.842187 4.185885 25.599662 25.599662 
892.500000 167 2.000000 0.680350 7.448075 3.401747 -6.979914 60.291083 60.291083 
892.500000 168 2.000000 0.332622 10.761856 -0.417111 2.347129 5.682997 5.682997 
892.500000 169 2.000000 0.000001 17.770601 10.364736 2.935537 116.045129 116.045129 
892.500000 170 2.000000 0.999999 1.268775 -4.868061 2.114623 28.169651 28.169651 
892.500000 171 2.000000 0.000001 12.907244 4.676872 -5.944106 57.205531 57.205531 
892.500000 172 2.000000 0.937499 2.517456 1.562496 4.195758 20.045778 20.045778 
892.500000 173 2.000000 0.858070 6.410952 -2.838572 -3.447498 19.942736 19.942736 
892.500000 174 2.000000 0.789762 5.699568 7.897614 0.671275 62.822912 62.822912 
892.500000 175 2.000000 0.262568 8.688363 2.625667 -1.683498 9.728296 9.728296 
892.500000 176 2.000000 0.834715 3.331232 0.556476 -5.964701 35.887323 35.887323 
892.500000 177 2.000000 0.000001 3.430227 3.934372 -2.650568 22.504796 22.504796 
892.500000 178 2.000000 0.455063 7.721216 3.033746 -6.296812 48.853450 48.853450 
892.500000 179 2.000000 0.252668 15.088944 5.053335 0.057337 25.539480 25.539480 
892.500000 180 2.000000 0.084281 14.599815 -1.664941 -0.971419 3.715684 3.715684 
892.500000 181 2.000000 0.562795 3.841099 -0.514358 3.022460 9.399830 9.399830 
892.500000 182 2.000000 0.459026 15.365582 -0.676216 2.943601 9.122056 9.122056 
892.500000 183 2.000000 0.355575 16.633657 7.111474 -2.927254 59.141881 59.141881 
892.500000 184 2.000000 0.765120 16.767626 -2.348789 -1.982932 9.448828 9.448828 
892.500000 185 2.000000 0.376499 17.867231 -4.156669 -6.093624 54.410148 54.410148 
892.500000 186 2.000000 0.652456 19.408954 -1.390173 3.731283 15.855056 15.855056 
892.500000 187 2.000000 0.000001 14.279258 5.942949 -2.491100 41.524224 41.524224 
892.500000 188 2.000000 0.658555 7.056747 -0.126461 3.282207 10.788877 10.788877 
892.500000 189 2.000000 0.999999 2.686800 -6.603634 3.857979 58.491990 58.491990 
892.500000 190 2.000000 0.010968 17.236776 -0.726464 6.521212 43.053957 43.053957 
892.500000 191 2.000000 0.948885 12.694957 1.393129 1.453253 4.052754 4.052754 
892.500000 192 2.000000 0.490127 6.605725 2.450631 5.690208 38.384055 38.384055 
892.500000 193 2.000000 0.850398 18.402124 0.847716 5.429307 30.195997 30.195997 
892.500000 194 2.000000 0.000001 15.391564 5.429428 -0.501272 29.729968 29.729968 
892.500000 195 2.000000 0.000001 1.616539 1.804836 -0.979817 4.217475 4.217475 
892.500000 196 2.000000 0.026205 14.968209 -1.627343 -0.916709 3.488602 3.488602 
892.500000 197 2.000000 0.583226 10.563995 0.833178 1.506984 2.965188 2.965188 
892.500000 198 2.000000 0.631275 9.012415 -1.843622 2.296561 8.673133 8.673133 
892.500000 199 2.000000 0.599523 13.331906 -1.601903 -2.318988 7.943801 7.943801 
892.500000 200 2.000000 0.283726 10.971292 -0.185514 5.846482 34.215762 34.215762 
892.500000 201 2.000000 0.988268 13.744484 0.909829 0.707785 1.328748 1.328748 
892.500000 202 2.000000 0.966906 14.213299 4.834524 2.555002 29.900662 29.900662 
892.500000 203 2.000000 0.393710 10.791497 2.624728 5.679735 39.148584 39.148584 
892.500000 204 2.000000 0.570575 5.528241 3.803825 -1.248386 16.027554 16.027554 
892.500000 205 2.000000 0.149941 11.336539 -4.250290 4.926276 42.333157 42.333157 
892.500000 206 2.000000 0.689980 12.784690 -1.240076 11.117121 125.128162 125.128162 
892.500000 207 2.000000 0.764463 0.995223 -4.710728 1.809494 25.465227 25.465227 
892.500000 208 2.000000 0.003426 3.530876 -0.056523 3.070326 9.430099 9.430099 
892.500000 209 2.000000 0.347758 5.250381 0.434696 4.773073 22.971185 22.971185 
892.500000 210 2.000000 0.609779 11.226982 -2.601467 -3.452555 18.687771 18.687771 
892.500000 211 2.000000 0.017776 1.193914 0.355500 4.775653 22.933238 22.933238 
892.500000 212 2.000000 0.138899 9.679095 -0.782308 -1.126668 1.881386 1.881386 
892.500000 213 2.000000 0.749509 12.621368 -1.252450 2.668408 8.689030 8.689030 
892.500000 214 2.000000 0.835870 10.425193 -0.283939 0.077219 0.086584 0.086584 
892.500000 215 2.000000 0.486785 8.845239 -0.158349 -3.437979 11.844777 11.844777 
892.500000 216 2.000000 0.423106 6.610465 2.820699 0.749918 8.518717 8.518717 
892.500000 217 2.000000 0.000001 1.732546 4.263909 2.475064 24.306865 24.306865 
892.500000 218 2.000000 0.256957 13.733125 -0.235886 -2.785277 7.813412 7.813412 
892.500000 219 2.000000 0.683595 9.178767 -6.328089 -0.154047 40.068438 40.068438 
892.500000 220 2.000000 0.493720 1.709187 4.937194 -2.613624 31.206915 31.206915 
892.500000 221 2.000000 0.849108 3.712774 -1.508906 -4.898622 26.273300 26.273300 
892.500000 222 2.000000 0.380508 12.325595 3.805068 1.778633 17.642077 17.642077 
892.500000 223 2.000000 0.999999 7.264161 -2.801107 0.514594 8.111005 8.111005 
892.500000 224 2.000000 0.362426 11.338509 1.812125 1.074336 4.437993 4.437993 
892.500000 225 2.000000 0.410769 8.076826 2.738454 1.577009 9.986088 9.986088 
892.500000 226 2.000000 0.862344 4.304391 3.449374 0.620110 12.282716 12.282716 
892.500000 227 2.000000 0.107618 5.398982 2.152331 -0.983830 5.600449 5.600449 
892.500000 228 2.000000 0.363380 19.693251 1.816897 -6.134958 40.938823 40.938823 
892.500000 229 2.000000 0.973342 10.951086 0.894200 0.109683 0.811623 0.811623 
892.500000 230 2.000000 0.477365 1.988443 4.773642 -4.949657 47.286764 47.286764 
892.500000 231 2.000000 0.610229 2.921333 2.297756 -10.042304 106.127556 106.127556 
892.500000 232 2.000000 0.792077 0.141692 -1.386147 -3.631292 15.107685 15.107685 
892.500000 233 2.000000 0.169224 17.663918 3.384470 2.254802 16.538766 16.538766 
892.500000 234 2.000000 0.602489 9.954096 -7.950202 1.539821 65.576754 65.576754 
892.500000 235 2.000000 0.577171 6.958832 -1.691310 -2.241724 7.885854 7.885854 
892.500000 236 2.000000 0.354103 15.717831 7.082046 3.147470 60.061940 60.061940 
892.500000 237 2.000000 0.000001 16.999740 5.632488 -2.025386 35.827112 35.827112 
892.500000 238 2.000000 0.299416 7.492150 5.988301 -5.003140 60.891159 60.891159 
892.500000 239 2.000000 0.137265 7.287516 0.228773 2.706144 7.375550 7.375550 
892.500000 240 2.000000 0.027123 9.485562 -2.759732 0.362296 7.747379 7.747379 
892.500000 241 2.000000 0.599309 1.729675 -0.064935 -7.764018 60.284187 60.284187 
892.500000 242 2.000000 0.087644 19.759874 -1.297834 0.574692 2.014643 2.014643 
892.500000 243 2.000000 0.660387 11.433189 -0.308738 3.026700 9.256233 9.256233 
892.500000 244 2.000000 0.728646 18.971956 -5.427064 3.420879 41.155440 41.155440 
892.500000 245 2.000000 0.070315 0.843596 -6.197895 1.297838 40.098284 40.098284 
892.500000 246 2.000000 0.000001 10.871239 2.857505 5.992328 44.073328 44.073328 
892.500000 247 2.000000 0.999999 1.515844 -2.589041 -2.806149 14.577607 14.577607 
892.500000 248 2.000000 0.045182 16.573032 0.180723 3.855926 14.900828 14.900828 
892.500000 249 2.000000 0.343350 10.952856 -0.661523 -0.638604 0.845427 0.845427 
892.500000 250 2.000000 0.335009 18.141037 0.837521 -3.098270 10.300720 10.300720 
892.500000 251 2.000000 0.272248 12.410877 2.722468 -2.646053 14.413431 14.413431 
892.500000 252 2.000000 0.383785 12.187969 3.837836 0.859540 15.467797 15.467797 
892.500000 253 2.000000 0.446204 7.394645 -1.384488 -1.207370 3.374549 3.374549 
892.500000 254 2.000000 0.534592 1.651950 -4.654075 1.489334 23.878526 23.878526 
892.500000 255 2.000000 0.628590 10.688639 1.571472 -6.359445 42.912069 42.912069 
892.500000 256 2.000000 0.582693 16.722762 0.456468 -5.462062 30.042486 30.042486 
892.500000 257 2.000000 0.837365 19.435177 -3.252676 -5.648223 42.482329 42.482329 
892.500000 258 2.000000 0.842522 16.950269 -0.349948 7.848493 61.721304 61.721304 
892.500000 259 2.000000 0.495588 17.223885 -3.362740 1.073278 12.459947 12.459947 
892.500000 260 2.000000 0.545525 19.008458 -3.029827 -1.101713 10.393625 10.393625 
892.500000 261 2.000000 0.280377 7.876997 0.934588 -3.297142 11.744601 11.744601 
892.500000 262 2.000000 0.898494 3.593034 1.382296 3.421936 13.620392 13.620392 
892.500000 263 2.000000 0.825950 12.045870 5.506325 2.131377 34.862382 34.862382 
892.500000 264 2.000000 0.112577 7.551497 -1.722092 -3.100679 12.579812 12.579812 
892.500000 265 2.000000 0.724017 15.832324 0.258577 -0.060866 0.070567 0.070567 
892.500000 266 2.000000 0.594252 18.908719 0.331877 1.067423 1.249535 1.249535 
892.500000 267 2.000000 0.999999 0.946327 -2.770795 0.100983 7.687504 7.687504 
892.500000 268 2.000000 0.207607 4.234077 4.152113 -3.478218 29.338042 29.338042 
892.500000 269 2.000000 0.999999 12.611116 -3.662758 -7.388883 68.011391 68.011391 
892.500000 270 2.000000 0.000001 16.935379 3.222305 -4.821448 33.629606 33.629606 
892.500000 271 2.000000 0.782427 10.346957 1.978922 -1.201956 5.360831 5.360831 
892.500000 272 2.000000 0.978399 8.748392 6.522654 -2.690324 49.782859 49.782859 
892.500000 273 2.000000 0.070455 18.535182 -2.323860 1.883864 8.949272 8.949272 
892.500000 274 2.000000 0.327609 5.749054 -4.482599 -1.098017 21.299340 21.299340 
892.500000 275 2.000000 0.204146 16.257879 1.335710 -3.749291 15.841303 15.841303 
892.500000 276 2.000000 0.553799 11.584912 -2.974667 -6.723512 54.054254 54.054254 
892.500000 277 2.000000 0.999999 5.060957 -8.940247 -2.502461 86.190317 86.190317 
892.500000 278 2.000000 0.063856 3.099167 -1.872285 -1.228304 5.014182 5.014182 
892.500000 279 2.000000 0.469304 9.159860 -1.768983 1.652049 5.858565 5.858565 
892.500000 280 2.000000 0.306158 9.748767 -3.469206 5.898691 46.829948 46.829948 
892.500000 281 2.000000 0.000001 14.553917 4.209414 3.807602 32.216998 32.216998 
892.500000 282 2.000000 0.123343 3.194314 -3.506624 3.956844 27.953026 27.953026 
892.500000 283 2.000000 0.900420 2.316119 0.188442 -4.269516 18.264276 18.264276 
892.500000 284 2.000000 0.735232 8.705293 4.901538 -0.319842 24.127374 24.127374 
892.500000 285 2.000000 0.161415 10.776466 -8.385841 -6.162869 108.303280 108.303280 
892.500000 286 2.000000 0.564518 14.358274 -2.903206 -3.567392 21.154892 21.154892 
892.500000 287 2.000000 0.820484 10.690620 -3.590301 -0.047129 12.892482 12.892482 
892.500000 288 2.000000 0.848109 3.982599 -3.037799 0.749177 9.789490 9.789490 
892.500000 289 2.000000 0.759014 17.110842 0.195625 -5.253012 27.632406 27.632406 
892.500000 290 2.000000 0.472116 9.268240 -2.639415 -0.235475 7.021962 7.021962 
892.500000 291 2.000000 0.830217 13.381700 -3.395649 -2.451222 17.538918 17.538918 
892.500000 292 2.000000 0.000001 18.466513 3.019236 -5.111619 35.244435 35.244435 
892.500000 293 2.000000 0.896788 9.432747 0.506567 2.257825 5.354383 5.354383 
892.500000 294 2.000000 0.492297 7.139605 -2.538512 0.643016 6.857511 6.857511 
892.500000 295 2.000000 0.622303 9.303612 4.148680 2.008613 21.246070 21.246070 
892.500000 296 2.000000 0.929656 15.999089 -1.406856 0.030861 1.980195 1.980195 
892.500000 297 2.000000 0.537098 2.128453 -3.086009 1.216258 11.002735 11.002735 
892.500000 298 2.000000 0.712942 16.785098 7.129410 4.772999 73.610008 73.610008 
892.500000 299 2.000000 0.971137 9.455703 -0.577239 2.571530 6.945974 6.945974 
892.500000 300 2.000000 0.476030 1.627420 4.760290 -0.113262 22.673191 22.673191 
892.500000 301 2.000000 0.254745 17.241550 1.083437 2.197825 6.004273 6.004273 
892.500000 302 2.000000 0.629820 11.472868 -1.850896 -2.775226 11.127696 11.127696 
892.500000 303 2.000000 0.150986 2.689318 3.019707 0.853752 9.847525 9.847525 
892.500000 304 2.000000 0.640047 12.995250 -7.199045 -1.781583 55.000285 55.000285 
892.500000 305 2.000000 0.999999 17.660714 -5.467262 -0.011334 29.891086 29.891086 
892.500000 306 2.000000 0.626886 14.797355 -3.731132 -2.161796 18.594710 18.594710 
892.500000 307 2.000000 0.591520 18.175582 0.537745 -0.729767 0.821729 0.821729 
892.500000 308 2.000000 0.657753 2.758460 1.644380 2.398660 8.457555 8.457555 
892.500000 309 2.000000 0.792227 12.951225 5.281504 5.994541 63.828798 63.828798 
892.500000 310 2.000000 0.638893 13.780036 0.097154 0.339748 0.124867 0.124867 
892.500000 311 2.000000 0.852788 18.734539 -2.944224 3.331359 19.766407 19.766407 
892.500000 312 2.000000 0.908732 4.542818 -1.825331 11.357042 132.314228 132.314228 
892.500000 313 2.000000 0.358560 14.871038 -2.565757 -9.127579 89.895807 89.895807 
892.500000 314 2.000000 0.165746 11.629453 -0.114959 -0.146433 0.034658 0.034658 
892.500000 315 2.000000 0.460981 7.943042 2.304899 -3.546164 17.887837 17.887837 
892.500000 316 2.000000 0.220046 3.652740 -1.595329 -2.693453 9.799767 9.799767 
892.500000 317 2.000000 0.985730 6.738828 -3.179628 -3.127480 19.891166 19.891166 
892.500000 318 2.000000 0.270224 7.730695 1.351117 -0.321066 1.928600 1.928600 
892.500000 319 2.000000 0.505645 11.199213 -0.282488 3.999719 16.077548 16.077548 
892.500000 320 2.000000 0.230021 12.468819 -5.133189 -0.575200 26.680484 26.680484 
892.500000 321 2.000000 0.592454 10.357729 1.316563 -1.650564 4.457698 4.457698 
892.500000 322 2.000000 0.596954 6.633951 1.017410 -2.027353 5.145283 5.145283 
892.500000 323 2.000000 0.374127 19.874605 -3.129362 3.523644 22.208979 22.208979 
892.500000 324 2.000000 0.864894 11.972994 -2.702104 -3.643405 20.575767 20.575767 
892.500000 325 2.000000 0.574820 11.345312 -8.503574 -1.825836 75.644445 75.644445 
892.500000 326 2.000000 0.652302 9.922909 0.931858 -2.218124 5.788435 5.788435 
892.500000 327 2.000000 0.042744 13.628199 -4.786275 1.983583 26.843028 26.843028 
892.500000 328 2.000000 0.284257 7.677401 2.842556 0.184267 8.114078 8.114078 
892.500000 329 2.000000 0.161853 10.455141 -0.698455 2.295337 5.756411 5.756411 
892.500000 330 2.000000 0.841038 1.029788 -3.179226 4.119150 27.074875 27.074875 
892.500000 331 2.000000 0.630252 7.134818 1.800719 1.378511 5.142878 5.142878 
892.500000 332 2.000000 0.275887 10.628793 -1.206853 -4.932214 25.783227 25.783227 
892.500000 333 2.000000 0.626047 13.521677 0.208101 -2.163989 4.726153 4.726153 
892.500000 334 2.000000 0.732782 0.710633 0.666164 -5.169831 27.170924 27.170924 
892.500000 335 2.000000 0.233015 4.349799 -2.556614 1.764532 9.649852 9.649852 
892.500000 336 2.000000 0.309357 17.909622 -4.604279 -4.645282 42.778025 42.778025 
892.500000 337 2.000000 0.271185 1.777559 1.807895 5.925194 38.376413 38.376413 
892.500000 338 2.000000 0.779916 6.187768 1.915525 -5.435234 33.211003 33.211003 
892.500000 339 2.000000 0.986815 3.874043 3.314558 2.293777 16.247708 16.247708 
892.500000 340 2.000000 0.305833 0.000001 0.407776 2.996149 9.143191 9.143191 
892.500000 341 2.000000 0.397250 19.436540 1.986245 -2.817293 11.882311 11.882311 
892.500000 342 2.000000 0.419186 15.866018 -0.246025 -3.228441 10.483358 10.483358 
892.500000 343 2.000000 0.182162 19.999999 3.643215 -6.598255 56.809984 56.809984 
892.500000 344 2.000000 0.999999 8.882671 -2.812769 -0.028293 7.912472 7.912472 
892.500000 345 2.000000 0.235675 7.282887 -3.821621 -1.908574 18.247443 18.247443 
892.500000 346 2.000000 0.330106 11.563320 -1.913979 -2.986805 12.584318 12.584318 
892.500000 347 2.000000 0.703831 7.898535 4.692201 1.766590 25.137590 25.137590 
892.500000 348 2.000000 0.046473 7.272642 -6.356842 9.098086 123.184606 123.184606 
892.500000 349 2.000000 0.334687 0.985813 -1.108853 6.572079 44.421772 44.421772 
892.500000 350 2.000000 0.587744 16.953581 5.877433 3.318281 45.555204 45.555204 
892.500000 351 2.000000 0.968937 8.565882 -0.310622 0.474577 0.321710 0.321710 
892.500000 352 2.000000 0.302581 1.330447 0.756449 -2.185063 5.346715 5.346715 
892.500000 353 2.000000 0.794342 10.970657 -4.113143 -9.360120 104.529784 104.529784 
892.500000 354 2.000000 0.180512 14.510871 3.610211 -3.741156 27.029875 27.029875 
892.500000 355 2.000000 0.999999 4.465998 -4.134901 -8.007086 81.210835 81.210835 
892.500000 356 2.000000 0.154974 6.965675 -3.380098 -0.667257 11.870295 11.870295 
892.500000 357 2.000000 0.656787 14.307537 0.215340 -2.776811 7.757050 7.757050 
892.500000 358 2.000000 0.936543 11.751432 3.121805 0.903593 10.562149 10.562149 
892.500000 359 2.000000 0.653410 0.674621 -6.931771 -6.290381 87.618340 87.618340 
892.500000 360 2.000000 0.511010 19.235728 -9.779774 -1.175801 97.026493 97.026493 
892.500000 361 2.000000 0.000001 5.790818 0.166599 -0.329801 0.136524 0.136524 
892.500000 362 2.000000 0.403130 7.692166 -1.705339 -5.181463 29.755736 29.755736 
892.500000 363 2.000000 0.628340 16.231421 0.514686 -6.280963 39.715392 39.715392 
892.500000 364 2.000000 0.000001 3.171380 5.751071 -2.157120 37.727981 37.727981 
892.500000 365 2.000000 0.592968 2.128802 -0.142947 -5.318941 28.311570 28.311570 
892.500000 366 2.000000 0.455398 19.370108 1.821587 -6.298909 42.994428 42.994428 
892.500000 367 2.000000 0.037364 17.047215 -0.134312 0.006035 0.018076 0.018076 
892.500000 368 2.000000 0.378445 0.963866 1.892222 6.425764 44.870948 44.870948 
892.500000 369 2.000000 0.930704 4.879452 -1.385902 -4.189673 19.474086 19.474086 
892.500000 370 2.000000 0.543030 9.928685 -0.179203 -2.743986 7.561571 7.561571 
892.500000 371 2.000000 0.151950 4.590398 3.038980 -2.634756 16.177336 16.177336 
892.500000 372 2.000000 0.394490 4.420891 -0.181985 3.565459 12.745614 12.745614 
892.500000 373 2.000000 0.149771 9.251751 2.995394 3.244977 19.502264 19.502264 
892.500000 374 2.000000 0.857338 2.219832 -2.853220 -0.478868 8.370180 8.370180 
892.500000 375 2.000000 0.473174 2.886728 3.154486 -3.078441 19.427585 19.427585 
892.500000 376 2.000000 0.000001 19.905450 4.425018 2.914223 28.073478 28.073478 
892.500000 377 2.000000 0.320788 8.212442 3.207866 5.673314 42.476891 42.476891 
892.500000 378 2.000000 0.633447 17.341078 -3.665523 0.146562 13.457542 13.457542 
892.500000 379 2.000000 0.197514 5.790447 1.975128 3.499306 16.146270 16.146270 
892.500000 380 2.000000 0.793322 17.938082 -2.066775 -5.154792 30.843436 30.843436 
892.500000 381 2.000000 0.999999 13.835995 -4.442882 -0.489519 19.978833 19.978833 
892.500000 382 2.000000 0.807542 5.990639 -3.849146 -1.089917 16.003843 16.003843 
892.500000 383 2.000000 0.414776 13.309884 3.740022 2.086973 18.343219 18.343219 
892.500000 384 2.000000 0.999999 17.204065 -1.788115 6.256023 42.335182 42.335182 
892.500000 385 2.000000 0.771725 17.804382 -1.141371 -0.878247 2.074045 2.074045 
892.500000 386 2.000000 0.999886 17.281924 1.249856 -0.439717 1.755491 1.755491 
892.500000 387 2.000000 0.255011 13.182589 -1.489975 -0.390114 2.372215 2.372215 
892.500000 388 2.000000 0.710178 9.984595 -2.898206 1.347030 10.214089 10.214089 
892.500000 389 2.000000 0.192935 0.993969 -0.896738 -3.287247 11.610134 11.610134 
892.500000 390 2.000000 0.944648 7.211090 1.259529 -0.460365 1.798350 1.798350 
892.500000 391 2.000000 0.999999 0.087055 -1.655466 1.741070 5.771893 5.771893 
892.500000 392 2.000000 0.534045 12.569208 -2.329768 3.559603 18.098592 18.098592 
892.500000 393 2.000000 0.122153 12.866101 2.443046 3.896950 21.154698 21.154698 
892.500000 394 2.000000 0.069678 10.532188 -4.651604 -5.119023 47.841817 47.841817 
892.500000 395 2.000000 0.655069 11.687530 -3.449302 2.959539 20.656550 20.656550 
892.500000 396 2.000000 0.230343 16.652552 2.303420 0.968551 6.243835 6.243835 
892.500000 397 2.000000 0.605855 14.617039 -0.342734 2.244896 5.157026 5.157026 
892.500000 398 2.000000 0.171061 2.060694 1.140401 2.907278 9.752782 9.752782 
892.500000 399 2.000000 0.459073 6.720769 -0.018927 2.278227 5.190675 5.190675 
892.500000 400 2.000000 0.342003 5.715895 0.977150 -0.224709 1.005315 1.005315 
892.500000 401 2.000000 0.224019 13.752647 4.480361 0.410835 20.242418 20.242418 
892.500000 402 2.000000 0.967014 19.248372 2.490023 1.572501 8.672973 8.672973 
892.500000 403 2.000000 0.403247 19.839357 4.032456 0.700978 16.752072 16.752072 
892.500000 404 2.000000 0.609426 12.173757 2.437698 0.316403 6.042484 6.042484 
892.500000 405 2.000000 0.242188 13.234984 2.421871 2.549535 12.365586 12.365586 
892.500000 406 2.000000 0.720485 10.355239 4.803226 -4.815454 46.259571 46.259571 
892.500000 407 2.000000 0.001081 2.624854 -1.997837 1.544031 6.375383 6.375383 
892.500000 408 2.000000 0.941928 2.010784 6.279513 -3.340929 50.594094 50.594094 
892.500000 409 2.000000 0.270862 12.851445 -1.550620 -4.656219 24.084793 24.084793 
892.500000 410 2.000000 0.999999 13.888611 -0.431909 -0.351653 0.310205 0.310205 
892.500000 411 2.000000 0.000001 4.808733 8.063139 -2.639826 71.982891 71.982891 
892.500000 412 2.000000 0.281417 17.031847 -2.874329 0.791919 8.888900 8.888900 
892.500000 413 2.000000 0.434137 15.886338 4.341365 5.982262 54.634912 54.634912 
892.500000 414 2.000000 0.174429 17.257251 1.744279 5.606361 34.473799 34.473799 
892.500000 415 2.000000 0.056794 15.273523 -3.772820 4.019072 30.387115 30.387115 
892.500000 416 2.000000 0.539754 0.673304 2.159011 -0.739417 5.208064 5.208064 
892.500000 417 2.000000 0.833447 18.152750 1.111262 -1.944473 5.015878 5.015878 
892.500000 418 2.000000 0.073192 0.532012 1.463828 0.532011 2.425829 2.425829 
892.500000 419 2.000000 0.999999 4.669828 -2.629003 -1.291145 8.578711 8.578711 
892.500000 420 2.000000 0.797035 18.507837 -1.014822 -3.320491 12.055522 12.055522 
892.500000 421 2.000000 0.519768 3.677958 -3.197881 -1.580263 12.723672 12.723672 
892.500000 422 2.000000 0.459786 6.395826 -3.601423 5.611827 44.462844 44.462844 
892.500000 423 2.000000 0.594310 14.254840 -4.056890 1.476413 18.638151 18.638151 
892.500000 424 2.000000 0.050712 10.260793 -0.678847 -0.159822 0.486376 0.486376 
892.500000 425 2.000000 0.815519 10.139025 -0.488452 -5.801911 33.900752 33.900752 
892.500000 426 2.000000 0.289262 13.888641 5.785221 3.561190 46.150859 46.150859 
892.500000 427 2.000000 0.000001 6.768317 6.487742 -3.696696 55.756358 55.756358 
892.500000 428 2.000000 0.111956 0.032684 -4.440215 0.653667 20.142788 20.142788 
892.500000 429 2.000000 0.432351 8.352887 1.729401 3.255064 13.586267 13.586267 
892.500000 430 2.000000 0.610127 7.009565 -1.559486 -3.436253 14.239831 14.239831 
892.500000 431 2.000000 0.352853 2.344788 -1.438103 2.468197 8.160138 8.160138 
892.500000 432 2.000000 0.267863 16.125892 5.357244 -1.270199 30.313471 30.313471 
892.500000 433 2.000000 0.861387 1.338489 -2.772240 -1.457366 9.809232 9.809232 
892.500000 434 2.000000 0.972636 15.589972 1.597068 -2.354816 8.095785 8.095785 
892.500000 435 2.000000 0.528675 19.385796 3.524490 3.194231 22.625146 22.625146 
892.500000 436 2.000000 0.789269 12.105183 1.578537 6.371148 43.083308 43.083308 
892.500000 437 2.000000 0.431608 16.949143 2.877377 -1.743346 11.318554 11.318554 
892.500000 438 2.000000 0.999999 9.661750 -2.159981 -2.626914 11.566194 11.566194 
892.500000 439 2.000000 0.516682 0.197837 -3.222113 -1.457899 12.507483 12.507483 
892.500000 440 2.000000 0.591541 18.046887 -2.723053 1.683014 10.247557 10.247557 
892.500000 441 2.000000 0.217390 2.294995 -1.565217 -2.013720 6.504972 6.504972 
892.500000 442 2.000000 0.635532 9.207313 -1.457868 0.093018 2.134031 2.134031 
892.500000 443 2.000000 0.732018 19.303745 4.880115 0.567337 24.137393 24.137393 
892.500000 444 2.000000 0.999999 17.367535 -4.528347 0.312308 20.603463 20.603463 
892.500000 445 2.000000 0.874204 8.237062 -1.257953 2.815890 9.511686 9.511686 
892.500000 446 2.000000 0.664911 13.671835 1.899742 -4.082686 20.277346 20.277346 
892.500000 447 2.000000 0.000001 5.835063 1.469843 -3.216826 12.508407 12.508407 
892.500000 448 2.000000 0.654782 16.760864 -6.904347 -1.203942 49.119490 49.119490 
892.500000 449 2.000000 0.180839 1.796777 -1.260246 2.113855 6.056601 6.056601 
892.500000 450 2.000000 0.654212 10.901142 3.271055 -2.104357 15.128120 15.128120 
892.500000 451 2.000000 0.512559 7.911856 1.708528 -1.189232 4.333340 4.333340 
892.500000 452 2.000000 0.885564 11.304290 -1.144347 -1.545605 3.698424 3.698424 
892.500000 453 2.000000 0.099543 3.317721 -6.003041 -4.633966 57.510144 57.510144 
892.500000 454 2.000000 0.217168 16.267621 2.119223 0.930814 5.357522 5.357522 
892.500000 455 2.000000 0.508668 8.186669 1.453336 -1.348321 3.930154 3.930154 
892.500000 456 2.000000 0.281451 7.419680 -0.311992 0.163405 0.124040 0.124040 
892.500000 457 2.000000 0.247664 8.122053 2.476632 7.189569 57.823614 57.823614 
892.500000 458 2.000000 0.524817 14.644350 0.521280 2.783218 8.018034 8.018034 
892.500000 459 2.000000 0.999999 9.102512 -7.293181 -3.503810 65.467173 65.467173 
892.500000 460 2.000000 0.867056 8.828010 2.477301 -5.637059 37.913454 37.913454 
892.500000 461 2.000000 0.567197 9.294709 -4.328018 -3.314958 29.720683 29.720683 
892.500000 462 2.000000 0.811571 7.273136 -0.942142 1.410733 2.877797 2.877797 
892.500000 463 2.000000 0.231717 6.003743 4.634315 2.455203 27.504895 27.504895 
892.500000 464 2.000000 0.189434 13.054585 -2.026413 0.042571 4.108162 4.108162 
892.500000 465 2.000000 0.227328 5.079181 2.273268 4.398227 24.512146 24.512146 
892.500000 466 2.000000 0.768670 8.926102 7.686687 -2.317956 64.458073 64.458073 
892.500000 467 2.000000 0.000001 3.582850 3.421298 0.694170 12.187149 12.187149 
892.500000 468 2.000000 0.023722 9.829631 -0.319769 2.829161 8.106404 8.106404 
892.500000 469 2.000000 0.269747 8.350550 1.798305 -0.753857 3.802201 3.802201 
892.500000 470 2.000000 0.280168 1.394566 -0.918141 0.038646 0.844477 0.844477 
892.500000 471 2.000000 0.167495 17.142852 -2.081260 0.638043 4.738743 4.738743 
892.500000 472 2.000000 0.034902 10.061013 -0.162201 3.658550 13.411296 13.411296 
892.500000 473 2.000000 0.000001 10.692202 7.991510 0.288267 63.947335 63.947335 
892.500000 474 2.000000 0.000001 17.262591 3.142181 5.714358 42.527190 42.527190 
892.500000 475 2.000000 0.954219 16.853153 2.385544 2.518389 12.033104 12.033104 
892.500000 476 2.000000 0.864930 7.615771 -2.701374 -1.813734 10.587052 10.587052 
892.500000 477 2.000000 0.166260 11.851641 -1.515889 -1.917261 5.973810 5.973810 
892.500000 478 2.000000 0.333505 5.646250 -0.215799 3.191097 10.229668 10.229668 
892.500000 479 2.000000 0.178611 18.612241 -1.642776 -4.625860 24.097290 24.097290 
892.500000 480 2.000000 0.315273 6.480057 0.573221 -1.147883 1.646218 1.646218 
892.500000 481 2.000000 0.260956 2.097277 5.219090 -0.061132 27.242641 27.242641 
892.500000 482 2.000000 0.029853 19.202220 -4.850730 5.862031 57.892988 57.892988 
892.500000 483 2.000000 0.299013 14.030927 -14.019711 -2.172022 201.269979 201.269979 
892.500000 484 2.000000 0.000001 12.525295 5.020433 -0.904112 26.022167 26.022167 
892.500000 485 2.000000 0.171041 8.064061 0.143528 -2.421867 5.886040 5.886040 
892.500000 486 2.000000 0.065914 8.711948 -1.868171 0.877963 4.260881 4.260881 
892.500000 487 2.000000 0.861527 16.715440 1.914503 -0.669680 4.113792 4.113792 
892.500000 488 2.000000 0.083960 17.702541 0.839591 5.536818 31.361266 31.361266 
892.500000 489 2.000000 0.694833 19.557756 3.474159 -8.844859 90.301302 90.301302 
892.500000 490 2.000000 0.999999 2.867571 -4.846474 -4.463170 43.408196 43.408196 
892.500000 491 2.000000 0.726692 17.437742 1.927289 4.770144 26.468715 26.468715 
892.500000 492 2.000000 0.064834 2.160920 1.296655 0.071648 1.686447 1.686447 
892.500000 493 2.000000 0.554222 8.589079 -4.457772 2.141634 24.458326 24.458326 
892.500000 494 2.000000 0.408382 16.316375 -11.832333 -3.203151 150.264270 150.264270 
892.500000 495 2.000000 0.718327 1.669698 0.066557 -3.714923 13.805080 13.805080 
892.500000 496 2.000000 0.803650 11.632755 -0.078406 -1.911192 3.658801 3.658801 
892.500000 497 2.000000 0.972329 19.961167 9.723277 2.017464 98.612270 98.612270 
892.500000 498 2.000000 0.629895 0.393806 -1.480415 -0.098007 2.201233 2.201233 
892.500000 499 2.000000 0.325572 15.936760 -0.037882 4.159023 17.298906 17.298906 
892.500000 500 2.000000 0.675520 15.497685 4.503462 -4.287918 38.667414 38.667414 
