26.500000 1 2.000000 6.978081 18.292106 0.949399 0.434304 1.089978 1.089978 
26.500000 2 2.000000 8.955903 2.971528 0.050189 0.943342 0.892413 0.892413 
26.500000 3 2.000000 12.311586 1.353230 -1.065910 0.141699 1.156242 1.156242 
26.500000 4 2.000000 6.337203 14.404736 -1.022887 -0.321567 1.149703 1.149703 
26.500000 5 2.000000 2.860879 5.859496 -0.649065 0.819510 1.092882 1.092882 
26.500000 6 2.000000 17.545768 6.971326 0.232540 -0.987021 1.028285 1.028285 
26.500000 7 2.000000 4.168738 7.740695 -1.071050 -0.099380 1.157024 1.157024 
26.500000 8 2.000000 5.972439 4.469311 0.652725 -0.757595 1.000000 1.000000 
26.500000 9 2.000000 8.987805 15.653695 -0.245155 -0.762509 0.641522 0.641522 
26.500000 10 2.000000 12.040203 12.857213 0.754872 -0.811680 1.228656 1.228656 
26.500000 11 2.000000 3.332799 8.781574 -1.075099 -0.042433 1.157639 1.157639 
26.500000 12 2.000000 18.123867 19.999999 0.372627 -1.045018 1.230913 1.230913 
26.500000 13 2.000000 5.112874 14.063723 -0.810529 0.299591 0.746712 0.746712 
26.500000 14 2.000000 11.636449 16.050257 0.418999 -0.907987 1.000000 1.000000 
26.500000 15 2.000000 15.514857 8.224519 -0.608187 -0.822549 1.046479 1.046479 
26.500000 16 2.000000 18.107592 16.797239 -0.842916 0.970932 1.653215 1.653215 
26.500000 17 2.000000 2.063250 7.220142 -0.620710 -0.784040 1.000000 1.000000 
26.500000 18 2.000000 13.152967 4.714430 0.942865 0.333175 1.000000 1.000000 
26.500000 19 2.000000 6.056002 3.277652 0.458788 0.851338 0.935263 0.935263 
26.500000 20 2.000000 13.112891 3.086659 -0.673687 0.801729 1.096624 1.096624 
26.500000 21 2.000000 4.883551 0.200123 -0.709878 -0.773433 1.102126 1.102126 
26.500000 22 2.000000 2.180971 18.208464 -0.096866 -0.995297 1.000000 1.000000 
26.500000 23 2.000000 15.162278 9.878580 -0.454254 0.840735 0.913182 0.913182 
26.500000 24 2.000000 0.208471 13.993803 1.042352 -0.257225 1.152661 1.152661 
26.500000 25 2.000000 2.099136 5.545493 -0.458699 1.179892 1.602550 1.602550 
26.500000 26 2.000000 3.041220 3.681999 1.267175 -0.021055 1.606175 1.606175 
26.500000 27 2.000000 14.122418 14.311647 -1.074294 -0.058391 1.157517 1.157517 
26.500000 28 2.000000 6.893264 9.284173 -0.164392 1.018855 1.065090 1.065090 
26.500000 29 2.000000 17.221089 5.432170 0.219081 -1.124929 1.313462 1.313462 
26.500000 30 2.000000 0.261259 12.887456 0.145143 0.209731 0.065054 0.065054 
26.500000 31 2.000000 17.767311 10.448815 0.769148 0.639071 1.000000 1.000000 
26.500000 32 2.000000 0.228669 4.580605 -0.503048 -0.229116 0.305551 0.305551 
26.500000 33 2.000000 10.584774 7.628979 -1.222257 -0.707693 1.994742 1.994742 
26.500000 34 2.000000 12.353887 17.057278 -0.070644 0.997502 1.000000 1.000000 
26.500000 35 2.000000 12.089009 6.165613 -1.328465 -0.393554 1.919706 1.919706 
26.500000 36 2.000000 6.864995 4.786397 -0.926498 0.525978 1.135052 1.135052 
26.500000 37 2.000000 5.737011 2.895725 -0.261361 0.965241 1.000000 1.000000 
26.500000 38 2.000000 13.322363 7.597867 -0.917168 0.540773 1.133634 1.133634 
26.500000 39 2.000000 6.443052 9.472021 0.207408 0.060738 0.046707 0.046707 
26.500000 40 2.000000 8.786243 2.912758 -0.392357 1.188880 1.567380 1.567380 
26.500000 41 2.000000 10.290348 11.222783 0.071913 -0.997411 1.000000 1.000000 
26.500000 42 2.000000 4.094819 15.131076 0.448385 -0.717834 0.716335 0.716335 
26.500000 43 2.000000 9.776749 14.253396 -0.259230 -0.965816 1.000000 1.000000 
26.500000 44 2.000000 2.312875 13.223845 1.075755 0.022114 1.157739 1.157739 
26.500000 45 2.000000 5.781626 17.632043 0.287205 0.911205 0.912781 0.912781 
26.500000 46 2.000000 1.172618 11.739842 -0.263251 -1.321625 1.815994 1.815994 
26.500000 47 2.000000 2.109846 5.031091 -0.924255 0.529588 1.134711 1.134711 
26.500000 48 2.000000 10.166961 14.866047 1.006630 -0.041128 1.014995 1.014995 
26.500000 49 2.000000 3.152867 2.521446 -1.052782 0.720413 1.627344 1.627344 
26.500000 50 2.000000 6.452507 4.396180 -0.319714 -0.808307 0.755577 0.755577 
26.500000 51 2.000000 2.956989 19.898581 -1.064188 -1.014175 2.161048 2.161048 
26.500000 52 2.000000 14.912265 2.310594 -1.084342 0.733521 1.713852 1.713852 
26.500000 53 2.000000 1.010509 16.034510 -0.124755 0.228270 0.067671 0.067671 
26.500000 54 2.000000 0.577293 17.321989 1.154584 0.223772 1.383139 1.383139 
26.500000 55 2.000000 12.184984 5.507697 0.926615 -0.376012 1.000000 1.000000 
26.500000 56 2.000000 13.715686 10.549887 0.244973 -1.125013 1.325667 1.325667 
26.500000 57 2.000000 2.927300 2.849252 0.022925 0.999737 1.000000 1.000000 
26.500000 58 2.000000 3.535771 13.048509 -0.838666 1.144000 2.012097 2.012097 
26.500000 59 2.000000 15.706298 3.513265 0.708011 -0.393143 0.655840 0.655840 
26.500000 60 2.000000 13.511987 18.852239 0.386913 0.320001 0.252102 0.252102 
26.500000 61 2.000000 9.122137 9.772846 1.177050 -0.153005 1.408857 1.408857 
26.500000 62 2.000000 16.746306 5.978827 0.034622 -1.019309 1.040190 1.040190 
26.500000 63 2.000000 9.579015 4.709837 -0.150264 -0.711845 0.529303 0.529303 
26.500000 64 2.000000 2.321172 9.944509 -0.044393 -0.491999 0.244034 0.244034 
26.500000 65 2.000000 18.436537 11.638437 -0.521880 -1.093015 1.467040 1.467040 
26.500000 66 2.000000 15.935534 18.872590 0.541949 0.138696 0.312946 0.312946 
26.500000 67 2.000000 8.026451 16.751241 1.035671 -0.018454 1.072955 1.072955 
26.500000 68 2.000000 8.718576 4.736465 -0.998226 0.386650 1.145954 1.145954 
26.500000 69 2.000000 2.541311 2.287877 -1.051865 0.330867 1.215893 1.215893 
26.500000 70 2.000000 18.292336 10.816492 -0.129123 0.486577 0.253430 0.253430 
26.500000 71 2.000000 7.938834 2.680464 -0.726002 0.315769 0.626789 0.626789 
26.500000 72 2.000000 17.680817 17.233308 0.698924 -0.852071 1.214520 1.214520 
26.500000 73 2.000000 3.678403 19.355191 0.421948 -1.172378 1.552509 1.552509 
26.500000 74 2.000000 15.405916 11.915319 -1.195123 -0.005183 1.428347 1.428347 
26.500000 75 2.000000 14.371490 4.787243 -0.935380 -0.511337 1.136402 1.136402 
26.500000 76 2.000000 3.256552 3.605701 -1.042020 0.300223 1.175939 1.175939 
26.500000 77 2.000000 12.695892 10.997512 0.622348 0.782741 1.000000 1.000000 
26.500000 78 2.000000 0.124832 17.243650 -0.507997 -0.861359 1.000000 1.000000 
26.500000 79 2.000000 4.968645 16.080540 -0.019110 1.256061 1.578054 1.578054 
26.500000 80 2.000000 4.350031 7.134223 -0.600643 -0.869309 1.116470 1.116470 
26.500000 81 2.000000 6.852346 7.464867 0.048661 -0.998815 1.000000 1.000000 
26.500000 82 2.000000 18.672779 4.806375 0.893434 0.449194 1.000000 1.000000 
26.500000 83 2.000000 13.081515 16.482309 -0.552042 -0.879422 1.078134 1.078134 
26.500000 84 2.000000 5.200683 6.478319 1.432098 0.036109 2.052208 2.052208 
26.500000 85 2.000000 6.483342 13.530519 0.405209 0.914224 1.000000 1.000000 
26.500000 86 2.000000 2.534559 0.250829 -0.548585 0.836095 1.000000 1.000000 
26.500000 87 2.000000 17.740122 12.254044 -0.873251 0.603647 1.126958 1.126958 
26.500000 88 2.000000 6.169756 9.142998 -0.294680 -0.723800 0.610723 0.610723 
26.500000 89 2.000000 0.713709 6.120290 -0.422088 0.948882 1.078535 1.078535 
26.500000 90 2.000000 10.109159 10.634048 0.919014 -0.502171 1.096763 1.096763 
26.500000 91 2.000000 10.072264 8.537207 -0.745995 0.742366 1.107615 1.107615 
26.500000 92 2.000000 17.873431 15.936472 0.118730 0.992927 1.000000 1.000000 
26.500000 93 2.000000 16.426219 1.048181 -1.107491 -0.529325 1.506723 1.506723 
26.500000 94 2.000000 12.294896 17.038602 0.700564 -0.713590 1.000000 1.000000 
26.500000 95 2.000000 2.492916 18.876141 -1.075741 -0.022754 1.157737 1.157737 
26.500000 96 2.000000 18.302721 13.762276 0.833837 -0.552011 1.000000 1.000000 
26.500000 97 2.000000 17.295685 18.251999 -0.716926 -0.129481 0.530748 0.530748 
26.500000 98 2.000000 7.912507 2.596982 0.546695 1.154214 1.631085 1.631085 
26.500000 99 2.000000 2.441198 16.050469 -0.285186 -0.705273 0.578741 0.578741 
26.500000 100 2.000000 14.250236 15.153243 0.702337 0.870876 1.251703 1.251703 
26.500000 101 2.000000 14.649987 10.102519 0.999999 0.001369 1.000000 1.000000 
26.500000 102 2.000000 3.646406 16.275636 0.848001 0.529994 1.000000 1.000000 
26.500000 103 2.000000 7.803724 9.652792 -0.259212 -0.490319 0.307604 0.307604 
26.500000 104 2.000000 8.239091 9.104832 0.280252 -0.959927 1.000000 1.000000 
26.500000 105 2.000000 5.129028 12.906576 -0.978848 -0.101801 0.968508 0.968508 
26.500000 106 2.000000 11.261728 4.649953 -0.004525 0.999990 1.000000 1.000000 
26.500000 107 2.000000 14.847760 0.219777 -0.231447 0.042967 0.055414 0.055414 
26.500000 108 2.000000 7.860726 17.556313 -1.134776 0.395382 1.444043 1.444043 
26.500000 109 2.000000 12.469591 17.269987 0.788175 0.358977 0.750084 0.750084 
26.500000 110 2.000000 0.278712 0.435833 0.796316 1.089579 1.821302 1.821302 
26.500000 111 2.000000 9.853353 8.773520 -0.578540 0.295503 0.422030 0.422030 
26.500000 112 2.000000 4.820286 9.903654 -0.614127 0.842864 1.087571 1.087571 
26.500000 113 2.000000 5.556249 2.561106 1.019495 -0.892272 1.835520 1.835520 
26.500000 114 2.000000 9.009287 17.689600 -0.984323 0.418268 1.143841 1.143841 
26.500000 115 2.000000 17.684491 14.054966 0.012216 0.041528 0.001874 0.001874 
26.500000 116 2.000000 15.558298 12.814514 -0.674056 1.119171 1.706896 1.706896 
26.500000 117 2.000000 4.835362 19.700723 -1.052884 -0.213768 1.154262 1.154262 
26.500000 118 2.000000 17.533486 17.720529 0.055789 0.643997 0.417845 0.417845 
26.500000 119 2.000000 6.448456 0.670607 0.877341 -0.197354 0.808675 0.808675 
26.500000 120 2.000000 9.664562 13.839721 -1.063103 -0.160087 1.155816 1.155816 
26.500000 121 2.000000 18.229240 10.951095 0.642838 -0.723854 0.937205 0.937205 
26.500000 122 2.000000 1.979492 13.855975 0.565569 -0.824701 1.000000 1.000000 
26.500000 123 2.000000 6.979400 17.989401 0.081874 0.996643 1.000000 1.000000 
26.500000 124 2.000000 4.255627 6.647774 -1.020030 -0.176592 1.071645 1.071645 
26.500000 125 2.000000 2.827754 14.746768 0.975087 -0.437769 1.142437 1.142437 
26.500000 126 2.000000 13.637098 9.435670 -1.020734 0.327838 1.149376 1.149376 
26.500000 127 2.000000 7.510453 0.345966 0.708533 0.113431 0.514886 0.514886 
26.500000 128 2.000000 11.421609 15.099276 -0.118822 0.431383 0.200210 0.200210 
26.500000 129 2.000000 7.598308 0.088021 -1.160630 -0.164637 1.374166 1.374166 
26.500000 130 2.000000 3.657874 18.154873 -0.572283 -0.820056 1.000000 1.000000 
26.500000 131 2.000000 2.040049 10.853150 0.230514 -0.973069 1.000000 1.000000 
26.500000 132 2.000000 1.720738 4.617213 0.819399 0.221981 0.720690 0.720690 
26.500000 133 2.000000 13.916190 5.896343 -0.116291 -0.993215 1.000000 1.000000 
26.500000 134 2.000000 3.612273 9.190959 1.047036 0.238935 1.153373 1.153373 
26.500000 135 2.000000 4.154972 11.962131 -0.429917 -0.281681 0.264172 0.264172 
26.500000 136 2.000000 9.209425 9.648724 -0.670898 -0.089154 0.458052 0.458052 
26.500000 137 2.000000 0.907948 7.962264 0.432356 -0.901703 1.000000 1.000000 
26.500000 138 2.000000 2.078639 5.858193 0.944835 -0.495101 1.137839 1.137839 
26.500000 139 2.000000 15.603170 12.802180 0.829956 0.557829 1.000000 1.000000 
26.500000 140 2.000000 16.608031 17.172415 -0.599169 0.852229 1.085298 1.085298 
26.500000 141 2.000000 16.772022 10.425062 -0.073849 -0.653579 0.432620 0.432620 
26.500000 142 2.000000 0.113593 14.722945 -0.638580 0.237098 0.464000 0.464000 
26.500000 143 2.000000 4.502577 8.605568 0.849543 -0.527520 1.000000 1.000000 
26.500000 144 2.000000 10.873924 7.223580 -0.268158 -0.685882 0.542343 0.542343 
26.500000 145 2.000000 8.157733 19.956495 0.492914 -0.870078 1.000000 1.000000 
26.500000 146 2.000000 3.323239 10.751781 -0.066355 -1.401245 1.967891 1.967891 
26.500000 147 2.000000 9.993113 14.943482 -0.817211 0.175311 0.698568 0.698568 
26.500000 148 2.000000 7.922458 2.676017 0.686114 0.789021 1.093307 1.093307 
26.500000 149 2.000000 17.920916 8.766355 -0.895666 0.079146 0.808482 0.808482 
26.500000 150 2.000000 16.553769 4.921688 -1.075970 0.007705 1.157771 1.157771 
26.500000 151 2.000000 15.888345 1.248448 0.714083 -0.700061 1.000000 1.000000 
26.500000 152 2.000000 2.960586 1.928568 -0.934545 -0.515193 1.138798 1.138798 
26.500000 153 2.000000 10.955341 12.636281 -0.841766 -0.643120 1.122172 1.122172 
26.500000 154 2.000000 3.950556 13.620078 -0.516371 -0.856365 1.000000 1.000000 
26.500000 155 2.000000 18.519885 9.312192 -0.183574 -1.101836 1.247741 1.247741 
26.500000 156 2.000000 17.683558 8.897929 0.758951 -0.651148 1.000000 1.000000 
26.500000 157 2.000000 13.549442 2.136979 0.999959 -0.009083 1.000000 1.000000 
26.500000 158 2.000000 13.710609 8.510921 -1.073763 0.066854 1.157436 1.157436 
26.500000 159 2.000000 5.534360 17.552067 0.383001 -0.923748 1.000000 1.000000 
26.500000 160 2.000000 7.371144 15.055848 0.969887 -0.243554 1.000000 1.000000 
26.500000 161 2.000000 2.514218 11.878042 0.210395 0.977617 1.000000 1.000000 
26.500000 162 2.000000 6.660702 1.672798 -1.053004 -0.213222 1.154281 1.154281 
26.500000 163 2.000000 0.476669 14.678638 0.340477 -1.043404 1.204617 1.204617 
26.500000 164 2.000000 4.363343 5.205421 0.581779 0.813347 1.000000 1.000000 
26.500000 165 2.000000 4.949505 15.338732 -0.601781 0.002166 0.362145 0.362145 
26.500000 166 2.000000 0.047289 5.053202 0.945766 -0.159374 0.919873 0.919873 
26.500000 167 2.000000 4.812725 16.292889 1.069494 -0.113882 1.156787 1.156787 
26.500000 168 2.000000 12.469936 14.676634 0.887540 0.460731 1.000000 1.000000 
26.500000 169 2.000000 3.135632 1.050645 -0.273415 -0.961896 1.000000 1.000000 
26.500000 170 2.000000 11.104206 18.462755 -0.924381 0.529386 1.134730 1.134730 
26.500000 171 2.000000 4.448427 19.433469 -0.878727 -0.596347 1.127790 1.127790 
26.500000 172 2.000000 11.173493 15.730454 -1.053520 -0.210842 1.154359 1.154359 
26.500000 173 2.000000 2.517996 16.764509 0.899284 -0.567630 1.130915 1.130915 
26.500000 174 2.000000 3.033571 6.949377 -0.815684 0.624705 1.055597 1.055597 
26.500000 175 2.000000 4.627976 13.739870 -0.200330 -0.461578 0.253186 0.253186 
26.500000 176 2.000000 13.452505 19.602488 -0.685944 0.196327 0.509064 0.509064 
26.500000 177 2.000000 13.408982 5.193107 -0.405370 0.944201 1.055840 1.055840 
26.500000 178 2.000000 11.057446 11.746619 -0.905274 -0.467032 1.037639 1.037639 
26.500000 179 2.000000 12.002216 1.046445 -1.073672 -0.068202 1.157422 1.157422 
26.500000 180 2.000000 8.233718 18.650781 -0.152403 -0.490625 0.263939 0.263939 
26.500000 181 2.000000 1.415400 11.349669 -0.908178 -0.554508 1.132267 1.132267 
26.500000 182 2.000000 15.099369 5.926192 0.071738 -0.896421 0.808717 0.808717 
26.500000 183 2.000000 13.298297 8.517141 0.203949 0.978982 1.000000 1.000000 
26.500000 184 2.000000 9.217156 6.633043 0.622781 1.078543 1.551112 1.551112 
26.500000 185 2.000000 12.627421 18.368952 -0.881123 -0.593108 1.128155 1.128155 
26.500000 186 2.000000 10.603906 11.022483 0.872749 -0.272970 0.836204 0.836204 
26.500000 187 2.000000 17.772313 15.066511 -0.777810 0.712365 1.112451 1.112451 
26.500000 188 2.000000 15.083887 11.424879 -0.926434 -0.526081 1.135042 1.135042 
26.500000 189 2.000000 8.575029 17.563681 -0.976556 -0.438976 1.146361 1.146361 
26.500000 190 2.000000 7.227973 2.209616 -1.035036 0.283284 1.151549 1.151549 
26.500000 191 2.000000 13.194645 13.453978 -0.753846 -0.808151 1.221392 1.221392 
26.500000 192 2.000000 5.727851 13.637018 -0.723537 -0.762034 1.104202 1.104202 
26.500000 193 2.000000 14.543803 19.362139 0.061732 1.148288 1.322375 1.322375 
26.500000 194 2.000000 1.311851 9.818422 -0.365687 0.541624 0.427084 0.427084 
26.500000 195 2.000000 0.419142 8.013915 1.047852 -0.235591 1.153498 1.153498 
26.500000 196 2.000000 17.879585 14.772540 0.979703 -0.864043 1.706388 1.706388 
26.500000 197 2.000000 1.702695 6.163076 1.174271 -0.313362 1.477109 1.477109 
26.500000 198 2.000000 2.909465 6.297241 -1.015722 -0.341938 1.148614 1.148614 
26.500000 199 2.000000 14.195122 5.115679 -1.237469 0.285328 1.612742 1.612742 
26.500000 200 2.000000 2.072971 11.652515 -0.024548 -0.999699 1.000000 1.000000 
26.500000 201 2.000000 4.671420 17.961540 -0.476717 -0.144226 0.248060 0.248060 
26.500000 202 2.000000 11.556488 0.514882 0.996249 0.086535 1.000000 1.000000 
26.500000 203 2.000000 11.647823 18.102225 -0.823580 0.664171 1.119408 1.119408 
26.500000 204 2.000000 14.942809 18.768957 -1.013949 -0.346772 1.148344 1.148344 
26.500000 205 2.000000 3.289193 9.199895 1.096397 0.288830 1.285510 1.285510 
26.500000 206 2.000000 5.354153 6.036478 0.923130 0.384489 1.000000 1.000000 
26.500000 207 2.000000 8.595772 8.518050 -0.465869 0.920870 1.065036 1.065036 
26.500000 208 2.000000 6.019553 13.089720 0.947961 0.305093 0.991712 0.991712 
26.500000 209 2.000000 4.520463 0.672304 0.913225 0.407456 1.000000 1.000000 
26.500000 210 2.000000 1.528866 15.802664 -1.053357 0.211599 1.154334 1.154334 
26.500000 211 2.000000 3.986959 3.051933 -0.495968 0.738410 0.791233 0.791233 
26.500000 212 2.000000 2.882995 18.612070 -0.842365 0.580022 1.046004 1.046004 
26.500000 213 2.000000 16.847062 15.747667 -1.036110 0.279623 1.151713 1.151713 
26.500000 214 2.000000 15.051174 1.248375 0.877619 -0.299339 0.859819 0.859819 
26.500000 215 2.000000 14.257620 4.288117 -0.331212 -0.966885 1.044568 1.044568 
26.500000 216 2.000000 10.767762 14.975123 0.642851 0.765991 1.000000 1.000000 
26.500000 217 2.000000 16.527587 5.786699 0.980866 0.194686 1.000000 1.000000 
26.500000 218 2.000000 1.858533 0.119598 -1.051874 -0.218336 1.154109 1.154109 
26.500000 219 2.000000 12.157067 18.207450 -1.280897 -0.133312 1.658469 1.658469 
26.500000 220 2.000000 3.779939 4.232884 -0.979985 0.427564 1.143182 1.143182 
26.500000 221 2.000000 13.052584 14.400997 0.815786 0.578353 1.000000 1.000000 
26.500000 222 2.000000 8.855857 10.493035 -0.245929 -0.081084 0.067056 0.067056 
26.500000 223 2.000000 12.871687 14.359244 0.997805 -0.066220 1.000000 1.000000 
26.500000 224 2.000000 1.113732 1.894976 -1.201627 0.347702 1.564804 1.564804 
26.500000 225 2.000000 18.337534 6.579005 0.873216 0.487334 1.000000 1.000000 
26.500000 226 2.000000 3.096435 18.847887 -0.911438 0.549585 1.132763 1.132763 
26.500000 227 2.000000 9.060901 2.559649 -0.911771 0.141650 0.851392 0.851392 
26.500000 228 2.000000 8.992119 0.834142 -0.732506 -1.183078 1.936237 1.936237 
26.500000 229 2.000000 15.388506 15.606780 1.061276 0.599005 1.485114 1.485114 
26.500000 230 2.000000 8.205172 0.697210 0.415460 -0.828325 0.858729 0.858729 
26.500000 231 2.000000 14.388905 3.637887 0.182931 1.233182 1.554200 1.554200 
26.500000 232 2.000000 7.337341 11.003568 0.028161 -0.999603 1.000000 1.000000 
26.500000 233 2.000000 9.136042 16.071714 -0.754870 -0.734259 1.108964 1.108964 
26.500000 234 2.000000 18.631960 11.938212 -0.044409 0.999013 1.000000 1.000000 
26.500000 235 2.000000 14.517608 17.909849 -0.373120 -0.803904 0.785480 0.785480 
26.500000 236 2.000000 2.987467 16.643003 1.030161 -0.244414 1.120969 1.120969 
26.500000 237 2.000000 10.020456 1.444187 0.068889 -0.997624 1.000000 1.000000 
26.500000 238 2.000000 11.912482 6.133926 -0.479486 1.214639 1.705254 1.705254 
26.500000 239 2.000000 15.433939 14.957249 -0.546437 0.882434 1.077282 1.077282 
26.500000 240 2.000000 1.593943 15.674227 0.559278 0.044624 0.314783 0.314783 
26.500000 241 2.000000 14.098668 10.913963 0.723009 -0.051741 0.525419 0.525419 
26.500000 242 2.000000 3.210650 1.761135 0.987892 0.440283 1.169780 1.169780 
26.500000 243 2.000000 9.585560 13.653580 0.998496 -0.054830 1.000000 1.000000 
26.500000 244 2.000000 8.799666 8.762685 0.999962 0.008722 1.000000 1.000000 
26.500000 245 2.000000 10.071285 10.964834 0.636555 -0.557987 0.716552 0.716552 
26.500000 246 2.000000 5.607447 3.920080 -1.182064 0.589486 1.744769 1.744769 
26.500000 247 2.000000 8.897263 5.604799 -0.550619 -0.810766 0.960523 0.960523 
26.500000 248 2.000000 3.029331 15.118849 0.318877 -0.947796 1.000000 1.000000 
26.500000 249 2.000000 12.331069 14.333731 -0.678570 -0.798066 1.097367 1.097367 
26.500000 250 2.000000 4.174957 2.154704 -0.182468 -0.983212 1.000000 1.000000 
26.500000 251 2.000000 2.251983 12.021917 1.072373 0.085098 1.157225 1.157225 
26.500000 252 2.000000 8.550628 17.494602 -1.061762 -0.168147 1.155612 1.155612 
26.500000 253 2.000000 16.535814 1.683570 0.341020 -0.866025 0.866294 0.866294 
26.500000 254 2.000000 13.451693 14.104593 -0.164599 0.909161 0.853666 0.853666 
26.500000 255 2.000000 18.417118 19.614962 1.000127 0.221655 1.049385 1.049385 
26.500000 256 2.000000 5.215285 10.981520 0.914962 -0.404073 1.000431 1.000431 
26.500000 257 2.000000 0.153519 3.681966 -1.070300 0.106616 1.156910 1.156910 
26.500000 258 2.000000 11.496821 10.186207 1.079514 -0.600232 1.525628 1.525628 
26.500000 259 2.000000 14.554931 7.665111 0.980130 0.198357 1.000000 1.000000 
26.500000 260 2.000000 13.239990 4.505665 0.268685 -0.679027 0.533270 0.533270 
26.500000 261 2.000000 7.025089 15.435473 0.218992 -0.298335 0.136961 0.136961 
26.500000 262 2.000000 13.978190 14.233295 0.315709 -0.263868 0.169299 0.169299 
26.500000 263 2.000000 11.793993 15.581604 -0.710804 -0.609434 0.876652 0.876652 
26.500000 264 2.000000 5.265196 5.449707 -0.010393 0.999946 1.000000 1.000000 
26.500000 265 2.000000 0.849113 0.192141 1.061390 -0.170310 1.155555 1.155555 
26.500000 266 2.000000 14.495826 1.475056 0.905716 -1.486528 3.030086 3.030086 
26.500000 267 2.000000 0.464006 5.131089 -0.224170 -0.631376 0.448888 0.448888 
26.500000 268 2.000000 11.918102 5.679333 0.421802 1.021979 1.222359 1.222359 
26.500000 269 2.000000 13.579034 1.238770 0.534608 -0.845100 1.000000 1.000000 
26.500000 270 2.000000 13.793081 18.289851 -0.508581 0.874915 1.024130 1.024130 
26.500000 271 2.000000 17.782333 18.235045 0.901911 0.764592 1.398044 1.398044 
26.500000 272 2.000000 3.678751 3.123365 -0.915607 0.543194 1.133396 1.133396 
26.500000 273 2.000000 14.752711 17.707189 -0.622867 0.837219 1.088900 1.088900 
26.500000 274 2.000000 7.252752 9.238890 0.906594 -0.422004 1.000000 1.000000 
26.500000 275 2.000000 8.972800 5.147503 0.889669 0.455732 0.999203 0.999203 
26.500000 276 2.000000 18.927274 17.706035 -0.695255 0.785190 1.099903 1.099903 
26.500000 277 2.000000 13.764272 3.121935 -0.503138 -0.726399 0.780804 0.780804 
26.500000 278 2.000000 18.707072 8.897042 0.025783 0.999668 1.000000 1.000000 
26.500000 279 2.000000 3.931830 16.472155 -0.564323 0.778469 0.924475 0.924475 
26.500000 280 2.000000 0.053794 7.308462 0.067242 0.270894 0.077905 0.077905 
26.500000 281 2.000000 9.270431 8.372336 0.931701 0.363225 1.000000 1.000000 
26.500000 282 2.000000 5.826409 10.202589 0.387332 -0.682504 0.615838 0.615838 
26.500000 283 2.000000 10.319848 3.399095 0.474743 -0.261210 0.293612 0.293612 
26.500000 284 2.000000 11.639502 2.748897 -0.339992 0.964525 1.045903 1.045903 
26.500000 285 2.000000 12.747583 9.526787 -1.070300 -0.106617 1.156910 1.156910 
26.500000 286 2.000000 15.583587 13.006202 0.495173 -0.868795 1.000000 1.000000 
26.500000 287 2.000000 3.509461 10.957922 -0.517944 -1.260662 1.857535 1.857535 
26.500000 288 2.000000 14.828510 2.187656 -1.041491 0.260435 1.152531 1.152531 
26.500000 289 2.000000 7.001296 5.081468 0.823682 -0.219373 0.726576 0.726576 
26.500000 290 2.000000 1.935109 1.045910 -0.892712 1.162121 2.147460 2.147460 
26.500000 291 2.000000 4.501481 6.060572 0.578456 1.091995 1.527064 1.527064 
26.500000 292 2.000000 17.024740 4.642130 0.510878 0.859653 1.000000 1.000000 
26.500000 293 2.000000 15.446693 9.399607 0.501189 -0.865338 1.000000 1.000000 
26.500000 294 2.000000 15.070434 14.179161 0.734438 -0.317363 0.640119 0.640119 
26.500000 295 2.000000 9.430731 12.655637 -0.429095 -0.935588 1.059446 1.059446 
26.500000 296 2.000000 13.389096 19.796276 0.579615 -0.814891 1.000000 1.000000 
26.500000 297 2.000000 4.919950 5.340318 0.768742 0.639559 1.000000 1.000000 
26.500000 298 2.000000 4.128964 9.952339 0.491543 -1.068900 1.384162 1.384162 
26.500000 299 2.000000 5.447809 12.779249 -0.513960 0.964472 1.194360 1.194360 
26.500000 300 2.000000 18.833774 16.609584 -1.099500 -0.358774 1.337619 1.337619 
26.500000 301 2.000000 12.828520 13.121122 0.872688 -0.249287 0.823729 0.823729 
26.500000 302 2.000000 15.821352 0.658318 0.607039 -0.328476 0.476393 0.476393 
26.500000 303 2.000000 14.876828 2.527227 -1.006511 0.366265 1.147214 1.147214 
26.500000 304 2.000000 1.570656 10.948974 -0.421929 -1.231432 1.694449 1.694449 
26.500000 305 2.000000 5.982132 8.095163 0.886242 -0.463223 1.000000 1.000000 
26.500000 306 2.000000 16.744701 16.397934 0.755968 0.654608 1.000000 1.000000 
26.500000 307 2.000000 2.507293 15.848741 -0.972034 -0.443985 1.141973 1.141973 
26.500000 308 2.000000 3.266803 3.952875 0.816700 0.577062 1.000000 1.000000 
26.500000 309 2.000000 8.573614 5.060654 0.816535 -0.360567 0.796737 0.796737 
26.500000 310 2.000000 7.744968 1.398279 0.173270 0.699139 0.518818 0.518818 
26.500000 311 2.000000 7.606187 11.462701 -0.938143 -0.506665 1.136822 1.136822 
26.500000 312 2.000000 11.753030 7.098056 0.987650 0.156679 1.000000 1.000000 
26.500000 313 2.000000 2.774413 17.920039 0.426833 -0.904331 1.000000 1.000000 
26.500000 314 2.000000 18.168538 16.026493 0.991623 0.041098 0.985005 0.985005 
26.500000 315 2.000000 7.266688 14.359836 -0.265429 -0.964131 1.000000 1.000000 
26.500000 316 2.000000 6.664969 8.857996 1.074995 0.044826 1.157623 1.157623 
26.500000 317 2.000000 12.466870 17.011519 0.833707 -0.456256 0.903237 0.903237 
26.500000 318 2.000000 17.264128 3.665153 0.908616 1.242424 2.369201 2.369201 
26.500000 319 2.000000 2.083803 10.931140 -0.082658 -0.996578 1.000000 1.000000 
26.500000 320 2.000000 2.151385 1.040924 1.075692 0.024823 1.157729 1.157729 
26.500000 321 2.000000 5.271558 8.387662 -0.429226 0.937169 1.062520 1.062520 
26.500000 322 2.000000 5.435401 8.008623 -0.185453 0.982653 1.000000 1.000000 
26.500000 323 2.000000 10.703410 17.610375 0.870196 -0.492706 1.000000 1.000000 
26.500000 324 2.000000 1.466890 10.372166 1.397038 0.224644 2.002179 2.002179 
26.500000 325 2.000000 12.805713 7.007460 -1.012376 -0.350999 1.148105 1.148105 
26.500000 326 2.000000 14.570589 14.986489 -0.172937 -0.108107 0.041594 0.041594 
26.500000 327 2.000000 14.581857 0.517881 0.905366 -0.086036 0.827089 0.827089 
26.500000 328 2.000000 3.693195 9.013666 -0.559016 -0.829157 1.000000 1.000000 
26.500000 329 2.000000 11.614000 2.915835 0.882020 0.894968 1.578927 1.578927 
26.500000 330 2.000000 2.761785 19.033028 1.042183 -0.257859 1.152636 1.152636 
26.500000 331 2.000000 2.029841 18.983483 -1.371541 0.022661 1.881639 1.881639 
26.500000 332 2.000000 14.769134 7.699981 0.034811 -0.911112 0.831338 0.831338 
26.500000 333 2.000000 16.389275 19.611308 -0.138724 0.998031 1.015310 1.015310 
26.500000 334 2.000000 4.186291 1.846126 -0.407797 0.146966 0.187897 0.187897 
26.500000 335 2.000000 2.268553 0.685706 0.405099 0.914273 1.000000 1.000000 
26.500000 336 2.000000 10.309530 11.065284 0.626719 0.779245 1.000000 1.000000 
26.500000 337 2.000000 12.004601 6.760368 0.212806 -0.977095 1.000000 1.000000 
26.500000 338 2.000000 13.160018 2.535542 0.144617 -0.989488 1.000000 1.000000 
26.500000 339 2.000000 13.484434 15.262403 -0.395699 -0.947519 1.054370 1.054370 
26.500000 340 2.000000 17.885684 18.859999 -0.923852 -0.530232 1.134650 1.134650 
26.500000 341 2.000000 12.706464 5.891859 -0.990505 -0.404574 1.144781 1.144781 
26.500000 342 2.000000 17.549350 2.690344 0.770904 0.169372 0.622981 0.622981 
26.500000 343 2.000000 12.105740 18.112941 -0.407290 -0.943529 1.056132 1.056132 
26.500000 344 2.000000 1.711971 6.373088 1.069981 0.109552 1.156861 1.156861 
26.500000 345 2.000000 15.571703 2.369913 -0.157847 0.987464 1.000000 1.000000 
26.500000 346 2.000000 7.168559 6.686935 1.054200 0.207666 1.154462 1.154462 
26.500000 347 2.000000 12.714246 5.301604 0.730390 0.358071 0.661684 0.661684 
26.500000 348 2.000000 3.358098 2.925512 0.671619 0.635981 0.855544 0.855544 
26.500000 349 2.000000 11.102256 6.935344 0.986867 0.161534 1.000000 1.000000 
26.500000 350 2.000000 16.593090 0.144545 0.948635 0.262807 0.968976 0.968976 
26.500000 351 2.000000 15.679559 16.472174 -0.483608 -0.972463 1.179561 1.179561 
26.500000 352 2.000000 8.861198 16.665563 -0.774858 0.715260 1.112002 1.112002 
26.500000 353 2.000000 18.992999 11.008484 -0.774445 -0.425131 0.780502 0.780502 
26.500000 354 2.000000 14.206248 16.382352 0.132849 -0.991136 1.000000 1.000000 
26.500000 355 2.000000 6.983497 9.193585 0.037341 0.999303 1.000000 1.000000 
26.500000 356 2.000000 10.582409 8.692866 1.113938 -0.790709 1.866077 1.866077 
26.500000 357 2.000000 9.223140 3.041869 -0.602732 -0.850032 1.085839 1.085839 
26.500000 358 2.000000 11.389242 10.897326 -0.674298 0.801274 1.096717 1.096717 
26.500000 359 2.000000 3.163989 18.118388 -1.128239 -0.470403 1.494202 1.494202 
26.500000 360 2.000000 1.691695 8.797110 1.127796 -0.578371 1.606437 1.606437 
26.500000 361 2.000000 4.852381 0.802610 0.789005 1.070145 1.767740 1.767740 
26.500000 362 2.000000 14.673093 3.485174 -0.740424 -0.786420 1.166684 1.166684 
26.500000 363 2.000000 12.408142 13.276967 -1.202687 -1.014549 2.475766 2.475766 
26.500000 364 2.000000 0.000001 0.453746 0.573009 -0.819549 1.000000 1.000000 
26.500000 365 2.000000 11.764205 19.816799 -1.028246 -0.305333 1.150517 1.150517 
26.500000 366 2.000000 11.594268 7.427064 -1.250907 -0.553369 1.870985 1.870985 
26.500000 367 2.000000 9.127124 7.362935 -0.575650 0.866227 1.081723 1.081723 
26.500000 368 2.000000 2.283553 6.785952 -0.064247 0.997934 1.000000 1.000000 
26.500000 369 2.000000 7.616358 10.511336 0.280208 0.959939 1.000000 1.000000 
26.500000 370 2.000000 3.959014 19.183915 -0.774960 0.715161 1.112018 1.112018 
26.500000 371 2.000000 12.378416 7.303087 -1.071529 0.094461 1.157096 1.157096 
26.500000 372 2.000000 5.426860 11.645410 -0.576339 0.865830 1.081828 1.081828 
26.500000 373 2.000000 14.070329 19.901930 0.901944 0.431853 1.000000 1.000000 
26.500000 374 2.000000 14.032543 14.092375 -0.148326 0.988939 1.000000 1.000000 
26.500000 375 2.000000 0.527541 2.044793 0.753628 -0.657301 1.000000 1.000000 
26.500000 376 2.000000 17.640400 10.611116 0.886492 0.285182 0.867197 0.867197 
26.500000 377 2.000000 17.529783 2.957834 -0.211162 -0.990824 1.026321 1.026321 
26.500000 378 2.000000 3.444295 17.916411 -0.552617 -0.833435 1.000000 1.000000 
26.500000 379 2.000000 3.992415 7.823011 -1.096315 0.191260 1.238487 1.238487 
26.500000 380 2.000000 15.553584 18.055195 0.099441 0.907100 0.832720 0.832720 
26.500000 381 2.000000 3.154064 17.423866 0.750967 -0.660547 1.000274 1.000274 
26.500000 382 2.000000 3.386866 1.218923 -0.195458 -0.520380 0.308999 0.308999 
26.500000 383 2.000000 7.030613 3.413581 -0.244092 -0.727172 0.588361 0.588361 
26.500000 384 2.000000 2.774376 15.499404 1.008864 -0.339794 1.133266 1.133266 
26.500000 385 2.000000 2.636384 16.124483 0.590517 -0.732562 0.885358 0.885358 
26.500000 386 2.000000 10.496209 5.850821 0.967392 0.253282 1.000000 1.000000 
26.500000 387 2.000000 0.657589 16.406284 -1.057041 -0.041033 1.119019 1.119019 
26.500000 388 2.000000 12.761887 9.046727 0.252625 0.967564 1.000000 1.000000 
26.500000 389 2.000000 13.173513 0.455568 -0.617482 -0.997726 1.376742 1.376742 
26.500000 390 2.000000 18.043892 16.668912 0.999662 -0.026016 1.000000 1.000000 
26.500000 391 2.000000 8.057680 1.490069 -1.239683 0.522831 1.810167 1.810167 
26.500000 392 2.000000 9.516763 7.278441 0.417997 -0.486567 0.411469 0.411469 
26.500000 393 2.000000 14.916666 4.109639 0.537929 -0.842990 1.000000 1.000000 
26.500000 394 2.000000 0.755484 13.954711 -0.646113 0.397281 0.575295 0.575295 
26.500000 395 2.000000 9.807534 8.059726 -0.040339 -0.999186 1.000000 1.000000 
26.500000 396 2.000000 12.126137 9.434755 -0.497322 0.163959 0.274212 0.274212 
26.500000 397 2.000000 0.880934 9.582416 -0.928028 -0.523497 1.135284 1.135284 
26.500000 398 2.000000 5.267767 8.619465 1.075054 0.043482 1.157632 1.157632 
26.500000 399 2.000000 4.282605 15.407085 -0.353924 -1.258333 1.708664 1.708664 
26.500000 400 2.000000 5.589641 9.028455 0.939435 -0.342726 1.000000 1.000000 
26.500000 401 2.000000 13.432546 19.480759 -0.828321 -0.706525 1.185293 1.185293 
26.500000 402 2.000000 7.408615 10.969531 -0.204196 1.246385 1.595172 1.595172 
26.500000 403 2.000000 10.878559 12.637144 -0.998289 -0.386502 1.145964 1.145964 
26.500000 404 2.000000 18.540867 0.049319 -0.199476 0.986352 1.012680 1.012680 
26.500000 405 2.000000 14.124616 17.796227 -0.956563 -0.473930 1.139622 1.139622 
26.500000 406 2.000000 12.171331 11.784965 -0.179070 -0.983836 1.000000 1.000000 
26.500000 407 2.000000 18.843443 7.065792 -1.035041 0.041293 1.073015 1.073015 
26.500000 408 2.000000 11.279848 7.103182 0.623300 -0.736350 0.930714 0.930714 
26.500000 409 2.000000 6.885564 19.309584 0.293627 0.955920 1.000000 1.000000 
26.500000 410 2.000000 13.368403 1.007111 -0.699717 0.915554 1.327844 1.327844 
26.500000 411 2.000000 7.617771 11.306911 0.629568 0.263344 0.465706 0.465706 
26.500000 412 2.000000 15.059395 3.577876 1.361149 -0.062561 1.856641 1.856641 
26.500000 413 2.000000 15.483101 16.998987 -0.726215 -0.759750 1.104609 1.104609 
26.500000 414 2.000000 12.041810 16.322665 -0.629591 0.832789 1.089922 1.089922 
26.500000 415 2.000000 16.624910 18.053515 0.471673 0.607150 0.591106 0.591106 
26.500000 416 2.000000 12.827707 8.550592 -0.986506 -0.803467 1.618754 1.618754 
26.500000 417 2.000000 15.999464 6.518928 1.045717 0.407433 1.259525 1.259525 
26.500000 418 2.000000 15.007902 9.269683 -0.657714 0.126157 0.448503 0.448503 
26.500000 419 2.000000 6.693190 8.076528 -0.250620 -0.552440 0.368001 0.368001 
26.500000 420 2.000000 9.827713 7.442954 0.212312 -0.977202 1.000000 1.000000 
26.500000 421 2.000000 2.345979 4.158624 -1.034828 0.265727 1.141479 1.141479 
26.500000 422 2.000000 3.965760 13.865442 0.447338 0.251338 0.263282 0.263282 
26.500000 423 2.000000 17.430185 17.462923 0.483518 0.875334 1.000000 1.000000 
26.500000 424 2.000000 2.260360 7.944841 0.922596 -0.532237 1.134459 1.134459 
26.500000 425 2.000000 4.905191 4.376227 -0.594941 0.216659 0.400895 0.400895 
26.500000 426 2.000000 11.834172 11.212120 -0.837869 0.373172 0.841281 0.841281 
26.500000 427 2.000000 6.070626 12.798964 1.110152 -0.305347 1.325675 1.325675 
26.500000 428 2.000000 16.872057 7.690775 -0.700794 0.780789 1.100745 1.100745 
26.500000 429 2.000000 15.870706 13.381882 0.941882 -0.335945 1.000000 1.000000 
26.500000 430 2.000000 3.981011 11.975167 -0.137202 -1.230667 1.533365 1.533365 
26.500000 431 2.000000 10.093339 6.925423 0.348670 -0.937246 1.000000 1.000000 
26.500000 432 2.000000 10.775853 18.276454 1.128361 -0.091922 1.281649 1.281649 
26.500000 433 2.000000 0.679720 18.743662 -0.696139 -0.717907 1.000000 1.000000 
26.500000 434 2.000000 0.932885 15.506623 -0.258151 0.919169 0.911513 0.911513 
26.500000 435 2.000000 13.256239 17.071835 1.550437 0.624149 2.793417 2.793417 
26.500000 436 2.000000 8.614091 15.306146 -0.360255 -1.341101 1.928335 1.928335 
26.500000 437 2.000000 9.932856 8.395717 -0.035287 -0.061732 0.005056 0.005056 
26.500000 438 2.000000 10.167540 13.088661 -0.464351 -0.921512 1.064805 1.064805 
26.500000 439 2.000000 16.930338 17.150133 0.998840 -0.048154 1.000000 1.000000 
26.500000 440 2.000000 7.958717 17.128284 -0.365312 0.930885 1.000000 1.000000 
26.500000 441 2.000000 8.818721 4.494031 0.632166 0.774833 1.000000 1.000000 
26.500000 442 2.000000 4.357648 17.506097 -1.075968 -0.007977 1.157771 1.157771 
26.500000 443 2.000000 13.530457 4.170682 0.367144 -0.656959 0.566390 0.566390 
26.500000 444 2.000000 12.227256 16.937210 -0.551977 0.792302 0.932421 0.932421 
26.500000 445 2.000000 10.562502 15.962141 0.773810 0.633418 1.000000 1.000000 
26.500000 446 2.000000 10.952251 1.517335 -0.862692 -0.617346 1.125353 1.125353 
26.500000 447 2.000000 16.033120 4.253982 -0.575600 -0.813895 0.993741 0.993741 
26.500000 448 2.000000 1.483749 16.294315 1.059820 0.179158 1.155317 1.155317 
26.500000 449 2.000000 6.862591 7.512482 -1.057362 0.192168 1.154943 1.154943 
26.500000 450 2.000000 15.537276 15.844246 -0.590916 -0.245903 0.409649 0.409649 
26.500000 451 2.000000 15.746960 16.107532 -0.810866 0.678212 1.117476 1.117476 
26.500000 452 2.000000 6.466366 8.595459 0.943995 0.329960 1.000000 1.000000 
26.500000 453 2.000000 5.040831 5.789847 -1.123772 0.681158 1.726840 1.726840 
26.500000 454 2.000000 14.259669 13.169985 0.030799 -1.196667 1.432961 1.432961 
26.500000 455 2.000000 11.361638 7.242102 -0.208426 0.431077 0.229269 0.229269 
26.500000 456 2.000000 14.383250 5.241147 -0.640582 0.825377 1.091592 1.091592 
26.500000 457 2.000000 8.309780 0.679733 -0.699500 0.755258 1.059715 1.059715 
26.500000 458 2.000000 8.313078 0.379714 0.857018 0.584174 1.075740 1.075740 
26.500000 459 2.000000 8.663196 19.443991 0.648770 -0.213849 0.466635 0.466635 
26.500000 460 2.000000 10.955166 4.418688 -0.994885 0.394526 1.145447 1.145447 
26.500000 461 2.000000 4.154902 9.719564 -0.582913 -0.693149 0.820243 0.820243 
26.500000 462 2.000000 12.199594 10.219167 0.991837 0.127513 1.000000 1.000000 
26.500000 463 2.000000 3.357916 18.318850 1.075096 -0.570794 1.481636 1.481636 
26.500000 464 2.000000 6.450324 14.701020 -1.033450 0.288598 1.151308 1.151308 
26.500000 465 2.000000 5.551848 6.563056 -0.981239 -0.424904 1.143372 1.143372 
26.500000 466 2.000000 4.158402 11.064300 0.704814 -0.703598 0.991813 0.991813 
26.500000 467 2.000000 7.415111 10.913307 -1.040415 -0.264395 1.152367 1.152367 
26.500000 468 2.000000 15.121947 12.346600 0.371793 0.928316 1.000000 1.000000 
26.500000 469 2.000000 17.061227 10.870555 0.991932 0.126773 1.000000 1.000000 
26.500000 470 2.000000 8.913228 16.300225 -0.316298 -0.948660 1.000000 1.000000 
26.500000 471 2.000000 14.170902 2.004943 0.743879 0.668314 1.000000 1.000000 
26.500000 472 2.000000 0.277294 14.371878 -0.745588 0.742733 1.107553 1.107553 
26.500000 473 2.000000 0.676960 17.865780 -1.028056 0.305923 1.150489 1.150489 
26.500000 474 2.000000 15.757036 3.808688 0.136357 1.620718 2.645319 2.645319 
26.500000 475 2.000000 11.374866 6.535247 -1.067477 0.130278 1.156481 1.156481 
26.500000 476 2.000000 0.246027 19.134016 0.820086 -0.412373 0.842593 0.842593 
26.500000 477 2.000000 16.726295 3.535906 -1.002555 0.376160 1.146612 1.146612 
26.500000 478 2.000000 1.024928 13.727745 -0.305734 0.421606 0.271225 0.271225 
26.500000 479 2.000000 1.434691 12.762263 0.105598 -1.104203 1.230416 1.230416 
26.500000 480 2.000000 15.086643 8.077336 0.739541 0.673111 1.000000 1.000000 
26.500000 481 2.000000 0.098170 6.947958 -0.848227 0.986159 1.691999 1.691999 
26.500000 482 2.000000 0.819141 6.779269 0.105696 1.149028 1.331438 1.331438 
26.500000 483 2.000000 18.271637 4.789258 -0.553259 0.878763 1.078319 1.078319 
26.500000 484 2.000000 17.662264 17.443501 0.924726 0.380634 1.000000 1.000000 
26.500000 485 2.000000 9.911040 5.301428 0.774096 0.980386 1.560382 1.560382 
26.500000 486 2.000000 12.611213 5.656388 0.425365 0.905022 1.000000 1.000000 
26.500000 487 2.000000 0.100551 13.802629 0.335167 0.942159 1.000000 1.000000 
26.500000 488 2.000000 12.347945 15.526649 0.464045 -0.885812 1.000000 1.000000 
26.500000 489 2.000000 5.777703 19.155439 -0.475721 0.968931 1.165137 1.165137 
26.500000 490 2.000000 12.903082 15.856049 -0.953777 -0.479069 1.139198 1.139198 
26.500000 491 2.000000 10.860454 16.905196 -1.073993 0.063325 1.157471 1.157471 
26.500000 492 2.000000 1.294844 6.562698 1.438714 -0.758181 2.644738 2.644738 
26.500000 493 2.000000 12.358138 16.300575 -0.432932 0.934130 1.060030 1.060030 
26.500000 494 2.000000 2.207070 4.440017 -0.630249 0.645411 0.813768 0.813768 
26.500000 495 2.000000 14.847337 1.715395 -0.791757 0.317666 0.727790 0.727790 
26.500000 496 2.000000 7.862222 9.986417 1.001557 -0.682062 1.468324 1.468324 
26.500000 497 2.000000 1.521131 17.417291 -0.741738 0.792697 1.178544 1.178544 
26.500000 498 2.000000 4.584870 12.826864 1.146217 0.285343 1.395235 1.395235 
26.500000 499 2.000000 17.253846 5.083585 0.597381 -0.801958 1.000000 1.000000 
26.500000 500 2.000000 1.238004 11.959074 -0.835977 0.649950 1.121293 1.121293 
