773.000000 1 2.000000 0.907099 14.891613 -1.858003 -4.513697 23.825637 23.825637 
773.000000 2 2.000000 0.428196 16.853626 -1.906011 -4.840574 27.064038 27.064038 
773.000000 3 2.000000 0.448677 4.671951 -5.513225 0.307586 30.490253 30.490253 
773.000000 4 2.000000 0.537685 9.972256 -1.849255 3.910688 18.713224 18.713224 
773.000000 5 2.000000 0.465772 18.501350 -0.238240 -2.913403 8.544677 8.544677 
773.000000 6 2.000000 0.302953 14.712273 -1.394092 0.666195 2.387309 2.387309 
773.000000 7 2.000000 0.148375 9.595703 -2.433210 5.046766 31.390365 31.390365 
773.000000 8 2.000000 0.279957 19.945133 2.799561 -1.097324 9.041662 9.041662 
773.000000 9 2.000000 0.662033 5.163438 3.310158 0.825214 11.638126 11.638126 
773.000000 10 2.000000 0.312910 14.276745 3.129088 -3.270431 20.486907 20.486907 
773.000000 11 2.000000 0.705482 7.734945 3.527407 -1.887556 16.005467 16.005467 
773.000000 12 2.000000 0.184144 14.882843 -0.003971 -2.354660 5.544440 5.544440 
773.000000 13 2.000000 0.786685 9.280706 0.252582 2.477038 6.199515 6.199515 
773.000000 14 2.000000 0.392344 9.761548 0.369244 1.833908 3.499558 3.499558 
773.000000 15 2.000000 0.197583 4.249658 -1.604832 -2.524940 8.950809 8.950809 
773.000000 16 2.000000 0.704275 2.011331 4.695158 1.610994 24.639809 24.639809 
773.000000 17 2.000000 0.509006 4.961141 5.090050 -4.207722 43.613533 43.613533 
773.000000 18 2.000000 0.354053 15.147862 3.540524 0.740798 13.084090 13.084090 
773.000000 19 2.000000 0.153022 16.505064 -1.882172 6.734620 48.897671 48.897671 
773.000000 20 2.000000 0.169278 0.877002 0.014384 0.014880 0.000428 0.000428 
773.000000 21 2.000000 0.612051 16.396405 -0.337346 0.024789 0.114417 0.114417 
773.000000 22 2.000000 0.000001 13.333555 3.595776 -2.245327 17.971101 17.971101 
773.000000 23 2.000000 0.863782 10.184695 -2.724330 2.372074 13.048709 13.048709 
773.000000 24 2.000000 0.513633 4.217182 -4.863665 6.487970 65.748994 65.748994 
773.000000 25 2.000000 0.789763 17.075389 3.948809 -2.437175 21.532916 21.532916 
773.000000 26 2.000000 0.718863 16.994453 1.437724 -6.678992 46.675983 46.675983 
773.000000 27 2.000000 0.361452 18.020473 -0.440377 4.441624 19.921958 19.921958 
773.000000 28 2.000000 0.131140 3.996732 1.311388 -5.542494 32.438976 32.438976 
773.000000 29 2.000000 0.286247 1.736057 -4.758343 -2.045283 26.825014 26.825014 
773.000000 30 2.000000 0.999999 9.741454 -4.137517 -2.617761 23.971717 23.971717 
773.000000 31 2.000000 0.891415 11.635902 0.827474 -2.485509 6.862466 6.862466 
773.000000 32 2.000000 0.999999 5.856763 -2.305193 -1.259122 6.899300 6.899300 
773.000000 33 2.000000 0.575816 11.688149 -0.499038 -3.022491 9.384490 9.384490 
773.000000 34 2.000000 0.199299 13.082118 -2.001749 -2.445701 9.988452 9.988452 
773.000000 35 2.000000 0.845464 15.905668 1.300712 -6.823885 48.257253 48.257253 
773.000000 36 2.000000 0.022726 14.077139 -0.380394 1.077019 1.304670 1.304670 
773.000000 37 2.000000 0.690914 3.987405 0.060227 -5.057437 25.581295 25.581295 
773.000000 38 2.000000 0.999999 2.022964 -5.000645 -6.443509 66.525254 66.525254 
773.000000 39 2.000000 0.401160 7.084183 -2.994197 -2.191547 13.768095 13.768095 
773.000000 40 2.000000 0.000001 14.605912 1.421620 -2.838993 10.080885 10.080885 
773.000000 41 2.000000 0.796958 1.285750 3.984784 -5.306675 44.039302 44.039302 
773.000000 42 2.000000 0.513773 17.239192 2.568859 1.292119 8.268607 8.268607 
773.000000 43 2.000000 0.581055 9.058594 -1.396478 -7.576684 59.356290 59.356290 
773.000000 44 2.000000 0.341119 5.867834 -0.454400 -0.192410 0.243501 0.243501 
773.000000 45 2.000000 0.209746 18.647872 4.194906 4.678201 39.482806 39.482806 
773.000000 46 2.000000 0.000001 1.356056 6.414243 -3.773723 55.383503 55.383503 
773.000000 47 2.000000 0.173588 9.646109 1.735872 -2.916589 11.519740 11.519740 
773.000000 48 2.000000 0.422970 6.404996 0.465047 2.123603 4.725957 4.725957 
773.000000 49 2.000000 0.176828 7.530924 0.353654 -5.805893 33.833470 33.833470 
773.000000 50 2.000000 0.020389 11.688328 -0.345513 -1.551683 2.527098 2.527098 
773.000000 51 2.000000 0.193011 13.220155 -0.887522 -4.876246 24.565474 24.565474 
773.000000 52 2.000000 0.601518 17.345254 0.533469 2.257155 5.379336 5.379336 
773.000000 53 2.000000 0.624909 8.795292 1.388683 -1.737164 4.946180 4.946180 
773.000000 54 2.000000 0.557455 16.350092 2.787268 -0.496119 8.014999 8.014999 
773.000000 55 2.000000 0.462222 7.974414 -3.585181 -6.825098 59.435482 59.435482 
773.000000 56 2.000000 0.640620 8.059437 4.270792 -1.341972 20.040554 20.040554 
773.000000 57 2.000000 0.216446 4.657499 -3.134213 1.754687 12.902216 12.902216 
773.000000 58 2.000000 0.469739 2.493277 -1.515029 -2.043210 6.470019 6.470019 
773.000000 59 2.000000 0.803994 12.908625 1.339988 -0.144653 1.816491 1.816491 
773.000000 60 2.000000 0.545579 0.389100 -1.817680 1.111712 4.539865 4.539865 
773.000000 61 2.000000 0.000001 14.900624 2.763860 8.078485 72.900841 72.900841 
773.000000 62 2.000000 0.385624 14.935633 7.712462 -3.267333 70.157535 70.157535 
773.000000 63 2.000000 0.199959 12.322919 -4.000199 1.532222 18.349295 18.349295 
773.000000 64 2.000000 0.605853 6.933210 2.019506 3.013151 13.157484 13.157484 
773.000000 65 2.000000 0.000001 16.276496 3.437393 -2.957880 20.564722 20.564722 
773.000000 66 2.000000 0.806745 1.332826 0.672286 6.664127 44.862560 44.862560 
773.000000 67 2.000000 0.703355 13.179805 0.084442 -3.100088 9.617678 9.617678 
773.000000 68 2.000000 0.132084 17.436018 -2.893050 3.991693 24.303351 24.303351 
773.000000 69 2.000000 0.187025 15.741595 -0.188665 4.897584 24.021927 24.021927 
773.000000 70 2.000000 0.798005 8.343477 3.192014 -3.283527 20.970508 20.970508 
773.000000 71 2.000000 0.409426 19.570124 -3.937151 -4.298753 33.980440 33.980440 
773.000000 72 2.000000 0.585521 16.190642 -2.763190 2.227266 12.595932 12.595932 
773.000000 73 2.000000 0.178704 16.893386 -5.475297 -4.438019 49.674894 49.674894 
773.000000 74 2.000000 0.500973 16.583869 2.790595 2.265203 12.918567 12.918567 
773.000000 75 2.000000 0.998423 15.554913 2.218715 -1.814321 8.214456 8.214456 
773.000000 76 2.000000 0.893449 1.076240 4.467238 -3.256224 30.559214 30.559214 
773.000000 77 2.000000 0.120384 6.397745 2.407669 6.093090 42.922615 42.922615 
773.000000 78 2.000000 0.635219 11.256644 1.814910 -1.376899 5.189748 5.189748 
773.000000 79 2.000000 0.551064 5.471014 5.510628 -0.724114 30.891365 30.891365 
773.000000 80 2.000000 0.639908 7.254541 -3.600910 -8.493606 85.107888 85.107888 
773.000000 81 2.000000 0.543138 10.718764 -4.568608 -2.205668 25.737154 25.737154 
773.000000 82 2.000000 0.201807 18.141214 -0.139268 -0.837963 0.721577 0.721577 
773.000000 83 2.000000 0.551571 11.876398 -2.242141 -3.597587 17.969829 17.969829 
773.000000 84 2.000000 0.543530 17.042912 -1.521565 1.130005 3.592069 3.592069 
773.000000 85 2.000000 0.155382 3.297430 0.221973 -10.439105 109.024194 109.024194 
773.000000 86 2.000000 0.776688 3.997683 7.766866 0.642279 60.736729 60.736729 
773.000000 87 2.000000 0.757173 6.356208 1.177825 1.543634 3.770078 3.770078 
773.000000 88 2.000000 0.275481 4.772082 -0.371548 2.982551 9.033656 9.033656 
773.000000 89 2.000000 0.205348 17.784593 4.106934 6.310620 56.690834 56.690834 
773.000000 90 2.000000 0.756959 19.739355 0.323401 -0.473899 0.329168 0.329168 
773.000000 91 2.000000 0.406814 11.100380 -1.591417 -5.152539 29.081269 29.081269 
773.000000 92 2.000000 0.869826 11.764559 1.581501 3.348368 13.712710 13.712710 
773.000000 93 2.000000 0.394309 0.844120 -3.028452 4.220594 26.984938 26.984938 
773.000000 94 2.000000 0.904519 1.925757 -1.909603 -1.526711 5.977430 5.977430 
773.000000 95 2.000000 0.779769 6.395007 0.556977 0.047135 0.312445 0.312445 
773.000000 96 2.000000 0.760827 10.791458 -1.594477 1.919878 6.228289 6.228289 
773.000000 97 2.000000 0.790213 0.914370 3.951058 -5.623256 47.231863 47.231863 
773.000000 98 2.000000 0.603049 7.054390 4.020319 2.936772 24.787594 24.787594 
773.000000 99 2.000000 0.000001 16.999563 6.703214 -2.857558 53.098719 53.098719 
773.000000 100 2.000000 0.999999 14.861572 -11.149487 4.103843 141.152574 141.152574 
773.000000 101 2.000000 0.565190 8.245336 0.664928 0.189996 0.478227 0.478227 
773.000000 102 2.000000 0.783893 11.711917 -4.322125 -3.416958 30.356367 30.356367 
773.000000 103 2.000000 0.242352 8.340244 4.847018 0.357375 23.621304 23.621304 
773.000000 104 2.000000 0.845688 7.920032 -1.028738 -4.221967 18.883308 18.883308 
773.000000 105 2.000000 0.615627 6.010366 3.078131 -0.675116 9.930669 9.930669 
773.000000 106 2.000000 0.853619 4.883293 2.845392 -5.496984 38.313088 38.313088 
773.000000 107 2.000000 0.999999 2.808167 -5.309298 2.347084 33.697445 33.697445 
773.000000 108 2.000000 0.635567 8.483451 -1.822161 -1.986927 7.268150 7.268150 
773.000000 109 2.000000 0.347547 9.633547 -3.262259 1.592611 13.178741 13.178741 
773.000000 110 2.000000 0.968765 8.966240 4.843821 -5.516879 53.898556 53.898556 
773.000000 111 2.000000 0.000001 7.710900 6.604899 -3.611929 56.670728 56.670728 
773.000000 112 2.000000 0.057033 0.967472 0.380215 -7.182085 51.726915 51.726915 
773.000000 113 2.000000 0.461515 1.425340 -1.076969 -1.329900 2.928496 2.928496 
773.000000 114 2.000000 0.285747 11.378898 -3.571262 -1.604583 15.328596 15.328596 
773.000000 115 2.000000 0.508888 14.931987 -2.455557 -0.556338 6.339273 6.339273 
773.000000 116 2.000000 0.310439 5.983787 2.069585 -3.185503 14.430610 14.430610 
773.000000 117 2.000000 0.000001 10.292051 2.442360 2.584838 12.646514 12.646514 
773.000000 118 2.000000 0.561531 12.179946 -1.753873 3.929015 18.513225 18.513225 
773.000000 119 2.000000 0.353106 1.861060 -1.437540 -4.719874 24.343732 24.343732 
773.000000 120 2.000000 0.060428 2.883033 -2.684489 -0.990465 8.187502 8.187502 
773.000000 121 2.000000 0.258977 3.787135 5.179521 -2.756529 34.425885 34.425885 
773.000000 122 2.000000 0.769226 2.692505 7.692252 3.365630 70.498213 70.498213 
773.000000 123 2.000000 0.042862 9.857188 -6.380914 5.188533 67.636938 67.636938 
773.000000 124 2.000000 0.999999 0.279990 -6.457396 -3.622333 54.819257 54.819257 
773.000000 125 2.000000 0.402942 9.250828 -5.970572 -3.438914 47.473859 47.473859 
773.000000 126 2.000000 0.819555 14.932473 -1.202957 -5.334238 29.901203 29.901203 
773.000000 127 2.000000 0.921349 3.489500 0.541970 0.084788 0.300920 0.300920 
773.000000 128 2.000000 0.701560 17.746404 -0.657303 1.913228 4.092488 4.092488 
773.000000 129 2.000000 0.139687 15.873427 -0.998214 -3.407860 12.609942 12.609942 
773.000000 130 2.000000 0.367094 2.506380 -3.164525 -2.170505 14.725309 14.725309 
773.000000 131 2.000000 0.815235 9.794794 5.434895 0.920346 30.385121 30.385121 
773.000000 132 2.000000 0.999999 7.263492 -6.315393 -3.747035 53.924455 53.924455 
773.000000 133 2.000000 0.308831 13.308181 -3.455841 -1.341848 13.743392 13.743392 
773.000000 134 2.000000 0.789315 17.209358 -4.213685 0.271452 17.828823 17.828823 
773.000000 135 2.000000 0.105752 19.269074 -5.961644 -2.436415 41.477322 41.477322 
773.000000 136 2.000000 0.477345 6.896360 -2.090617 -1.768518 7.498336 7.498336 
773.000000 137 2.000000 0.805060 16.451577 2.683530 -0.395824 7.358007 7.358007 
773.000000 138 2.000000 0.157789 14.037900 -3.368839 1.170446 12.719022 12.719022 
773.000000 139 2.000000 0.483309 16.017078 -0.029619 3.051907 9.315014 9.315014 
773.000000 140 2.000000 0.810788 19.163757 2.316533 4.958689 29.954923 29.954923 
773.000000 141 2.000000 0.559229 6.795211 -2.938464 1.547112 11.028125 11.028125 
773.000000 142 2.000000 0.107984 2.621044 -1.486692 -3.796433 16.623155 16.623155 
773.000000 143 2.000000 0.558485 15.153488 -2.943424 -4.235709 26.604976 26.604976 
773.000000 144 2.000000 0.901566 7.120507 4.507827 3.229678 30.751320 30.751320 
773.000000 145 2.000000 0.916364 0.278291 1.345290 -1.958872 5.646986 5.646986 
773.000000 146 2.000000 0.890772 8.950157 1.194972 5.653629 33.391481 33.391481 
773.000000 147 2.000000 0.727403 0.083194 -5.451921 -4.237618 47.680850 47.680850 
773.000000 148 2.000000 0.743117 17.898740 1.651369 -6.003597 38.770192 38.770192 
773.000000 149 2.000000 0.867195 5.732322 0.086719 3.474134 12.077128 12.077128 
773.000000 150 2.000000 0.127995 6.951170 1.279943 -2.177496 6.379743 6.379743 
773.000000 151 2.000000 0.406012 4.478710 2.706742 0.475843 7.552877 7.552877 
773.000000 152 2.000000 0.399100 19.442678 3.990995 10.188645 119.736518 119.736518 
773.000000 153 2.000000 0.076706 16.155103 -2.063922 1.394638 6.204790 6.204790 
773.000000 154 2.000000 0.707700 4.158044 0.744946 2.028314 4.669002 4.669002 
773.000000 155 2.000000 0.999999 15.924710 -4.725783 1.088378 23.517587 23.517587 
773.000000 156 2.000000 0.461694 12.145612 -3.588703 -1.676402 15.689112 15.689112 
773.000000 157 2.000000 0.877876 17.683770 -1.221232 4.210421 19.219056 19.219056 
773.000000 158 2.000000 0.831344 13.958597 -0.120468 5.257835 27.659338 27.659338 
773.000000 159 2.000000 0.624550 0.448216 4.163662 2.988101 26.264830 26.264830 
773.000000 160 2.000000 0.612461 2.559522 -1.937690 -2.220338 8.684541 8.684541 
773.000000 161 2.000000 0.999999 17.246141 -2.280901 6.048471 41.786512 41.786512 
773.000000 162 2.000000 0.392889 8.828264 2.619253 1.411188 8.851938 8.851938 
773.000000 163 2.000000 0.109019 8.399622 -1.619964 1.249372 4.185213 4.185213 
773.000000 164 2.000000 0.705839 3.159511 -5.883193 1.755283 37.692975 37.692975 
773.000000 165 2.000000 0.150140 7.128346 -4.249297 0.086290 18.063972 18.063972 
773.000000 166 2.000000 0.934713 1.434929 0.890202 -0.973695 1.740542 1.740542 
773.000000 167 2.000000 0.671919 18.412536 3.801062 -3.763272 28.610291 28.610291 
773.000000 168 2.000000 0.636707 4.282886 -0.558911 -2.658161 7.378199 7.378199 
773.000000 169 2.000000 0.999999 1.562501 -1.857784 -1.038179 4.529178 4.529178 
773.000000 170 2.000000 0.330426 17.200545 0.300387 -1.302071 1.785622 1.785622 
773.000000 171 2.000000 0.074296 11.216722 -0.881622 -3.193919 10.978374 10.978374 
773.000000 172 2.000000 0.048872 3.728139 -0.388215 3.924356 15.551278 15.551278 
773.000000 173 2.000000 0.525690 7.785904 3.504593 -2.090557 16.652598 16.652598 
773.000000 174 2.000000 0.684336 11.015156 -6.313253 -0.665724 40.300351 40.300351 
773.000000 175 2.000000 0.429356 7.809786 -3.804285 6.247828 53.507940 53.507940 
773.000000 176 2.000000 0.786886 4.170556 -2.131130 -2.588146 11.240213 11.240213 
773.000000 177 2.000000 0.268222 1.187378 5.364417 -1.723633 31.747877 31.747877 
773.000000 178 2.000000 0.724080 15.273381 3.576311 -0.048219 12.792324 12.792324 
773.000000 179 2.000000 0.255561 16.377316 -1.654307 1.707847 5.653474 5.653474 
773.000000 180 2.000000 0.056181 19.377633 -3.775273 -3.111829 23.936168 23.936168 
773.000000 181 2.000000 0.517154 18.798922 0.719729 1.525475 2.845085 2.845085 
773.000000 182 2.000000 0.720172 8.368344 7.201706 -5.976154 87.578978 87.578978 
773.000000 183 2.000000 0.859861 13.668412 2.344355 -5.341897 34.031864 34.031864 
773.000000 184 2.000000 0.999999 6.153612 -10.118325 -0.013684 102.380696 102.380696 
773.000000 185 2.000000 0.000001 15.837115 1.158756 0.672566 1.795060 1.795060 
773.000000 186 2.000000 0.162021 12.298286 1.080130 -0.753874 1.735008 1.735008 
773.000000 187 2.000000 0.401170 16.651299 -2.395318 1.354155 7.571282 7.571282 
773.000000 188 2.000000 0.256584 14.335507 0.641457 -7.552655 57.454071 57.454071 
773.000000 189 2.000000 0.430932 10.060450 4.309306 3.326619 29.636510 29.636510 
773.000000 190 2.000000 0.194887 12.792179 -0.959257 2.816941 8.855330 8.855330 
773.000000 191 2.000000 0.611539 6.620521 -7.769191 -5.780543 93.775013 93.775013 
773.000000 192 2.000000 0.122781 7.667773 1.227798 1.490819 3.730029 3.730029 
773.000000 193 2.000000 0.358143 12.434873 3.581419 -2.527639 19.215525 19.215525 
773.000000 194 2.000000 0.073445 6.629422 1.468876 8.839227 80.289536 80.289536 
773.000000 195 2.000000 0.032914 19.564425 -2.563946 0.353291 6.698634 6.698634 
773.000000 196 2.000000 0.780112 11.252998 -0.732957 2.568892 7.136430 7.136430 
773.000000 197 2.000000 0.000001 15.674939 4.824219 0.943566 24.163406 24.163406 
773.000000 198 2.000000 0.999999 0.962414 -7.543025 -0.260733 56.965204 56.965204 
773.000000 199 2.000000 0.139699 2.791742 -1.911779 1.872929 7.162762 7.162762 
773.000000 200 2.000000 0.748794 8.911716 2.995170 1.204232 10.421220 10.421220 
773.000000 201 2.000000 0.502141 0.216685 0.456491 1.083418 1.382178 1.382178 
773.000000 202 2.000000 0.795769 1.220420 1.326280 0.118900 1.773156 1.773156 
773.000000 203 2.000000 0.242251 9.229448 1.615003 -2.077579 6.924570 6.924570 
773.000000 204 2.000000 0.866690 9.743450 -0.240553 3.066837 9.463358 9.463358 
773.000000 205 2.000000 0.373514 18.294979 -2.088284 0.489480 4.600518 4.600518 
773.000000 206 2.000000 0.450226 1.343124 -4.725391 -5.358043 51.037942 51.037942 
773.000000 207 2.000000 0.000001 13.351635 1.224164 -0.201973 1.539370 1.539370 
773.000000 208 2.000000 0.999999 11.352237 -0.317821 4.020256 16.263468 16.263468 
773.000000 209 2.000000 0.039105 10.334211 0.391041 -1.585539 2.666846 2.666846 
773.000000 210 2.000000 0.763290 15.356490 0.282482 -3.714807 13.879587 13.879587 
773.000000 211 2.000000 0.146752 9.792019 -2.133118 -2.156668 9.201408 9.201408 
773.000000 212 2.000000 0.634314 14.887986 2.537254 2.700587 13.730825 13.730825 
773.000000 213 2.000000 0.873724 17.082330 -2.525501 -4.168099 23.751208 23.751208 
773.000000 214 2.000000 0.494166 6.359458 1.745075 -5.426792 32.495361 32.495361 
773.000000 215 2.000000 0.692243 17.765559 6.922418 9.110542 130.921856 130.921856 
773.000000 216 2.000000 0.091219 16.571431 -6.058533 0.764126 37.289714 37.289714 
773.000000 217 2.000000 0.462980 0.000001 -2.022012 3.893313 19.246419 19.246419 
773.000000 218 2.000000 0.034470 7.185631 0.689372 1.940747 4.241735 4.241735 
773.000000 219 2.000000 0.777744 15.022238 3.888714 -1.026348 16.175487 16.175487 
773.000000 220 2.000000 0.920981 16.276027 2.046621 0.290823 4.273237 4.273237 
773.000000 221 2.000000 0.282766 11.873642 -1.479368 -0.833599 2.883418 2.883418 
773.000000 222 2.000000 0.764040 14.359367 -1.573063 -3.318019 13.483778 13.483778 
773.000000 223 2.000000 0.576329 8.427820 5.763275 3.380524 44.643285 44.643285 
773.000000 224 2.000000 0.541253 10.144472 10.825050 1.820507 120.495943 120.495943 
773.000000 225 2.000000 0.165075 19.999999 -1.048022 -5.678974 33.349099 33.349099 
773.000000 226 2.000000 0.847663 2.317053 8.476616 0.223573 71.903007 71.903007 
773.000000 227 2.000000 0.393107 2.013468 -4.045947 -5.635910 48.133161 48.133161 
773.000000 228 2.000000 0.000001 17.603350 8.593828 6.899866 121.462028 121.462028 
773.000000 229 2.000000 0.227652 13.291344 -2.574491 -0.233064 6.682324 6.682324 
773.000000 230 2.000000 0.973037 8.282234 4.865182 -2.971777 32.501454 32.501454 
773.000000 231 2.000000 0.999999 3.582481 -0.869356 -3.858307 15.642311 15.642311 
773.000000 232 2.000000 0.222750 10.776133 -3.982884 -0.770637 16.457247 16.457247 
773.000000 233 2.000000 0.490283 10.712826 -2.038863 -4.887986 28.049366 28.049366 
773.000000 234 2.000000 0.501942 6.361172 -2.400038 -2.945386 14.435484 14.435484 
773.000000 235 2.000000 0.314662 7.764105 -2.741348 -1.927663 11.230876 11.230876 
773.000000 236 2.000000 0.374833 9.255820 -6.251661 2.084421 43.428074 43.428074 
773.000000 237 2.000000 0.000001 9.675398 6.904467 -6.122736 85.159557 85.159557 
773.000000 238 2.000000 0.477425 11.898139 -0.803960 1.306258 2.352661 2.352661 
773.000000 239 2.000000 0.727775 10.242645 -1.814826 0.119263 3.307819 3.307819 
773.000000 240 2.000000 0.116803 6.803476 -2.207990 2.119662 9.368187 9.368187 
773.000000 241 2.000000 0.483090 10.213379 1.073531 3.835182 15.861092 15.861092 
773.000000 242 2.000000 0.419419 14.475507 2.796120 9.504705 98.157695 98.157695 
773.000000 243 2.000000 0.873722 19.300308 5.824810 -2.798764 41.761490 41.761490 
773.000000 244 2.000000 0.012372 11.343242 -0.987627 0.919095 1.820142 1.820142 
773.000000 245 2.000000 0.777519 15.210275 -0.005644 2.908115 8.457165 8.457165 
773.000000 246 2.000000 0.099576 11.571505 -2.572636 4.628602 28.042409 28.042409 
773.000000 247 2.000000 0.541884 0.573163 3.612553 -6.054041 49.701953 49.701953 
773.000000 248 2.000000 0.721816 10.725750 0.120694 6.448155 41.593264 41.593264 
773.000000 249 2.000000 0.840397 5.440772 8.403959 -2.688382 77.853916 77.853916 
773.000000 250 2.000000 0.028789 9.942220 -2.428026 3.581171 18.720099 18.720099 
773.000000 251 2.000000 0.561622 9.817020 2.246484 -2.951588 13.758562 13.758562 
773.000000 252 2.000000 0.648857 17.491790 -0.398735 -0.002531 0.158996 0.158996 
773.000000 253 2.000000 0.449883 16.712916 -0.661456 -0.165248 0.464831 0.464831 
773.000000 254 2.000000 0.378466 13.385051 3.784651 -0.126361 14.339551 14.339551 
773.000000 255 2.000000 0.788702 15.658458 -2.112965 -10.454423 113.759589 113.759589 
773.000000 256 2.000000 0.580241 5.702800 3.868265 0.372603 15.102307 15.102307 
773.000000 257 2.000000 0.238880 19.933175 4.777579 0.127645 22.841552 22.841552 
773.000000 258 2.000000 0.382541 12.351597 1.912698 -0.352400 3.782598 3.782598 
773.000000 259 2.000000 0.367582 1.770726 2.450541 2.788163 13.779003 13.779003 
773.000000 260 2.000000 0.579026 11.637057 4.503339 -5.917210 55.293434 55.293434 
773.000000 261 2.000000 0.412802 15.429815 -2.935985 1.738407 11.642070 11.642070 
773.000000 262 2.000000 0.507185 5.431305 1.014367 -0.235397 1.084353 1.084353 
773.000000 263 2.000000 0.999999 14.013939 -4.194282 -0.065198 17.596252 17.596252 
773.000000 264 2.000000 0.933241 2.644770 0.440296 -0.451329 0.397558 0.397558 
773.000000 265 2.000000 0.456237 19.817767 -2.175046 2.018341 8.804526 8.804526 
773.000000 266 2.000000 0.513804 11.743398 -2.430973 2.348679 11.425927 11.425927 
773.000000 267 2.000000 0.216208 10.793005 -1.663290 -6.563689 45.848542 45.848542 
773.000000 268 2.000000 0.326673 14.983223 1.306686 0.694798 2.190174 2.190174 
773.000000 269 2.000000 0.084279 0.600803 -1.029624 -0.516823 1.327231 1.327231 
773.000000 270 2.000000 0.617324 9.675030 2.057744 -5.162484 30.885553 30.885553 
773.000000 271 2.000000 0.408968 17.440303 -5.910307 -3.953515 50.562009 50.562009 
773.000000 272 2.000000 0.181622 2.879174 3.632422 7.197932 65.004720 65.004720 
773.000000 273 2.000000 0.676882 14.284283 0.436698 -2.485094 6.366397 6.366397 
773.000000 274 2.000000 0.195838 13.141369 -5.361076 3.751653 42.816041 42.816041 
773.000000 275 2.000000 0.000001 16.049945 4.023059 -1.117936 17.434788 17.434788 
773.000000 276 2.000000 0.779547 17.182880 -4.409043 -1.408560 21.423703 21.423703 
773.000000 277 2.000000 0.135378 17.942885 -8.646207 4.793435 97.733912 97.733912 
773.000000 278 2.000000 0.498387 7.058243 -5.016125 -4.493420 45.352326 45.352326 
773.000000 279 2.000000 0.634060 17.411837 -3.659390 2.644207 20.382969 20.382969 
773.000000 280 2.000000 0.648911 14.972324 4.326066 -3.380147 30.140238 30.140238 
773.000000 281 2.000000 0.311380 8.959945 3.113788 3.336647 20.828883 20.828883 
773.000000 282 2.000000 0.999999 11.999026 -0.589823 0.844782 1.061548 1.061548 
773.000000 283 2.000000 0.999999 12.878469 -4.543374 -0.917706 21.484431 21.484431 
773.000000 284 2.000000 0.999999 15.179587 -7.652585 -0.065292 58.566315 58.566315 
773.000000 285 2.000000 0.679055 5.321094 1.358108 1.053617 2.954568 2.954568 
773.000000 286 2.000000 0.590163 5.750819 2.950809 2.255223 13.793303 13.793303 
773.000000 287 2.000000 0.228474 16.186915 0.571182 -1.143769 1.634456 1.634456 
773.000000 288 2.000000 0.756166 12.674943 -0.975333 1.992364 4.920790 4.920790 
773.000000 289 2.000000 0.243415 11.999927 -2.161668 6.864819 51.798550 51.798550 
773.000000 290 2.000000 0.377282 6.955205 -1.252043 5.852294 35.816955 35.816955 
773.000000 291 2.000000 0.762817 1.601272 -2.371823 -5.325733 33.988979 33.988979 
773.000000 292 2.000000 0.286920 8.977116 -0.792310 -1.965577 4.491248 4.491248 
773.000000 293 2.000000 0.402375 19.634950 4.023738 0.040949 16.192142 16.192142 
773.000000 294 2.000000 0.537707 7.411283 -0.074213 0.433772 0.193665 0.193665 
773.000000 295 2.000000 0.579626 2.305156 -8.407469 0.013637 70.685717 70.685717 
773.000000 296 2.000000 0.294627 9.502835 -0.564298 -0.998820 1.316073 1.316073 
773.000000 297 2.000000 0.663426 14.691120 -1.682866 2.511302 9.138676 9.138676 
773.000000 298 2.000000 0.770493 18.063265 2.568307 -1.255529 8.172553 8.172553 
773.000000 299 2.000000 0.770700 10.808910 1.712665 0.843545 3.644792 3.644792 
773.000000 300 2.000000 0.561630 14.800313 -4.383693 2.657082 26.276855 26.276855 
773.000000 301 2.000000 0.232607 11.359731 -1.534785 -6.846295 49.227317 49.227317 
773.000000 302 2.000000 0.254220 4.499386 -1.491558 -5.030246 27.528121 27.528121 
773.000000 303 2.000000 0.087286 12.155145 -0.456357 1.946009 3.995211 3.995211 
773.000000 304 2.000000 0.131371 9.502563 2.627406 3.910853 22.198031 22.198031 
773.000000 305 2.000000 0.267761 6.210648 -2.928953 1.467349 10.731879 10.731879 
773.000000 306 2.000000 0.674742 12.093777 4.498275 0.046756 20.236664 20.236664 
773.000000 307 2.000000 0.785119 12.052753 -2.148804 1.534241 6.971252 6.971252 
773.000000 308 2.000000 0.605872 18.942784 4.039139 1.770016 19.447603 19.447603 
773.000000 309 2.000000 0.617583 19.397782 6.175825 3.805449 52.622255 52.622255 
773.000000 310 2.000000 0.210165 9.839425 -0.003058 2.832128 8.020959 8.020959 
773.000000 311 2.000000 0.213281 15.400512 2.132801 -6.570695 47.722879 47.722879 
773.000000 312 2.000000 0.729234 6.337029 -5.415307 0.977545 30.281144 30.281144 
773.000000 313 2.000000 0.295844 7.650255 -0.881627 -2.377005 6.427421 6.427421 
773.000000 314 2.000000 0.244791 5.736452 4.895794 0.730309 24.502145 24.502145 
773.000000 315 2.000000 0.161581 19.999999 -2.385497 -2.976494 14.550110 14.550110 
773.000000 316 2.000000 0.426170 0.000001 -2.649518 0.869032 7.775165 7.775165 
773.000000 317 2.000000 0.637186 10.653962 -7.256251 4.264317 70.837574 70.837574 
773.000000 318 2.000000 0.264183 14.100510 5.283648 -3.036097 37.134814 37.134814 
773.000000 319 2.000000 0.199712 11.098622 -0.222302 4.439448 19.758121 19.758121 
773.000000 320 2.000000 0.268519 9.619576 -2.925921 1.324336 10.314876 10.314876 
773.000000 321 2.000000 0.336112 7.196144 3.361111 -1.160099 12.642897 12.642897 
773.000000 322 2.000000 0.000001 10.010411 2.139094 -3.735510 18.529756 18.529756 
773.000000 323 2.000000 0.233986 13.536766 -0.696375 3.215296 10.823067 10.823067 
773.000000 324 2.000000 0.873416 3.517843 8.734148 3.350325 87.510026 87.510026 
773.000000 325 2.000000 0.264614 12.195228 -1.337064 1.178735 3.177155 3.177155 
773.000000 326 2.000000 0.439355 8.854885 -2.803218 -3.880252 22.914389 22.914389 
773.000000 327 2.000000 0.202453 1.260379 -0.298045 -3.412762 11.735774 11.735774 
773.000000 328 2.000000 0.552161 19.168477 -8.956764 3.302263 91.128565 91.128565 
773.000000 329 2.000000 0.871341 18.477736 5.808933 1.469028 35.901741 35.901741 
773.000000 330 2.000000 0.000001 16.218314 2.293874 -0.134493 5.279948 5.279948 
773.000000 331 2.000000 0.443058 11.033180 -3.712940 3.932683 29.251913 29.251913 
773.000000 332 2.000000 0.999999 3.353699 -6.746588 5.589497 76.758917 76.758917 
773.000000 333 2.000000 0.284340 17.925808 1.895594 -2.323490 8.991883 8.991883 
773.000000 334 2.000000 0.405777 8.585438 2.028879 4.640777 25.653159 25.653159 
773.000000 335 2.000000 0.420002 10.561300 1.050002 -1.039043 2.182115 2.182115 
773.000000 336 2.000000 0.280768 1.414564 0.401096 5.658252 32.176696 32.176696 
773.000000 337 2.000000 0.873763 13.136680 0.436881 -0.445779 0.389584 0.389584 
773.000000 338 2.000000 0.999999 2.437421 -4.480977 3.482028 32.203672 32.203672 
773.000000 339 2.000000 0.000001 8.718513 1.658243 1.535191 5.106579 5.106579 
773.000000 340 2.000000 0.558729 0.000001 -2.941801 4.462945 28.572066 28.572066 
773.000000 341 2.000000 0.722495 13.380544 1.605542 -2.099290 6.984786 6.984786 
773.000000 342 2.000000 0.500330 5.985987 -3.331127 4.788789 34.028907 34.028907 
773.000000 343 2.000000 0.074181 16.050384 0.247266 -0.208733 0.104710 0.104710 
773.000000 344 2.000000 0.111372 10.124623 -0.846311 2.773869 8.410593 8.410593 
773.000000 345 2.000000 0.730175 15.201077 1.825435 4.121700 20.320621 20.320621 
773.000000 346 2.000000 0.626081 1.703477 -3.739184 -2.137337 18.549706 18.549706 
773.000000 347 2.000000 0.584052 12.681213 3.893673 5.981040 50.933529 50.933529 
773.000000 348 2.000000 0.381113 17.411907 0.362964 -1.485661 2.338932 2.338932 
773.000000 349 2.000000 0.949065 15.948454 2.711612 -5.787921 40.852866 40.852866 
773.000000 350 2.000000 0.298674 0.583111 5.973458 -3.085153 45.200376 45.200376 
773.000000 351 2.000000 0.168229 16.225309 3.364560 0.212763 11.365534 11.365534 
773.000000 352 2.000000 0.939760 1.348156 4.698795 6.740775 67.516724 67.516724 
773.000000 353 2.000000 0.964304 17.916421 -0.713907 2.455303 6.538173 6.538173 
773.000000 354 2.000000 0.999999 4.023373 -3.151966 0.103539 9.945610 9.945610 
773.000000 355 2.000000 0.326281 0.957118 1.305120 1.914233 5.367629 5.367629 
773.000000 356 2.000000 0.000001 7.916242 5.288078 -0.342900 28.081350 28.081350 
773.000000 357 2.000000 0.348414 2.773640 0.696826 -3.648735 13.798837 13.798837 
773.000000 358 2.000000 0.402567 0.079296 -3.982882 1.585896 18.378414 18.378414 
773.000000 359 2.000000 0.677619 16.539625 4.517453 -1.440809 22.483309 22.483309 
773.000000 360 2.000000 0.581597 17.711977 1.669156 -1.690434 5.643649 5.643649 
773.000000 361 2.000000 0.543556 3.329133 1.811851 -2.375736 8.926925 8.926925 
773.000000 362 2.000000 0.999999 9.750413 -6.277215 -0.981852 40.367464 40.367464 
773.000000 363 2.000000 0.406200 19.999999 -0.698587 -9.851929 97.548534 97.548534 
773.000000 364 2.000000 0.085401 16.169771 2.367875 2.218835 10.530063 10.530063 
773.000000 365 2.000000 0.348646 17.303294 -0.245794 -0.567998 0.383037 0.383037 
773.000000 366 2.000000 0.736225 16.038967 0.490816 0.954791 1.152526 1.152526 
773.000000 367 2.000000 0.000001 7.503605 3.401123 1.669146 14.353686 14.353686 
773.000000 368 2.000000 0.029249 0.687659 -0.970750 -0.934251 1.815180 1.815180 
773.000000 369 2.000000 0.431638 17.080641 -5.683607 3.420107 44.000521 44.000521 
773.000000 370 2.000000 0.404147 15.458816 -2.383409 0.519995 5.951034 5.951034 
773.000000 371 2.000000 0.596477 15.680244 -0.896715 4.585904 21.834616 21.834616 
773.000000 372 2.000000 0.283777 10.311493 -2.046349 -3.901217 19.407039 19.407039 
773.000000 373 2.000000 0.416418 6.805191 2.776110 -0.591719 8.056920 8.056920 
773.000000 374 2.000000 0.782417 1.690098 1.682559 -1.220015 4.319441 4.319441 
773.000000 375 2.000000 0.900081 9.636760 -0.142740 -1.914122 3.684237 3.684237 
773.000000 376 2.000000 0.554827 7.489567 1.387066 -4.166543 19.284033 19.284033 
773.000000 377 2.000000 0.999999 15.604564 -0.991638 -5.494294 31.170608 31.170608 
773.000000 378 2.000000 0.380894 10.338370 -4.127366 -1.540692 19.408881 19.408881 
773.000000 379 2.000000 0.854014 11.070379 4.158103 1.058791 18.410859 18.410859 
773.000000 380 2.000000 0.547191 14.520036 1.367975 2.660818 8.951311 8.951311 
773.000000 381 2.000000 0.842224 5.753327 -3.155506 -7.154169 61.139355 61.139355 
773.000000 382 2.000000 0.292943 16.169053 -4.713710 2.508816 28.513217 28.513217 
773.000000 383 2.000000 0.668375 5.765763 -0.552706 1.969014 4.182501 4.182501 
773.000000 384 2.000000 0.099144 0.158827 1.982854 -11.674321 140.221490 140.221490 
773.000000 385 2.000000 0.036191 16.733041 0.144760 -0.498719 0.269676 0.269676 
773.000000 386 2.000000 0.222737 1.787765 -1.943156 -3.973599 19.565342 19.565342 
773.000000 387 2.000000 0.729433 8.169724 -2.705663 2.242858 12.351020 12.351020 
773.000000 388 2.000000 0.388730 10.822924 -1.746483 -9.113211 86.100816 86.100816 
773.000000 389 2.000000 0.000001 12.967430 5.724888 2.157867 37.430734 37.430734 
773.000000 390 2.000000 0.999999 10.400447 -6.420497 -5.540157 71.916120 71.916120 
773.000000 391 2.000000 0.076807 17.595805 -1.318845 7.331585 55.491488 55.491488 
773.000000 392 2.000000 0.532427 19.316964 2.662131 1.509753 9.366293 9.366293 
773.000000 393 2.000000 0.537955 7.875756 -4.620441 2.656513 28.405537 28.405537 
773.000000 394 2.000000 0.583506 5.870378 1.212410 -0.557332 1.780556 1.780556 
773.000000 395 2.000000 0.417447 10.918812 -0.095424 -4.611066 21.271036 21.271036 
773.000000 396 2.000000 0.170557 7.880090 1.705564 -1.246640 4.463061 4.463061 
773.000000 397 2.000000 0.552267 1.125967 0.029679 -2.056143 4.228605 4.228605 
773.000000 398 2.000000 0.999999 18.972529 -10.455085 -2.965836 118.104976 118.104976 
773.000000 399 2.000000 0.342810 8.392464 0.979454 -4.446802 20.733379 20.733379 
773.000000 400 2.000000 0.060996 16.683761 -1.718402 3.405597 14.550999 14.550999 
773.000000 401 2.000000 0.684625 4.562224 -6.307486 -3.323767 50.831814 50.831814 
773.000000 402 2.000000 0.645874 2.370734 -3.541250 -1.025471 13.592042 13.592042 
773.000000 403 2.000000 0.712736 6.925007 7.127349 2.247432 55.850058 55.850058 
773.000000 404 2.000000 0.536563 11.003878 -4.634357 0.217320 21.524495 21.524495 
773.000000 405 2.000000 0.999999 4.112447 -4.590237 -2.009769 25.109446 25.109446 
773.000000 406 2.000000 0.876006 7.010391 -2.479863 -1.063389 7.280515 7.280515 
773.000000 407 2.000000 0.341317 7.010352 0.853289 -2.698137 8.008045 8.008045 
773.000000 408 2.000000 0.099493 18.245825 -1.385393 3.910218 17.209121 17.209121 
773.000000 409 2.000000 0.737470 7.457813 1.474938 7.102678 52.623483 52.623483 
773.000000 410 2.000000 0.768752 12.935834 0.640626 -2.053515 4.627327 4.627327 
773.000000 411 2.000000 0.467618 4.468555 -1.774603 1.220037 4.637707 4.637707 
773.000000 412 2.000000 0.999999 8.550584 -2.495059 -0.730981 6.759653 6.759653 
773.000000 413 2.000000 0.482534 12.444790 4.825332 -1.309200 24.997832 24.997832 
773.000000 414 2.000000 0.517505 1.008764 -4.824944 -0.687179 23.752301 23.752301 
773.000000 415 2.000000 0.776363 11.418611 -0.186363 -7.151157 51.173771 51.173771 
773.000000 416 2.000000 0.103341 11.638007 -0.320749 -1.152519 1.431181 1.431181 
773.000000 417 2.000000 0.356654 7.134179 -1.838128 3.318222 14.389312 14.389312 
773.000000 418 2.000000 0.000001 12.277577 3.995646 3.294709 26.820293 26.820293 
773.000000 419 2.000000 0.547886 3.094958 -0.539838 -0.857916 1.027444 1.027444 
773.000000 420 2.000000 0.277797 0.731939 5.555929 -6.644159 75.013195 75.013195 
773.000000 421 2.000000 0.999999 16.722883 -3.586813 -1.128478 14.138693 14.138693 
773.000000 422 2.000000 0.535313 6.158901 5.353123 1.924656 32.360226 32.360226 
773.000000 423 2.000000 0.716907 15.072094 -0.435526 3.541973 12.735257 12.735257 
773.000000 424 2.000000 0.864249 12.495933 1.234640 0.962484 2.450713 2.450713 
773.000000 425 2.000000 0.000001 15.770094 1.630228 3.387328 14.131632 14.131632 
773.000000 426 2.000000 0.804519 8.137537 -0.977400 -2.022899 5.047433 5.047433 
773.000000 427 2.000000 0.999999 17.256627 -6.668434 0.321334 44.571267 44.571267 
773.000000 428 2.000000 0.555504 2.892687 -2.963297 3.856914 23.656917 23.656917 
773.000000 429 2.000000 0.306725 7.143106 2.044825 0.369096 4.317539 4.317539 
773.000000 430 2.000000 0.759543 16.986686 -4.809115 1.819757 26.439102 26.439102 
773.000000 431 2.000000 0.437501 8.091709 0.360295 2.369507 5.744375 5.744375 
773.000000 432 2.000000 0.070106 9.942631 -2.324732 -5.300953 33.504476 33.504476 
773.000000 433 2.000000 0.137132 7.006816 1.371306 -2.083148 6.219984 6.219984 
773.000000 434 2.000000 0.854211 5.381572 -2.915751 5.979524 44.256313 44.256313 
773.000000 435 2.000000 0.194717 6.658287 -2.038764 0.589392 4.503941 4.503941 
773.000000 436 2.000000 0.283307 13.497915 5.666110 -1.398298 34.060042 34.060042 
773.000000 437 2.000000 0.999999 2.383574 -6.003163 4.333769 54.819519 54.819519 
773.000000 438 2.000000 0.999999 12.319231 -5.497078 -1.460335 32.350445 32.350445 
773.000000 439 2.000000 0.848708 16.212754 8.487067 -2.749031 79.587486 79.587486 
773.000000 440 2.000000 0.115035 9.553624 2.300679 0.923321 6.145647 6.145647 
773.000000 441 2.000000 0.288689 5.612630 -1.386203 -7.869662 63.853140 63.853140 
773.000000 442 2.000000 0.000001 1.407475 3.677761 -1.489367 15.744139 15.744139 
773.000000 443 2.000000 0.227547 16.273990 -0.908767 1.844033 4.226314 4.226314 
773.000000 444 2.000000 0.648012 15.345298 -7.039732 0.379263 49.701663 49.701663 
773.000000 445 2.000000 0.878549 3.992126 0.675806 -2.670261 7.587010 7.587010 
773.000000 446 2.000000 0.418762 10.359869 0.006093 0.205006 0.042064 0.042064 
773.000000 447 2.000000 0.899286 18.642056 0.832840 -3.324105 11.743299 11.743299 
773.000000 448 2.000000 0.584161 5.850069 -8.316770 2.199091 74.004657 74.004657 
773.000000 449 2.000000 0.090659 5.303982 -0.699492 4.419984 20.025548 20.025548 
773.000000 450 2.000000 0.953418 5.295855 1.622586 -0.784207 3.247766 3.247766 
773.000000 451 2.000000 0.680964 9.290657 2.088722 -0.558723 4.674929 4.674929 
773.000000 452 2.000000 0.000001 6.584904 3.475994 -1.715408 15.025154 15.025154 
773.000000 453 2.000000 0.675462 8.246132 -0.249644 -3.185822 10.211781 10.211781 
773.000000 454 2.000000 0.853397 9.578860 -1.466022 -2.151270 6.777184 6.777184 
773.000000 455 2.000000 0.753076 4.764075 5.020500 -1.737197 28.223270 28.223270 
773.000000 456 2.000000 0.110720 19.231662 1.107192 -0.268783 1.298118 1.298118 
773.000000 457 2.000000 0.000001 13.771832 3.151456 -5.415797 39.262530 39.262530 
773.000000 458 2.000000 0.179527 12.819844 -2.905994 3.275162 19.171486 19.171486 
773.000000 459 2.000000 0.651689 2.063465 6.516880 -3.491313 54.658985 54.658985 
773.000000 460 2.000000 0.999999 3.441053 -3.545784 2.220034 17.501132 17.501132 
773.000000 461 2.000000 0.157665 19.302229 -4.211669 3.109898 27.409622 27.409622 
773.000000 462 2.000000 0.172883 15.924816 -0.446450 3.639659 13.446434 13.446434 
773.000000 463 2.000000 0.070626 15.066981 -2.655352 -3.523584 19.466536 19.466536 
773.000000 464 2.000000 0.748392 3.436111 7.483909 -1.764040 59.120734 59.120734 
773.000000 465 2.000000 0.142987 3.959517 -1.558203 0.238839 2.485040 2.485040 
773.000000 466 2.000000 0.000001 1.992539 4.513826 -0.919001 21.219191 21.219191 
773.000000 467 2.000000 0.206748 8.679403 -0.344775 -3.657702 13.497653 13.497653 
773.000000 468 2.000000 0.737874 7.888439 0.090566 2.760111 7.626413 7.626413 
773.000000 469 2.000000 0.445568 1.327164 -1.719679 1.113422 4.197002 4.197002 
773.000000 470 2.000000 0.291849 0.834062 -7.081498 -6.684569 94.831072 94.831072 
773.000000 471 2.000000 0.400423 18.261267 -2.398304 -0.128551 5.768385 5.768385 
773.000000 472 2.000000 0.324995 0.015853 0.175672 -0.189886 0.066917 0.066917 
773.000000 473 2.000000 0.327284 12.877422 -2.242384 0.173728 5.058467 5.058467 
773.000000 474 2.000000 0.795999 12.564512 -4.080000 1.663072 19.412204 19.412204 
773.000000 475 2.000000 0.661702 1.653240 -2.255314 0.243755 5.145856 5.145856 
773.000000 476 2.000000 0.634947 0.625666 -2.433682 0.028674 5.923632 5.923632 
773.000000 477 2.000000 0.811997 6.836516 0.463997 6.215014 38.841690 38.841690 
773.000000 478 2.000000 0.128781 8.552873 -0.526503 -5.676803 32.503300 32.503300 
773.000000 479 2.000000 0.600650 10.952315 2.002163 -1.178752 5.398115 5.398115 
773.000000 480 2.000000 0.007568 5.640138 -1.871927 0.114902 3.517312 3.517312 
773.000000 481 2.000000 0.191999 9.312925 0.925849 -1.452253 2.966235 2.966235 
773.000000 482 2.000000 0.081330 15.097770 0.271096 4.633334 21.541275 21.541275 
773.000000 483 2.000000 0.547912 10.826095 -0.061433 -2.706644 7.329698 7.329698 
773.000000 484 2.000000 0.000001 12.338341 6.551995 1.064819 44.062476 44.062476 
773.000000 485 2.000000 0.167823 4.532601 -2.080441 -4.537231 24.914704 24.914704 
773.000000 486 2.000000 0.777271 2.135096 -4.454562 -1.736891 22.859914 22.859914 
773.000000 487 2.000000 0.568529 0.790960 -2.876469 1.618437 10.893412 10.893412 
773.000000 488 2.000000 0.261577 4.930801 5.231518 6.163501 65.357515 65.357515 
773.000000 489 2.000000 0.248745 14.823131 1.658290 -1.850625 6.174741 6.174741 
773.000000 490 2.000000 0.544926 19.061887 -0.758455 -4.690562 22.576629 22.576629 
773.000000 491 2.000000 0.087046 18.861996 1.740908 -0.698305 3.518390 3.518390 
773.000000 492 2.000000 0.826054 13.026068 -1.739451 0.155701 3.049933 3.049933 
773.000000 493 2.000000 0.874573 13.575662 3.498288 -1.914157 15.902019 15.902019 
773.000000 494 2.000000 0.000001 8.456519 5.467984 -1.115739 31.143722 31.143722 
773.000000 495 2.000000 0.425130 15.819805 2.834196 -2.261492 13.147015 13.147015 
773.000000 496 2.000000 0.644343 17.017417 -7.113126 -0.132362 50.614083 50.614083 
773.000000 497 2.000000 0.895597 8.938536 2.610164 -0.445367 7.011310 7.011310 
773.000000 498 2.000000 0.385215 1.801229 3.852141 4.503069 35.116620 35.116620 
773.000000 499 2.000000 0.836863 1.993305 5.579082 1.474734 33.301001 33.301001 
773.000000 500 2.000000 0.653717 5.683757 -1.731410 7.578341 60.429038 60.429038 
