997.500000 1 2.000000 0.764420 0.000001 5.828100 6.221638 72.675537 72.675537 
997.500000 2 2.000000 0.955097 16.074019 3.183653 5.338813 38.638568 38.638568 
997.500000 3 2.000000 0.451614 19.068235 0.903226 2.132514 5.363434 5.363434 
997.500000 4 2.000000 0.473914 14.853833 -0.136229 7.745769 60.015503 60.015503 
997.500000 5 2.000000 0.680722 1.952085 -0.580504 -5.266595 28.074010 28.074010 
997.500000 6 2.000000 0.415294 10.451124 -2.923527 1.921639 12.239708 12.239708 
997.500000 7 2.000000 0.132953 9.167786 -1.573061 -3.751829 16.550746 16.550746 
997.500000 8 2.000000 0.786665 0.525144 -0.853335 -3.638438 13.966414 13.966414 
997.500000 9 2.000000 0.310859 1.518865 6.217160 -1.028198 39.710275 39.710275 
997.500000 10 2.000000 0.311964 2.462656 3.119631 1.337195 11.520186 11.520186 
997.500000 11 2.000000 0.999999 2.250609 -4.700250 -3.420429 33.791687 33.791687 
997.500000 12 2.000000 0.199284 3.639184 -5.338098 -1.644355 31.199192 31.199192 
997.500000 13 2.000000 0.695258 16.914487 6.952573 -0.025692 48.338929 48.338929 
997.500000 14 2.000000 0.558048 13.272353 0.226634 1.099565 1.260406 1.260406 
997.500000 15 2.000000 0.835105 19.613603 0.388818 -1.931982 3.883732 3.883732 
997.500000 16 2.000000 0.665878 19.451999 -1.670603 3.924052 18.189095 18.189095 
997.500000 17 2.000000 0.958401 4.134219 -0.415976 2.546694 6.658687 6.658687 
997.500000 18 2.000000 0.464939 7.343890 -0.235388 -1.771920 3.195108 3.195108 
997.500000 19 2.000000 0.000001 8.803480 6.088288 3.403915 48.653893 48.653893 
997.500000 20 2.000000 0.985533 6.352937 2.190070 1.085163 5.973986 5.973986 
997.500000 21 2.000000 0.439584 16.296829 -0.017483 -1.575817 2.483504 2.483504 
997.500000 22 2.000000 0.884661 9.653834 0.462207 0.319682 0.315832 0.315832 
997.500000 23 2.000000 0.366426 3.378854 1.832124 3.975121 19.158269 19.158269 
997.500000 24 2.000000 0.607866 14.331100 -1.307109 1.347996 3.525629 3.525629 
997.500000 25 2.000000 0.264622 13.519394 2.646211 -3.056149 16.342478 16.342478 
997.500000 26 2.000000 0.620399 17.350532 -7.592009 -0.010804 57.638711 57.638711 
997.500000 27 2.000000 0.450841 16.138990 -3.661050 5.375067 42.294639 42.294639 
997.500000 28 2.000000 0.734169 17.513706 -1.063321 1.084326 2.306414 2.306414 
997.500000 29 2.000000 0.302708 15.173886 -3.486455 -0.254213 12.219994 12.219994 
997.500000 30 2.000000 0.852358 5.131315 0.460734 -1.692591 3.077141 3.077141 
997.500000 31 2.000000 0.670499 3.367004 6.704977 -1.532891 47.306474 47.306474 
997.500000 32 2.000000 0.299922 10.426800 -0.521082 -5.809393 34.020578 34.020578 
997.500000 33 2.000000 0.093894 8.777084 1.877858 -1.796572 6.754019 6.754019 
997.500000 34 2.000000 0.304881 2.131015 2.032532 -4.078165 20.762616 20.762616 
997.500000 35 2.000000 0.770313 9.254853 -3.686394 -2.886911 21.923753 21.923753 
997.500000 36 2.000000 0.501045 19.952880 2.004176 1.654075 6.752687 6.752687 
997.500000 37 2.000000 0.000001 6.749803 4.032775 -0.774137 16.862562 16.862562 
997.500000 38 2.000000 0.000001 4.382375 1.765782 -1.827282 6.456947 6.456947 
997.500000 39 2.000000 0.844339 10.716433 1.407231 2.190348 6.777921 6.777921 
997.500000 40 2.000000 0.350653 14.463577 1.402610 3.860601 16.871551 16.871551 
997.500000 41 2.000000 0.351650 16.999240 1.172165 4.788518 24.303875 24.303875 
997.500000 42 2.000000 0.587634 6.621787 -8.247303 -8.095106 133.548744 133.548744 
997.500000 43 2.000000 0.390386 11.512441 -0.677348 -1.079920 1.625029 1.625029 
997.500000 44 2.000000 0.753673 19.824637 -1.231632 -3.507248 13.817705 13.817705 
997.500000 45 2.000000 0.378205 9.252704 -6.217944 2.439276 44.612892 44.612892 
997.500000 46 2.000000 0.259521 4.297895 -0.992190 5.881575 35.577370 35.577370 
997.500000 47 2.000000 0.748941 11.478712 0.832156 -2.306860 6.014087 6.014087 
997.500000 48 2.000000 0.000185 7.680154 -0.624884 0.528124 0.669395 0.669395 
997.500000 49 2.000000 0.685686 10.035741 2.742740 -3.690466 21.142163 21.142163 
997.500000 50 2.000000 0.663560 4.952143 0.519390 5.432610 29.783016 29.783016 
997.500000 51 2.000000 0.355183 11.768776 -1.646810 -1.676200 5.521630 5.521630 
997.500000 52 2.000000 0.698790 11.053626 3.493947 -8.133066 78.354433 78.354433 
997.500000 53 2.000000 0.999999 12.612818 -3.391726 -2.785093 19.260550 19.260550 
997.500000 54 2.000000 0.351285 0.105865 1.609923 -4.061944 19.091240 19.091240 
997.500000 55 2.000000 0.423022 18.118228 4.230211 1.542887 20.275185 20.275185 
997.500000 56 2.000000 0.441645 19.689303 1.261841 -0.002589 1.592249 1.592249 
997.500000 57 2.000000 0.417989 5.720365 2.786583 -3.569909 20.509294 20.509294 
997.500000 58 2.000000 0.136433 12.041427 0.909545 7.927341 63.670000 63.670000 
997.500000 59 2.000000 0.880379 3.936836 -2.392394 4.963707 30.361937 30.361937 
997.500000 60 2.000000 0.300011 4.344925 1.304584 -4.729850 24.073425 24.073425 
997.500000 61 2.000000 0.498574 8.989475 1.661910 -2.957513 11.508827 11.508827 
997.500000 62 2.000000 0.496421 7.254015 -1.786834 4.450047 22.995693 22.995693 
997.500000 63 2.000000 0.063269 10.019664 -2.081623 -4.103786 21.174216 21.174216 
997.500000 64 2.000000 0.842142 13.664838 5.614272 -2.343196 37.010617 37.010617 
997.500000 65 2.000000 0.029578 6.034073 0.591535 -1.747100 3.402271 3.402271 
997.500000 66 2.000000 0.939087 2.542236 -0.609123 -5.137530 26.765248 26.765248 
997.500000 67 2.000000 0.438117 19.103008 2.920771 -5.979939 44.290574 44.290574 
997.500000 68 2.000000 0.228396 7.053819 1.658591 5.261202 30.431177 30.431177 
997.500000 69 2.000000 0.077681 9.524657 -0.002332 -4.988258 24.882724 24.882724 
997.500000 70 2.000000 0.701801 9.674976 7.017998 -5.481470 79.298808 79.298808 
997.500000 71 2.000000 0.999999 11.655308 -0.726531 0.577882 0.861795 0.861795 
997.500000 72 2.000000 0.999999 15.447776 -7.413668 0.562850 55.279280 55.279280 
997.500000 73 2.000000 0.507153 2.106587 -0.445665 1.652960 2.930893 2.930893 
997.500000 74 2.000000 0.000001 11.787307 5.095274 1.923414 29.661341 29.661341 
997.500000 75 2.000000 0.940839 11.626935 0.506569 -5.435954 29.806213 29.806213 
997.500000 76 2.000000 0.984974 2.524620 0.913618 0.941007 1.720192 1.720192 
997.500000 77 2.000000 0.476768 13.054262 0.953533 1.802849 4.159492 4.159492 
997.500000 78 2.000000 0.000001 14.543148 6.163995 -0.520983 38.266252 38.266252 
997.500000 79 2.000000 0.000001 7.020028 1.297694 1.124099 2.947608 2.947608 
997.500000 80 2.000000 0.551742 8.506291 3.678270 0.769811 14.122281 14.122281 
997.500000 81 2.000000 0.852516 5.879671 -2.949663 1.087550 9.883275 9.883275 
997.500000 82 2.000000 0.967306 15.690460 2.763728 5.183514 34.507010 34.507010 
997.500000 83 2.000000 0.146603 3.836584 0.977347 -7.901695 63.391988 63.391988 
997.500000 84 2.000000 0.576249 5.466971 3.841653 9.939946 113.560822 113.560822 
997.500000 85 2.000000 0.385317 18.001965 -3.073409 2.191912 14.250324 14.250324 
997.500000 86 2.000000 0.812822 9.165483 -3.743545 3.741013 28.009308 28.009308 
997.500000 87 2.000000 0.530868 1.788927 -0.679514 -0.263467 0.531153 0.531153 
997.500000 88 2.000000 0.819450 11.672113 -0.515853 -2.681638 7.457289 7.457289 
997.500000 89 2.000000 0.976905 8.162657 4.884522 -1.302621 25.555380 25.555380 
997.500000 90 2.000000 0.406900 12.318152 -0.474417 0.462462 0.438943 0.438943 
997.500000 91 2.000000 0.051313 4.937370 0.513119 2.821354 8.223330 8.223330 
997.500000 92 2.000000 0.308470 9.124938 -2.305097 2.098013 9.715133 9.715133 
997.500000 93 2.000000 0.362916 0.000775 -1.158333 -5.771255 34.649115 34.649115 
997.500000 94 2.000000 0.999999 17.836900 -1.762245 -2.703874 10.416443 10.416443 
997.500000 95 2.000000 0.652634 12.692969 0.857157 -7.307923 54.140463 54.140463 
997.500000 96 2.000000 0.916373 0.710258 0.550598 -5.169977 27.031823 27.031823 
997.500000 97 2.000000 0.212311 3.099034 2.123104 -4.730633 26.886461 26.886461 
997.500000 98 2.000000 0.711052 16.083502 2.031574 5.097271 30.109468 30.109468 
997.500000 99 2.000000 0.036505 0.865046 -1.751807 3.460180 15.041673 15.041673 
997.500000 100 2.000000 0.000001 6.470425 1.426038 3.057326 11.380825 11.380825 
997.500000 101 2.000000 0.369297 16.635045 -6.307015 -0.719336 40.295886 40.295886 
997.500000 102 2.000000 0.786425 5.393873 -2.135736 6.788730 50.648226 50.648226 
997.500000 103 2.000000 0.385381 13.093115 -4.097453 2.413358 22.613417 22.613417 
997.500000 104 2.000000 0.485088 6.437160 -0.735587 -4.931942 24.865136 24.865136 
997.500000 105 2.000000 0.378695 3.965241 1.565656 0.047304 2.453515 2.453515 
997.500000 106 2.000000 0.749625 14.056306 -5.007480 -6.589163 68.491924 68.491924 
997.500000 107 2.000000 0.784413 9.256915 0.775242 2.131823 5.145668 5.145668 
997.500000 108 2.000000 0.002063 13.436378 -0.767643 -8.751495 77.177932 77.177932 
997.500000 109 2.000000 0.988418 7.051667 2.471043 -0.731966 6.641829 6.641829 
997.500000 110 2.000000 0.428960 13.497842 8.579186 -0.710094 74.106660 74.106660 
997.500000 111 2.000000 0.145826 8.706227 2.916502 -3.563152 21.202034 21.202034 
997.500000 112 2.000000 0.523491 8.119327 0.205290 -2.933499 8.647562 8.647562 
997.500000 113 2.000000 0.173710 8.451612 1.737087 5.828697 36.991183 36.991183 
997.500000 114 2.000000 0.962478 0.189646 -0.093803 1.896449 3.605317 3.605317 
997.500000 115 2.000000 0.999999 12.342720 -9.354804 -4.686869 109.479094 109.479094 
997.500000 116 2.000000 0.467690 9.616272 -0.709745 0.096901 0.513127 0.513127 
997.500000 117 2.000000 0.999999 4.891519 -13.336678 0.074936 177.872586 177.872586 
997.500000 118 2.000000 0.667709 9.482902 6.677081 -0.835046 45.280707 45.280707 
997.500000 119 2.000000 0.989875 5.544032 3.959497 1.494128 17.910036 17.910036 
997.500000 120 2.000000 0.999999 11.839943 -3.290194 0.754289 11.394332 11.394332 
997.500000 121 2.000000 0.837306 8.369771 -1.626933 -0.472575 2.870239 2.870239 
997.500000 122 2.000000 0.206249 1.520952 -3.968749 0.760476 16.329293 16.329293 
997.500000 123 2.000000 0.837403 17.462534 1.929340 -1.596689 6.271768 6.271768 
997.500000 124 2.000000 0.151413 10.563526 -1.542883 0.733589 2.918641 2.918641 
997.500000 125 2.000000 0.407722 14.274458 4.077213 2.173155 21.346269 21.346269 
997.500000 126 2.000000 0.000001 12.127106 5.951285 -0.242194 35.476447 35.476447 
997.500000 127 2.000000 0.291715 2.578629 -3.541420 -2.198183 17.373663 17.373663 
997.500000 128 2.000000 0.245397 19.391175 1.226980 -1.352942 3.335932 3.335932 
997.500000 129 2.000000 0.646316 8.065413 -2.357885 -2.401743 11.327994 11.327994 
997.500000 130 2.000000 0.265945 10.703643 5.318885 -1.803809 31.544258 31.544258 
997.500000 131 2.000000 0.999999 18.077289 2.318489 1.010159 6.395812 6.395812 
997.500000 132 2.000000 0.722210 16.672191 -5.555772 2.926882 39.433240 39.433240 
997.500000 133 2.000000 0.602157 15.819559 -2.652279 5.450124 36.738432 36.738432 
997.500000 134 2.000000 0.228415 13.095637 0.018943 -4.081977 16.662896 16.662896 
997.500000 135 2.000000 0.824453 4.685200 -0.206525 -5.311958 28.259548 28.259548 
997.500000 136 2.000000 0.653250 1.531972 0.079520 -4.675450 21.866154 21.866154 
997.500000 137 2.000000 0.879625 14.659369 -2.407480 0.265763 5.866591 5.866591 
997.500000 138 2.000000 0.628235 10.603746 1.256469 -1.681695 4.406812 4.406812 
997.500000 139 2.000000 0.292094 8.056390 2.525961 -6.889723 53.848764 53.848764 
997.500000 140 2.000000 0.998483 3.981252 2.753710 5.593552 38.870742 38.870742 
997.500000 141 2.000000 0.414524 11.214898 8.290462 5.997304 104.699414 104.699414 
997.500000 142 2.000000 0.194013 2.589556 1.940122 -3.817102 18.334344 18.334344 
997.500000 143 2.000000 0.915412 11.231488 1.513838 -1.008175 3.308121 3.308121 
997.500000 144 2.000000 0.877122 19.075637 1.031907 -1.320517 2.808598 2.808598 
997.500000 145 2.000000 0.814759 8.421508 -1.234932 -2.894537 9.903403 9.903403 
997.500000 146 2.000000 0.121653 12.227031 -4.391732 -2.286595 24.515827 24.515827 
997.500000 147 2.000000 0.180295 17.844631 -2.342010 3.456023 17.429109 17.429109 
997.500000 148 2.000000 0.332712 14.206356 -1.287394 7.320911 55.253126 55.253126 
997.500000 149 2.000000 0.373198 8.672411 -0.370500 -1.030202 1.198587 1.198587 
997.500000 150 2.000000 0.066864 4.916777 0.445756 -2.763526 7.835773 7.835773 
997.500000 151 2.000000 0.225971 3.279297 -2.580093 0.962373 7.583044 7.583044 
997.500000 152 2.000000 0.925277 8.501849 -0.747220 -3.137356 10.401342 10.401342 
997.500000 153 2.000000 0.256321 13.557966 -0.124626 1.703005 2.915758 2.915758 
997.500000 154 2.000000 0.274073 9.274225 5.481437 2.583450 36.720366 36.720366 
997.500000 155 2.000000 0.887055 16.747816 -2.258876 -0.813179 5.763778 5.763778 
997.500000 156 2.000000 0.888502 16.430434 4.442505 -1.864117 23.210785 23.210785 
997.500000 157 2.000000 0.670795 2.030765 3.353970 2.137646 15.818647 15.818647 
997.500000 158 2.000000 0.960183 16.308431 4.800909 5.752836 56.143844 56.143844 
997.500000 159 2.000000 0.000001 10.088398 7.377328 -1.073556 55.577489 55.577489 
997.500000 160 2.000000 0.999999 4.731590 -2.665723 -0.533939 7.391172 7.391172 
997.500000 161 2.000000 0.158104 18.929730 3.162053 -0.832157 10.691067 10.691067 
997.500000 162 2.000000 0.057181 9.207456 -3.142726 -3.441148 21.718224 21.718224 
997.500000 163 2.000000 0.268679 17.850965 1.791189 0.418948 3.383877 3.383877 
997.500000 164 2.000000 0.178295 2.696696 -3.286814 1.797796 14.035221 14.035221 
997.500000 165 2.000000 0.258560 3.169667 5.171171 -0.906664 27.563048 27.563048 
997.500000 166 2.000000 0.258576 18.104424 1.723836 7.078570 53.077768 53.077768 
997.500000 167 2.000000 0.779879 8.665298 3.119513 -0.390430 9.883797 9.883797 
997.500000 168 2.000000 0.601204 15.229075 -0.613530 1.911599 4.030632 4.030632 
997.500000 169 2.000000 0.999999 4.345109 -5.146164 -5.225346 53.787245 53.787245 
997.500000 170 2.000000 0.058403 9.154978 -2.564728 -2.142167 11.166709 11.166709 
997.500000 171 2.000000 0.108584 11.787193 -0.325259 2.286526 5.333997 5.333997 
997.500000 172 2.000000 0.900875 10.001200 -0.495619 -1.634655 2.917735 2.917735 
997.500000 173 2.000000 0.662476 13.209458 1.243581 2.866138 9.761244 9.761244 
997.500000 174 2.000000 0.791215 1.226640 -2.087839 -4.560437 25.156656 25.156656 
997.500000 175 2.000000 0.615261 5.299409 -2.564923 1.999776 10.577934 10.577934 
997.500000 176 2.000000 0.805898 19.357424 0.350390 2.437741 6.065354 6.065354 
997.500000 177 2.000000 0.693773 9.212478 4.625146 -0.202572 21.433011 21.433011 
997.500000 178 2.000000 0.249059 6.642244 -3.754700 -4.597623 35.235913 35.235913 
997.500000 179 2.000000 0.890963 10.318213 8.909620 -1.971308 83.267394 83.267394 
997.500000 180 2.000000 0.075403 1.190741 -5.609774 -5.332423 59.904299 59.904299 
997.500000 181 2.000000 0.999999 11.165264 -6.880594 -1.877592 50.867923 50.867923 
997.500000 182 2.000000 0.177377 8.898158 -0.643074 -0.085222 0.420807 0.420807 
997.500000 183 2.000000 0.699944 7.499676 3.499713 5.445105 41.897158 41.897158 
997.500000 184 2.000000 0.936081 13.170226 -1.278360 3.571061 14.386682 14.386682 
997.500000 185 2.000000 0.268029 0.608374 -1.626599 -8.288390 71.343226 71.343226 
997.500000 186 2.000000 0.526490 12.637517 -0.066550 -0.601578 0.366324 0.366324 
997.500000 187 2.000000 0.320784 15.972299 3.207828 -8.885604 89.244122 89.244122 
997.500000 188 2.000000 0.520617 13.735254 5.206160 -0.098476 27.113799 27.113799 
997.500000 189 2.000000 0.000001 16.099703 1.336933 -1.410695 3.777449 3.777449 
997.500000 190 2.000000 0.270606 8.082100 -0.399909 -2.416040 5.997178 5.997178 
997.500000 191 2.000000 0.563615 11.702659 -1.454615 -1.475057 4.291698 4.291698 
997.500000 192 2.000000 0.257282 14.692500 -7.427171 2.530807 61.567851 61.567851 
997.500000 193 2.000000 0.959151 1.085384 3.836599 0.320781 14.822392 14.822392 
997.500000 194 2.000000 0.943893 12.746274 0.471946 0.520233 0.493375 0.493375 
997.500000 195 2.000000 0.180303 5.860190 1.803024 -4.350710 22.179575 22.179575 
997.500000 196 2.000000 0.115766 0.260737 2.315307 -1.660834 8.119014 8.119014 
997.500000 197 2.000000 0.701754 13.217635 -5.964895 -1.846863 38.990870 38.990870 
997.500000 198 2.000000 0.408860 19.319860 2.044296 -6.801386 50.438002 50.438002 
997.500000 199 2.000000 0.768641 18.941808 -1.546316 -3.009021 11.445299 11.445299 
997.500000 200 2.000000 0.832527 4.219143 3.330103 1.841483 14.480643 14.480643 
997.500000 201 2.000000 0.265740 3.610747 2.657386 1.604776 9.637004 9.637004 
997.500000 202 2.000000 0.127737 1.721877 0.510946 1.639881 2.950277 2.950277 
997.500000 203 2.000000 0.776007 11.078009 -1.493280 6.508062 44.584755 44.584755 
997.500000 204 2.000000 0.711984 5.944595 -0.576029 3.396911 11.870814 11.870814 
997.500000 205 2.000000 0.480163 1.227633 0.685946 0.151461 0.493462 0.493462 
997.500000 206 2.000000 0.921902 6.902162 -1.561938 -7.935905 65.418234 65.418234 
997.500000 207 2.000000 0.666214 16.633367 -6.675698 7.597701 102.290010 102.290010 
997.500000 208 2.000000 0.000001 16.476783 7.031718 3.545241 62.013796 62.013796 
997.500000 209 2.000000 0.999999 13.833934 -2.948292 -6.271046 48.018439 48.018439 
997.500000 210 2.000000 0.511227 12.989890 3.408175 -3.773067 25.851690 25.851690 
997.500000 211 2.000000 0.416774 13.471203 -5.832250 -4.359841 53.023350 53.023350 
997.500000 212 2.000000 0.176763 17.654083 0.883808 -3.127888 10.564801 10.564801 
997.500000 213 2.000000 0.853010 14.624385 0.103106 0.728625 0.541526 0.541526 
997.500000 214 2.000000 0.188343 14.710130 -2.705521 -0.792211 7.947444 7.947444 
997.500000 215 2.000000 0.552091 3.752931 -4.479081 -2.275993 25.242314 25.242314 
997.500000 216 2.000000 0.710470 7.999980 -0.642394 -1.314226 2.139862 2.139862 
997.500000 217 2.000000 0.218834 18.395372 -2.923325 -2.626680 15.445274 15.445274 
997.500000 218 2.000000 0.745802 13.695532 -2.541969 0.336911 6.575115 6.575115 
997.500000 219 2.000000 0.863619 1.024046 5.757455 -5.149534 59.665989 59.665989 
997.500000 220 2.000000 0.525755 1.845042 1.392519 -1.101847 3.153174 3.153174 
997.500000 221 2.000000 0.503142 17.454274 -0.238977 3.242645 10.571859 10.571859 
997.500000 222 2.000000 0.242737 5.476886 -5.048413 -1.310889 27.204909 27.204909 
997.500000 223 2.000000 0.640357 5.629270 -1.438566 -0.994028 3.057564 3.057564 
997.500000 224 2.000000 0.470184 8.956881 2.350915 -2.010550 9.569112 9.569112 
997.500000 225 2.000000 0.999999 14.823216 -3.761985 -1.109773 15.384125 15.384125 
997.500000 226 2.000000 0.628361 2.425047 3.106557 1.849910 13.072861 13.072861 
997.500000 227 2.000000 0.577626 12.724408 0.322810 1.482152 2.300981 2.300981 
997.500000 228 2.000000 0.093014 4.022040 -6.046569 -1.507769 38.834369 38.834369 
997.500000 229 2.000000 0.355301 14.737261 -4.297985 -3.889391 33.600031 33.600031 
997.500000 230 2.000000 0.809607 5.060211 2.024015 -2.967743 12.904140 12.904140 
997.500000 231 2.000000 0.471103 12.501204 -0.049280 -0.815978 0.668248 0.668248 
997.500000 232 2.000000 0.000001 11.061872 10.715313 -2.612190 121.641477 121.641477 
997.500000 233 2.000000 0.272171 19.644529 -2.911310 -7.109404 59.019356 59.019356 
997.500000 234 2.000000 0.667325 7.519408 -2.217827 -0.607983 5.288398 5.288398 
997.500000 235 2.000000 0.309055 19.129772 1.545270 6.371232 42.980453 42.980453 
997.500000 236 2.000000 0.999999 18.848272 -4.290479 4.385891 37.644251 37.644251 
997.500000 237 2.000000 0.088076 6.533680 -1.164113 -5.279280 29.225953 29.225953 
997.500000 238 2.000000 0.546053 9.625616 3.640344 6.638355 57.319865 57.319865 
997.500000 239 2.000000 0.999999 1.242195 -3.178809 -2.525482 16.482888 16.482888 
997.500000 240 2.000000 0.000001 0.473266 5.483461 0.172997 30.098272 30.098272 
997.500000 241 2.000000 0.381653 14.053200 1.272173 -3.215440 11.957477 11.957477 
997.500000 242 2.000000 0.918513 8.116764 3.501538 1.181018 13.655570 13.655570 
997.500000 243 2.000000 0.787227 16.926852 5.248171 -1.369282 29.418233 29.418233 
997.500000 244 2.000000 0.999999 9.975318 -7.578163 -1.432195 59.479733 59.479733 
997.500000 245 2.000000 0.685956 2.351281 -0.483144 1.383106 2.146410 2.146410 
997.500000 246 2.000000 0.638597 10.885803 2.148602 -0.684941 5.085636 5.085636 
997.500000 247 2.000000 0.823160 1.465896 -0.707358 0.240487 0.558189 0.558189 
997.500000 248 2.000000 0.709634 7.597558 -5.807308 -1.022515 34.770363 34.770363 
997.500000 249 2.000000 0.270425 10.579386 5.408484 0.113778 29.264649 29.264649 
997.500000 250 2.000000 0.429606 6.514426 8.592090 0.826614 74.507302 74.507302 
997.500000 251 2.000000 0.424916 18.153062 -0.844566 -0.911709 1.544505 1.544505 
997.500000 252 2.000000 0.132141 2.599344 -5.785719 -7.224798 85.672246 85.672246 
997.500000 253 2.000000 0.039957 6.792509 -6.346160 -0.315680 40.373405 40.373405 
997.500000 254 2.000000 0.643641 2.116794 6.436404 -1.443427 43.510775 43.510775 
997.500000 255 2.000000 0.999999 9.013709 -2.251110 2.994960 14.037279 14.037279 
997.500000 256 2.000000 0.930246 4.872082 1.328922 -0.016256 1.766297 1.766297 
997.500000 257 2.000000 0.390169 8.300669 3.901677 -1.561143 17.660253 17.660253 
997.500000 258 2.000000 0.232517 3.684839 4.650314 1.828473 24.968737 24.968737 
997.500000 259 2.000000 0.484328 15.124675 -5.156708 -0.267175 26.663015 26.663015 
997.500000 260 2.000000 0.085739 17.832701 0.285794 -5.274592 27.902996 27.902996 
997.500000 261 2.000000 0.403711 18.519507 -1.703679 3.404252 14.491452 14.491452 
997.500000 262 2.000000 0.718668 6.394559 -5.626617 -1.188653 33.071720 33.071720 
997.500000 263 2.000000 0.191180 3.662160 1.274530 6.658471 45.959667 45.959667 
997.500000 264 2.000000 0.585167 1.622970 -0.395078 1.352474 1.985272 1.985272 
997.500000 265 2.000000 0.816171 4.245724 5.441133 2.904584 38.042536 38.042536 
997.500000 266 2.000000 0.815302 4.327704 -3.693931 -3.776457 27.906749 27.906749 
997.500000 267 2.000000 0.717729 8.914329 -2.822701 3.715332 21.771335 21.771335 
997.500000 268 2.000000 0.966596 12.168067 0.479898 -2.925487 8.788778 8.788778 
997.500000 269 2.000000 0.251829 5.816619 2.518285 2.077364 10.657198 10.657198 
997.500000 270 2.000000 0.000001 7.019233 1.918685 -4.089530 20.405609 20.405609 
997.500000 271 2.000000 0.999999 14.368781 -2.472999 -1.840854 9.504467 9.504467 
997.500000 272 2.000000 0.999999 7.598478 -9.376824 0.571215 88.251119 88.251119 
997.500000 273 2.000000 0.803934 1.948663 4.063026 -0.125992 16.524051 16.524051 
997.500000 274 2.000000 0.337108 2.562578 -3.314455 -2.443328 16.955464 16.955464 
997.500000 275 2.000000 0.366184 14.939522 -6.338151 0.904273 40.989870 40.989870 
997.500000 276 2.000000 0.643011 9.471762 1.837172 0.769713 3.967658 3.967658 
997.500000 277 2.000000 0.627812 11.401610 -1.645525 -0.193594 2.745232 2.745232 
997.500000 278 2.000000 0.292424 12.498822 2.924231 -1.393302 10.492418 10.492418 
997.500000 279 2.000000 0.557922 14.752991 3.719472 -2.695369 21.099485 21.099485 
997.500000 280 2.000000 0.429427 3.282525 -1.426431 0.259670 2.102134 2.102134 
997.500000 281 2.000000 0.494665 15.039657 0.899388 1.047553 1.906267 1.906267 
997.500000 282 2.000000 0.463605 4.855496 0.299099 -2.798259 7.919713 7.919713 
997.500000 283 2.000000 0.822652 19.766191 -0.886736 -2.338083 6.252935 6.252935 
997.500000 284 2.000000 0.261207 18.905456 -2.426577 -5.472717 35.838905 35.838905 
997.500000 285 2.000000 0.000001 4.815607 4.483203 -2.079521 24.423517 24.423517 
997.500000 286 2.000000 0.316079 12.498861 0.632156 9.999088 100.381387 100.381387 
997.500000 287 2.000000 0.153071 11.832138 -0.941031 0.055688 0.888640 0.888640 
997.500000 288 2.000000 0.047869 12.782840 -1.971633 2.369963 9.504061 9.504061 
997.500000 289 2.000000 0.999999 6.801591 -3.436201 -0.490806 12.048369 12.048369 
997.500000 290 2.000000 0.212907 16.137523 -1.967731 -3.678548 17.403683 17.403683 
997.500000 291 2.000000 0.679648 7.483324 1.605634 -5.330683 30.994238 30.994238 
997.500000 292 2.000000 0.140022 12.951557 -8.599769 1.727130 76.939003 76.939003 
997.500000 293 2.000000 0.862191 5.800925 5.747931 -3.190026 43.214975 43.214975 
997.500000 294 2.000000 0.910249 7.814077 2.600708 3.709265 20.522329 20.522329 
997.500000 295 2.000000 0.000001 8.032867 8.102504 0.474063 65.875307 65.875307 
997.500000 296 2.000000 0.822190 3.178732 2.740629 -1.112608 8.748944 8.748944 
997.500000 297 2.000000 0.831733 10.696149 -3.365321 2.526330 17.707730 17.707730 
997.500000 298 2.000000 0.608434 4.283259 4.056223 0.091007 16.461225 16.461225 
997.500000 299 2.000000 0.089922 2.735423 0.449604 -2.190654 5.001110 5.001110 
997.500000 300 2.000000 0.617297 4.971597 -7.654046 0.939814 59.467664 59.467664 
997.500000 301 2.000000 0.937209 18.941376 -1.255791 1.583264 4.083737 4.083737 
997.500000 302 2.000000 0.516008 12.390101 -4.839911 -4.546547 44.095827 44.095827 
997.500000 303 2.000000 0.478991 12.047408 0.598738 -2.199572 5.196602 5.196602 
997.500000 304 2.000000 0.573943 16.187428 0.882988 4.217787 18.569398 18.569398 
997.500000 305 2.000000 0.669367 0.302523 2.231219 0.864347 5.725432 5.725432 
997.500000 306 2.000000 0.839302 6.319210 -3.213934 2.174570 15.058124 15.058124 
997.500000 307 2.000000 0.797466 15.659802 -4.050661 -2.165900 21.098979 21.098979 
997.500000 308 2.000000 0.430793 19.749739 -1.897355 -1.251299 5.165704 5.165704 
997.500000 309 2.000000 0.135994 12.611824 -3.456020 1.317765 13.680579 13.680579 
997.500000 310 2.000000 0.896576 10.054284 5.977166 -0.342205 35.843622 35.843622 
997.500000 311 2.000000 0.449655 2.403655 -1.000626 2.744662 8.534421 8.534421 
997.500000 312 2.000000 0.524219 6.520443 -2.378898 -0.413074 5.829786 5.829786 
997.500000 313 2.000000 0.561307 8.414771 -4.386917 0.297429 19.333508 19.333508 
997.500000 314 2.000000 0.879516 5.864584 3.518058 -0.198266 12.416044 12.416044 
997.500000 315 2.000000 0.314642 11.331525 6.292811 -6.205489 78.107561 78.107561 
997.500000 316 2.000000 0.662414 4.517285 -0.565877 -7.243523 52.788839 52.788839 
997.500000 317 2.000000 0.576220 13.463343 3.841457 1.866572 18.240885 18.240885 
997.500000 318 2.000000 0.394511 3.886438 -4.036586 0.371117 16.431754 16.431754 
997.500000 319 2.000000 0.298165 11.822953 5.963284 -1.334965 37.342892 37.342892 
997.500000 320 2.000000 0.319206 16.123742 -4.538618 -0.281675 20.678395 20.678395 
997.500000 321 2.000000 0.999999 2.485042 -4.229843 -2.711341 25.242944 25.242944 
997.500000 322 2.000000 0.186964 9.435747 0.534179 -4.064227 16.803290 16.803290 
997.500000 323 2.000000 0.424278 8.913685 2.828512 -4.819326 31.226379 31.226379 
997.500000 324 2.000000 0.999999 17.794930 -4.476729 -2.251032 25.108245 25.108245 
997.500000 325 2.000000 0.250575 6.474021 5.011476 0.897952 25.921208 25.921208 
997.500000 326 2.000000 0.999999 15.500641 -0.077518 4.589914 21.073321 21.073321 
997.500000 327 2.000000 0.000001 10.078633 3.521486 1.712904 15.334906 15.334906 
997.500000 328 2.000000 0.000001 1.461588 6.209786 -4.531458 59.095556 59.095556 
997.500000 329 2.000000 0.723852 13.262081 -5.522941 4.223808 48.343429 48.343429 
997.500000 330 2.000000 0.000001 10.222950 2.222094 -2.718101 12.325778 12.325778 
997.500000 331 2.000000 0.543810 13.208085 0.046608 -2.263971 5.127738 5.127738 
997.500000 332 2.000000 0.285394 13.050951 5.707869 -0.131388 32.597028 32.597028 
997.500000 333 2.000000 0.522999 11.457647 0.638138 -4.810886 23.551840 23.551840 
997.500000 334 2.000000 0.862356 12.140061 4.311777 1.653160 21.324363 21.324363 
997.500000 335 2.000000 0.102853 13.016685 2.057038 3.636578 17.456108 17.456108 
997.500000 336 2.000000 0.751345 10.830601 0.988153 2.908304 9.434678 9.434678 
997.500000 337 2.000000 0.091589 0.522359 0.915884 -0.261891 0.907430 0.907430 
997.500000 338 2.000000 0.106854 0.670465 1.068533 -5.483858 31.214458 31.214458 
997.500000 339 2.000000 0.281157 11.151643 -1.797104 1.232552 4.748769 4.748769 
997.500000 340 2.000000 0.462088 18.858626 -0.632836 2.462639 6.465074 6.465074 
997.500000 341 2.000000 0.932126 1.106125 0.966421 4.424496 20.510138 20.510138 
997.500000 342 2.000000 0.999999 5.340405 -2.549892 1.278230 8.135823 8.135823 
997.500000 343 2.000000 0.765466 4.723439 -4.690669 -4.135710 39.106474 39.106474 
997.500000 344 2.000000 0.544536 16.747761 -9.109264 10.467350 192.544111 192.544111 
997.500000 345 2.000000 0.680115 18.694719 4.534092 -1.092559 21.751677 21.751677 
997.500000 346 2.000000 0.482858 3.448938 -0.689522 4.311172 19.061640 19.061640 
997.500000 347 2.000000 0.364167 11.051033 0.404629 1.524322 2.487283 2.487283 
997.500000 348 2.000000 0.534029 3.537358 3.560186 3.665756 26.112696 26.112696 
997.500000 349 2.000000 0.486142 3.979987 3.532329 0.588506 12.823688 12.823688 
997.500000 350 2.000000 0.000001 12.940492 6.749380 6.672406 90.075135 90.075135 
997.500000 351 2.000000 0.000001 0.943318 4.328115 0.568113 19.055331 19.055331 
997.500000 352 2.000000 0.564474 18.890592 3.763153 -1.305184 15.864824 15.864824 
997.500000 353 2.000000 0.799381 7.269702 -4.012370 4.762766 38.783051 38.783051 
997.500000 354 2.000000 0.310040 19.328778 1.550193 -0.559351 2.715973 2.715973 
997.500000 355 2.000000 0.935763 5.373263 0.288632 -0.319995 0.185705 0.185705 
997.500000 356 2.000000 0.014059 19.126537 -3.943759 -2.495606 21.781284 21.781284 
997.500000 357 2.000000 0.895153 1.261387 5.967678 -3.867192 50.568353 50.568353 
997.500000 358 2.000000 0.812245 5.140838 5.414958 3.980301 45.164566 45.164566 
997.500000 359 2.000000 0.186687 9.215772 3.733721 -0.991064 14.922882 14.922882 
997.500000 360 2.000000 0.350892 15.508687 -2.596428 1.322418 8.490229 8.490229 
997.500000 361 2.000000 0.421391 18.978193 8.427807 -2.919445 79.551090 79.551090 
997.500000 362 2.000000 0.979022 4.293318 0.250153 0.577020 0.395528 0.395528 
997.500000 363 2.000000 0.999999 13.222344 -6.886248 2.251462 52.489497 52.489497 
997.500000 364 2.000000 0.757312 17.843112 -0.404479 -1.960806 4.008364 4.008364 
997.500000 365 2.000000 0.665292 13.125528 0.950415 -0.165191 0.930577 0.930577 
997.500000 366 2.000000 0.415832 11.711581 4.158308 2.833229 25.318711 25.318711 
997.500000 367 2.000000 0.999999 15.146529 -4.338205 -1.707751 21.736435 21.736435 
997.500000 368 2.000000 0.151525 2.378572 -1.450244 -3.489132 14.277253 14.277253 
997.500000 369 2.000000 0.448003 13.651682 4.480020 4.072745 36.657835 36.657835 
997.500000 370 2.000000 0.735938 18.017564 -1.760405 3.768110 17.297674 17.297674 
997.500000 371 2.000000 0.874399 9.606996 1.092998 -2.284176 6.412107 6.412107 
997.500000 372 2.000000 0.053555 9.338790 -1.286118 -8.631104 76.150054 76.150054 
997.500000 373 2.000000 0.227771 2.639523 -5.148184 -0.671085 26.954157 26.954157 
997.500000 374 2.000000 0.455067 7.179044 -1.147889 -0.536064 1.605014 1.605014 
997.500000 375 2.000000 0.877809 16.225420 -0.222163 2.622638 6.927589 6.927589 
997.500000 376 2.000000 0.416239 14.641565 -3.891731 -1.947944 18.940056 18.940056 
997.500000 377 2.000000 0.885234 13.113847 3.540930 -0.109069 12.550085 12.550085 
997.500000 378 2.000000 0.311474 4.421934 1.038243 0.853427 1.806286 1.806286 
997.500000 379 2.000000 0.505949 19.236179 -3.293667 -0.954775 11.759836 11.759836 
997.500000 380 2.000000 0.291572 2.343248 -7.084274 -5.389871 79.237642 79.237642 
997.500000 381 2.000000 0.530844 9.604270 -2.345776 -0.056681 5.505880 5.505880 
997.500000 382 2.000000 0.718025 1.994896 -5.639485 0.212204 31.848822 31.848822 
997.500000 383 2.000000 0.500771 5.480752 -1.109396 0.611173 1.604293 1.604293 
997.500000 384 2.000000 0.993440 4.564869 1.459236 7.283937 55.185107 55.185107 
997.500000 385 2.000000 0.840043 6.998037 -0.639826 -0.523413 0.683338 0.683338 
997.500000 386 2.000000 0.507420 6.623151 -4.925790 -0.198330 24.302740 24.302740 
997.500000 387 2.000000 0.149105 10.594396 -2.431127 -3.861539 20.821858 20.821858 
997.500000 388 2.000000 0.732448 9.852197 2.441489 -2.713796 13.325557 13.325557 
997.500000 389 2.000000 0.633092 5.174076 4.220605 3.600242 30.775255 30.775255 
997.500000 390 2.000000 0.976741 11.471222 6.511602 -0.948285 43.300205 43.300205 
997.500000 391 2.000000 0.000001 9.249859 7.819916 2.173759 65.876315 65.876315 
997.500000 392 2.000000 0.492806 10.931360 -3.381286 2.221771 16.369358 16.369358 
997.500000 393 2.000000 0.384613 10.989450 3.846116 -1.767449 17.916483 17.916483 
997.500000 394 2.000000 0.950241 1.957350 2.714971 -0.741794 7.921328 7.921328 
997.500000 395 2.000000 0.999999 2.900672 -4.721141 -0.309758 22.385119 22.385119 
997.500000 396 2.000000 0.000001 17.005812 3.453497 -0.402648 12.088765 12.088765 
997.500000 397 2.000000 0.841016 3.504708 3.364061 0.382685 11.463354 11.463354 
997.500000 398 2.000000 0.010839 17.391531 -3.297199 -1.591274 13.403672 13.403672 
997.500000 399 2.000000 0.549242 16.337808 5.492410 -2.457834 36.207511 36.207511 
997.500000 400 2.000000 0.339877 18.537267 -2.044479 -0.677492 4.638891 4.638891 
997.500000 401 2.000000 0.483094 13.515983 -1.723016 -0.151726 2.991805 2.991805 
997.500000 402 2.000000 0.360627 4.791266 3.606258 -2.614000 19.838088 19.838088 
997.500000 403 2.000000 0.999999 8.798751 -5.312346 -2.509362 34.517920 34.517920 
997.500000 404 2.000000 0.657374 17.823818 -0.403088 0.743541 0.715333 0.715333 
997.500000 405 2.000000 0.182035 10.374988 -1.487207 -0.782304 2.823785 2.823785 
997.500000 406 2.000000 0.983546 18.073511 -7.712696 -1.939512 63.247389 63.247389 
997.500000 407 2.000000 0.464332 9.512086 -3.571112 -3.673589 26.248098 26.248098 
997.500000 408 2.000000 0.655912 5.776908 -0.764637 8.252724 68.692131 68.692131 
997.500000 409 2.000000 0.486948 15.175632 4.869468 -0.071309 23.716799 23.716799 
997.500000 410 2.000000 0.292857 9.101342 5.857115 7.281073 87.319818 87.319818 
997.500000 411 2.000000 0.932539 15.062104 4.662690 -4.504575 42.031874 42.031874 
997.500000 412 2.000000 0.999999 0.822918 -6.466800 2.057293 46.051949 46.051949 
997.500000 413 2.000000 0.152005 15.710758 -4.239972 -0.212062 18.022334 18.022334 
997.500000 414 2.000000 0.131003 14.188965 1.310016 -1.076117 2.874169 2.874169 
997.500000 415 2.000000 0.890113 3.431886 4.450561 -1.919216 23.490887 23.490887 
997.500000 416 2.000000 0.000001 9.121750 5.503782 3.145542 40.186046 40.186046 
997.500000 417 2.000000 0.135671 13.559618 -0.823169 -1.742118 3.712584 3.712584 
997.500000 418 2.000000 0.672296 16.293801 3.361475 -2.180116 16.052425 16.052425 
997.500000 419 2.000000 0.496223 19.344066 -0.438066 -0.103192 0.202550 0.202550 
997.500000 420 2.000000 0.868567 9.561252 1.235342 0.048590 1.528431 1.528431 
997.500000 421 2.000000 0.463257 15.623629 -5.367425 -1.229013 30.319718 30.319718 
997.500000 422 2.000000 0.516728 2.046326 -4.832709 3.410542 34.986869 34.986869 
997.500000 423 2.000000 0.442283 14.352719 0.631832 -0.374896 0.539758 0.539758 
997.500000 424 2.000000 0.229985 2.242477 -0.619900 0.142805 0.404669 0.404669 
997.500000 425 2.000000 0.999999 13.369535 -4.756279 -1.429191 24.664778 24.664778 
997.500000 426 2.000000 0.000001 10.805532 5.163649 0.059397 26.666799 26.666799 
997.500000 427 2.000000 0.999999 2.971891 -2.226526 2.515548 11.285399 11.285399 
997.500000 428 2.000000 0.999999 9.026285 -0.997603 -6.658358 45.328939 45.328939 
997.500000 429 2.000000 0.898151 18.720800 3.949558 0.549904 15.901403 15.901403 
997.500000 430 2.000000 0.132159 11.523359 0.031306 2.374826 5.640777 5.640777 
997.500000 431 2.000000 0.163269 19.953539 -1.859400 0.052993 3.460177 3.460177 
997.500000 432 2.000000 0.761092 8.597185 1.251700 3.031306 10.755571 10.755571 
997.500000 433 2.000000 0.654118 0.881761 -2.305872 -1.177813 6.704290 6.704290 
997.500000 434 2.000000 0.000001 15.022042 2.647238 1.809372 10.281696 10.281696 
997.500000 435 2.000000 0.855904 13.165966 8.559028 1.172119 74.630819 74.630819 
997.500000 436 2.000000 0.582717 10.464379 -0.341944 -0.053600 0.119799 0.119799 
997.500000 437 2.000000 0.886797 9.057556 -0.754678 4.879742 24.381424 24.381424 
997.500000 438 2.000000 0.873920 18.645164 1.466279 0.152364 2.173188 2.173188 
997.500000 439 2.000000 0.237961 4.659235 4.759191 8.471335 94.413415 94.413415 
997.500000 440 2.000000 0.196914 19.516943 -0.012234 -0.259814 0.067653 0.067653 
997.500000 441 2.000000 0.798599 17.500735 1.388853 -0.916153 2.768250 2.768250 
997.500000 442 2.000000 0.999999 3.657196 -3.109571 -1.152686 10.998113 10.998113 
997.500000 443 2.000000 0.653628 6.242413 -2.309142 1.018901 6.370298 6.370298 
997.500000 444 2.000000 0.016380 5.601806 0.327589 0.701427 0.599314 0.599314 
997.500000 445 2.000000 0.323836 5.823517 -1.690408 -2.542542 9.322000 9.322000 
997.500000 446 2.000000 0.710504 1.786707 1.184172 -0.676227 1.859546 1.859546 
997.500000 447 2.000000 0.245084 11.967448 -5.032765 3.665206 38.762461 38.762461 
997.500000 448 2.000000 0.341915 12.272295 -3.290421 -4.179742 28.297117 28.297117 
997.500000 449 2.000000 0.824366 5.764261 5.495766 -1.816205 33.502047 33.502047 
997.500000 450 2.000000 0.432496 1.646383 1.235701 -0.679567 1.988768 1.988768 
997.500000 451 2.000000 0.800585 3.228850 3.202337 4.612642 31.531428 31.531428 
997.500000 452 2.000000 0.000001 4.397194 4.258500 -1.449854 20.236899 20.236899 
997.500000 453 2.000000 0.954252 19.337335 2.007600 4.687014 25.998560 25.998560 
997.500000 454 2.000000 0.560996 14.707610 11.219890 -1.578420 128.377341 128.377341 
997.500000 455 2.000000 0.795941 2.995778 -4.081151 -4.596834 37.786672 37.786672 
997.500000 456 2.000000 0.180778 11.941291 -8.192213 0.305979 67.205976 67.205976 
997.500000 457 2.000000 0.000001 8.877372 2.573073 2.251111 11.688204 11.688204 
997.500000 458 2.000000 0.666384 19.876209 3.331917 4.101766 27.926160 27.926160 
997.500000 459 2.000000 0.279575 8.045349 -1.486917 4.344671 21.087089 21.087089 
997.500000 460 2.000000 0.523276 3.769208 5.232749 -6.242612 66.351869 66.351869 
997.500000 461 2.000000 0.571506 4.229431 -4.284931 3.965827 34.088415 34.088415 
997.500000 462 2.000000 0.126978 0.351200 -2.494345 1.755994 9.305272 9.305272 
997.500000 463 2.000000 0.056891 9.649568 -3.772430 0.443824 14.428209 14.428209 
997.500000 464 2.000000 0.393543 9.202673 0.393542 -3.123112 9.908705 9.908705 
997.500000 465 2.000000 0.765386 17.029579 -1.564086 -0.257218 2.512525 2.512525 
997.500000 466 2.000000 0.000001 12.545414 3.157529 -4.714444 32.195976 32.195976 
997.500000 467 2.000000 0.769210 19.348613 -2.307892 0.280509 5.405050 5.405050 
997.500000 468 2.000000 0.693222 11.374126 -1.227110 -1.162302 2.856744 2.856744 
997.500000 469 2.000000 0.999999 3.526361 -3.913754 -0.953754 16.227118 16.227118 
997.500000 470 2.000000 0.318648 8.580128 2.124314 2.549342 11.011858 11.011858 
997.500000 471 2.000000 0.999999 10.046240 -4.696446 1.802061 25.304028 25.304028 
997.500000 472 2.000000 0.249722 3.698489 -1.500555 2.241508 7.276023 7.276023 
997.500000 473 2.000000 0.845482 17.372821 3.381925 0.421091 11.614737 11.614737 
997.500000 474 2.000000 0.956889 1.730086 -0.862199 2.828771 8.745331 8.745331 
997.500000 475 2.000000 0.737827 10.405687 -1.747814 2.121265 7.554621 7.554621 
997.500000 476 2.000000 0.749225 18.961068 1.498448 0.064527 2.249511 2.249511 
997.500000 477 2.000000 0.000001 5.119945 3.401996 2.871595 19.819633 19.819633 
997.500000 478 2.000000 0.782464 11.314984 0.064294 -0.993005 0.990193 0.990193 
997.500000 479 2.000000 0.000001 19.083622 1.509406 0.314072 2.376949 2.376949 
997.500000 480 2.000000 0.699433 16.686962 -1.001888 1.631919 3.666938 3.666938 
997.500000 481 2.000000 0.461882 1.876080 -2.006168 1.494521 6.258304 6.258304 
997.500000 482 2.000000 0.783977 5.783051 0.184069 -0.464643 0.249775 0.249775 
997.500000 483 2.000000 0.365149 6.499156 -3.174251 -0.698295 10.563486 10.563486 
997.500000 484 2.000000 0.090516 14.978085 -2.273708 -2.976383 14.028608 14.028608 
997.500000 485 2.000000 0.370882 4.128479 3.708809 0.462139 13.968840 13.968840 
997.500000 486 2.000000 0.840057 13.644729 0.800053 -3.301788 11.541889 11.541889 
997.500000 487 2.000000 0.964714 17.520307 1.754024 1.167312 4.439217 4.439217 
997.500000 488 2.000000 0.000001 15.572563 6.772567 -3.689530 59.480300 59.480300 
997.500000 489 2.000000 0.599090 6.231905 -4.009090 -7.060561 65.924329 65.924329 
997.500000 490 2.000000 0.654386 16.466538 -1.728065 2.646627 9.990843 9.990843 
997.500000 491 2.000000 0.318069 1.353255 -2.727718 -5.668932 39.577237 39.577237 
997.500000 492 2.000000 0.604818 1.234163 -2.634539 1.114138 8.182099 8.182099 
997.500000 493 2.000000 0.790317 9.723093 -0.698938 -3.811956 15.019520 15.019520 
997.500000 494 2.000000 0.375481 4.951367 -2.081727 -5.446439 33.997290 33.997290 
997.500000 495 2.000000 0.388790 19.999999 7.775781 -4.180173 77.936618 77.936618 
997.500000 496 2.000000 0.470002 16.642041 3.133340 -4.656969 31.505186 31.505186 
997.500000 497 2.000000 0.256335 14.032481 5.126672 -4.592302 47.372002 47.372002 
997.500000 498 2.000000 0.929755 17.079056 -1.404872 -3.436404 13.782539 13.782539 
997.500000 499 2.000000 0.000001 19.388775 7.617599 -4.074830 74.632055 74.632055 
997.500000 500 2.000000 0.455070 19.441593 -2.724646 -0.806269 8.073768 8.073768 
