886.500000 1 2.000000 0.659714 12.273043 2.199044 -1.981271 8.761230 8.761230 
886.500000 2 2.000000 0.999999 7.677924 -1.686615 -1.243076 4.389907 4.389907 
886.500000 3 2.000000 0.702667 7.716918 -2.973323 -3.798317 23.267865 23.267865 
886.500000 4 2.000000 0.100673 1.144416 1.006720 -6.275698 40.397866 40.397866 
886.500000 5 2.000000 0.933649 6.155375 -1.326996 0.003126 1.760927 1.760927 
886.500000 6 2.000000 0.711391 4.358654 -2.886083 5.127827 34.624087 34.624087 
886.500000 7 2.000000 0.655851 18.630552 -2.294323 3.173524 15.335175 15.335175 
886.500000 8 2.000000 0.787825 9.260810 3.151298 -1.222763 11.425827 11.425827 
886.500000 9 2.000000 0.575677 5.481045 2.878381 3.308744 19.232869 19.232869 
886.500000 10 2.000000 0.183843 13.670195 3.676846 -4.845852 37.001471 37.001471 
886.500000 11 2.000000 0.485799 9.258153 -3.427999 -8.539981 84.682455 84.682455 
886.500000 12 2.000000 0.739221 3.098539 -5.215555 3.003258 36.221573 36.221573 
886.500000 13 2.000000 0.000001 13.239415 4.504596 0.752581 20.857760 20.857760 
886.500000 14 2.000000 0.772026 17.089882 3.088101 -3.125536 19.305344 19.305344 
886.500000 15 2.000000 0.216530 18.265652 4.330586 -1.334113 20.533829 20.533829 
886.500000 16 2.000000 0.999999 18.787158 -3.848365 -1.871168 18.311181 18.311181 
886.500000 17 2.000000 0.169288 5.751726 -2.795997 -3.842123 22.579508 22.579508 
886.500000 18 2.000000 0.493849 5.804404 -2.530752 2.521969 12.765028 12.765028 
886.500000 19 2.000000 0.246670 17.008400 2.466688 -5.983199 41.883220 41.883220 
886.500000 20 2.000000 0.946134 10.715336 -1.077293 5.446145 30.821057 30.821057 
886.500000 21 2.000000 0.962129 10.483168 -0.151481 3.904440 15.267596 15.267596 
886.500000 22 2.000000 0.829858 12.090024 -3.402827 0.417767 11.753759 11.753759 
886.500000 23 2.000000 0.061922 4.718197 0.309605 2.174455 4.824108 4.824108 
886.500000 24 2.000000 0.221293 4.112820 1.475281 -1.163810 3.530909 3.530909 
886.500000 25 2.000000 0.778466 2.942767 -2.215332 -2.273102 10.074686 10.074686 
886.500000 26 2.000000 0.687787 0.441867 -0.090161 4.418662 19.532700 19.532700 
886.500000 27 2.000000 0.718998 5.021731 0.006646 -0.673412 0.453527 0.453527 
886.500000 28 2.000000 0.929593 5.242610 -1.408116 -4.611684 23.250418 23.250418 
886.500000 29 2.000000 0.520353 3.645502 1.300880 2.916401 10.197684 10.197684 
886.500000 30 2.000000 0.245267 2.412409 -5.031550 -0.834344 26.012622 26.012622 
886.500000 31 2.000000 0.176522 7.030102 1.176809 0.848741 2.105242 2.105242 
886.500000 32 2.000000 0.166512 7.687624 -0.788945 4.922681 24.855222 24.855222 
886.500000 33 2.000000 0.048731 9.909210 0.974608 -0.469840 1.170610 1.170610 
886.500000 34 2.000000 0.726635 15.218343 7.266340 3.345334 63.990955 63.990955 
886.500000 35 2.000000 0.533991 14.089720 -1.035573 -1.807444 4.339266 4.339266 
886.500000 36 2.000000 0.214147 15.712393 -1.964629 1.137155 5.152890 5.152890 
886.500000 37 2.000000 0.208332 2.405780 -5.277779 -1.345201 29.664511 29.664511 
886.500000 38 2.000000 0.277489 8.295537 -2.890041 2.536869 14.788038 14.788038 
886.500000 39 2.000000 0.256019 11.159963 5.120352 -5.703249 58.745057 58.745057 
886.500000 40 2.000000 0.121375 1.165911 0.238748 -0.662231 0.495550 0.495550 
886.500000 41 2.000000 0.993626 6.423473 4.189511 -2.622441 24.429201 24.429201 
886.500000 42 2.000000 0.999999 17.457120 -3.933036 0.260448 15.536604 15.536604 
886.500000 43 2.000000 0.314297 8.476984 -1.523782 -5.487150 32.430724 32.430724 
886.500000 44 2.000000 0.533769 1.913428 1.755663 -0.852557 3.809204 3.809204 
886.500000 45 2.000000 0.654857 1.163773 -6.902838 4.655088 69.319014 69.319014 
886.500000 46 2.000000 0.523148 18.360413 0.871912 3.765388 14.938374 14.938374 
886.500000 47 2.000000 0.790872 2.488752 1.129815 -5.022369 26.500670 26.500670 
886.500000 48 2.000000 0.886405 1.735869 1.042829 -2.567064 7.677311 7.677311 
886.500000 49 2.000000 0.932345 4.624335 -1.353086 -4.317693 20.473312 20.473312 
886.500000 50 2.000000 0.153064 2.542665 -0.470889 6.387581 41.022926 41.022926 
886.500000 51 2.000000 0.408602 16.290343 2.876633 -2.740401 15.784813 15.784813 
886.500000 52 2.000000 0.883364 10.562456 -2.332699 0.586292 5.785223 5.785223 
886.500000 53 2.000000 0.671590 2.514397 -2.189391 0.782473 5.405695 5.405695 
886.500000 54 2.000000 0.677493 6.435742 -2.150039 2.993368 13.582918 13.582918 
886.500000 55 2.000000 0.390106 2.285553 3.901047 -3.008860 24.271411 24.271411 
886.500000 56 2.000000 0.689983 15.519958 2.340289 2.600731 12.240753 12.240753 
886.500000 57 2.000000 0.819957 15.670411 0.529004 -2.474050 6.400769 6.400769 
886.500000 58 2.000000 0.445845 19.798848 -0.600909 -4.023021 16.545792 16.545792 
886.500000 59 2.000000 0.319260 9.918008 6.385179 -1.386568 42.693084 42.693084 
886.500000 60 2.000000 0.168786 2.369069 3.375702 -0.189672 11.431337 11.431337 
886.500000 61 2.000000 0.645033 3.999767 -3.549659 -2.046980 16.790204 16.790204 
886.500000 62 2.000000 0.983290 7.451596 -0.594979 -1.988334 4.307472 4.307472 
886.500000 63 2.000000 0.285623 18.666407 1.142488 3.147222 11.210283 11.210283 
886.500000 64 2.000000 0.326911 2.023547 -4.487252 -3.162961 30.139746 30.139746 
886.500000 65 2.000000 0.585552 15.497887 1.301224 -1.233455 3.214596 3.214596 
886.500000 66 2.000000 0.660573 6.277675 0.442356 3.156921 10.161830 10.161830 
886.500000 67 2.000000 0.999999 19.177342 -2.477640 -1.206477 7.594285 7.594285 
886.500000 68 2.000000 0.355420 19.500518 -0.379746 -0.106656 0.155582 0.155582 
886.500000 69 2.000000 0.000001 19.203792 10.346316 -2.647761 114.056882 114.056882 
886.500000 70 2.000000 0.163435 0.484636 -0.836564 0.151448 0.722776 0.722776 
886.500000 71 2.000000 0.889723 10.435401 5.931479 0.278213 35.259846 35.259846 
886.500000 72 2.000000 0.457112 8.210374 -1.856516 1.543212 5.828155 5.828155 
886.500000 73 2.000000 0.198979 16.209215 3.979553 -2.365378 21.431860 21.431860 
886.500000 74 2.000000 0.169223 6.869329 0.096698 -0.682653 0.475365 0.475365 
886.500000 75 2.000000 0.529528 2.888937 1.765090 -3.204153 13.382141 13.382141 
886.500000 76 2.000000 0.281970 8.468204 -3.176256 1.883061 13.634522 13.634522 
886.500000 77 2.000000 0.065138 5.206587 -6.232407 0.855363 39.574544 39.574544 
886.500000 78 2.000000 0.999999 4.556833 -5.887279 -2.733304 42.130999 42.130999 
886.500000 79 2.000000 0.866984 11.484677 0.753898 -3.548051 13.157027 13.157027 
886.500000 80 2.000000 0.233093 17.610666 4.661847 1.911525 25.386744 25.386744 
886.500000 81 2.000000 0.000001 9.303618 3.157751 3.947486 25.554035 25.554035 
886.500000 82 2.000000 0.275291 11.935695 5.505807 2.451222 36.322395 36.322395 
886.500000 83 2.000000 0.785860 4.111072 -4.282773 6.851786 65.289111 65.289111 
886.500000 84 2.000000 0.999999 0.991039 -3.441332 1.088825 13.028308 13.028308 
886.500000 85 2.000000 0.758899 16.623009 -4.821995 -0.130832 23.268749 23.268749 
886.500000 86 2.000000 0.499544 10.893495 -3.336367 4.079265 27.771749 27.771749 
886.500000 87 2.000000 0.794223 2.219453 -2.057765 -1.557526 6.660282 6.660282 
886.500000 88 2.000000 0.957233 10.105034 6.381544 -2.854939 48.874782 48.874782 
886.500000 89 2.000000 0.999999 15.405008 -4.757313 -3.934210 38.110033 38.110033 
886.500000 90 2.000000 0.843953 1.992544 1.534457 3.320906 13.382975 13.382975 
886.500000 91 2.000000 0.815023 18.066637 -3.699526 -4.833404 37.048284 37.048284 
886.500000 92 2.000000 0.573978 7.809161 3.826511 6.790574 60.754079 60.754079 
886.500000 93 2.000000 0.906134 17.971744 -1.877307 0.362999 3.656048 3.656048 
886.500000 94 2.000000 0.482892 11.291230 -2.068427 -0.628538 4.673453 4.673453 
886.500000 95 2.000000 0.862857 14.667531 -1.371422 2.244600 6.919029 6.919029 
886.500000 96 2.000000 0.346889 14.190941 6.937768 6.299515 87.816520 87.816520 
886.500000 97 2.000000 0.460694 10.784939 1.340708 0.574344 2.127369 2.127369 
886.500000 98 2.000000 0.890611 7.866204 -0.729252 3.084785 10.047708 10.047708 
886.500000 99 2.000000 0.797740 1.183534 5.318262 -3.599082 41.237297 41.237297 
886.500000 100 2.000000 0.151079 0.330136 0.325580 0.888861 0.896077 0.896077 
886.500000 101 2.000000 0.279601 5.452438 -2.401327 0.231659 5.820037 5.820037 
886.500000 102 2.000000 0.089165 12.268637 1.783276 2.169886 7.888478 7.888478 
886.500000 103 2.000000 0.399387 16.179350 7.987729 -9.551622 155.037305 155.037305 
886.500000 104 2.000000 0.560913 13.034531 0.368005 5.931170 35.314211 35.314211 
886.500000 105 2.000000 0.426609 1.886742 -0.201190 0.101611 0.050802 0.050802 
886.500000 106 2.000000 0.138271 18.360292 -5.744853 -0.678378 33.463539 33.463539 
886.500000 107 2.000000 0.856289 9.584195 -2.874209 0.103994 8.271892 8.271892 
886.500000 108 2.000000 0.051368 2.318192 -0.451729 6.623404 44.073538 44.073538 
886.500000 109 2.000000 0.713417 0.179220 -5.731633 -2.788368 40.626609 40.626609 
886.500000 110 2.000000 0.989317 11.042124 1.648860 -2.083293 7.058847 7.058847 
886.500000 111 2.000000 0.517690 5.276988 -0.357266 0.941119 1.013344 1.013344 
886.500000 112 2.000000 0.272156 15.526082 5.443110 1.782350 32.804216 32.804216 
886.500000 113 2.000000 0.000001 7.892890 1.100440 1.692542 4.075668 4.075668 
886.500000 114 2.000000 0.271394 19.926104 -0.773919 1.074806 1.754159 1.754159 
886.500000 115 2.000000 0.967973 11.629526 3.871887 -0.502312 15.243827 15.243827 
886.500000 116 2.000000 0.657755 16.018867 2.296616 -2.819590 13.224534 13.224534 
886.500000 117 2.000000 0.559062 5.950591 -1.259821 -0.890668 2.380438 2.380438 
886.500000 118 2.000000 0.374614 4.484412 -1.786813 3.203151 13.452876 13.452876 
886.500000 119 2.000000 0.074814 16.324180 -0.529971 -2.563669 6.853266 6.853266 
886.500000 120 2.000000 0.980630 11.844723 -2.086264 2.378014 10.007448 10.007448 
886.500000 121 2.000000 0.465784 6.170300 1.564972 -3.618521 15.542831 15.542831 
886.500000 122 2.000000 0.050031 16.994165 0.333530 0.623374 0.499838 0.499838 
886.500000 123 2.000000 0.064968 17.116590 -0.890506 2.738130 8.290354 8.290354 
886.500000 124 2.000000 0.000001 1.137230 6.031739 1.350969 38.206997 38.206997 
886.500000 125 2.000000 0.859708 14.887769 2.865690 -1.404536 10.184898 10.184898 
886.500000 126 2.000000 0.999999 3.242224 -0.479114 -2.317080 5.598409 5.598409 
886.500000 127 2.000000 0.255098 5.912998 5.101941 -2.290606 31.276678 31.276678 
886.500000 128 2.000000 0.430603 17.873621 -2.277582 6.146844 42.971074 42.971074 
886.500000 129 2.000000 0.272212 16.462437 0.604913 -2.021464 4.452237 4.452237 
886.500000 130 2.000000 0.639764 18.038911 3.198815 -0.839450 10.937092 10.937092 
886.500000 131 2.000000 0.690110 15.523334 1.214393 1.570981 3.942732 3.942732 
886.500000 132 2.000000 0.305550 5.930067 1.001735 12.036834 145.888843 145.888843 
886.500000 133 2.000000 0.620128 13.047526 -3.798709 2.944781 23.101927 23.101927 
886.500000 134 2.000000 0.960327 17.850979 6.402173 3.084542 50.502217 50.502217 
886.500000 135 2.000000 0.326890 3.461753 2.179259 1.314903 6.478140 6.478140 
886.500000 136 2.000000 0.999999 4.090335 -2.344253 1.363680 7.355145 7.355145 
886.500000 137 2.000000 0.084911 8.460245 -2.614537 -1.718101 9.787675 9.787675 
886.500000 138 2.000000 0.177096 1.677837 -0.653557 -9.642872 93.412127 93.412127 
886.500000 139 2.000000 0.058642 11.116605 -3.765428 1.295538 15.856870 15.856870 
886.500000 140 2.000000 0.136777 10.779539 1.367760 -8.781391 78.983593 78.983593 
886.500000 141 2.000000 0.873017 2.350253 0.698413 -2.755146 8.078609 8.078609 
886.500000 142 2.000000 0.904940 3.656279 2.262347 3.482170 17.243720 17.243720 
886.500000 143 2.000000 0.225349 13.284418 2.253483 -1.590132 7.606705 7.606705 
886.500000 144 2.000000 0.280774 17.739056 -2.397418 -5.024318 30.991386 30.991386 
886.500000 145 2.000000 0.077830 11.577712 -0.582598 3.052747 9.658684 9.658684 
886.500000 146 2.000000 0.802414 19.762453 2.292607 -4.750910 27.827195 27.827195 
886.500000 147 2.000000 0.451764 5.603783 2.258813 -5.879669 39.672750 39.672750 
886.500000 148 2.000000 0.466166 3.004455 2.330824 -1.314795 7.161426 7.161426 
886.500000 149 2.000000 0.262510 14.815982 1.596367 -0.778275 3.154101 3.154101 
886.500000 150 2.000000 0.379208 8.161703 -1.418652 -4.478781 22.072050 22.072050 
886.500000 151 2.000000 0.000001 18.129730 5.353414 0.078422 28.665193 28.665193 
886.500000 152 2.000000 0.146553 7.363003 -0.901967 3.464011 12.812914 12.812914 
886.500000 153 2.000000 0.287933 6.239582 -2.003662 -0.504707 4.269389 4.269389 
886.500000 154 2.000000 0.660185 14.897228 -3.398145 2.162539 16.223961 16.223961 
886.500000 155 2.000000 0.847827 15.836625 -0.760859 0.240404 0.636700 0.636700 
886.500000 156 2.000000 0.571130 2.260116 -1.715478 0.617028 3.323587 3.323587 
886.500000 157 2.000000 0.635558 9.163907 4.237044 -0.750654 18.516025 18.516025 
886.500000 158 2.000000 0.422365 12.287583 2.815761 3.934743 23.410712 23.410712 
886.500000 159 2.000000 0.660854 5.448260 -0.398994 -0.440107 0.352890 0.352890 
886.500000 160 2.000000 0.312050 15.052081 0.780123 -1.677398 3.422257 3.422257 
886.500000 161 2.000000 0.140092 14.155588 0.560364 -0.445440 0.512425 0.512425 
886.500000 162 2.000000 0.132114 13.655198 2.642264 -2.884000 15.299016 15.299016 
886.500000 163 2.000000 0.600296 5.087702 -0.799405 1.395238 2.585739 2.585739 
886.500000 164 2.000000 0.609753 5.734980 3.048760 2.537687 15.734794 15.734794 
886.500000 165 2.000000 0.335559 19.565702 6.711163 -4.342972 63.901107 63.901107 
886.500000 166 2.000000 0.999999 5.276323 -5.212608 2.307466 32.495678 32.495678 
886.500000 167 2.000000 0.999999 5.619482 -3.346756 -0.910019 12.028913 12.028913 
886.500000 168 2.000000 0.917563 0.357318 2.621605 1.786586 10.064700 10.064700 
886.500000 169 2.000000 0.999999 5.358559 -8.259502 5.858761 102.544450 102.544450 
886.500000 170 2.000000 0.503512 2.160368 -3.309913 -2.348546 16.471192 16.471192 
886.500000 171 2.000000 0.000001 18.139174 6.181109 0.546442 38.504710 38.504710 
886.500000 172 2.000000 0.903274 11.587128 2.010742 -1.251576 5.609525 5.609525 
886.500000 173 2.000000 0.999999 5.687221 -3.646781 0.808556 13.952774 13.952774 
886.500000 174 2.000000 0.073877 2.377272 1.477523 0.074088 2.188564 2.188564 
886.500000 175 2.000000 0.999999 15.539647 -3.618442 1.253111 14.663410 14.663410 
886.500000 176 2.000000 0.819936 3.398142 -0.109129 -7.218199 52.114302 52.114302 
886.500000 177 2.000000 0.748637 12.832371 -5.027240 -1.660490 28.030374 28.030374 
886.500000 178 2.000000 0.737137 15.906882 1.261255 0.646288 2.008452 2.008452 
886.500000 179 2.000000 0.058564 19.642308 1.171256 -7.153812 52.548868 52.548868 
886.500000 180 2.000000 0.327338 3.174972 -0.080593 1.260330 1.594927 1.594927 
886.500000 181 2.000000 0.695440 18.694532 -3.508721 -3.925147 27.717905 27.717905 
886.500000 182 2.000000 0.163288 1.475897 0.516224 -2.752884 7.844858 7.844858 
886.500000 183 2.000000 0.521891 19.817613 2.609448 2.524104 13.180317 13.180317 
886.500000 184 2.000000 0.380462 15.904785 2.536409 4.479984 26.503625 26.503625 
886.500000 185 2.000000 0.320393 14.334180 6.407841 -6.277509 80.467541 80.467541 
886.500000 186 2.000000 0.000001 17.646292 0.508473 -0.898477 1.065807 1.065807 
886.500000 187 2.000000 0.261140 9.777202 5.222774 -1.809494 30.551633 30.551633 
886.500000 188 2.000000 0.571585 0.674523 -1.713654 1.498939 5.183427 5.183427 
886.500000 189 2.000000 0.000001 8.336416 4.667908 4.504229 42.077439 42.077439 
886.500000 190 2.000000 0.450078 1.846099 -1.833069 -4.734957 25.779961 25.779961 
886.500000 191 2.000000 0.568589 7.482478 -2.876065 -0.760016 8.849374 8.849374 
886.500000 192 2.000000 0.837542 6.709833 5.583603 -3.509976 43.496561 43.496561 
886.500000 193 2.000000 0.137973 6.104774 -0.076105 3.371752 11.374500 11.374500 
886.500000 194 2.000000 0.816073 1.035890 8.160725 3.935115 82.082557 82.082557 
886.500000 195 2.000000 0.602978 0.903929 -4.605806 -4.035530 37.498948 37.498948 
886.500000 196 2.000000 0.999999 13.794950 -6.752925 6.131718 83.199961 83.199961 
886.500000 197 2.000000 0.981526 12.794690 6.543497 -2.197377 47.645817 47.645817 
886.500000 198 2.000000 0.135994 11.300218 2.719856 4.472377 27.399773 27.399773 
886.500000 199 2.000000 0.012021 16.097125 -1.646631 1.633166 5.378624 5.378624 
886.500000 200 2.000000 0.550344 13.393421 0.917239 -0.850129 1.564046 1.564046 
886.500000 201 2.000000 0.503604 2.902303 -2.481975 1.872453 9.666282 9.666282 
886.500000 202 2.000000 0.000001 3.157806 1.126865 0.788480 1.891526 1.891526 
886.500000 203 2.000000 0.000001 16.986173 5.148161 5.679735 58.762948 58.762948 
886.500000 204 2.000000 0.000766 8.561744 -6.661551 -3.098815 53.978916 53.978916 
886.500000 205 2.000000 0.235019 12.309472 2.350181 3.535010 18.019643 18.019643 
886.500000 206 2.000000 0.482946 2.937564 -1.477295 -8.968729 82.620502 82.620502 
886.500000 207 2.000000 0.247406 10.291918 -0.298360 -4.052818 16.514353 16.514353 
886.500000 208 2.000000 0.409264 5.957493 4.092634 3.135522 26.581151 26.581151 
886.500000 209 2.000000 0.641662 4.042525 6.416612 1.616786 43.786903 43.786903 
886.500000 210 2.000000 0.104505 1.173969 -0.345229 4.377164 19.278745 19.278745 
886.500000 211 2.000000 0.831739 18.958560 -3.365194 1.903250 14.946892 14.946892 
886.500000 212 2.000000 0.086899 18.272015 0.868975 -1.466096 2.904556 2.904556 
886.500000 213 2.000000 0.182441 5.099538 1.216266 2.553933 8.001877 8.001877 
886.500000 214 2.000000 0.598340 7.922892 3.988925 6.602409 59.503332 59.503332 
886.500000 215 2.000000 0.000001 10.893695 4.344332 -0.788078 19.494287 19.494287 
886.500000 216 2.000000 0.554452 3.787230 -1.113867 -0.430290 1.425848 1.425848 
886.500000 217 2.000000 0.462079 2.834944 0.401807 0.341029 0.277750 0.277750 
886.500000 218 2.000000 0.437531 8.981378 -1.607053 4.703147 24.702215 24.702215 
886.500000 219 2.000000 0.132720 6.152050 2.654380 3.757065 21.161274 21.161274 
886.500000 220 2.000000 0.531266 15.129610 5.312649 2.519148 34.570346 34.570346 
886.500000 221 2.000000 0.494460 12.782391 4.944589 3.217836 34.803427 34.803427 
886.500000 222 2.000000 0.999999 9.771887 -4.400260 0.120363 19.376777 19.376777 
886.500000 223 2.000000 0.971420 8.947937 4.857093 0.288267 23.674453 23.674453 
886.500000 224 2.000000 0.419214 7.445595 2.096065 6.204662 42.891319 42.891319 
886.500000 225 2.000000 0.294833 8.945931 -4.701109 0.956336 23.015007 23.015007 
886.500000 226 2.000000 0.740631 7.655318 2.962521 -3.377888 20.186658 20.186658 
886.500000 227 2.000000 0.778252 6.493604 -2.217467 -4.373899 24.048150 24.048150 
886.500000 228 2.000000 0.770574 11.327281 -4.588493 -2.375596 26.697728 26.697728 
886.500000 229 2.000000 0.329336 19.248829 -1.180753 -4.911230 25.514362 25.514362 
886.500000 230 2.000000 0.498319 14.162295 -2.293993 3.908187 20.536327 20.536327 
886.500000 231 2.000000 0.777124 17.141193 2.590410 -1.509972 8.990238 8.990238 
886.500000 232 2.000000 0.624117 12.422130 -1.136224 3.199440 11.527423 11.527423 
886.500000 233 2.000000 0.570528 7.346805 5.705274 2.011204 36.595089 36.595089 
886.500000 234 2.000000 0.598617 18.594866 -8.027641 -5.683005 96.739571 96.739571 
886.500000 235 2.000000 0.426216 3.956378 -3.825220 6.086734 51.680637 51.680637 
886.500000 236 2.000000 0.939792 7.698102 6.265275 -6.301154 78.958217 78.958217 
886.500000 237 2.000000 0.120382 5.848986 2.407626 2.927254 14.365482 14.365482 
886.500000 238 2.000000 0.139467 11.597469 -1.147376 1.759924 4.413805 4.413805 
886.500000 239 2.000000 0.349203 0.905793 -2.603185 3.019305 15.892777 15.892777 
886.500000 240 2.000000 0.800042 3.064550 -3.999150 -4.864695 39.658453 39.658453 
886.500000 241 2.000000 0.000001 8.493933 4.018609 -2.449277 22.148176 22.148176 
886.500000 242 2.000000 0.881799 16.710352 1.959550 -0.619028 4.223032 4.223032 
886.500000 243 2.000000 0.619765 15.937048 0.419839 -7.314630 53.680084 53.680084 
886.500000 244 2.000000 0.797528 7.276615 0.797527 3.675596 14.146052 14.146052 
886.500000 245 2.000000 0.398426 8.346620 1.328082 11.128826 125.614560 125.614560 
886.500000 246 2.000000 0.080522 3.163757 -3.677910 -1.959635 17.367190 17.367190 
886.500000 247 2.000000 0.483937 13.395940 1.209840 5.055071 27.017459 27.017459 
886.500000 248 2.000000 0.738552 2.111078 -5.228939 -2.215679 32.251031 32.251031 
886.500000 249 2.000000 0.237393 12.722758 -2.542019 -3.421310 18.167224 18.167224 
886.500000 250 2.000000 0.912250 18.090868 2.280623 2.734501 12.678736 12.678736 
886.500000 251 2.000000 0.501026 12.261196 -4.989729 -0.734752 25.437257 25.437257 
886.500000 252 2.000000 0.034314 18.779647 -0.417280 -3.050881 9.481997 9.481997 
886.500000 253 2.000000 0.262272 9.891955 -0.088169 4.109402 16.894955 16.894955 
886.500000 254 2.000000 0.060999 16.475328 -2.682857 1.318480 8.936110 8.936110 
886.500000 255 2.000000 0.905120 4.763931 1.064846 1.130312 2.411503 2.411503 
886.500000 256 2.000000 0.203851 7.509506 -1.592296 -4.296834 20.998186 20.998186 
886.500000 257 2.000000 0.105080 3.251488 -2.237298 1.589059 7.530613 7.530613 
886.500000 258 2.000000 0.594947 18.467327 -0.736457 2.980178 9.423832 9.423832 
886.500000 259 2.000000 0.569098 6.548441 -1.077252 0.289830 1.244474 1.244474 
886.500000 260 2.000000 0.531809 19.093782 -1.337685 -2.013816 5.844857 5.844857 
886.500000 261 2.000000 0.000001 0.189392 2.077232 -2.272991 9.481381 9.481381 
886.500000 262 2.000000 0.943751 1.317446 2.642500 1.009886 8.002675 8.002675 
886.500000 263 2.000000 0.825950 16.729495 5.506325 -8.176260 97.170841 97.170841 
886.500000 264 2.000000 0.792994 16.456086 -4.140102 -3.748475 31.191511 31.191511 
886.500000 265 2.000000 0.722147 14.214231 2.407152 2.272414 10.958247 10.958247 
886.500000 266 2.000000 0.599755 18.701801 3.998358 0.219945 16.035240 16.035240 
886.500000 267 2.000000 0.629495 5.353181 -0.926259 -2.883986 9.175333 9.175333 
886.500000 268 2.000000 0.658578 9.241390 1.881648 -7.631599 61.781901 61.781901 
886.500000 269 2.000000 0.963245 4.779129 2.752127 -1.293307 9.246844 9.246844 
886.500000 270 2.000000 0.852419 3.057391 5.682787 8.735400 108.601283 108.601283 
886.500000 271 2.000000 0.465299 15.758016 -0.068018 3.176098 10.092225 10.092225 
886.500000 272 2.000000 0.372102 15.597062 7.442014 -5.166645 82.077784 82.077784 
886.500000 273 2.000000 0.497648 10.846832 0.032908 2.185783 4.778731 4.778731 
886.500000 274 2.000000 0.565860 2.103401 5.658590 4.674223 53.868002 53.868002 
886.500000 275 2.000000 0.623140 17.794013 -2.512391 0.196784 6.350832 6.350832 
886.500000 276 2.000000 0.184338 14.485158 -8.156611 -1.871390 70.032400 70.032400 
886.500000 277 2.000000 0.496274 10.514100 -2.518624 -1.768364 9.470580 9.470580 
886.500000 278 2.000000 0.000001 0.246597 1.977254 0.246596 3.970342 3.970342 
886.500000 279 2.000000 0.021341 3.242957 -3.262192 -5.494112 40.827168 40.827168 
886.500000 280 2.000000 0.686071 16.010577 -1.569639 -4.432692 22.112523 22.112523 
886.500000 281 2.000000 0.686233 8.403775 2.744930 -4.340638 26.375777 26.375777 
886.500000 282 2.000000 0.874215 12.555924 -0.503136 -1.979951 4.173353 4.173353 
886.500000 283 2.000000 0.095746 16.250685 -0.430596 -4.410958 19.641966 19.641966 
886.500000 284 2.000000 0.387864 4.446474 -3.060675 0.775073 9.968470 9.968470 
886.500000 285 2.000000 0.181142 9.566676 -8.188567 -5.207752 94.173307 94.173307 
886.500000 286 2.000000 0.030705 19.158520 0.614078 4.783081 23.254952 23.254952 
886.500000 287 2.000000 0.558145 17.925784 0.656640 -5.926328 35.552536 35.552536 
886.500000 288 2.000000 0.000001 3.210154 2.175770 -1.803999 7.988386 7.988386 
886.500000 289 2.000000 0.912631 3.842132 1.404047 -0.862065 2.714504 2.714504 
886.500000 290 2.000000 0.789493 9.215253 1.127846 1.506234 3.540779 3.540779 
886.500000 291 2.000000 0.830217 11.489971 -3.395649 3.241317 22.036568 22.036568 
886.500000 292 2.000000 0.999999 0.159456 -5.910090 -4.456910 54.793210 54.793210 
886.500000 293 2.000000 0.000001 7.800066 5.302661 -2.392144 33.840563 33.840563 
886.500000 294 2.000000 0.213124 0.314952 -3.147498 6.299011 49.584287 49.584287 
886.500000 295 2.000000 0.893624 0.505807 2.234059 -5.841576 39.115033 39.115033 
886.500000 296 2.000000 0.959261 18.485628 3.212540 -6.053218 46.961862 46.961862 
886.500000 297 2.000000 0.040097 11.748370 -1.919803 4.627808 25.102254 25.102254 
886.500000 298 2.000000 0.516085 13.780863 3.440557 3.892273 26.987223 26.987223 
886.500000 299 2.000000 0.663687 3.873863 -6.726232 1.393226 47.183280 47.183280 
886.500000 300 2.000000 0.495438 10.674925 2.477183 -5.830639 40.132786 40.132786 
886.500000 301 2.000000 0.826288 7.861357 0.529401 -0.684064 0.748208 0.748208 
886.500000 302 2.000000 0.654845 16.602047 0.678601 -0.575408 0.791593 0.791593 
886.500000 303 2.000000 0.571132 8.804230 0.543934 -5.687936 32.648477 32.648477 
886.500000 304 2.000000 0.640047 2.192449 -7.199045 3.654081 65.178552 65.178552 
886.500000 305 2.000000 0.778610 11.224912 -4.427773 3.253597 30.191075 30.191075 
886.500000 306 2.000000 0.000001 18.296339 4.207758 -1.239839 19.242431 19.242431 
886.500000 307 2.000000 0.177163 19.790665 -8.228362 1.048246 68.804766 68.804766 
886.500000 308 2.000000 0.370996 4.312287 3.709951 -2.715228 21.136203 21.136203 
886.500000 309 2.000000 0.851336 14.764675 2.394050 0.537332 6.020203 6.020203 
886.500000 310 2.000000 0.000001 18.190215 2.114683 3.604177 17.461973 17.461973 
886.500000 311 2.000000 0.905582 1.077793 3.018604 5.388959 38.152854 38.152854 
886.500000 312 2.000000 0.839182 7.116001 -1.608166 -5.972436 38.256187 38.256187 
886.500000 313 2.000000 0.692057 5.964427 -3.079415 5.422205 38.883105 38.883105 
886.500000 314 2.000000 0.181055 7.652995 1.207026 6.727034 46.709896 46.709896 
886.500000 315 2.000000 0.742732 13.168291 4.951538 2.438142 30.462265 30.462265 
886.500000 316 2.000000 0.333214 12.184631 -4.445235 2.966311 28.559116 28.559116 
886.500000 317 2.000000 0.744674 2.918197 1.241121 0.192630 1.577488 1.577488 
886.500000 318 2.000000 0.343250 8.332420 1.372994 -0.509420 2.144622 2.144622 
886.500000 319 2.000000 0.376362 4.277890 -4.157579 -0.110332 17.297639 17.297639 
886.500000 320 2.000000 0.981728 17.964719 3.272423 -4.522845 31.164881 31.164881 
886.500000 321 2.000000 0.229871 4.948527 0.919482 -3.029209 10.021555 10.021555 
886.500000 322 2.000000 0.491671 0.832694 0.446973 2.775645 7.903989 7.903989 
886.500000 323 2.000000 0.471770 8.304197 -6.543541 8.134419 108.986702 108.986702 
886.500000 324 2.000000 0.650320 7.367960 -0.639438 2.240353 5.428064 5.428064 
886.500000 325 2.000000 0.502018 14.168735 0.065054 0.120822 0.018830 0.018830 
886.500000 326 2.000000 0.993024 17.836009 2.477463 -0.793484 6.767441 6.767441 
886.500000 327 2.000000 0.118530 8.011982 2.370584 -0.489692 5.859466 5.859466 
886.500000 328 2.000000 0.458063 0.938178 3.053745 -5.119023 35.529753 35.529753 
886.500000 329 2.000000 0.093248 2.645094 0.111100 -1.099931 1.222191 1.222191 
886.500000 330 2.000000 0.044447 10.878099 -4.777761 -4.675497 44.687278 44.687278 
886.500000 331 2.000000 0.927906 7.915608 -1.441868 -0.884453 2.861241 2.861241 
886.500000 332 2.000000 0.526927 15.812625 -1.892288 -0.645233 3.997081 3.997081 
886.500000 333 2.000000 0.495274 10.250619 -0.022380 2.849811 8.121924 8.121924 
886.500000 334 2.000000 0.735589 12.529675 7.355877 -4.160267 71.416743 71.416743 
886.500000 335 2.000000 0.256519 1.604146 -0.825903 2.467312 6.769745 6.769745 
886.500000 336 2.000000 0.231699 6.846499 2.316978 -5.474879 35.342684 35.342684 
886.500000 337 2.000000 0.440813 12.543268 -1.118372 -1.156962 2.589318 2.589318 
886.500000 338 2.000000 0.835180 5.313083 -0.412047 -0.542782 0.464394 0.464394 
886.500000 339 2.000000 0.307570 15.369204 -3.462147 0.532666 12.270198 12.270198 
886.500000 340 2.000000 0.999999 16.524633 -0.827959 -1.407097 2.665438 2.665438 
886.500000 341 2.000000 0.449882 17.367487 4.498807 5.842255 54.371214 54.371214 
886.500000 342 2.000000 0.657783 19.274189 -3.422165 -0.228919 11.763616 11.763616 
886.500000 343 2.000000 0.999999 0.144172 -2.404485 -0.198539 5.820967 5.820967 
886.500000 344 2.000000 0.373383 6.005742 1.460702 -6.680565 46.763606 46.763606 
886.500000 345 2.000000 0.969070 18.352938 2.768770 -2.533941 14.086942 14.086942 
886.500000 346 2.000000 0.999999 17.906513 -1.978812 -0.487658 4.153508 4.153508 
886.500000 347 2.000000 0.102067 0.485376 2.041329 -1.729914 7.159626 7.159626 
886.500000 348 2.000000 0.117585 11.021531 2.351689 -6.413191 46.659464 46.659464 
886.500000 349 2.000000 0.331776 17.798487 1.327099 3.099359 11.367217 11.367217 
886.500000 350 2.000000 0.560790 1.660017 -8.784173 6.640064 121.252146 121.252146 
886.500000 351 2.000000 0.956207 12.449984 2.124901 -3.228860 14.940742 14.940742 
886.500000 352 2.000000 0.036772 6.064753 0.735421 -7.545034 57.468377 57.468377 
886.500000 353 2.000000 0.450399 18.347256 -1.832000 -6.610974 47.061199 47.061199 
886.500000 354 2.000000 0.237569 4.255446 -1.386237 3.039603 11.160841 11.160841 
886.500000 355 2.000000 0.019150 16.490016 -3.923398 3.846885 30.191574 30.191574 
886.500000 356 2.000000 0.263236 16.106508 1.754903 1.205331 4.532508 4.532508 
886.500000 357 2.000000 0.333638 18.135886 -0.096327 4.548561 20.698689 20.698689 
886.500000 358 2.000000 0.422385 10.175373 -2.888071 -1.317145 10.075827 10.075827 
886.500000 359 2.000000 0.007513 13.023991 -2.835674 -2.791190 15.831788 15.831788 
886.500000 360 2.000000 0.511010 15.899821 -9.779774 -0.047283 95.646221 95.646221 
886.500000 361 2.000000 0.522014 6.833155 1.740044 3.416068 14.697272 14.697272 
886.500000 362 2.000000 0.000001 7.348142 3.334379 3.061135 20.488629 20.488629 
886.500000 363 2.000000 0.342370 5.834921 -1.878940 -0.433020 3.717921 3.717921 
886.500000 364 2.000000 0.000001 15.755651 5.667539 -1.242262 33.664210 33.664210 
886.500000 365 2.000000 0.456305 10.751473 -2.174774 3.543078 17.283045 17.283045 
886.500000 366 2.000000 0.404798 2.971979 -2.976003 -6.684485 53.538931 53.538931 
886.500000 367 2.000000 0.100332 19.436371 1.003312 2.879230 9.296599 9.296599 
886.500000 368 2.000000 0.109986 17.345462 1.099852 2.424691 7.088802 7.088802 
886.500000 369 2.000000 0.999999 19.891773 -3.850291 -2.164529 19.509932 19.509932 
886.500000 370 2.000000 0.000001 15.934147 7.722501 2.296768 64.912172 64.912172 
886.500000 371 2.000000 0.794405 9.903728 0.223112 -0.276283 0.126111 0.126111 
886.500000 372 2.000000 0.453676 14.974296 4.536748 -1.619545 23.205011 23.205011 
886.500000 373 2.000000 0.536194 7.288681 -1.855221 -2.894872 11.822130 11.822130 
886.500000 374 2.000000 0.552042 8.084946 0.597401 -5.110667 26.475806 26.475806 
886.500000 375 2.000000 0.684550 13.113318 -3.154486 -0.025086 9.951413 9.951413 
886.500000 376 2.000000 0.317662 2.842812 1.588307 5.685621 34.849009 34.849009 
886.500000 377 2.000000 0.999999 8.141718 -5.359477 -0.709304 29.227110 29.227110 
886.500000 378 2.000000 0.695046 13.584085 1.985844 -3.063874 13.330903 13.330903 
886.500000 379 2.000000 0.374690 19.172850 3.746890 -2.757162 21.641129 21.641129 
886.500000 380 2.000000 0.000001 7.650399 3.344764 -2.481491 17.345244 17.345244 
886.500000 381 2.000000 0.999999 16.773111 -4.442882 -0.489519 19.978833 19.978833 
886.500000 382 2.000000 0.794634 2.902371 5.297555 -3.797690 42.486534 42.486534 
886.500000 383 2.000000 0.606290 18.413521 -2.624728 3.144352 16.776146 16.776146 
886.500000 384 2.000000 0.999999 19.800402 -1.788115 6.256023 42.335182 42.335182 
886.500000 385 2.000000 0.875229 16.240656 5.834854 3.080499 43.534998 43.534998 
886.500000 386 2.000000 0.855471 9.385466 -0.722642 3.830802 15.197254 15.197254 
886.500000 387 2.000000 0.300509 12.719293 1.502542 -3.386375 13.725167 13.725167 
886.500000 388 2.000000 0.403907 11.098541 0.807812 -1.589546 3.179216 3.179216 
886.500000 389 2.000000 0.763607 11.513822 3.136599 7.606875 67.702798 67.702798 
886.500000 390 2.000000 0.336963 17.934066 -1.657590 2.379772 8.410917 8.410917 
886.500000 391 2.000000 0.055092 10.526156 -1.299149 -2.082441 6.024349 6.024349 
886.500000 392 2.000000 0.999999 2.399970 -6.121890 -1.053250 38.586867 38.586867 
886.500000 393 2.000000 0.261705 19.924936 -1.102833 8.209446 68.611238 68.611238 
886.500000 394 2.000000 0.571545 8.084971 -2.245585 -0.602018 5.405079 5.405079 
886.500000 395 2.000000 0.479618 17.655246 0.685167 -1.953961 4.287418 4.287418 
886.500000 396 2.000000 0.831414 5.814811 -0.674341 -1.286437 2.109655 2.109655 
886.500000 397 2.000000 0.544808 19.672022 -4.551910 3.634305 33.928052 33.928052 
886.500000 398 2.000000 0.000001 5.918459 3.150250 -2.129442 14.458600 14.458600 
886.500000 399 2.000000 0.999999 7.442349 -0.588746 -3.041846 9.599448 9.599448 
886.500000 400 2.000000 0.913681 17.299892 -0.863184 -6.238030 39.658110 39.658110 
886.500000 401 2.000000 0.162335 1.976534 3.246674 1.718725 13.494906 13.494906 
886.500000 402 2.000000 0.536278 5.652252 -4.637212 -1.680974 24.329412 24.329412 
886.500000 403 2.000000 0.261796 16.586704 5.235905 1.734137 30.421935 30.421935 
886.500000 404 2.000000 0.137715 3.128110 0.918094 1.690870 3.701937 3.701937 
886.500000 405 2.000000 0.262505 11.855821 1.050016 -1.393668 3.044845 3.044845 
886.500000 406 2.000000 0.586673 18.104094 5.866718 6.225737 73.178182 73.178182 
886.500000 407 2.000000 0.920292 7.194456 -0.227733 -1.345876 1.863244 1.863244 
886.500000 408 2.000000 0.936651 16.550557 9.366504 1.247239 89.287006 89.287006 
886.500000 409 2.000000 0.301053 11.791710 -2.795783 2.772678 15.504145 15.504145 
886.500000 410 2.000000 0.341780 11.018555 -2.632874 3.612641 19.983199 19.983199 
886.500000 411 2.000000 0.806982 3.574699 -3.860347 -5.538739 45.579905 45.579905 
886.500000 412 2.000000 0.999999 15.450554 -5.315533 -3.952014 43.873313 43.873313 
886.500000 413 2.000000 0.341285 5.259249 0.200755 5.008807 25.128453 25.128453 
886.500000 414 2.000000 0.053076 19.085050 -1.993126 1.668798 6.757437 6.757437 
886.500000 415 2.000000 0.684609 9.935135 3.501769 -8.000398 76.268761 76.268761 
886.500000 416 2.000000 0.519131 8.068718 2.076521 -3.429338 16.072300 16.072300 
886.500000 417 2.000000 0.209773 10.259571 1.048860 1.811476 4.381552 4.381552 
886.500000 418 2.000000 0.794528 2.580241 3.972634 -0.310681 15.878343 15.878343 
886.500000 419 2.000000 0.380862 10.525769 0.063901 -2.102268 4.423615 4.423615 
886.500000 420 2.000000 0.092694 4.524483 0.617955 2.415270 6.215397 6.215397 
886.500000 421 2.000000 0.247158 15.099751 1.128515 4.978122 26.055240 26.055240 
886.500000 422 2.000000 0.263677 16.538601 -1.467075 2.361532 7.729142 7.729142 
886.500000 423 2.000000 0.428135 19.203379 -5.718641 -5.310799 60.907442 60.907442 
886.500000 424 2.000000 0.895754 14.176469 2.239383 2.959797 13.775231 13.775231 
886.500000 425 2.000000 0.999999 19.485407 -8.296343 2.243011 73.860406 73.860406 
886.500000 426 2.000000 0.289262 7.225079 5.785221 -3.118455 43.193548 43.193548 
886.500000 427 2.000000 0.645780 17.339734 -1.012054 3.912677 16.333294 16.333294 
886.500000 428 2.000000 0.710919 9.164078 -5.781600 4.262362 51.594620 51.594620 
886.500000 429 2.000000 0.227371 5.699285 1.103538 -2.965651 10.012881 10.012881 
886.500000 430 2.000000 0.832994 10.762838 -3.340106 4.314259 29.769140 29.769140 
886.500000 431 2.000000 0.680533 4.474227 0.616291 -1.725263 3.356345 3.356345 
886.500000 432 2.000000 0.999999 19.385379 -4.269013 2.992019 27.176649 27.176649 
886.500000 433 2.000000 0.300512 1.427439 1.476305 -3.942242 17.720752 17.720752 
886.500000 434 2.000000 0.053339 1.711482 -6.311067 -0.216407 39.876395 39.876395 
886.500000 435 2.000000 0.141448 0.580261 -5.723674 -3.807984 47.261180 47.261180 
886.500000 436 2.000000 0.594025 9.779601 -0.638281 -5.735916 33.308130 33.308130 
886.500000 437 2.000000 0.458456 12.506022 4.584551 1.878673 24.547519 24.547519 
886.500000 438 2.000000 0.050115 17.973693 -2.374709 3.817364 20.211516 20.211516 
886.500000 439 2.000000 0.359805 12.024471 0.719608 -2.701095 7.813753 7.813753 
886.500000 440 2.000000 0.894756 18.530892 1.789511 0.490175 3.442620 3.442620 
886.500000 441 2.000000 0.277774 12.725714 5.555468 -1.998775 34.858330 34.858330 
886.500000 442 2.000000 0.552268 10.964659 -2.984873 0.014213 8.909672 8.909672 
886.500000 443 2.000000 0.610506 10.406331 -2.596617 -2.108499 11.188187 11.188187 
886.500000 444 2.000000 0.170090 17.496394 0.485968 0.916082 1.075371 1.075371 
886.500000 445 2.000000 0.862101 1.793506 5.747332 -2.077514 37.347892 37.347892 
886.500000 446 2.000000 0.240102 1.837210 -1.899742 4.082686 20.277346 20.277346 
886.500000 447 2.000000 0.877744 19.149031 2.925811 -1.215668 10.038218 10.038218 
886.500000 448 2.000000 0.636548 10.522098 -7.269023 -5.599470 84.192764 84.192764 
886.500000 449 2.000000 0.295467 17.013816 1.969776 6.320550 43.829374 43.829374 
886.500000 450 2.000000 0.752811 0.508268 5.018734 -3.263403 35.837490 35.837490 
886.500000 451 2.000000 0.797255 4.864451 -4.054890 -1.143438 17.749580 17.749580 
886.500000 452 2.000000 0.711150 19.865968 1.292998 -2.680625 8.857598 8.857598 
886.500000 453 2.000000 0.590832 15.870744 3.938874 -3.303404 26.427202 26.427202 
886.500000 454 2.000000 0.977736 7.479054 -0.222625 0.011806 0.049701 0.049701 
886.500000 455 2.000000 0.712511 4.133778 -0.229990 1.968465 3.927751 3.927751 
886.500000 456 2.000000 0.362058 1.683525 2.836091 1.219811 9.531350 9.531350 
886.500000 457 2.000000 0.619858 0.898423 -7.136017 -0.481811 51.154874 51.154874 
886.500000 458 2.000000 0.978195 2.542338 0.978194 -2.877942 9.239411 9.239411 
886.500000 459 2.000000 0.404270 0.118710 4.042685 2.374180 21.980034 21.980034 
886.500000 460 2.000000 0.626248 13.745029 -2.491672 1.093236 7.403595 7.403595 
886.500000 461 2.000000 0.000001 3.285016 0.769111 -6.779800 46.557222 46.557222 
886.500000 462 2.000000 0.845929 4.030983 2.114821 0.303675 4.564686 4.564686 
886.500000 463 2.000000 0.346640 13.217275 -6.533588 1.637157 45.368061 45.368061 
886.500000 464 2.000000 0.876496 19.855025 1.095619 -2.899470 9.607308 9.607308 
886.500000 465 2.000000 0.325491 6.345103 0.314649 0.073545 0.104413 0.104413 
886.500000 466 2.000000 0.714812 11.901685 -2.836462 -1.861602 11.511082 11.511082 
886.500000 467 2.000000 0.262630 6.330401 2.626290 -3.254805 17.491155 17.491155 
886.500000 468 2.000000 0.727087 1.885584 -0.061632 -0.886839 0.790282 0.790282 
886.500000 469 2.000000 0.697126 19.506438 4.758896 -9.871222 120.088121 120.088121 
886.500000 470 2.000000 0.213726 7.548763 2.137254 3.927699 19.994673 19.994673 
886.500000 471 2.000000 0.000001 18.578298 2.986075 -1.184751 10.320278 10.320278 
886.500000 472 2.000000 0.999999 11.839796 0.162201 -3.658550 13.411296 13.411296 
886.500000 473 2.000000 0.600623 15.719707 -0.115580 -0.358021 0.141537 0.141537 
886.500000 474 2.000000 0.928925 19.999999 -0.710743 -3.171008 10.560444 10.560444 
886.500000 475 2.000000 0.999999 14.044035 -4.660933 4.007627 37.785373 37.785373 
886.500000 476 2.000000 0.090809 15.132356 1.816152 -5.379195 32.234144 32.234144 
886.500000 477 2.000000 0.772616 16.695138 -1.515889 1.917261 5.973810 5.973810 
886.500000 478 2.000000 0.963001 3.047400 -0.739954 -0.042365 0.549327 0.549327 
886.500000 479 2.000000 0.445569 7.112783 -5.544303 -1.688877 33.591602 33.591602 
886.500000 480 2.000000 0.390394 0.642830 -2.032018 -1.379382 6.031791 6.031791 
886.500000 481 2.000000 0.344280 0.680928 -3.278593 -6.334122 50.870267 50.870267 
886.500000 482 2.000000 0.526232 0.675490 2.631154 1.929968 10.647745 10.647745 
886.500000 483 2.000000 0.413300 13.821997 -11.733988 2.242950 142.717309 142.717309 
886.500000 484 2.000000 0.999999 13.633578 -5.531441 -2.338672 36.066229 36.066229 
886.500000 485 2.000000 0.713566 2.245088 -1.909553 -4.117773 20.602445 20.602445 
886.500000 486 2.000000 0.402100 2.668347 -2.989495 4.851538 32.474505 32.474505 
886.500000 487 2.000000 0.000001 0.685898 0.713650 -6.472255 42.399377 42.399377 
886.500000 488 2.000000 0.488909 14.222422 -0.492186 -5.340625 28.764522 28.764522 
886.500000 489 2.000000 0.091169 12.521634 -1.817661 -6.231971 42.141354 42.141354 
886.500000 490 2.000000 0.049982 10.926732 -4.750085 -1.350752 24.387843 24.387843 
886.500000 491 2.000000 0.753615 17.910814 -0.067193 -0.023394 0.005062 0.005062 
886.500000 492 2.000000 0.164973 0.318155 -1.005598 0.357343 1.138922 1.138922 
886.500000 493 2.000000 0.000001 1.684610 2.030359 0.796719 4.757119 4.757119 
886.500000 494 2.000000 0.936914 5.838230 3.747654 7.841353 75.531733 75.531733 
886.500000 495 2.000000 0.671353 3.571110 -0.730326 -7.301728 53.848614 53.848614 
886.500000 496 2.000000 0.032432 19.809035 -1.321290 2.211680 6.637336 6.637336 
886.500000 497 2.000000 0.550495 0.757222 3.482987 2.141332 16.716496 16.716496 
886.500000 498 2.000000 0.175208 7.754414 -4.123956 -4.221457 34.827714 34.827714 
886.500000 499 2.000000 0.668516 8.696671 1.910043 -2.453677 9.668793 9.668793 
886.500000 500 2.000000 0.411176 13.917698 -1.308496 1.791198 4.920553 4.920553 
