103.000000 1 2.000000 3.775919 13.367524 -0.984530 0.779291 1.576594 1.576594 
103.000000 2 2.000000 9.605120 10.574362 -0.322935 -0.291471 0.189242 0.189242 
103.000000 3 2.000000 7.266203 4.727592 0.576683 0.762515 0.913992 0.913992 
103.000000 4 2.000000 12.584989 6.984848 -1.149432 -0.876441 2.089342 2.089342 
103.000000 5 2.000000 3.997540 10.863195 0.490496 2.049659 4.441689 4.441689 
103.000000 6 2.000000 6.378576 7.743039 1.004500 0.624439 1.398944 1.398944 
103.000000 7 2.000000 12.891110 6.494444 0.151290 1.073462 1.175209 1.175209 
103.000000 8 2.000000 3.262734 18.994735 0.049740 0.112698 0.015175 0.015175 
103.000000 9 2.000000 1.836963 2.708016 0.390843 1.061967 1.280531 1.280531 
103.000000 10 2.000000 15.790657 6.463866 -2.006944 0.434650 4.216743 4.216743 
103.000000 11 2.000000 3.616849 9.707136 -1.175374 0.850972 2.105658 2.105658 
103.000000 12 2.000000 8.899439 8.021699 -0.004027 -1.316297 1.732653 1.732653 
103.000000 13 2.000000 9.591057 15.941200 1.053962 0.398870 1.269934 1.269934 
103.000000 14 2.000000 2.057346 18.523406 0.685782 -0.546886 0.769381 0.769381 
103.000000 15 2.000000 14.702556 18.218925 -1.102187 0.022412 1.215318 1.215318 
103.000000 16 2.000000 0.429183 9.192601 -0.364100 -1.365833 1.998067 1.998067 
103.000000 17 2.000000 4.024522 8.727004 -0.375748 -0.663117 0.580911 0.580911 
103.000000 18 2.000000 12.211379 11.159034 -1.587848 -0.236311 2.577104 2.577104 
103.000000 19 2.000000 0.000001 5.700545 0.785463 -1.186677 2.025154 2.025154 
103.000000 20 2.000000 4.702339 13.068037 0.729045 -0.731328 1.066346 1.066346 
103.000000 21 2.000000 8.871472 13.892590 1.792216 1.704612 6.117742 6.117742 
103.000000 22 2.000000 7.266963 9.859517 0.997280 0.149393 1.016886 1.016886 
103.000000 23 2.000000 12.948352 1.745859 0.231014 -0.297999 0.142171 0.142171 
103.000000 24 2.000000 15.526572 5.671805 1.194352 0.257225 1.492640 1.492640 
103.000000 25 2.000000 4.330995 18.408666 -0.242566 -0.100400 0.068918 0.068918 
103.000000 26 2.000000 13.256210 16.514930 0.313249 1.285209 1.749886 1.749886 
103.000000 27 2.000000 8.350316 1.551146 0.463906 0.795459 0.847964 0.847964 
103.000000 28 2.000000 5.191823 8.443250 -0.546087 -0.774844 0.898595 0.898595 
103.000000 29 2.000000 4.248925 13.102675 -1.227656 -0.331602 1.617098 1.617098 
103.000000 30 2.000000 12.999189 4.306235 0.037984 -0.287667 0.084195 0.084195 
103.000000 31 2.000000 9.569209 17.607618 -0.056188 -0.011603 0.003292 0.003292 
103.000000 32 2.000000 7.179352 19.880875 -0.003121 -0.476496 0.227058 0.227058 
103.000000 33 2.000000 10.989042 0.747854 -0.760973 0.650307 1.001978 1.001978 
103.000000 34 2.000000 4.798844 11.575117 0.233520 -0.653092 0.481060 0.481060 
103.000000 35 2.000000 14.613125 5.131228 -0.425219 0.006636 0.180855 0.180855 
103.000000 36 2.000000 10.306686 15.401269 0.055169 0.965235 0.934722 0.934722 
103.000000 37 2.000000 14.244162 3.349588 0.261361 -0.965241 1.000000 1.000000 
103.000000 38 2.000000 7.630419 8.949800 -1.069168 0.540773 1.435557 1.435557 
103.000000 39 2.000000 8.647544 8.834157 -0.312989 -0.067522 0.102521 0.102521 
103.000000 40 2.000000 10.334389 7.372390 -1.172078 1.110165 2.606232 2.606232 
103.000000 41 2.000000 15.791682 15.112686 0.071913 -0.997411 1.000000 1.000000 
103.000000 42 2.000000 10.033702 7.924514 0.899884 -0.267896 0.881559 0.881559 
103.000000 43 2.000000 6.639724 3.020287 -0.007434 -1.230414 1.513974 1.513974 
103.000000 44 2.000000 12.035582 14.915584 -1.303755 0.022114 1.700267 1.700267 
103.000000 45 2.000000 4.245939 19.749011 -0.678222 -0.627470 0.853704 0.853704 
103.000000 46 2.000000 10.909237 11.084935 -0.068426 -0.464326 0.220281 0.220281 
103.000000 47 2.000000 2.914040 6.622233 0.869863 0.715341 1.268373 1.268373 
103.000000 48 2.000000 5.535615 8.808871 -1.057361 -0.038751 1.119513 1.119513 
103.000000 49 2.000000 4.313515 0.030361 0.179841 0.202400 0.073309 0.073309 
103.000000 50 2.000000 12.496254 0.395330 -0.801776 0.465093 0.859155 0.859155 
103.000000 51 2.000000 0.502389 4.186436 0.888382 -0.479307 1.018958 1.018958 
103.000000 52 2.000000 12.452637 11.402517 1.236037 0.200592 1.568024 1.568024 
103.000000 53 2.000000 5.751323 1.956299 0.410809 0.567043 0.490302 0.490302 
103.000000 54 2.000000 9.376975 2.225459 -0.475070 1.085589 1.404195 1.404195 
103.000000 55 2.000000 12.021816 6.014118 0.973426 -0.547393 1.247197 1.247197 
103.000000 56 2.000000 4.762733 10.283026 0.907187 -0.385311 0.971453 0.971453 
103.000000 57 2.000000 8.675343 18.355602 0.512328 0.956412 1.177203 1.177203 
103.000000 58 2.000000 3.796609 19.542399 -0.990666 -1.144000 2.290155 2.290155 
103.000000 59 2.000000 5.418068 13.454172 0.860011 -0.393143 0.894179 0.894179 
103.000000 60 2.000000 5.940787 11.810592 -0.678076 -0.158556 0.484928 0.484928 
103.000000 61 2.000000 2.697620 5.560062 -0.082289 -1.132544 1.289428 1.289428 
103.000000 62 2.000000 12.778074 8.125047 -0.110622 -1.019309 1.051228 1.051228 
103.000000 63 2.000000 1.915864 9.716691 0.150264 0.711845 0.529303 0.529303 
103.000000 64 2.000000 2.793253 19.678859 0.078352 0.334285 0.117886 0.117886 
103.000000 65 2.000000 5.138656 12.275330 0.019159 0.743959 0.553843 0.553843 
103.000000 66 2.000000 1.855165 0.261704 0.570820 -0.420331 0.502513 0.502513 
103.000000 67 2.000000 1.312743 3.011255 0.350065 0.898882 0.930534 0.930534 
103.000000 68 2.000000 5.844983 18.290581 -0.700849 -0.040113 0.492798 0.492798 
103.000000 69 2.000000 3.756966 9.061886 0.298270 0.528823 0.368618 0.368618 
103.000000 70 2.000000 1.047224 12.883366 0.332452 0.955496 1.023496 1.023496 
103.000000 71 2.000000 11.711114 10.824534 0.911371 0.909625 1.658013 1.658013 
103.000000 72 2.000000 10.341283 19.099653 -1.358624 -0.064773 1.850056 1.850056 
103.000000 73 2.000000 6.613260 11.791336 -0.487027 0.543630 0.532729 0.532729 
103.000000 74 2.000000 11.826942 15.292126 -0.461067 1.498969 2.459491 2.459491 
103.000000 75 2.000000 4.633260 7.572818 -0.473661 -0.595080 0.578475 0.578475 
103.000000 76 2.000000 9.085339 6.995328 1.121647 -0.390935 1.410922 1.410922 
103.000000 77 2.000000 8.884234 6.295970 -0.905683 -0.065707 0.824578 0.824578 
103.000000 78 2.000000 15.294582 8.543041 -0.969079 -1.372091 2.821747 2.821747 
103.000000 79 2.000000 3.441982 9.257354 -0.050538 0.127518 0.018815 0.018815 
103.000000 80 2.000000 2.337392 8.922351 0.445217 1.129411 1.473789 1.473789 
103.000000 81 2.000000 13.981493 18.748281 -1.145635 -0.266323 1.383407 1.383407 
103.000000 82 2.000000 12.646042 18.574628 1.109397 0.356314 1.357721 1.357721 
103.000000 83 2.000000 12.172971 16.707582 -0.013436 1.280274 1.639283 1.639283 
103.000000 84 2.000000 0.705362 6.831655 -0.356813 -1.248184 1.685280 1.685280 
103.000000 85 2.000000 0.446461 11.934220 -0.844836 -1.376497 2.608493 2.608493 
103.000000 86 2.000000 7.213956 15.861329 0.624585 -0.836095 1.089161 1.089161 
103.000000 87 2.000000 12.095013 2.194449 0.728615 0.023128 0.531415 0.531415 
103.000000 88 2.000000 13.623751 19.699104 1.238523 -0.019602 1.534323 1.534323 
103.000000 89 2.000000 0.168378 12.140769 0.841883 -0.748498 1.269017 1.269017 
103.000000 90 2.000000 7.853267 12.121687 -0.321399 0.546022 0.401437 0.401437 
103.000000 91 2.000000 2.265701 6.031504 -0.735995 0.316614 0.641933 0.641933 
103.000000 92 2.000000 16.034877 13.768161 1.564378 -0.047557 2.449541 2.449541 
103.000000 93 2.000000 4.969135 1.739459 0.652946 -0.372820 0.565333 0.565333 
103.000000 94 2.000000 7.716717 15.600624 1.543343 -0.666572 2.826227 2.826227 
103.000000 95 2.000000 4.644923 11.038729 0.326008 -0.539425 0.397260 0.397260 
103.000000 96 2.000000 13.489346 19.417196 -0.041161 0.632056 0.401188 0.401188 
103.000000 97 2.000000 5.352250 8.346665 0.792926 -0.129481 0.645497 0.645497 
103.000000 98 2.000000 10.066614 19.470446 0.406016 -1.513008 2.454042 2.454042 
103.000000 99 2.000000 15.103218 16.365151 -0.256396 -0.043398 0.067622 0.067622 
103.000000 100 2.000000 1.169717 18.914159 0.899782 0.762668 1.391269 1.391269 
103.000000 101 2.000000 0.526193 6.730144 -1.609698 -0.366661 2.725567 2.725567 
103.000000 102 2.000000 4.420959 1.923543 -0.335141 -0.495081 0.357424 0.357424 
103.000000 103 2.000000 12.553046 3.612252 -0.017699 -1.358150 1.844884 1.844884 
103.000000 104 2.000000 0.226469 5.001293 0.266432 0.627277 0.464462 0.464462 
103.000000 105 2.000000 4.053746 8.524082 -0.462418 -0.054307 0.216780 0.216780 
103.000000 106 2.000000 4.624831 12.713978 -1.498021 -0.368912 2.380165 2.380165 
103.000000 107 2.000000 0.399722 12.507415 0.088827 -0.954469 0.918902 0.918902 
103.000000 108 2.000000 1.738508 11.478661 0.739790 -0.689987 1.023372 1.023372 
103.000000 109 2.000000 4.078550 5.715089 -0.180334 -0.746876 0.590345 0.590345 
103.000000 110 2.000000 11.403317 8.248503 0.498998 0.282652 0.328891 0.328891 
103.000000 111 2.000000 6.023131 7.572131 0.204255 0.792893 0.670400 0.670400 
103.000000 112 2.000000 4.333860 11.357180 1.444620 0.417596 2.261312 2.261312 
103.000000 113 2.000000 7.630426 13.401019 -0.660672 0.310636 0.532981 0.532981 
103.000000 114 2.000000 13.546784 11.755905 -0.996194 -0.689882 1.468341 1.468341 
103.000000 115 2.000000 0.712861 2.738963 0.324027 1.404596 2.077883 2.077883 
103.000000 116 2.000000 11.840649 16.529171 0.241531 -0.237164 0.114584 0.114584 
103.000000 117 2.000000 11.265670 3.347438 1.204884 -0.213768 1.497443 1.497443 
103.000000 118 2.000000 13.038793 10.167045 -1.047489 -1.128116 2.369878 2.369878 
103.000000 119 2.000000 9.109667 14.426567 1.029341 0.197354 1.098491 1.098491 
103.000000 120 2.000000 14.157043 5.120312 0.414555 0.731473 0.706908 0.706908 
103.000000 121 2.000000 7.143773 12.248005 0.126650 -0.249662 0.078371 0.078371 
103.000000 122 2.000000 13.975862 7.149844 1.033031 -0.010663 1.067268 1.067268 
103.000000 123 2.000000 1.664834 5.958227 0.449955 0.726613 0.730426 0.730426 
103.000000 124 2.000000 3.730209 5.084349 -0.981190 -1.724353 3.936126 3.936126 
103.000000 125 2.000000 6.113972 12.623463 -0.859436 -0.492618 0.981303 0.981303 
103.000000 126 2.000000 6.640603 11.886377 0.120598 -0.127424 0.030781 0.030781 
103.000000 127 2.000000 15.274386 5.573831 -1.286635 -1.019671 2.695159 2.695159 
103.000000 128 2.000000 3.774087 9.269813 -0.060895 0.479060 0.233207 0.233207 
103.000000 129 2.000000 0.683748 19.617957 -0.474408 -1.091549 1.416543 1.416543 
103.000000 130 2.000000 2.278993 17.900938 -0.373145 1.181580 1.535368 1.535368 
103.000000 131 2.000000 6.551582 9.369533 -0.849440 -1.610677 3.315827 3.315827 
103.000000 132 2.000000 3.038480 12.307854 -0.778742 -0.364197 0.739079 0.739079 
103.000000 133 2.000000 7.485946 16.817325 0.920951 -0.636535 1.253327 1.253327 
103.000000 134 2.000000 10.895219 1.313516 -0.073363 0.416989 0.179262 0.179262 
103.000000 135 2.000000 0.231906 13.055212 -0.682687 -1.714762 3.406471 3.406471 
103.000000 136 2.000000 1.987408 11.115557 -0.245004 0.769243 0.651761 0.651761 
103.000000 137 2.000000 1.804665 19.053211 0.508356 -0.901703 1.071494 1.071494 
103.000000 138 2.000000 10.636936 0.073321 1.119677 -0.603567 1.617971 1.617971 
103.000000 139 2.000000 12.015432 14.055756 -0.705306 -0.111315 0.509848 0.509848 
103.000000 140 2.000000 0.687954 12.236326 -0.279555 -0.621065 0.463873 0.463873 
103.000000 141 2.000000 10.012394 11.707704 1.034554 -0.366785 1.204834 1.204834 
103.000000 142 2.000000 10.985042 5.185929 0.042887 -0.582018 0.340584 0.340584 
103.000000 143 2.000000 5.107868 8.289056 1.001543 -0.527520 1.281365 1.281365 
103.000000 144 2.000000 4.913420 18.938894 0.566131 0.348279 0.441803 0.441803 
103.000000 145 2.000000 4.775509 3.656013 -0.276113 -0.038954 0.077756 0.077756 
103.000000 146 2.000000 1.751783 16.254445 0.066355 1.401245 1.967891 1.967891 
103.000000 147 2.000000 11.942110 11.646424 -0.969211 -0.175311 0.970104 0.970104 
103.000000 148 2.000000 4.112723 17.004918 -0.640951 -0.783202 1.024224 1.024224 
103.000000 149 2.000000 11.224296 15.778306 0.901550 0.080783 0.819318 0.819318 
103.000000 150 2.000000 5.167762 7.900608 0.666808 0.975384 1.396006 1.396006 
103.000000 151 2.000000 2.016125 2.881449 -0.392490 0.929499 1.018018 1.018018 
103.000000 152 2.000000 6.844240 2.889438 -0.450495 -0.836570 0.902794 0.902794 
103.000000 153 2.000000 14.134049 19.898748 -0.653553 -1.012512 1.452311 1.452311 
103.000000 154 2.000000 7.308926 18.005773 1.476551 -0.087041 2.187778 2.187778 
103.000000 155 2.000000 3.733989 16.125372 -0.119343 1.372372 1.897648 1.897648 
103.000000 156 2.000000 15.720048 4.066444 -1.867756 0.361462 3.619168 3.619168 
103.000000 157 2.000000 15.375338 12.223162 -0.827624 -0.203771 0.726484 0.726484 
103.000000 158 2.000000 3.983730 13.625240 1.225763 0.066854 1.506964 1.506964 
103.000000 159 2.000000 3.870213 9.984211 -1.023144 -0.486203 1.283217 1.283217 
103.000000 160 2.000000 11.178460 7.014281 0.905138 0.368204 0.954849 0.954849 
103.000000 161 2.000000 9.874206 1.544536 -0.785123 0.302850 0.708136 0.708136 
103.000000 162 2.000000 11.607069 15.428545 -0.623481 -0.630545 0.786316 0.786316 
103.000000 163 2.000000 0.339320 11.459597 -0.530854 -0.258018 0.348379 0.348379 
103.000000 164 2.000000 11.753187 13.422465 -0.833011 -0.792474 1.321923 1.321923 
103.000000 165 2.000000 12.741507 17.888906 -0.548609 -0.187653 0.336186 0.336186 
103.000000 166 2.000000 6.600345 4.192244 0.839012 -0.400575 0.864401 0.864401 
103.000000 167 2.000000 15.676144 17.067456 -0.668546 -1.466271 2.596906 2.596906 
103.000000 168 2.000000 9.292150 11.746122 -0.070448 0.799288 0.643824 0.643824 
103.000000 169 2.000000 2.235711 18.037991 -1.488292 0.377029 2.357164 2.357164 
103.000000 170 2.000000 1.784167 15.028348 -0.171690 1.008614 1.046779 1.046779 
103.000000 171 2.000000 13.522962 7.066667 -1.591356 0.143969 2.553140 2.553140 
103.000000 172 2.000000 0.563322 4.912324 1.024220 -0.030364 1.049949 1.049949 
103.000000 173 2.000000 9.708953 15.081939 -0.388387 -0.558870 0.463181 0.463181 
103.000000 174 2.000000 13.700500 3.593098 -1.122318 -0.776064 1.861872 1.861872 
103.000000 175 2.000000 8.326251 4.751629 -1.014069 -0.479826 1.258569 1.258569 
103.000000 176 2.000000 1.076450 6.723499 -0.438255 -0.220723 0.240786 0.240786 
103.000000 177 2.000000 14.287631 2.042824 -0.713280 -1.376701 2.404074 2.404074 
103.000000 178 2.000000 13.329497 5.076212 0.096258 -1.381832 1.918726 1.918726 
103.000000 179 2.000000 14.311264 5.341558 0.450748 -0.973983 1.151817 1.151817 
103.000000 180 2.000000 0.688748 2.582315 -0.083263 0.890453 0.799839 0.799839 
103.000000 181 2.000000 5.676539 18.099351 1.102240 -0.369058 1.351138 1.351138 
103.000000 182 2.000000 11.586735 17.490021 -0.147738 -0.896421 0.825397 0.825397 
103.000000 183 2.000000 8.616254 12.568879 -0.906575 -0.213786 0.867583 0.867583 
103.000000 184 2.000000 7.539343 9.113693 -0.774781 1.078543 1.763541 1.763541 
103.000000 185 2.000000 9.630232 18.313751 -0.611430 0.452892 0.578958 0.578958 
103.000000 186 2.000000 1.416213 19.970222 0.658703 -0.595542 0.788560 0.788560 
103.000000 187 2.000000 11.876208 18.007545 0.426549 0.745309 0.737429 0.737429 
103.000000 188 2.000000 10.736545 7.238222 0.565081 0.706168 0.817990 0.817990 
103.000000 189 2.000000 10.344683 0.407902 -0.907896 0.151074 0.847099 0.847099 
103.000000 190 2.000000 4.685935 5.895011 1.142911 -0.642596 1.719175 1.719175 
103.000000 191 2.000000 9.682462 1.103526 0.056947 0.234793 0.058371 0.058371 
103.000000 192 2.000000 14.787816 4.648407 -0.875537 0.762034 1.347261 1.347261 
103.000000 193 2.000000 5.964249 14.215539 -0.538037 1.230783 1.804309 1.804309 
103.000000 194 2.000000 7.713584 9.577774 -0.203600 0.628051 0.435901 0.435901 
103.000000 195 2.000000 14.502009 14.698454 -1.211326 0.981455 2.430564 2.430564 
103.000000 196 2.000000 11.264208 14.686425 0.153879 -1.518164 2.328501 2.328501 
103.000000 197 2.000000 1.222572 6.067664 1.286917 1.055246 2.769699 2.769699 
103.000000 198 2.000000 11.196307 2.726994 -0.694334 -0.016704 0.482379 0.482379 
103.000000 199 2.000000 15.978898 13.066539 1.389469 -0.285328 2.012037 2.012037 
103.000000 200 2.000000 10.839955 0.941948 0.170520 0.570877 0.354978 0.354978 
103.000000 201 2.000000 5.038456 13.384743 -1.454352 -0.497388 2.362533 2.362533 
103.000000 202 2.000000 1.581923 14.714167 -0.888679 -1.338185 2.580490 2.580490 
103.000000 203 2.000000 13.198811 5.114223 -0.177478 0.672924 0.484325 0.484325 
103.000000 204 2.000000 6.352275 16.853095 0.705808 -1.066747 1.636115 1.636115 
103.000000 205 2.000000 12.010638 3.178907 -0.339760 -1.061832 1.242925 1.242925 
103.000000 206 2.000000 9.275489 4.222219 0.757183 -0.456807 0.781998 0.781998 
103.000000 207 2.000000 2.042087 10.998201 -0.605085 0.964754 1.296878 1.296878 
103.000000 208 2.000000 8.587784 7.037402 0.201621 0.093089 0.049316 0.049316 
103.000000 209 2.000000 3.565492 4.205969 -0.489921 0.934660 1.113611 1.113611 
103.000000 210 2.000000 7.611462 4.245716 0.019426 -1.323889 1.753060 1.753060 
103.000000 211 2.000000 0.696434 0.466643 1.741083 -0.274134 3.106520 3.106520 
103.000000 212 2.000000 15.058611 2.912001 1.239656 -0.623308 1.925261 1.925261 
103.000000 213 2.000000 7.362136 19.752777 -1.359797 0.156281 1.873472 1.873472 
103.000000 214 2.000000 0.355396 16.234590 -0.483051 0.066792 0.237800 0.237800 
103.000000 215 2.000000 11.079052 10.379493 0.331212 -0.966885 1.044568 1.044568 
103.000000 216 2.000000 13.912537 3.398756 -0.009876 -0.339942 0.115658 0.115658 
103.000000 217 2.000000 14.246039 6.499248 0.181087 -0.844939 0.746714 0.746714 
103.000000 218 2.000000 9.814867 14.358316 0.160344 -0.317637 0.126604 0.126604 
103.000000 219 2.000000 9.155654 8.702639 -0.419837 0.002878 0.176272 0.176272 
103.000000 220 2.000000 7.005747 3.044753 -0.626796 0.684214 0.861022 0.861022 
103.000000 221 2.000000 13.631719 18.899000 -0.930466 0.799112 1.504346 1.504346 
103.000000 222 2.000000 0.754864 6.183088 -1.063494 -1.191113 2.549770 2.549770 
103.000000 223 2.000000 7.474412 9.293452 -1.225805 -0.066220 1.506983 1.506983 
103.000000 224 2.000000 11.760748 15.507037 0.072287 -0.702025 0.498065 0.498065 
103.000000 225 2.000000 14.447054 18.950730 -0.245461 0.220918 0.109056 0.109056 
103.000000 226 2.000000 5.011160 11.620389 0.496154 -0.006402 0.246210 0.246210 
103.000000 227 2.000000 13.503574 15.864738 -0.491057 -0.285132 0.322437 0.322437 
103.000000 228 2.000000 4.254946 19.016677 -0.423376 -0.756401 0.751391 0.751391 
103.000000 229 2.000000 12.602031 0.207983 0.233680 -0.300774 0.145072 0.145072 
103.000000 230 2.000000 0.994943 2.521165 -0.559355 -0.017869 0.313198 0.313198 
103.000000 231 2.000000 8.349001 18.056150 0.345100 1.293959 1.793423 1.793423 
103.000000 232 2.000000 7.195005 9.572137 0.985617 0.067883 0.976049 0.976049 
103.000000 233 2.000000 7.670123 10.333670 0.549830 0.984159 1.270881 1.270881 
103.000000 234 2.000000 11.198312 3.517473 0.608604 -0.747507 0.929165 0.929165 
103.000000 235 2.000000 15.463723 4.522241 0.151774 -0.872023 0.783460 0.783460 
103.000000 236 2.000000 14.804830 2.053075 -1.258161 0.244414 1.642707 1.642707 
103.000000 237 2.000000 5.504416 12.089616 0.909821 0.796904 1.462830 1.462830 
103.000000 238 2.000000 3.620724 13.754012 -0.758536 0.229525 0.628059 0.628059 
103.000000 239 2.000000 5.829128 2.338450 -0.622437 0.882434 1.166117 1.166117 
103.000000 240 2.000000 11.061987 12.952917 0.702348 -0.049276 0.495721 0.495721 
103.000000 241 2.000000 14.243072 19.804718 0.117320 -1.952814 3.827246 3.827246 
103.000000 242 2.000000 14.305644 4.568063 1.139892 -0.440283 1.493203 1.493203 
103.000000 243 2.000000 2.675884 7.136160 -1.039846 0.528205 1.360281 1.360281 
103.000000 244 2.000000 14.755083 5.331950 -0.504988 0.541315 0.548034 0.548034 
103.000000 245 2.000000 7.192761 3.187949 -1.610394 -0.875586 3.360020 3.360020 
103.000000 246 2.000000 5.672221 2.004096 -0.355598 -0.264041 0.196167 0.196167 
103.000000 247 2.000000 1.002592 16.336933 0.626619 0.810766 1.049993 1.049993 
103.000000 248 2.000000 4.420674 17.507596 -0.400841 0.951500 1.066025 1.066025 
103.000000 249 2.000000 4.540558 9.601288 -0.501895 0.666756 0.696462 0.696462 
103.000000 250 2.000000 0.670096 1.324313 1.914558 0.025527 3.666183 3.666183 
103.000000 251 2.000000 13.116842 17.047186 -0.491306 -0.635014 0.644624 0.644624 
103.000000 252 2.000000 7.400003 8.395640 -1.324814 0.112772 1.767850 1.767850 
103.000000 253 2.000000 10.973948 18.768316 -0.183754 0.453261 0.239211 0.239211 
103.000000 254 2.000000 0.346672 4.063306 -0.099545 -1.213651 1.482857 1.482857 
103.000000 255 2.000000 2.704726 3.287772 0.916856 1.399051 2.797970 2.797970 
103.000000 256 2.000000 6.051620 1.419076 0.976068 1.051166 2.057658 2.057658 
103.000000 257 2.000000 0.465289 2.415481 -1.356203 1.509675 4.118407 4.118407 
103.000000 258 2.000000 10.647776 4.212284 0.705151 0.095528 0.506363 0.506363 
103.000000 259 2.000000 7.134505 17.163501 -1.208130 -0.198357 1.498923 1.498923 
103.000000 260 2.000000 14.555115 19.488608 1.260183 0.336962 1.701605 1.701605 
103.000000 261 2.000000 7.108938 2.043461 -1.623364 1.075506 3.792023 3.792023 
103.000000 262 2.000000 11.497144 10.449880 -1.214630 -0.173179 1.505316 1.505316 
103.000000 263 2.000000 1.670974 13.111784 1.170729 0.865682 2.120011 2.120011 
103.000000 264 2.000000 11.792085 14.003582 0.494287 0.054572 0.247297 0.247297 
103.000000 265 2.000000 14.965564 13.196913 -1.105081 0.397822 1.379466 1.379466 
103.000000 266 2.000000 15.862596 12.950951 0.458619 -1.604597 2.785065 2.785065 
103.000000 267 2.000000 5.887942 13.637906 0.505403 0.340729 0.371528 0.371528 
103.000000 268 2.000000 14.828342 1.264827 -0.609662 0.588291 0.717775 0.717775 
103.000000 269 2.000000 10.531596 11.561249 -1.300364 -1.010629 2.712318 2.712318 
103.000000 270 2.000000 13.062162 11.691465 0.953442 -0.008777 0.909130 0.909130 
103.000000 271 2.000000 14.653890 2.327223 -0.197123 -0.573069 0.367266 0.367266 
103.000000 272 2.000000 4.371056 6.890216 -1.069960 -0.508070 1.402949 1.402949 
103.000000 273 2.000000 3.538526 7.804002 0.022583 0.032444 0.001563 0.001563 
103.000000 274 2.000000 5.319422 5.068462 1.663968 0.047398 2.771035 2.771035 
103.000000 275 2.000000 9.550301 4.853221 0.931737 -0.256554 0.933953 0.933953 
103.000000 276 2.000000 2.043827 2.293965 0.771255 -0.785190 1.211357 1.211357 
103.000000 277 2.000000 2.367130 19.313608 1.434624 -0.311996 2.155487 2.155487 
103.000000 278 2.000000 6.201221 2.077241 -0.686051 0.419644 0.646767 0.646767 
103.000000 279 2.000000 2.400473 14.601300 0.370842 0.801673 0.780203 0.780203 
103.000000 280 2.000000 7.459743 4.343505 1.028930 -0.452587 1.263532 1.263532 
103.000000 281 2.000000 6.229058 7.881781 0.699894 -1.132544 1.772507 1.772507 
103.000000 282 2.000000 12.342826 8.761299 0.335264 0.681163 0.576385 0.576385 
103.000000 283 2.000000 15.358040 13.763699 -1.251265 -0.685308 2.035312 2.035312 
103.000000 284 2.000000 15.528814 19.000927 -0.435989 -0.074005 0.195564 0.195564 
103.000000 285 2.000000 4.527581 16.321926 0.036912 -1.839036 3.383417 3.383417 
103.000000 286 2.000000 2.406803 5.036715 -1.359661 0.173568 1.878805 1.878805 
103.000000 287 2.000000 6.140623 10.458304 1.147780 0.222281 1.366807 1.366807 
103.000000 288 2.000000 5.697778 17.620417 0.209825 -0.010477 0.044136 0.044136 
103.000000 289 2.000000 4.111484 19.063616 -0.773329 -0.324647 0.703434 0.703434 
103.000000 290 2.000000 9.857256 9.336458 -0.779517 0.569526 0.932007 0.932007 
103.000000 291 2.000000 12.417973 17.850742 -0.891029 0.261203 0.862160 0.862160 
103.000000 292 2.000000 4.226273 15.926894 0.036676 -0.720904 0.521047 0.521047 
103.000000 293 2.000000 10.610821 16.701027 -0.653189 0.865338 1.175465 1.175465 
103.000000 294 2.000000 2.569152 11.025694 -0.772207 1.606909 3.178461 3.178461 
103.000000 295 2.000000 15.313141 5.948201 -0.164698 0.868350 0.781158 0.781158 
103.000000 296 2.000000 6.652842 2.526162 -0.731615 0.814891 1.199307 1.199307 
103.000000 297 2.000000 9.075512 6.296774 -0.084591 -0.551249 0.311031 0.311031 
103.000000 298 2.000000 7.153554 2.919725 -1.305014 -0.145822 1.724324 1.724324 
103.000000 299 2.000000 14.897374 8.582829 0.116439 0.226576 0.064895 0.064895 
103.000000 300 2.000000 9.943639 14.757584 0.185518 0.021316 0.034871 0.034871 
103.000000 301 2.000000 15.221699 6.293675 1.024725 0.296051 1.137708 1.137708 
103.000000 302 2.000000 7.244164 4.564461 -0.741922 -0.822926 1.227656 1.227656 
103.000000 303 2.000000 10.429539 13.518661 -1.434657 -1.117472 3.306984 3.306984 
103.000000 304 2.000000 0.608899 12.767883 -0.945748 -0.881965 1.672302 1.672302 
103.000000 305 2.000000 2.206839 9.166059 0.252210 -1.536729 2.425146 2.425146 
103.000000 306 2.000000 14.067288 9.867887 -1.073236 -0.042028 1.153603 1.153603 
103.000000 307 2.000000 7.418628 18.114580 1.124034 0.443985 1.460576 1.460576 
103.000000 308 2.000000 13.274319 11.625579 -0.413979 -0.103371 0.182064 0.182064 
103.000000 309 2.000000 1.579145 13.848948 0.701842 -0.750034 1.055133 1.055133 
103.000000 310 2.000000 9.684359 2.417826 -0.236379 0.589713 0.403637 0.403637 
103.000000 311 2.000000 0.303850 12.729363 -1.090143 -0.506665 1.445121 1.445121 
103.000000 312 2.000000 3.530738 11.948245 -0.625688 0.315405 0.490966 0.490966 
103.000000 313 2.000000 13.045343 11.131495 -0.430343 0.899233 0.993815 0.993815 
103.000000 314 2.000000 6.144803 9.497114 0.258729 0.482087 0.299348 0.299348 
103.000000 315 2.000000 13.240572 4.814577 0.057336 0.171434 0.032677 0.032677 
103.000000 316 2.000000 7.856830 16.861828 0.096053 -1.028909 1.067879 1.067879 
103.000000 317 2.000000 5.494804 14.715328 0.226097 -1.322301 1.799600 1.799600 
103.000000 318 2.000000 5.434795 2.638081 -1.507132 -0.101543 2.281756 2.281756 
103.000000 319 2.000000 10.331476 2.904517 0.232168 0.514074 0.318174 0.318174 
103.000000 320 2.000000 7.163936 7.882001 0.239596 -0.478972 0.286821 0.286821 
103.000000 321 2.000000 15.110623 5.830790 1.067888 -0.908283 1.965363 1.965363 
103.000000 322 2.000000 13.752378 12.589577 -0.462295 0.075928 0.219482 0.219482 
103.000000 323 2.000000 6.392669 2.359216 -0.215176 1.348123 1.863737 1.863737 
103.000000 324 2.000000 10.977521 4.464465 -0.682007 -0.848036 1.184298 1.184298 
103.000000 325 2.000000 0.232876 19.831452 1.164376 0.350999 1.478971 1.478971 
103.000000 326 2.000000 1.340886 6.716329 -0.172937 -0.108107 0.041594 0.041594 
103.000000 327 2.000000 15.443744 4.300352 0.900510 0.016710 0.811197 0.811197 
103.000000 328 2.000000 6.730905 0.729293 0.603668 -0.911071 1.194465 1.194465 
103.000000 329 2.000000 8.874513 6.402834 0.199427 -0.374578 0.180080 0.180080 
103.000000 330 2.000000 13.517350 16.508854 -0.031916 -0.222222 0.050401 0.050401 
103.000000 331 2.000000 7.468178 19.332881 0.863373 -0.953025 1.653670 1.653670 
103.000000 332 2.000000 3.079082 19.692383 -0.776502 0.510385 0.863449 0.863449 
103.000000 333 2.000000 6.669727 4.642599 0.626265 -0.657734 0.824822 0.824822 
103.000000 334 2.000000 10.393644 12.065260 0.125704 0.184872 0.049979 0.049979 
103.000000 335 2.000000 6.241118 5.056426 0.410600 -0.736137 0.710489 0.710489 
103.000000 336 2.000000 10.881565 6.131753 -0.742630 1.002356 1.556218 1.556218 
103.000000 337 2.000000 10.166088 18.860516 0.802054 -1.753051 3.716480 3.716480 
103.000000 338 2.000000 8.290820 18.019273 -1.077357 1.015170 2.191269 2.191269 
103.000000 339 2.000000 3.580552 18.875882 -0.988985 -1.124117 2.241730 2.241730 
103.000000 340 2.000000 2.166501 5.614706 0.180542 -1.098114 1.238450 1.238450 
103.000000 341 2.000000 6.616626 2.176023 -0.570025 -1.102240 1.539862 1.539862 
103.000000 342 2.000000 12.791554 11.908809 -1.281187 -0.034374 1.642621 1.642621 
103.000000 343 2.000000 9.584469 0.612093 -0.197110 0.816122 0.704908 0.704908 
103.000000 344 2.000000 15.707998 9.876954 -0.416001 -0.209440 0.216922 0.216922 
103.000000 345 2.000000 8.472851 17.813806 -0.011964 -0.437928 0.191924 0.191924 
103.000000 346 2.000000 1.495263 7.436292 -1.408022 -0.787693 2.602987 2.602987 
103.000000 347 2.000000 11.011173 17.217808 -0.143616 0.488253 0.259017 0.259017 
103.000000 348 2.000000 9.057596 0.365050 -0.869764 -0.291263 0.841323 0.841323 
103.000000 349 2.000000 5.010965 1.893769 -0.498556 1.402791 2.216381 2.216381 
103.000000 350 2.000000 13.477557 17.430471 -0.805189 0.014792 0.648548 0.648548 
103.000000 351 2.000000 10.450556 11.879002 0.170828 -1.168489 1.394548 1.394548 
103.000000 352 2.000000 14.074790 5.992183 0.786401 -0.229041 0.670887 0.670887 
103.000000 353 2.000000 14.525913 2.679411 -0.540664 -0.912407 1.124804 1.124804 
103.000000 354 2.000000 11.652984 18.520568 -0.588685 -0.870254 1.103892 1.103892 
103.000000 355 2.000000 12.207747 2.650270 1.395171 -1.502141 4.202930 4.202930 
103.000000 356 2.000000 14.494085 4.219381 -0.854366 -0.215992 0.776594 0.776594 
103.000000 357 2.000000 15.703062 4.320028 -0.995342 -0.479084 1.220228 1.220228 
103.000000 358 2.000000 9.242705 13.843720 0.927772 -0.074484 0.866308 0.866308 
103.000000 359 2.000000 12.513554 5.252273 1.239072 0.158899 1.560549 1.560549 
103.000000 360 2.000000 9.221657 1.068375 -0.132860 -0.788571 0.639497 0.639497 
103.000000 361 2.000000 11.882541 14.190429 0.962149 1.419043 2.939413 2.939413 
103.000000 362 2.000000 9.051525 16.110895 0.711239 0.708526 1.007869 1.007869 
103.000000 363 2.000000 1.680754 10.682900 -1.958699 0.779774 4.444550 4.444550 
103.000000 364 2.000000 1.762904 7.579391 0.801320 -1.383932 2.557381 2.557381 
103.000000 365 2.000000 11.572324 16.466063 0.298219 0.535108 0.375276 0.375276 
103.000000 366 2.000000 14.248666 4.268435 1.331651 -0.564868 2.092370 2.092370 
103.000000 367 2.000000 1.239652 15.121435 0.056476 1.200114 1.443463 1.443463 
103.000000 368 2.000000 4.825131 8.709015 0.130338 1.168995 1.383538 1.383538 
103.000000 369 2.000000 9.048736 4.267088 0.991804 0.870834 1.742028 1.742028 
103.000000 370 2.000000 2.085733 2.617351 0.281856 0.679831 0.541613 0.541613 
103.000000 371 2.000000 8.153623 10.226058 0.599531 -1.396277 2.309028 2.309028 
103.000000 372 2.000000 14.901610 15.312872 -0.915325 -0.056551 0.841018 0.841018 
103.000000 373 2.000000 6.325847 18.040786 -0.793128 -0.768319 1.219367 1.219367 
103.000000 374 2.000000 15.774141 0.630741 -0.605015 0.194074 0.403707 0.403707 
103.000000 375 2.000000 10.038986 18.269837 -1.311055 -0.116509 1.732441 1.732441 
103.000000 376 2.000000 9.364509 11.821766 0.523502 0.312506 0.371714 0.371714 
103.000000 377 2.000000 2.670028 18.355855 -0.847513 -0.194573 0.756138 0.756138 
103.000000 378 2.000000 5.596603 4.117397 -0.159751 1.210999 1.492039 1.492039 
103.000000 379 2.000000 15.416692 17.551872 1.248315 -0.191260 1.594871 1.594871 
103.000000 380 2.000000 6.678975 15.828943 -2.083005 -0.499528 4.588439 4.588439 
103.000000 381 2.000000 11.893513 2.749238 0.607553 -0.317862 0.470157 0.470157 
103.000000 382 2.000000 11.471988 0.110954 -1.252214 0.554763 1.875801 1.875801 
103.000000 383 2.000000 9.491013 5.143903 0.083997 0.575512 0.338269 0.338269 
103.000000 384 2.000000 2.395244 19.517601 0.085069 0.170790 0.036406 0.036406 
103.000000 385 2.000000 4.200404 14.313466 0.471955 -0.490218 0.463056 0.463056 
103.000000 386 2.000000 0.081998 3.727422 -0.773494 1.183308 1.998511 1.998511 
103.000000 387 2.000000 5.340239 15.761012 -0.377546 0.272112 0.216586 0.216586 
103.000000 388 2.000000 0.087101 2.951072 -0.328625 0.967564 1.044175 1.044175 
103.000000 389 2.000000 5.743994 17.239715 1.384095 -0.905011 2.734763 2.734763 
103.000000 390 2.000000 10.303561 1.098749 -0.063017 -0.001077 0.003972 0.003972 
103.000000 391 2.000000 5.493747 5.995382 -0.690374 0.155092 0.500670 0.500670 
103.000000 392 2.000000 8.606921 9.779987 -1.097607 0.147331 1.226448 1.226448 
103.000000 393 2.000000 14.254690 0.668721 -0.436111 -0.426381 0.371993 0.371993 
103.000000 394 2.000000 13.871768 10.587490 0.828165 0.619151 1.069206 1.069206 
103.000000 395 2.000000 14.639483 8.486443 1.010291 -0.116570 1.034276 1.034276 
103.000000 396 2.000000 0.480487 4.600645 0.033257 -0.967351 0.936874 0.936874 
103.000000 397 2.000000 11.299124 16.769018 1.156663 0.273366 1.412599 1.412599 
103.000000 398 2.000000 11.389485 4.033941 1.604153 -0.457480 2.782594 2.782594 
103.000000 399 2.000000 14.721091 13.638885 0.846040 0.790660 1.340926 1.340926 
103.000000 400 2.000000 15.315679 2.076707 0.756320 0.601944 0.934356 0.934356 
103.000000 401 2.000000 4.074657 3.395368 0.573895 1.741214 3.361181 3.361181 
103.000000 402 2.000000 6.954039 9.478090 -0.857010 -1.393630 2.676671 2.676671 
103.000000 403 2.000000 13.970745 18.474300 0.428550 -0.469446 0.404035 0.404035 
103.000000 404 2.000000 3.175184 1.983671 0.440998 -1.082062 1.365336 1.365336 
103.000000 405 2.000000 7.363023 9.800169 1.326671 -0.352935 1.884618 1.884618 
103.000000 406 2.000000 1.522092 16.605763 0.179070 -0.983836 1.000000 1.000000 
103.000000 407 2.000000 4.359920 0.598965 -1.176454 0.544513 1.680538 1.680538 
103.000000 408 2.000000 4.517499 5.975559 -0.976293 0.034812 0.954359 0.954359 
103.000000 409 2.000000 0.601298 16.886177 0.462536 0.001689 0.213943 0.213943 
103.000000 410 2.000000 14.470305 3.734967 0.677313 0.354419 0.584365 0.584365 
103.000000 411 2.000000 15.483612 17.682034 0.121950 -0.842896 0.725346 0.725346 
103.000000 412 2.000000 14.313823 12.875035 -1.145610 1.560610 3.747926 3.747926 
103.000000 413 2.000000 1.112300 14.097264 0.353111 -0.043775 0.126603 0.126603 
103.000000 414 2.000000 6.940624 17.883667 -1.153290 -0.522551 1.603137 1.603137 
103.000000 415 2.000000 6.863560 19.152121 0.069544 0.441252 0.199540 0.199540 
103.000000 416 2.000000 1.889466 12.895649 -1.138506 0.803467 1.941756 1.941756 
103.000000 417 2.000000 2.172934 1.028688 1.448622 0.761990 2.679135 2.679135 
103.000000 418 2.000000 11.034164 11.037474 -1.068987 -1.127362 2.413677 2.413677 
103.000000 419 2.000000 4.392119 5.184445 0.954808 -0.322861 1.015898 1.015898 
103.000000 420 2.000000 8.726048 19.200071 -0.238188 -0.695590 0.540579 0.540579 
103.000000 421 2.000000 12.715624 8.256924 -0.038864 -1.032739 1.068060 1.068060 
103.000000 422 2.000000 7.698111 2.023487 -0.161993 0.487587 0.263983 0.263983 
103.000000 423 2.000000 2.463206 9.053886 0.352881 -0.983818 1.092423 1.092423 
103.000000 424 2.000000 4.014531 19.478748 -0.347412 1.256693 1.699973 1.699973 
103.000000 425 2.000000 3.205529 16.526346 -1.209650 -0.193078 1.500532 1.500532 
103.000000 426 2.000000 15.954305 2.778812 -0.301387 0.926270 0.948811 0.948811 
103.000000 427 2.000000 2.647805 1.629032 -0.667424 -0.561226 0.760429 0.760429 
103.000000 428 2.000000 11.585583 3.193499 -1.674515 -0.208089 2.847301 2.847301 
103.000000 429 2.000000 11.242604 17.294912 -0.474342 0.804414 0.872083 0.872083 
103.000000 430 2.000000 6.034673 10.523893 -0.050390 1.385975 1.923465 1.923465 
103.000000 431 2.000000 0.556720 18.265880 -0.387923 -1.507929 2.424335 2.424335 
103.000000 432 2.000000 4.051945 12.113206 -0.747582 -0.246025 0.619407 0.619407 
103.000000 433 2.000000 10.366571 18.882528 -0.820076 1.504740 2.936766 2.936766 
103.000000 434 2.000000 7.739161 16.385817 0.700376 1.103422 1.708067 1.708067 
103.000000 435 2.000000 10.671672 13.931448 0.029298 -0.128382 0.017340 0.017340 
103.000000 436 2.000000 9.043441 3.213024 -0.340906 1.338760 1.908494 1.908494 
103.000000 437 2.000000 15.180287 14.411424 -0.141063 -0.341337 0.136410 0.136410 
103.000000 438 2.000000 2.144100 15.855534 -0.196688 0.804849 0.686469 0.686469 
103.000000 439 2.000000 0.564511 9.747680 0.752680 0.321176 0.669680 0.669680 
103.000000 440 2.000000 10.806747 18.752128 0.650869 1.125601 1.690608 1.690608 
103.000000 441 2.000000 16.074698 4.931806 0.556696 0.872886 1.071840 1.071840 
103.000000 442 2.000000 4.620842 9.878172 -1.319023 0.615462 2.118616 2.118616 
103.000000 443 2.000000 3.140543 6.815845 -0.266114 -0.444659 0.268539 0.268539 
103.000000 444 2.000000 13.117203 18.542199 0.960251 0.692665 1.401867 1.401867 
103.000000 445 2.000000 5.323406 15.629413 0.925810 -0.633418 1.258342 1.258342 
103.000000 446 2.000000 13.182306 8.721623 -0.326211 1.170444 1.476353 1.476353 
103.000000 447 2.000000 3.958783 17.869531 -0.884717 0.789888 1.406648 1.406648 
103.000000 448 2.000000 5.987599 19.014410 -0.114076 0.627037 0.406189 0.406189 
103.000000 449 2.000000 11.083616 18.443499 0.040895 1.134261 1.288220 1.288220 
103.000000 450 2.000000 5.818269 19.648626 -0.886573 0.496420 1.032444 1.032444 
103.000000 451 2.000000 14.778904 18.886299 -1.174604 0.133783 1.397593 1.397593 
103.000000 452 2.000000 14.247935 6.174675 1.095995 -0.329960 1.310078 1.310078 
103.000000 453 2.000000 14.936648 16.445686 0.453713 -0.075957 0.211625 0.211625 
103.000000 454 2.000000 11.694188 14.635090 1.316875 -0.552709 2.039647 2.039647 
103.000000 455 2.000000 4.574946 0.215540 0.208426 0.431077 0.229269 0.229269 
103.000000 456 2.000000 0.811741 7.227124 -0.548137 -0.114664 0.313602 0.313602 
103.000000 457 2.000000 12.190895 18.590623 0.757817 1.376255 2.468365 2.468365 
103.000000 458 2.000000 14.234903 1.257868 -0.590566 -0.814218 1.011718 1.011718 
103.000000 459 2.000000 3.802729 3.288806 0.029577 0.802147 0.644315 0.644315 
103.000000 460 2.000000 6.288425 19.664155 0.651650 0.789725 1.048314 1.048314 
103.000000 461 2.000000 10.868556 16.925930 -0.288839 0.685494 0.553330 0.553330 
103.000000 462 2.000000 4.727922 3.504841 0.374634 -1.218141 1.624218 1.624218 
103.000000 463 2.000000 5.240419 3.697379 0.532022 -0.242196 0.341707 0.341707 
103.000000 464 2.000000 6.568929 11.236262 1.162642 0.498282 1.600022 1.600022 
103.000000 465 2.000000 10.247858 4.489136 -0.447694 -0.997483 1.195403 1.195403 
103.000000 466 2.000000 6.817061 7.041545 -1.708079 -0.459106 3.128312 3.128312 
103.000000 467 2.000000 14.259642 9.438931 0.172369 -1.820874 3.345292 3.345292 
103.000000 468 2.000000 14.632761 4.880328 -0.386556 -1.059238 1.271412 1.271412 
103.000000 469 2.000000 15.745484 3.336800 0.433592 -0.872419 0.949116 0.949116 
103.000000 470 2.000000 15.277171 16.222088 0.316298 0.948660 1.000000 1.000000 
103.000000 471 2.000000 13.687347 4.025972 1.619804 0.452356 2.828392 2.828392 
103.000000 472 2.000000 6.231483 16.094416 0.820428 1.208984 2.134744 2.134744 
103.000000 473 2.000000 4.874601 5.046351 0.928495 -0.401689 1.023458 1.023458 
103.000000 474 2.000000 5.527634 18.802441 -0.989204 -0.272172 1.052602 1.052602 
103.000000 475 2.000000 0.423260 10.332535 0.940575 -0.022791 0.885201 0.885201 
103.000000 476 2.000000 1.420846 12.412427 -0.972086 0.412373 1.115003 1.115003 
103.000000 477 2.000000 13.639733 7.333696 -1.850049 -0.488716 3.661526 3.661526 
103.000000 478 2.000000 5.852903 13.840346 -0.440086 1.139123 1.491277 1.491277 
103.000000 479 2.000000 8.845245 3.120870 -1.319549 -0.536969 2.029547 2.029547 
103.000000 480 2.000000 13.746129 8.481607 0.954592 -0.963882 1.840315 1.840315 
103.000000 481 2.000000 5.515960 3.060933 -0.977559 -0.498111 1.203737 1.203737 
103.000000 482 2.000000 9.016905 7.366800 0.441667 -0.289217 0.278716 0.278716 
103.000000 483 2.000000 15.710507 4.152113 -1.289639 -0.101015 1.673373 1.673373 
103.000000 484 2.000000 4.610132 4.222146 0.387363 1.096661 1.352715 1.352715 
103.000000 485 2.000000 3.580403 12.504001 0.477387 0.168441 0.256271 0.256271 
103.000000 486 2.000000 0.889298 19.763296 -1.353670 0.737648 2.376547 2.376547 
103.000000 487 2.000000 6.439643 5.794278 -0.411167 0.942159 1.056721 1.056721 
103.000000 488 2.000000 7.360085 1.602392 1.358245 0.425580 2.025948 2.025948 
103.000000 489 2.000000 2.628678 10.710282 0.482326 0.176634 0.263838 0.263838 
103.000000 490 2.000000 13.560023 4.737248 0.685550 1.633533 3.138410 3.138410 
103.000000 491 2.000000 12.613047 18.084251 -0.060338 -0.580530 0.340655 0.340655 
103.000000 492 2.000000 4.377399 11.783830 -0.819961 0.594045 1.025227 1.025227 
103.000000 493 2.000000 12.416869 16.716791 -0.862524 -1.601565 3.308957 3.308957 
103.000000 494 2.000000 6.884092 4.537972 0.023692 -0.119150 0.014758 0.014758 
103.000000 495 2.000000 4.117165 15.560760 -0.872007 -0.281311 0.839531 0.839531 
103.000000 496 2.000000 6.131666 10.312801 0.932271 -0.869484 1.625132 1.625132 
103.000000 497 2.000000 12.455956 8.769808 -0.912709 -0.632687 1.233331 1.233331 
103.000000 498 2.000000 6.417880 5.011395 -0.634797 0.221254 0.451921 0.451921 
103.000000 499 2.000000 5.647635 11.181267 -0.023370 0.517651 0.268509 0.268509 
103.000000 500 2.000000 1.792589 8.081726 -0.117607 -0.961151 0.937643 0.937643 
