777.000000 1 2.000000 0.892901 2.083023 -2.141959 5.207555 31.706616 31.706616 
777.000000 2 2.000000 0.109930 1.691523 -3.560278 3.758937 26.805186 26.805186 
777.000000 3 2.000000 0.486502 9.082043 -4.883124 5.406593 53.076141 53.076141 
777.000000 4 2.000000 0.782827 14.773427 1.043767 -3.041935 10.342817 10.342817 
777.000000 5 2.000000 0.677711 18.455143 1.355419 0.603992 2.201968 2.201968 
777.000000 6 2.000000 0.438475 18.527501 -5.615238 1.586554 34.048057 34.048057 
777.000000 7 2.000000 0.626387 2.569189 4.175904 10.336966 124.291045 124.291045 
777.000000 8 2.000000 0.806322 17.340297 5.375472 -3.563515 41.594342 41.594342 
777.000000 9 2.000000 0.805791 2.365901 -0.431574 -2.235979 5.185859 5.185859 
777.000000 10 2.000000 0.217727 1.195022 -3.129088 -3.270431 20.486907 20.486907 
777.000000 11 2.000000 0.795463 3.180193 5.303081 5.047473 53.599655 53.599655 
777.000000 12 2.000000 0.294939 6.131892 0.502754 0.316098 0.352680 0.352680 
777.000000 13 2.000000 0.474998 11.857062 -2.625005 -3.632793 20.087831 20.087831 
777.000000 14 2.000000 0.000001 11.156555 1.955286 -1.524396 6.146929 6.146929 
777.000000 15 2.000000 0.268695 19.471013 0.383849 6.714142 45.227044 45.227044 
777.000000 16 2.000000 0.704275 6.743103 4.695158 0.424847 22.225001 22.225001 
777.000000 17 2.000000 0.268913 11.166681 2.689123 -1.941689 11.001538 11.001538 
777.000000 18 2.000000 0.351812 18.496084 -0.194454 2.426729 5.926824 5.926824 
777.000000 19 2.000000 0.584790 5.938457 0.892146 0.378311 0.939043 0.939043 
777.000000 20 2.000000 0.953629 0.546899 -0.927407 -3.574173 13.634799 13.634799 
777.000000 21 2.000000 0.285900 13.978899 -0.042706 -2.195650 4.822705 4.822705 
777.000000 22 2.000000 0.554255 12.944088 5.542539 5.512362 61.105873 61.105873 
777.000000 23 2.000000 0.858685 17.584001 -2.826289 0.472992 8.211630 8.211630 
777.000000 24 2.000000 0.513633 17.598833 -4.863665 2.084421 28.000047 28.000047 
777.000000 25 2.000000 0.358473 13.025052 3.584719 -0.559080 13.162779 13.162779 
777.000000 26 2.000000 0.323201 15.825993 6.463992 1.827734 45.123805 45.123805 
777.000000 27 2.000000 0.771864 6.973261 -4.562697 -3.035969 30.035309 30.035309 
777.000000 28 2.000000 0.868033 5.183798 0.581870 0.444609 0.536251 0.536251 
777.000000 29 2.000000 0.745820 4.218732 -5.083581 0.535362 26.129405 26.129405 
777.000000 30 2.000000 0.999999 7.547760 -7.299517 -3.138657 63.134106 63.134106 
777.000000 31 2.000000 0.410840 9.973626 2.054194 1.279950 5.857986 5.857986 
777.000000 32 2.000000 0.077922 0.820277 -2.305193 -1.259122 6.899300 6.899300 
777.000000 33 2.000000 0.648437 5.242698 -7.031242 -3.767617 63.633303 63.633303 
777.000000 34 2.000000 0.637740 2.769894 -3.622593 -2.098115 17.525270 17.525270 
777.000000 35 2.000000 0.323765 4.024332 -4.508227 -1.115739 21.568984 21.568984 
777.000000 36 2.000000 0.471840 13.080983 -5.281591 -2.188234 32.683569 32.683569 
777.000000 37 2.000000 0.675513 7.047974 0.127351 1.610408 2.609633 2.609633 
777.000000 38 2.000000 0.373740 15.546502 -1.789312 0.419435 3.377563 3.377563 
777.000000 39 2.000000 0.999999 1.643661 -2.994197 2.191547 13.768095 13.768095 
777.000000 40 2.000000 0.533445 4.110585 1.524127 -2.809608 10.216857 10.216857 
777.000000 41 2.000000 0.000001 10.909970 3.641599 -1.009374 14.280080 14.280080 
777.000000 42 2.000000 0.796636 6.939814 1.770301 -7.152904 54.298000 54.298000 
777.000000 43 2.000000 0.586257 2.370671 -4.137417 -1.386085 19.039452 19.039452 
777.000000 44 2.000000 0.583934 5.801737 1.735006 3.805116 17.489153 17.489153 
777.000000 45 2.000000 0.999999 8.740555 -5.681012 -2.195722 37.095087 37.095087 
777.000000 46 2.000000 0.000001 5.354157 6.414243 0.647445 41.561700 41.561700 
777.000000 47 2.000000 0.844501 3.357095 2.549626 1.912485 10.158189 10.158189 
777.000000 48 2.000000 0.247381 4.964090 -3.010471 0.758469 9.638212 9.638212 
777.000000 49 2.000000 0.416470 0.612837 -0.353654 4.085576 16.817001 16.817001 
777.000000 50 2.000000 0.654486 5.481597 -0.345513 -1.551683 2.527098 2.527098 
777.000000 51 2.000000 0.721524 2.283876 0.437934 -1.167189 1.554117 1.554117 
777.000000 52 2.000000 0.406308 15.021176 0.812613 -1.686427 3.504377 3.504377 
777.000000 53 2.000000 0.445244 3.128913 -5.547555 -1.189487 32.190245 32.190245 
777.000000 54 2.000000 0.548273 10.377025 0.153155 -3.665917 13.462406 13.462406 
777.000000 55 2.000000 0.896296 11.975049 3.585181 0.620554 13.238609 13.238609 
777.000000 56 2.000000 0.424402 12.010718 -1.541770 -1.945369 6.161515 6.161515 
777.000000 57 2.000000 0.702885 14.818416 -0.990380 3.603022 13.962622 13.962622 
777.000000 58 2.000000 0.190927 0.445183 -1.348453 -1.316249 3.550838 3.550838 
777.000000 59 2.000000 0.999999 4.008114 -1.867528 1.087821 4.671014 4.671014 
777.000000 60 2.000000 0.693569 2.335761 4.623783 3.597587 34.322006 34.322006 
777.000000 61 2.000000 0.352679 16.415418 3.526775 -1.143354 13.745400 13.745400 
777.000000 62 2.000000 0.177658 7.044621 3.553134 6.709162 57.637611 57.637611 
777.000000 63 2.000000 0.721538 6.840045 0.353573 -4.021067 16.293993 16.293993 
777.000000 64 2.000000 0.952916 14.521601 1.270553 0.983964 2.582490 2.582490 
777.000000 65 2.000000 0.926158 2.705831 -0.738410 6.012956 36.700889 36.700889 
777.000000 66 2.000000 0.720747 16.722379 2.882984 -0.187426 8.346726 8.346726 
777.000000 67 2.000000 0.397409 11.397878 7.948166 -8.491518 135.279210 135.279210 
777.000000 68 2.000000 0.710694 6.627827 -2.893050 -3.991693 24.303351 24.303351 
777.000000 69 2.000000 0.000001 4.892245 2.102853 -2.941362 13.073602 13.073602 
777.000000 70 2.000000 0.175470 3.294894 -0.549686 0.972013 1.246964 1.246964 
777.000000 71 2.000000 0.831600 3.851595 1.667660 -8.023252 67.153658 67.153658 
777.000000 72 2.000000 0.172990 12.541642 3.459777 -2.698615 19.252576 19.252576 
777.000000 73 2.000000 0.755653 10.589611 0.396153 -7.838165 61.593764 61.593764 
777.000000 74 2.000000 0.602945 19.644050 2.009812 2.333712 9.485558 9.485558 
777.000000 75 2.000000 0.484501 17.827472 -1.472852 0.301053 2.259926 2.259926 
777.000000 76 2.000000 0.409598 9.350316 -3.936004 1.216386 16.971723 16.971723 
777.000000 77 2.000000 0.999999 12.663659 -2.407669 3.604082 18.786274 18.786274 
777.000000 78 2.000000 0.089469 2.078332 0.111835 -2.517559 6.350609 6.350609 
777.000000 79 2.000000 0.615960 6.704483 6.159587 1.153125 39.270212 39.270212 
777.000000 80 2.000000 0.770728 17.416597 0.226428 -8.611340 74.206440 74.206440 
777.000000 81 2.000000 0.868582 6.242455 2.171452 -0.780631 5.324590 5.324590 
777.000000 82 2.000000 0.508596 16.326461 -4.914027 -0.885254 24.931335 24.931335 
777.000000 83 2.000000 0.336322 1.918433 2.242141 0.797588 5.663343 5.663343 
777.000000 84 2.000000 0.983724 14.823062 -0.325499 -0.597613 0.463092 0.463092 
777.000000 85 2.000000 0.307080 1.111063 -0.333030 -9.654823 93.326519 93.326519 
777.000000 86 2.000000 0.258840 5.806164 1.725595 -0.981852 3.941712 3.941712 
777.000000 87 2.000000 0.076724 14.138445 1.534463 2.186714 7.136296 7.136296 
777.000000 88 2.000000 0.999999 11.444319 -1.595011 -1.589593 5.070866 5.070866 
777.000000 89 2.000000 0.739764 0.054140 2.113609 -8.601482 78.452841 78.452841 
777.000000 90 2.000000 0.750156 12.835156 3.750775 -3.872888 29.067578 29.067578 
777.000000 91 2.000000 0.504384 6.219047 -0.762485 4.012288 16.679839 16.679839 
777.000000 92 2.000000 0.300497 17.597007 -1.076157 2.015372 5.219838 5.219838 
777.000000 93 2.000000 0.999999 4.598823 -9.122491 -2.484568 89.392914 89.392914 
777.000000 94 2.000000 0.773860 3.188985 -1.507592 1.203390 3.720980 3.720980 
777.000000 95 2.000000 0.228517 6.562200 -1.805537 -0.989771 4.239610 4.239610 
777.000000 96 2.000000 0.826865 18.850242 -3.462687 2.100483 16.402228 16.402228 
777.000000 97 2.000000 0.999999 13.258326 -5.379977 0.923321 29.796678 29.796678 
777.000000 98 2.000000 0.000001 16.260595 3.271366 0.963047 11.629292 11.629292 
777.000000 99 2.000000 0.550435 19.404809 0.189079 3.367488 11.375729 11.375729 
777.000000 100 2.000000 0.395546 3.562773 -6.044528 -2.289901 41.779964 41.779964 
777.000000 101 2.000000 0.444075 11.830127 -0.794177 1.033222 1.698265 1.698265 
777.000000 102 2.000000 0.732808 7.028067 2.442691 2.423328 11.839260 11.839260 
777.000000 103 2.000000 0.420820 6.703317 2.805458 -2.308142 13.198113 13.198113 
777.000000 104 2.000000 0.527885 8.475859 1.173076 -7.197932 53.186337 53.186337 
777.000000 105 2.000000 0.399760 1.127964 -4.001594 1.298575 17.699051 17.699051 
777.000000 106 2.000000 0.736359 10.997291 4.909051 2.595860 30.837268 30.837268 
777.000000 107 2.000000 0.999999 18.492501 -5.309298 -2.157867 32.845033 32.845033 
777.000000 108 2.000000 0.377445 4.416599 1.735079 8.431406 74.099111 74.099111 
777.000000 109 2.000000 0.677778 16.286443 -2.148142 3.743990 18.631979 18.631979 
777.000000 110 2.000000 0.969087 4.162322 4.845430 -1.814079 26.769072 26.769072 
777.000000 111 2.000000 0.999999 14.134136 -8.946863 1.170832 81.417210 81.417210 
777.000000 112 2.000000 0.429677 12.458809 -0.380215 -7.182085 51.726915 51.726915 
777.000000 113 2.000000 0.246121 3.856711 -1.076969 1.329900 2.928496 2.928496 
777.000000 114 2.000000 0.541260 18.675919 5.412592 -5.296318 57.347141 57.347141 
777.000000 115 2.000000 0.999999 19.854663 -1.071166 4.965000 25.798621 25.798621 
777.000000 116 2.000000 0.313165 6.643463 2.087759 3.155765 14.317588 14.317588 
777.000000 117 2.000000 0.329946 11.628116 1.649726 -0.609231 3.092758 3.092758 
777.000000 118 2.000000 0.551667 18.756527 1.800967 -3.165247 13.262273 13.262273 
777.000000 119 2.000000 0.640614 16.991547 -1.437540 4.719874 24.343732 24.343732 
777.000000 120 2.000000 0.509364 0.920613 0.177815 0.791505 0.658099 0.658099 
777.000000 121 2.000000 0.000001 6.303179 3.216830 1.351143 12.173583 12.173583 
777.000000 122 2.000000 0.615386 16.155026 -7.692252 3.365630 70.498213 70.498213 
777.000000 123 2.000000 0.973567 8.741460 3.894266 -0.517731 15.433353 15.433353 
777.000000 124 2.000000 0.571982 0.991201 2.287924 -0.578715 5.569506 5.569506 
777.000000 125 2.000000 0.788808 5.150907 -2.111907 3.679219 17.996801 17.996801 
777.000000 126 2.000000 0.847152 6.434142 0.847151 -1.501814 2.973110 2.973110 
777.000000 127 2.000000 0.783460 13.628962 5.223058 2.807096 35.160130 35.160130 
777.000000 128 2.000000 0.056970 18.425129 -3.772114 3.129662 24.023632 24.023632 
777.000000 129 2.000000 0.705673 6.847989 4.100734 -2.863891 25.017893 25.017893 
777.000000 130 2.000000 0.515779 14.090443 1.719260 4.269831 21.187312 21.187312 
777.000000 131 2.000000 0.727105 17.115814 2.908416 4.475011 28.484612 28.484612 
777.000000 132 2.000000 0.000001 11.664322 5.470298 7.133156 80.806075 80.806075 
777.000000 133 2.000000 0.330841 3.591880 3.308400 -2.139310 15.522159 15.522159 
777.000000 134 2.000000 0.829736 10.941709 -0.681054 -4.803028 23.532916 23.532916 
777.000000 135 2.000000 0.135898 9.943645 -5.760674 -6.487970 75.279130 75.279130 
777.000000 136 2.000000 0.999999 4.018538 -1.152469 -2.488850 7.522559 7.522559 
777.000000 137 2.000000 0.554677 16.445721 -0.809677 -1.562687 3.097569 3.097569 
777.000000 138 2.000000 0.000001 12.595788 2.033495 -1.470907 6.298672 6.298672 
777.000000 139 2.000000 0.654526 6.823417 -6.909452 -4.393421 67.042675 67.042675 
777.000000 140 2.000000 0.514572 1.100139 -0.220649 -4.977025 24.819463 24.819463 
777.000000 141 2.000000 0.198443 12.691998 -3.206223 -1.475496 12.456953 12.456953 
777.000000 142 2.000000 0.300249 8.153715 1.000827 -0.907378 1.824989 1.824989 
777.000000 143 2.000000 0.883028 9.078588 2.943424 -1.891544 12.241687 12.241687 
777.000000 144 2.000000 0.901566 19.999999 4.507827 -3.229678 30.751320 30.751320 
777.000000 145 2.000000 0.673834 6.311622 2.695332 3.321906 18.299869 18.299869 
777.000000 146 2.000000 0.655932 19.247722 0.468522 1.432261 2.270884 2.270884 
777.000000 147 2.000000 0.666697 18.530892 -6.666042 6.477873 86.398948 86.398948 
777.000000 148 2.000000 0.000001 15.897850 7.498332 -1.948790 60.022768 60.022768 
777.000000 149 2.000000 0.000001 10.593696 0.690873 -2.172843 5.198551 5.198551 
777.000000 150 2.000000 0.999999 5.174862 -0.533742 8.624769 74.671519 74.671519 
777.000000 151 2.000000 0.402565 0.000001 8.051282 1.969654 68.702681 68.702681 
777.000000 152 2.000000 0.777861 19.340108 2.222459 10.173380 108.436974 108.436974 
777.000000 153 2.000000 0.721713 18.713164 -1.113144 -1.286835 2.895035 2.895035 
777.000000 154 2.000000 0.550906 10.954119 -0.748488 5.765325 33.799210 33.799210 
777.000000 155 2.000000 0.999999 19.727904 -4.725783 -1.088378 23.517587 23.517587 
777.000000 156 2.000000 0.689594 16.715124 -6.208095 4.237618 56.497853 56.497853 
777.000000 157 2.000000 0.145136 5.684567 -1.221232 -4.210421 19.219056 19.219056 
777.000000 158 2.000000 0.210178 4.455267 4.203538 -3.996085 33.638429 33.638429 
777.000000 159 2.000000 0.624550 13.727893 4.163662 -4.188924 34.883170 34.883170 
777.000000 160 2.000000 0.407819 2.670646 -0.349770 -1.157091 1.461199 1.461199 
777.000000 161 2.000000 0.067617 18.781291 -0.388492 0.601843 0.513141 0.513141 
777.000000 162 2.000000 0.400428 19.117744 -2.398284 6.825098 52.333725 52.333725 
777.000000 163 2.000000 0.355755 1.754237 3.557539 3.898302 27.852842 27.852842 
777.000000 164 2.000000 0.999999 6.499706 -4.134054 -1.362237 18.946092 18.946092 
777.000000 165 2.000000 0.150140 7.473505 -4.249297 0.086290 18.063972 18.063972 
777.000000 166 2.000000 0.162855 8.873148 -2.790479 0.960245 8.708842 8.708842 
777.000000 167 2.000000 0.739935 18.282714 -0.472843 -3.122336 9.972562 9.972562 
777.000000 168 2.000000 0.271022 2.462463 2.710211 0.508775 7.604093 7.604093 
777.000000 169 2.000000 0.278669 2.543540 1.857784 1.038179 4.529178 4.529178 
777.000000 170 2.000000 0.829623 11.023582 2.765406 -1.557869 10.074427 10.074427 
777.000000 171 2.000000 0.603269 1.437264 -0.881622 3.193919 10.978374 10.978374 
777.000000 172 2.000000 0.481117 19.390716 -1.060471 3.227440 11.540966 11.540966 
777.000000 173 2.000000 0.483328 10.909600 1.611091 5.594666 33.895900 33.895900 
777.000000 174 2.000000 0.596312 8.337959 1.703746 -5.302209 31.016170 31.016170 
777.000000 175 2.000000 0.832148 13.866296 -0.839256 -1.259933 2.291782 2.291782 
777.000000 176 2.000000 0.657656 14.482351 -6.846850 2.831749 54.898160 54.898160 
777.000000 177 2.000000 0.260699 12.814949 5.213958 4.224320 45.030244 45.030244 
777.000000 178 2.000000 0.763813 18.098675 -2.361860 1.135377 6.867464 6.867464 
777.000000 179 2.000000 0.101046 18.343329 -8.989534 0.505391 81.067144 81.067144 
777.000000 180 2.000000 0.605467 19.244940 1.009109 11.320553 129.173213 129.173213 
777.000000 181 2.000000 0.685184 0.000001 0.138725 7.857041 61.752340 61.752340 
777.000000 182 2.000000 0.616541 4.371622 -7.669163 9.714712 153.191691 153.191691 
777.000000 183 2.000000 0.680990 9.237862 -1.989275 6.203067 42.435260 42.435260 
777.000000 184 2.000000 0.426745 13.776033 4.267436 -2.488537 24.403826 24.403826 
777.000000 185 2.000000 0.218797 18.473403 4.375911 -1.908245 22.789997 22.789997 
777.000000 186 2.000000 0.030224 0.022304 -0.947551 -1.296723 2.579344 2.579344 
777.000000 187 2.000000 0.559581 17.421951 -1.761673 -2.447786 9.095147 9.095147 
777.000000 188 2.000000 0.779922 15.578027 0.865352 7.147746 51.839111 51.839111 
777.000000 189 2.000000 0.262779 1.505307 0.350371 6.021223 36.377888 36.377888 
777.000000 190 2.000000 0.424445 16.056282 -0.959257 -2.816941 8.855330 8.855330 
777.000000 191 2.000000 0.178475 4.309033 1.784736 3.301905 14.087859 14.087859 
777.000000 192 2.000000 0.845172 0.456245 -3.096537 4.562443 30.404428 30.404428 
777.000000 193 2.000000 0.840047 0.000001 -3.199044 4.960002 34.835499 34.835499 
777.000000 194 2.000000 0.655572 0.417054 -3.444265 -5.252053 39.447025 39.447025 
777.000000 195 2.000000 0.601442 18.149937 1.718402 -0.616687 3.333208 3.333208 
777.000000 196 2.000000 0.804434 12.293546 3.173977 3.105778 19.719989 19.719989 
777.000000 197 2.000000 0.000001 2.667562 4.078356 -8.253541 84.753935 84.753935 
777.000000 198 2.000000 0.245697 0.180193 -7.543025 -1.887556 60.460091 60.460091 
777.000000 199 2.000000 0.570001 8.946895 -3.202444 2.749198 17.813741 17.813741 
777.000000 200 2.000000 0.349248 17.212363 1.164158 -4.646061 22.941143 22.941143 
777.000000 201 2.000000 0.319544 4.550356 0.456491 1.083418 1.382178 1.382178 
777.000000 202 2.000000 0.733127 5.710172 -1.067489 0.283132 1.219697 1.219697 
777.000000 203 2.000000 0.431068 6.529769 -2.844653 1.457609 10.216674 10.216674 
777.000000 204 2.000000 0.520431 8.329285 -1.198919 -6.913925 49.239760 49.239760 
777.000000 205 2.000000 0.689912 16.775235 4.599408 -6.443509 62.673357 62.673357 
777.000000 206 2.000000 0.289640 13.934920 0.169027 5.429011 29.502729 29.502729 
777.000000 207 2.000000 0.201311 13.670382 -1.597376 1.174346 3.930699 3.930699 
777.000000 208 2.000000 0.339398 13.647500 -1.321203 -3.736764 15.708983 15.708983 
777.000000 209 2.000000 0.917610 11.381241 1.299193 4.973374 26.422347 26.422347 
777.000000 210 2.000000 0.155881 2.233108 3.117597 4.466213 29.666471 29.666471 
777.000000 211 2.000000 0.481524 7.368330 -2.073901 0.184579 4.335134 4.335134 
777.000000 212 2.000000 0.985684 17.534661 3.285611 -1.222170 12.288943 12.288943 
777.000000 213 2.000000 0.998911 1.393866 1.949180 -3.685669 17.383460 17.383460 
777.000000 214 2.000000 0.773970 13.835512 3.095874 2.276498 14.766879 14.766879 
777.000000 215 2.000000 0.653878 14.121342 -6.922418 9.110542 130.921856 130.921856 
777.000000 216 2.000000 0.099294 7.413671 -2.251763 -3.706224 18.806532 18.806532 
777.000000 217 2.000000 0.999999 15.241694 -2.674011 3.782793 21.459860 21.459860 
777.000000 218 2.000000 0.956528 16.023124 4.782634 6.440503 64.353675 64.353675 
777.000000 219 2.000000 0.000001 11.447052 4.131514 2.508363 23.361297 23.361297 
777.000000 220 2.000000 0.207316 5.831913 -0.452962 -3.226573 10.615946 10.615946 
777.000000 221 2.000000 0.842468 4.214604 1.872149 2.158360 8.163459 8.163459 
777.000000 222 2.000000 0.707106 0.866495 1.414210 -3.380215 13.425842 13.425842 
777.000000 223 2.000000 0.576329 18.438144 5.763275 1.532222 35.563046 35.563046 
777.000000 224 2.000000 0.001455 17.879045 -2.496361 0.548776 6.532973 6.532973 
777.000000 225 2.000000 0.213014 10.950087 -0.983732 -2.209583 5.849987 5.849987 
777.000000 226 2.000000 0.576168 2.187326 -8.476616 1.737197 74.870876 74.870876 
777.000000 227 2.000000 0.393107 5.631946 -4.045947 0.581658 16.708010 16.708010 
777.000000 228 2.000000 0.631029 7.367963 -1.844849 -5.741835 36.372134 36.372134 
777.000000 229 2.000000 0.318880 11.900344 6.377584 -2.526777 47.058179 47.058179 
777.000000 230 2.000000 0.343321 2.189561 -2.626712 2.575953 13.535151 13.535151 
777.000000 231 2.000000 0.469720 5.681369 -1.515083 2.100651 6.708211 6.708211 
777.000000 232 2.000000 0.999999 4.941564 -3.982884 -1.604583 18.438052 18.438052 
777.000000 233 2.000000 0.958982 9.907842 4.794905 -0.940019 23.874753 23.874753 
777.000000 234 2.000000 0.371621 0.791575 1.399958 1.402502 3.926893 3.926893 
777.000000 235 2.000000 0.692790 7.642875 -6.144172 -1.174500 39.130296 39.130296 
777.000000 236 2.000000 0.374833 17.833601 -6.251661 4.485372 59.201821 59.201821 
777.000000 237 2.000000 0.690448 2.838541 6.904467 3.153934 57.618957 57.618957 
777.000000 238 2.000000 0.620189 16.056324 1.550470 0.903187 3.219703 3.219703 
777.000000 239 2.000000 0.488932 10.399083 0.418665 3.236717 10.651616 10.651616 
777.000000 240 2.000000 0.817943 1.349135 4.089712 -2.333015 22.168704 22.168704 
777.000000 241 2.000000 0.697796 5.494997 1.073531 -1.895992 4.747257 4.747257 
777.000000 242 2.000000 0.999999 5.450015 -6.972716 -4.007563 64.679328 64.679328 
777.000000 243 2.000000 0.912643 10.269508 -1.747124 -0.977213 4.007388 4.007388 
777.000000 244 2.000000 0.174681 19.187119 1.164536 -0.709791 1.859947 1.859947 
777.000000 245 2.000000 0.826355 3.090034 1.377256 -7.044153 51.516921 51.516921 
777.000000 246 2.000000 0.099576 10.048505 -2.572636 -4.628602 28.042409 28.042409 
777.000000 247 2.000000 0.193284 18.646491 -4.033575 4.267891 34.484622 34.484622 
777.000000 248 2.000000 0.695089 19.436030 2.554648 0.252650 6.590057 6.590057 
777.000000 249 2.000000 0.871348 5.821979 5.808978 1.349571 35.565568 35.565568 
777.000000 250 2.000000 0.849810 14.249370 2.428026 0.594514 6.248756 6.248756 
777.000000 251 2.000000 0.851759 0.376447 -2.964801 2.509643 15.088356 15.088356 
777.000000 252 2.000000 0.600446 19.275684 0.300223 0.812932 0.750992 0.750992 
777.000000 253 2.000000 0.278758 17.473609 -1.442482 0.545595 2.378429 2.378429 
777.000000 254 2.000000 0.488499 8.305168 3.256653 -2.438046 16.549859 16.549859 
777.000000 255 2.000000 0.765237 7.125337 -4.695246 5.481028 52.087001 52.087001 
777.000000 256 2.000000 0.484736 17.107530 -0.936842 -4.820782 24.117616 24.117616 
777.000000 257 2.000000 0.000001 13.515790 4.469198 -3.204371 30.241724 30.241724 
777.000000 258 2.000000 0.000001 2.372471 8.304256 -0.763390 69.543436 69.543436 
777.000000 259 2.000000 0.698616 9.229084 6.789951 1.781172 49.276006 49.276006 
777.000000 260 2.000000 0.675502 15.293583 4.503339 2.119662 24.773027 24.773027 
777.000000 261 2.000000 0.958902 10.906379 0.338376 -4.546810 20.787979 20.787979 
777.000000 262 2.000000 0.642223 6.806474 -0.715551 2.104724 4.941875 4.941875 
777.000000 263 2.000000 0.999999 5.388294 -4.194282 -3.106963 27.245218 27.245218 
777.000000 264 2.000000 0.117689 10.332827 2.353755 -5.848605 39.746343 39.746343 
777.000000 265 2.000000 0.531089 19.071197 -0.937820 -2.653720 7.921739 7.921739 
777.000000 266 2.000000 0.344019 19.142146 -6.559805 1.553420 45.444154 45.444154 
777.000000 267 2.000000 0.690171 13.231161 -3.098280 4.929902 33.903275 33.903275 
777.000000 268 2.000000 0.106377 16.340730 -0.525660 -0.016045 0.276576 0.276576 
777.000000 269 2.000000 0.073337 1.447104 -1.029624 0.516823 1.327231 1.327231 
777.000000 270 2.000000 0.999999 16.933671 -0.500364 3.812714 14.787154 14.787154 
777.000000 271 2.000000 0.251886 6.688483 -2.493710 -1.164338 7.574273 7.574273 
777.000000 272 2.000000 0.455136 13.485487 -3.632422 3.918023 28.545397 28.545397 
777.000000 273 2.000000 0.063947 5.350303 -1.440080 -2.201602 6.920882 6.920882 
777.000000 274 2.000000 0.606985 18.470855 1.517461 -2.780262 10.032548 10.032548 
777.000000 275 2.000000 0.853668 14.183113 0.554447 -1.972833 4.199483 4.199483 
777.000000 276 2.000000 0.202026 18.257484 -2.659911 8.399800 77.631772 77.631772 
777.000000 277 2.000000 0.432311 3.425641 8.646207 -2.581758 81.422372 81.422372 
777.000000 278 2.000000 0.237035 11.300619 4.740678 0.351429 22.597535 22.597535 
777.000000 279 2.000000 0.731879 12.067377 3.659390 -2.644207 20.382969 20.382969 
777.000000 280 2.000000 0.027092 18.732679 0.541820 -5.069278 25.991152 25.991152 
777.000000 281 2.000000 0.373485 6.744242 -6.265135 -1.104646 40.472165 40.472165 
777.000000 282 2.000000 0.433050 10.506217 -3.779658 0.134724 14.303963 14.303963 
777.000000 283 2.000000 0.566616 9.454798 -2.889218 -0.733206 8.885169 8.885169 
777.000000 284 2.000000 0.234741 12.288951 -7.652585 -2.137061 63.129080 63.129080 
777.000000 285 2.000000 0.478006 5.424641 1.220949 -2.587065 8.183625 8.183625 
777.000000 286 2.000000 0.857491 14.679208 -0.950051 2.049661 5.103707 5.103707 
777.000000 287 2.000000 0.988600 16.930117 -1.495711 1.786475 5.428647 5.428647 
777.000000 288 2.000000 0.951232 19.402290 -0.975333 -1.992364 4.920790 4.920790 
777.000000 289 2.000000 0.483482 13.748963 4.104502 4.268474 35.066807 35.066807 
777.000000 290 2.000000 0.650704 19.905551 -2.328634 -1.888968 8.990741 8.990741 
777.000000 291 2.000000 0.806816 2.467974 5.378767 0.289470 29.014923 29.014923 
777.000000 292 2.000000 0.748389 16.511433 -5.032191 -0.132362 25.340464 25.340464 
777.000000 293 2.000000 0.000001 18.384452 3.051784 -0.543258 9.608515 9.608515 
777.000000 294 2.000000 0.673606 7.821896 -0.147485 -1.624938 2.662174 2.662174 
777.000000 295 2.000000 0.095387 2.370558 -4.523060 2.963197 29.238606 29.238606 
777.000000 296 2.000000 0.480817 6.653352 4.808155 3.681633 36.672776 36.672776 
777.000000 297 2.000000 0.475917 13.971932 -3.493880 -2.105993 16.642406 16.642406 
777.000000 298 2.000000 0.250886 13.090476 -3.745566 -0.019273 14.029640 14.029640 
777.000000 299 2.000000 0.155160 14.245485 -4.224194 -1.449538 19.944977 19.944977 
777.000000 300 2.000000 0.561630 19.493161 -4.383693 2.998597 28.208350 28.208350 
777.000000 301 2.000000 0.539564 15.746479 -1.534785 6.846295 49.227317 49.227317 
777.000000 302 2.000000 0.552532 15.593764 -1.491558 5.030246 27.528121 27.528121 
777.000000 303 2.000000 0.867578 9.007802 0.913239 -3.807348 15.329905 15.329905 
777.000000 304 2.000000 0.823828 11.141181 2.353793 0.312200 5.637809 5.637809 
777.000000 305 2.000000 0.514194 13.523387 5.141933 -0.042292 26.441264 26.441264 
777.000000 306 2.000000 0.396787 16.657284 -0.670236 0.511560 0.710909 0.710909 
777.000000 307 2.000000 0.629405 13.261081 1.258808 0.074194 1.590103 1.590103 
777.000000 308 2.000000 0.643695 19.183206 4.291291 4.731560 40.802836 40.802836 
777.000000 309 2.000000 0.617583 14.096244 6.175825 3.973599 53.930295 53.930295 
777.000000 310 2.000000 0.145335 12.845686 0.968896 -1.227507 2.445532 2.445532 
777.000000 311 2.000000 0.213281 7.941581 2.132801 -1.341848 6.349396 6.349396 
777.000000 312 2.000000 0.805607 6.855559 1.464738 1.819436 5.455804 5.455804 
777.000000 313 2.000000 0.072326 3.322075 -0.484169 7.619827 58.296179 58.296179 
777.000000 314 2.000000 0.258584 1.694285 -3.707074 4.235709 31.683630 31.683630 
777.000000 315 2.000000 0.054867 11.973147 0.500502 5.999629 36.246047 36.246047 
777.000000 316 2.000000 0.541153 2.617239 -9.176924 1.626737 86.862216 86.862216 
777.000000 317 2.000000 0.000001 19.543749 7.256251 -2.281252 57.857282 57.857282 
777.000000 318 2.000000 0.288609 1.680626 2.886076 -3.888936 23.453259 23.453259 
777.000000 319 2.000000 0.000001 14.996767 5.821718 -4.753006 56.483473 56.483473 
777.000000 320 2.000000 0.164954 14.824198 1.649532 1.516543 5.020860 5.020860 
777.000000 321 2.000000 0.222627 13.251808 -0.084042 5.889692 34.695537 34.695537 
777.000000 322 2.000000 0.123935 1.550539 -2.503039 -4.020660 22.430912 22.430912 
777.000000 323 2.000000 0.251930 17.004022 -2.493563 -2.249165 11.276601 11.276601 
777.000000 324 2.000000 0.374799 12.435992 -6.251998 2.990642 48.031420 48.031420 
777.000000 325 2.000000 0.119178 13.935307 2.383545 2.083755 10.023323 10.023323 
777.000000 326 2.000000 0.476547 12.294745 1.383450 9.998688 101.887696 101.887696 
777.000000 327 2.000000 0.262698 10.520680 1.313483 2.920039 10.251863 10.251863 
777.000000 328 2.000000 0.000001 16.198911 6.510513 -1.767948 45.512419 45.512419 
777.000000 329 2.000000 0.976111 2.477757 0.274265 -5.746006 33.091801 33.091801 
777.000000 330 2.000000 0.917551 15.680343 2.293874 -0.134493 5.279948 5.279948 
777.000000 331 2.000000 0.616407 16.942759 2.465624 -3.057240 15.426019 15.426019 
777.000000 332 2.000000 0.999999 19.208836 -1.856190 5.940283 38.732400 38.732400 
777.000000 333 2.000000 0.727079 12.330034 2.423592 -4.264317 24.058200 24.058200 
777.000000 334 2.000000 0.911421 15.837720 3.645682 -3.083170 22.796930 22.796930 
777.000000 335 2.000000 0.213877 3.298355 4.277511 -2.434427 24.223540 24.223540 
777.000000 336 2.000000 0.134400 15.580671 -0.289801 2.812207 7.992492 7.992492 
777.000000 337 2.000000 0.295118 14.002000 -2.819523 -4.998332 32.933037 32.933037 
777.000000 338 2.000000 0.999999 16.509326 -3.400320 0.593019 11.913849 11.913849 
777.000000 339 2.000000 0.999671 10.589969 3.537268 3.187707 22.673744 22.673744 
777.000000 340 2.000000 0.711891 6.791829 4.745936 2.478923 28.668966 28.668966 
777.000000 341 2.000000 0.999999 6.933436 -7.373463 5.787921 87.867982 87.867982 
777.000000 342 2.000000 0.451337 15.954760 -2.743310 -0.025917 7.526423 7.526423 
777.000000 343 2.000000 0.078853 14.714960 1.577046 3.830778 17.161934 17.161934 
777.000000 344 2.000000 0.000001 4.260101 5.030025 1.312245 27.023139 27.023139 
777.000000 345 2.000000 0.000001 17.256699 2.864186 1.432209 10.254784 10.254784 
777.000000 346 2.000000 0.741037 7.824220 3.705178 4.110079 30.621095 30.621095 
777.000000 347 2.000000 0.383317 10.494065 1.095189 0.866151 1.949657 1.949657 
777.000000 348 2.000000 0.000001 14.319566 5.287475 1.820442 31.271396 31.271396 
777.000000 349 2.000000 0.896908 17.054621 2.562590 5.516579 36.999507 36.999507 
777.000000 350 2.000000 0.478861 2.640043 -0.753044 -4.181712 18.053791 18.053791 
777.000000 351 2.000000 0.000001 16.344065 1.162022 1.503779 3.611647 3.611647 
777.000000 352 2.000000 0.271554 17.069128 -1.821113 -4.186958 20.847068 20.847068 
777.000000 353 2.000000 0.443156 12.508205 -5.568430 -4.095400 47.779707 47.779707 
777.000000 354 2.000000 0.723521 11.971460 -2.764781 6.840834 54.441024 54.441024 
777.000000 355 2.000000 0.479749 5.383065 4.797479 -0.367815 23.151089 23.151089 
777.000000 356 2.000000 0.519580 7.084493 -0.721590 2.559933 7.073949 7.073949 
777.000000 357 2.000000 0.542720 1.773726 -0.831417 0.933539 1.562750 1.562750 
777.000000 358 2.000000 0.635111 4.410993 -0.032681 5.050526 25.508881 25.508881 
777.000000 359 2.000000 0.152414 13.292867 -1.317297 -5.275321 29.564285 29.564285 
777.000000 360 2.000000 0.510694 13.169423 0.680923 -0.853007 1.191278 1.191278 
777.000000 361 2.000000 0.818814 12.932614 -1.811851 2.788163 11.056655 11.056655 
777.000000 362 2.000000 0.999999 6.912626 -6.277215 4.466245 59.350773 59.350773 
777.000000 363 2.000000 0.427348 13.827848 -1.908838 1.690094 6.500081 6.500081 
777.000000 364 2.000000 0.966071 11.172022 0.666256 -3.678324 13.973961 13.973961 
777.000000 365 2.000000 0.815603 18.092800 1.359337 -1.230451 3.361807 3.361807 
777.000000 366 2.000000 0.999999 0.000001 -4.117549 5.795191 50.538441 50.538441 
777.000000 367 2.000000 0.357715 5.898920 -4.281892 -1.914157 21.998594 21.998594 
777.000000 368 2.000000 0.999999 3.036316 -1.386203 0.934251 2.794384 2.794384 
777.000000 369 2.000000 0.035027 11.907325 0.233507 0.690376 0.531145 0.531145 
777.000000 370 2.000000 0.436272 15.104695 1.454237 -3.537097 14.625858 14.625858 
777.000000 371 2.000000 0.458633 19.440556 -2.706831 1.429875 9.371479 9.371479 
777.000000 372 2.000000 0.619763 5.527495 1.549405 4.094440 19.165099 19.165099 
777.000000 373 2.000000 0.867308 4.243017 3.469228 -0.982311 13.000476 13.000476 
777.000000 374 2.000000 0.607213 4.538992 1.518029 1.489367 4.522625 4.522625 
777.000000 375 2.000000 0.703860 4.513479 1.564132 4.103162 19.282445 19.282445 
777.000000 376 2.000000 0.111068 7.896129 0.277667 3.851770 14.913227 14.913227 
777.000000 377 2.000000 0.842894 6.318439 0.991638 5.494294 31.170608 31.170608 
777.000000 378 2.000000 0.299762 7.012369 -2.800950 0.858026 8.581528 8.581528 
777.000000 379 2.000000 0.831622 19.683630 4.158103 -3.163692 27.298769 27.298769 
777.000000 380 2.000000 0.000001 10.518163 1.522051 -3.497856 14.551631 14.551631 
777.000000 381 2.000000 0.631102 1.654202 3.155506 0.919001 10.801781 10.801781 
777.000000 382 2.000000 0.000001 12.783598 1.581261 -3.222017 12.881781 12.881781 
777.000000 383 2.000000 0.567030 1.362656 2.215789 -1.703510 7.811667 7.811667 
777.000000 384 2.000000 0.999999 10.864648 -1.037499 1.585784 3.591114 3.591114 
777.000000 385 2.000000 0.519602 18.407694 1.732005 1.598155 5.553939 5.553939 
777.000000 386 2.000000 0.999999 5.549323 -1.943156 -3.805449 18.257302 18.257302 
777.000000 387 2.000000 0.947153 17.794741 0.342898 3.579163 12.927984 12.927984 
777.000000 388 2.000000 0.269914 4.998033 5.398259 0.552763 29.446747 29.446747 
777.000000 389 2.000000 0.455412 10.374957 9.108217 -4.188058 100.499459 100.499459 
777.000000 390 2.000000 0.819599 9.086747 5.463989 5.082136 55.683289 55.683289 
777.000000 391 2.000000 0.000001 18.461055 2.727355 2.381260 13.108867 13.108867 
777.000000 392 2.000000 0.227041 17.057521 2.270400 0.526471 5.431885 5.431885 
777.000000 393 2.000000 0.457188 15.297442 2.285936 1.058791 6.346542 6.346542 
777.000000 394 2.000000 0.999999 2.523604 -2.321808 -0.872105 6.151362 6.151362 
777.000000 395 2.000000 0.097337 0.930801 -3.610646 1.432000 15.087393 15.087393 
777.000000 396 2.000000 0.592245 1.408061 2.421303 -1.418995 7.876255 7.876255 
777.000000 397 2.000000 0.999999 7.187725 -4.320841 2.996450 27.648380 27.648380 
777.000000 398 2.000000 0.817071 2.513829 0.265204 -4.021942 16.246349 16.246349 
777.000000 399 2.000000 0.000001 2.969583 5.408999 -4.793435 52.234291 52.234291 
777.000000 400 2.000000 0.554121 19.628718 -1.231213 -1.485125 3.721482 3.721482 
777.000000 401 2.000000 0.122375 9.868301 2.447473 3.654926 19.348609 19.348609 
777.000000 402 2.000000 0.774805 2.652979 -0.422365 8.948045 80.245909 80.245909 
777.000000 403 2.000000 0.817602 12.355756 -1.215979 -0.249820 1.541015 1.541015 
777.000000 404 2.000000 0.440338 11.386865 2.201684 -0.666853 5.292106 5.292106 
777.000000 405 2.000000 0.946585 2.511381 0.940465 -5.098335 26.877499 26.877499 
777.000000 406 2.000000 0.415134 4.508042 -1.671043 -0.159902 2.817952 2.817952 
777.000000 407 2.000000 0.037116 0.983448 -0.578227 2.809849 8.229600 8.229600 
777.000000 408 2.000000 0.792190 6.118724 -1.385393 -3.910218 17.209121 17.209121 
777.000000 409 2.000000 0.398114 12.099328 -1.003141 1.985818 4.949764 4.949764 
777.000000 410 2.000000 0.078856 4.616742 -1.156731 -1.695243 4.211876 4.211876 
777.000000 411 2.000000 0.920881 0.890150 -1.582361 -2.387546 8.204243 8.204243 
777.000000 412 2.000000 0.001975 14.545664 -2.495059 2.452755 12.241325 12.241325 
777.000000 413 2.000000 0.482534 7.207988 4.825332 -1.309200 24.997832 24.997832 
777.000000 414 2.000000 0.558216 0.749298 -4.417834 0.189886 19.553316 19.553316 
777.000000 415 2.000000 0.732607 3.666240 0.221864 1.679735 2.870734 2.870734 
777.000000 416 2.000000 0.035173 5.085402 -3.859303 -1.512602 17.182183 17.182183 
777.000000 417 2.000000 0.034903 7.166126 0.698036 7.543289 57.388466 57.388466 
777.000000 418 2.000000 0.603381 0.835901 -2.644123 -5.339007 35.496385 35.496385 
777.000000 419 2.000000 0.151916 0.269851 -0.100432 -0.588335 0.356225 0.356225 
777.000000 420 2.000000 0.456034 15.251598 -1.554187 2.700135 9.706229 9.706229 
777.000000 421 2.000000 0.126217 12.147704 -1.165043 -1.172239 2.731470 2.731470 
777.000000 422 2.000000 0.136548 5.025486 -0.465384 0.015021 0.216808 0.216808 
777.000000 423 2.000000 0.708548 12.864384 -0.299914 2.256975 5.183886 5.183886 
777.000000 424 2.000000 0.161243 14.439710 3.224848 -3.273428 21.114972 21.114972 
777.000000 425 2.000000 0.955347 15.957845 1.736994 -0.091705 3.025556 3.025556 
777.000000 426 2.000000 0.366930 14.755869 3.669286 6.111517 50.814299 50.814299 
777.000000 427 2.000000 0.313727 11.103320 -1.960778 -5.838593 37.933821 37.933821 
777.000000 428 2.000000 0.666757 17.629438 2.667026 -5.973712 42.798260 42.798260 
777.000000 429 2.000000 0.999999 10.140129 -4.863185 -2.623795 30.534869 30.534869 
777.000000 430 2.000000 0.751236 16.142220 -0.497526 -1.224007 1.745725 1.745725 
777.000000 431 2.000000 0.168727 10.838915 3.374518 3.933674 26.861164 26.861164 
777.000000 432 2.000000 0.784431 4.314556 0.698922 1.068631 1.630463 1.630463 
777.000000 433 2.000000 0.026217 17.122717 -2.782236 -4.426587 27.335511 27.335511 
777.000000 434 2.000000 0.438450 14.990869 -2.807747 3.569169 20.622408 20.622408 
777.000000 435 2.000000 0.999999 10.503662 -2.946658 5.515886 39.107786 39.107786 
777.000000 436 2.000000 0.832307 4.349478 -3.353837 8.698953 86.920012 86.920012 
777.000000 437 2.000000 0.968236 18.163469 -0.090752 -6.121768 37.484280 37.484280 
777.000000 438 2.000000 0.453658 15.158604 4.536571 2.666886 27.692761 27.692761 
777.000000 439 2.000000 0.872003 7.300429 4.360010 -5.976416 54.727232 54.727232 
777.000000 440 2.000000 0.999999 13.246907 -2.300679 -9.630962 98.048556 98.048556 
777.000000 441 2.000000 0.223399 14.491236 -0.970750 -7.869662 62.873936 62.873936 
777.000000 442 2.000000 0.741882 4.184468 0.551386 -0.963491 1.232340 1.232340 
777.000000 443 2.000000 0.509334 10.965149 -0.218073 -3.229709 10.478577 10.478577 
777.000000 444 2.000000 0.576291 14.529199 5.762901 -0.787312 33.830893 33.830893 
777.000000 445 2.000000 0.693588 3.374351 -0.510660 2.536872 6.696495 6.696495 
777.000000 446 2.000000 0.443133 11.179891 0.006093 0.205006 0.042064 0.042064 
777.000000 447 2.000000 0.716102 16.088217 2.387003 -2.114477 10.168798 10.168798 
777.000000 448 2.000000 0.475745 18.799153 -2.621269 3.385582 18.333218 18.333218 
777.000000 449 2.000000 0.999999 18.433240 -2.248299 -3.916897 20.396932 20.396932 
777.000000 450 2.000000 0.918870 3.789369 -1.622586 3.789368 16.992092 16.992092 
777.000000 451 2.000000 0.626617 7.055767 2.088722 -0.558723 4.674929 4.674929 
777.000000 452 2.000000 0.000001 19.475176 1.938977 -5.248234 31.303590 31.303590 
777.000000 453 2.000000 0.178443 0.359948 3.568845 -0.614107 13.113779 13.113779 
777.000000 454 2.000000 0.460059 4.002796 -1.542687 5.003493 27.414828 27.414828 
777.000000 455 2.000000 0.932505 16.871925 2.331260 4.526680 25.925603 25.925603 
777.000000 456 2.000000 0.332159 18.156532 1.107192 -0.268783 1.298118 1.298118 
777.000000 457 2.000000 0.748638 7.631311 -0.349443 2.112347 4.584122 4.584122 
777.000000 458 2.000000 0.854699 14.104707 -2.905994 -3.275162 19.171486 19.171486 
777.000000 459 2.000000 0.796202 12.277458 -1.509416 -3.129066 12.069389 12.069389 
777.000000 460 2.000000 0.023444 3.550412 -4.882777 0.815327 24.506266 24.506266 
777.000000 461 2.000000 0.157665 8.337880 -4.211669 -3.109898 27.409622 27.409622 
777.000000 462 2.000000 0.184031 18.115889 3.680608 4.849259 37.062183 37.062183 
777.000000 463 2.000000 0.431595 10.255183 -3.789359 1.361962 16.214180 16.214180 
777.000000 464 2.000000 0.898499 3.566302 2.567138 3.385007 18.048467 18.048467 
777.000000 465 2.000000 0.714642 7.585373 0.461059 0.885557 0.996786 0.996786 
777.000000 466 2.000000 0.251862 9.498453 -7.481369 1.046370 57.065771 57.065771 
777.000000 467 2.000000 0.526539 2.558582 -1.183650 1.255185 2.976518 2.976518 
777.000000 468 2.000000 0.433347 10.090431 2.888973 0.522528 8.619199 8.619199 
777.000000 469 2.000000 0.245140 3.912450 -0.715249 -1.918551 4.192420 4.192420 
777.000000 470 2.000000 0.000001 14.436662 4.848637 -6.181485 61.720041 61.720041 
777.000000 471 2.000000 0.479662 17.747064 2.398304 -0.128551 5.768385 5.768385 
777.000000 472 2.000000 0.367385 4.027496 3.673840 1.056754 14.613829 14.613829 
777.000000 473 2.000000 0.603718 9.681727 2.012389 -0.700737 4.540741 4.540741 
777.000000 474 2.000000 0.507205 8.367895 3.381360 -4.140868 28.580383 28.580383 
777.000000 475 2.000000 0.837488 1.324958 1.643528 5.299829 30.789375 30.789375 
777.000000 476 2.000000 0.928980 14.699261 1.548298 4.995999 27.357231 27.357231 
777.000000 477 2.000000 0.475722 19.869010 -3.495180 -2.619772 19.079489 19.079489 
777.000000 478 2.000000 0.158521 13.038779 3.170392 -3.017092 19.154229 19.154229 
777.000000 479 2.000000 0.715292 3.936041 0.367433 -3.000800 9.139808 9.139808 
777.000000 480 2.000000 0.970617 3.717744 1.138333 0.981088 2.258337 2.258337 
777.000000 481 2.000000 0.396998 12.716132 1.134277 5.294585 29.319219 29.319219 
777.000000 482 2.000000 0.507046 5.884698 1.351255 0.159698 1.851395 1.851395 
777.000000 483 2.000000 0.651186 2.175232 1.085308 -0.784207 1.792874 1.792874 
777.000000 484 2.000000 0.068366 14.394570 -3.657738 3.480372 25.492035 25.492035 
777.000000 485 2.000000 0.882634 10.057093 0.588422 3.591819 13.247401 13.247401 
777.000000 486 2.000000 0.988397 6.778769 6.589309 2.988340 52.349169 52.349169 
777.000000 487 2.000000 0.000001 3.262254 2.091496 -1.994150 8.350992 8.350992 
777.000000 488 2.000000 0.151545 9.125880 1.010294 0.346673 1.140876 1.140876 
777.000000 489 2.000000 0.699138 13.181448 -0.601723 2.860049 8.541952 8.541952 
777.000000 490 2.000000 0.223788 7.631820 -1.940528 -1.635486 6.440462 6.440462 
777.000000 491 2.000000 0.885288 17.612588 -0.163873 -1.015919 1.058947 1.058947 
777.000000 492 2.000000 0.726425 11.464527 2.905695 -2.756760 16.042792 16.042792 
777.000000 493 2.000000 0.174915 19.888752 3.498288 5.306675 40.398824 40.398824 
777.000000 494 2.000000 0.331630 9.034633 -6.683686 2.420042 50.528259 50.528259 
777.000000 495 2.000000 0.240915 13.865815 4.818280 1.924656 26.920127 26.920127 
777.000000 496 2.000000 0.000001 14.272879 7.113126 -3.949738 66.196995 66.196995 
777.000000 497 2.000000 0.913559 7.157068 2.610164 -0.445367 7.011310 7.011310 
777.000000 498 2.000000 0.999999 18.738842 -3.995979 -1.401285 17.931451 17.931451 
777.000000 499 2.000000 0.265885 6.284445 5.317681 1.249847 29.839843 29.839843 
777.000000 500 2.000000 0.522194 14.059866 2.610964 1.138303 8.112868 8.112868 
