243.500000 1 2.000000 8.594519 10.466574 0.728349 0.346870 0.650811 0.650811 
243.500000 2 2.000000 10.586923 14.134973 0.161716 1.129055 1.300918 1.300918 
243.500000 3 2.000000 2.466004 14.927428 -0.095552 -1.143708 1.317198 1.317198 
243.500000 4 2.000000 10.088421 2.264779 -0.198629 -0.740602 0.587945 0.587945 
243.500000 5 2.000000 5.120352 0.947056 0.445767 0.014289 0.198913 0.198913 
243.500000 6 2.000000 6.723482 17.198740 -0.305521 -1.474347 2.267041 2.267041 
243.500000 7 2.000000 9.744325 9.572203 1.787949 -0.747512 3.755538 3.755538 
243.500000 8 2.000000 0.432490 18.484778 0.065498 0.035346 0.005539 0.005539 
243.500000 9 2.000000 9.531052 13.774832 -0.116962 0.270381 0.086786 0.086786 
243.500000 10 2.000000 10.340826 5.051940 3.086813 1.063566 10.659590 10.659590 
243.500000 11 2.000000 2.647321 6.322400 0.110761 0.245018 0.072302 0.072302 
243.500000 12 2.000000 9.239055 13.969351 0.876205 2.125516 5.285552 5.285552 
243.500000 13 2.000000 1.820304 12.684529 -0.368597 -0.257099 0.201964 0.201964 
243.500000 14 2.000000 0.175698 17.389709 0.061648 -0.395615 0.160312 0.160312 
243.500000 15 2.000000 7.704219 7.371032 -0.185214 0.872184 0.795010 0.795010 
243.500000 16 2.000000 6.627968 18.283526 0.219881 1.879052 3.579184 3.579184 
243.500000 17 2.000000 6.428967 2.917016 1.339368 -0.228042 1.845909 1.845909 
243.500000 18 2.000000 7.841675 6.645675 -0.286318 -0.621131 0.467782 0.467782 
243.500000 19 2.000000 9.706783 14.290644 -1.771694 -0.583395 3.479249 3.479249 
243.500000 20 2.000000 1.741029 9.425046 0.095742 1.371861 1.891169 1.891169 
243.500000 21 2.000000 5.627725 19.127932 2.046445 0.126344 4.203900 4.203900 
243.500000 22 2.000000 1.898820 17.721031 0.089881 0.340306 0.123887 0.123887 
243.500000 23 2.000000 1.394669 9.489442 1.267880 -0.306474 1.701446 1.701446 
243.500000 24 2.000000 5.648733 18.288556 0.991006 0.264605 1.052108 1.052108 
243.500000 25 2.000000 1.455663 15.306673 -0.659494 1.133828 1.720497 1.720497 
243.500000 26 2.000000 1.543904 2.573014 0.035702 -0.582255 0.340295 0.340295 
243.500000 27 2.000000 8.743087 14.937364 -0.423368 0.580965 0.516760 0.516760 
243.500000 28 2.000000 3.602639 0.416548 0.555093 -0.390827 0.460873 0.460873 
243.500000 29 2.000000 2.455323 1.789821 0.423331 0.176337 0.210304 0.210304 
243.500000 30 2.000000 5.724574 15.545451 0.318609 -1.818183 3.407301 3.407301 
243.500000 31 2.000000 4.049310 14.428726 0.190579 -1.714238 2.974932 2.974932 
243.500000 32 2.000000 8.680782 3.749148 -0.126833 -1.315942 1.747789 1.747789 
243.500000 33 2.000000 8.494456 2.633376 -0.065188 -0.456506 0.212647 0.212647 
243.500000 34 2.000000 3.990529 15.987738 -0.710286 -0.431426 0.690634 0.690634 
243.500000 35 2.000000 7.796839 8.047338 0.219951 0.591996 0.398838 0.398838 
243.500000 36 2.000000 1.866693 9.277927 -0.548518 -1.649550 3.021886 3.021886 
243.500000 37 2.000000 5.763522 4.947532 1.536939 0.049701 2.364651 2.364651 
243.500000 38 2.000000 4.924672 9.880870 1.295966 -1.823266 5.003829 5.003829 
243.500000 39 2.000000 2.370782 19.044958 -1.276281 -0.596900 1.985184 1.985184 
243.500000 40 2.000000 0.001958 3.032217 -0.075611 -0.436777 0.196491 0.196491 
243.500000 41 2.000000 8.374080 17.779933 0.159129 -0.504560 0.279903 0.279903 
243.500000 42 2.000000 6.047160 16.313594 -1.291291 0.247560 1.728717 1.728717 
243.500000 43 2.000000 4.203147 8.126950 0.330956 1.377449 2.006898 2.006898 
243.500000 44 2.000000 6.575728 16.320485 -2.072766 1.444291 6.382336 6.382336 
243.500000 45 2.000000 6.301748 19.808553 -1.059897 0.002367 1.123387 1.123387 
243.500000 46 2.000000 0.391114 12.273884 0.434570 0.892646 0.985668 0.985668 
243.500000 47 2.000000 6.022623 16.474339 1.544262 1.554183 4.800229 4.800229 
243.500000 48 2.000000 5.649259 6.030559 -1.826681 -0.227676 3.388598 3.388598 
243.500000 49 2.000000 2.631102 5.245770 -0.814641 -0.033660 0.664773 0.664773 
243.500000 50 2.000000 2.450613 3.980725 -1.314367 0.636916 2.133223 2.133223 
243.500000 51 2.000000 8.871998 17.186803 0.296567 1.010988 1.110050 1.110050 
243.500000 52 2.000000 1.762897 11.489733 -0.978744 0.439378 1.150992 1.150992 
243.500000 53 2.000000 2.946879 12.771422 -0.657057 0.668661 0.878831 0.878831 
243.500000 54 2.000000 1.075419 19.386244 0.632599 0.819492 1.071749 1.071749 
243.500000 55 2.000000 1.861016 17.816143 2.189430 -0.277712 4.870726 4.870726 
243.500000 56 2.000000 10.126197 11.395726 -1.811719 0.087388 3.289962 3.289962 
243.500000 57 2.000000 6.759155 13.396000 -0.226220 -0.635000 0.454401 0.454401 
243.500000 58 2.000000 5.384723 0.712884 1.329561 0.838686 2.471127 2.471127 
243.500000 59 2.000000 4.715990 4.127718 1.746662 1.162737 4.402787 4.402787 
243.500000 60 2.000000 5.777761 12.864815 -0.619197 -1.333679 2.162106 2.162106 
243.500000 61 2.000000 10.333647 9.517971 -0.673927 -0.572788 0.782264 0.782264 
243.500000 62 2.000000 5.810887 6.906468 0.213192 -2.004778 4.064587 4.064587 
243.500000 63 2.000000 4.493008 1.557838 -0.011136 -0.011373 0.000253 0.000253 
243.500000 64 2.000000 7.490060 8.708033 -0.955447 1.109303 2.143434 2.143434 
243.500000 65 2.000000 7.741401 13.270063 -0.031316 0.154154 0.024744 0.024744 
243.500000 66 2.000000 6.388868 9.174108 0.365078 0.748907 0.694143 0.694143 
243.500000 67 2.000000 1.243296 13.849211 1.130268 0.118521 1.291553 1.291553 
243.500000 68 2.000000 6.030061 16.226321 -0.596254 0.243978 0.415044 0.415044 
243.500000 69 2.000000 0.064031 7.466544 -0.113489 0.807194 0.664442 0.664442 
243.500000 70 2.000000 5.922977 17.768009 -0.480657 -0.312645 0.328778 0.328778 
243.500000 71 2.000000 1.671534 18.471638 0.135897 -0.576740 0.351097 0.351097 
243.500000 72 2.000000 9.033810 10.129872 -1.841357 0.803958 4.036944 4.036944 
243.500000 73 2.000000 6.245064 12.382295 0.639863 -1.123290 1.671205 1.671205 
243.500000 74 2.000000 8.816251 12.921786 -0.405762 0.687329 0.637064 0.637064 
243.500000 75 2.000000 1.242023 3.774818 -1.248825 -0.032877 1.560645 1.560645 
243.500000 76 2.000000 1.378798 17.246621 1.313140 -0.021885 1.724815 1.724815 
243.500000 77 2.000000 7.276300 14.875070 -0.113378 -0.119909 0.027233 0.027233 
243.500000 78 2.000000 8.931157 11.670243 -2.307803 -1.388293 7.253311 7.253311 
243.500000 79 2.000000 0.875696 19.899849 1.167593 -0.667670 1.809056 1.809056 
243.500000 80 2.000000 10.305384 10.185330 -1.019367 1.940063 4.802952 4.802952 
243.500000 81 2.000000 8.009794 8.479520 1.222869 -0.460025 1.707032 1.707032 
243.500000 82 2.000000 7.279233 15.790456 -0.908497 -0.823801 1.504015 1.504015 
243.500000 83 2.000000 7.834221 4.565131 1.024081 -0.403241 1.211346 1.211346 
243.500000 84 2.000000 0.603703 6.409821 -0.101605 -0.408546 0.177233 0.177233 
243.500000 85 2.000000 8.599471 13.854563 0.345639 -0.483432 0.353173 0.353173 
243.500000 86 2.000000 5.033612 19.342992 0.617621 -0.292003 0.466721 0.466721 
243.500000 87 2.000000 6.392746 15.147518 0.214498 0.656150 0.476543 0.476543 
243.500000 88 2.000000 2.987778 10.403435 -0.304640 0.658445 0.526356 0.526356 
243.500000 89 2.000000 7.922404 11.201940 -0.414613 -0.966820 1.106644 1.106644 
243.500000 90 2.000000 4.202191 15.799883 -1.476419 -0.041332 2.181522 2.181522 
243.500000 91 2.000000 7.666401 17.982632 -1.377390 -0.382428 2.043456 2.043456 
243.500000 92 2.000000 0.371425 12.749075 1.485696 -2.042514 6.379154 6.379154 
243.500000 93 2.000000 4.869108 4.502611 -1.584813 0.067844 2.516236 2.516236 
243.500000 94 2.000000 5.889015 7.359400 0.345397 0.062500 0.123205 0.123205 
243.500000 95 2.000000 0.390960 1.163599 -0.117696 -0.430909 0.199535 0.199535 
243.500000 96 2.000000 6.880316 9.984125 1.017447 1.581281 3.535648 3.535648 
243.500000 97 2.000000 2.865783 9.557810 -0.751232 0.113787 0.577297 0.577297 
243.500000 98 2.000000 2.437850 5.518333 -0.379034 -0.970510 1.085556 1.085556 
243.500000 99 2.000000 6.733371 14.154088 1.819830 -0.356272 3.438710 3.438710 
243.500000 100 2.000000 2.183775 2.891076 1.506051 -1.621699 4.898096 4.898096 
243.500000 101 2.000000 0.444000 11.941236 0.295930 -1.342154 1.888952 1.888952 
243.500000 102 2.000000 9.351286 19.313978 1.922572 0.349606 3.818508 3.818508 
243.500000 103 2.000000 1.324560 17.138946 0.735866 0.373322 0.680868 0.680868 
243.500000 104 2.000000 8.101107 1.560301 0.620216 -0.328565 0.492623 0.492623 
243.500000 105 2.000000 1.458498 14.336635 0.788377 0.656139 1.052056 1.052056 
243.500000 106 2.000000 9.718737 6.748252 0.791129 -0.211552 0.670639 0.670639 
243.500000 107 2.000000 8.133477 3.365572 -0.185762 -1.388588 1.962684 1.962684 
243.500000 108 2.000000 2.192359 1.614813 0.317733 -0.346362 0.220921 0.220921 
243.500000 109 2.000000 10.319532 2.791807 -0.815212 -0.603796 1.029140 1.029140 
243.500000 110 2.000000 8.354317 19.999999 -1.150875 -0.668024 1.770770 1.770770 
243.500000 111 2.000000 9.231525 16.540630 -0.620875 1.208344 1.845582 1.845582 
243.500000 112 2.000000 6.847651 9.035644 -0.327914 -0.251665 0.170863 0.170863 
243.500000 113 2.000000 2.920518 12.991072 0.778805 -0.068403 0.611215 0.611215 
243.500000 114 2.000000 6.067745 7.819329 -0.378591 0.410157 0.311561 0.311561 
243.500000 115 2.000000 8.702901 15.042619 0.654389 -0.116741 0.441854 0.441854 
243.500000 116 2.000000 8.088475 2.396121 0.279467 -0.063270 0.082105 0.082105 
243.500000 117 2.000000 10.614320 16.467951 0.604804 0.082267 0.372556 0.372556 
243.500000 118 2.000000 1.599581 13.228169 0.329810 1.094796 1.307353 1.307353 
243.500000 119 2.000000 4.337711 3.394656 0.452397 -0.816061 0.870619 0.870619 
243.500000 120 2.000000 7.704516 8.412325 0.093195 1.130799 1.287392 1.287392 
243.500000 121 2.000000 6.927294 10.301380 -1.129344 1.437361 3.341426 3.341426 
243.500000 122 2.000000 9.732718 6.368451 0.041644 0.758149 0.576524 0.576524 
243.500000 123 2.000000 10.413920 6.826505 0.061515 -0.813179 0.665044 0.665044 
243.500000 124 2.000000 7.659973 10.198881 -0.188937 -0.051076 0.038306 0.038306 
243.500000 125 2.000000 10.363701 0.216470 0.024999 -0.725643 0.527183 0.527183 
243.500000 126 2.000000 5.761016 15.439411 0.242555 1.805779 3.319671 3.319671 
243.500000 127 2.000000 7.679357 16.217049 -0.940248 1.559331 3.315580 3.315580 
243.500000 128 2.000000 6.010438 18.636095 -1.265813 -0.019936 1.602679 1.602679 
243.500000 129 2.000000 3.277250 19.775998 1.008384 -0.029091 1.017685 1.017685 
243.500000 130 2.000000 2.300298 12.340203 1.314455 -0.925619 2.584563 2.584563 
243.500000 131 2.000000 10.613628 1.633627 -0.204714 -1.067812 1.182131 1.182131 
243.500000 132 2.000000 6.917628 8.184614 1.372922 1.696365 4.762568 4.762568 
243.500000 133 2.000000 3.637988 13.791135 -0.159825 1.066213 1.162353 1.162353 
243.500000 134 2.000000 4.523030 10.561153 -0.966951 -0.978119 1.891710 1.891710 
243.500000 135 2.000000 6.992151 13.863558 -0.400787 0.423846 0.340276 0.340276 
243.500000 136 2.000000 5.243047 1.744692 -1.127892 0.436173 1.462386 1.462386 
243.500000 137 2.000000 3.696762 18.843980 -0.958840 0.581398 1.257398 1.257398 
243.500000 138 2.000000 10.722604 8.288667 -0.525908 1.393053 2.217176 2.217176 
243.500000 139 2.000000 2.680635 17.415087 -1.416866 1.006652 3.020857 3.020857 
243.500000 140 2.000000 10.393035 17.767633 -0.569459 -0.729669 0.856700 0.856700 
243.500000 141 2.000000 2.727705 15.025188 1.069688 -1.579305 3.638437 3.638437 
243.500000 142 2.000000 1.222428 1.307202 -0.040179 0.175463 0.032402 0.032402 
243.500000 143 2.000000 9.767010 17.387835 -2.487973 -0.363846 6.322392 6.322392 
243.500000 144 2.000000 2.672128 5.684467 0.420807 -0.507643 0.434780 0.434780 
243.500000 145 2.000000 7.561732 5.471238 0.410964 -0.587021 0.513484 0.513484 
243.500000 146 2.000000 10.296444 17.417700 2.606694 0.497368 7.042231 7.042231 
243.500000 147 2.000000 0.754291 11.494311 0.754290 -1.126107 1.837071 1.837071 
243.500000 148 2.000000 10.652902 14.971206 0.707834 -1.764489 3.614449 3.614449 
243.500000 149 2.000000 9.710081 0.955849 -0.383639 -0.514833 0.412232 0.412232 
243.500000 150 2.000000 9.183920 13.046747 -0.393245 -1.806039 3.416420 3.416420 
243.500000 151 2.000000 5.905339 9.655818 0.169247 1.847976 3.443660 3.443660 
243.500000 152 2.000000 3.537450 15.107867 -1.067936 1.083001 2.313378 2.313378 
243.500000 153 2.000000 5.796800 7.082646 2.033964 0.800299 4.777490 4.777490 
243.500000 154 2.000000 7.434318 9.218471 0.203758 -0.945748 0.935957 0.935957 
243.500000 155 2.000000 9.921417 12.864426 -0.039769 -1.089400 1.188375 1.188375 
243.500000 156 2.000000 1.324232 13.906325 -0.729181 -1.417133 2.539972 2.539972 
243.500000 157 2.000000 9.614062 3.498869 -0.230023 -0.460827 0.265272 0.265272 
243.500000 158 2.000000 1.988306 19.132035 -0.231454 -1.335329 1.836675 1.836675 
243.500000 159 2.000000 2.791029 6.745125 0.392761 0.865390 0.903162 0.903162 
243.500000 160 2.000000 9.678872 9.847778 0.180183 -0.255271 0.097629 0.097629 
243.500000 161 2.000000 7.355120 10.609712 -0.478504 -0.367326 0.363894 0.363894 
243.500000 162 2.000000 2.949215 15.132900 0.684694 -0.779602 1.076586 1.076586 
243.500000 163 2.000000 3.543926 10.117986 1.417570 1.386025 3.930571 3.930571 
243.500000 164 2.000000 2.879186 5.790448 0.133296 0.208289 0.061152 0.061152 
243.500000 165 2.000000 0.957210 19.552126 -0.321584 -0.895747 0.905779 0.905779 
243.500000 166 2.000000 2.722647 13.957285 -0.511413 0.818609 0.931664 0.931664 
243.500000 167 2.000000 2.071721 15.877389 -0.930638 -1.963148 4.720035 4.720035 
243.500000 168 2.000000 6.054042 2.601354 -1.656261 -0.618644 3.125920 3.125920 
243.500000 169 2.000000 10.475506 11.298884 -0.580987 -1.474765 2.512478 2.512478 
243.500000 170 2.000000 0.238770 12.744413 0.955075 1.517192 3.214040 3.214040 
243.500000 171 2.000000 9.600251 2.890121 1.246786 0.284741 1.635552 1.635552 
243.500000 172 2.000000 8.359927 14.624547 1.238508 1.138097 2.829166 2.829166 
243.500000 173 2.000000 4.020541 12.950690 0.278649 0.031925 0.078665 0.078665 
243.500000 174 2.000000 3.226838 11.191032 -0.302794 -0.659848 0.527083 0.527083 
243.500000 175 2.000000 5.228307 15.621606 1.124367 1.225224 2.765374 2.765374 
243.500000 176 2.000000 6.104485 13.625855 0.589805 2.329206 5.773070 5.773070 
243.500000 177 2.000000 3.118984 0.274074 -1.610787 -0.440197 2.788407 2.788407 
243.500000 178 2.000000 1.521433 1.092436 0.533836 -0.297671 0.373589 0.373589 
243.500000 179 2.000000 7.987676 8.128741 -0.874159 0.591181 1.113648 1.113648 
243.500000 180 2.000000 9.242445 7.063194 -0.539518 0.483780 0.525123 0.525123 
243.500000 181 2.000000 10.359034 10.875019 0.609228 0.783504 0.985037 0.985037 
243.500000 182 2.000000 6.984273 19.277833 -0.219336 -0.962888 0.975262 0.975262 
243.500000 183 2.000000 7.010523 1.641967 -2.235927 0.342076 5.116385 5.116385 
243.500000 184 2.000000 9.635986 8.756056 -0.022209 -1.450831 2.105405 2.105405 
243.500000 185 2.000000 0.916712 13.555762 0.591426 -0.665196 0.792271 0.792271 
243.500000 186 2.000000 1.620840 14.025173 -0.706033 -0.230718 0.551713 0.551713 
243.500000 187 2.000000 6.663979 15.238790 -0.871269 -0.598894 1.117784 1.117784 
243.500000 188 2.000000 6.892862 17.237322 -0.875856 -1.083403 1.940885 1.940885 
243.500000 189 2.000000 10.118440 8.326508 -1.180834 -1.577499 3.882872 3.882872 
243.500000 190 2.000000 0.437143 2.176001 -1.152488 1.500689 3.580297 3.580297 
243.500000 191 2.000000 6.149901 16.286703 -0.145751 1.447707 2.117098 2.117098 
243.500000 192 2.000000 8.349383 14.224213 0.081756 1.426182 2.040678 2.040678 
243.500000 193 2.000000 3.643615 17.354588 -0.033603 0.451085 0.204606 0.204606 
243.500000 194 2.000000 1.996136 6.828753 0.907334 1.026880 1.877738 1.877738 
243.500000 195 2.000000 8.802772 15.678125 -0.646137 -0.690470 0.894242 0.894242 
243.500000 196 2.000000 1.449716 9.908226 -0.319482 -1.310620 1.819793 1.819793 
243.500000 197 2.000000 4.718201 5.128297 -0.899257 1.768378 3.935823 3.935823 
243.500000 198 2.000000 9.894796 16.903845 -0.554487 -0.665840 0.750798 0.750798 
243.500000 199 2.000000 10.131214 17.963615 -0.042999 -0.885384 0.785754 0.785754 
243.500000 200 2.000000 7.005971 11.722365 -0.888234 -1.149671 2.110703 2.110703 
243.500000 201 2.000000 6.033795 14.945203 0.549087 0.041488 0.303218 0.303218 
243.500000 202 2.000000 4.047048 16.842441 -0.518327 -0.328749 0.376738 0.376738 
243.500000 203 2.000000 2.590589 8.122669 0.507958 0.695838 0.742212 0.742212 
243.500000 204 2.000000 5.484753 14.640217 1.687616 0.112002 2.860593 2.860593 
243.500000 205 2.000000 6.703218 1.806404 0.210349 -0.188823 0.079901 0.079901 
243.500000 206 2.000000 7.842375 5.261810 -0.602937 1.302515 2.060078 2.060078 
243.500000 207 2.000000 1.403134 6.070092 -1.280426 -1.564133 4.086002 4.086002 
243.500000 208 2.000000 2.758857 0.938934 -0.817331 0.521630 0.940127 0.940127 
243.500000 209 2.000000 8.084608 7.589209 -0.024809 0.164268 0.027600 0.027600 
243.500000 210 2.000000 1.976096 17.522539 -0.454707 1.214890 1.682717 1.682717 
243.500000 211 2.000000 6.416182 10.159631 1.050978 -0.792547 1.732685 1.732685 
243.500000 212 2.000000 9.895491 3.346740 0.113947 0.567244 0.334750 0.334750 
243.500000 213 2.000000 3.241333 6.602260 1.028994 -1.074289 2.212927 2.212927 
243.500000 214 2.000000 6.119044 18.139471 -1.752057 -0.600170 3.429910 3.429910 
243.500000 215 2.000000 1.168482 14.497751 -0.442157 -0.552990 0.501300 0.501300 
243.500000 216 2.000000 5.028994 13.400656 -1.648706 0.727139 3.246962 3.246962 
243.500000 217 2.000000 4.261996 8.870743 1.471760 0.203394 2.207445 2.207445 
243.500000 218 2.000000 2.373722 16.532683 -0.591846 0.171942 0.379846 0.379846 
243.500000 219 2.000000 8.197258 2.120133 -1.682994 -0.891197 3.626700 3.626700 
243.500000 220 2.000000 10.047296 18.398230 1.035804 1.057044 2.190231 2.190231 
243.500000 221 2.000000 2.644453 0.037882 -0.460328 -0.766624 0.799614 0.799614 
243.500000 222 2.000000 6.442653 16.582033 -0.220440 0.250341 0.111265 0.111265 
243.500000 223 2.000000 6.844378 3.357851 -0.157569 0.332031 0.135073 0.135073 
243.500000 224 2.000000 0.648944 15.104261 0.865257 -0.155420 0.772825 0.772825 
243.500000 225 2.000000 9.551364 0.448697 -1.077682 -0.346982 1.281796 1.281796 
243.500000 226 2.000000 5.770720 11.796412 3.497405 2.536863 18.667517 18.667517 
243.500000 227 2.000000 0.322352 12.112773 -0.840389 0.332928 0.817094 0.817094 
243.500000 228 2.000000 10.320120 5.333269 2.757582 0.218444 7.651974 7.651974 
243.500000 229 2.000000 1.290083 13.360719 -0.038146 -0.530635 0.283028 0.283028 
243.500000 230 2.000000 0.080924 13.050851 -0.590646 1.572392 2.821278 2.821278 
243.500000 231 2.000000 8.391405 19.894784 -1.133625 -1.052149 2.392124 2.392124 
243.500000 232 2.000000 6.039414 5.475702 0.934182 -0.432211 1.059502 1.059502 
243.500000 233 2.000000 3.481251 4.881637 -1.130594 -0.348757 1.399873 1.399873 
243.500000 234 2.000000 6.714331 11.257730 -0.733288 -0.693831 1.019112 1.019112 
243.500000 235 2.000000 3.146264 9.952228 -0.477349 0.140966 0.247733 0.247733 
243.500000 236 2.000000 2.500489 5.983468 -0.420118 -0.742669 0.728056 0.728056 
243.500000 237 2.000000 5.047727 3.730527 0.483143 0.683268 0.700283 0.700283 
243.500000 238 2.000000 8.401683 18.924461 -0.210816 -0.498440 0.292886 0.292886 
243.500000 239 2.000000 5.766890 18.786825 -1.341292 -0.878821 2.571392 2.571392 
243.500000 240 2.000000 2.065928 16.023247 0.180300 1.478522 2.218535 2.218535 
243.500000 241 2.000000 2.907689 18.641146 1.530362 -1.430372 4.387971 4.387971 
243.500000 242 2.000000 8.035876 3.337436 -0.654164 0.595971 0.783112 0.783112 
243.500000 243 2.000000 0.415709 6.061163 1.039270 -0.429548 1.264593 1.264593 
243.500000 244 2.000000 3.377662 2.566944 -0.936700 -0.065966 0.881758 0.881758 
243.500000 245 2.000000 4.814310 5.193066 -1.327715 0.073898 1.768288 1.768288 
243.500000 246 2.000000 2.352212 10.571355 -0.190687 0.409742 0.204251 0.204251 
243.500000 247 2.000000 3.011698 11.660943 0.230781 -0.896673 0.857282 0.857282 
243.500000 248 2.000000 0.003849 3.966209 -0.338463 -0.926809 0.973532 0.973532 
243.500000 249 2.000000 0.842666 3.662672 1.532119 -0.447006 2.547202 2.547202 
243.500000 250 2.000000 8.161851 2.470629 0.773325 0.536125 0.885461 0.885461 
243.500000 251 2.000000 10.586881 6.002970 0.829936 -0.104321 0.699676 0.699676 
243.500000 252 2.000000 0.186651 19.704211 0.373299 1.267837 1.746763 1.746763 
243.500000 253 2.000000 1.200462 11.199425 -1.462856 1.027470 3.195643 3.195643 
243.500000 254 2.000000 3.346972 10.231928 -1.563779 1.401634 4.409981 4.409981 
243.500000 255 2.000000 4.933306 15.997621 1.617477 -0.645545 3.032961 3.032961 
243.500000 256 2.000000 1.275784 13.244004 0.879851 -0.486043 1.010374 1.010374 
243.500000 257 2.000000 2.320527 4.610915 1.933772 -0.246999 3.800482 3.800482 
243.500000 258 2.000000 0.387677 12.350248 0.704866 1.246993 2.051827 2.051827 
243.500000 259 2.000000 9.465369 4.574087 -3.242075 0.557815 10.822206 10.822206 
243.500000 260 2.000000 5.323391 14.200405 -0.383706 -0.633835 0.548977 0.548977 
243.500000 261 2.000000 7.390308 9.828001 0.689785 -0.816729 1.142849 1.142849 
243.500000 262 2.000000 6.528409 8.090918 1.028096 1.172597 2.431964 2.431964 
243.500000 263 2.000000 9.371963 14.171403 1.751769 1.263273 4.664553 4.664553 
243.500000 264 2.000000 0.575534 18.980694 0.205547 -0.443176 0.238655 0.238655 
243.500000 265 2.000000 9.672413 3.078394 -0.200816 1.338432 1.831727 1.831727 
243.500000 266 2.000000 7.636371 0.198393 0.436058 -0.974326 1.139458 1.139458 
243.500000 267 2.000000 4.865265 6.253553 -0.082594 0.133046 0.024523 0.024523 
243.500000 268 2.000000 4.688541 2.764536 -0.711162 0.621244 0.891695 0.891695 
243.500000 269 2.000000 5.168685 12.390590 2.109667 -1.133877 5.736371 5.736371 
243.500000 270 2.000000 4.364339 0.998206 -0.618720 1.426007 2.416310 2.416310 
243.500000 271 2.000000 3.191382 7.293065 1.450628 -0.636102 2.508947 2.508947 
243.500000 272 2.000000 9.176490 12.277864 -0.368633 0.632331 0.535733 0.535733 
243.500000 273 2.000000 7.504241 14.535474 -1.891005 1.262996 5.171056 5.171056 
243.500000 274 2.000000 2.195704 9.513893 1.126002 1.452503 3.377644 3.377644 
243.500000 275 2.000000 0.986660 13.100746 -0.378539 0.037241 0.144679 0.144679 
243.500000 276 2.000000 0.570456 4.573416 -0.767501 0.639638 0.998196 0.998196 
243.500000 277 2.000000 4.405150 6.620426 -1.685234 -0.824702 3.520146 3.520146 
243.500000 278 2.000000 7.089592 5.120449 -0.709084 0.335767 0.615539 0.615539 
243.500000 279 2.000000 1.359110 13.158464 0.205926 -0.792252 0.670069 0.670069 
243.500000 280 2.000000 7.863885 13.558660 -2.650051 -2.166830 11.717926 11.717926 
243.500000 281 2.000000 3.029662 13.119390 0.121673 0.395966 0.171594 0.171594 
243.500000 282 2.000000 7.102732 4.670560 -0.335113 0.394374 0.267832 0.267832 
243.500000 283 2.000000 9.733915 9.270942 0.824908 1.078016 1.842592 1.842592 
243.500000 284 2.000000 7.060840 15.743976 -0.839339 -0.183112 0.738020 0.738020 
243.500000 285 2.000000 10.507535 14.482054 -0.277464 0.839539 0.781813 0.781813 
243.500000 286 2.000000 4.545160 13.081220 -1.303681 1.118053 2.949627 2.949627 
243.500000 287 2.000000 6.293993 11.138798 0.874166 -0.440856 0.958519 0.958519 
243.500000 288 2.000000 6.668713 6.870198 -0.011265 -1.299980 1.690076 1.690076 
243.500000 289 2.000000 6.944611 2.728169 1.147869 0.410251 1.485910 1.485910 
243.500000 290 2.000000 8.571659 5.201123 -0.581835 1.143104 1.645218 1.645218 
243.500000 291 2.000000 0.601131 10.596318 1.335845 1.021722 2.828397 2.828397 
243.500000 292 2.000000 2.478436 10.160128 0.869626 1.270016 2.369191 2.369191 
243.500000 293 2.000000 8.870817 17.576364 -1.248440 -0.444704 1.756363 1.756363 
243.500000 294 2.000000 2.282931 4.507545 1.574435 -1.074092 3.632517 3.632517 
243.500000 295 2.000000 4.625987 6.468524 -0.582090 1.658596 3.089768 3.089768 
243.500000 296 2.000000 4.184449 4.618125 -1.439844 1.132652 3.356053 3.356053 
243.500000 297 2.000000 1.584211 13.876941 0.406208 1.550496 2.569043 2.569043 
243.500000 298 2.000000 9.986726 3.135839 -2.210210 0.240294 4.942768 4.942768 
243.500000 299 2.000000 1.258112 6.411411 2.096852 -0.996226 5.389255 5.389255 
243.500000 300 2.000000 0.147397 17.858026 -0.088823 -2.039974 4.169385 4.169385 
243.500000 301 2.000000 4.714718 13.308274 -0.263321 0.074610 0.074905 0.074905 
243.500000 302 2.000000 4.242641 16.212201 -0.101667 0.478236 0.239046 0.239046 
243.500000 303 2.000000 2.964335 15.596169 1.347424 0.871115 2.574394 2.574394 
243.500000 304 2.000000 7.629426 10.206633 -1.237066 -1.733339 4.534798 4.534798 
243.500000 305 2.000000 6.197633 19.197977 0.500029 -0.223463 0.299965 0.299965 
243.500000 306 2.000000 8.533978 14.562165 0.263716 0.633176 0.470458 0.470458 
243.500000 307 2.000000 5.727480 11.838719 0.463763 0.966426 1.149056 1.149056 
243.500000 308 2.000000 6.084527 10.679522 -1.218373 -0.175133 1.515103 1.515103 
243.500000 309 2.000000 5.356941 11.011302 -0.267812 1.252426 1.640294 1.640294 
243.500000 310 2.000000 3.095928 1.471917 -0.073262 0.795631 0.638395 0.638395 
243.500000 311 2.000000 2.888418 16.491028 -0.456881 -0.961362 1.132957 1.132957 
243.500000 312 2.000000 9.913736 15.496251 -1.426771 -0.120224 2.050129 2.050129 
243.500000 313 2.000000 8.109001 8.602753 -0.125368 0.802824 0.660243 0.660243 
243.500000 314 2.000000 7.096881 13.018301 -0.867572 0.275811 0.828754 0.828754 
243.500000 315 2.000000 2.624919 5.540794 -1.040726 -0.993760 2.070669 2.070669 
243.500000 316 2.000000 0.410768 9.485635 1.643067 1.223953 4.197728 4.197728 
243.500000 317 2.000000 7.212464 4.235471 -1.480667 1.303221 3.890762 3.890762 
243.500000 318 2.000000 8.526212 13.825364 1.021727 -0.604742 1.409639 1.409639 
243.500000 319 2.000000 8.555129 19.715646 -2.345232 -0.473921 5.724713 5.724713 
243.500000 320 2.000000 6.597395 10.877905 -0.322150 -0.257061 0.169861 0.169861 
243.500000 321 2.000000 2.577889 2.001060 -0.322857 -0.910827 0.933842 0.933842 
243.500000 322 2.000000 2.331329 8.111661 -1.241384 1.126635 2.810341 2.810341 
243.500000 323 2.000000 6.622915 1.140112 0.913505 1.266791 2.439250 2.439250 
243.500000 324 2.000000 0.856484 1.051085 -1.583393 -1.519621 4.816382 4.816382 
243.500000 325 2.000000 6.280016 8.533128 1.207695 -0.233211 1.512915 1.512915 
243.500000 326 2.000000 3.447345 14.398568 0.163469 0.283806 0.107268 0.107268 
243.500000 327 2.000000 10.498436 7.507326 0.556946 1.095960 1.511317 1.511317 
243.500000 328 2.000000 4.979864 11.000445 -0.524678 0.583578 0.615850 0.615850 
243.500000 329 2.000000 7.318930 16.612968 0.717542 0.868836 1.269742 1.269742 
243.500000 330 2.000000 0.667702 17.306516 1.483781 -1.524682 4.526258 4.526258 
243.500000 331 2.000000 4.325872 17.116460 0.536583 0.966066 1.221205 1.221205 
243.500000 332 2.000000 10.304016 16.684977 -1.514609 -0.483132 2.527456 2.527456 
243.500000 333 2.000000 0.947940 9.796363 -0.525125 0.614694 0.653604 0.653604 
243.500000 334 2.000000 0.777091 8.614415 0.345373 -0.886038 0.904346 0.904346 
243.500000 335 2.000000 5.881105 18.837590 0.707076 0.070463 0.504922 0.504922 
243.500000 336 2.000000 6.941742 16.025392 -0.372313 0.460435 0.350617 0.350617 
243.500000 337 2.000000 5.174202 18.117055 -0.162104 0.321487 0.129632 0.129632 
243.500000 338 2.000000 1.961964 0.180658 0.014923 0.602189 0.362854 0.362854 
243.500000 339 2.000000 6.887583 0.230006 -0.570333 -1.587951 2.846869 2.846869 
243.500000 340 2.000000 9.698553 2.987411 -0.222944 -0.680936 0.513377 0.513377 
243.500000 341 2.000000 2.009804 10.337502 0.256026 0.310793 0.162142 0.162142 
243.500000 342 2.000000 7.901245 17.872248 1.046522 1.458959 3.223770 3.223770 
243.500000 343 2.000000 9.944540 18.456454 0.012927 0.048801 0.002549 0.002549 
243.500000 344 2.000000 2.808646 18.992374 -2.601469 0.858976 7.505483 7.505483 
243.500000 345 2.000000 2.001693 18.107113 -0.088806 0.364765 0.140940 0.140940 
243.500000 346 2.000000 10.109759 17.522470 0.826511 -0.900920 1.494776 1.494776 
243.500000 347 2.000000 2.857173 14.446747 0.510209 1.020971 1.302696 1.302696 
243.500000 348 2.000000 5.469323 0.893696 -0.920449 0.435949 1.037277 1.037277 
243.500000 349 2.000000 7.596387 16.334256 -0.472567 -0.505620 0.478971 0.478971 
243.500000 350 2.000000 6.313753 13.558892 -1.811299 0.986101 4.253198 4.253198 
243.500000 351 2.000000 0.381214 6.141314 -0.485061 0.306052 0.328952 0.328952 
243.500000 352 2.000000 8.905048 10.163191 -0.906146 0.812520 1.481290 1.481290 
243.500000 353 2.000000 6.372710 2.313816 -0.040091 1.322180 1.749767 1.749767 
243.500000 354 2.000000 6.492648 16.344934 0.816685 -0.870254 1.424316 1.424316 
243.500000 355 2.000000 10.586281 17.904574 -0.439795 -0.213848 0.239151 0.239151 
243.500000 356 2.000000 5.657554 1.054604 1.057486 -0.310326 1.214580 1.214580 
243.500000 357 2.000000 3.510375 2.498800 0.730191 -0.097932 0.542770 0.542770 
243.500000 358 2.000000 0.091458 14.307899 -0.350938 0.492527 0.365740 0.365740 
243.500000 359 2.000000 5.105814 19.345340 0.141665 -0.872879 0.781986 0.781986 
243.500000 360 2.000000 1.169671 10.003242 -0.293395 -0.480613 0.317070 0.317070 
243.500000 361 2.000000 7.178391 2.511773 0.660028 1.141715 1.739149 1.739149 
243.500000 362 2.000000 3.054573 17.206751 3.054572 -0.261051 9.398560 9.398560 
243.500000 363 2.000000 4.269979 17.097519 -0.651936 -0.907025 1.247714 1.247714 
243.500000 364 2.000000 8.775485 7.453327 -1.680928 -0.524972 3.101116 3.101116 
243.500000 365 2.000000 8.085597 12.978605 0.230732 0.664737 0.495113 0.495113 
243.500000 366 2.000000 5.305216 16.941909 0.109241 -0.886403 0.797644 0.797644 
243.500000 367 2.000000 7.005880 6.459251 -0.961733 -1.758539 4.017389 4.017389 
243.500000 368 2.000000 4.112950 2.206057 -0.953041 0.450215 1.110982 1.110982 
243.500000 369 2.000000 7.767979 8.891743 -0.003422 0.621800 0.386647 0.386647 
243.500000 370 2.000000 4.544417 18.754459 -1.917570 0.748681 4.237599 4.237599 
243.500000 371 2.000000 0.834369 0.670188 2.781228 0.077227 7.741192 7.741192 
243.500000 372 2.000000 2.525514 7.129655 0.463397 -1.150349 1.538039 1.538039 
243.500000 373 2.000000 7.410796 5.312219 0.552684 -1.596567 2.854486 2.854486 
243.500000 374 2.000000 4.210832 5.614372 0.481238 0.774396 0.831279 0.831279 
243.500000 375 2.000000 2.976001 17.444168 -0.438275 -1.087588 1.374932 1.374932 
243.500000 376 2.000000 1.093814 2.281474 0.437525 2.534970 6.617502 6.617502 
243.500000 377 2.000000 7.148056 8.365160 0.661437 0.612822 0.813050 0.813050 
243.500000 378 2.000000 8.937048 6.310548 0.923279 1.543063 3.233488 3.233488 
243.500000 379 2.000000 0.681621 16.337720 -0.013533 -1.307957 1.710934 1.710934 
243.500000 380 2.000000 8.749202 9.632920 -1.278401 -0.002515 1.634317 1.634317 
243.500000 381 2.000000 8.983425 4.129530 -1.641249 0.529725 2.974306 2.974306 
243.500000 382 2.000000 7.906575 10.473514 1.123382 -0.649464 1.683789 1.683789 
243.500000 383 2.000000 3.298657 10.363184 -0.422441 0.149893 0.200924 0.200924 
243.500000 384 2.000000 7.147243 3.501187 -0.161069 0.170790 0.055112 0.055112 
243.500000 385 2.000000 8.283542 2.935292 0.823803 0.633170 1.079556 1.079556 
243.500000 386 2.000000 1.650219 8.004869 -0.232497 -1.360128 1.904003 1.904003 
243.500000 387 2.000000 4.635555 12.515760 -0.318503 -1.439277 2.172962 2.172962 
243.500000 388 2.000000 4.138349 19.239523 0.475739 0.791688 0.853098 0.853098 
243.500000 389 2.000000 0.850749 17.640848 1.417914 1.762155 5.115670 5.115670 
243.500000 390 2.000000 8.020159 12.774074 -2.219472 0.929023 5.789139 5.789139 
243.500000 391 2.000000 1.878134 8.309817 -0.660376 0.589349 0.783429 0.783429 
243.500000 392 2.000000 9.961013 0.071703 -0.376870 -0.614512 0.519656 0.519656 
243.500000 393 2.000000 3.104129 6.157768 0.205161 -1.471187 2.206483 2.206483 
243.500000 394 2.000000 1.027333 17.460070 1.284165 0.619151 2.032429 2.032429 
243.500000 395 2.000000 1.307907 3.738839 -0.294490 1.625582 2.729240 2.729240 
243.500000 396 2.000000 7.951563 18.552470 -1.054522 -0.643346 1.525911 1.525911 
243.500000 397 2.000000 1.042637 6.232067 1.042636 -1.529770 3.427287 3.427287 
243.500000 398 2.000000 2.020903 15.151626 1.757306 1.066738 4.226056 4.226056 
243.500000 399 2.000000 10.467560 15.914353 0.137616 -1.075170 1.174929 1.174929 
243.500000 400 2.000000 2.490064 7.262590 -0.711633 0.661716 0.944288 0.944288 
243.500000 401 2.000000 4.470835 19.146881 -1.999301 0.464167 4.212656 4.212656 
243.500000 402 2.000000 3.314577 14.200603 0.447916 0.036225 0.201941 0.201941 
243.500000 403 2.000000 5.759688 19.302975 1.800274 0.090449 3.249169 3.249169 
243.500000 404 2.000000 1.065830 9.859532 -1.766780 0.543654 3.417072 3.417072 
243.500000 405 2.000000 6.133092 13.057847 -0.028260 -0.260520 0.068669 0.068669 
243.500000 406 2.000000 2.233913 13.222317 0.680939 1.046309 1.558440 1.558440 
243.500000 407 2.000000 0.459416 4.610461 0.706792 0.050511 0.502107 0.502107 
243.500000 408 2.000000 1.590491 19.748792 -0.734312 0.869991 1.296099 1.296099 
243.500000 409 2.000000 10.363914 18.215567 -0.718820 1.009243 1.535274 1.535274 
243.500000 410 2.000000 1.285884 14.809323 1.836976 -0.644804 3.790253 3.790253 
243.500000 411 2.000000 9.101020 18.081622 -0.335312 0.294879 0.199388 0.199388 
243.500000 412 2.000000 1.405335 11.070487 -1.170323 -0.331952 1.479848 1.479848 
243.500000 413 2.000000 9.262342 5.540732 1.598027 0.509892 2.813680 2.813680 
243.500000 414 2.000000 1.271788 5.915967 2.543574 0.348406 6.591155 6.591155 
243.500000 415 2.000000 0.240568 12.856324 0.038491 0.200357 0.041624 0.041624 
243.500000 416 2.000000 9.966887 0.129900 -0.541298 1.298988 1.980373 1.980373 
243.500000 417 2.000000 7.224878 14.157833 -0.170195 -0.999126 1.027219 1.027219 
243.500000 418 2.000000 10.001613 13.950889 -1.694413 -1.152211 4.198625 4.198625 
243.500000 419 2.000000 1.672593 12.134323 -2.100365 0.002605 4.411540 4.411540 
243.500000 420 2.000000 8.395467 0.000001 0.004640 0.147402 0.021749 0.021749 
243.500000 421 2.000000 7.244833 14.890102 -0.492827 0.532244 0.526162 0.526162 
243.500000 422 2.000000 8.330387 6.996779 0.153574 0.540714 0.315957 0.315957 
243.500000 423 2.000000 1.122681 1.947957 2.245360 1.256746 6.621054 6.621054 
243.500000 424 2.000000 9.577853 15.945107 2.016390 0.046815 4.068020 4.068020 
243.500000 425 2.000000 1.392536 2.916863 -0.098582 0.516259 0.276242 0.276242 
243.500000 426 2.000000 2.255867 17.172512 0.175942 -2.458684 6.076085 6.076085 
243.500000 427 2.000000 2.345878 0.061557 3.351253 1.231114 12.746535 12.746535 
243.500000 428 2.000000 6.616927 16.621481 -1.349134 1.787256 5.014446 5.014446 
243.500000 429 2.000000 2.493710 17.634487 0.031932 0.577234 0.334218 0.334218 
243.500000 430 2.000000 7.042089 5.771737 0.550163 2.355811 5.852524 5.852524 
243.500000 431 2.000000 2.453942 9.166952 2.886989 -1.003060 9.340836 9.340836 
243.500000 432 2.000000 6.603531 18.302893 0.262569 -0.606109 0.436311 0.436311 
243.500000 433 2.000000 4.191514 7.540360 -0.362979 1.278027 1.765107 1.765107 
243.500000 434 2.000000 6.113096 7.821225 -0.257028 1.207641 1.524459 1.524459 
243.500000 435 2.000000 9.368311 16.075934 0.641665 -1.006170 1.424113 1.424113 
243.500000 436 2.000000 1.719359 1.885340 -1.217894 1.256893 3.063046 3.063046 
243.500000 437 2.000000 5.917585 9.781498 -0.686243 -0.031542 0.471925 0.471925 
243.500000 438 2.000000 6.930676 19.610520 -2.582215 -1.557917 9.094939 9.094939 
243.500000 439 2.000000 6.867539 14.992834 0.331765 0.224152 0.160312 0.160312 
243.500000 440 2.000000 2.517655 2.193650 -0.984825 0.345457 1.089220 1.089220 
243.500000 441 2.000000 5.676664 17.634449 1.233317 0.198571 1.560502 1.560502 
243.500000 442 2.000000 10.235563 8.127300 1.949631 -0.872993 4.563176 4.563176 
243.500000 443 2.000000 9.630104 16.515194 1.945475 -0.004037 3.784891 3.784891 
243.500000 444 2.000000 8.059003 11.186378 -1.381998 -1.268147 3.518116 3.518116 
243.500000 445 2.000000 2.291789 10.830400 -0.834553 -1.347739 2.512880 2.512880 
243.500000 446 2.000000 3.960768 13.024354 -1.084145 -0.041470 1.177091 1.177091 
243.500000 447 2.000000 2.913988 15.550418 -0.254632 0.284582 0.145824 0.145824 
243.500000 448 2.000000 4.258858 2.063934 -0.683586 -0.114644 0.480433 0.480433 
243.500000 449 2.000000 0.549100 5.170900 -1.171100 -0.237037 1.427661 1.427661 
243.500000 450 2.000000 4.170317 0.000001 0.353417 0.102362 0.135381 0.135381 
243.500000 451 2.000000 9.080090 8.770834 1.471250 0.781098 2.774690 2.774690 
243.500000 452 2.000000 6.911037 8.853229 -0.606291 -0.030797 0.368537 0.368537 
243.500000 453 2.000000 3.963091 8.696174 -0.455687 -0.926239 1.065569 1.065569 
243.500000 454 2.000000 1.416415 16.180833 0.421388 -0.903705 0.994251 0.994251 
243.500000 455 2.000000 10.700708 7.291108 0.734992 -0.342246 0.657346 0.657346 
243.500000 456 2.000000 5.379387 18.625967 -1.531090 -0.360066 2.473883 2.473883 
243.500000 457 2.000000 0.000001 9.968007 1.342966 -0.074717 1.809140 1.809140 
243.500000 458 2.000000 3.628325 18.249735 0.533577 1.341892 2.085379 2.085379 
243.500000 459 2.000000 1.560634 16.047488 0.323121 2.919060 8.625317 8.625317 
243.500000 460 2.000000 5.374331 2.694585 0.309760 0.097277 0.105414 0.105414 
243.500000 461 2.000000 10.645962 14.812766 0.557325 1.097511 1.515142 1.515142 
243.500000 462 2.000000 1.335919 19.425287 1.669897 -1.044931 3.880437 3.880437 
243.500000 463 2.000000 1.385623 13.320227 -0.504902 -0.563694 0.572676 0.572676 
243.500000 464 2.000000 7.005902 2.807652 0.610171 1.220718 1.862460 1.862460 
243.500000 465 2.000000 2.499614 12.496649 -0.996998 -0.018511 0.994348 0.994348 
243.500000 466 2.000000 5.356952 14.856730 -0.576671 0.920674 1.180190 1.180190 
243.500000 467 2.000000 9.469334 15.228570 0.547360 0.810030 0.955752 0.955752 
243.500000 468 2.000000 5.546578 7.103294 0.932198 -0.726575 1.396904 1.396904 
243.500000 469 2.000000 0.839481 12.334461 0.192984 -1.179314 1.428023 1.428023 
243.500000 470 2.000000 2.339366 3.499187 -1.355164 -0.822976 2.513758 2.513758 
243.500000 471 2.000000 2.551397 18.212048 -0.201506 -1.191967 1.461390 1.461390 
243.500000 472 2.000000 6.164822 4.630147 0.260119 -0.191265 0.104244 0.104244 
243.500000 473 2.000000 10.504299 16.711524 1.132778 0.490439 1.523717 1.523717 
243.500000 474 2.000000 3.887276 5.882237 -0.131636 -1.157194 1.356425 1.356425 
243.500000 475 2.000000 8.769791 15.406260 1.094965 0.712122 1.706065 1.706065 
243.500000 476 2.000000 4.427537 13.968710 1.792033 -0.465963 3.428503 3.428503 
243.500000 477 2.000000 0.071005 9.033637 0.027309 0.381497 0.146286 0.146286 
243.500000 478 2.000000 3.604834 11.919543 1.221977 -0.389420 1.644876 1.644876 
243.500000 479 2.000000 3.114642 12.424715 1.092856 0.458780 1.404814 1.404814 
243.500000 480 2.000000 8.601120 11.235140 0.088014 0.553121 0.313689 0.313689 
243.500000 481 2.000000 10.619733 0.919888 1.291103 1.082219 2.838146 2.838146 
243.500000 482 2.000000 6.666763 13.277433 -1.084214 0.007809 1.175582 1.175582 
243.500000 483 2.000000 8.892911 8.804257 -0.925113 -0.793799 1.485951 1.485951 
243.500000 484 2.000000 5.106313 10.527864 -1.887405 -0.139399 3.581730 3.581730 
243.500000 485 2.000000 10.614220 7.686420 -0.480598 -1.303024 1.928846 1.928846 
243.500000 486 2.000000 9.782177 15.069202 2.755543 -1.896460 11.189576 11.189576 
243.500000 487 2.000000 5.417909 3.231902 0.567320 0.367261 0.456733 0.456733 
243.500000 488 2.000000 8.265294 4.390522 -0.114021 -0.519056 0.282420 0.282420 
243.500000 489 2.000000 7.296667 0.436445 -0.278167 0.872888 0.839311 0.839311 
243.500000 490 2.000000 0.577471 15.215032 -0.559762 0.843660 1.025096 1.025096 
243.500000 491 2.000000 1.068006 3.619794 0.340904 -0.904834 0.934941 0.934941 
243.500000 492 2.000000 6.044858 15.026424 -0.131011 0.639336 0.425915 0.425915 
243.500000 493 2.000000 6.282477 7.895412 -0.413170 -0.157758 0.195597 0.195597 
243.500000 494 2.000000 1.572620 5.698152 1.310516 1.045532 2.810590 2.810590 
243.500000 495 2.000000 4.227920 17.268941 -0.690688 -0.299492 0.566746 0.566746 
243.500000 496 2.000000 10.025493 16.063568 0.480422 -0.439503 0.423969 0.423969 
243.500000 497 2.000000 0.554752 7.615452 1.849171 0.305364 3.512680 3.512680 
243.500000 498 2.000000 8.950897 4.586704 0.798235 0.009187 0.637264 0.637264 
243.500000 499 2.000000 5.520894 8.540490 1.662705 0.376007 2.905969 2.905969 
243.500000 500 2.000000 4.511562 0.251627 -0.866841 -0.179268 0.783551 0.783551 
