347.500000 1 2.000000 5.433627 14.441340 2.527268 1.044352 7.477754 7.477754 
347.500000 2 2.000000 5.744197 0.195217 -0.170176 -0.918739 0.873041 0.873041 
347.500000 3 2.000000 2.938619 17.953573 0.693593 0.271855 0.554977 0.554977 
347.500000 4 2.000000 3.551302 1.667283 0.755596 0.666913 1.015698 1.015698 
347.500000 5 2.000000 4.966552 8.897606 2.159370 0.112353 4.675502 4.675502 
347.500000 6 2.000000 0.953820 19.013198 -0.244146 -1.409716 2.046907 2.046907 
347.500000 7 2.000000 0.411425 6.914965 0.457138 -0.173982 0.239245 0.239245 
347.500000 8 2.000000 4.599273 6.897009 0.582186 -0.992651 1.324296 1.324296 
347.500000 9 2.000000 1.682728 14.312938 -0.011547 -0.848815 0.720620 0.720620 
347.500000 10 2.000000 0.041375 16.197921 -2.539342 0.374428 6.588455 6.588455 
347.500000 11 2.000000 6.580864 17.554109 -0.894539 -0.273085 0.874775 0.874775 
347.500000 12 2.000000 6.066304 8.876067 -1.144635 -1.644072 4.013162 4.013162 
347.500000 13 2.000000 2.666235 10.105337 -0.158832 -0.503055 0.278292 0.278292 
347.500000 14 2.000000 2.334682 3.673534 0.915561 -0.144195 0.859044 0.859044 
347.500000 15 2.000000 3.860479 8.005855 -0.437254 0.449760 0.393475 0.393475 
347.500000 16 2.000000 6.353218 15.287211 0.329537 0.590017 0.456714 0.456714 
347.500000 17 2.000000 0.897196 15.463996 -0.974159 1.158352 2.290765 2.290765 
347.500000 18 2.000000 3.435004 18.026366 0.679672 -0.839844 1.167291 1.167291 
347.500000 19 2.000000 6.440546 1.356304 -1.219510 1.507003 3.758263 3.758263 
347.500000 20 2.000000 2.767502 11.106951 -1.240238 0.847859 2.257055 2.257055 
347.500000 21 2.000000 3.414629 8.136051 -1.114822 1.230299 2.756464 2.756464 
347.500000 22 2.000000 4.925853 3.183324 1.015755 0.612478 1.406888 1.406888 
347.500000 23 2.000000 1.656399 16.657014 -2.600772 1.748061 9.819733 9.819733 
347.500000 24 2.000000 4.444551 19.827680 -2.649609 -0.574397 7.350359 7.350359 
347.500000 25 2.000000 5.888649 6.464421 -3.059168 1.868300 12.849050 12.849050 
347.500000 26 2.000000 0.241208 0.112607 1.451607 -0.203394 2.148531 2.148531 
347.500000 27 2.000000 1.075861 16.221210 -1.626649 1.441120 4.722814 4.722814 
347.500000 28 2.000000 0.347896 4.952513 -1.734606 -0.883818 3.789993 3.789993 
347.500000 29 2.000000 3.300571 7.249927 -0.439799 -1.202692 1.639891 1.639891 
347.500000 30 2.000000 2.150202 0.442923 -2.198371 -0.389986 4.984923 4.984923 
347.500000 31 2.000000 2.720992 11.209124 2.970879 -0.904743 9.644682 9.644682 
347.500000 32 2.000000 2.288513 2.702601 -1.039441 0.478336 1.309244 1.309244 
347.500000 33 2.000000 6.158648 18.567367 -1.856146 0.569602 3.769724 3.769724 
347.500000 34 2.000000 2.713619 5.487153 0.155508 -0.023353 0.024728 0.024728 
347.500000 35 2.000000 3.482694 16.384273 -1.781319 -0.651482 3.597525 3.597525 
347.500000 36 2.000000 1.527881 12.020905 0.848822 -0.662165 1.158962 1.158962 
347.500000 37 2.000000 6.464290 10.167165 -0.864772 -0.270527 0.821015 0.821015 
347.500000 38 2.000000 5.169771 14.147113 -0.273613 0.454702 0.281618 0.281618 
347.500000 39 2.000000 6.564075 1.074008 2.524644 -0.466620 6.591560 6.591560 
347.500000 40 2.000000 6.665761 17.282057 2.019927 0.483439 4.313819 4.313819 
347.500000 41 2.000000 1.133338 7.993611 -0.116937 0.807048 0.665000 0.665000 
347.500000 42 2.000000 1.388874 18.219054 0.188677 2.313228 5.386621 5.386621 
347.500000 43 2.000000 4.572570 4.884291 0.027442 -0.637853 0.407609 0.407609 
347.500000 44 2.000000 0.340394 5.521027 -0.092758 -0.370265 0.145700 0.145700 
347.500000 45 2.000000 6.794999 4.177397 -0.695253 -1.609536 3.073982 3.073982 
347.500000 46 2.000000 0.256996 7.986548 1.284977 -0.416483 1.824625 1.824625 
347.500000 47 2.000000 1.483215 13.549126 0.674188 -0.066220 0.458915 0.458915 
347.500000 48 2.000000 6.610595 0.608032 1.747516 0.294406 3.140486 3.140486 
347.500000 49 2.000000 2.302418 18.771570 -3.136332 0.455849 10.044376 10.044376 
347.500000 50 2.000000 3.658998 14.958363 1.380753 0.793547 2.536197 2.536197 
347.500000 51 2.000000 6.401362 4.638508 -0.558298 -0.345878 0.431328 0.431328 
347.500000 52 2.000000 4.559484 10.706652 0.735400 1.456687 2.662752 2.662752 
347.500000 53 2.000000 1.080914 15.852114 -0.952254 0.066763 0.911244 0.911244 
347.500000 54 2.000000 5.020196 6.658952 0.085719 1.775720 3.160530 3.160530 
347.500000 55 2.000000 6.135340 15.554907 0.074876 1.777704 3.165836 3.165836 
347.500000 56 2.000000 4.679029 8.094659 -0.422722 1.190391 1.595724 1.595724 
347.500000 57 2.000000 2.874857 17.963719 0.598928 2.170346 5.069119 5.069119 
347.500000 58 2.000000 3.124224 3.905981 -0.880338 -0.056062 0.778138 0.778138 
347.500000 59 2.000000 3.405182 6.156755 1.840638 2.414413 9.217340 9.217340 
347.500000 60 2.000000 3.378806 2.159847 -1.122506 0.025975 1.260694 1.260694 
347.500000 61 2.000000 2.002098 19.325345 -0.136648 1.603763 2.590729 2.590729 
347.500000 62 2.000000 0.651095 16.765963 -2.768624 -0.798527 8.302925 8.302925 
347.500000 63 2.000000 1.446075 3.545590 0.672593 0.796762 1.087210 1.087210 
347.500000 64 2.000000 2.940998 12.016769 0.295578 -1.923670 3.787872 3.787872 
347.500000 65 2.000000 0.687164 18.914802 0.133430 2.421485 5.881393 5.881393 
347.500000 66 2.000000 4.413267 10.147465 -1.943385 1.638714 6.462131 6.462131 
347.500000 67 2.000000 0.962686 2.047823 -2.158841 1.077801 5.822250 5.822250 
347.500000 68 2.000000 0.916075 14.949266 0.258049 1.718306 3.019166 3.019166 
347.500000 69 2.000000 1.978582 14.039444 -0.050957 -0.471190 0.224617 0.224617 
347.500000 70 2.000000 3.535283 13.075615 0.160472 -1.352128 1.854001 1.854001 
347.500000 71 2.000000 2.396165 10.680498 0.570515 1.750901 3.391143 3.391143 
347.500000 72 2.000000 1.614962 5.154957 1.404314 -0.573427 2.300915 2.300915 
347.500000 73 2.000000 1.625081 5.534625 0.018811 0.200300 0.040474 0.040474 
347.500000 74 2.000000 1.390679 6.707970 1.986682 0.370481 4.084162 4.084162 
347.500000 75 2.000000 2.930886 9.006806 -1.158033 -0.790952 1.966644 1.966644 
347.500000 76 2.000000 5.571621 6.758993 0.205512 0.558594 0.354263 0.354263 
347.500000 77 2.000000 3.119314 12.123795 0.643157 0.630314 0.810947 0.810947 
347.500000 78 2.000000 6.777583 14.299190 -0.818602 -0.292867 0.755880 0.755880 
347.500000 79 2.000000 3.834231 5.992490 0.853737 1.718094 3.680713 3.680713 
347.500000 80 2.000000 5.529594 4.010852 -2.568810 -0.529442 6.879095 6.879095 
347.500000 81 2.000000 5.105173 2.492151 1.460965 -0.624876 2.524887 2.524887 
347.500000 82 2.000000 1.552315 16.076536 0.526208 0.424811 0.457360 0.457360 
347.500000 83 2.000000 3.949637 9.848014 -0.003805 0.211368 0.044691 0.044691 
347.500000 84 2.000000 5.199554 4.588880 1.990024 -0.410632 4.128813 4.128813 
347.500000 85 2.000000 1.735303 0.134868 -2.692895 -0.374820 7.392174 7.392174 
347.500000 86 2.000000 1.763383 19.102449 -0.785403 1.171909 1.990229 1.990229 
347.500000 87 2.000000 6.496036 6.847119 -0.497942 -0.371026 0.385607 0.385607 
347.500000 88 2.000000 1.246838 8.036047 -0.513513 -1.022360 1.308915 1.308915 
347.500000 89 2.000000 0.106418 2.699580 -0.384869 1.587988 2.669829 2.669829 
347.500000 90 2.000000 6.537169 10.276941 -0.682576 0.652504 0.891671 0.891671 
347.500000 91 2.000000 3.727127 10.493554 -1.611268 -2.290710 7.843534 7.843534 
347.500000 92 2.000000 2.975403 3.559708 -0.087013 0.845234 0.721992 0.721992 
347.500000 93 2.000000 3.292355 1.686970 -1.385171 -0.152302 1.941894 1.941894 
347.500000 94 2.000000 6.377461 8.807587 -0.269965 -0.435731 0.262743 0.262743 
347.500000 95 2.000000 4.055416 10.321300 -0.466806 -0.480298 0.448594 0.448594 
347.500000 96 2.000000 3.419499 13.158375 -1.016406 -1.243932 2.580447 2.580447 
347.500000 97 2.000000 1.427379 17.678188 2.039111 0.465270 4.374450 4.374450 
347.500000 98 2.000000 6.056288 10.702236 -2.148604 -0.815181 5.281019 5.281019 
347.500000 99 2.000000 2.274631 4.225773 0.087649 -0.067754 0.012273 0.012273 
347.500000 100 2.000000 2.326489 12.911942 -0.515916 -0.957846 1.183637 1.183637 
347.500000 101 2.000000 3.682657 3.728458 1.796418 -0.707059 3.727048 3.727048 
347.500000 102 2.000000 6.259122 2.480707 -1.824256 -2.539028 9.774571 9.774571 
347.500000 103 2.000000 5.115741 9.119239 0.406011 -1.978320 4.078595 4.078595 
347.500000 104 2.000000 6.312425 3.994857 0.660987 0.198749 0.476405 0.476405 
347.500000 105 2.000000 1.686753 2.752192 1.249446 -0.991253 2.543698 2.543698 
347.500000 106 2.000000 5.157748 16.666860 0.173317 -0.261753 0.098553 0.098553 
347.500000 107 2.000000 0.757506 12.500606 0.797374 -0.999919 1.635643 1.635643 
347.500000 108 2.000000 6.531475 3.470159 -1.794826 0.245269 3.281559 3.281559 
347.500000 109 2.000000 3.054431 4.467062 -2.006720 -2.353475 9.565770 9.565770 
347.500000 110 2.000000 3.246145 0.900165 1.272998 3.000547 10.623806 10.623806 
347.500000 111 2.000000 4.787151 2.613509 0.886957 -0.422919 0.965554 0.965554 
347.500000 112 2.000000 0.420112 9.811510 -0.544150 -0.118619 0.310170 0.310170 
347.500000 113 2.000000 4.887172 1.717054 0.693216 -0.440023 0.674168 0.674168 
347.500000 114 2.000000 0.020164 7.320378 0.201632 -0.252362 0.104342 0.104342 
347.500000 115 2.000000 5.432752 17.136221 -0.889404 1.176278 2.174669 2.174669 
347.500000 116 2.000000 3.157320 6.930205 0.455668 1.458990 2.336286 2.336286 
347.500000 117 2.000000 3.681643 9.475371 -1.149913 -1.739608 4.348535 4.348535 
347.500000 118 2.000000 2.471867 4.517765 1.267624 -0.072145 1.612075 1.612075 
347.500000 119 2.000000 0.202801 18.878151 -1.553448 0.187428 2.448330 2.448330 
347.500000 120 2.000000 0.643774 6.941747 1.839351 1.542610 5.762860 5.762860 
347.500000 121 2.000000 4.947611 14.626584 -0.670396 1.335556 2.233139 2.233139 
347.500000 122 2.000000 4.415140 1.251813 1.698130 0.242053 2.942236 2.942236 
347.500000 123 2.000000 5.220240 5.652004 -0.177656 0.860305 0.771686 0.771686 
347.500000 124 2.000000 2.175563 0.195478 2.290065 -2.032087 9.373778 9.373778 
347.500000 125 2.000000 1.811345 3.842229 1.509454 -1.083051 3.451450 3.451450 
347.500000 126 2.000000 1.898331 6.038431 -2.615194 2.464665 12.913813 12.913813 
347.500000 127 2.000000 1.680247 8.305959 1.158790 -0.586301 1.686544 1.686544 
347.500000 128 2.000000 1.515043 10.683815 -0.093029 -2.070263 4.294644 4.294644 
347.500000 129 2.000000 0.160344 11.113520 -0.387372 0.485631 0.385895 0.385895 
347.500000 130 2.000000 3.261210 10.737207 0.918650 -1.202960 2.291031 2.291031 
347.500000 131 2.000000 2.185957 13.943530 2.301007 -0.506818 5.551495 5.551495 
347.500000 132 2.000000 5.311890 3.693738 0.602216 1.296048 2.042405 2.042405 
347.500000 133 2.000000 1.110653 1.537486 2.776630 1.281238 9.351243 9.351243 
347.500000 134 2.000000 2.625927 14.387274 -0.461256 -0.819376 0.884134 0.884134 
347.500000 135 2.000000 5.175202 18.810221 -2.529995 0.299581 6.490623 6.490623 
347.500000 136 2.000000 4.332431 15.908248 -1.064070 -0.772028 1.728273 1.728273 
347.500000 137 2.000000 6.676398 18.159966 -0.828674 0.842131 1.395885 1.395885 
347.500000 138 2.000000 1.393833 18.589543 -0.684846 0.256494 0.534804 0.534804 
347.500000 139 2.000000 2.539712 0.076040 -0.453150 -0.007020 0.205394 0.205394 
347.500000 140 2.000000 4.705967 17.370913 1.960819 1.101411 5.057919 5.057919 
347.500000 141 2.000000 3.161018 15.572476 -0.588603 -1.925010 4.052117 4.052117 
347.500000 142 2.000000 2.280684 4.067038 -1.221225 -0.243499 1.550682 1.550682 
347.500000 143 2.000000 3.517472 19.877580 0.226934 -0.408065 0.218016 0.218016 
347.500000 144 2.000000 5.408368 17.378010 -0.269105 -1.310995 1.791125 1.791125 
347.500000 145 2.000000 5.558645 2.123761 -0.921110 -2.008566 4.882781 4.882781 
347.500000 146 2.000000 1.925197 16.996078 -0.876449 0.334032 0.879741 0.879741 
347.500000 147 2.000000 5.539120 3.408775 1.978257 0.362636 4.045004 4.045004 
347.500000 148 2.000000 1.887975 5.267467 -3.220904 0.561387 10.689375 10.689375 
347.500000 149 2.000000 3.258142 7.868838 1.206719 0.297498 1.544676 1.544676 
347.500000 150 2.000000 0.017165 18.215416 -0.897692 -0.248424 0.867566 0.867566 
347.500000 151 2.000000 5.043112 15.147769 -0.089118 -0.425177 0.188717 0.188717 
347.500000 152 2.000000 5.603296 3.284250 -0.954695 -0.105901 0.922657 0.922657 
347.500000 153 2.000000 3.256687 2.435450 -2.185267 -0.751268 5.339796 5.339796 
347.500000 154 2.000000 5.368614 0.897145 0.631602 -1.458233 2.525364 2.525364 
347.500000 155 2.000000 0.029487 10.189405 -1.949183 -2.777562 11.514166 11.514166 
347.500000 156 2.000000 5.971408 19.717733 1.492852 -0.705666 2.726571 2.726571 
347.500000 157 2.000000 6.146264 6.003091 1.059700 -0.116099 1.136444 1.136444 
347.500000 158 2.000000 1.403652 1.300513 1.754564 0.928937 3.941420 3.941420 
347.500000 159 2.000000 6.719167 18.193393 0.121660 0.478637 0.243895 0.243895 
347.500000 160 2.000000 5.497814 13.182236 -1.564100 3.521301 14.845972 14.845972 
347.500000 161 2.000000 6.544213 4.687061 1.438288 0.090869 2.076931 2.076931 
347.500000 162 2.000000 5.532419 13.707249 0.239179 -1.011411 1.080158 1.080158 
347.500000 163 2.000000 6.305050 13.739482 -0.276999 0.087354 0.084359 0.084359 
347.500000 164 2.000000 0.258670 6.084109 2.586686 0.579439 7.026695 7.026695 
347.500000 165 2.000000 6.366793 6.766140 -0.323470 0.042834 0.106468 0.106468 
347.500000 166 2.000000 1.538825 11.218657 0.001727 -1.011293 1.022716 1.022716 
347.500000 167 2.000000 4.278785 9.993677 0.855757 -0.551793 1.036796 1.036796 
347.500000 168 2.000000 3.328849 5.038158 -0.567183 -1.760217 3.420059 3.420059 
347.500000 169 2.000000 3.145935 0.869509 -0.015022 1.905444 3.630941 3.630941 
347.500000 170 2.000000 1.327975 11.828436 1.770632 1.398331 5.090468 5.090468 
347.500000 171 2.000000 1.288941 8.383072 -0.414109 2.470891 6.276790 6.276790 
347.500000 172 2.000000 2.655477 11.666479 -1.122180 -1.772147 4.399792 4.399792 
347.500000 173 2.000000 0.254919 1.672484 0.188828 -0.050156 0.038172 0.038172 
347.500000 174 2.000000 4.191442 0.238470 -0.322542 -0.422493 0.282533 0.282533 
347.500000 175 2.000000 4.532059 19.237202 -0.570456 -1.695105 3.198802 3.198802 
347.500000 176 2.000000 2.517493 8.732098 2.397611 -0.543313 6.043728 6.043728 
347.500000 177 2.000000 2.926599 16.778293 -1.273450 1.947529 5.414545 5.414545 
347.500000 178 2.000000 2.567842 17.682392 -0.268964 -2.207244 4.944270 4.944270 
347.500000 179 2.000000 6.667098 19.827037 0.741069 -1.153077 1.878770 1.878770 
347.500000 180 2.000000 3.748842 9.667473 -0.357318 -0.708248 0.629292 0.629292 
347.500000 181 2.000000 1.531524 3.621268 -0.465925 0.724253 0.741629 0.741629 
347.500000 182 2.000000 4.109471 4.480582 -1.386513 0.633056 2.323178 2.323178 
347.500000 183 2.000000 4.249998 3.811520 -0.868618 -2.103669 5.179921 5.179921 
347.500000 184 2.000000 2.405519 3.865789 -0.570058 0.560259 0.638856 0.638856 
347.500000 185 2.000000 5.620215 3.042018 -0.204636 -1.469296 2.200705 2.200705 
347.500000 186 2.000000 6.018169 12.285222 0.885025 -1.307589 2.493059 2.493059 
347.500000 187 2.000000 1.363703 7.845099 0.634280 -0.776671 1.005529 1.005529 
347.500000 188 2.000000 0.827310 11.782600 1.654618 -0.410969 2.906654 2.906654 
347.500000 189 2.000000 0.876232 0.151563 1.947180 0.505207 4.046745 4.046745 
347.500000 190 2.000000 4.468862 18.167593 -0.572744 -1.182198 1.725627 1.725627 
347.500000 191 2.000000 2.847839 13.130174 2.847838 -1.655380 10.850461 10.850461 
347.500000 192 2.000000 1.849936 9.667614 -1.659332 -0.243209 2.812534 2.812534 
347.500000 193 2.000000 2.167367 3.444744 2.895749 1.382486 10.296630 10.296630 
347.500000 194 2.000000 1.203216 17.476664 0.802144 -0.632520 1.043515 1.043515 
347.500000 195 2.000000 6.170292 12.902722 -0.581224 -0.106124 0.349083 0.349083 
347.500000 196 2.000000 1.898460 7.345659 1.186537 1.277506 3.039890 3.039890 
347.500000 197 2.000000 5.000017 9.054552 -0.158332 -0.594667 0.378698 0.378698 
347.500000 198 2.000000 3.874111 9.781046 -1.336173 -0.341916 1.902264 1.902264 
347.500000 199 2.000000 5.182752 9.671306 0.034176 1.535659 2.359416 2.359416 
347.500000 200 2.000000 6.553164 7.103697 0.157718 -1.031704 1.089289 1.089289 
347.500000 201 2.000000 0.000001 18.232880 1.381363 -1.218703 3.393400 3.393400 
347.500000 202 2.000000 1.960781 16.241844 -1.004844 2.030230 5.131546 5.131546 
347.500000 203 2.000000 0.313746 7.930208 0.697212 -0.818291 1.155705 1.155705 
347.500000 204 2.000000 3.010082 7.143575 -0.826524 0.202407 0.724111 0.724111 
347.500000 205 2.000000 5.154918 13.762391 0.563379 0.683609 0.784718 0.784718 
347.500000 206 2.000000 5.489149 6.612206 -0.224550 -0.308479 0.145582 0.145582 
347.500000 207 2.000000 2.037690 7.689380 -0.865358 1.220536 2.238554 2.238554 
347.500000 208 2.000000 1.424222 7.450767 0.430796 -0.180351 0.218112 0.218112 
347.500000 209 2.000000 5.253046 11.000618 0.238815 -0.725936 0.584016 0.584016 
347.500000 210 2.000000 0.075719 9.927952 0.757176 -0.434709 0.762287 0.762287 
347.500000 211 2.000000 1.464451 3.221585 0.058328 -0.147898 0.025276 0.025276 
347.500000 212 2.000000 3.864621 11.648817 -0.799137 -1.315147 2.368231 2.368231 
347.500000 213 2.000000 0.432152 2.308824 0.480168 -0.858819 0.968132 0.968132 
347.500000 214 2.000000 3.908872 4.746693 -0.609510 1.636790 3.050585 3.050585 
347.500000 215 2.000000 1.609973 0.907403 -0.164777 1.396003 1.975977 1.975977 
347.500000 216 2.000000 2.385121 9.950526 0.375072 1.019435 1.179926 1.179926 
347.500000 217 2.000000 1.229258 10.382625 -2.957927 -1.338426 10.540720 10.540720 
347.500000 218 2.000000 0.924630 9.093792 -1.790349 0.457375 3.414542 3.414542 
347.500000 219 2.000000 0.953185 12.707456 -0.153994 0.830553 0.713532 0.713532 
347.500000 220 2.000000 3.053914 3.230422 0.413607 0.250159 0.233651 0.233651 
347.500000 221 2.000000 3.897706 14.474848 -1.270891 0.540796 1.907624 1.907624 
347.500000 222 2.000000 4.680936 5.265288 -1.664202 -0.201086 2.810004 2.810004 
347.500000 223 2.000000 1.578526 14.508721 3.157049 0.977018 10.921526 10.921526 
347.500000 224 2.000000 4.567281 5.508310 0.602920 0.918263 1.206719 1.206719 
347.500000 225 2.000000 2.829657 3.254663 0.673728 1.587640 2.974509 2.974509 
347.500000 226 2.000000 2.819887 9.899294 -0.171542 1.663747 2.797479 2.797479 
347.500000 227 2.000000 0.786802 1.233483 -2.183785 0.747565 5.327769 5.327769 
347.500000 228 2.000000 3.022122 11.450148 -0.588785 -1.075453 1.503267 1.503267 
347.500000 229 2.000000 1.310378 6.826785 1.541619 0.690712 2.853673 2.853673 
347.500000 230 2.000000 0.922974 17.651303 -2.296471 -2.472312 11.386108 11.386108 
347.500000 231 2.000000 4.061083 2.375738 1.068012 0.784504 1.756097 1.756097 
347.500000 232 2.000000 3.816942 17.252295 1.327228 0.169457 1.790249 1.790249 
347.500000 233 2.000000 4.804119 15.251301 1.812875 -0.328484 3.394416 3.394416 
347.500000 234 2.000000 4.109397 8.314412 1.304570 1.679679 4.523225 4.523225 
347.500000 235 2.000000 1.390442 19.303383 -0.494795 0.750198 0.807619 0.807619 
347.500000 236 2.000000 1.316774 6.278402 -0.533143 1.358003 2.128414 2.128414 
347.500000 237 2.000000 1.427140 5.309159 0.163102 -0.820717 0.700179 0.700179 
347.500000 238 2.000000 3.066427 17.611705 -1.134639 0.957606 2.204415 2.204415 
347.500000 239 2.000000 4.775065 0.194903 0.516223 -1.203957 1.715999 1.715999 
347.500000 240 2.000000 3.946172 6.845548 -1.665901 0.100067 2.785240 2.785240 
347.500000 241 2.000000 1.645267 3.356605 1.028291 -1.310503 2.774802 2.774802 
347.500000 242 2.000000 2.259260 4.982017 -3.397807 2.846866 19.649737 19.649737 
347.500000 243 2.000000 2.033573 16.540366 0.110105 -2.096747 4.408473 4.408473 
347.500000 244 2.000000 2.345000 17.266191 -0.546161 1.117662 1.547460 1.547460 
347.500000 245 2.000000 6.057614 0.891309 0.651356 1.485514 2.631015 2.631015 
347.500000 246 2.000000 2.599266 12.463618 0.036085 -1.039501 1.081864 1.081864 
347.500000 247 2.000000 1.907336 15.501663 1.525868 -0.865065 3.076610 3.076610 
347.500000 248 2.000000 1.381742 10.509604 0.886921 -0.906331 1.608064 1.608064 
347.500000 249 2.000000 4.508976 2.700285 2.049534 -1.378463 6.100751 6.100751 
347.500000 250 2.000000 4.834766 17.778477 -1.904888 0.344718 3.747430 3.747430 
347.500000 251 2.000000 1.698028 2.461851 2.425753 -2.470162 11.985977 11.985977 
347.500000 252 2.000000 0.423253 15.419612 2.116261 0.127251 4.494752 4.494752 
347.500000 253 2.000000 1.904847 9.216359 2.240996 0.512020 5.284225 5.284225 
347.500000 254 2.000000 0.783289 9.738167 -2.970542 -0.472916 9.047767 9.047767 
347.500000 255 2.000000 5.024060 8.767995 0.262203 0.766051 0.655585 0.655585 
347.500000 256 2.000000 0.631512 10.525334 -1.650213 0.294640 2.810015 2.810015 
347.500000 257 2.000000 2.501957 12.677323 2.976567 0.038572 8.861441 8.861441 
347.500000 258 2.000000 4.754711 8.592452 0.208438 -0.440585 0.237562 0.237562 
347.500000 259 2.000000 4.196819 14.652015 2.707625 0.344021 7.449582 7.449582 
347.500000 260 2.000000 3.896401 17.121238 -1.197439 -1.693389 4.301426 4.301426 
347.500000 261 2.000000 5.311956 15.122407 -1.026696 0.772543 1.650927 1.650927 
347.500000 262 2.000000 1.243300 0.071070 1.462704 0.710687 2.644580 2.644580 
347.500000 263 2.000000 1.379751 1.563849 -0.090079 -1.521192 2.322139 2.322139 
347.500000 264 2.000000 6.794999 8.578362 -3.065721 -0.686690 9.870187 9.870187 
347.500000 265 2.000000 0.410927 16.716085 1.643703 -3.456751 14.650889 14.650889 
347.500000 266 2.000000 2.350855 9.195140 0.315325 -0.365735 0.233192 0.233192 
347.500000 267 2.000000 2.822962 8.940328 0.241279 -1.146080 1.371714 1.371714 
347.500000 268 2.000000 3.608813 9.681989 0.784524 -2.149585 5.236195 5.236195 
347.500000 269 2.000000 4.824770 14.008789 -1.102989 -1.932648 4.951714 4.951714 
347.500000 270 2.000000 0.357303 2.267697 0.397002 0.412308 0.327609 0.327609 
347.500000 271 2.000000 4.569218 8.754359 -1.429113 -0.192710 2.079502 2.079502 
347.500000 272 2.000000 5.966010 10.123781 -0.540417 0.078166 0.298161 0.298161 
347.500000 273 2.000000 1.765923 3.458573 0.886070 0.888391 1.574359 1.574359 
347.500000 274 2.000000 0.558434 17.099112 2.792164 0.443469 7.992846 7.992846 
347.500000 275 2.000000 4.929043 15.484778 1.369178 -0.289437 1.958423 1.958423 
347.500000 276 2.000000 2.947837 19.423904 -0.712941 -2.304380 5.818452 5.818452 
347.500000 277 2.000000 3.404668 9.694043 -0.810075 1.357858 2.500000 2.500000 
347.500000 278 2.000000 5.440465 0.424580 0.057105 -0.152493 0.026515 0.026515 
347.500000 279 2.000000 3.449346 0.423488 -1.341630 1.693948 4.669433 4.669433 
347.500000 280 2.000000 5.222828 4.269111 1.430912 -0.144870 2.068495 2.068495 
347.500000 281 2.000000 2.329163 9.129280 0.846968 -0.384937 0.865531 0.865531 
347.500000 282 2.000000 4.598685 7.245016 -1.293036 0.903544 2.488335 2.488335 
347.500000 283 2.000000 4.011353 15.789064 0.771414 0.417957 0.769768 0.769768 
347.500000 284 2.000000 3.978816 19.796300 -0.057263 1.699253 2.890740 2.890740 
347.500000 285 2.000000 2.558841 13.635172 1.650865 1.044841 3.817047 3.817047 
347.500000 286 2.000000 4.030669 4.397175 2.027988 2.192075 8.917928 8.917928 
347.500000 287 2.000000 6.379455 18.725728 -1.076861 -0.749571 1.721486 1.721486 
347.500000 288 2.000000 3.411832 6.562503 1.312243 0.402351 1.883867 1.883867 
347.500000 289 2.000000 5.870743 18.465444 -0.808213 0.625184 1.044063 1.044063 
347.500000 290 2.000000 2.545960 6.845382 1.497623 1.610678 4.837157 4.837157 
347.500000 291 2.000000 1.354826 10.870793 -1.217101 -2.447760 7.472860 7.472860 
347.500000 292 2.000000 3.199595 15.746023 -1.277794 0.844988 2.346763 2.346763 
347.500000 293 2.000000 5.224887 5.692895 -0.823056 -1.695188 3.551084 3.551084 
347.500000 294 2.000000 6.564327 15.716632 -1.575814 0.821382 3.157857 3.157857 
347.500000 295 2.000000 1.838830 9.888635 1.021572 1.186628 2.451694 2.451694 
347.500000 296 2.000000 3.632074 18.341915 1.265985 0.131039 1.619888 1.619888 
347.500000 297 2.000000 1.727088 6.484850 1.151392 -1.535812 3.684422 3.684422 
347.500000 298 2.000000 0.883394 14.181538 0.504796 -0.454567 0.461450 0.461450 
347.500000 299 2.000000 6.688788 15.389097 0.548261 -1.336493 2.086805 2.086805 
347.500000 300 2.000000 0.894761 19.630405 1.278229 -2.463963 7.704983 7.704983 
347.500000 301 2.000000 1.224210 12.922798 1.161063 0.392091 1.501803 1.501803 
347.500000 302 2.000000 4.902283 15.556493 -2.403895 -0.344458 5.897363 5.897363 
347.500000 303 2.000000 3.658890 17.123855 0.768596 -0.371586 0.728817 0.728817 
347.500000 304 2.000000 4.315751 9.649095 1.415000 -2.379518 7.664332 7.664332 
347.500000 305 2.000000 5.533672 5.393092 -2.840950 1.419234 10.085221 10.085221 
347.500000 306 2.000000 2.290244 7.839145 1.237969 -0.243399 1.591811 1.591811 
347.500000 307 2.000000 3.931751 4.087160 -1.676320 0.220307 2.858584 2.858584 
347.500000 308 2.000000 4.642881 14.864157 -0.274751 0.167137 0.103423 0.103423 
347.500000 309 2.000000 1.906683 13.823766 0.443414 0.073808 0.202064 0.202064 
347.500000 310 2.000000 5.989837 13.992636 2.065461 1.351945 6.093884 6.093884 
347.500000 311 2.000000 4.571049 4.986952 -0.765001 1.621121 3.213261 3.213261 
347.500000 312 2.000000 6.537054 14.186412 0.968452 0.661371 1.375312 1.375312 
347.500000 313 2.000000 4.755048 19.042074 0.743620 -1.915849 4.223449 4.223449 
347.500000 314 2.000000 5.172572 16.707964 1.591560 -0.433163 2.720694 2.720694 
347.500000 315 2.000000 2.566854 19.518990 -1.281572 1.108496 2.871191 2.871191 
347.500000 316 2.000000 5.583201 19.722865 -0.192369 0.109569 0.049011 0.049011 
347.500000 317 2.000000 4.310514 0.866660 2.155257 -0.916174 5.484505 5.484505 
347.500000 318 2.000000 0.228731 3.686606 -2.632856 2.104761 11.361950 11.361950 
347.500000 319 2.000000 1.548910 4.038620 0.968068 0.961026 1.860725 1.860725 
347.500000 320 2.000000 0.455139 9.526908 -0.502459 0.192542 0.289537 0.289537 
347.500000 321 2.000000 2.266676 13.777735 -0.149427 -0.055757 0.025437 0.025437 
347.500000 322 2.000000 2.869821 0.835842 2.207554 -1.164299 6.228887 6.228887 
347.500000 323 2.000000 5.404781 10.455245 -2.565668 -0.887884 7.370992 7.370992 
347.500000 324 2.000000 4.644645 6.368580 1.629700 -1.608237 5.242349 5.242349 
347.500000 325 2.000000 4.225271 6.452334 -2.893253 1.085057 9.548264 9.548264 
347.500000 326 2.000000 1.609549 1.791930 0.699803 -0.677010 0.948068 0.948068 
347.500000 327 2.000000 1.173799 4.190402 1.676854 -0.464720 3.027803 3.027803 
347.500000 328 2.000000 3.189501 10.334067 -1.083072 -1.522194 3.490120 3.490120 
347.500000 329 2.000000 6.722883 19.210297 -1.480329 1.016418 3.224478 3.224478 
347.500000 330 2.000000 0.587874 14.472616 3.919156 -0.509436 15.619312 15.619312 
347.500000 331 2.000000 3.464466 0.795877 -1.333019 -0.186243 1.811627 1.811627 
347.500000 332 2.000000 0.251380 11.577301 0.209483 1.139877 1.343202 1.343202 
347.500000 333 2.000000 2.374355 2.910132 1.187177 0.524348 1.684329 1.684329 
347.500000 334 2.000000 6.474561 8.363249 2.055416 -2.399330 9.981518 9.981518 
347.500000 335 2.000000 1.328246 10.192252 -0.223100 -2.087832 4.408814 4.408814 
347.500000 336 2.000000 0.932536 18.641461 -2.702756 -0.352867 7.429405 7.429405 
347.500000 337 2.000000 3.872537 10.097828 1.936268 -0.550335 4.052002 4.052002 
347.500000 338 2.000000 5.634034 3.943848 1.259403 2.390210 7.299199 7.299199 
347.500000 339 2.000000 4.213557 5.703798 -0.134322 0.870809 0.776350 0.776350 
347.500000 340 2.000000 3.346648 17.807764 -0.418141 1.631342 2.836120 2.836120 
347.500000 341 2.000000 5.471461 4.845691 -0.840144 0.511710 0.967689 0.967689 
347.500000 342 2.000000 5.211641 16.660629 -0.131968 -0.287877 0.100289 0.100289 
347.500000 343 2.000000 5.527337 3.235895 2.009940 -0.455704 4.247525 4.247525 
347.500000 344 2.000000 1.176360 19.998984 1.022921 2.666531 8.156755 8.156755 
347.500000 345 2.000000 6.308325 3.046235 -0.550289 1.603281 2.873327 2.873327 
347.500000 346 2.000000 5.084504 4.625442 -0.145196 0.534261 0.306516 0.306516 
347.500000 347 2.000000 4.554477 0.305399 0.623901 -0.866907 1.140780 1.140780 
347.500000 348 2.000000 1.684467 1.915598 1.871629 0.628065 3.897460 3.897460 
347.500000 349 2.000000 1.855637 2.106705 -0.651585 0.484300 0.659110 0.659110 
347.500000 350 2.000000 4.054907 15.223990 1.843139 0.159245 3.422520 3.422520 
347.500000 351 2.000000 6.719318 4.769664 0.939765 0.431644 1.069474 1.069474 
347.500000 352 2.000000 4.810284 4.201242 -1.356810 -0.977482 2.796403 2.796403 
347.500000 353 2.000000 5.725807 1.551348 -2.710980 0.448907 7.550929 7.550929 
347.500000 354 2.000000 1.662481 16.191927 1.039050 -1.290872 2.745975 2.745975 
347.500000 355 2.000000 4.017908 19.808709 -0.264577 1.292556 1.740701 1.740701 
347.500000 356 2.000000 5.542622 15.833916 -1.827110 0.269634 3.411032 3.411032 
347.500000 357 2.000000 2.051907 15.324976 -0.634608 -2.991223 9.350145 9.350145 
347.500000 358 2.000000 4.376563 7.639134 -0.359066 0.832272 0.821605 0.821605 
347.500000 359 2.000000 1.424411 18.249018 1.139528 0.368280 1.434154 1.434154 
347.500000 360 2.000000 1.375187 3.131663 -0.019170 -0.276038 0.076565 0.076565 
347.500000 361 2.000000 2.293507 17.982291 -0.226216 -1.345138 1.860571 1.860571 
347.500000 362 2.000000 2.873007 2.856701 0.351910 1.105701 1.346416 1.346416 
347.500000 363 2.000000 6.144759 5.479525 1.107164 -1.781653 4.400099 4.400099 
347.500000 364 2.000000 3.818516 8.443111 2.633459 -0.595368 7.289569 7.289569 
347.500000 365 2.000000 4.754932 18.862683 0.001731 1.138346 1.295835 1.295835 
347.500000 366 2.000000 3.335728 14.627894 1.667863 -1.279073 4.417795 4.417795 
347.500000 367 2.000000 5.868399 6.214613 -1.582334 0.673209 2.956991 2.956991 
347.500000 368 2.000000 2.229948 8.820444 1.715344 -2.235911 7.941702 7.941702 
347.500000 369 2.000000 3.920658 2.310209 0.404191 0.239400 0.220683 0.220683 
347.500000 370 2.000000 6.011994 8.495472 1.252499 -0.470991 1.790585 1.790585 
347.500000 371 2.000000 2.066410 2.264538 0.167321 -0.956090 0.942103 0.942103 
347.500000 372 2.000000 4.198107 15.467505 -2.519935 0.502311 6.602389 6.602389 
347.500000 373 2.000000 2.470972 6.135509 -0.988336 -0.113077 0.989594 0.989594 
347.500000 374 2.000000 3.726781 19.785795 -0.940417 -0.051001 0.886985 0.886985 
347.500000 375 2.000000 5.940924 14.042710 0.072070 -0.644031 0.419970 0.419970 
347.500000 376 2.000000 3.904285 11.521457 -0.503457 2.660316 7.330748 7.330748 
347.500000 377 2.000000 3.672048 14.974150 0.162026 -0.444630 0.223949 0.223949 
347.500000 378 2.000000 5.418805 17.935641 2.211757 2.759329 12.505765 12.505765 
347.500000 379 2.000000 4.797197 17.769515 0.039766 1.331050 1.773275 1.773275 
347.500000 380 2.000000 0.872440 10.446755 -2.558238 2.199317 11.381574 11.381574 
347.500000 381 2.000000 6.671429 7.949598 0.212356 1.152115 1.372465 1.372465 
347.500000 382 2.000000 6.684908 13.390346 -1.138914 -1.555300 3.716083 3.716083 
347.500000 383 2.000000 1.638873 14.722712 -0.101914 3.308474 10.956389 10.956389 
347.500000 384 2.000000 5.768863 18.360844 0.393817 -2.048944 4.353264 4.353264 
347.500000 385 2.000000 4.467603 3.989868 0.363940 -0.926012 0.989950 0.989950 
347.500000 386 2.000000 6.651488 10.943748 -0.994741 -0.680159 1.452127 1.452127 
347.500000 387 2.000000 5.641521 10.355903 0.469551 -1.928819 3.940822 3.940822 
347.500000 388 2.000000 2.525077 0.410330 1.147762 -0.025292 1.317997 1.317997 
347.500000 389 2.000000 4.323114 3.942856 1.248186 0.282656 1.637863 1.637863 
347.500000 390 2.000000 5.785511 6.508752 -0.879240 -0.223374 0.822958 0.822958 
347.500000 391 2.000000 0.610269 8.435272 -1.510555 1.095490 3.481873 3.481873 
347.500000 392 2.000000 1.574687 14.351594 -0.063428 1.769215 3.134144 3.134144 
347.500000 393 2.000000 3.076032 1.418546 1.500503 -0.006203 2.251547 2.251547 
347.500000 394 2.000000 3.420191 12.374576 0.135840 -1.723898 2.990277 2.990277 
347.500000 395 2.000000 0.955549 1.952568 -0.291409 -1.203162 1.532518 1.532518 
347.500000 396 2.000000 6.433109 2.020635 1.812143 -1.378784 5.184909 5.184909 
347.500000 397 2.000000 2.886936 11.191685 1.049794 1.018354 2.139114 2.139114 
347.500000 398 2.000000 4.180280 0.124224 0.179797 -3.397568 11.575798 11.575798 
347.500000 399 2.000000 6.429988 19.975947 1.119684 0.858605 1.990894 1.990894 
347.500000 400 2.000000 3.483486 9.138620 1.307239 -0.888763 2.498775 2.498775 
347.500000 401 2.000000 3.557351 10.067442 -1.225065 1.699151 4.387899 4.387899 
347.500000 402 2.000000 1.671630 14.919319 -0.013858 0.118387 0.014207 0.014207 
347.500000 403 2.000000 0.082309 13.637809 0.823075 2.181692 5.437234 5.437234 
347.500000 404 2.000000 0.049021 15.520686 -1.520632 -2.357533 7.870285 7.870285 
347.500000 405 2.000000 6.286411 14.024498 -1.309469 -1.078347 2.877542 2.877542 
347.500000 406 2.000000 3.955820 18.853534 -0.939327 1.092436 2.075752 2.075752 
347.500000 407 2.000000 1.234752 6.738943 0.076210 1.797051 3.235201 3.235201 
347.500000 408 2.000000 1.262709 14.771731 -0.540496 -1.259824 1.879292 1.879292 
347.500000 409 2.000000 0.572154 6.931804 -1.433068 0.401512 2.214897 2.214897 
347.500000 410 2.000000 5.431216 8.525539 0.678902 -2.105405 4.893640 4.893640 
347.500000 411 2.000000 5.638570 10.770351 1.311295 -0.259359 1.786762 1.786762 
347.500000 412 2.000000 2.939235 5.623079 -0.197411 -1.416445 2.045289 2.045289 
347.500000 413 2.000000 0.591145 2.610037 2.955720 0.113463 8.749156 8.749156 
347.500000 414 2.000000 0.061674 10.671623 0.616734 -0.708253 0.881983 0.881983 
347.500000 415 2.000000 0.897689 10.983785 -0.542044 2.196757 5.119552 5.119552 
347.500000 416 2.000000 1.452633 8.701708 -0.541997 0.590471 0.642417 0.642417 
347.500000 417 2.000000 6.490925 2.771328 0.786779 0.803283 1.264284 1.264284 
347.500000 418 2.000000 6.727941 18.031179 -0.708576 0.888028 1.290673 1.290673 
347.500000 419 2.000000 3.869591 17.146950 -0.370433 -0.038213 0.138681 0.138681 
347.500000 420 2.000000 0.519033 6.766535 0.610625 -0.534897 0.658978 0.658978 
347.500000 421 2.000000 1.340287 13.442407 -1.233484 -0.101106 1.531706 1.531706 
347.500000 422 2.000000 1.454881 13.355246 0.661309 -0.101771 0.447687 0.447687 
347.500000 423 2.000000 4.028011 17.624028 0.823173 0.681619 1.142219 1.142219 
347.500000 424 2.000000 5.246254 15.187763 0.599572 -1.081401 1.528915 1.528915 
347.500000 425 2.000000 6.198023 7.870749 -1.364614 0.440973 2.056628 2.056628 
347.500000 426 2.000000 2.679167 12.195667 0.670436 -1.532838 2.799078 2.799078 
347.500000 427 2.000000 6.761281 14.292268 1.533754 -2.316761 7.719785 7.719785 
347.500000 428 2.000000 3.076764 10.714418 -0.979325 -0.271636 1.032864 1.032864 
347.500000 429 2.000000 2.357199 0.252150 -2.033062 1.008596 5.150605 5.150605 
347.500000 430 2.000000 1.766373 18.714072 0.954796 -0.627282 1.305117 1.305117 
347.500000 431 2.000000 0.487032 17.932378 -1.001048 1.108443 2.230743 2.230743 
347.500000 432 2.000000 6.467168 9.695166 -0.009324 0.726030 0.527206 0.527206 
347.500000 433 2.000000 5.267942 10.759912 1.751528 0.289231 3.151504 3.151504 
347.500000 434 2.000000 3.563864 12.774764 0.890966 1.239593 2.330411 2.330411 
347.500000 435 2.000000 2.824836 12.325584 0.379173 -1.171666 1.516574 1.516574 
347.500000 436 2.000000 0.248788 0.123100 1.789757 1.575655 5.685921 5.685921 
347.500000 437 2.000000 6.290332 6.076257 0.908921 -0.285483 0.907638 0.907638 
347.500000 438 2.000000 5.468849 3.365745 -0.952586 -0.686772 1.379076 1.379076 
347.500000 439 2.000000 1.505010 15.126366 2.315399 -0.162452 5.387462 5.387462 
347.500000 440 2.000000 4.403838 14.621876 0.506188 -0.514653 0.521094 0.521094 
347.500000 441 2.000000 1.538451 13.744425 0.961531 2.004107 4.940989 4.940989 
347.500000 442 2.000000 6.268644 13.135118 0.088295 0.571863 0.334823 0.334823 
347.500000 443 2.000000 3.558212 14.524176 -0.239556 -1.119637 1.310974 1.310974 
347.500000 444 2.000000 3.442589 18.816683 -1.561823 1.029199 3.498539 3.498539 
347.500000 445 2.000000 0.786837 1.742772 1.311394 -1.281209 3.361250 3.361250 
347.500000 446 2.000000 3.351873 10.666163 1.015719 -0.787666 1.652102 1.652102 
347.500000 447 2.000000 5.950180 2.682711 0.990882 -0.245983 1.042355 1.042355 
347.500000 448 2.000000 3.813556 8.903310 0.433431 2.374216 5.824763 5.824763 
347.500000 449 2.000000 0.102442 16.694526 1.024407 -1.739723 4.076046 4.076046 
347.500000 450 2.000000 1.495733 5.066610 -1.489854 -0.486204 2.456058 2.456058 
347.500000 451 2.000000 5.317562 1.034438 1.715342 0.071851 2.947562 2.947562 
347.500000 452 2.000000 0.772825 5.044095 1.932059 -0.841988 4.441796 4.441796 
347.500000 453 2.000000 1.431255 17.266713 -0.748430 0.664598 1.001838 1.001838 
347.500000 454 2.000000 4.177356 16.133166 -1.314899 0.452030 1.933290 1.933290 
347.500000 455 2.000000 0.724358 14.783215 -0.526483 -1.075626 1.434155 1.434155 
347.500000 456 2.000000 0.207659 5.929113 1.384384 -3.197929 12.143266 12.143266 
347.500000 457 2.000000 2.444838 7.897468 -0.528994 -0.842173 0.989089 0.989089 
347.500000 458 2.000000 0.843197 14.134605 -0.693926 -1.256000 2.059070 2.059070 
347.500000 459 2.000000 0.725044 2.326418 0.237719 -0.031979 0.057533 0.057533 
347.500000 460 2.000000 0.978737 0.092341 -1.723873 0.923404 3.824412 3.824412 
347.500000 461 2.000000 3.696470 18.099510 -0.639656 -1.310682 2.127048 2.127048 
347.500000 462 2.000000 6.622107 13.368609 -0.902460 0.332419 0.924937 0.924937 
347.500000 463 2.000000 5.073035 9.023466 1.035313 -0.708163 1.573368 1.573368 
347.500000 464 2.000000 3.908639 12.644305 -1.509064 0.666616 2.721650 2.721650 
347.500000 465 2.000000 5.707855 13.435477 -1.182362 0.133417 1.415780 1.415780 
347.500000 466 2.000000 3.776024 5.182582 0.712457 1.502197 2.764192 2.764192 
347.500000 467 2.000000 3.134618 16.317011 -0.172700 0.948231 0.928968 0.928968 
347.500000 468 2.000000 2.246877 18.802078 -0.030629 1.494660 2.234947 2.234947 
347.500000 469 2.000000 5.759193 18.320066 -0.318920 -1.244395 1.650228 1.650228 
347.500000 470 2.000000 1.765098 15.438436 -0.379790 1.455599 2.263009 2.263009 
347.500000 471 2.000000 3.363270 5.346850 -0.492490 0.129614 0.259346 0.259346 
347.500000 472 2.000000 5.311839 10.438569 -1.599221 1.015325 3.588393 3.588393 
347.500000 473 2.000000 6.381994 9.436224 1.835241 0.422391 3.546524 3.546524 
347.500000 474 2.000000 3.024322 4.742994 1.061165 -1.061074 2.251949 2.251949 
347.500000 475 2.000000 2.077009 13.042271 0.237037 1.106362 1.280223 1.280223 
347.500000 476 2.000000 1.965137 14.737779 0.935779 0.299318 0.965274 0.965274 
347.500000 477 2.000000 4.168097 16.587887 -0.190362 1.031713 1.100669 1.100669 
347.500000 478 2.000000 5.233898 5.772039 -0.443481 -1.703947 3.100112 3.100112 
347.500000 479 2.000000 3.633634 1.637457 1.424954 0.935689 2.906008 2.906008 
347.500000 480 2.000000 6.206027 8.852655 2.140456 0.587323 4.926499 4.926499 
347.500000 481 2.000000 2.952342 3.068989 -1.606431 -1.210280 4.045400 4.045400 
347.500000 482 2.000000 1.497469 16.913886 0.167181 2.015101 4.088582 4.088582 
347.500000 483 2.000000 4.785133 14.601783 1.401675 1.695588 4.839714 4.839714 
347.500000 484 2.000000 5.253160 0.882051 0.458531 1.176066 1.593382 1.593382 
347.500000 485 2.000000 5.899090 14.008327 0.877008 -0.468558 0.988689 0.988689 
347.500000 486 2.000000 3.538579 2.083806 0.643378 1.190746 1.831810 1.831810 
347.500000 487 2.000000 5.489863 11.094728 -1.343136 0.727523 2.333304 2.333304 
347.500000 488 2.000000 5.298739 17.669644 -3.363022 -1.165177 12.667556 12.667556 
347.500000 489 2.000000 1.937903 5.931858 0.824639 0.849845 1.402267 1.402267 
347.500000 490 2.000000 5.008909 6.341311 -2.022544 -1.871053 7.591526 7.591526 
347.500000 491 2.000000 0.323004 4.018894 2.153355 -2.333008 10.079863 10.079863 
347.500000 492 2.000000 5.718304 5.078797 -0.402981 -5.058034 25.746106 25.746106 
347.500000 493 2.000000 0.892294 8.823692 -3.176712 -2.343236 15.582253 15.582253 
347.500000 494 2.000000 3.119058 1.514589 -0.451027 0.364961 0.336622 0.336622 
347.500000 495 2.000000 4.991150 15.542180 3.119468 1.351494 11.557618 11.557618 
347.500000 496 2.000000 2.089317 17.072059 -0.805136 0.066655 0.652687 0.652687 
347.500000 497 2.000000 4.584547 1.238255 -0.888174 0.884467 1.571135 1.571135 
347.500000 498 2.000000 5.695496 6.398661 0.785586 -0.362145 0.748294 0.748294 
347.500000 499 2.000000 1.246223 17.852686 -0.825060 0.241071 0.738840 0.738840 
347.500000 500 2.000000 3.123332 19.068446 0.795001 0.801532 1.274480 1.274480 
