951.500000 1 2.000000 0.851109 12.039523 -1.488899 2.683930 9.420300 9.420300 
951.500000 2 2.000000 0.993476 5.473576 0.449562 2.125455 4.719664 4.719664 
951.500000 3 2.000000 0.313096 5.341861 0.164308 2.654497 7.073349 7.073349 
951.500000 4 2.000000 0.943294 10.103112 0.896312 1.482731 3.001866 3.001866 
951.500000 5 2.000000 0.215064 18.574839 2.150629 -2.850319 12.749525 12.749525 
951.500000 6 2.000000 0.277082 19.773528 -3.614587 -1.509805 15.344749 15.344749 
951.500000 7 2.000000 0.911799 17.356855 4.558988 5.021901 46.003862 46.003862 
951.500000 8 2.000000 0.778232 13.740900 -4.435339 0.126333 19.688193 19.688193 
951.500000 9 2.000000 0.619032 16.983606 0.464461 0.760852 0.794620 0.794620 
951.500000 10 2.000000 0.016810 0.996768 0.168086 -2.409934 5.836034 5.836034 
951.500000 11 2.000000 0.100497 4.165390 0.401984 4.165389 17.512058 17.512058 
951.500000 12 2.000000 0.787845 0.904357 -4.243074 -1.404868 19.977328 19.977328 
951.500000 13 2.000000 0.777809 10.103612 -2.221904 0.339023 5.051792 5.051792 
951.500000 14 2.000000 0.611431 5.771872 -1.942840 1.825032 7.105367 7.105367 
951.500000 15 2.000000 0.808243 2.135108 -1.917557 -5.396393 32.798082 32.798082 
951.500000 16 2.000000 0.279741 11.827469 -2.881032 0.721846 8.821406 8.821406 
951.500000 17 2.000000 0.999999 8.712497 -4.146083 -0.468824 17.409797 17.409797 
951.500000 18 2.000000 0.632773 9.468326 1.581930 7.283327 55.549356 55.549356 
951.500000 19 2.000000 0.752150 13.604585 1.467403 -10.708402 116.823152 116.823152 
951.500000 20 2.000000 0.698404 3.743886 -1.005318 2.256419 6.102092 6.102092 
951.500000 21 2.000000 0.929527 15.661984 1.859052 0.813570 4.117972 4.117972 
951.500000 22 2.000000 0.822792 5.817737 2.056976 -1.297252 5.914015 5.914015 
951.500000 23 2.000000 0.208246 16.970873 -1.131076 -1.355074 3.115558 3.115558 
951.500000 24 2.000000 0.000001 12.645969 3.822373 1.965579 18.474033 18.474033 
951.500000 25 2.000000 0.736924 0.745864 -5.261503 1.864657 31.160353 31.160353 
951.500000 26 2.000000 0.378091 10.750467 7.561792 -5.304275 85.316033 85.316033 
951.500000 27 2.000000 0.661981 17.600563 1.227939 -1.991911 5.475545 5.475545 
951.500000 28 2.000000 0.999999 18.849987 -9.675063 -3.833372 108.301581 108.301581 
951.500000 29 2.000000 0.181544 17.362545 3.630870 2.687715 20.407026 20.407026 
951.500000 30 2.000000 0.472988 14.030623 -2.108044 -9.948960 103.425664 103.425664 
951.500000 31 2.000000 0.793918 5.411261 7.939171 2.459509 69.079615 69.079615 
951.500000 32 2.000000 0.932841 6.489589 2.817693 -1.426772 9.975074 9.975074 
951.500000 33 2.000000 0.643039 18.623934 -0.681781 -2.689011 7.695608 7.695608 
951.500000 34 2.000000 0.319697 5.802195 6.393912 4.202845 58.546010 58.546010 
951.500000 35 2.000000 0.000001 5.088505 9.293114 5.986475 122.199848 122.199848 
951.500000 36 2.000000 0.999999 11.778932 -7.960348 0.215856 63.413742 63.413742 
951.500000 37 2.000000 0.228265 0.628155 -0.440991 -2.268145 5.338953 5.338953 
951.500000 38 2.000000 0.220920 13.587314 4.418383 -3.897742 34.714498 34.714498 
951.500000 39 2.000000 0.031060 2.802670 0.310593 0.203370 0.137827 0.137827 
951.500000 40 2.000000 0.943285 9.935136 0.686324 3.041361 9.720920 9.720920 
951.500000 41 2.000000 0.211315 13.074147 -3.943420 0.659944 15.986091 15.986091 
951.500000 42 2.000000 0.625536 8.684555 3.127675 0.135794 9.800789 9.800789 
951.500000 43 2.000000 0.195807 6.896238 3.916124 -1.967216 19.205970 19.205970 
951.500000 44 2.000000 0.708268 10.625248 2.360890 -5.703902 38.108296 38.108296 
951.500000 45 2.000000 0.646162 4.615551 -2.358915 -6.033117 41.962978 41.962978 
951.500000 46 2.000000 0.827765 1.452756 0.448418 5.811021 33.969049 33.969049 
951.500000 47 2.000000 0.440241 6.958437 -5.597576 4.217234 49.117926 49.117926 
951.500000 48 2.000000 0.286834 11.497718 1.912218 -3.400913 15.222784 15.222784 
951.500000 49 2.000000 0.475592 13.082704 4.755906 -3.748314 36.668497 36.668497 
951.500000 50 2.000000 0.114107 11.186127 2.282114 2.750241 12.771868 12.771868 
951.500000 51 2.000000 0.999999 19.601159 -5.108911 4.878107 49.896901 49.896901 
951.500000 52 2.000000 0.415665 11.496463 2.078320 -3.128059 14.104168 14.104168 
951.500000 53 2.000000 0.665612 18.266188 -2.229246 4.843688 28.430853 28.430853 
951.500000 54 2.000000 0.999999 7.644675 -5.027251 -3.483704 37.409448 37.409448 
951.500000 55 2.000000 0.163587 8.576964 -2.389750 1.523582 8.032207 8.032207 
951.500000 56 2.000000 0.309429 0.153624 6.188556 0.279315 38.376243 38.376243 
951.500000 57 2.000000 0.742340 11.696282 -0.644147 1.125480 1.681630 1.681630 
951.500000 58 2.000000 0.253807 5.134149 5.076120 -0.086280 25.774436 25.774436 
951.500000 59 2.000000 0.451982 2.608845 -3.653449 -0.082973 13.354577 13.354577 
951.500000 60 2.000000 0.007851 14.813866 -2.081293 3.828776 18.991308 18.991308 
951.500000 61 2.000000 0.610826 12.929075 6.108247 2.758744 44.921355 44.921355 
951.500000 62 2.000000 0.657159 16.197606 1.022623 -4.615379 22.347482 22.347482 
951.500000 63 2.000000 0.205591 16.874192 2.055899 0.530926 4.508603 4.508603 
951.500000 64 2.000000 0.397742 9.114014 1.136403 -4.109824 18.182062 18.182062 
951.500000 65 2.000000 0.172938 4.644073 3.458742 0.020125 11.963301 11.963301 
951.500000 66 2.000000 0.522796 1.169802 2.091181 -3.407814 15.986235 15.986235 
951.500000 67 2.000000 0.123879 9.623304 -0.426837 1.541047 2.557016 2.557016 
951.500000 68 2.000000 0.755892 13.983554 5.039276 0.001361 25.394300 25.394300 
951.500000 69 2.000000 0.720457 6.078130 -2.795415 -3.571744 20.571706 20.571706 
951.500000 70 2.000000 0.000001 19.366228 5.736730 -1.747265 35.963000 35.963000 
951.500000 71 2.000000 0.197520 7.050530 -1.003099 -1.489759 3.225591 3.225591 
951.500000 72 2.000000 0.521589 5.331223 2.607939 -0.213307 6.846846 6.846846 
951.500000 73 2.000000 0.325107 11.193654 -2.249641 -2.516099 11.391638 11.391638 
951.500000 74 2.000000 0.746998 5.384675 0.933747 -0.909904 1.699809 1.699809 
951.500000 75 2.000000 0.970655 10.761785 1.941308 6.014252 39.939897 39.939897 
951.500000 76 2.000000 0.220163 19.170379 -3.119343 -1.843600 13.129164 13.129164 
951.500000 77 2.000000 0.796267 2.248987 3.981332 2.248986 20.908940 20.908940 
951.500000 78 2.000000 0.298370 19.241675 1.989129 -3.791619 18.333011 18.333011 
951.500000 79 2.000000 0.220949 11.858887 -1.112929 -3.315321 12.229965 12.229965 
951.500000 80 2.000000 0.624883 4.993720 -0.341015 -1.654821 2.854723 2.854723 
951.500000 81 2.000000 0.749266 8.404466 -1.671555 -3.716669 16.607726 16.607726 
951.500000 82 2.000000 0.848334 14.526076 -3.033302 5.034656 34.548678 34.548678 
951.500000 83 2.000000 0.229803 3.958574 -7.701956 0.759046 59.896276 59.896276 
951.500000 84 2.000000 0.332377 1.041338 -4.450812 2.082673 24.147257 24.147257 
951.500000 85 2.000000 0.489179 14.646257 -0.681093 0.240449 0.521704 0.521704 
951.500000 86 2.000000 0.956574 13.882730 1.275430 -3.946625 17.202571 17.202571 
951.500000 87 2.000000 0.636630 19.082967 3.183146 -0.386030 10.281440 10.281440 
951.500000 88 2.000000 0.999999 6.107198 -5.383040 -6.312376 68.823205 68.823205 
951.500000 89 2.000000 0.999999 16.748056 -6.736116 -4.988170 70.257103 70.257103 
951.500000 90 2.000000 0.433774 5.890572 4.337731 -2.749268 26.374387 26.374387 
951.500000 91 2.000000 0.821244 13.948293 1.368738 0.724811 2.398795 2.398795 
951.500000 92 2.000000 0.264626 11.729665 -2.941491 1.848110 12.067877 12.067877 
951.500000 93 2.000000 0.263232 13.692545 1.316155 -0.244435 1.792012 1.792012 
951.500000 94 2.000000 0.849701 15.942126 4.248498 2.658679 25.118311 25.118311 
951.500000 95 2.000000 0.257449 9.237138 0.270998 -2.870096 8.310892 8.310892 
951.500000 96 2.000000 0.091503 10.417687 -1.651811 -1.494653 4.962465 4.962465 
951.500000 97 2.000000 0.685184 18.349470 6.851833 -3.007729 55.994048 55.994048 
951.500000 98 2.000000 0.255197 5.317366 1.275979 -1.829718 4.975990 4.975990 
951.500000 99 2.000000 0.845313 7.722910 0.087101 -0.364862 0.140711 0.140711 
951.500000 100 2.000000 0.301074 1.907645 1.477477 -2.858991 10.356767 10.356767 
951.500000 101 2.000000 0.536610 11.016617 -3.089262 1.989539 13.501803 13.501803 
951.500000 102 2.000000 0.304607 17.241171 0.468625 -2.758828 7.830741 7.830741 
951.500000 103 2.000000 0.093535 1.495540 -2.589897 0.863690 7.453529 7.453529 
951.500000 104 2.000000 0.409072 6.013246 -1.477318 5.726900 34.979857 34.979857 
951.500000 105 2.000000 0.992021 9.169275 1.803673 -3.183279 13.386499 13.386499 
951.500000 106 2.000000 0.650952 9.140637 1.301901 0.865672 2.444335 2.444335 
951.500000 107 2.000000 0.283413 9.740024 -7.165862 2.428941 57.249338 57.249338 
951.500000 108 2.000000 0.555728 6.943092 -4.442706 2.740850 27.249891 27.249891 
951.500000 109 2.000000 0.595548 0.959483 -8.089022 3.198274 75.661238 75.661238 
951.500000 110 2.000000 0.343137 9.211793 2.287574 -2.194548 10.049033 10.049033 
951.500000 111 2.000000 0.347322 2.953777 0.097939 -0.716811 0.523411 0.523411 
951.500000 112 2.000000 0.672055 12.490081 6.720537 -2.118715 49.654572 49.654572 
951.500000 113 2.000000 0.043719 4.046643 0.874365 1.305368 2.468500 2.468500 
951.500000 114 2.000000 0.239588 8.509056 1.197937 2.202999 6.288259 6.288259 
951.500000 115 2.000000 0.625007 15.785293 4.166705 -5.959264 52.874260 52.874260 
951.500000 116 2.000000 0.863220 0.087566 -1.367788 0.350259 1.993525 1.993525 
951.500000 117 2.000000 0.535817 18.016116 -1.031516 -0.445816 1.262777 1.262777 
951.500000 118 2.000000 0.404943 6.841723 4.049422 4.735459 38.822394 38.822394 
951.500000 119 2.000000 0.580545 5.363916 -2.796359 -5.046925 33.291079 33.291079 
951.500000 120 2.000000 0.928327 7.328712 -1.433448 0.789531 2.678134 2.678134 
951.500000 121 2.000000 0.319417 15.992963 0.376911 -4.227786 18.016237 18.016237 
951.500000 122 2.000000 0.649777 4.670836 -2.334811 1.171797 6.824452 6.824452 
951.500000 123 2.000000 0.278533 11.136581 -7.214662 -4.475050 72.077419 72.077419 
951.500000 124 2.000000 0.174118 6.932912 3.482346 0.026209 12.127420 12.127420 
951.500000 125 2.000000 0.262723 7.829843 5.254438 1.999309 31.606348 31.606348 
951.500000 126 2.000000 0.631104 16.875864 2.103676 -2.840122 12.491748 12.491748 
951.500000 127 2.000000 0.664233 6.153099 6.642316 0.040644 44.122010 44.122010 
951.500000 128 2.000000 0.160725 11.104050 3.214477 2.776388 18.041191 18.041191 
951.500000 129 2.000000 0.548822 4.111599 0.667824 0.197166 0.484863 0.484863 
951.500000 130 2.000000 0.484982 4.241186 4.849806 0.879007 24.293267 24.293267 
951.500000 131 2.000000 0.114073 10.681886 -0.367525 6.467490 41.963506 41.963506 
951.500000 132 2.000000 0.068537 6.677909 -4.657308 2.756214 29.287239 29.287239 
951.500000 133 2.000000 0.406865 3.712943 4.068639 -1.094674 17.752136 17.752136 
951.500000 134 2.000000 0.348332 18.723195 -0.724074 -0.608002 0.893949 0.893949 
951.500000 135 2.000000 0.687985 1.563043 -3.120136 -0.533070 10.019411 10.019411 
951.500000 136 2.000000 0.925674 6.486430 -2.573512 1.956610 10.451286 10.451286 
951.500000 137 2.000000 0.248607 2.590412 -3.005569 -4.121829 26.022916 26.022916 
951.500000 138 2.000000 0.360386 19.785425 0.288308 -0.429149 0.267290 0.267290 
951.500000 139 2.000000 0.327626 3.908429 3.276254 -2.024659 14.833085 14.833085 
951.500000 140 2.000000 0.990503 1.446318 6.603347 4.132336 60.680386 60.680386 
951.500000 141 2.000000 0.392029 6.548432 3.129753 -4.961074 34.407605 34.407605 
951.500000 142 2.000000 0.952671 12.513150 4.482452 1.295289 21.770150 21.770150 
951.500000 143 2.000000 0.198573 17.167975 0.138897 -4.045995 16.389370 16.389370 
951.500000 144 2.000000 0.884745 7.792419 2.791153 3.347243 18.994572 18.994572 
951.500000 145 2.000000 0.000001 7.160351 2.491968 1.410383 8.199088 8.199088 
951.500000 146 2.000000 0.178735 14.894337 3.574687 3.889279 27.904883 27.904883 
951.500000 147 2.000000 0.000001 15.919291 5.028942 1.488119 27.504754 27.504754 
951.500000 148 2.000000 0.445556 0.123568 2.227774 -7.816737 66.064363 66.064363 
951.500000 149 2.000000 0.470432 19.361798 -5.295667 -1.160365 29.390534 29.390534 
951.500000 150 2.000000 0.705385 19.530208 0.759950 -4.690173 22.575246 22.575246 
951.500000 151 2.000000 0.612448 8.910267 -3.875508 4.249162 33.074944 33.074944 
951.500000 152 2.000000 0.167095 12.494950 3.341873 1.150209 12.491097 12.491097 
951.500000 153 2.000000 0.272195 18.496946 1.814630 2.126895 7.816565 7.816565 
951.500000 154 2.000000 0.814164 1.389516 2.035408 0.735599 4.683992 4.683992 
951.500000 155 2.000000 0.693040 4.914812 0.209339 9.829621 96.665280 96.665280 
951.500000 156 2.000000 0.554878 15.035613 -8.902427 1.345192 81.062746 81.062746 
951.500000 157 2.000000 0.551388 3.718673 2.756936 3.541592 20.143575 20.143575 
951.500000 158 2.000000 0.264684 4.613151 -2.100899 -1.468807 6.571173 6.571173 
951.500000 159 2.000000 0.231213 4.603395 0.924847 -1.057584 1.973825 1.973825 
951.500000 160 2.000000 0.505821 3.460022 -0.898506 2.076673 5.119885 5.119885 
951.500000 161 2.000000 0.691403 2.031571 6.914018 -1.390231 49.736389 49.736389 
951.500000 162 2.000000 0.237433 19.449928 4.748632 0.591812 22.899744 22.899744 
951.500000 163 2.000000 0.877729 13.191435 -0.815133 -0.643853 1.078990 1.078990 
951.500000 164 2.000000 0.999999 7.628909 -1.354552 1.825932 5.168838 5.168838 
951.500000 165 2.000000 0.361098 0.997933 -1.825431 -6.936167 51.442609 51.442609 
951.500000 166 2.000000 0.523386 15.748617 5.233847 1.013742 28.420829 28.420829 
951.500000 167 2.000000 0.317015 18.084713 3.438134 -0.315041 11.920016 11.920016 
951.500000 168 2.000000 0.128027 18.761340 0.853505 2.109641 5.179054 5.179054 
951.500000 169 2.000000 0.741082 3.913622 -1.294583 4.348468 20.585117 20.585117 
951.500000 170 2.000000 0.492516 9.529417 1.231288 3.970061 17.277452 17.277452 
951.500000 171 2.000000 0.766128 12.321335 3.830633 -2.044616 18.854200 18.854200 
951.500000 172 2.000000 0.827792 11.049382 -1.722069 0.274280 3.040753 3.040753 
951.500000 173 2.000000 0.652147 5.199748 -1.739258 -3.366686 14.359595 14.359595 
951.500000 174 2.000000 0.192554 16.433817 3.851060 4.386442 34.071538 34.071538 
951.500000 175 2.000000 0.212209 7.938841 0.707361 3.090430 10.051115 10.051115 
951.500000 176 2.000000 0.144852 11.010621 1.448510 3.940180 17.623197 17.623197 
951.500000 177 2.000000 0.427792 14.445566 -1.144413 -3.967452 17.050360 17.050360 
951.500000 178 2.000000 0.128163 11.526526 -1.162448 2.188604 6.141274 6.141274 
951.500000 179 2.000000 0.489307 10.485658 -5.106922 2.737706 33.575687 33.575687 
951.500000 180 2.000000 0.079751 8.000868 -0.017106 2.736761 7.490153 7.490153 
951.500000 181 2.000000 0.999999 8.140529 -1.028869 1.501690 3.313643 3.313643 
951.500000 182 2.000000 0.685449 19.530247 4.706443 -2.717414 29.534944 29.534944 
951.500000 183 2.000000 0.995496 0.140802 4.029592 1.408014 18.220112 18.220112 
951.500000 184 2.000000 0.794532 17.764989 7.945311 5.250643 90.697225 90.697225 
951.500000 185 2.000000 0.456349 6.319005 3.042317 -2.620221 16.121249 16.121249 
951.500000 186 2.000000 0.657387 2.541800 1.643465 1.290127 4.365405 4.365405 
951.500000 187 2.000000 0.008558 9.329421 -1.416345 -3.556859 14.657281 14.657281 
951.500000 188 2.000000 0.918521 13.202361 -0.543186 -3.021173 9.422536 9.422536 
951.500000 189 2.000000 0.796208 10.739186 5.308044 -6.859862 75.233035 75.233035 
951.500000 190 2.000000 0.383274 4.296262 2.555154 9.547248 97.678750 97.678750 
951.500000 191 2.000000 0.999999 9.874821 -2.952163 -3.483538 20.850298 20.850298 
951.500000 192 2.000000 0.119738 6.347837 -0.370319 -7.261154 52.861488 52.861488 
951.500000 193 2.000000 0.128085 9.618543 3.814378 2.764408 22.191425 22.191425 
951.500000 194 2.000000 0.624614 16.913087 3.123064 -0.995778 10.745104 10.745104 
951.500000 195 2.000000 0.999999 0.000001 -6.895690 0.642846 47.963785 47.963785 
951.500000 196 2.000000 0.000001 12.590114 6.791275 2.008348 50.154872 50.154872 
951.500000 197 2.000000 0.337536 10.886848 3.375352 -4.999576 36.388762 36.388762 
951.500000 198 2.000000 0.511531 4.189466 -3.256455 0.943885 11.495416 11.495416 
951.500000 199 2.000000 0.065412 17.420111 -3.738349 1.247011 15.530289 15.530289 
951.500000 200 2.000000 0.586603 15.409217 -0.703367 1.367434 2.364601 2.364601 
951.500000 201 2.000000 0.988505 12.447740 1.235630 3.686699 15.118529 15.118529 
951.500000 202 2.000000 0.694070 0.000001 6.940688 6.274754 87.545691 87.545691 
951.500000 203 2.000000 0.422345 5.913216 -3.851026 -3.664840 28.261455 28.261455 
951.500000 204 2.000000 0.512234 11.643109 -0.505809 1.493083 2.485139 2.485139 
951.500000 205 2.000000 0.463475 1.661215 4.634743 -2.510186 27.781875 27.781875 
951.500000 206 2.000000 0.130870 16.467114 2.617384 2.226750 11.809116 11.809116 
951.500000 207 2.000000 0.416651 17.803343 -5.833483 0.339195 34.144576 34.144576 
951.500000 208 2.000000 0.229802 12.017356 -7.701972 -2.419891 65.176252 65.176252 
951.500000 209 2.000000 0.695411 17.404364 2.318034 2.555380 11.903248 11.903248 
951.500000 210 2.000000 0.576142 7.344381 0.738985 0.314990 0.645318 0.645318 
951.500000 211 2.000000 0.736019 13.510583 2.944074 3.841919 23.427912 23.427912 
951.500000 212 2.000000 0.734645 17.532515 3.673220 -6.168711 51.545535 51.545535 
951.500000 213 2.000000 0.885469 14.897986 1.770937 -6.377516 43.808931 43.808931 
951.500000 214 2.000000 0.757423 19.636741 -4.851517 2.571607 30.150379 30.150379 
951.500000 215 2.000000 0.450654 7.027982 4.506531 -0.409921 20.476855 20.476855 
951.500000 216 2.000000 0.871363 17.236054 5.809083 -1.799064 36.982074 36.982074 
951.500000 217 2.000000 0.071130 18.983616 -1.420881 3.099670 11.626859 11.626859 
951.500000 218 2.000000 0.348360 19.447701 1.741794 -2.761491 10.659680 10.659680 
951.500000 219 2.000000 0.741588 3.850946 -1.722739 0.186207 3.002502 3.002502 
951.500000 220 2.000000 0.338585 12.135129 -4.409426 4.363096 38.479647 38.479647 
951.500000 221 2.000000 0.042853 12.013853 -9.571461 -1.665901 94.388095 94.388095 
951.500000 222 2.000000 0.165053 15.038030 -4.174731 -4.643983 38.994960 38.994960 
951.500000 223 2.000000 0.999999 4.465342 -5.385713 0.743366 29.558498 29.558498 
951.500000 224 2.000000 0.556623 8.390832 -0.806138 -3.304586 11.570149 11.570149 
951.500000 225 2.000000 0.997966 14.723651 9.979647 -3.432201 111.373359 111.373359 
951.500000 226 2.000000 0.529574 4.791639 -4.704250 0.240753 22.187930 22.187930 
951.500000 227 2.000000 0.543345 17.782641 3.622292 -2.627982 20.027290 20.027290 
951.500000 228 2.000000 0.371043 11.521359 3.710422 -4.921681 37.990177 37.990177 
951.500000 229 2.000000 0.651351 5.752283 -2.324322 -4.504635 25.694212 25.694212 
951.500000 230 2.000000 0.999999 5.121191 -3.077779 -0.625931 9.864516 9.864516 
951.500000 231 2.000000 0.242387 5.116963 -0.937843 -1.782015 4.055127 4.055127 
951.500000 232 2.000000 0.636467 1.288645 -0.660968 2.147741 5.049668 5.049668 
951.500000 233 2.000000 0.184835 5.182349 3.696689 -4.458303 33.541977 33.541977 
951.500000 234 2.000000 0.999999 5.737983 -9.380294 -3.316000 98.985766 98.985766 
951.500000 235 2.000000 0.995561 11.032207 0.853703 0.177658 0.760371 0.760371 
951.500000 236 2.000000 0.298866 10.720872 -4.674219 -2.965046 30.639825 30.639825 
951.500000 237 2.000000 0.444745 0.614438 0.988319 -3.169707 11.023821 11.023821 
951.500000 238 2.000000 0.559438 13.536626 2.797185 5.741481 40.788845 40.788845 
951.500000 239 2.000000 0.552682 11.199804 -2.236584 -6.763298 50.744505 50.744505 
951.500000 240 2.000000 0.982824 0.808694 4.914113 1.395191 26.095061 26.095061 
951.500000 241 2.000000 0.930959 2.745669 0.657607 -5.501853 30.702832 30.702832 
951.500000 242 2.000000 0.263603 15.751650 5.272034 5.486152 57.892201 57.892201 
951.500000 243 2.000000 0.000001 14.085667 4.008516 -2.851976 24.201967 24.201967 
951.500000 244 2.000000 0.809682 8.822348 -1.903167 6.084377 40.641688 40.641688 
951.500000 245 2.000000 0.999999 12.908803 -2.966965 2.150145 13.426004 13.426004 
951.500000 246 2.000000 0.265268 6.849471 -1.224552 1.061111 2.625483 2.625483 
951.500000 247 2.000000 0.455332 2.496703 2.276653 -3.723019 19.044019 19.044019 
951.500000 248 2.000000 0.350576 18.840804 -4.329487 0.750162 19.307199 19.307199 
951.500000 249 2.000000 0.000001 12.946981 5.544619 2.328723 36.165750 36.165750 
951.500000 250 2.000000 0.055431 14.915443 -4.722840 9.371384 110.128065 110.128065 
951.500000 251 2.000000 0.129666 16.850261 -8.703333 1.581851 78.250265 78.250265 
951.500000 252 2.000000 0.593263 15.733699 -2.033681 2.839696 12.199735 12.199735 
951.500000 253 2.000000 0.409446 12.057687 8.188902 1.261775 68.650185 68.650185 
951.500000 254 2.000000 0.205948 16.151292 -3.970255 -2.681496 22.953348 22.953348 
951.500000 255 2.000000 0.484860 15.663377 -1.471825 -5.420777 31.551090 31.551090 
951.500000 256 2.000000 0.982038 10.644603 3.928146 1.757595 18.519472 18.519472 
951.500000 257 2.000000 0.263938 13.383471 -1.724718 3.544883 15.540846 15.540846 
951.500000 258 2.000000 0.565203 10.544277 -0.075354 7.121248 50.717854 50.717854 
951.500000 259 2.000000 0.152648 16.973379 0.339216 -0.321211 0.218244 0.218244 
951.500000 260 2.000000 0.691476 17.731869 1.257226 -1.890109 5.153129 5.153129 
951.500000 261 2.000000 0.565039 4.567973 1.883458 5.075525 29.308368 29.308368 
951.500000 262 2.000000 0.306384 13.916010 -2.312052 2.852395 13.481741 13.481741 
951.500000 263 2.000000 0.648272 9.689249 -0.781615 -0.237333 0.667250 0.667250 
951.500000 264 2.000000 0.257025 10.518632 2.570236 2.418626 12.455862 12.455862 
951.500000 265 2.000000 0.999999 18.403346 -3.684241 -4.561866 34.384249 34.384249 
951.500000 266 2.000000 0.233949 17.106108 4.678952 -2.590617 28.603885 28.603885 
951.500000 267 2.000000 0.121826 3.814063 2.436496 3.736322 19.896612 19.896612 
951.500000 268 2.000000 0.962615 9.852142 -0.747682 3.356865 11.827571 11.827571 
951.500000 269 2.000000 0.429334 17.831519 2.146667 1.353167 6.439238 6.439238 
951.500000 270 2.000000 0.611617 19.559321 -0.961358 -2.269112 6.073079 6.073079 
951.500000 271 2.000000 0.999999 19.217071 -6.691279 2.069100 49.054386 49.054386 
951.500000 272 2.000000 0.542915 17.242474 -1.178968 0.700581 1.880779 1.880779 
951.500000 273 2.000000 0.246914 15.802640 0.154321 -0.931386 0.891295 0.891295 
951.500000 274 2.000000 0.949601 7.478473 3.798400 4.828599 37.743211 37.743211 
951.500000 275 2.000000 0.939913 13.421064 -1.201713 4.776589 24.259921 24.259921 
951.500000 276 2.000000 0.125839 4.108110 -0.056932 -3.349521 11.222530 11.222530 
951.500000 277 2.000000 0.158464 17.328274 1.584631 -6.662997 46.906580 46.906580 
951.500000 278 2.000000 0.387740 6.559860 -0.673190 1.549936 2.855486 2.855486 
951.500000 279 2.000000 0.999999 16.823214 -3.093602 0.895780 10.372795 10.372795 
951.500000 280 2.000000 0.446001 3.939652 2.229998 1.839631 8.357135 8.357135 
951.500000 281 2.000000 0.121245 18.380489 -2.510725 1.300686 7.995526 7.995526 
951.500000 282 2.000000 0.999999 12.775198 -3.141040 2.260672 14.976771 14.976771 
951.500000 283 2.000000 0.623510 9.091096 -1.505955 1.321420 4.014052 4.014052 
951.500000 284 2.000000 0.378524 10.239715 1.261742 3.055540 10.928321 10.928321 
951.500000 285 2.000000 0.874706 7.953982 -2.505859 1.659482 9.033212 9.033212 
951.500000 286 2.000000 0.682317 0.862527 4.548773 2.464360 26.764409 26.764409 
951.500000 287 2.000000 0.198468 15.087729 -3.206124 5.916966 45.289719 45.289719 
951.500000 288 2.000000 0.365489 14.460997 2.436585 -0.914727 6.773671 6.773671 
951.500000 289 2.000000 0.393116 3.921834 1.965576 -4.383303 23.076830 23.076830 
951.500000 290 2.000000 0.147791 2.296323 2.955808 0.173868 8.767030 8.767030 
951.500000 291 2.000000 0.646764 0.291667 0.423240 2.916657 8.686018 8.686018 
951.500000 292 2.000000 0.829613 19.533449 3.771922 0.423726 14.406941 14.406941 
951.500000 293 2.000000 0.952190 11.193820 -0.239047 -2.359740 5.625518 5.625518 
951.500000 294 2.000000 0.289285 2.264455 5.785676 -1.098567 34.680897 34.680897 
951.500000 295 2.000000 0.975732 8.266601 -0.485348 1.448806 2.334601 2.334601 
951.500000 296 2.000000 0.576675 6.743105 -4.233244 -2.800461 25.762931 25.762931 
951.500000 297 2.000000 0.736708 1.500459 2.104878 -3.031089 13.618014 13.618014 
951.500000 298 2.000000 0.703746 8.841345 -1.481267 3.115943 11.903253 11.903253 
951.500000 299 2.000000 0.000001 15.920787 1.598895 1.906816 6.192412 6.192412 
951.500000 300 2.000000 0.506488 6.682139 -3.290074 3.250622 21.391131 21.391131 
951.500000 301 2.000000 0.493643 17.298118 -2.558352 -0.403851 6.708258 6.708258 
951.500000 302 2.000000 0.000001 3.411372 4.020497 0.278604 16.242017 16.242017 
951.500000 303 2.000000 0.381758 5.675077 2.545043 -3.558317 19.138866 19.138866 
951.500000 304 2.000000 0.926126 0.935239 -1.477461 -2.822381 10.148728 10.148728 
951.500000 305 2.000000 0.185993 13.867291 -0.904451 3.962083 16.516131 16.516131 
951.500000 306 2.000000 0.888293 18.617072 -2.234126 -2.765854 12.641267 12.641267 
951.500000 307 2.000000 0.707249 2.676268 -1.951670 10.705067 118.407477 118.407477 
951.500000 308 2.000000 0.612562 15.563959 1.867436 5.517177 33.926559 33.926559 
951.500000 309 2.000000 0.099127 6.197671 -0.900872 2.571282 7.423059 7.423059 
951.500000 310 2.000000 0.482480 11.816028 -2.070076 -2.980072 13.166041 13.166041 
951.500000 311 2.000000 0.785158 7.722619 -0.537103 3.591915 13.190336 13.190336 
951.500000 312 2.000000 0.599715 5.194402 3.998092 -10.208795 120.204231 120.204231 
951.500000 313 2.000000 0.847420 2.137928 2.421198 -2.339796 11.336848 11.336848 
951.500000 314 2.000000 0.501746 7.821513 -1.993011 6.016548 40.170940 40.170940 
951.500000 315 2.000000 0.092728 6.660245 -4.536355 3.223139 30.967140 30.967140 
951.500000 316 2.000000 0.759079 11.982392 0.515324 3.178608 10.369110 10.369110 
951.500000 317 2.000000 0.120511 13.702287 -1.758976 2.749626 10.654440 10.654440 
951.500000 318 2.000000 0.416451 4.715994 3.349529 -4.358102 30.212397 30.212397 
951.500000 319 2.000000 0.561693 8.439928 -0.457986 0.430448 0.395037 0.395037 
951.500000 320 2.000000 0.113305 18.182632 -1.222672 -2.651855 8.527265 8.527265 
951.500000 321 2.000000 0.188102 7.219855 3.762028 1.477900 16.337045 16.337045 
951.500000 322 2.000000 0.316377 5.632811 -0.683622 -1.457228 2.590853 2.590853 
951.500000 323 2.000000 0.465554 7.157327 -3.562966 0.301411 12.785577 12.785577 
951.500000 324 2.000000 0.622917 2.042258 4.152773 6.807522 63.587879 63.587879 
951.500000 325 2.000000 0.246907 5.618110 -2.510307 2.082731 10.639410 10.639410 
951.500000 326 2.000000 0.488294 4.443615 -0.852841 -0.584925 1.069475 1.069475 
951.500000 327 2.000000 0.137849 7.110459 -1.014294 -0.333353 1.139917 1.139917 
951.500000 328 2.000000 0.365207 2.915113 0.913015 0.871088 1.592391 1.592391 
951.500000 329 2.000000 0.000001 6.928246 3.966209 2.740236 23.239705 23.239705 
951.500000 330 2.000000 0.378323 5.458570 0.211926 2.809446 7.937901 7.937901 
951.500000 331 2.000000 0.930007 18.314489 6.200039 -3.371019 49.804254 49.804254 
951.500000 332 2.000000 0.017482 12.556810 -2.183370 -1.296325 6.447562 6.447562 
951.500000 333 2.000000 0.260756 10.669663 1.043021 1.332421 2.863238 2.863238 
951.500000 334 2.000000 0.679908 1.731723 4.532713 0.869851 21.302128 21.302128 
951.500000 335 2.000000 0.921354 13.727051 4.606766 0.637423 21.628603 21.628603 
951.500000 336 2.000000 0.454474 17.079133 1.291709 -5.006197 26.730521 26.730521 
951.500000 337 2.000000 0.631969 14.668401 2.093045 -0.474091 4.605599 4.605599 
951.500000 338 2.000000 0.244043 12.095701 -3.779779 -2.323351 19.684687 19.684687 
951.500000 339 2.000000 0.239327 10.953428 -2.095834 -4.542525 25.027050 25.027050 
951.500000 340 2.000000 0.857701 10.393021 5.717999 5.217388 59.916652 59.916652 
951.500000 341 2.000000 0.662763 13.852239 0.779720 -8.782514 77.740517 77.740517 
951.500000 342 2.000000 0.000001 12.027931 4.416310 -4.640543 41.038438 41.038438 
951.500000 343 2.000000 0.457948 16.622905 1.526489 3.035445 11.544092 11.544092 
951.500000 344 2.000000 0.266424 11.485785 1.776151 -0.049686 3.157183 3.157183 
951.500000 345 2.000000 0.000001 15.835534 2.078773 -2.871332 12.565841 12.565841 
951.500000 346 2.000000 0.790295 2.972643 -2.097045 -3.395753 15.928736 15.928736 
951.500000 347 2.000000 0.296045 10.383969 -7.039543 1.352015 51.383113 51.383113 
951.500000 348 2.000000 0.242677 9.864290 -2.524407 -0.135897 6.391097 6.391097 
951.500000 349 2.000000 0.405256 15.966676 1.013137 1.077428 2.187297 2.187297 
951.500000 350 2.000000 0.344995 14.637880 -2.183346 -4.289696 23.168486 23.168486 
951.500000 351 2.000000 0.861664 7.861624 -2.766699 -6.704321 52.602544 52.602544 
951.500000 352 2.000000 0.274488 5.517400 5.489743 2.925808 38.697631 38.697631 
951.500000 353 2.000000 0.490093 4.740584 3.267282 0.765553 11.261203 11.261203 
951.500000 354 2.000000 0.578714 12.242297 -4.212855 0.130321 17.765128 17.765128 
951.500000 355 2.000000 0.562905 17.529415 -2.913960 6.150672 46.321924 46.321924 
951.500000 356 2.000000 0.085778 12.534755 -6.094806 -0.208659 37.190193 37.190193 
951.500000 357 2.000000 0.999999 19.133682 -4.949997 3.169551 34.548517 34.548517 
951.500000 358 2.000000 0.641684 8.176855 -1.194384 -3.407967 13.040796 13.040796 
951.500000 359 2.000000 0.597201 17.421551 -0.267246 2.318838 5.448430 5.448430 
951.500000 360 2.000000 0.290427 11.936035 -1.030872 6.559507 44.089825 44.089825 
951.500000 361 2.000000 0.525273 6.749663 -0.678180 -2.839240 8.521211 8.521211 
951.500000 362 2.000000 0.000001 18.047117 5.079022 6.056670 62.479719 62.479719 
951.500000 363 2.000000 0.695875 18.318355 -0.868925 1.622629 3.387955 3.387955 
951.500000 364 2.000000 0.999999 19.332942 -7.127023 -6.670573 95.291010 95.291010 
951.500000 365 2.000000 0.855603 10.886193 -2.887919 2.203302 13.194616 13.194616 
951.500000 366 2.000000 0.516664 14.234184 -4.833346 -2.396658 29.105198 29.105198 
951.500000 367 2.000000 0.170974 0.750347 -2.368644 1.536740 7.972044 7.972044 
951.500000 368 2.000000 0.435406 11.810004 -0.211811 0.930682 0.911032 0.911032 
951.500000 369 2.000000 0.818683 18.405568 2.046706 6.718069 49.321452 49.321452 
951.500000 370 2.000000 0.373068 4.384869 -4.179537 2.046897 21.658318 21.658318 
951.500000 371 2.000000 0.499729 10.218192 -3.484141 2.737214 19.631578 19.631578 
951.500000 372 2.000000 0.195375 19.194938 3.907484 -1.900150 18.878998 18.878998 
951.500000 373 2.000000 0.606237 1.068152 0.938143 -1.537461 3.243900 3.243900 
951.500000 374 2.000000 0.278684 18.529584 1.857887 -3.676037 16.964993 16.964993 
951.500000 375 2.000000 0.793256 18.232594 1.220393 -1.472838 3.658610 3.658610 
951.500000 376 2.000000 0.462730 0.365655 -5.372695 7.313086 82.347072 82.347072 
951.500000 377 2.000000 0.076873 1.228617 1.537436 0.945089 3.256902 3.256902 
951.500000 378 2.000000 0.115835 10.807153 -2.526184 -4.022202 22.559710 22.559710 
951.500000 379 2.000000 0.371927 0.498330 1.859632 -1.410740 5.448420 5.448420 
951.500000 380 2.000000 0.999999 16.223557 -5.492460 -0.156556 30.191628 30.191628 
951.500000 381 2.000000 0.024114 7.076393 -3.252951 5.054565 36.130324 36.130324 
951.500000 382 2.000000 0.220311 6.442469 1.101550 -3.462431 13.201842 13.201842 
951.500000 383 2.000000 0.456771 3.618286 -2.716138 -1.232056 8.895368 8.895368 
951.500000 384 2.000000 0.758587 3.881861 3.034345 0.078221 9.213371 9.213371 
951.500000 385 2.000000 0.559168 18.753919 -0.231255 -2.092271 4.431079 4.431079 
951.500000 386 2.000000 0.753735 12.773908 1.159591 -1.361560 3.198496 3.198496 
951.500000 387 2.000000 0.654935 1.822057 4.895903 -3.812706 38.506594 38.506594 
951.500000 388 2.000000 0.081086 12.996932 -3.675650 0.112877 13.523147 13.523147 
951.500000 389 2.000000 0.851435 4.627625 3.405736 2.804621 19.464936 19.464936 
951.500000 390 2.000000 0.723517 10.550086 -5.529642 -8.999917 111.575442 111.575442 
951.500000 391 2.000000 0.826778 19.169467 -3.464425 0.410314 12.170600 12.170600 
951.500000 392 2.000000 0.097559 19.522583 0.325193 -4.774158 22.898337 22.898337 
951.500000 393 2.000000 0.418598 3.925104 -0.726751 3.925103 15.934603 15.934603 
951.500000 394 2.000000 0.000001 18.983801 3.953146 -2.032395 19.757998 19.757998 
951.500000 395 2.000000 0.938577 7.963852 -1.228442 0.688091 1.982539 1.982539 
951.500000 396 2.000000 0.793167 12.219484 3.965829 -1.495860 17.965399 17.965399 
951.500000 397 2.000000 0.995188 7.735269 3.980747 3.411231 27.482847 27.482847 
951.500000 398 2.000000 0.101214 16.446104 2.024260 -3.796130 18.508230 18.508230 
951.500000 399 2.000000 0.107307 7.963480 -4.463461 -6.686955 64.637846 64.637846 
951.500000 400 2.000000 0.502601 13.883195 1.419990 5.140150 28.437514 28.437514 
951.500000 401 2.000000 0.078622 5.329706 -0.157780 0.123147 0.040060 0.040060 
951.500000 402 2.000000 0.286461 17.777658 -0.322038 -4.979952 24.903634 24.903634 
951.500000 403 2.000000 0.230158 6.555341 4.603133 -0.346532 21.308914 21.308914 
951.500000 404 2.000000 0.805000 17.031424 2.299996 3.032664 14.487032 14.487032 
951.500000 405 2.000000 0.709245 7.557886 7.092440 -3.046448 59.583551 59.583551 
951.500000 406 2.000000 0.553455 16.871109 -4.465443 -1.618184 22.558703 22.558703 
951.500000 407 2.000000 0.277088 15.065048 -0.380479 -1.252796 1.714263 1.714263 
951.500000 408 2.000000 0.999999 5.956486 -8.097673 5.594773 96.873792 96.873792 
951.500000 409 2.000000 0.999999 0.597544 -7.067972 -9.184636 134.313775 134.313775 
951.500000 410 2.000000 0.003818 7.346092 -3.984722 1.579687 18.373423 18.373423 
951.500000 411 2.000000 0.215733 19.109984 2.157317 5.775404 38.009308 38.009308 
951.500000 412 2.000000 0.449417 14.291309 -3.670548 -5.017876 38.652002 38.652002 
951.500000 413 2.000000 0.890689 14.768991 -0.728732 4.316028 19.159148 19.159148 
951.500000 414 2.000000 0.502940 3.150713 2.011754 -2.056222 8.275207 8.275207 
951.500000 415 2.000000 0.000001 0.681612 6.492478 3.408057 53.767121 53.767121 
951.500000 416 2.000000 0.392308 3.185658 0.784614 2.551484 7.125687 7.125687 
951.500000 417 2.000000 0.406544 16.114983 -5.934555 -0.387637 35.369204 35.369204 
951.500000 418 2.000000 0.071002 17.245305 0.710010 5.795805 34.095468 34.095468 
951.500000 419 2.000000 0.301728 15.379447 -4.655139 0.329024 21.778571 21.778571 
951.500000 420 2.000000 0.273459 15.599129 0.683646 -2.666015 7.575008 7.575008 
951.500000 421 2.000000 0.240813 10.936697 1.968384 0.808581 4.528340 4.528340 
951.500000 422 2.000000 0.041116 14.860651 -1.339234 -1.211087 3.260280 3.260280 
951.500000 423 2.000000 0.505956 4.008244 2.023821 -1.333015 5.872780 5.872780 
951.500000 424 2.000000 0.366814 2.772697 -2.532742 2.505525 12.692438 12.692438 
951.500000 425 2.000000 0.342992 1.961879 -1.010780 1.401342 2.985435 2.985435 
951.500000 426 2.000000 0.673291 3.987732 1.496199 -2.557429 8.779057 8.779057 
951.500000 427 2.000000 0.000001 19.467596 4.822787 0.130515 23.276308 23.276308 
951.500000 428 2.000000 0.122628 13.498129 -0.701897 -2.167290 5.189805 5.189805 
951.500000 429 2.000000 0.999999 0.164822 -2.834618 -2.796776 15.857016 15.857016 
951.500000 430 2.000000 0.411907 18.054319 2.059528 -5.598839 35.588653 35.588653 
951.500000 431 2.000000 0.558672 3.040864 -4.413269 -4.100924 36.294525 36.294525 
951.500000 432 2.000000 0.366108 7.536566 -2.535564 1.026754 7.483310 7.483310 
951.500000 433 2.000000 0.950083 10.316923 2.111293 2.463820 10.527966 10.527966 
951.500000 434 2.000000 0.209465 16.568527 -0.316214 -1.400601 2.061673 2.061673 
951.500000 435 2.000000 0.000001 12.315663 2.828281 0.019439 7.999550 7.999550 
951.500000 436 2.000000 0.535022 5.363441 0.538181 3.195968 10.503852 10.503852 
951.500000 437 2.000000 0.953096 5.358994 3.812381 -2.461260 20.592046 20.592046 
951.500000 438 2.000000 0.000001 10.386645 7.473245 -5.196688 82.854961 82.854961 
951.500000 439 2.000000 0.625655 4.010304 1.787582 -1.650018 5.918008 5.918008 
951.500000 440 2.000000 0.476954 14.713808 0.190781 0.086942 0.043956 0.043956 
951.500000 441 2.000000 0.549884 17.067425 -3.000765 1.793926 12.222762 12.222762 
951.500000 442 2.000000 0.582317 7.835846 -1.193378 -5.941352 36.723810 36.723810 
951.500000 443 2.000000 0.192349 1.352646 -1.794778 -1.314138 4.948185 4.948185 
951.500000 444 2.000000 0.999999 9.650044 -4.877934 -2.718366 31.183761 31.183761 
951.500000 445 2.000000 0.038533 15.382863 0.385318 2.177928 4.891838 4.891838 
951.500000 446 2.000000 0.954172 12.346477 2.958252 5.359275 37.473078 37.473078 
951.500000 447 2.000000 0.172260 2.857090 -0.719773 0.804912 1.165957 1.165957 
951.500000 448 2.000000 0.590205 3.507466 -8.195871 3.183192 77.305010 77.305010 
951.500000 449 2.000000 0.616984 16.472084 -1.915076 -2.519939 10.017610 10.017610 
951.500000 450 2.000000 0.752883 15.500705 0.244215 1.228740 1.569444 1.569444 
951.500000 451 2.000000 0.637738 13.017387 1.594343 0.451783 2.746038 2.746038 
951.500000 452 2.000000 0.439277 15.688301 0.065327 -4.645958 21.589197 21.589197 
951.500000 453 2.000000 0.156073 2.447850 1.560724 1.000153 3.436165 3.436165 
951.500000 454 2.000000 0.774594 14.967994 3.098372 -1.284723 11.250424 11.250424 
951.500000 455 2.000000 0.000001 6.396842 6.674200 -3.120301 54.281229 54.281229 
951.500000 456 2.000000 0.357264 6.566630 -6.427353 2.984254 50.216633 50.216633 
951.500000 457 2.000000 0.947154 4.275576 2.706152 0.661244 7.760502 7.760502 
951.500000 458 2.000000 0.641230 7.207838 0.408572 -0.513246 0.430352 0.430352 
951.500000 459 2.000000 0.391554 16.712114 -0.629781 -1.669905 3.185207 3.185207 
951.500000 460 2.000000 0.774962 0.747396 5.166405 1.542957 29.072461 29.072461 
951.500000 461 2.000000 0.396831 7.107848 0.980316 1.911054 4.613146 4.613146 
951.500000 462 2.000000 0.054675 10.205808 -6.302158 -3.416937 51.392652 51.392652 
951.500000 463 2.000000 0.000001 19.871440 4.922814 -2.571179 30.845058 30.845058 
951.500000 464 2.000000 0.428252 15.148708 -3.811645 1.784044 17.711455 17.711455 
951.500000 465 2.000000 0.609434 15.274205 -7.811307 3.808126 75.518334 75.518334 
951.500000 466 2.000000 0.011788 15.975792 -4.941053 -1.466509 26.564656 26.564656 
951.500000 467 2.000000 0.656899 9.852929 -6.862005 -0.392878 47.241470 47.241470 
951.500000 468 2.000000 0.255805 12.772256 -2.126268 -4.501899 24.788111 24.788111 
951.500000 469 2.000000 0.999999 17.480033 -0.695253 2.820409 8.438083 8.438083 
951.500000 470 2.000000 0.472119 7.062847 -5.278802 5.664471 59.951979 59.951979 
951.500000 471 2.000000 0.558435 8.732844 3.722895 -0.500256 14.110205 14.110205 
951.500000 472 2.000000 0.784935 15.773104 3.924671 -2.329567 20.829927 20.829927 
951.500000 473 2.000000 0.811450 15.277733 -1.256996 5.972113 37.246175 37.246175 
951.500000 474 2.000000 0.876282 11.676675 0.265171 2.817604 8.009211 8.009211 
951.500000 475 2.000000 0.415998 6.565754 4.159975 -7.139013 68.270893 68.270893 
951.500000 476 2.000000 0.124540 18.180048 -1.322450 1.463927 3.891954 3.891954 
951.500000 477 2.000000 0.644812 15.978802 -3.551874 1.546275 15.006775 15.006775 
951.500000 478 2.000000 0.000001 12.656338 1.745408 -1.476625 5.226871 5.226871 
951.500000 479 2.000000 0.348586 12.161669 6.971699 1.308602 50.317032 50.317032 
951.500000 480 2.000000 0.142963 14.644482 -1.124991 2.337613 6.730039 6.730039 
951.500000 481 2.000000 0.060030 3.623224 -2.349923 0.565062 5.841434 5.841434 
951.500000 482 2.000000 0.000001 19.138799 1.924617 3.768761 17.907711 17.907711 
951.500000 483 2.000000 0.999999 4.865962 -4.297048 -4.288689 36.857477 36.857477 
951.500000 484 2.000000 0.952822 5.754750 3.811286 -2.582207 21.193690 21.193690 
951.500000 485 2.000000 0.958313 2.785507 0.498201 -3.675277 13.755865 13.755865 
951.500000 486 2.000000 0.247845 0.274428 -0.626795 -0.025779 0.393536 0.393536 
951.500000 487 2.000000 0.487528 7.305899 -3.416472 0.268567 11.744410 11.744410 
951.500000 488 2.000000 0.000001 4.095210 7.233843 -4.560978 73.131007 73.131007 
951.500000 489 2.000000 0.463204 5.791922 -2.683975 3.736724 21.166827 21.166827 
951.500000 490 2.000000 0.652941 17.272582 -6.941165 1.899254 51.786936 51.786936 
951.500000 491 2.000000 0.435823 3.771971 -0.626862 4.437612 20.085358 20.085358 
951.500000 492 2.000000 0.000001 0.206390 6.092407 0.171991 37.147006 37.147006 
951.500000 493 2.000000 0.658243 12.372460 -3.417563 -9.563951 103.148901 103.148901 
951.500000 494 2.000000 0.999999 2.365003 -2.937906 1.819232 11.940899 11.940899 
951.500000 495 2.000000 0.999999 4.831033 -6.068039 -2.528587 43.214855 43.214855 
951.500000 496 2.000000 0.248129 14.663906 4.962556 2.188500 29.416492 29.416492 
951.500000 497 2.000000 0.000001 2.225577 2.251848 8.902306 84.321867 84.321867 
951.500000 498 2.000000 0.000001 15.175386 5.141975 2.045405 30.623587 30.623587 
951.500000 499 2.000000 0.999999 9.566860 -1.096010 -0.234009 1.255997 1.255997 
951.500000 500 2.000000 0.660911 1.464178 -6.781751 0.154825 46.016112 46.016112 
