896.500000 1 2.000000 0.897878 12.942185 0.277368 -2.792761 7.876450 7.876450 
896.500000 2 2.000000 0.616134 2.779939 4.107554 -1.460081 19.003837 19.003837 
896.500000 3 2.000000 0.776906 17.665891 0.098929 -5.835270 34.060166 34.060166 
896.500000 4 2.000000 0.271799 17.341371 -2.427332 1.910745 9.542889 9.542889 
896.500000 5 2.000000 0.685808 1.700983 -3.141914 -2.437549 15.813268 15.813268 
896.500000 6 2.000000 0.546927 4.790244 -1.332502 7.280975 54.788154 54.788154 
896.500000 7 2.000000 0.532246 17.497680 -4.677535 -3.574742 34.658110 34.658110 
896.500000 8 2.000000 0.258599 15.209949 -1.420337 -0.599145 2.376333 2.376333 
896.500000 9 2.000000 0.712069 6.204490 2.373561 -0.227112 5.685373 5.685373 
896.500000 10 2.000000 0.196500 0.280118 3.929976 1.867448 18.932069 18.932069 
896.500000 11 2.000000 0.908009 8.871184 -0.919902 3.411994 12.487920 12.487920 
896.500000 12 2.000000 0.075484 1.307486 1.509670 -1.981197 6.204244 6.204244 
896.500000 13 2.000000 0.581651 4.090912 -0.386629 -6.429492 41.487846 41.487846 
896.500000 14 2.000000 0.589900 3.143460 1.455446 -0.563095 2.435398 2.435398 
896.500000 15 2.000000 0.314048 18.993812 -0.158729 1.933941 3.765324 3.765324 
896.500000 16 2.000000 0.835805 17.079980 -3.283872 2.165517 15.473283 15.473283 
896.500000 17 2.000000 0.857005 3.071753 1.558190 2.275372 7.605272 7.605272 
896.500000 18 2.000000 0.115889 13.318274 2.317765 3.699520 19.058484 19.058484 
896.500000 19 2.000000 0.609028 1.187377 1.015046 -6.709837 46.052226 46.052226 
896.500000 20 2.000000 0.865712 19.793682 2.885704 3.499306 20.572429 20.572429 
896.500000 21 2.000000 0.960707 8.431581 1.771669 -5.689014 35.503693 35.503693 
896.500000 22 2.000000 0.445941 6.000267 -3.693722 1.462188 15.781575 15.781575 
896.500000 23 2.000000 0.671658 2.982347 -2.188938 4.970576 29.498079 29.498079 
896.500000 24 2.000000 0.599115 4.240443 0.215562 1.873089 3.554930 3.554930 
896.500000 25 2.000000 0.707717 19.511423 -2.922819 -3.257176 19.152069 19.152069 
896.500000 26 2.000000 0.999999 4.472610 -6.649347 4.410136 63.663108 63.663108 
896.500000 27 2.000000 0.104066 2.372013 -1.628970 0.464455 2.869261 2.869261 
896.500000 28 2.000000 0.000001 16.558127 4.545106 -2.549535 27.158119 27.158119 
896.500000 29 2.000000 0.465962 9.546877 0.995403 0.029723 0.991711 0.991711 
896.500000 30 2.000000 0.000001 5.726471 4.178683 0.817978 18.130480 18.130480 
896.500000 31 2.000000 0.098439 11.134468 1.968754 3.274843 14.600593 14.600593 
896.500000 32 2.000000 0.441636 2.984026 0.588846 0.029745 0.347625 0.347625 
896.500000 33 2.000000 0.225119 5.263283 -3.099518 -5.689642 41.979035 41.979035 
896.500000 34 2.000000 0.999999 18.268759 -2.012691 2.744617 11.583848 11.583848 
896.500000 35 2.000000 0.677980 15.193827 -1.610095 7.407655 57.465763 57.465763 
896.500000 36 2.000000 0.370581 15.115285 0.926450 -4.884714 24.718741 24.718741 
896.500000 37 2.000000 0.708987 7.764102 -1.940079 -2.760418 11.383815 11.383815 
896.500000 38 2.000000 0.739995 11.336420 4.933291 -0.099506 24.347263 24.347263 
896.500000 39 2.000000 0.917234 14.522169 4.586164 -2.298629 26.316592 26.316592 
896.500000 40 2.000000 0.645567 0.909220 -7.088642 1.189330 51.663356 51.663356 
896.500000 41 2.000000 0.882575 4.507801 -2.348487 0.687208 5.987646 5.987646 
896.500000 42 2.000000 0.000001 2.770228 3.513627 -2.095152 16.735238 16.735238 
896.500000 43 2.000000 0.042480 10.672904 -1.354255 -7.977242 65.470398 65.470398 
896.500000 44 2.000000 0.314100 3.339392 0.628198 1.211356 1.862015 1.862015 
896.500000 45 2.000000 0.889002 18.439823 -0.554985 -0.567337 0.629879 0.629879 
896.500000 46 2.000000 0.969623 13.671978 1.292829 -3.515567 14.030621 14.030621 
896.500000 47 2.000000 0.999999 16.398107 -4.097586 -0.693720 17.271456 17.271456 
896.500000 48 2.000000 0.425226 3.293042 -2.834561 -4.226108 25.894730 25.894730 
896.500000 49 2.000000 0.709625 4.234720 -1.935825 5.646292 35.628036 35.628036 
896.500000 50 2.000000 0.722704 12.170424 -5.545893 -0.226627 30.808291 30.808291 
896.500000 51 2.000000 0.939155 14.166321 3.130513 2.514663 16.123641 16.123641 
896.500000 52 2.000000 0.049991 15.428102 -0.600255 5.273849 28.173794 28.173794 
896.500000 53 2.000000 0.000001 7.105047 3.468803 -2.358618 17.595674 17.595674 
896.500000 54 2.000000 0.888888 6.134491 -1.111113 0.668118 1.680953 1.680953 
896.500000 55 2.000000 0.467475 13.480904 4.674744 -3.367738 33.194897 33.194897 
896.500000 56 2.000000 0.832553 12.710726 5.550344 -6.942165 78.999972 78.999972 
896.500000 57 2.000000 0.210043 0.305632 -2.633188 -0.290194 7.017889 7.017889 
896.500000 58 2.000000 0.999999 14.203359 -4.744369 -3.225123 32.910452 32.910452 
896.500000 59 2.000000 0.323785 6.845431 6.475689 5.349290 70.549446 70.549446 
896.500000 60 2.000000 0.602347 1.497469 6.023465 1.763638 39.392542 39.392542 
896.500000 61 2.000000 0.724290 2.375306 1.609532 -1.723546 5.561205 5.561205 
896.500000 62 2.000000 0.511622 11.320156 3.410810 -0.831416 12.324875 12.324875 
896.500000 63 2.000000 0.295059 1.086094 -0.043801 4.344372 18.875487 18.875487 
896.500000 64 2.000000 0.358069 13.909750 -0.299310 -3.989317 16.004233 16.004233 
896.500000 65 2.000000 0.141724 10.135844 -3.772002 2.766505 21.881551 21.881551 
896.500000 66 2.000000 0.607722 4.247147 3.569075 3.302239 23.643080 23.643080 
896.500000 67 2.000000 0.192161 19.032766 -0.230136 -0.327023 0.159907 0.159907 
896.500000 68 2.000000 0.999999 0.968896 -6.130168 3.431440 49.353741 49.353741 
896.500000 69 2.000000 0.496189 1.996482 -5.038102 -7.678586 84.343158 84.343158 
896.500000 70 2.000000 0.211749 17.447759 4.234957 2.011981 21.982923 21.982923 
896.500000 71 2.000000 0.524651 1.071803 5.246505 1.339753 29.320749 29.320749 
896.500000 72 2.000000 0.496001 4.184439 -5.039977 0.527867 25.680013 25.680013 
896.500000 73 2.000000 0.637794 18.476323 2.551173 1.402407 8.475228 8.475228 
896.500000 74 2.000000 0.499479 7.759035 -1.155126 -2.669227 8.459090 8.459090 
896.500000 75 2.000000 0.238211 7.569757 -3.884552 1.127920 16.361947 16.361947 
896.500000 76 2.000000 0.264358 16.836114 -4.904271 2.714041 31.417892 31.417892 
896.500000 77 2.000000 0.305874 16.595803 -0.446536 -0.819531 0.871025 0.871025 
896.500000 78 2.000000 0.212022 3.820323 -1.645504 -0.437691 2.899258 2.899258 
896.500000 79 2.000000 0.453063 11.631028 -3.646240 2.475064 19.421005 19.421005 
896.500000 80 2.000000 0.999999 3.974117 -8.218720 -1.413295 69.544761 69.544761 
896.500000 81 2.000000 0.905333 15.046541 -1.893328 1.361375 5.438034 5.438034 
896.500000 82 2.000000 0.410004 5.633232 4.100026 2.749217 24.368408 24.368408 
896.500000 83 2.000000 0.712977 1.562985 4.753174 -2.973082 31.431875 31.431875 
896.500000 84 2.000000 0.844836 17.750901 -3.103259 -2.367472 15.235137 15.235137 
896.500000 85 2.000000 0.902412 16.783546 -1.951747 0.178503 3.841179 3.841179 
896.500000 86 2.000000 0.512829 12.614166 -2.435851 6.006745 42.014360 42.014360 
896.500000 87 2.000000 0.875294 19.757891 5.835284 4.544662 54.704497 54.704497 
896.500000 88 2.000000 0.392695 11.424109 3.352010 2.085702 15.586122 15.586122 
896.500000 89 2.000000 0.183088 7.031866 0.406860 1.679087 2.984869 2.984869 
896.500000 90 2.000000 0.000001 7.609901 7.403467 2.660310 61.888578 61.888578 
896.500000 91 2.000000 0.492157 9.319601 -1.138001 3.523035 13.706820 13.706820 
896.500000 92 2.000000 0.858922 10.289141 -0.705384 2.818943 8.444003 8.444003 
896.500000 93 2.000000 0.401534 19.796382 -2.393861 -4.072337 22.314500 22.314500 
896.500000 94 2.000000 0.949343 6.077145 0.949342 -1.300785 2.593292 2.593292 
896.500000 95 2.000000 0.688193 5.456246 -1.559028 -1.238517 3.964494 3.964494 
896.500000 96 2.000000 0.155616 16.353876 -5.629223 -1.559184 34.119202 34.119202 
896.500000 97 2.000000 0.000001 14.849925 3.997357 0.375557 16.119907 16.119907 
896.500000 98 2.000000 0.204702 2.283439 -3.181189 -0.902282 10.934073 10.934073 
896.500000 99 2.000000 0.207949 17.567079 4.158965 -1.737800 20.316940 20.316940 
896.500000 100 2.000000 0.511110 18.943716 1.135799 3.060875 10.658994 10.658994 
896.500000 101 2.000000 0.999999 5.659649 -1.899559 1.561317 6.046036 6.046036 
896.500000 102 2.000000 0.382833 3.436788 -4.114440 -2.634777 23.870660 23.870660 
896.500000 103 2.000000 0.999999 16.079662 -4.018166 7.146516 67.218350 67.218350 
896.500000 104 2.000000 0.966339 4.179759 2.511005 4.504555 26.596165 26.596165 
896.500000 105 2.000000 0.805257 15.544083 3.221022 -1.756825 13.461417 13.461417 
896.500000 106 2.000000 0.533436 6.249878 -4.665629 -8.024689 86.163729 86.163729 
896.500000 107 2.000000 0.410059 6.124970 2.050292 -7.648615 62.705016 62.705016 
896.500000 108 2.000000 0.000001 10.864310 0.982890 -3.205505 11.241335 11.241335 
896.500000 109 2.000000 0.999999 0.731980 -5.149856 -6.643194 70.653047 70.653047 
896.500000 110 2.000000 0.331134 7.593010 2.207555 2.636616 11.825043 11.825043 
896.500000 111 2.000000 0.393888 18.374384 -0.932478 1.351509 2.696094 2.696094 
896.500000 112 2.000000 0.455480 7.529903 0.411462 0.169880 0.198161 0.198161 
896.500000 113 2.000000 0.999999 3.102563 -6.192059 -0.664739 38.783472 38.783472 
896.500000 114 2.000000 0.822297 7.340063 3.289183 -0.621423 11.204890 11.204890 
896.500000 115 2.000000 0.999999 8.578363 -5.235964 4.935569 51.775159 51.775159 
896.500000 116 2.000000 0.781006 11.362861 -4.379856 -0.757099 19.756341 19.756341 
896.500000 117 2.000000 0.742218 13.722464 -1.031126 -3.823454 15.682022 15.682022 
896.500000 118 2.000000 0.292337 10.397546 -1.088710 -2.462167 7.247558 7.247558 
896.500000 119 2.000000 0.111931 7.096564 -0.494476 -0.198678 0.283979 0.283979 
896.500000 120 2.000000 0.256483 18.087721 1.709882 -1.008590 3.940949 3.940949 
896.500000 121 2.000000 0.932796 11.974037 0.690959 4.887362 24.363730 24.363730 
896.500000 122 2.000000 0.934065 0.472337 3.736254 -0.152372 13.982814 13.982814 
896.500000 123 2.000000 0.874767 5.914755 3.499063 2.105914 16.678313 16.678313 
896.500000 124 2.000000 0.237436 11.126011 1.582903 0.566009 2.825948 2.825948 
896.500000 125 2.000000 0.525532 19.555367 0.063264 -4.446322 19.773781 19.773781 
896.500000 126 2.000000 0.000001 0.203672 2.319961 -1.541067 7.757109 7.757109 
896.500000 127 2.000000 0.722411 18.128824 3.612048 -2.494900 19.271417 19.271417 
896.500000 128 2.000000 0.752450 19.097156 0.885234 2.403138 6.558712 6.558712 
896.500000 129 2.000000 0.610724 0.661695 -3.892752 -0.077263 15.159485 15.159485 
896.500000 130 2.000000 0.871180 9.621551 8.711790 -2.816147 83.825975 83.825975 
896.500000 131 2.000000 0.000001 8.010045 3.617460 -3.996651 29.059243 29.059243 
896.500000 132 2.000000 0.529573 4.335079 1.765239 0.742405 3.667233 3.667233 
896.500000 133 2.000000 0.236134 6.288865 -1.273109 6.619857 45.443310 45.443310 
896.500000 134 2.000000 0.767917 16.798417 0.592483 -4.410244 19.801285 19.801285 
896.500000 135 2.000000 0.411947 12.079049 4.119458 4.583672 37.979981 37.979981 
896.500000 136 2.000000 0.216983 10.579708 -2.610054 -0.285453 6.893868 6.893868 
896.500000 137 2.000000 0.349274 13.310455 -3.253624 1.518818 12.892878 12.892878 
896.500000 138 2.000000 0.380046 12.968231 -1.549882 12.350695 154.941795 154.941795 
896.500000 139 2.000000 0.265076 18.942722 -3.674615 -0.515745 13.768789 13.768789 
896.500000 140 2.000000 0.300885 4.045352 -2.330379 1.591363 7.963099 7.963099 
896.500000 141 2.000000 0.071999 5.046565 0.205708 5.277343 27.892662 27.892662 
896.500000 142 2.000000 0.000001 8.935520 2.682650 4.467759 27.157483 27.157483 
896.500000 143 2.000000 0.839400 5.620104 5.595992 4.016718 47.449151 47.449151 
896.500000 144 2.000000 0.794412 11.828156 1.588822 5.769832 35.815314 35.815314 
896.500000 145 2.000000 0.781118 13.915921 -1.459205 -9.360120 89.741120 89.741120 
896.500000 146 2.000000 0.411640 0.199118 4.116391 -0.489507 17.184291 17.184291 
896.500000 147 2.000000 0.906209 5.854184 2.013796 4.068639 20.609194 20.609194 
896.500000 148 2.000000 0.903489 12.217037 -0.643401 2.263876 5.539099 5.539099 
896.500000 149 2.000000 0.999999 6.483624 -5.393812 7.627792 87.276423 87.276423 
896.500000 150 2.000000 0.213095 5.697271 -2.248298 -1.318558 6.793441 6.793441 
896.500000 151 2.000000 0.389867 4.841168 1.299553 3.352122 12.925559 12.925559 
896.500000 152 2.000000 0.520107 11.846792 -0.805705 -0.998139 1.645442 1.645442 
896.500000 153 2.000000 0.917104 3.500536 -1.657892 -3.203151 13.008780 13.008780 
896.500000 154 2.000000 0.172998 8.346544 3.459944 9.908602 110.151616 110.151616 
896.500000 155 2.000000 0.648940 12.641467 -7.021189 4.317907 67.941414 67.941414 
896.500000 156 2.000000 0.163366 11.207669 3.267296 -0.737431 11.219026 11.219026 
896.500000 157 2.000000 0.790290 1.246061 -2.097086 1.557575 6.823811 6.823811 
896.500000 158 2.000000 0.000001 14.247707 4.282452 0.681026 18.803195 18.803195 
896.500000 159 2.000000 0.716072 11.923968 2.864285 1.689973 11.060139 11.060139 
896.500000 160 2.000000 0.293919 0.220823 1.469590 4.416434 21.664586 21.664586 
896.500000 161 2.000000 0.895233 19.118453 0.176204 -4.407730 19.459132 19.459132 
896.500000 162 2.000000 0.242901 4.260809 -1.682439 2.046849 7.020193 7.020193 
896.500000 163 2.000000 0.450080 7.147731 -5.499194 -0.022157 30.241630 30.241630 
896.500000 164 2.000000 0.702388 18.183460 -2.976112 4.411029 28.314424 28.314424 
896.500000 165 2.000000 0.232766 2.876475 4.655306 0.990902 22.653759 22.653759 
896.500000 166 2.000000 0.336467 10.521762 -6.635319 -1.290619 45.693158 45.693158 
896.500000 167 2.000000 0.000001 19.999999 3.401747 -6.979914 60.291083 60.291083 
896.500000 168 2.000000 0.675173 15.287497 -1.624128 1.028233 3.695055 3.695055 
896.500000 169 2.000000 0.749287 18.155322 5.542339 -9.469268 120.384562 120.384562 
896.500000 170 2.000000 0.999999 3.040212 -4.868061 -1.738951 26.721972 26.721972 
896.500000 171 2.000000 0.243430 18.177696 2.434286 10.476412 115.680954 115.680954 
896.500000 172 2.000000 0.604980 1.585774 -1.128625 -0.399760 1.433604 1.433604 
896.500000 173 2.000000 0.806525 3.991107 -0.145845 3.064164 9.410373 9.410373 
896.500000 174 2.000000 0.808697 2.423843 0.703214 -1.768884 3.623460 3.623460 
896.500000 175 2.000000 0.262568 1.954369 2.625667 -1.683498 9.728296 9.728296 
896.500000 176 2.000000 0.944351 19.999999 -0.556476 -5.964701 35.887323 35.887323 
896.500000 177 2.000000 0.599081 6.900307 -4.009184 2.603889 22.853799 22.853799 
896.500000 178 2.000000 0.661718 14.297760 -6.765624 -4.512800 66.139036 66.139036 
896.500000 179 2.000000 0.258958 6.744225 0.215798 -3.515191 12.403140 12.403140 
896.500000 180 2.000000 0.769516 8.881947 5.130098 -1.562449 28.759156 28.759156 
896.500000 181 2.000000 0.147299 15.165612 0.736492 2.794004 8.348878 8.348878 
896.500000 182 2.000000 0.346347 10.852115 -1.634131 -4.134025 19.760545 19.760545 
896.500000 183 2.000000 0.563322 10.425300 -1.455589 -5.773778 35.455252 35.455252 
896.500000 184 2.000000 0.739186 9.159106 3.695926 -4.926276 37.928068 37.928068 
896.500000 185 2.000000 0.984105 13.140476 1.035899 0.601691 1.435119 1.435119 
896.500000 186 2.000000 0.999999 10.198275 -1.527947 -1.566101 4.787293 4.787293 
896.500000 187 2.000000 0.717339 3.083053 3.586692 6.166104 50.885195 50.885195 
896.500000 188 2.000000 0.999999 8.993967 -2.624877 5.802682 40.561093 40.561093 
896.500000 189 2.000000 0.189290 7.340104 0.420642 -2.540189 6.629499 6.629499 
896.500000 190 2.000000 0.835434 2.934546 0.726464 6.521212 43.053957 43.053957 
896.500000 191 2.000000 0.339474 14.095948 -2.201749 2.307533 10.172409 10.172409 
896.500000 192 2.000000 0.000001 7.393862 2.754880 -3.659875 20.984046 20.984046 
896.500000 193 2.000000 0.999999 13.000333 -2.075042 -0.481531 4.537671 4.537671 
896.500000 194 2.000000 0.404912 19.652911 2.024556 1.630115 6.756100 6.756100 
896.500000 195 2.000000 0.364663 0.026499 1.215541 0.048177 1.479862 1.479862 
896.500000 196 2.000000 0.657151 10.146288 -0.623360 -6.551679 43.313078 43.313078 
896.500000 197 2.000000 0.601181 13.859992 0.546528 -1.690711 3.157195 3.157195 
896.500000 198 2.000000 0.398271 19.188657 -4.011519 3.467987 28.119215 28.119215 
896.500000 199 2.000000 0.148396 4.555995 2.967906 -2.075065 13.114360 13.114360 
896.500000 200 2.000000 0.940451 16.781118 1.823438 -4.481310 23.407065 23.407065 
896.500000 201 2.000000 0.357747 6.498647 3.577459 -1.700162 15.688764 15.688764 
896.500000 202 2.000000 0.966906 15.656495 4.834524 -2.555002 29.900662 29.900662 
896.500000 203 2.000000 0.981172 5.205133 0.419037 -6.913898 47.977580 47.977580 
896.500000 204 2.000000 0.049043 5.756426 -3.803825 2.352807 20.004787 20.004787 
896.500000 205 2.000000 0.039422 15.229733 -1.372253 -1.489849 4.102727 4.102727 
896.500000 206 2.000000 0.722823 14.383600 0.055091 -2.088220 4.363698 4.363698 
896.500000 207 2.000000 0.227431 17.299285 4.548608 1.952039 24.500290 24.500290 
896.500000 208 2.000000 0.000001 5.278041 3.242036 -2.919108 19.031992 19.031992 
896.500000 209 2.000000 0.697067 8.747434 1.549035 -2.860167 10.580066 10.580066 
896.500000 210 2.000000 0.716172 7.737524 -0.567653 7.208449 52.283962 52.283962 
896.500000 211 2.000000 0.443528 15.756685 -0.190060 4.767884 22.768843 22.768843 
896.500000 212 2.000000 0.458264 5.539929 -0.285485 -0.309989 0.177595 0.177595 
896.500000 213 2.000000 0.374984 10.208661 -1.785756 -5.153336 29.745797 29.745797 
896.500000 214 2.000000 0.338069 17.580651 -4.412869 4.949657 43.972521 43.972521 
896.500000 215 2.000000 0.521646 7.294673 3.477635 0.259400 12.161233 12.161233 
896.500000 216 2.000000 0.222322 9.785302 -3.888384 3.413633 26.772416 26.772416 
896.500000 217 2.000000 0.000001 12.512316 4.263909 3.647751 31.487009 31.487009 
896.500000 218 2.000000 0.083539 7.849311 0.556917 0.240939 0.368208 0.368208 
896.500000 219 2.000000 0.640342 5.019010 -7.193141 -1.911751 55.396068 55.396068 
896.500000 220 2.000000 0.772935 8.990381 -0.496076 2.493599 6.464128 6.464128 
896.500000 221 2.000000 0.905345 15.675593 1.508906 4.898622 26.273300 26.273300 
896.500000 222 2.000000 0.051773 9.595910 -0.903072 -6.516444 43.279577 43.279577 
896.500000 223 2.000000 0.293504 10.637889 -0.742855 -2.392761 6.277138 6.277138 
896.500000 224 2.000000 0.884802 10.526246 0.200516 -1.127703 1.311921 1.311921 
896.500000 225 2.000000 0.546891 13.270944 -3.020722 1.217681 10.607509 10.607509 
896.500000 226 2.000000 0.607428 2.217128 4.049516 -0.581917 16.737211 16.737211 
896.500000 227 2.000000 0.869156 10.334185 0.601299 8.334688 69.828584 69.828584 
896.500000 228 2.000000 0.102925 13.259148 2.058477 -6.529176 46.867467 46.867467 
896.500000 229 2.000000 0.000001 14.594575 7.601069 1.476509 59.956328 59.956328 
896.500000 230 2.000000 0.477365 2.607434 4.773642 1.580263 25.284885 25.284885 
896.500000 231 2.000000 0.999999 16.356694 -2.275067 -5.204721 32.265049 32.265049 
896.500000 232 2.000000 0.584113 0.505076 5.841122 5.050750 59.628784 59.628784 
896.500000 233 2.000000 0.337794 16.889706 -0.735784 8.016330 64.802924 64.802924 
896.500000 234 2.000000 0.039956 15.106624 -6.400289 -4.660357 62.682630 62.682630 
896.500000 235 2.000000 0.668696 1.776580 -0.082246 -0.980176 0.967510 0.967510 
896.500000 236 2.000000 0.532726 12.632808 5.327247 -2.611435 35.199158 35.199158 
896.500000 237 2.000000 0.110332 10.961047 2.206621 -3.802923 19.331400 19.331400 
896.500000 238 2.000000 0.586755 3.134743 0.946641 -2.665827 8.002763 8.002763 
896.500000 239 2.000000 0.099833 19.585256 -0.476801 3.797378 14.647416 14.647416 
896.500000 240 2.000000 0.403123 14.467861 -2.387503 3.395497 17.229569 17.229569 
896.500000 241 2.000000 0.529908 1.634453 10.598132 -0.432091 112.507114 112.507114 
896.500000 242 2.000000 0.622183 17.959843 -0.839591 -0.574692 1.035183 1.035183 
896.500000 243 2.000000 0.999999 16.988231 -3.523718 0.688484 12.890598 12.890598 
896.500000 244 2.000000 0.338778 17.985186 0.470643 -0.584082 0.562656 0.562656 
896.500000 245 2.000000 0.000001 0.311829 7.403312 -0.478868 55.038350 55.038350 
896.500000 246 2.000000 0.567474 18.631299 3.783155 0.299458 14.401940 14.401940 
896.500000 247 2.000000 0.999999 6.560334 -6.149044 -2.957510 46.557607 46.557607 
896.500000 248 2.000000 0.639913 9.073713 -1.440344 -3.173176 12.143636 12.143636 
896.500000 249 2.000000 0.000001 10.524443 5.154371 5.315676 54.823954 54.823954 
896.500000 250 2.000000 0.729548 19.115833 -0.676129 -3.536666 12.965155 12.965155 
896.500000 251 2.000000 0.123111 2.278313 2.462208 -2.595754 12.800410 12.800410 
896.500000 252 2.000000 0.750064 10.971067 -0.833115 -5.159390 27.313383 27.313383 
896.500000 253 2.000000 0.087565 8.291169 1.751274 3.062849 12.448003 12.448003 
896.500000 254 2.000000 0.095145 5.813424 -3.619414 0.568676 13.423551 13.423551 
896.500000 255 2.000000 0.375747 11.433577 4.332390 2.490333 24.971358 24.971358 
896.500000 256 2.000000 0.268793 6.879750 2.687918 0.962720 8.151732 8.151732 
896.500000 257 2.000000 0.650536 19.716607 3.252676 -2.833915 18.610976 18.610976 
896.500000 258 2.000000 0.286911 14.047116 1.147639 1.450203 3.420163 3.420163 
896.500000 259 2.000000 0.202741 11.977371 4.054799 -1.472229 18.608850 18.608850 
896.500000 260 2.000000 0.873079 13.920892 2.910260 -1.479887 10.659678 10.659678 
896.500000 261 2.000000 0.732244 7.627326 3.661213 2.649130 20.422367 20.422367 
896.500000 262 2.000000 0.535934 0.451407 -1.160162 -2.025317 5.447887 5.447887 
896.500000 263 2.000000 0.581212 19.800226 0.145664 -1.997726 4.012127 4.012127 
896.500000 264 2.000000 0.237118 1.642972 1.580782 1.428670 4.539971 4.539971 
896.500000 265 2.000000 0.473558 19.733055 2.367783 -5.338887 34.110112 34.110112 
896.500000 266 2.000000 0.087336 16.190199 -0.331877 -1.307751 1.820355 1.820355 
896.500000 267 2.000000 0.203854 1.816978 1.019266 2.018863 5.114711 5.114711 
896.500000 268 2.000000 0.360627 18.871596 0.343453 -7.522686 56.708769 56.708769 
896.500000 269 2.000000 0.999999 15.740143 -2.873801 3.175502 18.342546 18.342546 
896.500000 270 2.000000 0.254626 15.701101 2.546251 -5.057527 32.061976 32.061976 
896.500000 271 2.000000 0.516632 3.023926 2.066525 -2.208039 9.145960 9.145960 
896.500000 272 2.000000 0.956477 5.262017 6.376508 0.279032 40.737715 40.737715 
896.500000 273 2.000000 0.140845 16.868098 -3.436616 -1.067423 12.949719 12.949719 
896.500000 274 2.000000 0.351628 5.322808 -4.322473 0.624604 19.073899 19.073899 
896.500000 275 2.000000 0.915367 3.459060 3.051221 -1.163004 10.662529 10.662529 
896.500000 276 2.000000 0.601797 2.340150 2.407185 0.153208 5.818012 5.818012 
896.500000 277 2.000000 0.743391 0.588837 -5.132150 -0.358181 26.467261 26.467261 
896.500000 278 2.000000 0.653374 1.404368 6.533732 -2.365719 48.286278 48.286278 
896.500000 279 2.000000 0.410185 12.981388 -1.685182 -0.771140 3.434497 3.434497 
896.500000 280 2.000000 0.999999 8.793896 -3.469206 -0.396087 12.192278 12.192278 
896.500000 281 2.000000 0.925331 19.494591 -0.373339 -0.673878 0.593493 0.593493 
896.500000 282 2.000000 0.999999 19.332046 -2.644500 -1.893002 10.576835 10.576835 
896.500000 283 2.000000 0.886568 15.801785 3.546268 5.800879 46.226209 46.226209 
896.500000 284 2.000000 0.439313 0.542911 2.928748 -1.663922 11.346202 11.346202 
896.500000 285 2.000000 0.145054 9.195902 2.901060 -0.048762 8.418528 8.418528 
896.500000 286 2.000000 0.598197 14.602173 -2.009008 5.493666 34.216485 34.216485 
896.500000 287 2.000000 0.959309 0.961955 -0.813806 -3.360937 11.958175 11.958175 
896.500000 288 2.000000 0.000001 3.702601 5.262852 0.759635 28.274660 28.274660 
896.500000 289 2.000000 0.041518 2.568424 0.830336 -3.455892 12.632651 12.632651 
896.500000 290 2.000000 0.955061 7.826299 1.273413 -0.479398 1.851403 1.851403 
896.500000 291 2.000000 0.000001 11.321014 4.225549 1.995112 21.835733 21.835733 
896.500000 292 2.000000 0.529150 14.980907 0.340654 0.322020 0.219742 0.219742 
896.500000 293 2.000000 0.803409 17.828971 -1.965900 -2.713785 11.229395 11.229395 
896.500000 294 2.000000 0.857453 9.443907 -0.356366 0.399596 0.286673 0.286673 
896.500000 295 2.000000 0.688759 3.603824 4.591718 1.362187 22.939428 22.939428 
896.500000 296 2.000000 0.339202 13.471782 6.784010 0.914464 46.859041 46.859041 
896.500000 297 2.000000 0.884530 2.511305 2.948430 3.587577 21.563948 21.563948 
896.500000 298 2.000000 0.265183 14.501141 5.303635 4.043586 44.479125 44.479125 
896.500000 299 2.000000 0.030649 19.895197 0.612954 2.704897 7.692183 7.692183 
896.500000 300 2.000000 0.999999 6.397180 -7.250478 -0.793160 53.198535 53.198535 
896.500000 301 2.000000 0.905090 15.302175 -1.898173 -1.563823 6.048603 6.048603 
896.500000 302 2.000000 0.773978 7.563217 -0.376701 -0.857558 0.877311 0.877311 
896.500000 303 2.000000 0.696488 2.271967 3.482437 2.839957 20.192725 20.192725 
896.500000 304 2.000000 0.999999 7.110355 -4.997442 0.777588 25.579067 25.579067 
896.500000 305 2.000000 0.999999 18.421871 -5.252029 2.394630 33.318065 33.318065 
896.500000 306 2.000000 0.917381 5.087912 -1.652367 2.948560 11.424326 11.424326 
896.500000 307 2.000000 0.182963 15.201898 -0.698418 -1.918879 4.169886 4.169886 
896.500000 308 2.000000 0.822191 7.236929 1.644380 -7.833679 64.070514 64.070514 
896.500000 309 2.000000 0.690341 6.579228 -3.096585 -1.892407 13.170039 13.170039 
896.500000 310 2.000000 0.843847 14.846571 -0.756470 -1.122531 1.832322 1.832322 
896.500000 311 2.000000 0.084868 15.321475 -1.307329 2.387663 7.410047 7.410047 
896.500000 312 2.000000 0.507644 3.433024 -4.923547 0.051821 24.244002 24.244002 
896.500000 313 2.000000 0.201649 4.791706 -1.451546 -1.682231 4.936889 4.936889 
896.500000 314 2.000000 0.979434 0.349225 1.632388 6.984473 51.447556 51.447556 
896.500000 315 2.000000 0.575770 2.910840 -2.828195 -5.320101 36.302167 36.302167 
896.500000 316 2.000000 0.270856 3.612305 0.902849 2.257690 5.912299 5.912299 
896.500000 317 2.000000 0.000001 8.441168 3.818545 5.600402 45.945780 45.945780 
896.500000 318 2.000000 0.139813 8.348389 -1.563975 0.000184 2.446018 2.446018 
896.500000 319 2.000000 0.658476 17.062119 -0.975781 2.782729 8.695726 8.695726 
896.500000 320 2.000000 0.000001 10.159331 4.079164 0.840409 17.345864 17.345864 
896.500000 321 2.000000 0.407546 3.755475 -1.316563 -1.650564 4.457698 4.457698 
896.500000 322 2.000000 0.223852 0.977977 4.477021 -0.652998 20.470123 20.470123 
896.500000 323 2.000000 0.488933 11.403673 -2.044265 0.173723 4.209199 4.209199 
896.500000 324 2.000000 0.864894 2.550385 -2.702104 3.643405 20.575767 20.575767 
896.500000 325 2.000000 0.221110 7.465988 4.422176 -4.679975 41.457808 41.457808 
896.500000 326 2.000000 0.799924 15.374844 1.999809 2.856379 12.158133 12.158133 
896.500000 327 2.000000 0.866576 16.508592 2.475928 -3.174007 16.204539 16.204539 
896.500000 328 2.000000 0.277270 16.223376 -0.108948 2.391323 5.730294 5.730294 
896.500000 329 2.000000 0.830529 19.285330 -3.389406 -2.858675 19.660096 19.660096 
896.500000 330 2.000000 0.635846 17.506387 3.179226 4.119150 27.074875 27.074875 
896.500000 331 2.000000 0.000001 12.049662 3.719368 -0.126807 13.849780 13.849780 
896.500000 332 2.000000 0.422399 8.877986 1.206853 4.932214 25.783227 25.783227 
896.500000 333 2.000000 0.254124 5.856610 1.694154 -0.236694 2.926181 2.926181 
896.500000 334 2.000000 0.832939 3.618232 -1.113732 -0.278475 1.317946 1.317946 
896.500000 335 2.000000 0.558356 7.146301 2.233422 3.862865 19.909899 19.909899 
896.500000 336 2.000000 0.386117 9.618441 -0.296967 2.451711 6.099077 6.099077 
896.500000 337 2.000000 0.276722 16.418506 -1.112734 -0.495377 1.483576 1.483576 
896.500000 338 2.000000 0.999999 0.259222 -3.287849 0.269330 10.882487 10.882487 
896.500000 339 2.000000 0.095817 7.712623 -5.795190 -8.624622 107.968319 107.968319 
896.500000 340 2.000000 0.860628 11.443818 -2.787426 1.451066 9.875335 9.875335 
896.500000 341 2.000000 0.573838 9.501417 -1.704646 2.987069 11.828399 11.828399 
896.500000 342 2.000000 0.553558 2.952255 0.246025 -3.228441 10.483358 10.483358 
896.500000 343 2.000000 0.776751 9.650494 0.861224 7.753560 60.859400 60.859400 
896.500000 344 2.000000 0.999999 17.940626 -6.117766 1.586479 39.943975 39.943975 
896.500000 345 2.000000 0.999999 1.613367 -3.821621 -1.089917 15.792705 15.792705 
896.500000 346 2.000000 0.586267 0.372593 0.689725 -2.915926 8.978344 8.978344 
896.500000 347 2.000000 0.793953 10.462369 2.268434 6.459615 46.872415 46.872415 
896.500000 348 2.000000 0.956460 7.651279 -0.048377 -5.717889 32.696599 32.696599 
896.500000 349 2.000000 0.234915 17.874771 4.698282 2.122590 26.579238 26.579238 
896.500000 350 2.000000 0.954777 5.925618 1.467205 -2.790189 9.937848 9.937848 
896.500000 351 2.000000 0.364487 9.210543 -0.001250 -0.729679 0.532433 0.532433 
896.500000 352 2.000000 0.823554 0.069983 -3.528894 0.279929 12.531453 12.531453 
896.500000 353 2.000000 0.794342 8.209820 -4.113143 -0.055768 16.921053 16.921053 
896.500000 354 2.000000 0.280933 13.976652 -0.372541 5.620751 31.731629 31.731629 
896.500000 355 2.000000 0.999999 16.503140 -4.833735 -6.993718 72.277090 72.277090 
896.500000 356 2.000000 0.468830 12.389262 9.376581 4.681367 109.835477 109.835477 
896.500000 357 2.000000 0.146704 1.602376 -4.266477 -3.563404 30.900674 30.900674 
896.500000 358 2.000000 0.463914 7.304025 3.092752 -5.056702 35.135348 35.135348 
896.500000 359 2.000000 0.000001 7.283924 6.931771 2.221201 52.983176 52.983176 
896.500000 360 2.000000 0.000001 5.582876 7.788859 2.039107 64.824281 64.824281 
896.500000 361 2.000000 0.943743 6.882108 0.547230 1.638497 2.984134 2.984134 
896.500000 362 2.000000 0.000001 5.569122 8.148032 -3.174573 76.468342 76.468342 
896.500000 363 2.000000 0.999999 6.341569 -2.466037 -6.258443 45.249448 45.249448 
896.500000 364 2.000000 0.414090 5.836681 0.460099 2.941573 8.864544 8.864544 
896.500000 365 2.000000 0.956512 1.777405 0.919492 -1.946965 4.636139 4.636139 
896.500000 366 2.000000 0.671201 5.534896 0.583652 6.149883 38.161715 38.161715 
896.500000 367 2.000000 0.881659 7.376918 1.182350 3.914439 16.720785 16.720785 
896.500000 368 2.000000 0.000001 5.757405 6.541912 2.013720 46.851678 46.851678 
896.500000 369 2.000000 0.415771 11.731086 1.385902 4.189673 19.474086 19.474086 
896.500000 370 2.000000 0.752917 1.577822 -4.941641 6.311284 64.252118 64.252118 
896.500000 371 2.000000 0.424120 6.232061 -2.879395 0.636141 8.695593 8.695593 
896.500000 372 2.000000 0.643342 15.692839 0.418572 0.697022 0.661043 0.661043 
896.500000 373 2.000000 0.999999 10.641203 -1.978200 -6.278985 43.338923 43.338923 
896.500000 374 2.000000 0.569250 8.038307 -4.307491 5.589272 49.794440 49.794440 
896.500000 375 2.000000 0.942604 5.481146 -1.147900 -0.414559 1.489534 1.489534 
896.500000 376 2.000000 0.805317 15.943693 1.238948 0.393465 1.689806 1.689806 
896.500000 377 2.000000 0.198587 10.944314 1.323904 -5.030936 27.063040 27.063040 
896.500000 378 2.000000 0.469909 1.562259 -0.963800 -5.595567 32.239283 32.239283 
896.500000 379 2.000000 0.512919 13.442719 -1.948319 -1.199268 5.234192 5.234192 
896.500000 380 2.000000 0.000001 3.659619 3.191267 4.066242 26.718508 26.718508 
896.500000 381 2.000000 0.999999 16.051315 -4.442882 5.736109 52.642148 52.642148 
896.500000 382 2.000000 0.577373 1.546853 3.849146 2.379772 20.479238 20.479238 
896.500000 383 2.000000 0.060368 12.148826 1.207347 -5.870391 35.919179 35.919179 
896.500000 384 2.000000 0.000001 13.391524 3.897545 -0.501272 15.442128 15.442128 
896.500000 385 2.000000 0.118134 15.363906 -4.409324 -0.501927 19.694072 19.694072 
896.500000 386 2.000000 0.508425 13.328213 2.033696 0.520555 4.406895 4.406895 
896.500000 387 2.000000 0.062270 15.603868 1.245383 -3.264303 12.206654 12.206654 
896.500000 388 2.000000 0.811273 11.751976 3.245086 -1.970149 14.412074 14.412074 
896.500000 389 2.000000 0.432938 15.407089 0.962083 6.875285 48.195142 48.195142 
896.500000 390 2.000000 0.055352 5.369628 -1.259529 -0.460365 1.798350 1.798350 
896.500000 391 2.000000 0.192936 6.654891 -1.241636 1.328886 3.307597 3.307597 
896.500000 392 2.000000 0.120163 14.889240 -5.865571 -0.808444 35.058501 35.058501 
896.500000 393 2.000000 0.999999 14.100878 -2.443046 1.612655 8.569131 8.569131 
896.500000 394 2.000000 0.930010 7.564504 -1.399777 -1.552796 4.370551 4.370551 
896.500000 395 2.000000 0.999999 17.052473 -3.014284 -2.807167 16.966096 16.966096 
896.500000 396 2.000000 0.220620 11.947157 -5.195861 -1.146173 28.310680 28.310680 
896.500000 397 2.000000 0.803441 16.049217 -3.931164 -4.637885 36.964021 36.964021 
896.500000 398 2.000000 0.896428 11.139796 0.196056 0.320999 0.141478 0.141478 
896.500000 399 2.000000 0.448779 17.897659 4.487779 -4.671867 41.966502 41.966502 
896.500000 400 2.000000 0.448906 4.502717 -5.510928 -0.975158 31.321265 31.321265 
896.500000 401 2.000000 0.851046 18.139032 -2.979057 3.635742 22.093395 22.093395 
896.500000 402 2.000000 0.138055 2.396270 0.050591 -6.138529 37.684103 37.684103 
896.500000 403 2.000000 0.558828 12.361655 -2.941140 2.398660 14.403873 14.403873 
896.500000 404 2.000000 0.413425 7.065292 1.653696 0.212816 2.780002 2.780002 
896.500000 405 2.000000 0.885182 7.905770 -2.296346 -3.450004 17.175728 17.175728 
896.500000 406 2.000000 0.988274 13.315294 6.588490 2.667251 50.522424 50.522424 
896.500000 407 2.000000 0.803795 1.428305 -0.280292 0.204468 0.120371 0.120371 
896.500000 408 2.000000 0.847763 6.199713 -3.044718 0.220643 9.318993 9.318993 
896.500000 409 2.000000 0.240800 13.038535 -5.061328 4.775989 48.427110 48.427110 
896.500000 410 2.000000 0.999999 10.387523 -3.424885 -0.524394 12.004826 12.004826 
896.500000 411 2.000000 0.806315 1.783839 8.063139 1.263541 66.610747 66.610747 
896.500000 412 2.000000 0.322576 8.529466 -0.087312 -2.869360 8.240849 8.240849 
896.500000 413 2.000000 0.009347 0.740932 -0.742020 7.409309 55.448451 55.448451 
896.500000 414 2.000000 0.852980 12.482916 -2.940377 -3.579564 21.459091 21.459091 
896.500000 415 2.000000 0.315975 6.717077 -1.520054 -4.319458 20.968279 20.968279 
896.500000 416 2.000000 0.654982 0.649174 4.366543 0.041135 19.068391 19.068391 
896.500000 417 2.000000 0.237138 7.648086 -1.907154 -4.541399 24.261538 24.261538 
896.500000 418 2.000000 0.441526 10.853243 4.415249 7.343777 73.425478 73.425478 
896.500000 419 2.000000 0.474461 14.569086 0.000580 5.029822 25.299112 25.299112 
896.500000 420 2.000000 0.856120 4.503560 1.426865 -6.605001 45.661987 45.661987 
896.500000 421 2.000000 0.371240 5.828404 -4.191728 -6.276520 56.965290 56.965290 
896.500000 422 2.000000 0.381371 6.145281 7.627396 -3.918962 73.535443 73.535443 
896.500000 423 2.000000 0.999999 19.337448 -2.265715 -4.453018 24.962829 24.962829 
896.500000 424 2.000000 0.685098 15.225827 2.283655 1.258994 6.800147 6.800147 
896.500000 425 2.000000 0.739096 3.901540 -5.218060 -4.995728 52.185449 52.185449 
896.500000 426 2.000000 0.354160 14.980429 -2.583355 -1.825298 10.005433 10.005433 
896.500000 427 2.000000 0.000001 4.058510 6.080688 4.361025 55.993308 55.993308 
896.500000 428 2.000000 0.162479 4.391541 -2.446853 -2.827047 13.979283 13.979283 
896.500000 429 2.000000 0.362818 15.911251 3.628174 -6.290381 52.732541 52.732541 
896.500000 430 2.000000 0.720425 0.055433 0.530457 -1.713845 3.218650 3.218650 
896.500000 431 2.000000 0.836435 10.795771 1.194906 3.069762 10.851243 10.851243 
896.500000 432 2.000000 0.761918 14.917277 1.108201 -2.143419 5.822353 5.822353 
896.500000 433 2.000000 0.539754 4.444966 2.159011 1.457366 6.785241 6.785241 
896.500000 434 2.000000 0.546975 11.406167 1.215498 0.917346 2.318960 2.318960 
896.500000 435 2.000000 0.097392 15.564013 -3.610428 1.025616 14.087076 14.087076 
896.500000 436 2.000000 0.428465 18.815583 -0.635038 1.302775 2.100495 2.100495 
896.500000 437 2.000000 0.467559 10.963815 -3.549602 -1.453217 14.711513 14.711513 
896.500000 438 2.000000 0.999999 0.788075 -2.159981 2.626914 11.566194 11.566194 
896.500000 439 2.000000 0.000001 5.015886 3.532527 -1.085919 13.657967 13.657967 
896.500000 440 2.000000 0.153228 15.547800 -0.850287 -0.587121 1.067699 1.067699 
896.500000 441 2.000000 0.750202 4.197790 7.502011 0.186667 56.315015 56.315015 
896.500000 442 2.000000 0.523836 7.427645 -9.523255 1.330215 92.461856 92.461856 
896.500000 443 2.000000 0.156928 3.458144 -0.936745 -4.531615 21.413031 21.413031 
896.500000 444 2.000000 0.696358 18.434769 4.642383 -2.086973 25.907177 25.907177 
896.500000 445 2.000000 0.000001 14.611882 3.073783 1.615586 12.058262 12.058262 
896.500000 446 2.000000 0.050128 11.301668 -1.899742 -5.611827 35.101618 35.101618 
896.500000 447 2.000000 0.240160 5.805791 -2.532795 1.535164 8.771780 8.771780 
896.500000 448 2.000000 0.425173 11.664449 -3.832174 3.516939 27.054420 27.054420 
896.500000 449 2.000000 0.196767 4.108966 -1.235741 0.241970 1.585605 1.585605 
896.500000 450 2.000000 0.874755 1.429877 0.346927 4.085360 16.810527 16.810527 
896.500000 451 2.000000 0.287361 9.161851 1.915732 0.553238 3.976101 3.976101 
896.500000 452 2.000000 0.459281 3.928214 -3.604789 -2.023068 17.087307 17.087307 
896.500000 453 2.000000 0.711725 7.336895 -2.882739 0.912707 9.143216 9.143216 
896.500000 454 2.000000 0.211923 19.990877 2.119223 0.930814 5.357522 5.357522 
896.500000 455 2.000000 0.330662 10.639067 -4.462245 -4.575545 40.847246 40.847246 
896.500000 456 2.000000 0.712488 15.770635 -1.916738 3.633846 16.878719 16.878719 
896.500000 457 2.000000 0.622887 15.561776 -2.514080 -2.249676 11.381642 11.381642 
896.500000 458 2.000000 0.999999 8.625293 -3.814797 0.695443 15.036314 15.036314 
896.500000 459 2.000000 0.362448 3.141015 3.624471 4.487163 33.271418 33.271418 
896.500000 460 2.000000 0.740329 6.285662 2.467760 4.294163 24.529676 24.529676 
896.500000 461 2.000000 0.000001 3.778889 4.960543 -0.253160 24.671077 24.671077 
896.500000 462 2.000000 0.271629 3.347404 2.716277 3.347403 18.583270 18.583270 
896.500000 463 2.000000 0.635043 19.553610 0.586082 0.166843 0.371329 0.371329 
896.500000 464 2.000000 0.878354 13.648441 2.927844 0.083393 8.579227 8.579227 
896.500000 465 2.000000 0.604636 9.487129 -2.635755 0.984792 7.917017 7.917017 
896.500000 466 2.000000 0.325777 18.817438 -0.642116 3.663727 13.835210 13.835210 
896.500000 467 2.000000 0.185771 9.160117 -5.428187 2.904027 37.898584 37.898584 
896.500000 468 2.000000 0.548964 16.015502 1.829876 1.502604 5.606265 5.606265 
896.500000 469 2.000000 0.989069 5.335123 1.798305 -0.753857 3.802201 3.802201 
896.500000 470 2.000000 0.999999 2.602410 -12.479436 -1.697647 158.618340 158.618340 
896.500000 471 2.000000 0.167495 19.695025 -2.081260 0.638043 4.738743 4.738743 
896.500000 472 2.000000 0.919630 16.182194 2.043621 0.917599 5.018375 5.018375 
896.500000 473 2.000000 0.462223 8.736753 -1.792587 1.276239 4.842153 4.842153 
896.500000 474 2.000000 0.359242 17.519066 -6.407567 2.837137 49.106261 49.106261 
896.500000 475 2.000000 0.452355 14.571509 -3.650959 -1.552531 15.739850 15.739850 
896.500000 476 2.000000 0.864930 2.574065 -2.701374 -1.207370 8.755164 8.755164 
896.500000 477 2.000000 0.172430 3.026392 0.383175 -2.705169 7.464762 7.464762 
896.500000 478 2.000000 0.812028 8.402678 -3.759427 -1.504412 16.396548 16.396548 
896.500000 479 2.000000 0.346240 3.315054 3.462389 -3.243217 22.506595 22.506595 
896.500000 480 2.000000 0.601883 1.888524 0.573221 -1.147883 1.646218 1.646218 
896.500000 481 2.000000 0.535059 6.384363 5.350582 -2.227479 33.590387 33.590387 
896.500000 482 2.000000 0.233957 4.683504 0.293864 7.205389 52.003991 52.003991 
896.500000 483 2.000000 0.299013 7.964328 -14.019711 3.696696 210.217861 210.217861 
896.500000 484 2.000000 0.549363 15.573534 3.662413 1.677745 16.228097 16.228097 
896.500000 485 2.000000 0.607445 5.543538 -2.617025 -0.973270 7.796075 7.796075 
896.500000 486 2.000000 0.733430 6.251854 4.889524 -0.717631 24.422437 24.422437 
896.500000 487 2.000000 0.271709 12.609742 0.067214 -1.355108 1.840835 1.840835 
896.500000 488 2.000000 0.181428 4.449437 -1.259340 -4.546117 22.253120 22.253120 
896.500000 489 2.000000 0.788159 8.986674 1.738084 5.307321 31.188591 31.188591 
896.500000 490 2.000000 0.760591 9.716931 -0.478816 -0.295639 0.316667 0.316667 
896.500000 491 2.000000 0.733235 17.194338 -5.335277 -5.611322 59.952116 59.952116 
896.500000 492 2.000000 0.416533 9.798535 2.082659 0.855690 5.069675 5.069675 
896.500000 493 2.000000 0.317222 16.291032 -0.632304 -2.105703 4.833793 4.833793 
896.500000 494 2.000000 0.408382 3.657878 -11.832333 -0.121026 140.018742 140.018742 
896.500000 495 2.000000 0.786310 5.741966 -1.664951 -6.315526 42.657928 42.657928 
896.500000 496 2.000000 0.311044 18.208645 -3.491784 -8.393078 82.636322 82.636322 
896.500000 497 2.000000 0.513835 12.031017 -9.723277 -2.017464 98.612270 98.612270 
896.500000 498 2.000000 0.925978 0.001777 -1.480415 -0.098007 2.201233 2.201233 
896.500000 499 2.000000 0.237991 8.241833 2.379904 -3.118771 15.390674 15.390674 
896.500000 500 2.000000 0.218562 12.202877 -1.562873 -1.242377 3.986072 3.986072 
