597.000000 1 2.000000 0.308068 12.879969 -3.459656 3.526376 24.404546 24.404546 
597.000000 2 2.000000 0.513349 10.998359 3.422322 -0.988527 12.689471 12.689471 
597.000000 3 2.000000 0.065972 4.388452 -3.736109 -3.955988 29.608355 29.608355 
597.000000 4 2.000000 0.264077 5.384167 0.550659 -1.911367 3.956549 3.956549 
597.000000 5 2.000000 0.331368 17.284541 0.047199 -0.897243 0.807273 0.807273 
597.000000 6 2.000000 0.000001 9.396492 2.655339 7.517193 63.559018 63.559018 
597.000000 7 2.000000 0.431691 8.037764 -2.841538 -3.107074 17.728245 17.728245 
597.000000 8 2.000000 0.485746 12.498949 1.079434 8.063837 66.190650 66.190650 
597.000000 9 2.000000 0.720720 12.632236 0.612811 0.831363 1.066702 1.066702 
597.000000 10 2.000000 0.417926 8.594079 8.358507 5.379096 98.799305 98.799305 
597.000000 11 2.000000 0.736820 5.563686 3.578863 -0.754682 13.377805 13.377805 
597.000000 12 2.000000 0.814319 10.819075 5.428789 1.138984 30.769032 30.769032 
597.000000 13 2.000000 0.000001 10.634124 2.580588 -3.430589 18.428377 18.428377 
597.000000 14 2.000000 0.493568 13.293288 4.935672 -2.990038 33.301188 33.301188 
597.000000 15 2.000000 0.125029 18.540711 2.500550 -3.242863 16.768909 16.768909 
597.000000 16 2.000000 0.613856 15.290958 6.138548 -1.091747 38.873682 38.873682 
597.000000 17 2.000000 0.079544 3.381222 1.590851 -0.149493 2.553155 2.553155 
597.000000 18 2.000000 0.000001 8.419910 1.578353 4.058238 18.960497 18.960497 
597.000000 19 2.000000 0.563572 8.876977 5.635713 2.399183 37.517343 37.517343 
597.000000 20 2.000000 0.654580 17.360855 -3.454193 1.417630 13.941121 13.941121 
597.000000 21 2.000000 0.860452 7.253162 8.604508 -0.983738 75.005298 75.005298 
597.000000 22 2.000000 0.137012 9.329948 2.740228 -0.042093 7.510620 7.510620 
597.000000 23 2.000000 0.617790 10.057579 4.118594 2.083838 21.305199 21.305199 
597.000000 24 2.000000 0.235291 13.230528 4.705803 -5.293133 50.161842 50.161842 
597.000000 25 2.000000 0.860013 6.467004 1.720023 -0.903094 3.774059 3.774059 
597.000000 26 2.000000 0.351039 19.615896 -0.865280 -1.280342 2.387984 2.387984 
597.000000 27 2.000000 0.917313 2.628620 2.236634 -1.428535 7.043242 7.043242 
597.000000 28 2.000000 0.569817 11.591762 -8.603642 3.687585 87.620949 87.620949 
597.000000 29 2.000000 0.928833 7.465049 3.715328 0.666343 14.247675 14.247675 
597.000000 30 2.000000 0.647503 9.664916 1.742009 3.312125 14.004767 14.004767 
597.000000 31 2.000000 0.792383 16.895521 -2.076163 1.537766 6.675176 6.675176 
597.000000 32 2.000000 0.561847 5.732664 1.872820 -1.914070 7.171117 7.171117 
597.000000 33 2.000000 0.924204 6.692514 -1.515894 2.257731 7.395285 7.395285 
597.000000 34 2.000000 0.130237 0.935520 1.302360 1.141444 2.999035 2.999035 
597.000000 35 2.000000 0.519741 12.465196 -3.201717 -0.238513 10.307879 10.307879 
597.000000 36 2.000000 0.550799 5.395226 1.573709 -4.695531 24.524571 24.524571 
597.000000 37 2.000000 0.999999 12.121471 -4.014109 -3.607473 29.126940 29.126940 
597.000000 38 2.000000 0.779161 3.395472 1.042977 0.371206 1.225594 1.225594 
597.000000 39 2.000000 0.825407 5.973676 -3.491832 0.589264 12.540123 12.540123 
597.000000 40 2.000000 0.082979 1.504194 1.659567 0.187012 2.789137 2.789137 
597.000000 41 2.000000 0.000001 19.463847 6.560724 -3.574348 55.819067 55.819067 
597.000000 42 2.000000 0.204246 14.482817 0.177604 1.440193 2.105700 2.105700 
597.000000 43 2.000000 0.504759 2.552068 10.095164 -1.897794 105.513964 105.513964 
597.000000 44 2.000000 0.642383 7.853978 -7.152321 0.086522 51.163175 51.163175 
597.000000 45 2.000000 0.614129 13.894896 -1.543479 1.224775 3.882402 3.882402 
597.000000 46 2.000000 0.591108 6.757671 0.371996 1.362784 1.995561 1.995561 
597.000000 47 2.000000 0.643074 3.465201 6.430735 6.300363 81.048923 81.048923 
597.000000 48 2.000000 0.611978 15.008949 1.223953 0.446794 1.697686 1.697686 
597.000000 49 2.000000 0.999999 9.136518 -1.572459 -3.403668 14.057582 14.057582 
597.000000 50 2.000000 0.803262 19.660277 0.337016 -3.397219 11.654675 11.654675 
597.000000 51 2.000000 0.999999 0.498028 -5.350423 -1.625874 31.270488 31.270488 
597.000000 52 2.000000 0.538423 2.055567 3.589479 0.068751 12.889086 12.889086 
597.000000 53 2.000000 0.282066 0.863059 1.880436 -3.664774 16.966607 16.966607 
597.000000 54 2.000000 0.706597 9.750287 1.087071 -1.814214 4.473095 4.473095 
597.000000 55 2.000000 0.583145 0.705512 1.666125 7.055106 52.550495 52.550495 
597.000000 56 2.000000 0.316039 6.617188 3.160383 3.053974 19.314782 19.314782 
597.000000 57 2.000000 0.972700 18.619937 2.843658 -3.714097 21.880908 21.880908 
597.000000 58 2.000000 0.412126 1.380154 -2.939366 1.991721 12.606825 12.606825 
597.000000 59 2.000000 0.764574 15.131485 7.645728 -6.316127 98.350622 98.350622 
597.000000 60 2.000000 0.742805 16.400754 -5.143882 5.385004 55.457787 55.457787 
597.000000 61 2.000000 0.377340 3.256885 -3.113296 -0.625381 10.083713 10.083713 
597.000000 62 2.000000 0.543754 17.326688 -0.651778 -1.579750 2.920424 2.920424 
597.000000 63 2.000000 0.999999 1.009155 -2.051663 -0.103446 4.220023 4.220023 
597.000000 64 2.000000 0.623086 1.132990 1.049496 0.807996 1.754298 1.754298 
597.000000 65 2.000000 0.500077 18.590599 1.666921 3.999603 18.775449 18.775449 
597.000000 66 2.000000 0.922067 1.092567 1.844132 5.462830 33.243340 33.243340 
597.000000 67 2.000000 0.562384 10.215293 -1.750460 2.142972 7.656439 7.656439 
597.000000 68 2.000000 0.084548 18.851988 -1.664456 -4.592043 23.857269 23.857269 
597.000000 69 2.000000 0.081564 16.130490 1.631259 0.545817 2.958922 2.958922 
597.000000 70 2.000000 0.055084 3.245815 -9.449148 2.629341 96.199834 96.199834 
597.000000 71 2.000000 0.327998 5.063155 -4.480008 4.402743 39.454612 39.454612 
597.000000 72 2.000000 0.999999 8.814562 -4.740807 -0.164201 22.502212 22.502212 
597.000000 73 2.000000 0.262703 16.255794 1.313510 0.510483 1.985901 1.985901 
597.000000 74 2.000000 0.999999 6.222606 -4.920389 -0.124626 24.225761 24.225761 
597.000000 75 2.000000 0.999999 1.042904 -1.528508 2.106949 6.775572 6.775572 
597.000000 76 2.000000 0.943448 10.710140 3.299840 -0.780565 11.498228 11.498228 
597.000000 77 2.000000 0.721233 3.881564 -2.427319 -0.212496 5.937032 5.937032 
597.000000 78 2.000000 0.757796 7.596894 2.165130 -0.114799 4.700965 4.700965 
597.000000 79 2.000000 0.575881 1.824225 1.645371 3.548880 15.301795 15.301795 
597.000000 80 2.000000 0.469114 13.835356 0.388494 -0.774324 0.750505 0.750505 
597.000000 81 2.000000 0.417586 3.385055 4.175853 3.743585 31.452178 31.452178 
597.000000 82 2.000000 0.094922 7.980842 -0.499520 -1.819698 3.560823 3.560823 
597.000000 83 2.000000 0.225626 1.873165 0.618782 -3.072982 9.826107 9.826107 
597.000000 84 2.000000 0.114466 14.143337 -0.590355 3.272559 11.058159 11.058159 
597.000000 85 2.000000 0.510119 17.534832 0.124883 0.244485 0.075369 0.075369 
597.000000 86 2.000000 0.397842 18.581708 0.418780 1.762881 3.283125 3.283125 
597.000000 87 2.000000 0.566760 3.737800 -0.183608 -0.010454 0.033821 0.033821 
597.000000 88 2.000000 0.656704 1.378869 3.283516 -3.780863 25.076400 25.076400 
597.000000 89 2.000000 0.662495 4.447792 1.019221 -5.525174 31.566357 31.566357 
597.000000 90 2.000000 0.371392 19.221775 3.713915 0.510823 14.054101 14.054101 
597.000000 91 2.000000 0.361078 9.974884 -1.277842 5.411132 30.913233 30.913233 
597.000000 92 2.000000 0.000001 19.433118 2.256630 5.340902 33.617620 33.617620 
597.000000 93 2.000000 0.172684 3.661965 -4.136577 -6.403504 58.116132 58.116132 
597.000000 94 2.000000 0.827037 12.935355 -3.459235 4.879811 35.778860 35.778860 
597.000000 95 2.000000 0.999999 11.240028 -1.617917 -2.737491 10.111512 10.111512 
597.000000 96 2.000000 0.815815 17.452247 2.719379 -1.874113 10.907322 10.907322 
597.000000 97 2.000000 0.868532 3.386273 -0.181933 2.703195 7.340364 7.340364 
597.000000 98 2.000000 0.532380 16.019073 -0.543909 -1.461105 2.430663 2.430663 
597.000000 99 2.000000 0.742705 0.637656 -5.145880 -5.678104 58.720939 58.720939 
597.000000 100 2.000000 0.798140 2.215927 2.730861 5.554903 38.314555 38.314555 
597.000000 101 2.000000 0.818149 17.649250 0.447163 2.230642 5.175718 5.175718 
597.000000 102 2.000000 0.533586 8.002662 1.333962 2.421542 7.643321 7.643321 
597.000000 103 2.000000 0.434384 7.831619 8.687666 2.799336 83.311825 83.311825 
597.000000 104 2.000000 0.517978 14.717133 -3.213475 3.275825 21.057456 21.057456 
597.000000 105 2.000000 0.214224 7.056981 -2.245072 -6.020008 41.280850 41.280850 
597.000000 106 2.000000 0.369923 1.573252 3.699217 -0.411915 13.853880 13.853880 
597.000000 107 2.000000 0.000001 19.879931 7.552653 -2.401361 62.809111 62.809111 
597.000000 108 2.000000 0.659684 6.377103 -6.806309 1.450497 48.429782 48.429782 
597.000000 109 2.000000 0.695214 0.899291 0.869016 -2.804356 8.619600 8.619600 
597.000000 110 2.000000 0.806253 11.713263 8.062525 0.289842 65.088310 65.088310 
597.000000 111 2.000000 0.096731 7.638422 -9.032684 5.456015 111.357477 111.357477 
597.000000 112 2.000000 0.813915 2.542927 -3.721681 0.741150 14.400214 14.400214 
597.000000 113 2.000000 0.345032 9.847735 0.690061 -3.902001 15.701800 15.701800 
597.000000 114 2.000000 0.245356 7.641864 1.226777 1.399705 3.464156 3.464156 
597.000000 115 2.000000 0.504928 11.411925 2.524637 -0.663686 6.814272 6.814272 
597.000000 116 2.000000 0.731857 16.205424 -5.362839 -0.201352 28.800586 28.800586 
597.000000 117 2.000000 0.000001 19.999999 1.277638 -6.390798 42.474660 42.474660 
597.000000 118 2.000000 0.155028 8.772500 -0.607228 0.548050 0.669085 0.669085 
597.000000 119 2.000000 0.898915 18.041898 0.769052 4.840672 24.023546 24.023546 
597.000000 120 2.000000 0.177294 13.140257 -6.808094 -3.666664 59.794572 59.794572 
597.000000 121 2.000000 0.266491 1.442799 1.776602 2.743557 10.683421 10.683421 
597.000000 122 2.000000 0.829866 11.851774 1.400927 0.566935 2.284012 2.284012 
597.000000 123 2.000000 0.192509 12.759633 1.925080 -0.429230 3.890172 3.890172 
597.000000 124 2.000000 0.233735 4.123781 2.337337 1.140575 6.764056 6.764056 
597.000000 125 2.000000 0.589944 7.349029 1.966476 -0.305724 3.960493 3.960493 
597.000000 126 2.000000 0.000001 10.183986 1.784338 1.318047 4.921109 4.921109 
597.000000 127 2.000000 0.025977 10.473486 -1.507119 2.485234 8.447794 8.447794 
597.000000 128 2.000000 0.652421 13.373385 -1.158592 -2.802545 9.196594 9.196594 
597.000000 129 2.000000 0.402818 7.997902 2.014084 4.872180 27.794673 27.794673 
597.000000 130 2.000000 0.296132 0.505774 -0.740913 -1.235266 2.074833 2.074833 
597.000000 131 2.000000 0.180441 19.649905 -2.341596 -3.500936 17.739623 17.739623 
597.000000 132 2.000000 0.791224 14.321884 -4.175491 -1.186258 18.841936 18.841936 
597.000000 133 2.000000 0.000001 3.698589 9.392998 3.362353 99.533822 99.533822 
597.000000 134 2.000000 0.117597 2.482411 -1.874101 4.862554 27.156689 27.156689 
597.000000 135 2.000000 0.148467 10.862647 2.969324 -6.691294 53.590305 53.590305 
597.000000 136 2.000000 0.836848 0.183152 4.184235 -3.434599 29.304289 29.304289 
597.000000 137 2.000000 0.211982 3.838164 -2.279040 5.206011 32.296568 32.296568 
597.000000 138 2.000000 0.266307 12.736845 -1.630426 -3.926029 18.071994 18.071994 
597.000000 139 2.000000 0.667118 4.098832 -6.657625 4.027385 60.543801 60.543801 
597.000000 140 2.000000 0.331298 8.957873 2.208645 0.396438 5.035277 5.035277 
597.000000 141 2.000000 0.782707 10.272237 -1.448611 -2.281763 7.304917 7.304917 
597.000000 142 2.000000 0.583440 15.009939 -2.777062 6.876637 55.000205 55.000205 
597.000000 143 2.000000 0.798437 2.751862 3.992179 -4.324315 34.637191 34.637191 
597.000000 144 2.000000 0.530938 11.375704 -9.381227 5.830643 122.003810 122.003810 
597.000000 145 2.000000 0.905423 15.674041 -0.472881 1.120083 1.478202 1.478202 
597.000000 146 2.000000 0.351643 19.549757 7.032849 2.812915 57.373460 57.373460 
597.000000 147 2.000000 0.308984 15.067051 6.179667 -3.946358 53.762030 53.762030 
597.000000 148 2.000000 0.779446 4.436587 -4.411060 5.395437 48.568192 48.568192 
597.000000 149 2.000000 0.209756 8.100627 4.195104 3.895776 32.775969 32.775969 
597.000000 150 2.000000 0.788253 10.556895 -1.058728 -2.905571 9.563246 9.563246 
597.000000 151 2.000000 0.999999 2.855244 -3.363544 -1.692119 14.176693 14.176693 
597.000000 152 2.000000 0.000001 19.254605 6.024412 -0.324085 36.398573 36.398573 
597.000000 153 2.000000 0.034334 1.923229 -2.448696 3.632655 19.192293 19.192293 
597.000000 154 2.000000 0.004594 15.676601 -0.642197 0.573529 0.741353 0.741353 
597.000000 155 2.000000 0.796329 3.030547 -4.073396 -1.130995 17.871706 17.871706 
597.000000 156 2.000000 0.000001 2.589337 7.492034 -5.741701 89.097697 89.097697 
597.000000 157 2.000000 0.222528 5.010987 2.120084 0.072662 4.500034 4.500034 
597.000000 158 2.000000 0.486154 16.664935 1.620509 0.849094 3.347009 3.347009 
597.000000 159 2.000000 0.777731 15.429407 -0.740894 0.521650 0.821042 0.821042 
597.000000 160 2.000000 0.711254 12.091196 -0.303942 -0.803851 0.738557 0.738557 
597.000000 161 2.000000 0.559813 13.522931 -4.401857 -6.817967 65.861015 65.861015 
597.000000 162 2.000000 0.570160 6.898576 1.900529 -3.927115 19.034242 19.034242 
597.000000 163 2.000000 0.000001 8.900592 3.948861 6.091356 52.698114 52.698114 
597.000000 164 2.000000 0.696743 11.819334 0.015873 5.446633 29.666063 29.666063 
597.000000 165 2.000000 0.038242 12.505280 -6.411715 -3.843446 55.882157 55.882157 
597.000000 166 2.000000 0.896807 8.801984 0.779832 -5.893692 35.343742 35.343742 
597.000000 167 2.000000 0.557179 17.174443 3.714517 -3.139506 23.654138 23.654138 
597.000000 168 2.000000 0.321097 5.806696 -3.394511 -0.074508 11.528258 11.528258 
597.000000 169 2.000000 0.575887 18.798996 1.439714 -2.001672 6.079469 6.079469 
597.000000 170 2.000000 0.600547 12.058085 1.334546 -5.294609 29.813899 29.813899 
597.000000 171 2.000000 0.382448 14.428367 -6.175508 0.637894 38.543804 38.543804 
597.000000 172 2.000000 0.411780 7.730082 0.522400 -1.411171 2.264304 2.264304 
597.000000 173 2.000000 0.207846 0.326634 -5.281021 -0.688866 28.363721 28.363721 
597.000000 174 2.000000 0.949155 13.058462 1.355934 -2.776615 9.548147 9.548147 
597.000000 175 2.000000 0.999999 7.653645 -1.601684 -3.486957 14.724260 14.724260 
597.000000 176 2.000000 0.572327 16.382515 -1.710689 1.710204 5.851252 5.851252 
597.000000 177 2.000000 0.260622 18.412652 0.145858 -4.553654 20.757037 20.757037 
597.000000 178 2.000000 0.000001 5.111373 1.742330 -4.618350 24.364866 24.364866 
597.000000 179 2.000000 0.193869 8.962379 3.877361 -0.993274 16.020521 16.020521 
597.000000 180 2.000000 0.750388 2.820888 0.765471 -2.673843 7.735384 7.735384 
597.000000 181 2.000000 0.473916 13.397953 -5.260833 3.006412 36.714879 36.714879 
597.000000 182 2.000000 0.158293 11.178530 0.633166 -4.197698 18.021570 18.021570 
597.000000 183 2.000000 0.622654 4.973271 -1.886725 -4.547260 24.237300 24.237300 
597.000000 184 2.000000 0.299456 15.696186 -1.401087 1.276776 3.593200 3.593200 
597.000000 185 2.000000 0.445459 2.072774 2.227289 3.441589 16.805350 16.805350 
597.000000 186 2.000000 0.518966 19.985043 -0.267241 -0.149563 0.093787 0.093787 
597.000000 187 2.000000 0.872134 7.451656 2.907111 -0.681395 8.915595 8.915595 
597.000000 188 2.000000 0.731285 14.939262 7.312843 -1.071372 54.625509 54.625509 
597.000000 189 2.000000 0.166895 18.012370 1.668942 4.064750 19.307564 19.307564 
597.000000 190 2.000000 0.908115 6.243280 3.632454 -2.832294 21.216612 21.216612 
597.000000 191 2.000000 0.894001 10.812980 1.787999 -0.093866 3.205752 3.205752 
597.000000 192 2.000000 0.382614 7.258553 0.450133 1.062463 1.331448 1.331448 
597.000000 193 2.000000 0.999999 1.564851 -7.560976 -3.974137 72.962124 72.962124 
597.000000 194 2.000000 0.457177 2.822026 -2.171289 3.762700 18.872407 18.872407 
597.000000 195 2.000000 0.311314 0.611000 -1.252154 2.036665 5.715893 5.715893 
597.000000 196 2.000000 0.999999 4.706406 -8.002643 -3.209761 74.344862 74.344862 
597.000000 197 2.000000 0.130177 9.571379 -5.798812 4.918199 57.814905 57.814905 
597.000000 198 2.000000 0.876102 1.657692 -1.238973 -2.472408 7.647854 7.647854 
597.000000 199 2.000000 0.999999 16.677044 -0.956122 -4.737155 23.354806 23.354806 
597.000000 200 2.000000 0.029697 5.375367 -1.764185 2.233996 8.103086 8.103086 
597.000000 201 2.000000 0.796211 13.225238 -4.075769 3.296341 27.477755 27.477755 
597.000000 202 2.000000 0.404069 15.515090 8.081358 -0.436145 65.498565 65.498565 
597.000000 203 2.000000 0.999999 12.118933 -4.823222 1.066814 24.401559 24.401559 
597.000000 204 2.000000 0.632904 0.777879 -3.670954 3.111513 23.157420 23.157420 
597.000000 205 2.000000 0.713598 13.188964 0.891997 5.172142 27.546713 27.546713 
597.000000 206 2.000000 0.626188 2.501254 2.087291 -1.659524 7.110804 7.110804 
597.000000 207 2.000000 0.055917 5.229809 -1.440016 7.875212 64.092614 64.092614 
597.000000 208 2.000000 0.696442 0.184071 2.321471 1.840697 8.777394 8.777394 
597.000000 209 2.000000 0.149840 8.967561 2.996770 -6.051304 45.598911 45.598911 
597.000000 210 2.000000 0.773313 16.248247 -2.266863 2.457079 11.175905 11.175905 
597.000000 211 2.000000 0.399588 1.978063 -6.004113 0.735749 36.590695 36.590695 
597.000000 212 2.000000 0.356920 10.880331 -2.699104 1.039684 8.366103 8.366103 
597.000000 213 2.000000 0.139953 6.871678 -5.733643 4.579764 53.848895 53.848895 
597.000000 214 2.000000 0.244913 19.211971 -3.020344 -0.953201 10.031073 10.031073 
597.000000 215 2.000000 0.000001 17.806244 3.030739 3.962527 24.886998 24.886998 
597.000000 216 2.000000 0.099850 18.438809 -0.121189 2.771453 7.695638 7.695638 
597.000000 217 2.000000 0.169886 18.270742 -2.371750 -2.305676 10.941341 10.941341 
597.000000 218 2.000000 0.452296 6.742851 0.567831 -1.419140 2.336392 2.336392 
597.000000 219 2.000000 0.436811 3.992919 1.747239 -2.278948 8.246445 8.246445 
597.000000 220 2.000000 0.452621 5.678674 3.017465 -2.537689 15.544958 15.544958 
597.000000 221 2.000000 0.412587 6.895350 -1.174823 3.283500 12.161580 12.161580 
597.000000 222 2.000000 0.211281 11.964808 0.352133 -1.850823 3.549542 3.549542 
597.000000 223 2.000000 0.360086 7.678439 3.600849 3.196319 23.182569 23.182569 
597.000000 224 2.000000 0.909460 11.111860 3.637838 5.291362 41.232370 41.232370 
597.000000 225 2.000000 0.034538 13.899243 0.690743 -4.262538 18.646356 18.646356 
597.000000 226 2.000000 0.032877 2.515611 -1.151419 3.354146 12.576061 12.576061 
597.000000 227 2.000000 0.197552 14.744936 1.317006 -3.250486 12.300166 12.300166 
597.000000 228 2.000000 0.502747 16.974185 2.513732 1.988161 10.271634 10.271634 
597.000000 229 2.000000 0.069821 18.999386 -1.431043 1.852796 5.480739 5.480739 
597.000000 230 2.000000 0.416387 7.435159 -1.061113 5.507525 31.458788 31.458788 
597.000000 231 2.000000 0.943104 13.795142 0.857366 -1.414210 2.735066 2.735066 
597.000000 232 2.000000 0.288444 15.183413 -2.033014 -3.026043 13.290081 13.290081 
597.000000 233 2.000000 0.864219 10.398467 -1.357798 -0.541394 2.136722 2.136722 
597.000000 234 2.000000 0.382850 0.204427 2.552328 -1.781465 9.687997 9.687997 
597.000000 235 2.000000 0.999999 0.794562 -1.940721 8.112747 69.583058 69.583058 
597.000000 236 2.000000 0.446221 7.441262 -0.357276 -6.126213 37.658133 37.658133 
597.000000 237 2.000000 0.689401 8.911255 3.447000 -0.786973 12.501133 12.501133 
597.000000 238 2.000000 0.093731 17.368238 -6.041787 -6.579402 79.791713 79.791713 
597.000000 239 2.000000 0.816515 5.550540 3.266055 1.789692 13.870112 13.870112 
597.000000 240 2.000000 0.999999 16.683991 -2.632552 -2.080934 11.260616 11.260616 
597.000000 241 2.000000 0.707215 9.293008 -2.927845 4.823545 31.838860 31.838860 
597.000000 242 2.000000 0.217977 1.846604 0.629773 -3.893530 15.556190 15.556190 
597.000000 243 2.000000 0.000001 5.369476 2.301843 3.550874 17.907189 17.907189 
597.000000 244 2.000000 0.788953 0.203609 -1.406974 -1.741601 5.012748 5.012748 
597.000000 245 2.000000 0.309968 9.840891 0.885619 -0.988967 1.762377 1.762377 
597.000000 246 2.000000 0.000001 6.201498 5.700801 4.441635 52.227251 52.227251 
597.000000 247 2.000000 0.529432 15.775278 2.117723 -1.080381 5.651974 5.651974 
597.000000 248 2.000000 0.178043 7.225491 0.593473 0.620154 0.736801 0.736801 
597.000000 249 2.000000 0.568779 3.479197 -0.049242 1.879590 3.535282 3.535282 
597.000000 250 2.000000 0.111675 10.038459 1.116735 1.701433 4.141973 4.141973 
597.000000 251 2.000000 0.458436 13.042066 -3.610421 -4.092902 29.786981 29.786981 
597.000000 252 2.000000 0.970188 11.486791 0.303369 3.979345 15.927218 15.927218 
597.000000 253 2.000000 0.465723 0.405683 4.657216 2.704548 29.004241 29.004241 
597.000000 254 2.000000 0.596826 2.119407 -2.687821 -1.256755 8.803814 8.803814 
597.000000 255 2.000000 0.414662 19.768468 -0.975562 -4.630628 22.394436 22.394436 
597.000000 256 2.000000 0.210197 14.717089 2.101958 -4.062296 20.920476 20.920476 
597.000000 257 2.000000 0.999999 13.362198 -2.739288 -0.352339 7.627840 7.627840 
597.000000 258 2.000000 0.420424 15.799606 4.204234 -3.000280 26.677262 26.677262 
597.000000 259 2.000000 0.985613 8.492837 -0.287727 2.792069 7.878438 7.878438 
597.000000 260 2.000000 0.041231 17.155321 0.824601 2.117528 5.163891 5.163891 
597.000000 261 2.000000 0.346445 1.939334 6.928884 -2.079014 52.331725 52.331725 
597.000000 262 2.000000 0.279401 11.631788 -4.803987 0.390258 23.230593 23.230593 
597.000000 263 2.000000 0.999999 10.309893 -6.754266 -2.173466 50.344066 50.344066 
597.000000 264 2.000000 0.389577 13.574800 2.597173 0.451237 6.948923 6.948923 
597.000000 265 2.000000 0.224504 0.190144 0.081158 -4.414521 19.494585 19.494585 
597.000000 266 2.000000 0.457355 18.282465 -3.617626 3.327863 24.161889 24.161889 
597.000000 267 2.000000 0.999999 8.175664 -5.704828 -1.673014 35.344034 35.344034 
597.000000 268 2.000000 0.598773 2.604065 1.197545 -3.079412 10.916894 10.916894 
597.000000 269 2.000000 0.000001 5.439664 3.202643 -5.788156 43.759669 43.759669 
597.000000 270 2.000000 0.684830 5.531766 -0.900484 0.654173 1.238814 1.238814 
597.000000 271 2.000000 0.474026 11.019448 -5.259727 -3.068464 37.080197 37.080197 
597.000000 272 2.000000 0.267513 10.374763 -1.331793 8.052174 66.611176 66.611176 
597.000000 273 2.000000 0.279918 11.547597 -4.800541 4.351118 41.977429 41.977429 
597.000000 274 2.000000 0.570057 9.462360 3.800374 -3.322022 25.478671 25.478671 
597.000000 275 2.000000 0.190897 5.953957 -1.798005 -3.045558 12.508247 12.508247 
597.000000 276 2.000000 0.279778 3.640395 -5.721439 4.769534 55.483318 55.483318 
597.000000 277 2.000000 0.117205 19.259433 -1.261134 1.812223 4.874612 4.874612 
597.000000 278 2.000000 0.131210 3.131207 2.624185 4.987969 31.766181 31.766181 
597.000000 279 2.000000 0.427989 7.938175 -1.537027 -0.309793 2.458425 2.458425 
597.000000 280 2.000000 0.632822 7.796864 -3.671769 0.037094 13.483265 13.483265 
597.000000 281 2.000000 0.099140 9.404252 -6.005725 1.422898 38.093374 38.093374 
597.000000 282 2.000000 0.256619 14.857554 -0.929225 -2.890770 9.220013 9.220013 
597.000000 283 2.000000 0.164356 3.094701 1.095700 -1.847914 4.615346 4.615346 
597.000000 284 2.000000 0.946708 2.062089 -1.065827 -1.926867 4.848805 4.848805 
597.000000 285 2.000000 0.925150 18.113387 3.565292 -3.984904 28.590773 28.590773 
597.000000 286 2.000000 0.058851 5.169493 -2.352870 -2.381953 11.209694 11.209694 
597.000000 287 2.000000 0.389346 11.005768 -6.106533 -5.451049 67.003680 67.003680 
597.000000 288 2.000000 0.510076 2.156747 2.040301 -2.531181 10.569706 10.569706 
597.000000 289 2.000000 0.364252 14.651908 7.285022 -5.093420 79.014475 79.014475 
597.000000 290 2.000000 0.810324 13.902339 -3.793509 1.047879 15.488761 15.488761 
597.000000 291 2.000000 0.297403 19.667638 1.982683 -1.661805 6.692625 6.692625 
597.000000 292 2.000000 0.224584 13.008644 1.122916 -0.044206 1.262895 1.262895 
597.000000 293 2.000000 0.628949 6.170152 4.192985 -5.517860 48.027896 48.027896 
597.000000 294 2.000000 0.987039 2.535882 1.989361 4.172888 21.370553 21.370553 
597.000000 295 2.000000 0.798380 8.204036 1.451598 -2.113144 6.572515 6.572515 
597.000000 296 2.000000 0.507650 17.043047 1.128109 -1.146021 2.585994 2.585994 
597.000000 297 2.000000 0.054246 16.934861 -0.363148 4.726913 22.475584 22.475584 
597.000000 298 2.000000 0.332960 0.366311 0.007703 -0.999993 1.000046 1.000046 
597.000000 299 2.000000 0.266139 19.561997 5.322762 -8.760044 105.070162 105.070162 
597.000000 300 2.000000 0.000001 3.628883 5.059785 1.319244 27.341829 27.341829 
597.000000 301 2.000000 0.077025 16.065756 -1.757650 3.613389 16.145918 16.145918 
597.000000 302 2.000000 0.660086 17.725270 4.400568 0.845778 20.080337 20.080337 
597.000000 303 2.000000 0.546021 18.140391 -0.453978 0.530598 0.487630 0.487630 
597.000000 304 2.000000 0.065586 5.802646 1.311694 3.808989 16.228937 16.228937 
597.000000 305 2.000000 0.248059 11.765622 0.451015 -12.671177 160.762136 160.762136 
597.000000 306 2.000000 0.808331 14.431386 -1.916680 1.316202 5.406051 5.406051 
597.000000 307 2.000000 0.527467 4.356761 -1.890128 3.111971 13.256947 13.256947 
597.000000 308 2.000000 0.227186 6.341081 -1.125758 0.618365 1.649705 1.649705 
597.000000 309 2.000000 0.740678 13.846107 0.778639 1.779997 3.774667 3.774667 
597.000000 310 2.000000 0.999999 16.895257 -2.251256 0.060154 5.071773 5.071773 
597.000000 311 2.000000 0.865112 15.844290 -0.908640 -1.229545 2.337408 2.337408 
597.000000 312 2.000000 0.197040 14.430303 1.970391 -1.959306 7.721321 7.721321 
597.000000 313 2.000000 0.569832 19.371649 11.396629 -2.094499 134.270086 134.270086 
597.000000 314 2.000000 0.398187 19.261421 7.963725 -3.692891 77.058370 77.058370 
597.000000 315 2.000000 0.899745 18.545273 -2.005073 -3.543516 16.576821 16.576821 
597.000000 316 2.000000 0.652157 4.568223 -3.478422 -0.611524 12.473383 12.473383 
597.000000 317 2.000000 0.593391 19.080208 2.966952 -0.707532 9.303403 9.303403 
597.000000 318 2.000000 0.646948 11.208125 3.234736 1.958527 14.299347 14.299347 
597.000000 319 2.000000 0.770768 12.147970 7.707668 -0.492489 59.650698 59.650698 
597.000000 320 2.000000 0.447839 7.397577 0.995195 6.164647 38.993285 38.993285 
597.000000 321 2.000000 0.004271 15.277464 -2.212730 -4.971090 29.607908 29.607908 
597.000000 322 2.000000 0.999999 1.836721 -0.906328 -3.276637 11.557778 11.557778 
597.000000 323 2.000000 0.445408 10.375342 -5.545911 -0.617156 31.138012 31.138012 
597.000000 324 2.000000 0.999999 3.728445 -7.354414 -3.490426 66.270469 66.270469 
597.000000 325 2.000000 0.879119 17.806002 0.483748 2.410088 6.042537 6.042537 
597.000000 326 2.000000 0.719785 7.897128 -5.604281 0.231626 31.461614 31.461614 
597.000000 327 2.000000 0.499615 6.241967 2.498068 1.323024 7.990735 7.990735 
597.000000 328 2.000000 0.786332 15.631291 5.329948 -0.635033 28.811614 28.811614 
597.000000 329 2.000000 0.696017 12.392905 1.904638 -0.807872 4.280305 4.280305 
597.000000 330 2.000000 0.447097 3.138167 -11.058046 0.187352 122.315478 122.315478 
597.000000 331 2.000000 0.999999 8.688238 -1.921868 -2.189585 8.487860 8.487860 
597.000000 332 2.000000 0.539945 13.640743 2.159775 0.181174 4.697451 4.697451 
597.000000 333 2.000000 0.367991 7.823203 -4.213389 4.741334 40.232895 40.232895 
597.000000 334 2.000000 0.937033 7.647979 -1.259321 -3.735190 15.537534 15.537534 
597.000000 335 2.000000 0.798015 14.977441 -4.039679 2.355977 21.869637 21.869637 
597.000000 336 2.000000 0.000001 5.135074 2.317687 2.858867 13.544794 13.544794 
597.000000 337 2.000000 0.000001 14.227464 4.416157 -1.127592 20.773906 20.773906 
597.000000 338 2.000000 0.513122 5.906857 -0.334468 -2.328623 5.534352 5.534352 
597.000000 339 2.000000 0.807974 13.059642 -0.306623 -3.494378 12.304694 12.304694 
597.000000 340 2.000000 0.999999 5.365453 -2.966799 3.974409 24.597820 24.597820 
597.000000 341 2.000000 0.830770 16.270483 3.323077 -8.287813 79.730691 79.730691 
597.000000 342 2.000000 0.612691 15.036053 -0.279049 -0.667282 0.523134 0.523134 
597.000000 343 2.000000 0.691980 12.712666 6.919789 4.643332 69.444012 69.444012 
597.000000 344 2.000000 0.206725 14.452422 2.067242 3.842686 19.039727 19.039727 
597.000000 345 2.000000 0.029034 8.618749 0.290326 -4.071776 16.663652 16.663652 
597.000000 346 2.000000 0.243921 0.000001 -1.008105 1.178731 2.405682 2.405682 
597.000000 347 2.000000 0.933017 6.460867 6.220104 -1.299789 40.379143 40.379143 
597.000000 348 2.000000 0.951959 18.241414 1.903916 -5.024530 28.870798 28.870798 
597.000000 349 2.000000 0.350249 11.947685 -2.165833 3.666970 18.137500 18.137500 
597.000000 350 2.000000 0.997394 12.501467 3.324644 3.122891 20.805703 20.805703 
597.000000 351 2.000000 0.314979 6.918803 3.149782 5.575581 41.008235 41.008235 
597.000000 352 2.000000 0.994481 16.270008 0.357231 1.258407 1.711203 1.711203 
597.000000 353 2.000000 0.609048 19.663957 -3.909514 -6.720838 60.453968 60.453968 
597.000000 354 2.000000 0.981655 3.123433 4.908270 0.506210 24.347363 24.347363 
597.000000 355 2.000000 0.350671 3.108082 3.506698 -3.500459 24.550149 24.550149 
597.000000 356 2.000000 0.999999 15.518228 -0.912569 -2.514886 7.157436 7.157436 
597.000000 357 2.000000 0.645185 5.838291 1.290369 0.852152 2.391214 2.391214 
597.000000 358 2.000000 0.348714 17.534800 -2.170950 -1.700137 7.603492 7.603492 
597.000000 359 2.000000 0.161732 13.152776 5.929196 6.648947 79.363860 79.363860 
597.000000 360 2.000000 0.546992 17.636667 5.469909 -5.908329 64.828267 64.828267 
597.000000 361 2.000000 0.088264 5.724235 -3.039116 2.227984 14.200137 14.200137 
597.000000 362 2.000000 0.287872 6.508947 5.757413 -5.187187 60.054712 60.054712 
597.000000 363 2.000000 0.999999 9.207495 -2.762271 -2.726852 15.065863 15.065863 
597.000000 364 2.000000 0.272191 13.048242 5.443790 0.314267 29.733615 29.733615 
597.000000 365 2.000000 0.015660 15.734076 0.313185 2.098893 4.503438 4.503438 
597.000000 366 2.000000 0.622719 14.070850 -1.886399 3.310683 14.519123 14.519123 
597.000000 367 2.000000 0.234934 8.322317 -0.617982 -1.324908 2.137284 2.137284 
597.000000 368 2.000000 0.411157 6.695109 -5.888416 -7.052012 84.404320 84.404320 
597.000000 369 2.000000 0.997605 11.620697 6.650694 -4.648085 65.836422 65.836422 
597.000000 370 2.000000 0.506214 14.954752 10.124252 1.493896 104.732209 104.732209 
597.000000 371 2.000000 0.300386 0.248103 6.007699 2.481020 42.247911 42.247911 
597.000000 372 2.000000 0.837392 4.270950 -3.252144 2.445482 16.556825 16.556825 
597.000000 373 2.000000 0.932908 0.678392 6.219378 -2.093910 43.065121 43.065121 
597.000000 374 2.000000 0.025664 15.095294 -3.897339 -0.001383 15.189251 15.189251 
597.000000 375 2.000000 0.346016 6.229495 0.351734 -2.786763 7.889762 7.889762 
597.000000 376 2.000000 0.709131 13.834642 2.363768 -0.029824 5.588287 5.588287 
597.000000 377 2.000000 0.000001 13.606868 5.007023 2.548004 31.562599 31.562599 
597.000000 378 2.000000 0.316660 13.417433 0.301580 1.696468 2.968954 2.968954 
597.000000 379 2.000000 0.181777 15.887913 -3.272887 1.567572 13.169074 13.169074 
597.000000 380 2.000000 0.181116 12.698328 -1.819741 0.865331 4.060253 4.060253 
597.000000 381 2.000000 0.690980 14.421356 2.548479 5.226184 33.807740 33.807740 
597.000000 382 2.000000 0.487878 14.182971 -5.121206 -4.862273 49.868443 49.868443 
597.000000 383 2.000000 0.556193 12.418886 -8.876112 -1.316862 80.519491 80.519491 
597.000000 384 2.000000 0.888001 18.312035 -2.239954 3.892351 20.167790 20.167790 
597.000000 385 2.000000 0.738142 12.282906 0.615117 -0.258372 0.445126 0.445126 
597.000000 386 2.000000 0.377144 10.899428 -0.355917 0.606874 0.494973 0.494973 
597.000000 387 2.000000 0.999999 16.730695 -4.119501 1.299841 18.659876 18.659876 
597.000000 388 2.000000 0.009207 14.505756 0.184120 1.707963 2.951037 2.951037 
597.000000 389 2.000000 0.610868 9.597419 -3.891310 3.598909 28.094439 28.094439 
597.000000 390 2.000000 0.095361 1.174723 1.907195 -0.807236 4.289022 4.289022 
597.000000 391 2.000000 0.970986 16.939553 4.854923 -0.401244 23.731276 23.731276 
597.000000 392 2.000000 0.664021 2.842854 -3.359784 -3.577819 24.088937 24.088937 
597.000000 393 2.000000 0.951137 18.077912 1.691866 -4.816760 26.063588 26.063588 
597.000000 394 2.000000 0.860270 15.834387 -4.583687 -3.967050 36.747677 36.747677 
597.000000 395 2.000000 0.658967 15.748797 -1.136773 -0.310089 1.388407 1.388407 
597.000000 396 2.000000 0.865380 11.728282 1.730759 2.460042 9.047333 9.047333 
597.000000 397 2.000000 0.660689 14.114961 -1.696550 -1.068377 4.019712 4.019712 
597.000000 398 2.000000 0.232574 14.818597 -2.521877 1.740293 9.388484 9.388484 
597.000000 399 2.000000 0.504248 0.739188 -1.101668 -3.553287 13.839519 13.839519 
597.000000 400 2.000000 0.027341 15.634612 -1.496396 -3.590495 15.130856 15.130856 
597.000000 401 2.000000 0.616186 18.203470 3.080926 -8.982646 90.180035 90.180035 
597.000000 402 2.000000 0.564362 6.798156 -2.178183 1.185216 6.149216 6.149216 
597.000000 403 2.000000 0.736261 19.313835 -0.035956 0.250864 0.064226 0.064226 
597.000000 404 2.000000 0.476563 18.066828 0.794270 3.626677 13.783649 13.783649 
597.000000 405 2.000000 0.597628 1.064022 5.976269 1.418695 37.728493 37.728493 
597.000000 406 2.000000 0.000001 18.953444 2.074939 -1.012383 5.330289 5.330289 
597.000000 407 2.000000 0.000001 16.508471 5.131945 -0.370159 26.473879 26.473879 
597.000000 408 2.000000 0.999999 12.479098 -1.751287 -4.601231 24.238332 24.238332 
597.000000 409 2.000000 0.001634 12.857930 -1.426235 4.936601 26.404181 26.404181 
597.000000 410 2.000000 0.673418 8.409058 2.371591 3.141579 15.493961 15.493961 
597.000000 411 2.000000 0.657122 0.052866 0.198737 -1.878527 3.568361 3.568361 
597.000000 412 2.000000 0.739286 7.112186 2.957139 -0.251179 8.807765 8.807765 
597.000000 413 2.000000 0.322519 16.966836 6.450357 0.003312 41.607115 41.607115 
597.000000 414 2.000000 0.152108 0.561571 -2.826304 3.743797 22.004013 22.004013 
597.000000 415 2.000000 0.117721 19.999999 1.177199 -4.684369 23.329114 23.329114 
597.000000 416 2.000000 0.017834 17.331271 0.356654 -2.588535 6.827714 6.827714 
597.000000 417 2.000000 0.559385 19.022519 -0.540921 -1.954960 4.114466 4.114466 
597.000000 418 2.000000 0.670193 18.094699 -3.298059 0.593549 11.229493 11.229493 
597.000000 419 2.000000 0.999999 4.806148 -5.282346 -3.805222 42.382892 42.382892 
597.000000 420 2.000000 0.550544 4.773659 2.752715 4.339689 26.410339 26.410339 
597.000000 421 2.000000 0.633899 19.234004 -1.830498 -7.659953 62.025605 62.025605 
597.000000 422 2.000000 0.691613 19.617960 1.257476 2.151868 6.211783 6.211783 
597.000000 423 2.000000 0.999999 9.790823 -6.139389 -3.345042 48.881398 48.881398 
597.000000 424 2.000000 0.650123 1.967595 0.020510 2.071151 4.290088 4.290088 
597.000000 425 2.000000 0.749223 2.790779 -5.015529 -5.297854 53.222787 53.222787 
597.000000 426 2.000000 0.618204 3.496769 6.182031 1.589440 40.743823 40.743823 
597.000000 427 2.000000 0.999999 6.832993 -2.728498 -0.713015 7.953092 7.953092 
597.000000 428 2.000000 0.378864 18.505452 -4.140901 -1.827977 20.488564 20.488564 
597.000000 429 2.000000 0.850769 18.829731 3.403073 -1.069472 12.724674 12.724674 
597.000000 430 2.000000 0.525883 7.395079 0.478075 -1.434240 2.285601 2.285601 
597.000000 431 2.000000 0.999999 4.416502 -3.686044 -4.664520 35.344669 35.344669 
597.000000 432 2.000000 0.295636 19.999999 2.956351 -0.116485 8.753582 8.753582 
597.000000 433 2.000000 0.191044 7.313026 3.820861 -2.314642 19.956544 19.956544 
597.000000 434 2.000000 0.232571 0.314976 2.325697 -4.551155 26.121878 26.121878 
597.000000 435 2.000000 0.705160 16.999140 0.641053 4.005203 16.452604 16.452604 
597.000000 436 2.000000 0.826230 8.413808 -3.475382 -2.248541 17.134218 17.134218 
597.000000 437 2.000000 0.719835 16.467771 1.950582 -3.755700 17.910049 17.910049 
597.000000 438 2.000000 0.499410 10.094836 -1.251472 0.331241 1.675902 1.675902 
597.000000 439 2.000000 0.815525 5.458291 5.436825 -7.261666 82.290865 82.290865 
597.000000 440 2.000000 0.960879 7.315985 0.967353 -1.019289 1.974722 1.974722 
597.000000 441 2.000000 0.481139 2.235006 -0.147115 3.632483 13.216575 13.216575 
597.000000 442 2.000000 0.689985 16.701308 -0.174507 2.202860 4.883045 4.883045 
597.000000 443 2.000000 0.000001 4.500688 1.276686 -0.911457 2.460682 2.460682 
597.000000 444 2.000000 0.000001 6.785486 3.914854 -4.918082 39.513613 39.513613 
597.000000 445 2.000000 0.613362 0.738661 1.022268 -2.523484 7.413002 7.413002 
597.000000 446 2.000000 0.094746 6.448480 1.894908 6.559414 46.616583 46.616583 
597.000000 447 2.000000 0.185483 8.124351 -0.059375 -2.819974 7.955777 7.955777 
597.000000 448 2.000000 0.875304 12.920436 -2.493902 -0.592465 6.570562 6.570562 
597.000000 449 2.000000 0.959174 2.833045 6.394486 -4.423996 60.461189 60.461189 
597.000000 450 2.000000 0.662807 11.564202 1.205102 1.619150 4.073918 4.073918 
597.000000 451 2.000000 0.424306 6.109089 -5.756935 0.190093 33.178435 33.178435 
597.000000 452 2.000000 0.135427 0.390243 2.708524 -3.714261 21.131842 21.131842 
597.000000 453 2.000000 0.000001 17.862581 9.642141 2.086843 97.325800 97.325800 
597.000000 454 2.000000 0.429007 10.728553 -3.806612 -6.193951 52.855328 52.855328 
597.000000 455 2.000000 0.039792 11.977671 -1.280276 4.310490 20.219432 20.219432 
597.000000 456 2.000000 0.000001 13.975295 5.868891 -1.702067 37.340916 37.340916 
597.000000 457 2.000000 0.999999 0.811276 -1.622008 -4.094717 19.397614 19.397614 
597.000000 458 2.000000 0.111438 18.229333 2.228733 -3.219392 15.331740 15.331740 
597.000000 459 2.000000 0.640873 7.017540 4.272478 -3.070279 27.680683 27.680683 
597.000000 460 2.000000 0.999999 16.980447 -5.761527 -4.645465 54.775538 54.775538 
597.000000 461 2.000000 0.177915 15.213289 0.009867 7.183766 51.606597 51.606597 
597.000000 462 2.000000 0.951656 0.778868 4.758277 3.894334 37.807040 37.807040 
597.000000 463 2.000000 0.728090 15.018533 2.080253 -0.277520 4.404471 4.404471 
597.000000 464 2.000000 0.595362 8.144819 -0.055901 -5.783015 33.446386 33.446386 
597.000000 465 2.000000 0.295883 12.345208 2.958817 -1.134607 10.041929 10.041929 
597.000000 466 2.000000 0.761305 5.613582 -0.280816 -0.348656 0.200419 0.200419 
597.000000 467 2.000000 0.567855 1.248413 3.785695 2.701407 21.629085 21.629085 
597.000000 468 2.000000 0.999999 1.339181 -4.034573 1.164505 17.633854 17.633854 
597.000000 469 2.000000 0.482439 12.970503 4.824383 -1.888156 26.839803 26.839803 
597.000000 470 2.000000 0.217203 0.204734 -3.803111 -9.895322 112.381055 112.381055 
597.000000 471 2.000000 0.012287 14.982800 -0.823093 -0.669820 1.126140 1.126140 
597.000000 472 2.000000 0.260240 19.167675 -0.508477 -3.329297 11.342770 11.342770 
597.000000 473 2.000000 0.768006 9.008107 -0.662838 3.082187 9.939231 9.939231 
597.000000 474 2.000000 0.376812 3.497576 3.768113 -5.234418 41.597807 41.597807 
597.000000 475 2.000000 0.643874 4.338574 -0.085501 -3.582317 12.840305 12.840305 
597.000000 476 2.000000 0.260731 18.533430 -3.696339 -1.222140 15.156550 15.156550 
597.000000 477 2.000000 0.991342 4.956380 3.965366 -6.068418 52.549819 52.549819 
597.000000 478 2.000000 0.104194 15.607473 -4.136549 -5.039176 42.504336 42.504336 
597.000000 479 2.000000 0.268199 12.578616 -3.958049 0.148601 15.688230 15.688230 
597.000000 480 2.000000 0.344585 4.264742 -6.554139 5.330926 71.375505 71.375505 
597.000000 481 2.000000 0.253463 16.288752 -4.976908 -0.562925 25.086497 25.086497 
597.000000 482 2.000000 0.635466 14.542481 -2.430219 0.004041 5.905981 5.905981 
597.000000 483 2.000000 0.129828 16.614824 -2.486202 1.248759 7.740598 7.740598 
597.000000 484 2.000000 0.999999 12.776240 -4.908852 -1.171931 25.470253 25.470253 
597.000000 485 2.000000 0.479509 3.382129 -0.845206 2.271655 5.874790 5.874790 
597.000000 486 2.000000 0.428360 9.641881 4.283588 -1.515474 20.645789 20.645789 
597.000000 487 2.000000 0.726950 17.107935 -2.730492 -2.539569 13.904995 13.904995 
597.000000 488 2.000000 0.961981 19.798506 0.961980 -2.014932 4.985357 4.985357 
597.000000 489 2.000000 0.814405 16.187121 -1.855938 -5.430424 32.934007 32.934007 
597.000000 490 2.000000 0.672775 5.187548 -6.544479 -6.196800 81.230538 81.230538 
597.000000 491 2.000000 0.344562 15.383694 0.958664 -0.688482 1.393044 1.393044 
597.000000 492 2.000000 0.081867 17.800813 -3.672527 -1.026223 14.540589 14.540589 
597.000000 493 2.000000 0.999999 5.421416 -3.179827 -4.800696 33.157983 33.157983 
597.000000 494 2.000000 0.123800 7.306966 -3.504795 -1.937401 16.037111 16.037111 
597.000000 495 2.000000 0.442533 10.426010 -5.574659 -3.524660 43.500058 43.500058 
597.000000 496 2.000000 0.781842 15.815840 5.212274 -5.578878 58.291679 58.291679 
597.000000 497 2.000000 0.498523 4.627641 -1.253691 0.481363 1.803452 1.803452 
597.000000 498 2.000000 0.083393 4.610217 0.833916 3.236039 11.167366 11.167366 
597.000000 499 2.000000 0.134949 14.504415 -2.883501 -0.945560 9.208663 9.208663 
597.000000 500 2.000000 0.533051 14.282619 -1.867791 -0.043520 3.490538 3.490538 
