892.000000 1 2.000000 0.997653 12.557941 1.505717 7.178926 53.804165 53.804165 
892.000000 2 2.000000 0.844550 1.194751 2.815164 -1.078544 9.088407 9.088407 
892.000000 3 2.000000 0.196570 1.395127 0.436821 -0.040360 0.192441 0.192441 
892.000000 4 2.000000 0.551869 17.720561 3.679120 1.681791 16.364347 16.364347 
892.000000 5 2.000000 0.690405 6.989988 -0.152656 0.494630 0.267963 0.267963 
892.000000 6 2.000000 0.524542 0.494136 -1.901827 3.294231 14.468900 14.468900 
892.000000 7 2.000000 0.736965 19.457350 -1.753558 0.585855 3.418193 3.418193 
892.000000 8 2.000000 0.206256 7.064194 4.125096 0.167418 17.044442 17.044442 
892.000000 9 2.000000 0.940328 9.550106 2.350817 -2.025317 9.628249 9.628249 
892.000000 10 2.000000 0.999999 2.939625 -3.197146 -0.182508 10.255049 10.255049 
892.000000 11 2.000000 0.227884 9.302139 -0.047602 -8.158843 66.568984 66.568984 
892.000000 12 2.000000 0.599493 12.893444 1.332203 -1.945231 5.558691 5.558691 
892.000000 13 2.000000 0.000001 5.247143 4.504596 -2.980178 29.172844 29.172844 
892.000000 14 2.000000 0.042900 6.089425 -1.063443 -0.664739 1.572789 1.572789 
892.000000 15 2.000000 0.999999 17.119516 -4.120405 -1.146173 18.291446 18.291446 
892.000000 16 2.000000 0.312769 17.884392 -6.872302 -3.022296 56.362806 56.362806 
892.000000 17 2.000000 0.903880 1.599199 4.519397 -0.033739 20.426083 20.426083 
892.000000 18 2.000000 0.115889 3.240500 2.317765 -3.699520 19.058484 19.058484 
892.000000 19 2.000000 0.618607 11.570135 -1.525568 5.317828 30.606650 30.606650 
892.000000 20 2.000000 0.058545 0.489774 -0.555341 4.897732 24.296180 24.296180 
892.000000 21 2.000000 0.208717 8.867378 -2.265567 -4.955217 29.686969 29.686969 
892.000000 22 2.000000 0.256026 19.796296 -1.487945 -4.074051 18.811876 18.811876 
892.000000 23 2.000000 0.210329 16.709343 1.216605 -1.090517 2.669353 2.669353 
892.000000 24 2.000000 0.073765 1.244404 1.475281 1.185145 3.581024 3.581024 
892.000000 25 2.000000 0.438424 8.326023 2.922819 2.030737 12.666763 12.666763 
892.000000 26 2.000000 0.790545 3.039381 -0.418908 -0.032043 0.176511 0.176511 
892.000000 27 2.000000 0.231281 3.446679 4.625600 -3.058540 30.750844 30.750844 
892.000000 28 2.000000 0.963426 17.677650 -0.731466 1.997662 4.525697 4.525697 
892.000000 29 2.000000 0.894590 17.132986 -2.108185 3.559842 17.116917 17.116917 
892.000000 30 2.000000 0.000001 14.930530 2.543222 5.367311 35.276003 35.276003 
892.000000 31 2.000000 0.015622 3.518348 -1.968754 -3.274843 14.600593 14.600593 
892.000000 32 2.000000 0.000001 4.741006 3.715211 -2.879230 22.092761 22.092761 
892.000000 33 2.000000 0.109591 16.986832 -0.674334 4.764192 23.152251 23.152251 
892.000000 34 2.000000 0.105042 16.503432 1.050407 0.088516 1.111190 1.111190 
892.000000 35 2.000000 0.128302 18.372278 0.855338 2.001182 4.736332 4.736332 
892.000000 36 2.000000 0.926294 13.735800 1.614943 1.813369 5.896349 5.896349 
892.000000 37 2.000000 0.999999 17.543415 -1.242273 4.799657 24.579955 24.579955 
892.000000 38 2.000000 0.566493 17.843661 -2.890041 -2.536869 14.788038 14.788038 
892.000000 39 2.000000 0.755629 1.928017 -0.062122 6.618924 43.814013 43.814013 
892.000000 40 2.000000 0.798275 8.171515 -4.034487 1.144825 17.587713 17.587713 
892.000000 41 2.000000 0.903318 6.522212 6.022111 0.296925 36.353990 36.353990 
892.000000 42 2.000000 0.315063 0.065926 -4.566240 -0.714367 21.360870 21.360870 
892.000000 43 2.000000 0.466675 11.391818 -1.523782 3.254805 12.915664 12.915664 
892.000000 44 2.000000 0.331070 5.686467 1.324275 2.091817 6.129402 6.129402 
892.000000 45 2.000000 0.000001 18.520880 6.189062 2.086535 42.658121 42.658121 
892.000000 46 2.000000 0.676792 10.553299 -1.292829 3.515567 14.030621 14.030621 
892.000000 47 2.000000 0.053409 12.553875 -3.786360 2.249436 19.396484 19.396484 
892.000000 48 2.000000 0.055091 18.018318 -1.574847 -4.954203 27.024268 27.024268 
892.000000 49 2.000000 0.383101 16.245648 -3.084488 4.056251 25.967241 25.967241 
892.000000 50 2.000000 0.831885 11.443190 5.545893 3.579564 43.570206 43.570206 
892.000000 51 2.000000 0.561861 6.412620 3.745734 4.580442 35.010975 35.010975 
892.000000 52 2.000000 0.999999 8.766241 -6.406597 -3.069739 50.467774 50.467774 
892.000000 53 2.000000 0.328410 6.817996 2.189391 0.782473 5.405695 5.405695 
892.000000 54 2.000000 0.175010 16.816545 -2.749965 -5.788098 41.064380 41.064380 
892.000000 55 2.000000 0.780210 14.141645 3.901047 3.008860 24.271411 24.271411 
892.000000 56 2.000000 0.532291 5.511536 -4.677082 0.442438 22.070844 22.070844 
892.000000 57 2.000000 0.855498 2.029093 0.789443 -1.186076 2.029998 2.029998 
892.000000 58 2.000000 0.249654 19.075607 -5.002299 -0.158588 25.048145 25.048145 
892.000000 59 2.000000 0.072108 1.284134 -6.185940 -1.957945 42.099403 42.099403 
892.000000 60 2.000000 0.000001 19.465504 5.853076 0.700978 34.749864 34.749864 
892.000000 61 2.000000 0.999999 3.220994 -5.865194 -0.648762 34.821397 34.821397 
892.000000 62 2.000000 0.697029 6.451379 1.394057 3.598463 14.892327 14.892327 
892.000000 63 2.000000 0.999999 7.504083 -3.733537 -2.826211 21.926771 21.926771 
892.000000 64 2.000000 0.999999 13.896950 -5.897548 3.515505 47.139850 47.139850 
892.000000 65 2.000000 0.844541 16.933253 2.815135 0.177588 7.956522 7.956522 
892.000000 66 2.000000 0.513599 17.588428 0.641997 -3.710109 14.177069 14.177069 
892.000000 67 2.000000 0.268945 17.839957 -2.924217 4.575876 29.489686 29.489686 
892.000000 68 2.000000 0.258065 4.864292 -1.342729 -0.428841 1.986827 1.986827 
892.000000 69 2.000000 0.999999 13.423504 -5.038102 -6.950174 73.687389 73.687389 
892.000000 70 2.000000 0.210408 5.941331 4.208148 3.257176 28.317706 28.317706 
892.000000 71 2.000000 0.304747 3.046706 -3.476260 -2.039356 16.243359 16.243359 
892.000000 72 2.000000 0.113783 7.586271 -3.544864 -0.584552 12.907763 12.907763 
892.000000 73 2.000000 0.705405 17.925396 0.346322 -0.313134 0.217992 0.217992 
892.000000 74 2.000000 0.383083 4.676429 1.164332 -4.212956 19.104666 19.104666 
892.000000 75 2.000000 0.768024 0.501094 -1.546497 -3.642854 15.662038 15.662038 
892.000000 76 2.000000 0.000001 4.519391 3.204767 1.227104 11.776316 11.776316 
892.000000 77 2.000000 0.211785 7.970541 2.117837 2.108165 8.929594 8.929594 
892.000000 78 2.000000 0.508294 2.057380 5.082935 0.845721 26.551468 26.551468 
892.000000 79 2.000000 0.181809 0.638192 3.636167 -3.917377 28.567554 28.567554 
892.000000 80 2.000000 0.239403 8.197745 4.788032 -2.243011 27.956348 27.956348 
892.000000 81 2.000000 0.610682 15.025135 -3.893172 0.378670 15.300183 15.300183 
892.000000 82 2.000000 0.174128 9.581041 -5.505807 -3.847063 45.113798 45.113798 
892.000000 83 2.000000 0.999999 19.649487 -6.002913 -3.505119 48.320821 48.320821 
892.000000 84 2.000000 0.655866 9.579111 -3.441332 3.088466 21.381390 21.381390 
892.000000 85 2.000000 0.862331 18.014410 2.463800 1.188832 7.483634 7.483634 
892.000000 86 2.000000 0.512829 14.293591 -2.435851 -6.006745 42.014360 42.014360 
892.000000 87 2.000000 0.291765 4.472096 5.835284 0.053198 34.053374 34.053374 
892.000000 88 2.000000 0.607305 6.973016 -3.926941 1.088825 16.606409 16.606409 
892.000000 89 2.000000 0.933667 0.145943 -0.442214 1.459425 2.325474 2.325474 
892.000000 90 2.000000 0.194935 6.928850 -2.683546 0.899966 8.011358 8.011358 
892.000000 91 2.000000 0.745542 6.325064 -0.848189 2.114752 5.191601 5.191601 
892.000000 92 2.000000 0.035270 2.299228 0.705384 -2.818943 8.444003 8.444003 
892.000000 93 2.000000 0.401534 2.036170 -2.393861 4.072337 22.314500 22.314500 
892.000000 94 2.000000 0.133157 13.837052 1.331560 -1.125288 3.039325 3.039325 
892.000000 95 2.000000 0.411659 13.041738 1.646631 -2.244600 7.749623 7.749623 
892.000000 96 2.000000 0.165588 6.240038 1.103911 -9.235374 86.510760 86.510760 
892.000000 97 2.000000 0.088230 11.319809 -0.521011 -0.285991 0.353243 0.353243 
892.000000 98 2.000000 0.999999 12.547772 -7.272976 -7.173977 104.362119 104.362119 
892.000000 99 2.000000 0.207949 14.683744 4.158965 1.737800 20.316940 20.316940 
892.000000 100 2.000000 0.821870 3.821396 0.683814 3.718623 14.295756 14.295756 
892.000000 101 2.000000 0.668784 0.304253 -2.208103 3.042516 14.132619 14.132619 
892.000000 102 2.000000 0.999999 9.610415 -1.317112 2.536765 8.169962 8.169962 
892.000000 103 2.000000 0.999999 16.069415 -4.018166 -7.146516 67.218350 67.218350 
892.000000 104 2.000000 0.077446 0.501772 -4.612766 -4.544662 41.931564 41.931564 
892.000000 105 2.000000 0.048751 6.754300 -1.189061 4.088219 18.127399 18.127399 
892.000000 106 2.000000 0.530258 4.257769 -1.878962 -8.745683 80.017477 80.017477 
892.000000 107 2.000000 0.472527 4.493030 0.094629 -1.593525 2.548275 2.548275 
892.000000 108 2.000000 0.243783 18.027374 1.218909 -0.124225 1.501170 1.501170 
892.000000 109 2.000000 0.320348 16.127730 3.203470 1.009009 11.280321 11.280321 
892.000000 110 2.000000 0.094572 0.718745 1.891413 -1.610488 6.171114 6.171114 
892.000000 111 2.000000 0.718545 10.419200 1.294018 0.601691 2.036513 2.036513 
892.000000 112 2.000000 0.937870 9.601460 -0.310647 -5.736109 32.999446 32.999446 
892.000000 113 2.000000 0.056540 1.582882 0.565386 -4.032715 16.582449 16.582449 
892.000000 114 2.000000 0.487564 15.841853 -5.124351 -3.024742 35.408041 35.408041 
892.000000 115 2.000000 0.315953 10.515435 -6.840463 -3.650887 60.120907 60.120907 
892.000000 116 2.000000 0.606776 19.677515 -1.966117 2.916401 12.371008 12.371008 
892.000000 117 2.000000 0.831125 6.670743 -0.562914 2.061599 4.567061 4.567061 
892.000000 118 2.000000 0.992935 18.805267 1.088710 -2.986830 10.106442 10.106442 
892.000000 119 2.000000 0.333792 0.480749 -4.441377 2.403741 25.503800 25.503800 
892.000000 120 2.000000 0.332731 2.553708 -0.953239 7.296305 54.144734 54.144734 
892.000000 121 2.000000 0.142571 9.983127 -0.690959 -4.887362 24.363730 24.363730 
892.000000 122 2.000000 0.999999 12.788791 -2.992811 -2.568982 15.556588 15.556588 
892.000000 123 2.000000 0.839477 13.406535 -1.605216 -0.522996 2.850242 2.850242 
892.000000 124 2.000000 0.419509 6.281252 -2.902449 -1.098017 9.629852 9.629852 
892.000000 125 2.000000 0.240845 0.444633 0.063264 4.446322 19.773781 19.773781 
892.000000 126 2.000000 0.534127 2.792435 -2.329361 5.584868 36.616671 36.616671 
892.000000 127 2.000000 0.158853 13.089318 3.177031 -5.119023 36.297918 36.297918 
892.000000 128 2.000000 0.694903 8.329473 3.988794 1.474351 18.084186 18.084186 
892.000000 129 2.000000 0.323294 7.095032 -0.796123 -2.594668 7.366112 7.366112 
892.000000 130 2.000000 0.866765 8.241273 3.021690 6.074736 46.033026 46.033026 
892.000000 131 2.000000 0.999999 14.010181 -3.617460 3.996651 29.059243 29.059243 
892.000000 132 2.000000 0.198611 10.271076 -1.001735 -4.997915 25.982625 25.982625 
892.000000 133 2.000000 0.654865 16.845269 4.365758 6.937424 67.187699 67.187699 
892.000000 134 2.000000 0.000001 8.566071 5.912321 3.260523 45.586550 45.586550 
892.000000 135 2.000000 0.455093 16.467861 -0.726541 -5.045912 25.989086 25.989086 
892.000000 136 2.000000 0.999999 10.926111 -2.392110 3.896950 20.908414 20.908414 
892.000000 137 2.000000 0.816361 5.754908 -0.025786 1.426568 2.035760 2.035760 
892.000000 138 2.000000 0.709028 1.636706 1.549882 -12.350695 154.941795 154.941795 
892.000000 139 2.000000 0.734924 18.571948 3.674615 0.653608 13.930000 13.930000 
892.000000 140 2.000000 0.600849 0.152506 -7.983001 -0.442060 63.923725 63.923725 
892.000000 141 2.000000 0.385319 6.573948 3.853178 -5.797744 48.460822 48.460822 
892.000000 142 2.000000 0.924541 11.135047 0.416836 -5.751431 33.252709 33.252709 
892.000000 143 2.000000 0.000001 1.050841 2.136621 -2.781317 12.300876 12.300876 
892.000000 144 2.000000 0.087309 14.018203 -1.588822 -5.769832 35.815314 35.815314 
892.000000 145 2.000000 0.812470 18.377144 1.160669 1.698462 4.231926 4.231926 
892.000000 146 2.000000 0.000001 4.874892 3.835380 -0.622037 15.097066 15.097066 
892.000000 147 2.000000 0.814416 5.641358 -1.855832 -8.204938 70.765113 70.765113 
892.000000 148 2.000000 0.119180 3.375962 1.191793 1.923023 5.118389 5.118389 
892.000000 149 2.000000 0.718366 10.535468 1.596367 -0.778275 3.154101 3.154101 
892.000000 150 2.000000 0.692773 1.677263 6.927720 -1.514692 50.287595 50.287595 
892.000000 151 2.000000 0.354047 9.919283 7.080920 -1.854484 53.578539 53.578539 
892.000000 152 2.000000 0.159168 18.840734 3.183340 -4.637062 31.635995 31.635995 
892.000000 153 2.000000 0.557453 2.175230 3.601820 1.591211 15.505062 15.505062 
892.000000 154 2.000000 0.999999 0.457474 -4.155910 0.631677 17.670608 17.670608 
892.000000 155 2.000000 0.714718 16.855004 -0.436554 2.145441 4.793496 4.793496 
892.000000 156 2.000000 0.120957 13.191132 -0.651142 -4.863476 24.077386 24.077386 
892.000000 157 2.000000 0.677345 4.040498 -3.226545 -1.095909 11.611607 11.611607 
892.000000 158 2.000000 0.000001 12.848125 4.675180 -1.388694 23.785782 23.785782 
892.000000 159 2.000000 0.181035 11.533431 -0.067070 7.397283 54.724293 54.724293 
892.000000 160 2.000000 0.652805 3.398876 0.816005 -2.486569 6.848893 6.848893 
892.000000 161 2.000000 0.501091 15.937563 2.505451 3.831044 20.954187 20.954187 
892.000000 162 2.000000 0.312127 2.686215 -0.845624 -0.602790 1.078435 1.078435 
892.000000 163 2.000000 0.478201 8.625552 1.356513 -1.553395 4.253164 4.253164 
892.000000 164 2.000000 0.351685 10.593501 -4.322097 -0.396087 18.837403 18.837403 
892.000000 165 2.000000 0.999999 9.053049 -7.132080 -2.379772 56.529876 56.529876 
892.000000 166 2.000000 0.999999 3.139415 -2.842187 4.185885 25.599662 25.599662 
892.000000 167 2.000000 0.999999 10.938032 -3.401747 -6.979914 60.291083 60.291083 
892.000000 168 2.000000 0.541177 9.588291 -0.417111 2.347129 5.682997 5.682997 
892.000000 169 2.000000 0.999999 16.302833 -10.364736 2.935537 116.045129 116.045129 
892.000000 170 2.000000 0.999999 0.211463 -4.868061 2.114623 28.169651 28.169651 
892.000000 171 2.000000 0.421132 15.626966 4.211310 -5.383369 46.715792 46.715792 
892.000000 172 2.000000 0.156251 0.419577 1.562496 4.195758 20.045778 20.045778 
892.000000 173 2.000000 0.999999 6.421885 -5.802377 2.261888 38.783720 38.783720 
892.000000 174 2.000000 0.605118 5.363931 -7.897614 0.671275 62.822912 62.822912 
892.000000 175 2.000000 0.999999 9.530112 -2.625667 -1.683498 9.728296 9.728296 
892.000000 176 2.000000 0.556477 6.313583 0.556476 -5.964701 35.887323 35.887323 
892.000000 177 2.000000 0.393438 4.755511 3.934372 -2.650568 22.504796 22.504796 
892.000000 178 2.000000 0.999999 10.869622 -3.033746 -6.296812 48.853450 48.853450 
892.000000 179 2.000000 0.241999 15.060276 -5.053335 0.057337 25.539480 25.539480 
892.000000 180 2.000000 0.916752 15.085524 -1.664941 -0.971419 3.715684 3.715684 
892.000000 181 2.000000 0.819974 2.329869 -0.514358 3.022460 9.399830 9.399830 
892.000000 182 2.000000 0.797134 13.893781 -0.676216 2.943601 9.122056 9.122056 
892.000000 183 2.000000 0.999999 18.097284 -7.111474 -2.927254 59.141881 59.141881 
892.000000 184 2.000000 0.126821 17.207771 2.536409 1.692542 9.298068 9.298068 
892.000000 185 2.000000 0.376499 19.339090 -4.156669 6.093624 54.410148 54.410148 
892.000000 186 2.000000 0.695087 17.543313 1.390173 3.731283 15.855056 15.855056 
892.000000 187 2.000000 0.405704 15.524809 -5.942949 -2.491100 41.524224 41.524224 
892.000000 188 2.000000 0.721786 5.415643 -0.126461 3.282207 10.788877 10.788877 
892.000000 189 2.000000 0.660364 3.802319 6.603634 -6.290381 83.176882 83.176882 
892.000000 190 2.000000 0.374199 13.976170 -0.726464 6.521212 43.053957 43.053957 
892.000000 191 2.000000 0.252321 11.968330 1.393129 1.453253 4.052754 4.052754 
892.000000 192 2.000000 0.632404 3.760621 -2.450631 5.690208 38.384055 38.384055 
892.000000 193 2.000000 0.296880 18.930420 -4.687459 0.050993 21.974874 21.974874 
892.000000 194 2.000000 0.457056 15.642200 -5.429428 -0.501272 29.729968 29.729968 
892.000000 195 2.000000 0.819515 2.106447 -1.804836 -0.979817 4.217475 4.217475 
892.000000 196 2.000000 0.772399 15.210443 -1.289954 0.163895 1.690844 1.690844 
892.000000 197 2.000000 0.166637 9.810503 0.833178 1.506984 2.965188 2.965188 
892.000000 198 2.000000 0.460906 6.783496 1.843622 5.898691 38.193497 38.193497 
892.000000 199 2.000000 0.640762 14.491400 1.601903 -2.318988 7.943801 7.943801 
892.000000 200 2.000000 0.449656 8.717712 -0.917239 -0.850129 1.564046 1.564046 
892.000000 201 2.000000 0.533353 13.390591 0.909829 0.707785 1.328748 1.328748 
892.000000 202 2.000000 0.928012 13.043859 1.646773 7.848493 64.310701 64.310701 
892.000000 203 2.000000 0.868763 7.951630 -2.624728 5.679735 39.148584 39.148584 
892.000000 204 2.000000 0.950957 6.152434 3.803825 -1.248386 16.027554 16.027554 
892.000000 205 2.000000 0.201699 8.873401 -4.250290 4.926276 42.333157 42.333157 
892.000000 206 2.000000 0.744047 7.226129 1.240076 11.117121 125.128162 125.128162 
892.000000 207 2.000000 0.764463 0.090476 -4.710728 1.809494 25.465227 25.465227 
892.000000 208 2.000000 0.031688 1.995713 -0.056523 3.070326 9.430099 9.430099 
892.000000 209 2.000000 0.130410 2.863845 0.434696 4.773073 22.971185 22.971185 
892.000000 210 2.000000 0.359856 12.693926 -2.560571 1.734123 9.563705 9.563705 
892.000000 211 2.000000 0.142489 1.125446 -0.355500 -4.775653 22.933238 22.933238 
892.000000 212 2.000000 0.530053 10.242429 -0.782308 -1.126668 1.881386 1.881386 
892.000000 213 2.000000 0.682635 11.287164 1.252450 2.668408 8.689030 8.689030 
892.000000 214 2.000000 0.134997 11.325561 -2.428760 -2.009398 9.936557 9.936557 
892.000000 215 2.000000 0.565959 10.564229 -0.158349 -3.437979 11.844777 11.844777 
892.000000 216 2.000000 0.858964 6.235507 -2.820699 0.749918 8.518717 8.518717 
892.000000 217 2.000000 0.000001 0.495014 4.263909 2.475064 24.306865 24.306865 
892.000000 218 2.000000 0.374900 15.125764 -0.235886 -2.785277 7.813412 7.813412 
892.000000 219 2.000000 0.711520 9.340428 7.115186 -1.846781 54.036476 54.036476 
892.000000 220 2.000000 0.493720 3.015999 4.937194 -2.613624 31.206915 31.206915 
892.000000 221 2.000000 0.452673 6.162086 1.508906 -4.898622 26.273300 26.273300 
892.000000 222 2.000000 0.770417 11.436534 3.852081 1.777904 17.999470 17.999470 
892.000000 223 2.000000 0.971420 7.474102 4.857093 -1.821597 26.909571 26.909571 
892.000000 224 2.000000 0.475118 10.801341 -1.812125 1.074336 4.437993 4.437993 
892.000000 225 2.000000 0.773363 7.323895 0.409862 0.865522 0.917114 0.917114 
892.000000 226 2.000000 0.827530 3.994336 -3.449374 0.620110 12.282716 12.282716 
892.000000 227 2.000000 0.892382 5.890897 -2.152331 -0.983830 5.600449 5.600449 
892.000000 228 2.000000 0.454930 17.484631 -1.816897 6.134958 40.938823 40.938823 
892.000000 229 2.000000 0.526242 10.896245 0.894200 0.109683 0.811623 0.811623 
892.000000 230 2.000000 0.477365 4.463271 4.773642 -4.949657 47.286764 47.286764 
892.000000 231 2.000000 0.394479 5.461076 -0.448533 -3.625942 13.348640 13.348640 
892.000000 232 2.000000 0.554460 1.957338 1.386147 -3.631292 15.107685 15.107685 
892.000000 233 2.000000 0.507671 16.536517 3.384470 2.254802 16.538766 16.538766 
892.000000 234 2.000000 0.000001 9.184185 7.950202 1.539821 65.576754 65.576754 
892.000000 235 2.000000 0.592605 8.079694 1.691310 -2.241724 7.885854 7.885854 
892.000000 236 2.000000 0.999999 14.144096 -7.082046 3.147470 60.061940 60.061940 
892.000000 237 2.000000 0.436750 18.012433 -5.632488 -2.025386 35.827112 35.827112 
892.000000 238 2.000000 0.101754 9.993720 -5.988301 -5.003140 60.891159 60.891159 
892.000000 239 2.000000 0.022878 5.934444 0.228773 2.706144 7.375550 7.375550 
892.000000 240 2.000000 0.999999 8.861704 -1.131770 2.133136 5.831172 5.831172 
892.000000 241 2.000000 0.775169 5.029261 -1.498863 -1.939789 6.009374 6.009374 
892.000000 242 2.000000 0.739326 18.716650 -1.303365 2.086447 6.052021 6.052021 
892.000000 243 2.000000 0.814756 9.919838 -0.308738 3.026700 9.256233 9.256233 
892.000000 244 2.000000 0.814061 17.261516 5.427064 3.420879 41.155440 41.155440 
892.000000 245 2.000000 0.690104 0.194677 -6.197895 1.297838 40.098284 40.098284 
892.000000 246 2.000000 0.999999 8.504901 -1.160791 3.473024 13.409332 13.409332 
892.000000 247 2.000000 0.223287 2.918918 -2.589041 -2.806149 14.577607 14.577607 
892.000000 248 2.000000 0.037689 14.645069 -0.180723 3.855926 14.900828 14.900828 
892.000000 249 2.000000 0.674111 11.272158 -0.661523 -0.638604 0.845427 0.845427 
892.000000 250 2.000000 0.062545 19.690172 -0.837521 -3.098270 10.300720 10.300720 
892.000000 251 2.000000 0.705967 12.712555 -5.880640 0.479436 34.811784 34.811784 
892.000000 252 2.000000 0.758166 11.757943 3.790823 0.860269 15.110404 15.110404 
892.000000 253 2.000000 0.899918 7.998330 1.384488 -1.207370 3.374549 3.374549 
892.000000 254 2.000000 0.534592 0.907283 -4.654075 1.489334 23.878526 23.878526 
892.000000 255 2.000000 0.105237 13.848704 -1.571472 -6.162869 40.450477 40.450477 
892.000000 256 2.000000 0.354460 19.453793 0.456468 -5.462062 30.042486 30.042486 
892.000000 257 2.000000 0.186830 18.005346 -3.252676 5.648223 42.482329 42.482329 
892.000000 258 2.000000 0.984318 13.573360 0.349948 -3.098245 9.721583 9.721583 
892.000000 259 2.000000 0.159314 16.687246 -3.362740 1.073278 12.459947 12.459947 
892.000000 260 2.000000 0.000001 19.559314 3.029827 -1.101713 10.393625 10.393625 
892.000000 261 2.000000 0.101530 9.268290 -0.063477 1.848424 3.420701 3.420701 
892.000000 262 2.000000 0.207345 1.882066 1.382296 3.421936 13.620392 13.620392 
892.000000 263 2.000000 0.275317 10.980182 5.506325 2.131377 34.862382 34.862382 
892.000000 264 2.000000 0.476873 8.415666 1.589574 1.473787 4.698791 4.698791 
892.000000 265 2.000000 0.594728 15.862757 0.258577 -0.060866 0.070567 0.070567 
892.000000 266 2.000000 0.428314 18.375007 0.331877 1.067423 1.249535 1.249535 
892.000000 267 2.000000 0.168760 0.895835 -2.770795 0.100983 7.687504 7.687504 
892.000000 268 2.000000 0.207607 4.786502 4.152113 2.455203 23.268063 23.268063 
892.000000 269 2.000000 0.633723 16.305557 -3.662758 -7.388883 68.011391 68.011391 
892.000000 270 2.000000 0.292110 19.081924 5.842179 -3.060251 43.496192 43.496192 
892.000000 271 2.000000 0.433750 10.840659 -3.774994 -0.665576 14.693573 14.693573 
892.000000 272 2.000000 0.326134 10.093554 6.522654 -2.690324 49.782859 49.782859 
892.000000 273 2.000000 0.813352 17.593250 2.323860 1.883864 8.949272 8.949272 
892.000000 274 2.000000 0.327609 2.729427 -4.482599 9.098086 102.868864 102.868864 
892.000000 275 2.000000 0.204146 17.105012 4.082902 -1.694266 19.540630 19.540630 
892.000000 276 2.000000 0.000001 14.946668 2.974667 -6.723512 54.054254 54.054254 
892.000000 277 2.000000 0.105974 6.312187 -8.940247 -2.502461 86.190317 86.190317 
892.000000 278 2.000000 0.999999 3.713319 -1.872285 -1.228304 5.014182 5.014182 
892.000000 279 2.000000 0.692650 8.333836 1.768983 1.652049 5.858565 5.858565 
892.000000 280 2.000000 0.000001 7.880061 3.469206 2.296561 17.309584 17.309584 
892.000000 281 2.000000 0.000001 12.650116 4.209414 3.807602 32.216998 32.216998 
892.000000 282 2.000000 0.175332 1.215892 3.506624 3.956844 27.953026 27.953026 
892.000000 283 2.000000 0.806198 4.450877 0.188442 -4.269516 18.264276 18.264276 
892.000000 284 2.000000 0.735232 8.865214 4.901538 -0.319842 24.127374 24.127374 
892.000000 285 2.000000 0.419293 10.208937 8.385841 2.959539 79.081194 79.081194 
892.000000 286 2.000000 0.000001 16.141970 2.903206 -3.567392 21.154892 21.154892 
892.000000 287 2.000000 0.102884 10.821460 -1.794229 -0.583508 3.559740 3.559740 
892.000000 288 2.000000 0.240549 3.608011 -3.037799 0.749177 9.789490 9.789490 
892.000000 289 2.000000 0.661202 19.737348 0.195625 -5.253012 27.632406 27.632406 
892.000000 290 2.000000 0.263943 9.385977 2.639415 -0.235475 7.021962 7.021962 
892.000000 291 2.000000 0.490652 14.607311 -3.395649 -2.451222 17.538918 17.538918 
892.000000 292 2.000000 0.591010 19.027562 3.019236 5.111619 35.244435 35.244435 
892.000000 293 2.000000 0.981786 8.990004 2.805099 -2.316641 13.235404 13.235404 
892.000000 294 2.000000 0.546534 7.465403 -0.047154 -5.830045 33.991646 33.991646 
892.000000 295 2.000000 0.853629 8.252866 1.045120 2.937400 9.720596 9.720596 
892.000000 296 2.000000 0.422058 15.983659 1.406856 0.030861 1.980195 1.980195 
892.000000 297 2.000000 0.000001 1.520324 3.086009 1.216258 11.002735 11.002735 
892.000000 298 2.000000 0.586357 14.398598 -7.129410 4.772999 73.610008 73.610008 
892.000000 299 2.000000 0.747978 8.169938 0.577239 2.571530 6.945974 6.945974 
892.000000 300 2.000000 0.476030 1.684052 4.760290 -0.113262 22.673191 22.673191 
892.000000 301 2.000000 0.044373 17.758834 -2.736587 -0.227471 7.540650 7.540650 
892.000000 302 2.000000 0.462725 12.860481 1.850896 -2.775226 11.127696 11.127696 
892.000000 303 2.000000 0.754928 2.262443 3.019707 0.853752 9.847525 9.847525 
892.000000 304 2.000000 0.000001 13.886042 7.199045 -1.781583 55.000285 55.000285 
892.000000 305 2.000000 0.546727 17.666381 5.467262 -0.011334 29.891086 29.891086 
892.000000 306 2.000000 0.253773 15.878253 -3.731132 -2.161796 18.594710 18.594710 
892.000000 307 2.000000 0.322648 18.540465 0.537745 -0.729767 0.821729 0.821729 
892.000000 308 2.000000 0.095590 1.559130 -1.644380 2.398660 8.457555 8.457555 
892.000000 309 2.000000 0.763707 9.825587 2.182018 7.278212 57.733573 57.733573 
892.000000 310 2.000000 0.590316 13.610163 0.097154 0.339748 0.124867 0.124867 
892.000000 311 2.000000 0.146875 17.179206 -1.551134 1.124431 3.670362 3.670362 
892.000000 312 2.000000 0.182534 0.707906 1.825331 -11.357042 132.314228 132.314228 
892.000000 313 2.000000 0.780645 18.548303 5.204293 2.462167 33.146932 33.146932 
892.000000 314 2.000000 0.223226 11.702669 -0.114959 -0.146433 0.034658 0.034658 
892.000000 315 2.000000 0.654264 9.716124 -2.304899 -3.546164 17.887837 17.887837 
892.000000 316 2.000000 0.465316 7.395741 3.102100 -8.684138 85.037274 85.037274 
892.000000 317 2.000000 0.926324 9.435121 1.457807 -3.774381 16.371156 16.371156 
892.000000 318 2.000000 0.391996 7.891228 -1.351117 -0.321066 1.928600 1.928600 
892.000000 319 2.000000 0.646889 9.199354 -0.282488 3.999719 16.077548 16.077548 
892.000000 320 2.000000 0.266283 12.480157 2.662817 4.950051 31.593600 31.593600 
892.000000 321 2.000000 0.046087 11.183011 -1.316563 -1.650564 4.457698 4.457698 
892.000000 322 2.000000 0.165071 7.133344 0.825352 -0.741642 1.231240 1.231240 
892.000000 323 2.000000 0.156469 19.948359 3.129362 3.320491 20.818566 20.818566 
892.000000 324 2.000000 0.054263 13.794697 -2.702104 -3.643405 20.575767 20.575767 
892.000000 325 2.000000 0.979068 15.526085 1.958135 -8.134389 70.002583 70.002583 
892.000000 326 2.000000 0.186373 11.031971 0.931858 -2.218124 5.788435 5.788435 
892.000000 327 2.000000 0.042744 12.636407 -4.786275 1.983583 26.843028 26.843028 
892.000000 328 2.000000 0.999999 5.389649 -2.842556 5.673314 40.266613 40.266613 
892.000000 329 2.000000 0.511081 9.307472 -0.698455 2.295337 5.756411 5.756411 
892.000000 330 2.000000 0.205192 0.858721 -3.179226 -4.119150 27.074875 27.074875 
892.000000 331 2.000000 0.189676 6.445563 -1.800719 1.378511 5.142878 5.142878 
892.000000 332 2.000000 0.879314 13.094900 -1.206853 -4.932214 25.783227 25.783227 
892.000000 333 2.000000 0.521996 14.603671 0.208101 -2.163989 4.726153 4.726153 
892.000000 334 2.000000 0.399700 3.295548 0.666164 -5.169831 27.170924 27.170924 
892.000000 335 2.000000 0.511324 3.467533 2.556614 1.764532 9.649852 9.649852 
892.000000 336 2.000000 0.309357 19.867211 -4.604279 4.645282 42.778025 42.778025 
892.000000 337 2.000000 0.548025 1.065450 -1.807895 -5.925194 38.376413 38.376413 
892.000000 338 2.000000 0.671235 8.286211 -6.575286 0.756508 43.806684 43.806684 
892.000000 339 2.000000 0.510369 5.087952 -3.264202 -4.451357 30.469595 30.469595 
892.000000 340 2.000000 0.101945 1.475960 0.407776 -2.996149 9.143191 9.143191 
892.000000 341 2.000000 0.503438 19.275947 -1.986245 2.817293 11.882311 11.882311 
892.000000 342 2.000000 0.542199 17.480239 -0.246025 -3.228441 10.483358 10.483358 
892.000000 343 2.000000 0.546483 16.814392 3.643215 6.598255 56.809984 56.809984 
892.000000 344 2.000000 0.219106 9.311094 -2.352272 -2.790142 13.318076 13.318076 
892.000000 345 2.000000 0.000001 8.237174 3.821621 -1.908574 18.247443 18.247443 
892.000000 346 2.000000 0.765592 13.056723 1.913979 -2.986805 12.584318 12.584318 
892.000000 347 2.000000 0.703831 7.015240 4.692201 1.766590 25.137590 25.137590 
892.000000 348 2.000000 0.682157 5.954711 -6.356842 1.152142 41.736871 41.736871 
892.000000 349 2.000000 0.889114 2.217436 -1.108853 -6.572079 44.421772 44.421772 
892.000000 350 2.000000 0.000001 15.294440 5.877433 3.318281 45.555204 45.555204 
892.000000 351 2.000000 0.696692 8.360175 1.266711 0.316669 1.704836 1.704836 
892.000000 352 2.000000 0.052393 2.422979 -0.756449 -2.185063 5.346715 5.346715 
892.000000 353 2.000000 0.794342 12.260289 -4.113143 -1.825836 20.251620 20.251620 
892.000000 354 2.000000 0.541533 16.381449 3.610211 -3.741156 27.029875 27.029875 
892.000000 355 2.000000 0.999999 8.469541 -4.134901 -8.007086 81.210835 81.210835 
892.000000 356 2.000000 0.809024 7.541598 0.778036 -1.878730 4.134966 4.134966 
892.000000 357 2.000000 0.549117 15.695942 0.215340 -2.776811 7.757050 7.757050 
892.000000 358 2.000000 0.531728 11.299635 -3.121805 0.903593 10.562149 10.562149 
892.000000 359 2.000000 0.000001 0.775303 6.931771 3.857979 62.933449 62.933449 
892.000000 360 2.000000 0.000001 19.823629 9.779774 -1.175801 97.026493 97.026493 
892.000000 361 2.000000 0.082381 5.955718 -0.166599 -0.329801 0.136524 0.136524 
892.000000 362 2.000000 0.767403 10.282897 1.705339 -5.181463 29.755736 29.755736 
892.000000 363 2.000000 0.370997 19.371903 0.514686 -6.280963 39.715392 39.715392 
892.000000 364 2.000000 0.424892 4.249940 -5.751071 -2.157120 37.727981 37.727981 
892.000000 365 2.000000 0.664442 4.788273 -0.142947 -5.318941 28.311570 28.311570 
892.000000 366 2.000000 0.453523 17.753427 -1.821587 6.298909 42.994428 42.994428 
892.000000 367 2.000000 0.104520 17.044197 -0.134312 0.006035 0.018076 0.018076 
892.000000 368 2.000000 0.526943 1.994494 -1.892222 -6.425764 44.870948 44.870948 
892.000000 369 2.000000 0.415771 6.974289 1.385902 -4.189673 19.474086 19.474086 
892.000000 370 2.000000 0.632632 11.300678 -0.179203 -2.743986 7.561571 7.561571 
892.000000 371 2.000000 0.759746 5.907775 3.038980 -2.634756 16.177336 16.177336 
892.000000 372 2.000000 0.485483 2.638161 -0.181985 3.565459 12.745614 12.745614 
892.000000 373 2.000000 0.748850 7.629262 2.995394 3.244977 19.502264 19.502264 
892.000000 374 2.000000 0.001372 2.459266 -2.853220 -0.478868 8.370180 8.370180 
892.000000 375 2.000000 0.999999 4.425949 -3.154486 -3.078441 19.427585 19.427585 
892.000000 376 2.000000 0.000001 18.448339 4.425018 2.914223 28.073478 28.073478 
892.000000 377 2.000000 0.939085 7.571404 3.207866 0.184267 10.324356 10.324356 
892.000000 378 2.000000 0.800092 16.935687 -1.999068 1.807112 7.261926 7.261926 
892.000000 379 2.000000 0.210627 3.114013 -3.154580 8.133213 76.100529 76.100529 
892.000000 380 2.000000 0.206678 19.588210 2.066775 5.154792 30.843436 30.843436 
892.000000 381 2.000000 0.999999 14.080755 -4.442882 -0.489519 19.978833 19.978833 
892.000000 382 2.000000 0.422627 6.535597 -3.849146 -1.089917 16.003843 16.003843 
892.000000 383 2.000000 0.485183 12.518729 -5.148161 1.526236 28.832958 28.832958 
892.000000 384 2.000000 0.178813 14.076053 1.788115 6.256023 42.335182 42.335182 
892.000000 385 2.000000 0.684824 18.243505 1.141371 -0.878247 2.074045 2.074045 
892.000000 386 2.000000 0.374958 17.501782 1.249856 -0.439717 1.755491 1.755491 
892.000000 387 2.000000 0.999999 13.377646 -1.489975 -0.390114 2.372215 2.372215 
892.000000 388 2.000000 0.000001 9.568358 2.027095 -3.798536 18.537990 18.537990 
892.000000 389 2.000000 0.641304 2.637592 -0.896738 -3.287247 11.610134 11.610134 
892.000000 390 2.000000 0.314883 7.441272 1.259529 -0.460365 1.798350 1.798350 
892.000000 391 2.000000 0.804369 0.346119 -0.124674 -1.475440 2.192466 2.192466 
892.000000 392 2.000000 0.349466 10.789406 2.329768 3.559603 18.098592 18.098592 
892.000000 393 2.000000 0.999999 13.103118 -2.443046 -0.959699 6.889499 6.889499 
892.000000 394 2.000000 0.069678 10.853234 -4.651604 2.342528 27.124861 27.124861 
892.000000 395 2.000000 0.310139 13.876381 -3.449302 -6.359445 52.340228 52.340228 
892.000000 396 2.000000 0.884828 16.168276 -2.303420 0.968551 6.243835 6.243835 
892.000000 397 2.000000 0.777222 13.494591 -0.342734 2.244896 5.157026 5.157026 
892.000000 398 2.000000 0.730659 1.371033 -2.693400 -0.148636 7.276499 7.276499 
892.000000 399 2.000000 0.468537 5.581656 -0.018927 2.278227 5.190675 5.190675 
892.000000 400 2.000000 0.120564 5.828250 -0.977150 -0.224709 1.005315 1.005315 
892.000000 401 2.000000 0.224019 13.547230 4.480361 0.410835 20.242418 20.242418 
892.000000 402 2.000000 0.179234 19.282448 -2.345043 -3.587753 18.371196 18.371196 
892.000000 403 2.000000 0.403247 18.962274 4.032456 2.017464 20.330862 20.330862 
892.000000 404 2.000000 0.512459 12.015555 -2.437698 0.316403 6.042484 6.042484 
892.000000 405 2.000000 0.878905 11.960216 -2.421871 2.549535 12.365586 12.365586 
892.000000 406 2.000000 0.720485 12.762966 4.803226 -4.815454 46.259571 46.259571 
892.000000 407 2.000000 0.999999 1.852838 -1.997837 1.544031 6.375383 6.375383 
892.000000 408 2.000000 0.313977 3.681248 6.279513 -3.340929 50.594094 50.594094 
892.000000 409 2.000000 0.000001 15.302127 8.911088 -5.881949 114.004819 114.004819 
892.000000 410 2.000000 0.796447 14.064437 0.431909 -0.351653 0.310205 0.310205 
892.000000 411 2.000000 0.806315 6.128646 8.063139 -2.639826 71.982891 71.982891 
892.000000 412 2.000000 0.287434 16.635887 2.874329 0.791919 8.888900 8.888900 
892.000000 413 2.000000 0.434137 12.895206 4.341365 5.982262 54.634912 54.634912 
892.000000 414 2.000000 0.651143 14.454071 -1.744279 5.606361 34.473799 34.473799 
892.000000 415 2.000000 0.188642 13.263987 3.772820 4.019072 30.387115 30.387115 
892.000000 416 2.000000 0.460246 1.043013 -2.159011 -0.739417 5.208064 5.208064 
892.000000 417 2.000000 0.277816 19.124986 1.111262 -1.944473 5.015878 5.015878 
892.000000 418 2.000000 0.634042 0.266007 -1.463828 0.532011 2.425829 2.425829 
892.000000 419 2.000000 0.211298 5.315401 -2.629003 -1.291145 8.578711 8.578711 
892.000000 420 2.000000 0.726733 18.114842 1.014822 3.523644 13.445935 13.445935 
892.000000 421 2.000000 0.000001 4.814748 2.792258 -1.413903 9.795828 9.795828 
892.000000 422 2.000000 0.099643 4.604138 -3.601423 2.714041 20.336265 20.336265 
892.000000 423 2.000000 0.594310 13.516633 -4.056890 1.476413 18.638151 18.638151 
892.000000 424 2.000000 0.390135 10.340704 -0.678847 -0.159822 0.486376 0.486376 
892.000000 425 2.000000 0.039654 12.101003 -3.201152 -3.715294 24.050779 24.050779 
892.000000 426 2.000000 0.132216 12.108046 -5.785221 3.561190 46.150859 46.150859 
892.000000 427 2.000000 0.351225 8.616665 -6.487742 -3.696696 55.756358 55.756358 
892.000000 428 2.000000 0.111956 0.280214 -4.440215 -0.653667 20.142788 20.142788 
892.000000 429 2.000000 0.346973 6.725355 -1.729401 3.255064 13.586267 13.586267 
892.000000 430 2.000000 0.623796 8.727691 1.559486 -3.436253 14.239831 14.239831 
892.000000 431 2.000000 0.934768 1.110690 1.438103 2.468197 8.160138 8.160138 
892.000000 432 2.000000 0.196412 16.760991 -5.357244 -1.270199 30.313471 30.313471 
892.000000 433 2.000000 0.029715 2.067172 -2.772240 -1.457366 9.809232 9.809232 
892.000000 434 2.000000 0.440467 16.847537 -3.730215 -3.957944 29.579825 29.579825 
892.000000 435 2.000000 0.881124 17.788681 3.524490 3.194231 22.625146 22.625146 
892.000000 436 2.000000 0.000001 8.919609 1.578537 6.371148 43.083308 43.083308 
892.000000 437 2.000000 0.999999 17.820816 -2.877377 -1.743346 11.318554 11.318554 
892.000000 438 2.000000 0.000001 10.975207 2.159981 -2.626914 11.566194 11.566194 
892.000000 439 2.000000 0.219429 0.649486 -0.158694 1.315101 1.754673 1.754673 
892.000000 440 2.000000 0.126773 17.756700 2.535434 -1.992459 10.398317 10.398317 
892.000000 441 2.000000 0.999999 3.301855 -1.565217 -2.013720 6.504972 6.504972 
892.000000 442 2.000000 0.656042 9.160804 1.457868 0.093018 2.134031 2.134031 
892.000000 443 2.000000 0.596779 19.020077 4.880115 0.567337 24.137393 24.137393 
892.000000 444 2.000000 0.999999 17.211381 -4.528347 0.312308 20.603463 20.603463 
892.000000 445 2.000000 0.503182 6.829117 1.257953 2.815890 9.511686 9.511686 
892.000000 446 2.000000 0.240102 15.713178 -1.899742 -4.082686 20.277346 20.277346 
892.000000 447 2.000000 0.706030 7.443476 -1.469843 -3.216826 12.508407 12.508407 
892.000000 448 2.000000 0.000001 17.362835 6.904347 -1.203942 49.119490 49.119490 
892.000000 449 2.000000 0.810962 0.739850 -1.260246 2.113855 6.056601 6.056601 
892.000000 450 2.000000 0.836446 11.953320 -3.271055 -2.104357 15.128120 15.128120 
892.000000 451 2.000000 0.322056 8.506472 -1.708528 -1.189232 4.333340 4.333340 
892.000000 452 2.000000 0.572175 12.077093 1.144347 -1.545605 3.698424 3.698424 
892.000000 453 2.000000 0.699847 5.634704 -6.003041 -4.633966 57.510144 57.510144 
892.000000 454 2.000000 0.328877 15.281867 -0.753618 2.048535 4.764437 4.764437 
892.000000 455 2.000000 0.192272 8.860829 -1.453336 -1.348321 3.930154 3.930154 
892.000000 456 2.000000 0.437447 7.337977 -0.311992 0.163405 0.124040 0.124040 
892.000000 457 2.000000 0.876167 4.527268 -2.476632 7.189569 57.823614 57.823614 
892.000000 458 2.000000 0.195640 13.238532 0.978194 2.877942 9.239411 9.239411 
892.000000 459 2.000000 0.270681 10.854417 -7.293181 -3.503810 65.467173 65.467173 
892.000000 460 2.000000 0.259766 11.646539 -2.477301 -5.637059 37.913454 37.913454 
892.000000 461 2.000000 0.567197 10.952188 -4.328018 -3.314958 29.720683 29.720683 
892.000000 462 2.000000 0.753714 6.567770 0.942142 1.410733 2.877797 2.877797 
892.000000 463 2.000000 0.231717 5.962826 4.634315 -3.478218 33.574873 33.574873 
892.000000 464 2.000000 0.810566 13.033300 2.026413 0.042571 4.108162 4.108162 
892.000000 465 2.000000 0.886336 2.880068 -2.273268 4.398227 24.512146 24.512146 
892.000000 466 2.000000 0.615665 10.085080 -7.686687 -2.317956 64.458073 64.458073 
892.000000 467 2.000000 0.342131 3.235765 3.421298 0.694170 12.187149 12.187149 
892.000000 468 2.000000 0.183606 8.415050 -0.319769 2.829161 8.106404 8.106404 
892.000000 469 2.000000 0.466709 8.057817 -1.066580 5.942754 36.453917 36.453917 
892.000000 470 2.000000 0.874396 3.693208 -1.256034 -5.756264 34.712202 34.712202 
892.000000 471 2.000000 0.832505 16.823830 2.081260 0.638043 4.738743 4.738743 
892.000000 472 2.000000 0.116003 8.231738 -0.162201 3.658550 13.411296 13.411296 
892.000000 473 2.000000 0.799152 10.548069 7.991510 0.288267 63.947335 63.947335 
892.000000 474 2.000000 0.581525 14.405412 3.142181 5.714358 42.527190 42.527190 
892.000000 475 2.000000 0.165059 15.593958 -2.385544 2.518389 12.033104 12.033104 
892.000000 476 2.000000 0.004550 8.522638 -2.701374 -1.813734 10.587052 10.587052 
892.000000 477 2.000000 0.924205 12.810271 -1.515889 -1.917261 5.973810 5.973810 
892.000000 478 2.000000 0.441404 4.050701 -0.215799 3.191097 10.229668 10.229668 
892.000000 479 2.000000 0.999999 19.082808 -1.642776 4.625860 24.097290 24.097290 
892.000000 480 2.000000 0.028662 7.053999 0.573221 -1.147883 1.646218 1.646218 
892.000000 481 2.000000 0.248317 2.127844 -5.219090 -0.061132 27.242641 27.242641 
892.000000 482 2.000000 0.029853 16.271204 -4.850730 5.862031 57.892988 57.892988 
892.000000 483 2.000000 0.700987 15.116938 14.019711 -2.172022 201.269979 201.269979 
892.000000 484 2.000000 0.497956 12.977351 -5.020433 -0.904112 26.022167 26.022167 
892.000000 485 2.000000 0.030202 8.860717 0.604026 0.339983 0.480436 0.480436 
892.000000 486 2.000000 0.999999 8.272966 -1.868171 0.877963 4.260881 4.260881 
892.000000 487 2.000000 0.090674 17.050280 -1.914503 -0.669680 4.113792 4.113792 
892.000000 488 2.000000 0.196875 14.953751 0.492186 5.340625 28.764522 28.764522 
892.000000 489 2.000000 0.999999 16.171249 -3.474159 8.844859 90.301302 90.301302 
892.000000 490 2.000000 0.999999 2.738359 -4.896830 2.281965 29.186309 29.186309 
892.000000 491 2.000000 0.085309 16.898547 0.853084 -1.382779 2.639831 2.639831 
892.000000 492 2.000000 0.546170 2.125096 -1.296655 0.071648 1.686447 1.686447 
892.000000 493 2.000000 0.554222 7.518262 -4.457772 2.141634 24.458326 24.458326 
892.000000 494 2.000000 0.591618 17.917951 11.832333 -3.203151 150.264270 150.264270 
892.000000 495 2.000000 0.744385 3.571110 -0.730326 -7.301728 53.848614 53.848614 
892.000000 496 2.000000 0.842853 12.588351 -0.078406 -1.911192 3.658801 3.658801 
892.000000 497 2.000000 0.513835 16.776470 -9.723277 7.457378 150.154598 150.154598 
892.000000 498 2.000000 0.666188 0.442809 1.480415 -0.098007 2.201233 2.201233 
892.000000 499 2.000000 0.344513 13.857248 -0.037882 4.159023 17.298906 17.298906 
892.000000 500 2.000000 0.675520 17.641644 4.503462 -4.287918 38.667414 38.667414 
