659.500000 1 2.000000 0.183626 8.158282 0.734500 -1.799819 3.778840 3.778840 
659.500000 2 2.000000 0.999999 17.786790 -4.447510 0.142790 19.800735 19.800735 
659.500000 3 2.000000 0.764666 18.818474 -4.706666 -1.717956 25.104077 25.104077 
659.500000 4 2.000000 0.345456 15.733163 -1.309086 1.888672 5.280789 5.280789 
659.500000 5 2.000000 0.237244 4.900912 -5.085035 1.327760 27.620526 27.620526 
659.500000 6 2.000000 0.566379 0.202672 1.025999 -1.193815 2.477870 2.477870 
659.500000 7 2.000000 0.112428 11.449913 -4.437856 3.218277 30.051871 30.051871 
659.500000 8 2.000000 0.749579 8.844343 3.747891 -1.258641 15.630863 15.630863 
659.500000 9 2.000000 0.999999 15.318011 -6.057680 3.187054 46.852801 46.852801 
659.500000 10 2.000000 0.300348 4.814148 -4.664340 -2.736513 29.244577 29.244577 
659.500000 11 2.000000 0.592778 4.709530 1.440525 -5.424467 31.499952 31.499952 
659.500000 12 2.000000 0.748800 4.438586 -1.255994 1.542167 3.955801 3.955801 
659.500000 13 2.000000 0.141174 19.822678 0.941154 -3.546417 13.462843 13.462843 
659.500000 14 2.000000 0.140627 0.677146 2.812524 -4.445848 27.675858 27.675858 
659.500000 15 2.000000 0.055835 3.770717 -1.716661 -5.110713 29.066318 29.066318 
659.500000 16 2.000000 0.238688 2.305138 -3.806554 -0.706728 14.989318 14.989318 
659.500000 17 2.000000 0.739531 14.003452 -0.434113 5.797058 33.794332 33.794332 
659.500000 18 2.000000 0.917605 9.072675 2.272102 6.091296 42.266333 42.266333 
659.500000 19 2.000000 0.915335 13.679205 0.416061 1.520908 2.486269 2.486269 
659.500000 20 2.000000 0.706169 11.839517 0.208301 2.531341 6.451077 6.451077 
659.500000 21 2.000000 0.127553 14.282420 -1.938769 -0.419322 3.934656 3.934656 
659.500000 22 2.000000 0.144852 0.035942 2.897028 -2.047655 12.585661 12.585661 
659.500000 23 2.000000 0.317204 13.808068 3.172034 0.994556 11.050940 11.050940 
659.500000 24 2.000000 0.278185 17.036660 5.563687 -0.880000 31.729007 31.729007 
659.500000 25 2.000000 0.348680 4.654390 6.973576 1.758077 51.721597 51.721597 
659.500000 26 2.000000 0.508463 16.764090 -0.113031 -1.781981 3.188233 3.188233 
659.500000 27 2.000000 0.000001 10.923255 4.728844 -2.630940 29.283816 29.283816 
659.500000 28 2.000000 0.493921 4.465733 -0.097611 -1.630532 2.668163 2.668163 
659.500000 29 2.000000 0.875847 15.303474 1.459744 -3.749824 16.192028 16.192028 
659.500000 30 2.000000 0.206156 4.302379 -1.209021 -6.507816 43.813404 43.813404 
659.500000 31 2.000000 0.786805 12.565752 -4.263874 4.832981 41.538328 41.538328 
659.500000 32 2.000000 0.085025 2.649400 -6.099827 -1.289295 38.870172 38.870172 
659.500000 33 2.000000 0.290801 18.204414 -5.879946 -1.735958 37.587314 37.587314 
659.500000 34 2.000000 0.169369 11.524714 -0.437174 0.300097 0.281179 0.281179 
659.500000 35 2.000000 0.942459 14.974529 2.291762 -0.997534 6.247246 6.247246 
659.500000 36 2.000000 0.300825 11.438057 -4.551052 0.987921 21.688066 21.688066 
659.500000 37 2.000000 0.118314 6.409439 -1.175580 6.104227 38.643573 38.643573 
659.500000 38 2.000000 0.265138 9.573988 -2.099603 0.796359 5.042519 5.042519 
659.500000 39 2.000000 0.928538 1.175977 -1.429225 3.919919 17.408446 17.408446 
659.500000 40 2.000000 0.701778 8.521783 1.403554 -2.161554 6.642278 6.642278 
659.500000 41 2.000000 0.483208 7.240130 1.932828 9.962625 102.989712 102.989712 
659.500000 42 2.000000 0.205955 17.597623 -1.134349 -3.431966 13.065137 13.065137 
659.500000 43 2.000000 0.961542 14.712443 2.136759 1.852542 7.997650 7.997650 
659.500000 44 2.000000 0.222765 2.860225 -1.554469 0.565855 2.736566 2.736566 
659.500000 45 2.000000 0.891059 7.611627 0.127876 1.659028 2.768727 2.768727 
659.500000 46 2.000000 0.563870 14.302880 1.490962 5.469872 32.142466 32.142466 
659.500000 47 2.000000 0.197489 1.801325 -0.802510 -6.787773 46.717887 46.717887 
659.500000 48 2.000000 0.216100 1.988279 -1.959747 -1.454416 5.955933 5.955933 
659.500000 49 2.000000 0.101817 18.518184 1.018165 0.338213 1.151047 1.151047 
659.500000 50 2.000000 0.800418 6.250306 4.002084 0.619407 16.400343 16.400343 
659.500000 51 2.000000 0.989329 2.708301 1.163916 0.495906 1.600623 1.600623 
659.500000 52 2.000000 0.429696 7.903539 -0.169071 1.396924 1.979982 1.979982 
659.500000 53 2.000000 0.625767 4.531411 2.503062 1.325023 8.021006 8.021006 
659.500000 54 2.000000 0.895591 17.321592 0.685676 0.535981 0.757428 0.757428 
659.500000 55 2.000000 0.999999 8.775935 -3.242217 4.142859 27.675253 27.675253 
659.500000 56 2.000000 0.140882 0.127126 2.817621 -5.227660 35.267411 35.267411 
659.500000 57 2.000000 0.172702 18.665935 -2.363707 -0.232169 5.641012 5.641012 
659.500000 58 2.000000 0.995112 5.532940 6.634074 -5.693392 76.425652 76.425652 
659.500000 59 2.000000 0.346413 8.449879 4.595772 -1.867232 24.607674 24.607674 
659.500000 60 2.000000 0.252163 8.234047 1.260810 4.327215 20.314435 20.314435 
659.500000 61 2.000000 0.999999 0.262882 -3.041942 5.257620 36.895979 36.895979 
659.500000 62 2.000000 0.737730 8.979826 2.950916 1.979942 12.628075 12.628075 
659.500000 63 2.000000 0.458375 19.031038 -0.059869 -2.153247 4.640059 4.640059 
659.500000 64 2.000000 0.486625 14.430156 -2.053497 -2.587251 10.910714 10.910714 
659.500000 65 2.000000 0.937548 5.883051 2.975068 4.193581 26.437147 26.437147 
659.500000 66 2.000000 0.863917 10.498637 0.346897 3.050096 9.423421 9.423421 
659.500000 67 2.000000 0.792946 16.282973 7.929450 -1.517153 65.177937 65.177937 
659.500000 68 2.000000 0.886783 8.327983 -2.264322 2.722933 12.541520 12.541520 
659.500000 69 2.000000 0.371535 19.923315 2.476895 -0.766838 6.723049 6.723049 
659.500000 70 2.000000 0.999999 5.060188 -2.595310 -4.940451 31.143692 31.143692 
659.500000 71 2.000000 0.863200 11.208692 -2.735979 -3.201626 17.735996 17.735996 
659.500000 72 2.000000 0.492871 11.225215 -10.142556 4.487903 123.012705 123.012705 
659.500000 73 2.000000 0.521066 2.328017 -1.915732 -5.402992 32.862348 32.862348 
659.500000 74 2.000000 0.132968 1.856586 2.659341 -0.342962 7.189718 7.189718 
659.500000 75 2.000000 0.513458 7.427219 -0.220700 4.616219 21.358185 21.358185 
659.500000 76 2.000000 0.588749 16.139117 5.887484 -1.591261 37.194576 37.194576 
659.500000 77 2.000000 0.025202 15.716159 0.504018 1.149823 1.576128 1.576128 
659.500000 78 2.000000 0.553504 8.190337 -2.232477 -5.481473 35.030502 35.030502 
659.500000 79 2.000000 0.320140 10.568542 6.402782 -0.789462 41.618868 41.618868 
659.500000 80 2.000000 0.160322 7.176137 3.206422 -3.402046 21.855063 21.855063 
659.500000 81 2.000000 0.291997 9.961482 5.839919 2.901267 42.521997 42.521997 
659.500000 82 2.000000 0.525965 2.010571 -3.160224 -7.051977 59.717399 59.717399 
659.500000 83 2.000000 0.490407 6.331478 0.980812 4.882067 24.796574 24.796574 
659.500000 84 2.000000 0.568814 11.878734 1.422032 3.234872 12.486571 12.486571 
659.500000 85 2.000000 0.223958 7.214392 1.493049 3.094117 11.802753 11.802753 
659.500000 86 2.000000 0.000001 4.995211 7.468514 0.712307 56.286089 56.286089 
659.500000 87 2.000000 0.229215 11.384756 -5.138562 0.102405 26.415302 26.415302 
659.500000 88 2.000000 0.125662 4.922953 1.256605 4.275413 19.858211 19.858211 
659.500000 89 2.000000 0.334020 16.733604 -0.887972 -1.814664 4.081501 4.081501 
659.500000 90 2.000000 0.363077 16.604620 0.558578 -2.716303 7.690311 7.690311 
659.500000 91 2.000000 0.595845 15.937807 -1.347178 4.251689 19.891751 19.891751 
659.500000 92 2.000000 0.000001 18.270874 1.647959 8.881840 81.602842 81.602842 
659.500000 93 2.000000 0.999999 1.917937 -1.658991 -0.791131 3.378139 3.378139 
659.500000 94 2.000000 0.652749 2.950118 2.175828 0.469611 4.954763 4.954763 
659.500000 95 2.000000 0.949881 7.604089 0.379401 0.254959 0.208949 0.208949 
659.500000 96 2.000000 0.412475 15.460356 1.031185 -0.521371 1.335170 1.335170 
659.500000 97 2.000000 0.745196 3.284557 -1.019213 -6.307714 40.826050 40.826050 
659.500000 98 2.000000 0.785196 12.790727 -4.296070 0.595463 18.810791 18.810791 
659.500000 99 2.000000 0.000001 14.162616 1.982805 0.240637 3.989423 3.989423 
659.500000 100 2.000000 0.354212 8.433989 4.797860 4.012436 39.119108 39.119108 
659.500000 101 2.000000 0.248290 4.705705 2.482888 2.679291 13.343331 13.343331 
659.500000 102 2.000000 0.077248 14.886709 -3.691005 4.193439 31.208451 31.208451 
659.500000 103 2.000000 0.732735 8.445581 3.663670 0.429513 13.606956 13.606956 
659.500000 104 2.000000 0.740934 4.080458 3.729185 3.451309 25.818351 25.818351 
659.500000 105 2.000000 0.792923 1.563220 -1.035381 -2.963161 9.852334 9.852334 
659.500000 106 2.000000 0.953339 2.727310 4.766692 3.896155 37.901377 37.901377 
659.500000 107 2.000000 0.000001 8.351641 11.225316 -0.318386 126.109088 126.109088 
659.500000 108 2.000000 0.217584 11.556368 4.351669 -1.050231 20.040008 20.040008 
659.500000 109 2.000000 0.743539 6.444182 -1.709736 -3.932416 18.387094 18.387094 
659.500000 110 2.000000 0.400554 6.741440 -1.347983 -0.688389 2.290938 2.290938 
659.500000 111 2.000000 0.193667 16.067964 3.873312 4.476882 35.045019 35.045019 
659.500000 112 2.000000 0.000001 1.875077 6.736677 -3.101142 54.999894 54.999894 
659.500000 113 2.000000 0.291103 11.441845 -4.836083 0.581796 23.726186 23.726186 
659.500000 114 2.000000 0.461592 4.899107 3.077275 2.648166 16.482405 16.482405 
659.500000 115 2.000000 0.476234 7.927453 3.174890 -0.882299 10.858374 10.858374 
659.500000 116 2.000000 0.599958 1.728083 5.999565 0.890291 36.787404 36.787404 
659.500000 117 2.000000 0.295806 12.627041 2.958045 -0.337811 8.864149 8.864149 
659.500000 118 2.000000 0.657947 15.762008 -6.841042 2.078142 51.118525 51.118525 
659.500000 119 2.000000 0.235930 17.051014 1.648707 -6.614366 46.468073 46.468073 
659.500000 120 2.000000 0.486330 13.499626 -5.136687 -2.083537 30.726684 30.726684 
659.500000 121 2.000000 0.464166 6.286890 -0.965788 -0.062812 0.936691 0.936691 
659.500000 122 2.000000 0.000001 6.068549 5.268289 0.594497 28.108298 28.108298 
659.500000 123 2.000000 0.881089 8.709706 -1.189104 0.152372 1.437185 1.437185 
659.500000 124 2.000000 0.000001 7.006723 4.858992 0.347131 23.730305 23.730305 
659.500000 125 2.000000 0.000001 6.195768 1.825741 1.724379 6.306814 6.306814 
659.500000 126 2.000000 0.042472 19.974958 -3.830107 1.280121 16.308429 16.308429 
659.500000 127 2.000000 0.537357 16.833385 1.791186 6.597111 46.730218 46.730218 
659.500000 128 2.000000 0.911426 11.387042 3.038084 -1.206400 10.685358 10.685358 
659.500000 129 2.000000 0.049952 4.109208 -1.900094 3.913530 18.926078 18.926078 
659.500000 130 2.000000 0.455853 5.464446 -3.627638 -5.341045 41.686520 41.686520 
659.500000 131 2.000000 0.569530 8.932838 0.759372 -0.568662 0.900022 0.900022 
659.500000 132 2.000000 0.000001 11.938011 4.003316 -2.909427 24.491301 24.491301 
659.500000 133 2.000000 0.581174 2.186615 2.324694 -2.305366 10.718913 10.718913 
659.500000 134 2.000000 0.206654 2.772802 0.049858 4.748962 22.555122 22.555122 
659.500000 135 2.000000 0.034007 7.466168 -0.153182 -1.014078 1.051819 1.051819 
659.500000 136 2.000000 0.884085 4.881365 2.946947 0.135968 8.702982 8.702982 
659.500000 137 2.000000 0.204389 19.999999 -0.139139 -4.447646 19.800912 19.800912 
659.500000 138 2.000000 0.581156 14.486883 1.162310 5.571878 32.396786 32.396786 
659.500000 139 2.000000 0.302038 7.490811 -6.979609 6.513748 91.143858 91.143858 
659.500000 140 2.000000 0.999999 4.851955 -3.022121 -1.653037 11.865744 11.865744 
659.500000 141 2.000000 0.000001 3.450191 3.139064 8.276099 78.347544 78.347544 
659.500000 142 2.000000 0.695039 17.406560 3.475192 3.264206 22.732002 22.732002 
659.500000 143 2.000000 0.221138 17.047496 -1.630446 -1.003813 3.665995 3.665995 
659.500000 144 2.000000 0.536479 10.901738 0.825351 1.526193 3.010468 3.010468 
659.500000 145 2.000000 0.709886 0.668245 -0.141518 6.682436 44.674983 44.674983 
659.500000 146 2.000000 0.905771 13.583096 3.019233 -1.877393 12.640370 12.640370 
659.500000 147 2.000000 0.737054 15.474315 -2.629449 2.375048 12.554857 12.554857 
659.500000 148 2.000000 0.771107 17.836212 3.084423 0.710056 10.017846 10.017846 
659.500000 149 2.000000 0.540554 17.232772 -0.918889 -7.906363 63.354929 63.354929 
659.500000 150 2.000000 0.202973 0.767396 -1.801716 -0.555491 3.554749 3.554749 
659.500000 151 2.000000 0.401003 16.176867 -1.711418 8.712121 78.830000 78.830000 
659.500000 152 2.000000 0.666268 19.435722 6.662668 5.020653 69.598112 69.598112 
659.500000 153 2.000000 0.352755 8.056710 1.175846 -1.492672 3.610682 3.610682 
659.500000 154 2.000000 0.722203 4.345453 2.342127 2.768688 13.151190 13.151190 
659.500000 155 2.000000 0.966090 5.018668 9.660887 0.945051 94.225864 94.225864 
659.500000 156 2.000000 0.390488 6.750094 -5.695875 -0.388533 32.593954 32.593954 
659.500000 157 2.000000 0.368150 7.733303 3.681494 5.333312 41.997611 41.997611 
659.500000 158 2.000000 0.210844 11.283548 4.216868 -3.557735 30.439457 30.439457 
659.500000 159 2.000000 0.779260 8.087403 -4.414780 -2.247948 24.543551 24.543551 
659.500000 160 2.000000 0.898476 0.598306 2.232866 -0.641448 5.397146 5.397146 
659.500000 161 2.000000 0.965478 5.606891 9.654775 5.675039 125.420747 125.420747 
659.500000 162 2.000000 0.999999 7.213564 -4.336061 -1.090726 19.991110 19.991110 
659.500000 163 2.000000 0.056238 3.469557 0.562370 -0.270557 0.389461 0.389461 
659.500000 164 2.000000 0.498426 5.253397 -5.015733 -0.752565 25.723935 25.723935 
659.500000 165 2.000000 0.733563 15.598034 1.047945 1.569139 3.560385 3.560385 
659.500000 166 2.000000 0.121333 16.930692 -1.171555 0.945187 2.265921 2.265921 
659.500000 167 2.000000 0.999999 10.127288 -5.917191 4.825431 58.297933 58.297933 
659.500000 168 2.000000 0.980759 14.374601 3.923030 0.378339 15.533306 15.533306 
659.500000 169 2.000000 0.850025 14.719307 4.250119 -3.350249 29.287684 29.287684 
659.500000 170 2.000000 0.351551 15.874749 2.343667 -0.956147 6.406994 6.406994 
659.500000 171 2.000000 0.000001 3.353265 5.061123 -2.404232 31.395293 31.395293 
659.500000 172 2.000000 0.226419 7.165186 1.132091 -0.955404 2.194427 2.194427 
659.500000 173 2.000000 0.473539 9.254182 -3.509733 -1.923913 16.019665 16.019665 
659.500000 174 2.000000 0.698969 15.861567 -2.006864 -6.897387 51.601453 51.601453 
659.500000 175 2.000000 0.810007 11.396136 -3.799832 -3.184937 24.582548 24.582548 
659.500000 176 2.000000 0.781584 13.188527 -1.092073 -6.761637 46.912358 46.912358 
659.500000 177 2.000000 0.657077 4.818086 -1.714608 1.535788 5.298526 5.298526 
659.500000 178 2.000000 0.717265 17.728656 2.390878 2.441088 11.675213 11.675213 
659.500000 179 2.000000 0.935433 4.468563 1.292508 -9.407228 90.166521 90.166521 
659.500000 180 2.000000 0.999999 8.085006 -1.268900 3.773649 15.850531 15.850531 
659.500000 181 2.000000 0.538627 10.065027 10.772528 -0.328577 116.155331 116.155331 
659.500000 182 2.000000 0.432050 3.904848 0.470634 -1.388745 2.150108 2.150108 
659.500000 183 2.000000 0.216506 16.643343 2.165051 -1.127986 5.959799 5.959799 
659.500000 184 2.000000 0.669673 19.585247 1.674180 0.914196 3.638633 3.638633 
659.500000 185 2.000000 0.330241 4.960181 -4.465054 4.889860 43.847434 43.847434 
659.500000 186 2.000000 0.150960 0.454870 1.509593 -2.264150 7.405248 7.405248 
659.500000 187 2.000000 0.000001 19.615505 3.894279 -1.922468 18.861293 18.861293 
659.500000 188 2.000000 0.063780 8.516252 1.275576 -2.954379 10.355448 10.355448 
659.500000 189 2.000000 0.099366 5.122537 1.987299 4.489783 24.107506 24.107506 
659.500000 190 2.000000 0.736713 6.744509 4.911415 5.395607 53.234566 53.234566 
659.500000 191 2.000000 0.316895 4.285475 -4.554028 -3.173562 30.810670 30.810670 
659.500000 192 2.000000 0.283509 8.979915 0.945028 5.128946 27.199160 27.199160 
659.500000 193 2.000000 0.644079 11.451793 -2.372799 -2.364287 11.220029 11.220029 
659.500000 194 2.000000 0.744914 8.865404 -5.101693 -1.134832 27.315116 27.315116 
659.500000 195 2.000000 0.619865 18.507099 -7.602678 2.411619 63.616611 63.616611 
659.500000 196 2.000000 0.197513 7.960227 3.950246 5.122752 41.847038 41.847038 
659.500000 197 2.000000 0.538300 7.220887 -1.538996 2.263259 7.490851 7.490851 
659.500000 198 2.000000 0.219613 9.310579 -3.901928 -4.395290 34.543621 34.543621 
659.500000 199 2.000000 0.571525 3.850038 11.430477 -3.301379 141.554898 141.554898 
659.500000 200 2.000000 0.342025 16.216133 1.710120 1.337033 4.712166 4.712166 
659.500000 201 2.000000 0.410057 8.594025 4.100561 -2.783455 24.562222 24.562222 
659.500000 202 2.000000 0.644124 15.733333 0.212258 -3.257759 10.658047 10.658047 
659.500000 203 2.000000 0.783323 5.709220 3.320620 4.580530 32.007774 32.007774 
659.500000 204 2.000000 0.454481 0.430090 0.663515 8.601786 74.430978 74.430978 
659.500000 205 2.000000 0.547409 14.130351 0.782012 1.520885 2.924634 2.924634 
659.500000 206 2.000000 0.084484 2.750013 -0.871919 1.964294 4.618693 4.618693 
659.500000 207 2.000000 0.276656 9.389965 0.790442 -2.620711 7.492924 7.492924 
659.500000 208 2.000000 0.694926 13.717631 -3.050727 -1.795610 12.531151 12.531151 
659.500000 209 2.000000 0.600416 2.448870 0.545832 -7.022335 49.611124 49.611124 
659.500000 210 2.000000 0.966704 19.944793 1.487236 4.309235 20.781373 20.781373 
659.500000 211 2.000000 0.702119 15.700393 3.510591 -0.252189 12.387849 12.387849 
659.500000 212 2.000000 0.874036 19.061625 4.370173 0.785581 19.715553 19.715553 
659.500000 213 2.000000 0.446799 19.159222 -1.843999 -0.437631 3.591854 3.591854 
659.500000 214 2.000000 0.665208 13.489516 -0.446387 -1.433291 2.253586 2.253586 
659.500000 215 2.000000 0.116598 18.066971 -4.417004 -0.416885 19.683717 19.683717 
659.500000 216 2.000000 0.361422 4.282549 0.032527 -5.196568 27.005373 27.005373 
659.500000 217 2.000000 0.516773 14.824359 1.033544 0.684417 1.536639 1.536639 
659.500000 218 2.000000 0.403354 6.138168 -2.983224 0.510346 9.160080 9.160080 
659.500000 219 2.000000 0.571793 4.238306 3.811948 -3.287734 25.340145 25.340145 
659.500000 220 2.000000 0.675472 15.265152 1.501046 -0.307370 2.347615 2.347615 
659.500000 221 2.000000 0.582658 3.574463 -8.346821 -3.099178 79.274322 79.274322 
659.500000 222 2.000000 0.215651 15.329367 4.312996 3.316295 29.599750 29.599750 
659.500000 223 2.000000 0.526098 1.761713 1.315242 -5.838658 35.819786 35.819786 
659.500000 224 2.000000 0.166029 12.439309 3.320554 -1.473619 13.197629 13.197629 
659.500000 225 2.000000 0.770757 15.384980 5.138373 -0.075643 26.408595 26.408595 
659.500000 226 2.000000 0.744813 9.407569 -5.103719 0.293115 26.133865 26.133865 
659.500000 227 2.000000 0.710465 4.510994 -5.790683 5.638741 65.327413 65.327413 
659.500000 228 2.000000 0.197815 11.814819 -8.021844 2.825698 72.334542 72.334542 
659.500000 229 2.000000 0.000001 17.248311 3.713615 2.961774 22.563035 22.563035 
659.500000 230 2.000000 0.935344 14.076649 -0.646553 3.607363 13.431097 13.431097 
659.500000 231 2.000000 0.721203 8.241107 1.311277 -7.126602 52.507897 52.507897 
659.500000 232 2.000000 0.098683 2.928936 -6.008775 1.301749 37.799927 37.799927 
659.500000 233 2.000000 0.109264 17.274604 -1.979411 -5.450790 33.629176 33.629176 
659.500000 234 2.000000 0.486363 4.918471 -2.568181 4.412598 26.066570 26.066570 
659.500000 235 2.000000 0.694304 19.147456 3.471516 1.889855 15.622974 15.622974 
659.500000 236 2.000000 0.308077 16.407615 3.080759 0.875231 10.257106 10.257106 
659.500000 237 2.000000 0.701400 16.612783 -2.985991 4.584429 29.933134 29.933134 
659.500000 238 2.000000 0.783646 17.895650 2.612150 2.169417 11.529701 11.529701 
659.500000 239 2.000000 0.999999 17.440637 -1.178244 -8.531207 74.169747 74.169747 
659.500000 240 2.000000 0.888011 17.942916 -2.239758 -0.708848 5.518982 5.518982 
659.500000 241 2.000000 0.338295 14.283188 6.765871 1.906315 49.411049 49.411049 
659.500000 242 2.000000 0.466665 16.808111 3.111090 2.742732 17.201463 17.201463 
659.500000 243 2.000000 0.204101 18.841286 4.082004 0.624178 17.052359 17.052359 
659.500000 244 2.000000 0.170420 2.908953 -3.318315 -4.014559 27.127899 27.127899 
659.500000 245 2.000000 0.587749 0.680250 5.877476 -0.768248 35.134929 35.134929 
659.500000 246 2.000000 0.625537 5.263400 4.170237 -3.137151 27.232592 27.232592 
659.500000 247 2.000000 0.000001 17.559650 3.366929 -2.106241 15.772461 15.772461 
659.500000 248 2.000000 0.720347 18.510551 7.203458 -7.447242 107.351223 107.351223 
659.500000 249 2.000000 0.423616 10.092882 -1.440958 -0.759459 2.653137 2.653137 
659.500000 250 2.000000 0.147565 6.216690 2.951289 1.056239 9.825746 9.825746 
659.500000 251 2.000000 0.260700 18.177277 2.606993 0.725669 7.323009 7.323009 
659.500000 252 2.000000 0.819234 2.805328 0.564988 0.131430 0.336486 0.336486 
659.500000 253 2.000000 0.251687 16.483202 -2.138035 -4.610307 25.826127 25.826127 
659.500000 254 2.000000 0.193515 2.773652 -3.379077 1.781117 14.590536 14.590536 
659.500000 255 2.000000 0.665163 3.109171 -2.232241 -0.310856 5.079533 5.079533 
659.500000 256 2.000000 0.414734 3.126971 -5.852647 0.776151 34.855890 34.855890 
659.500000 257 2.000000 0.376718 1.878851 1.506868 -2.326132 7.681543 7.681543 
659.500000 258 2.000000 0.595088 18.353959 -4.049112 0.035757 16.396588 16.396588 
659.500000 259 2.000000 0.558322 13.297937 1.861071 3.319627 14.483509 14.483509 
659.500000 260 2.000000 0.527683 8.652810 -3.148773 2.022789 14.006445 14.006445 
659.500000 261 2.000000 0.164393 18.055608 -8.356064 -0.910745 70.653264 70.653264 
659.500000 262 2.000000 0.761628 0.983352 -0.057331 -4.276976 18.295814 18.295814 
659.500000 263 2.000000 0.398986 6.281115 -3.005065 1.636734 11.709311 11.709311 
659.500000 264 2.000000 0.872617 3.959305 -2.547646 0.670682 6.940315 6.940315 
659.500000 265 2.000000 0.682417 7.776439 3.412082 -1.541042 14.017112 14.017112 
659.500000 266 2.000000 0.216280 6.969143 -3.918596 -0.647085 15.774111 15.774111 
659.500000 267 2.000000 0.618872 0.541252 1.768202 -1.291652 4.794903 4.794903 
659.500000 268 2.000000 0.525684 0.430293 2.628417 -1.469527 9.068087 9.068087 
659.500000 269 2.000000 0.999999 15.597638 -4.465677 -0.933714 20.814094 20.814094 
659.500000 270 2.000000 0.999999 14.344154 -2.048690 1.043243 5.285488 5.285488 
659.500000 271 2.000000 0.569848 15.052394 -2.867672 5.385753 37.229874 37.229874 
659.500000 272 2.000000 0.947706 1.880207 2.369262 -5.771575 38.924485 38.924485 
659.500000 273 2.000000 0.714979 12.478862 3.574891 3.847681 27.584495 27.584495 
659.500000 274 2.000000 0.001122 12.015217 -3.995510 -1.813231 19.251907 19.251907 
659.500000 275 2.000000 0.335423 4.230310 -3.322882 -3.229453 21.470913 21.470913 
659.500000 276 2.000000 0.132120 19.052544 0.024416 -2.368637 5.611039 5.611039 
659.500000 277 2.000000 0.740746 18.562040 2.962982 4.520110 29.210651 29.210651 
659.500000 278 2.000000 0.441810 0.927313 -2.790944 -3.008107 16.838078 16.838078 
659.500000 279 2.000000 0.672610 8.655866 -0.132168 -1.292755 1.688684 1.688684 
659.500000 280 2.000000 0.794475 6.287171 -4.110482 -6.074585 53.796640 53.796640 
659.500000 281 2.000000 0.171891 7.065500 3.437791 -0.728238 12.348735 12.348735 
659.500000 282 2.000000 0.666282 15.981662 4.426485 -1.439843 21.666914 21.666914 
659.500000 283 2.000000 0.560736 18.438060 -0.392460 2.911009 8.627999 8.627999 
659.500000 284 2.000000 0.333165 5.975521 3.331639 2.742038 18.618588 18.618588 
659.500000 285 2.000000 0.417937 1.776137 1.044839 -0.080848 1.098225 1.098225 
659.500000 286 2.000000 0.575131 11.813967 -2.124338 -0.281368 4.591978 4.591978 
659.500000 287 2.000000 0.876905 7.504575 -0.342511 -0.276121 0.193556 0.193556 
659.500000 288 2.000000 0.800137 5.920048 -3.997248 -3.056456 25.319915 25.319915 
659.500000 289 2.000000 0.999999 5.244795 -3.005352 4.034457 25.308983 25.308983 
659.500000 290 2.000000 0.000001 17.490477 0.725430 -2.507287 6.812736 6.812736 
659.500000 291 2.000000 0.808010 16.059359 -1.279928 -6.062523 38.392398 38.392398 
659.500000 292 2.000000 0.257871 12.818686 5.157408 3.314413 37.584188 37.584188 
659.500000 293 2.000000 0.609300 1.651558 -3.906992 4.128891 32.312335 32.312335 
659.500000 294 2.000000 0.858030 10.819186 4.290146 2.860653 26.588689 26.588689 
659.500000 295 2.000000 0.265382 12.507270 5.307626 -3.397571 39.714385 39.714385 
659.500000 296 2.000000 0.663571 14.176663 -6.728562 1.295446 46.951723 46.951723 
659.500000 297 2.000000 0.986131 8.817707 2.465326 -1.556664 8.501035 8.501035 
659.500000 298 2.000000 0.523285 2.770443 0.900423 -2.502397 7.072753 7.072753 
659.500000 299 2.000000 0.831220 9.531336 0.262344 0.499512 0.318336 0.318336 
659.500000 300 2.000000 0.832077 18.942549 -3.358445 2.589659 17.985488 17.985488 
659.500000 301 2.000000 0.013517 14.306906 -3.288275 1.060562 11.937544 11.937544 
659.500000 302 2.000000 0.999999 7.461775 -5.617385 -1.391860 33.492287 33.492287 
659.500000 303 2.000000 0.961856 4.539478 1.748827 -3.589666 15.944102 15.944102 
659.500000 304 2.000000 0.732466 11.141329 3.662324 1.482199 15.609532 15.609532 
659.500000 305 2.000000 0.685470 6.266708 -0.786322 -2.910006 9.086436 9.086436 
659.500000 306 2.000000 0.821794 10.899600 -1.188033 2.270750 6.567729 6.567729 
659.500000 307 2.000000 0.430350 12.669799 0.022396 7.066945 49.942217 49.942217 
659.500000 308 2.000000 0.296410 1.082795 5.928185 1.968717 39.019221 39.019221 
659.500000 309 2.000000 0.636158 0.587842 -7.276826 -1.649677 55.673632 55.673632 
659.500000 310 2.000000 0.461200 0.615754 4.611993 -0.090600 21.278689 21.278689 
659.500000 311 2.000000 0.425335 16.665901 1.417779 -0.396755 2.167512 2.167512 
659.500000 312 2.000000 0.232673 16.200379 -3.069304 -0.290367 9.504938 9.504938 
659.500000 313 2.000000 0.414533 3.314209 0.273984 -0.615165 0.453496 0.453496 
659.500000 314 2.000000 0.999999 17.385655 -4.177110 1.756462 20.533406 20.533406 
659.500000 315 2.000000 0.863808 16.251643 0.368502 2.037554 4.287420 4.287420 
659.500000 316 2.000000 0.165553 3.897517 -3.211270 -6.509698 52.688418 52.688418 
659.500000 317 2.000000 0.784895 9.209885 2.242555 -1.665053 7.801456 7.801456 
659.500000 318 2.000000 0.985005 17.487451 1.641673 -1.937086 6.447395 6.447395 
659.500000 319 2.000000 0.832510 2.727153 3.330036 -1.995851 15.072560 15.072560 
659.500000 320 2.000000 0.072720 4.098240 -1.225696 -0.414150 1.673850 1.673850 
659.500000 321 2.000000 0.854858 9.621909 1.068571 2.616780 7.989380 7.989380 
659.500000 322 2.000000 0.120726 13.262895 -1.758545 7.368274 57.383949 57.383949 
659.500000 323 2.000000 0.163961 7.325703 -2.040935 4.038559 20.475380 20.475380 
659.500000 324 2.000000 0.609474 11.531148 -3.905248 -0.789677 15.874552 15.874552 
659.500000 325 2.000000 0.199392 1.714194 -0.739914 -0.306664 0.641516 0.641516 
659.500000 326 2.000000 0.000001 0.631808 1.039262 1.287411 2.737493 2.737493 
659.500000 327 2.000000 0.020646 14.246450 -1.958705 0.005012 3.836551 3.836551 
659.500000 328 2.000000 0.946765 12.673377 6.311758 4.859759 63.455543 63.455543 
659.500000 329 2.000000 0.843314 7.621020 5.622085 -2.730426 39.063072 39.063072 
659.500000 330 2.000000 0.245698 18.569055 -0.307878 -0.184287 0.128751 0.128751 
659.500000 331 2.000000 0.054736 19.613228 -3.781052 6.102400 51.535634 51.535634 
659.500000 332 2.000000 0.321554 2.257059 -3.392227 -3.562580 24.199178 24.199178 
659.500000 333 2.000000 0.999999 4.026979 -4.864326 1.712479 26.594250 26.594250 
659.500000 334 2.000000 0.999999 2.405339 -5.112727 2.513502 32.457671 32.457671 
659.500000 335 2.000000 0.999999 1.692906 -2.888771 -1.134548 9.632200 9.632200 
659.500000 336 2.000000 0.401219 16.576160 -0.560943 -2.954452 9.043443 9.043443 
659.500000 337 2.000000 0.050464 13.726905 -1.356478 -5.227578 29.167609 29.167609 
659.500000 338 2.000000 0.076918 1.141723 0.384583 -2.605288 6.935428 6.935428 
659.500000 339 2.000000 0.163863 0.680355 -5.574238 0.283837 31.152693 31.152693 
659.500000 340 2.000000 0.502610 7.470636 -2.486944 4.537987 26.778216 26.778216 
659.500000 341 2.000000 0.766107 17.685709 -4.677847 3.186614 32.036762 32.036762 
659.500000 342 2.000000 0.202733 9.488288 -0.149068 -0.456886 0.230966 0.230966 
659.500000 343 2.000000 0.213234 14.434909 2.132329 -1.337312 6.335232 6.335232 
659.500000 344 2.000000 0.307553 14.089375 0.111837 -5.910624 34.947987 34.947987 
659.500000 345 2.000000 0.683379 18.072303 1.750560 1.158702 4.407049 4.407049 
659.500000 346 2.000000 0.093559 12.348332 -2.589829 -8.054387 71.580357 71.580357 
659.500000 347 2.000000 0.646660 17.858524 -0.307251 -2.676843 7.259893 7.259893 
659.500000 348 2.000000 0.887086 7.442592 2.217712 -4.123966 21.925340 21.925340 
659.500000 349 2.000000 0.394898 10.411009 2.632645 -3.364479 18.250537 18.250537 
659.500000 350 2.000000 0.506621 10.776727 -0.986757 -1.467155 3.126232 3.126232 
659.500000 351 2.000000 0.000001 17.811527 3.890930 2.657346 22.200825 22.200825 
659.500000 352 2.000000 0.896668 4.234939 2.988889 -2.670579 16.065449 16.065449 
659.500000 353 2.000000 0.607321 3.721954 -1.963390 -1.357333 5.697253 5.697253 
659.500000 354 2.000000 0.616335 2.491425 -3.836641 -2.394743 20.454610 20.454610 
659.500000 355 2.000000 0.476847 3.492498 -2.092609 -1.203955 5.828521 5.828521 
659.500000 356 2.000000 0.999999 5.755021 -1.854094 1.151999 4.764764 4.764764 
659.500000 357 2.000000 0.162670 5.874030 3.253385 1.644646 13.289375 13.289375 
659.500000 358 2.000000 0.144024 7.214117 -0.901027 -1.071976 1.960982 1.960982 
659.500000 359 2.000000 0.000001 5.136246 7.378008 -0.399260 54.594405 54.594405 
659.500000 360 2.000000 0.854886 2.304620 -2.902264 -1.371777 10.304906 10.304906 
659.500000 361 2.000000 0.175073 6.463425 -2.356930 7.604028 63.376359 63.376359 
659.500000 362 2.000000 0.398294 5.303905 -2.406819 -2.608312 12.596066 12.596066 
659.500000 363 2.000000 0.370849 0.632373 0.077524 0.790464 0.630844 0.630844 
659.500000 364 2.000000 0.729917 13.086986 1.033334 -1.096613 2.270338 2.270338 
659.500000 365 2.000000 0.499200 0.772332 4.991987 -0.461500 25.132916 25.132916 
659.500000 366 2.000000 0.295644 10.060801 -2.817421 1.067452 9.077317 9.077317 
659.500000 367 2.000000 0.190658 9.259270 1.906569 3.561257 16.317559 16.317559 
659.500000 368 2.000000 0.640760 5.203225 6.407594 9.460407 130.556566 130.556566 
659.500000 369 2.000000 0.476777 2.215559 -3.488146 -1.665857 14.942243 14.942243 
659.500000 370 2.000000 0.999999 19.268683 -5.489096 1.665749 32.904898 32.904898 
659.500000 371 2.000000 0.000001 18.029657 5.055919 2.775084 33.263413 33.263413 
659.500000 372 2.000000 0.370832 7.934027 1.483326 3.488695 14.371249 14.371249 
659.500000 373 2.000000 0.419550 15.903491 4.195491 -0.525224 17.878004 17.878004 
659.500000 374 2.000000 0.999999 6.878345 -2.252485 1.832418 8.431445 8.431445 
659.500000 375 2.000000 0.387432 1.449420 3.874305 1.463182 17.151141 17.151141 
659.500000 376 2.000000 0.135996 2.078330 -8.640034 3.479801 86.759207 86.759207 
659.500000 377 2.000000 0.464527 10.264445 -3.569814 3.801646 27.196085 27.196085 
659.500000 378 2.000000 0.509464 14.184278 -2.452677 4.105656 22.872035 22.872035 
659.500000 379 2.000000 0.909564 0.226005 2.598751 -1.012881 7.779433 7.779433 
659.500000 380 2.000000 0.637268 11.928854 -1.036374 -5.207190 28.188900 28.188900 
659.500000 381 2.000000 0.743246 3.877837 0.914624 2.468641 6.930724 6.930724 
659.500000 382 2.000000 0.316066 14.305749 -4.559550 -5.694250 53.213978 53.213978 
659.500000 383 2.000000 0.770060 0.852279 3.966239 5.411868 45.019368 45.019368 
659.500000 384 2.000000 0.907443 7.910143 -0.925559 3.355150 12.113692 12.113692 
659.500000 385 2.000000 0.174134 4.004538 1.160890 -3.749022 15.402832 15.402832 
659.500000 386 2.000000 0.381405 6.459379 0.544863 0.439201 0.489773 0.489773 
659.500000 387 2.000000 0.619093 0.680617 6.190916 0.907488 39.150971 39.150971 
659.500000 388 2.000000 0.320442 1.619043 3.204405 2.369485 15.882672 15.882672 
659.500000 389 2.000000 0.388034 16.632405 1.940167 -3.961875 19.460703 19.460703 
659.500000 390 2.000000 0.611010 10.837994 -1.555957 -0.629165 2.816852 2.816852 
659.500000 391 2.000000 0.999999 5.161719 -3.497209 -1.410968 14.221303 14.221303 
659.500000 392 2.000000 0.131842 3.960936 -1.933840 -5.322922 32.073237 32.073237 
659.500000 393 2.000000 0.338615 1.819834 1.128713 1.039979 2.355550 2.355550 
659.500000 394 2.000000 0.446030 13.521233 4.460293 1.518434 22.199856 22.199856 
659.500000 395 2.000000 0.906835 2.030703 -1.863290 -6.941800 51.660432 51.660432 
659.500000 396 2.000000 0.702195 14.831897 -1.191217 0.624510 1.809010 1.809010 
659.500000 397 2.000000 0.030765 15.171096 -3.876936 1.692643 17.895672 17.895672 
659.500000 398 2.000000 0.188528 11.915147 0.377053 -3.943830 15.695964 15.695964 
659.500000 399 2.000000 0.722345 13.235637 -5.553087 -1.392664 32.776293 32.776293 
659.500000 400 2.000000 0.689559 3.418781 1.575817 0.137313 2.502053 2.502053 
659.500000 401 2.000000 0.634078 8.862228 -3.659210 -0.880055 14.164315 14.164315 
659.500000 402 2.000000 0.199801 10.576865 0.666000 2.009093 4.480011 4.480011 
659.500000 403 2.000000 0.502167 19.779679 0.836943 4.935878 25.063365 25.063365 
659.500000 404 2.000000 0.544025 0.487739 1.008238 0.917959 1.859191 1.859191 
659.500000 405 2.000000 0.606365 1.150557 4.042430 5.752780 49.435712 49.435712 
659.500000 406 2.000000 0.107803 18.985497 -4.460982 -0.966193 20.833885 20.833885 
659.500000 407 2.000000 0.415468 17.987515 -1.461329 0.392988 2.289921 2.289921 
659.500000 408 2.000000 0.647200 15.451491 -7.055977 1.840637 53.174757 53.174757 
659.500000 409 2.000000 0.999999 13.102419 -0.694425 -8.114800 66.332206 66.332206 
659.500000 410 2.000000 0.358959 0.798707 -1.831544 -4.385375 22.586072 22.586072 
659.500000 411 2.000000 0.542852 17.157729 -3.047650 0.262673 9.357167 9.357167 
659.500000 412 2.000000 0.787423 8.411187 -4.251512 -1.276041 19.703630 19.703630 
659.500000 413 2.000000 0.186450 15.902886 -3.254195 6.294065 50.205037 50.205037 
659.500000 414 2.000000 0.932324 10.376536 1.553872 -0.890467 3.207451 3.207451 
659.500000 415 2.000000 0.314872 19.999999 -6.851272 -3.004473 55.966785 55.966785 
659.500000 416 2.000000 0.666332 17.349659 -3.336666 -2.120272 15.628893 15.628893 
659.500000 417 2.000000 0.032875 16.711814 -9.671240 -1.568571 95.993305 95.993305 
659.500000 418 2.000000 0.067424 1.558390 0.192637 6.233555 38.894317 38.894317 
659.500000 419 2.000000 0.392039 2.556426 -3.039802 4.830146 32.570709 32.570709 
659.500000 420 2.000000 0.930220 9.771587 0.220123 1.653434 2.782299 2.782299 
659.500000 421 2.000000 0.000001 4.931311 1.816388 3.372082 14.670204 14.670204 
659.500000 422 2.000000 0.936576 3.622640 3.121917 -6.029555 46.101901 46.101901 
659.500000 423 2.000000 0.239323 3.442094 -0.566807 3.442093 12.169273 12.169273 
659.500000 424 2.000000 0.202968 4.391498 -3.807272 8.430427 85.567428 85.567428 
659.500000 425 2.000000 0.999297 17.669013 3.330987 -1.548309 13.492734 13.492734 
659.500000 426 2.000000 0.183683 10.019985 1.224545 -5.635980 33.263780 33.263780 
659.500000 427 2.000000 0.233974 8.766348 -1.532050 0.850064 3.069786 3.069786 
659.500000 428 2.000000 0.772028 9.782885 1.286712 5.754638 34.771482 34.771482 
659.500000 429 2.000000 0.342659 4.603958 1.370632 -4.543858 22.525278 22.525278 
659.500000 430 2.000000 0.524975 13.639529 -4.750244 -0.370523 22.702105 22.702105 
659.500000 431 2.000000 0.180777 1.045840 3.615529 0.043575 13.073945 13.073945 
659.500000 432 2.000000 0.999999 13.924999 -8.985049 -7.593750 138.396154 138.396154 
659.500000 433 2.000000 0.265720 16.162576 -0.699313 -3.197853 10.715300 10.715300 
659.500000 434 2.000000 0.000001 11.732323 5.420395 3.082392 38.881816 38.881816 
659.500000 435 2.000000 0.096463 9.977253 0.964620 -1.983614 4.865218 4.865218 
659.500000 436 2.000000 0.264742 17.142895 -4.901715 -5.202866 51.096634 51.096634 
659.500000 437 2.000000 0.358752 10.026835 2.391674 5.770664 39.020665 39.020665 
659.500000 438 2.000000 0.791565 2.154243 1.439207 -1.150905 3.395901 3.395901 
659.500000 439 2.000000 0.593637 5.207972 2.968180 -1.182141 10.207553 10.207553 
659.500000 440 2.000000 0.664821 1.764014 -0.163025 -2.631231 6.949955 6.949955 
659.500000 441 2.000000 0.433014 18.452522 -1.889949 1.652857 6.303842 6.303842 
659.500000 442 2.000000 0.965310 8.530279 3.861238 4.610945 36.169971 36.169971 
659.500000 443 2.000000 0.201471 14.356031 0.093371 -1.861657 3.474485 3.474485 
659.500000 444 2.000000 0.664722 11.438532 -6.705530 -1.270670 46.578741 46.578741 
659.500000 445 2.000000 0.881794 7.493820 -0.767723 -1.569283 3.052049 3.052049 
659.500000 446 2.000000 0.691900 2.494702 1.976854 -2.006990 7.935960 7.935960 
659.500000 447 2.000000 0.246742 1.099750 4.934816 -0.969551 25.292435 25.292435 
659.500000 448 2.000000 0.644300 5.830000 -1.778494 1.491156 5.386588 5.386588 
659.500000 449 2.000000 0.398750 11.259405 -4.008329 -6.027996 52.403437 52.403437 
659.500000 450 2.000000 0.251576 7.558629 0.457410 3.603987 13.197949 13.197949 
659.500000 451 2.000000 0.635370 7.530361 -7.292587 0.529337 53.462020 53.462020 
659.500000 452 2.000000 0.999999 14.525863 -4.241927 1.483148 20.193671 20.193671 
659.500000 453 2.000000 0.119003 1.672548 1.190017 -1.081266 2.585276 2.585276 
659.500000 454 2.000000 0.731723 10.679838 -0.422402 1.264694 1.777874 1.777874 
659.500000 455 2.000000 0.640945 10.696888 4.272959 -2.655097 25.307722 25.307722 
659.500000 456 2.000000 0.999999 13.952124 -4.539189 4.428715 40.217752 40.217752 
659.500000 457 2.000000 0.729334 3.966341 3.622146 2.486806 19.304145 19.304145 
659.500000 458 2.000000 0.864881 6.013550 0.864880 -3.413448 12.399648 12.399648 
659.500000 459 2.000000 0.293817 6.120604 -7.061822 2.396023 55.610259 55.610259 
659.500000 460 2.000000 0.999999 15.239448 -4.274101 5.168227 44.978505 44.978505 
659.500000 461 2.000000 0.592914 18.589289 -1.628341 3.889122 17.776761 17.776761 
659.500000 462 2.000000 0.246974 8.340565 4.939468 -0.493716 24.642098 24.642098 
659.500000 463 2.000000 0.214827 2.587768 4.296520 4.374779 37.598779 37.598779 
659.500000 464 2.000000 0.183561 14.613667 3.671202 4.008947 29.549382 29.549382 
659.500000 465 2.000000 0.639639 2.044844 -2.402399 5.112107 31.905165 31.905165 
659.500000 466 2.000000 0.347100 13.715251 3.470993 -9.668844 105.534328 105.534328 
659.500000 467 2.000000 0.485017 18.489496 -1.029965 1.200816 2.502787 2.502787 
659.500000 468 2.000000 0.407839 12.862414 -3.947734 -1.517661 17.887897 17.887897 
659.500000 469 2.000000 0.049127 14.793541 -2.716777 0.592981 7.732502 7.732502 
659.500000 470 2.000000 0.999999 10.611436 -3.916550 -8.965670 95.722607 95.722607 
659.500000 471 2.000000 0.422128 17.241227 1.206076 -4.597954 22.595795 22.595795 
659.500000 472 2.000000 0.499950 4.696348 0.769152 -0.142220 0.611821 0.611821 
659.500000 473 2.000000 0.958905 2.376281 -0.821885 -3.267236 11.350328 11.350328 
659.500000 474 2.000000 0.604607 8.274832 -7.907849 3.246939 73.076683 73.076683 
659.500000 475 2.000000 0.844698 18.626248 -3.106023 -3.034389 18.854892 18.854892 
659.500000 476 2.000000 0.000001 0.643707 2.114110 -2.621334 11.340855 11.340855 
659.500000 477 2.000000 0.000001 18.815102 5.538046 4.228112 48.546886 48.546886 
659.500000 478 2.000000 0.000001 12.401890 1.800203 2.741079 10.754245 10.754245 
659.500000 479 2.000000 0.501651 17.613080 -0.307975 -0.030867 0.095801 0.095801 
659.500000 480 2.000000 0.000001 5.287589 1.756468 1.135335 4.374166 4.374166 
659.500000 481 2.000000 0.495340 2.717851 3.302257 1.396552 12.855258 12.855258 
659.500000 482 2.000000 0.912132 2.445459 -0.878668 -2.974632 9.620491 9.620491 
659.500000 483 2.000000 0.328058 7.813461 -3.359707 -3.953051 26.914241 26.914241 
659.500000 484 2.000000 0.300483 9.687957 -4.663437 2.652645 28.784168 28.784168 
659.500000 485 2.000000 0.000001 10.625207 2.761768 1.582208 10.130742 10.130742 
659.500000 486 2.000000 0.549708 12.786686 5.497070 3.567219 42.942830 42.942830 
659.500000 487 2.000000 0.347605 3.910828 0.495623 3.552365 12.864940 12.864940 
659.500000 488 2.000000 0.999999 2.272350 -8.976136 -3.147559 90.478142 90.478142 
659.500000 489 2.000000 0.188402 13.108643 0.418669 -3.146326 10.074653 10.074653 
659.500000 490 2.000000 0.430603 16.449684 -5.693964 -1.063301 33.551832 33.551832 
659.500000 491 2.000000 0.808883 18.992523 4.044411 -2.238835 21.369643 21.369643 
659.500000 492 2.000000 0.110441 13.333279 -1.617378 -0.483759 2.849935 2.849935 
659.500000 493 2.000000 0.263399 16.058948 -3.665688 -0.141127 13.457187 13.457187 
659.500000 494 2.000000 0.000001 7.652256 2.749079 3.730916 21.477170 21.477170 
659.500000 495 2.000000 0.000001 1.634025 5.279735 -1.529437 30.214777 30.214777 
659.500000 496 2.000000 0.134463 4.066818 2.689247 1.891543 10.809984 10.809984 
659.500000 497 2.000000 0.834744 13.429355 0.695619 -4.531479 21.018187 21.018187 
659.500000 498 2.000000 0.422650 15.757828 -5.773490 -5.009407 58.427350 58.427350 
659.500000 499 2.000000 0.206447 3.968256 -1.983881 7.936510 66.923978 66.923978 
659.500000 500 2.000000 0.999999 17.389595 -4.174530 6.269719 56.736076 56.736076 
