294.000000 1 2.000000 1.690998 17.266806 0.005999 0.299113 0.089505 0.089505 
294.000000 2 2.000000 7.379750 13.570948 1.696494 0.684554 3.346707 3.346707 
294.000000 3 2.000000 5.724029 5.488976 -0.407520 -0.445807 0.364817 0.364817 
294.000000 4 2.000000 2.604544 15.316333 1.183883 -0.158555 1.426719 1.426719 
294.000000 5 2.000000 2.603615 12.158839 0.083404 -0.388535 0.157916 0.157916 
294.000000 6 2.000000 2.045744 19.429524 0.802252 -0.518613 0.912568 0.912568 
294.000000 7 2.000000 4.766568 12.749543 -0.473312 1.169698 1.592217 1.592217 
294.000000 8 2.000000 1.491729 14.143194 0.994485 -1.561815 3.428266 3.428266 
294.000000 9 2.000000 5.197374 8.793647 1.117715 -1.199727 2.688631 2.688631 
294.000000 10 2.000000 4.950215 13.868497 0.102651 -0.018203 0.010869 0.010869 
294.000000 11 2.000000 8.127900 3.859409 0.956223 -0.674600 1.369448 1.369448 
294.000000 12 2.000000 3.244378 18.142390 -0.334989 0.574535 0.442309 0.442309 
294.000000 13 2.000000 2.297966 16.576574 -1.592770 0.270849 2.610275 2.610275 
294.000000 14 2.000000 2.917909 13.591034 0.006167 2.028512 4.114901 4.114901 
294.000000 15 2.000000 6.884909 11.007647 1.746939 0.728091 3.581913 3.581913 
294.000000 16 2.000000 6.181946 8.280721 0.661692 -0.656442 0.868753 0.868753 
294.000000 17 2.000000 2.543606 1.275734 -1.235027 0.472494 1.748543 1.748543 
294.000000 18 2.000000 6.613953 15.279401 0.286318 -0.621131 0.467782 0.467782 
294.000000 19 2.000000 0.871497 6.209909 1.244995 0.009752 1.550107 1.550107 
294.000000 20 2.000000 6.575995 1.411281 0.095742 -1.371861 1.891169 1.891169 
294.000000 21 2.000000 0.941688 17.058125 0.941687 0.036344 0.888095 0.888095 
294.000000 22 2.000000 2.329282 11.131548 -0.404957 -2.086694 4.518284 4.518284 
294.000000 23 2.000000 4.258756 1.141556 -2.807238 -1.900403 11.492118 11.492118 
294.000000 24 2.000000 2.620863 8.357373 1.219006 -0.264605 1.555991 1.555991 
294.000000 25 2.000000 6.361417 8.201693 0.698332 -0.738969 1.033743 1.033743 
294.000000 26 2.000000 2.076015 9.991358 1.596934 -0.066591 2.554632 2.554632 
294.000000 27 2.000000 8.629149 10.019238 2.501202 0.413383 6.426898 6.426898 
294.000000 28 2.000000 1.974403 3.472266 -1.477438 1.876900 5.705577 5.705577 
294.000000 29 2.000000 0.760975 9.910357 -0.745634 0.952919 1.464024 1.464024 
294.000000 30 2.000000 2.904926 0.295676 -2.012358 -0.213044 4.094971 4.094971 
294.000000 31 2.000000 7.012859 12.147648 0.690922 1.012304 1.502132 1.502132 
294.000000 32 2.000000 3.128609 8.870238 -0.096397 0.638824 0.417388 0.417388 
294.000000 33 2.000000 8.444501 8.068504 1.259410 -0.269970 1.658997 1.658997 
294.000000 34 2.000000 5.593651 6.754928 -0.152897 -0.029692 0.024259 0.024259 
294.000000 35 2.000000 8.212755 10.115089 0.763977 -0.434225 0.772212 0.772212 
294.000000 36 2.000000 8.149961 6.143783 0.624518 -1.649550 3.111037 3.111037 
294.000000 37 2.000000 4.870217 11.192792 -0.315585 1.250591 1.663572 1.663572 
294.000000 38 2.000000 7.224779 1.613773 -2.042025 -1.702428 7.068128 7.068128 
294.000000 39 2.000000 7.121998 8.349345 0.845510 -2.589034 7.417986 7.417986 
294.000000 40 2.000000 7.746740 7.728728 0.276572 -0.376741 0.218426 0.218426 
294.000000 41 2.000000 0.668086 0.923899 1.484633 -0.047784 2.206418 2.206418 
294.000000 42 2.000000 6.765858 18.896314 1.879405 2.249561 8.592687 8.592687 
294.000000 43 2.000000 8.262077 3.226188 0.534067 1.843536 3.683851 3.683851 
294.000000 44 2.000000 3.408768 16.040649 1.623222 0.546171 2.933153 2.933153 
294.000000 45 2.000000 0.763126 3.718907 -0.652066 0.593746 0.777724 0.777724 
294.000000 46 2.000000 0.152220 1.272334 0.285552 0.797896 0.718179 0.718179 
294.000000 47 2.000000 6.547016 6.573385 -0.342131 0.450941 0.320402 0.320402 
294.000000 48 2.000000 3.360526 10.843627 -0.460458 -0.086660 0.219531 0.219531 
294.000000 49 2.000000 8.066407 1.076329 0.613954 -0.361397 0.507548 0.507548 
294.000000 50 2.000000 3.425055 10.323995 0.125677 -1.279433 1.652745 1.652745 
294.000000 51 2.000000 6.876488 7.266817 0.528721 -2.009708 4.318474 4.318474 
294.000000 52 2.000000 4.703426 12.299717 -1.233528 -0.230102 1.574539 1.574539 
294.000000 53 2.000000 5.012115 0.949291 2.570315 -0.125291 6.622215 6.622215 
294.000000 54 2.000000 0.595101 4.783506 -1.636621 1.471848 4.844864 4.844864 
294.000000 55 2.000000 3.654900 2.055696 0.614269 -2.030900 4.501880 4.501880 
294.000000 56 2.000000 4.960531 12.426106 0.116179 0.954372 0.924324 0.924324 
294.000000 57 2.000000 7.207619 6.381560 -1.447026 -1.039576 3.174601 3.174601 
294.000000 58 2.000000 2.018616 12.453439 -0.983748 0.741276 1.517250 1.517250 
294.000000 59 2.000000 0.354780 2.894934 0.591299 0.428879 0.533571 0.533571 
294.000000 60 2.000000 3.167563 5.569516 -0.386081 1.484494 2.352780 2.352780 
294.000000 61 2.000000 3.783192 18.508148 0.442165 -0.395521 0.351947 0.351947 
294.000000 62 2.000000 1.682838 16.634932 -1.625814 1.214229 4.117621 4.117621 
294.000000 63 2.000000 6.853304 17.982386 -0.531674 1.530416 2.624849 2.624849 
294.000000 64 2.000000 5.459701 1.910814 -0.097808 0.269129 0.081997 0.081997 
294.000000 65 2.000000 1.584162 9.155659 2.263087 1.067998 6.262180 6.262180 
294.000000 66 2.000000 0.524788 0.091176 1.049574 -0.221126 1.150503 1.150503 
294.000000 67 2.000000 8.746501 16.213903 -1.667953 -1.097419 3.986396 3.986396 
294.000000 68 2.000000 7.060559 11.061513 0.242442 -0.273355 0.133501 0.133501 
294.000000 69 2.000000 4.172496 0.588814 0.146187 0.535284 0.307900 0.307900 
294.000000 70 2.000000 4.391144 7.338606 -0.092766 -0.651476 0.433026 0.433026 
294.000000 71 2.000000 8.302875 10.997861 -0.148552 1.183267 1.422188 1.422188 
294.000000 72 2.000000 1.135045 1.989119 -1.546422 0.516654 2.658354 2.658354 
294.000000 73 2.000000 3.922408 10.081110 1.329630 -0.718760 2.284531 2.284531 
294.000000 74 2.000000 6.960715 10.919279 1.265584 0.506732 1.858481 1.858481 
294.000000 75 2.000000 2.605297 12.355850 -0.250903 1.516055 2.361375 2.361375 
294.000000 76 2.000000 3.857733 17.333788 0.952526 -0.888737 1.697160 1.697160 
294.000000 77 2.000000 8.568324 15.447329 1.766665 0.610566 3.493895 3.493895 
294.000000 78 2.000000 3.571460 16.162988 -0.117192 0.683518 0.480930 0.480930 
294.000000 79 2.000000 0.847635 4.116494 0.737073 -1.498444 2.788610 2.788610 
294.000000 80 2.000000 0.710237 10.836395 -2.324693 -0.185586 5.438642 5.438642 
294.000000 81 2.000000 4.970619 1.892961 0.335437 -0.708549 0.614559 0.614559 
294.000000 82 2.000000 4.375118 14.610776 0.381357 -0.031089 0.146400 0.146400 
294.000000 83 2.000000 8.562135 7.452818 1.231962 -0.525543 1.793925 1.793925 
294.000000 84 2.000000 0.360453 16.426208 0.400503 -0.435558 0.350113 0.350113 
294.000000 85 2.000000 6.916366 0.973362 -0.016476 -0.065979 0.004625 0.004625 
294.000000 86 2.000000 3.294774 2.330320 0.855785 0.535706 1.019349 1.019349 
294.000000 87 2.000000 0.432456 8.267497 -0.290498 0.656150 0.514922 0.514922 
294.000000 88 2.000000 6.000376 7.306902 1.142929 0.738071 1.851034 1.851034 
294.000000 89 2.000000 5.320320 6.963070 0.440611 -1.695117 3.067561 3.067561 
294.000000 90 2.000000 2.042296 4.632204 -0.200179 0.076235 0.045883 0.045883 
294.000000 91 2.000000 0.527280 7.630787 0.958689 -0.196500 0.957697 0.957697 
294.000000 92 2.000000 8.301198 13.060638 -0.657766 -0.099222 0.442501 0.442501 
294.000000 93 2.000000 0.592251 10.016059 0.515000 -1.426330 2.299643 2.299643 
294.000000 94 2.000000 7.116288 12.846389 -1.260650 0.198006 1.628446 1.628446 
294.000000 95 2.000000 4.861491 2.797414 -0.213227 0.396269 0.202495 0.202495 
294.000000 96 2.000000 5.896840 16.861217 1.734364 0.244002 3.067557 3.067557 
294.000000 97 2.000000 8.808006 16.866301 1.110088 -0.478763 1.461509 1.461509 
294.000000 98 2.000000 2.854446 4.630379 -0.633610 -0.135134 0.419723 0.419723 
294.000000 99 2.000000 7.611597 12.939070 -0.544834 -0.954180 1.207303 1.207303 
294.000000 100 2.000000 0.602592 10.887902 -0.078840 0.145568 0.027406 0.027406 
294.000000 101 2.000000 7.732415 17.978824 -1.326923 -0.215920 1.807345 1.807345 
294.000000 102 2.000000 5.808391 14.492850 1.416681 1.140954 3.308760 3.308760 
294.000000 103 2.000000 7.466831 11.064742 -1.470809 -1.418295 4.174838 4.174838 
294.000000 104 2.000000 0.594408 0.671014 -0.073399 -0.148471 0.027431 0.027431 
294.000000 105 2.000000 2.143240 4.576748 0.246869 1.080418 1.228247 1.228247 
294.000000 106 2.000000 6.540523 7.111122 -0.477899 -0.156170 0.252777 0.252777 
294.000000 107 2.000000 7.718387 3.242663 -2.055476 0.781364 4.835512 4.835512 
294.000000 108 2.000000 0.570914 15.863393 0.393733 0.346362 0.274993 0.274993 
294.000000 109 2.000000 4.257899 6.571231 0.396874 1.460273 2.289907 2.289907 
294.000000 110 2.000000 8.036986 11.833260 0.832322 0.090447 0.700940 0.700940 
294.000000 111 2.000000 3.067768 8.064141 -1.124836 -1.020159 2.305980 2.305980 
294.000000 112 2.000000 0.468552 17.674503 -2.392774 0.178096 5.757084 5.757084 
294.000000 113 2.000000 8.340588 17.865866 0.024085 0.149600 0.022960 0.022960 
294.000000 114 2.000000 5.797153 13.101129 -0.483713 -0.130190 0.250927 0.250927 
294.000000 115 2.000000 4.485198 7.547626 -1.261324 -0.204629 1.632812 1.632812 
294.000000 116 2.000000 2.223480 16.839043 0.196768 1.169378 1.406162 1.406162 
294.000000 117 2.000000 4.539938 8.678905 2.269969 0.456784 5.361409 5.361409 
294.000000 118 2.000000 5.480938 7.267312 0.953206 0.269456 0.981209 0.981209 
294.000000 119 2.000000 2.894563 12.524780 -2.195613 -0.392011 4.974390 4.974390 
294.000000 120 2.000000 8.389899 7.141816 0.600715 1.472539 2.529230 2.529230 
294.000000 121 2.000000 2.073476 0.746011 0.658220 0.877658 1.203538 1.203538 
294.000000 122 2.000000 1.037411 17.992621 0.061769 -1.216593 1.483913 1.483913 
294.000000 123 2.000000 1.177743 14.616853 -0.021876 -0.329514 0.109058 0.109058 
294.000000 124 2.000000 7.085443 13.174170 1.349608 0.869037 2.576667 2.576667 
294.000000 125 2.000000 5.998779 14.032867 -1.241923 0.100973 1.552569 1.552569 
294.000000 126 2.000000 3.380631 0.086313 -2.571660 -0.297318 6.701831 6.701831 
294.000000 127 2.000000 1.153348 6.640791 -0.786746 -0.644499 1.034348 1.034348 
294.000000 128 2.000000 7.271983 17.752971 -1.391057 -1.326578 3.694850 3.694850 
294.000000 129 2.000000 2.494497 8.595184 0.601083 1.101947 1.575587 1.575587 
294.000000 130 2.000000 6.617272 5.103018 -0.094944 -0.011509 0.009147 0.009147 
294.000000 131 2.000000 3.763989 3.711495 -0.226312 -1.506004 2.319265 2.319265 
294.000000 132 2.000000 0.274850 16.819322 -2.439942 0.496694 6.200021 6.200021 
294.000000 133 2.000000 1.282541 19.114702 -0.037233 -0.843140 0.712272 0.712272 
294.000000 134 2.000000 4.593714 6.576448 0.397724 0.485347 0.393746 0.393746 
294.000000 135 2.000000 4.706768 17.742084 -1.720135 -0.868429 3.713033 3.713033 
294.000000 136 2.000000 8.445142 18.394026 0.171079 2.158576 4.688718 4.688718 
294.000000 137 2.000000 6.887882 12.680510 1.450080 1.010399 3.123639 3.123639 
294.000000 138 2.000000 0.941733 1.996642 -0.952422 -1.214780 2.382799 2.382799 
294.000000 139 2.000000 8.566243 0.451630 0.301150 -0.007020 0.090741 0.090741 
294.000000 140 2.000000 1.318938 17.220030 0.676378 0.176001 0.488464 0.488464 
294.000000 141 2.000000 3.808387 13.498863 2.821026 1.942282 11.730650 11.730650 
294.000000 142 2.000000 5.926798 14.575390 0.747239 0.870144 1.315516 1.315516 
294.000000 143 2.000000 7.424108 12.833351 1.210862 0.849124 2.187198 2.187198 
294.000000 144 2.000000 2.074312 16.290429 -0.326913 -0.733921 0.645513 0.645513 
294.000000 145 2.000000 1.695465 14.351493 -1.570985 -0.301080 2.558642 2.558642 
294.000000 146 2.000000 0.853982 6.176233 -3.165066 0.791825 10.644626 10.644626 
294.000000 147 2.000000 2.788839 18.525196 0.244635 -3.277340 10.800806 10.800806 
294.000000 148 2.000000 3.974909 10.641312 0.894920 -1.634798 3.473445 3.473445 
294.000000 149 2.000000 5.412395 1.368683 -0.832327 0.063483 0.696797 0.696797 
294.000000 150 2.000000 8.055186 9.117690 0.485252 -1.648835 2.954126 2.954126 
294.000000 151 2.000000 7.805048 16.686308 -0.482761 1.044006 1.323006 1.323006 
294.000000 152 2.000000 1.712760 6.039526 1.038035 -1.272630 2.697105 2.697105 
294.000000 153 2.000000 5.008770 4.293996 1.615732 0.640895 3.021335 3.021335 
294.000000 154 2.000000 8.719286 19.599426 0.794622 -0.572247 0.958891 0.958891 
294.000000 155 2.000000 4.094225 6.681885 -0.608334 1.182634 1.768694 1.768694 
294.000000 156 2.000000 4.174436 18.864686 0.312692 0.485451 0.333439 0.333439 
294.000000 157 2.000000 8.369748 0.545319 -1.183627 0.991487 2.384021 2.384021 
294.000000 158 2.000000 1.176707 7.252335 0.212019 0.435868 0.234933 0.234933 
294.000000 159 2.000000 3.150089 10.821889 0.926496 -0.520607 1.129427 1.129427 
294.000000 160 2.000000 4.759418 5.738870 -1.602839 -0.695359 3.052617 3.052617 
294.000000 161 2.000000 3.237638 13.660690 -1.227438 -0.975278 2.457773 2.457773 
294.000000 162 2.000000 0.077094 11.317550 1.541865 2.029641 6.496787 6.496787 
294.000000 163 2.000000 7.762685 1.450633 0.535358 -0.107426 0.298148 0.298148 
294.000000 164 2.000000 2.340269 7.006796 0.743774 -0.743956 1.106670 1.106670 
294.000000 165 2.000000 3.112253 16.451064 -0.898079 -0.230540 0.859694 0.859694 
294.000000 166 2.000000 0.627629 2.903251 0.965582 -0.410980 1.101253 1.101253 
294.000000 167 2.000000 7.662281 14.097671 0.189747 1.293672 1.709590 1.709590 
294.000000 168 2.000000 1.660734 18.943869 0.415183 -1.760217 3.270739 3.270739 
294.000000 169 2.000000 6.710105 12.963046 -3.296299 -1.599308 13.423369 13.423369 
294.000000 170 2.000000 5.389275 16.955221 -0.764582 -0.231709 0.638274 0.638274 
294.000000 171 2.000000 5.045746 19.341933 -1.342225 -1.645165 4.508135 4.508135 
294.000000 172 2.000000 8.539995 7.431022 -0.561644 0.522277 0.588217 0.588217 
294.000000 173 2.000000 7.797121 12.996401 1.772073 -2.090626 7.510960 7.510960 
294.000000 174 2.000000 4.734913 11.932570 -0.124419 -2.389951 5.727345 5.727345 
294.000000 175 2.000000 0.292921 10.085876 0.418456 1.695105 3.048487 3.048487 
294.000000 176 2.000000 3.717369 3.236272 -0.092953 1.135534 1.298077 1.298077 
294.000000 177 2.000000 1.445939 3.276752 0.705336 -0.893987 1.296712 1.296712 
294.000000 178 2.000000 3.264005 19.667387 1.193267 0.230666 1.477093 1.477093 
294.000000 179 2.000000 7.148694 16.240138 1.374749 0.780525 2.499152 2.499152 
294.000000 180 2.000000 6.223858 7.214003 -0.543658 -1.189395 1.710225 1.710225 
294.000000 181 2.000000 7.352614 2.987558 0.919077 -0.253975 0.909205 0.909205 
294.000000 182 2.000000 7.707703 10.783886 -0.784864 1.365049 2.479369 2.479369 
294.000000 183 2.000000 8.478469 4.955037 0.553208 1.303957 2.006342 2.006342 
294.000000 184 2.000000 2.137448 10.704604 0.515047 0.463109 0.479744 0.479744 
294.000000 185 2.000000 2.623708 9.409964 -0.169807 -2.379783 5.692202 5.692202 
294.000000 186 2.000000 4.488704 11.529539 -0.181752 1.151288 1.358498 1.358498 
294.000000 187 2.000000 7.671556 13.621563 -0.230741 -1.119024 1.305456 1.305456 
294.000000 188 2.000000 2.108176 9.715650 1.171208 -2.040603 5.535789 5.535789 
294.000000 189 2.000000 3.854359 8.485652 0.030114 1.559632 2.433357 2.433357 
294.000000 190 2.000000 3.880512 16.533862 -0.660076 -0.208569 0.479202 0.479202 
294.000000 191 2.000000 7.410592 6.835635 0.492398 -0.551923 0.547075 0.547075 
294.000000 192 2.000000 4.551038 5.244559 -2.176480 -0.116407 4.750618 4.750618 
294.000000 193 2.000000 6.786275 2.136160 -1.239014 -0.889735 2.326785 2.326785 
294.000000 194 2.000000 7.184456 7.766591 1.528607 0.867775 3.089675 3.089675 
294.000000 195 2.000000 4.591818 13.525739 0.196564 0.740263 0.586627 0.586627 
294.000000 196 2.000000 4.638373 11.857359 0.466413 1.241608 1.759132 1.759132 
294.000000 197 2.000000 1.548752 19.514284 -0.822004 -0.522784 0.948994 0.948994 
294.000000 198 2.000000 0.281731 1.803135 0.402471 0.419333 0.337823 0.337823 
294.000000 199 2.000000 0.527805 0.359859 1.319511 3.598578 14.690875 14.690875 
294.000000 200 2.000000 4.036382 15.061143 -1.437266 -1.182454 3.463930 3.463930 
294.000000 201 2.000000 4.773529 3.912713 1.272941 -1.357577 3.463394 3.463394 
294.000000 202 2.000000 2.774307 4.779930 -1.631077 -0.245949 2.720902 2.720902 
294.000000 203 2.000000 5.202711 0.959056 -0.770381 0.564150 0.911753 0.911753 
294.000000 204 2.000000 7.325615 16.922139 0.031613 -0.992858 0.986767 0.986767 
294.000000 205 2.000000 0.892238 4.546446 0.076415 -1.166223 1.365914 1.365914 
294.000000 206 2.000000 7.678777 7.244064 -0.357228 1.557863 2.554549 2.554549 
294.000000 207 2.000000 7.849420 19.527357 -0.969980 1.220460 2.430384 2.430384 
294.000000 208 2.000000 0.924481 2.590282 0.924480 -0.936095 1.730938 1.730938 
294.000000 209 2.000000 5.338003 0.706710 -1.589109 0.243693 2.584654 2.584654 
294.000000 210 2.000000 5.304847 3.461711 0.546891 -0.861729 1.041666 1.041666 
294.000000 211 2.000000 2.375104 4.428256 0.172097 2.872582 8.281345 8.281345 
294.000000 212 2.000000 8.576626 1.189020 -1.294863 0.100339 1.686739 1.686739 
294.000000 213 2.000000 5.780498 1.394930 -1.423228 -0.520694 2.296700 2.296700 
294.000000 214 2.000000 2.359525 5.484431 1.387955 -0.154559 1.950308 1.950308 
294.000000 215 2.000000 2.198062 11.753255 -1.056736 0.072614 1.121965 1.121965 
294.000000 216 2.000000 2.178415 7.052332 0.726138 -1.303234 2.225696 2.225696 
294.000000 217 2.000000 1.028270 5.372225 0.267083 0.402326 0.233200 0.233200 
294.000000 218 2.000000 1.906501 8.723559 0.150906 1.547644 2.417975 2.417975 
294.000000 219 2.000000 3.452099 18.121659 0.616446 -0.487881 0.618033 0.618033 
294.000000 220 2.000000 7.498934 9.075645 -0.148033 -1.309624 1.737028 1.737028 
294.000000 221 2.000000 2.077705 8.772044 -1.883501 -0.401306 3.708624 3.708624 
294.000000 222 2.000000 0.671932 16.808474 -0.365402 0.455043 0.340583 0.340583 
294.000000 223 2.000000 8.271032 0.309531 0.394837 -1.049571 1.257496 1.257496 
294.000000 224 2.000000 1.310025 15.503748 -0.610685 0.880088 1.147490 1.147490 
294.000000 225 2.000000 0.602925 4.291131 0.927575 1.280934 2.501189 2.501189 
294.000000 226 2.000000 6.069421 16.346831 0.191358 -0.009763 0.036713 0.036713 
294.000000 227 2.000000 3.731635 8.713364 -0.303320 2.099471 4.499783 4.499783 
294.000000 228 2.000000 8.129655 11.101155 2.709885 1.776185 10.498306 10.498306 
294.000000 229 2.000000 4.045893 9.080930 0.629550 0.188367 0.431816 0.431816 
294.000000 230 2.000000 4.991556 5.174744 3.001909 -0.725922 9.538421 9.538421 
294.000000 231 2.000000 8.005488 19.409917 -2.094277 0.412456 4.556115 4.556115 
294.000000 232 2.000000 0.106049 1.811973 2.120952 0.000179 4.498437 4.498437 
294.000000 233 2.000000 0.768655 15.653912 0.143674 0.915747 0.859235 0.859235 
294.000000 234 2.000000 6.457626 6.374693 1.243357 -0.725360 2.072085 2.072085 
294.000000 235 2.000000 3.324588 19.171030 0.569303 0.700966 0.815460 0.815460 
294.000000 236 2.000000 8.190979 2.257385 -0.054713 1.289934 1.666923 1.666923 
294.000000 237 2.000000 7.842092 14.237443 0.507579 -0.619630 0.641577 0.641577 
294.000000 238 2.000000 6.819693 14.482477 -0.696461 1.030729 1.547460 1.547460 
294.000000 239 2.000000 2.805644 10.011463 0.336005 -0.570773 0.438682 0.438682 
294.000000 240 2.000000 5.093227 16.391802 1.620511 0.186854 2.660969 2.660969 
294.000000 241 2.000000 0.061878 4.740725 -0.138982 -1.960412 3.862531 3.862531 
294.000000 242 2.000000 7.265136 6.590660 0.730164 -0.595971 0.888321 0.888321 
294.000000 243 2.000000 1.520723 14.695121 -0.304788 -0.442216 0.288450 0.288450 
294.000000 244 2.000000 4.871336 8.618115 1.223373 -0.141156 1.516566 1.516566 
294.000000 245 2.000000 4.339194 13.828361 -2.282402 -3.164943 15.226224 15.226224 
294.000000 246 2.000000 3.934774 3.241308 -0.507557 -0.897530 1.063174 1.063174 
294.000000 247 2.000000 7.524924 11.970448 2.119697 -0.561507 4.808404 4.808404 
294.000000 248 2.000000 7.821352 10.098411 0.832059 -0.678191 1.152264 1.152264 
294.000000 249 2.000000 7.376795 12.892087 -1.420099 -0.730634 2.550509 2.550509 
294.000000 250 2.000000 7.853232 18.973268 0.006408 0.211564 0.044800 0.044800 
294.000000 251 2.000000 2.715167 19.524092 -0.875960 -0.793179 1.396438 1.396438 
294.000000 252 2.000000 0.588193 12.025459 0.019086 -0.565605 0.320273 0.320273 
294.000000 253 2.000000 1.040028 8.242707 1.300034 1.030338 2.751685 2.751685 
294.000000 254 2.000000 6.866573 7.373399 0.967123 2.340761 6.414490 6.414490 
294.000000 255 2.000000 5.631054 11.092927 1.908831 -1.915499 7.312775 7.312775 
294.000000 256 2.000000 8.655256 6.689641 -0.045858 1.732647 3.004170 3.004170 
294.000000 257 2.000000 3.691984 1.727413 -1.282169 0.959673 2.564931 2.564931 
294.000000 258 2.000000 3.047909 17.638141 -1.128583 -1.026895 2.328213 2.328213 
294.000000 259 2.000000 2.030911 6.645009 1.766009 1.898574 6.723370 6.723370 
294.000000 260 2.000000 6.669755 2.960838 0.365571 -0.903102 0.949236 0.949236 
294.000000 261 2.000000 4.155465 15.059043 1.076414 -0.248080 1.220210 1.220210 
294.000000 262 2.000000 1.118188 12.043561 -1.830979 -1.178732 4.741893 4.741893 
294.000000 263 2.000000 0.822564 12.178711 -2.188137 -2.393627 10.517395 10.517395 
294.000000 264 2.000000 3.695204 0.099486 0.017506 0.284244 0.081101 0.081101 
294.000000 265 2.000000 2.964280 6.845047 -0.126751 -1.624068 2.653663 2.653663 
294.000000 266 2.000000 7.870369 1.637410 -0.034878 -0.004997 0.001241 0.001241 
294.000000 267 2.000000 8.827999 7.724256 -0.521971 -0.066882 0.276927 0.276927 
294.000000 268 2.000000 0.887378 16.811657 0.591584 0.253015 0.413989 0.413989 
294.000000 269 2.000000 3.436492 1.112794 -1.009443 -0.967886 1.955777 1.955777 
294.000000 270 2.000000 8.510123 3.224981 -1.627380 0.116942 2.662042 2.662042 
294.000000 271 2.000000 3.492446 6.419351 2.793956 -0.062846 7.810141 7.810141 
294.000000 272 2.000000 7.155899 2.302016 0.406803 -1.661782 2.927009 2.927009 
294.000000 273 2.000000 8.827999 2.465983 -3.231862 -0.066131 10.449305 10.449305 
294.000000 274 2.000000 4.317904 11.772908 1.415706 -0.583699 2.344928 2.344928 
294.000000 275 2.000000 7.542263 13.668770 0.239874 -0.077410 0.063532 0.063532 
294.000000 276 2.000000 5.444161 8.219688 1.649745 -1.979884 6.641602 6.641602 
294.000000 277 2.000000 8.038029 13.197425 -0.623163 -0.398923 0.547472 0.547472 
294.000000 278 2.000000 3.673158 7.206275 2.369779 -0.669955 6.064691 6.064691 
294.000000 279 2.000000 3.022785 14.868448 0.305332 -0.060786 0.096922 0.096922 
294.000000 280 2.000000 5.747537 2.480658 1.035592 0.972807 2.018804 2.018804 
294.000000 281 2.000000 4.566249 19.807804 -0.196127 1.495022 2.273558 2.273558 
294.000000 282 2.000000 8.303342 5.393862 -0.261258 0.980702 1.030032 1.030032 
294.000000 283 2.000000 2.691920 2.601575 -0.397713 -0.333321 0.269279 0.269279 
294.000000 284 2.000000 3.205339 18.570504 -0.063271 1.046095 1.098317 1.098317 
294.000000 285 2.000000 4.117212 12.924911 -0.092019 -1.912186 3.664922 3.664922 
294.000000 286 2.000000 8.182899 15.185252 -1.328199 -0.848907 2.484756 2.484756 
294.000000 287 2.000000 6.762533 18.800686 0.772861 -0.749571 1.159170 1.159170 
294.000000 288 2.000000 4.074159 4.728495 0.045069 0.444096 0.199253 0.199253 
294.000000 289 2.000000 2.047583 3.088772 0.144640 -0.475256 0.246789 0.246789 
294.000000 290 2.000000 5.959548 15.471875 0.884257 -0.341805 0.898741 0.898741 
294.000000 291 2.000000 2.930605 17.904076 1.247066 1.409770 3.542623 3.542623 
294.000000 292 2.000000 7.736932 13.979667 -0.325123 -0.963253 1.033561 1.033561 
294.000000 293 2.000000 2.768165 11.404444 0.675162 1.303365 2.154604 2.154604 
294.000000 294 2.000000 2.209885 4.026169 -0.709342 0.820716 1.176742 1.176742 
294.000000 295 2.000000 2.205914 13.465989 1.002688 0.199735 1.045276 1.045276 
294.000000 296 2.000000 6.391208 15.500102 0.124100 -1.285685 1.668386 1.668386 
294.000000 297 2.000000 4.633020 11.333983 -0.448034 -0.561727 0.516271 0.516271 
294.000000 298 2.000000 5.668801 14.065540 1.156898 0.457800 1.547994 1.547994 
294.000000 299 2.000000 8.660641 13.979116 -1.711576 -1.353007 4.760120 4.760120 
294.000000 300 2.000000 4.620762 2.243664 2.009027 -0.976060 4.988882 4.988882 
294.000000 301 2.000000 7.561219 17.872737 -2.853067 0.685002 8.609221 8.609221 
294.000000 302 2.000000 3.139336 0.949636 -0.438506 0.102945 0.202885 0.202885 
294.000000 303 2.000000 5.561047 0.863345 0.190170 -1.324036 1.789236 1.789236 
294.000000 304 2.000000 1.611574 2.753275 1.465066 -1.733339 5.150884 5.150884 
294.000000 305 2.000000 3.911157 1.086949 -1.763208 -0.450698 3.312030 3.312030 
294.000000 306 2.000000 7.619222 6.647339 -1.381086 -0.715682 2.419598 2.419598 
294.000000 307 2.000000 4.732943 16.679971 0.786425 0.477237 0.846219 0.846219 
294.000000 308 2.000000 2.010113 0.854321 0.192355 0.087175 0.044600 0.044600 
294.000000 309 2.000000 3.066565 6.678953 -0.177502 0.880423 0.806652 0.806652 
294.000000 310 2.000000 6.243854 3.333571 -0.418021 0.749117 0.735918 0.735918 
294.000000 311 2.000000 3.638476 7.180172 -0.770556 -1.290365 2.258798 2.258798 
294.000000 312 2.000000 0.758639 7.836948 -1.575021 -0.361423 2.611318 2.611318 
294.000000 313 2.000000 5.364360 2.431477 0.370301 0.077431 0.143118 0.143118 
294.000000 314 2.000000 0.486484 17.243262 1.945931 -0.648644 4.207385 4.207385 
294.000000 315 2.000000 5.724986 19.504611 -0.950651 -0.825646 1.585429 1.585429 
294.000000 316 2.000000 7.316744 5.726206 1.540367 -1.466850 4.524378 4.524378 
294.000000 317 2.000000 6.950310 8.867177 -0.296007 -1.604048 2.660590 2.660590 
294.000000 318 2.000000 3.912138 13.470498 -1.598591 -1.949105 6.354501 6.354501 
294.000000 319 2.000000 8.444718 4.857406 0.884264 -0.524186 1.056693 1.056693 
294.000000 320 2.000000 5.517556 2.823295 0.007894 0.072027 0.005250 0.005250 
294.000000 321 2.000000 6.074813 2.662837 -0.248167 -0.416977 0.235457 0.235457 
294.000000 322 2.000000 0.378383 13.411112 -0.733442 -0.551371 0.841947 0.841947 
294.000000 323 2.000000 2.368126 14.249388 -0.899316 -1.353085 2.639609 2.639609 
294.000000 324 2.000000 8.432261 4.255440 -0.123797 0.637068 0.421181 0.421181 
294.000000 325 2.000000 0.091316 0.096818 -0.135303 0.242042 0.076891 0.076891 
294.000000 326 2.000000 6.775316 6.950872 2.419755 -0.270390 5.928327 5.928327 
294.000000 327 2.000000 5.798633 7.924487 1.025488 2.137369 5.619974 5.619974 
294.000000 328 2.000000 7.213388 0.894970 1.387190 -0.883905 2.705584 2.705584 
294.000000 329 2.000000 8.575351 12.876183 -0.152840 -0.809525 0.678690 0.678690 
294.000000 330 2.000000 2.665320 1.119399 0.935200 2.487551 7.062507 7.062507 
294.000000 331 2.000000 3.916100 14.203601 -0.688583 -0.966066 1.407430 1.407430 
294.000000 332 2.000000 8.266206 6.825725 0.583994 1.241041 1.881231 1.881231 
294.000000 333 2.000000 2.581413 12.399807 -0.334248 -1.567050 2.567367 2.567367 
294.000000 334 2.000000 8.189422 17.138929 -1.315154 -0.355412 1.855947 1.855947 
294.000000 335 2.000000 2.857069 4.188841 -1.494324 1.444428 4.319377 4.319377 
294.000000 336 2.000000 0.010523 7.516206 0.052610 2.117241 4.485477 4.485477 
294.000000 337 2.000000 7.004384 15.882361 1.843069 0.026457 3.397603 3.397603 
294.000000 338 2.000000 8.112242 1.949381 1.374956 2.999047 10.884785 10.884785 
294.000000 339 2.000000 6.260169 0.818747 0.058322 -0.870809 0.761709 0.761709 
294.000000 340 2.000000 1.549465 8.628375 0.222944 -0.680936 0.513377 0.513377 
294.000000 341 2.000000 4.466323 1.129188 -0.109027 -0.430617 0.197318 0.197318 
294.000000 342 2.000000 1.582773 14.716849 -0.597477 -1.035912 1.430092 1.430092 
294.000000 343 2.000000 4.930080 14.359983 -1.809782 0.994195 4.263734 4.263734 
294.000000 344 2.000000 7.336716 18.429438 0.112488 0.276348 0.089021 0.089021 
294.000000 345 2.000000 1.472793 13.587313 0.718435 -0.286490 0.598226 0.598226 
294.000000 346 2.000000 2.441072 13.515535 0.101711 0.237338 0.066675 0.066675 
294.000000 347 2.000000 7.754244 12.782447 -0.730745 -1.529081 2.872078 2.872078 
294.000000 348 2.000000 8.169653 4.029656 0.250603 -0.967900 0.999631 0.999631 
294.000000 349 2.000000 1.424774 9.177000 -0.548567 0.505620 0.556577 0.556577 
294.000000 350 2.000000 7.759700 1.344574 0.812534 0.121572 0.674991 0.674991 
294.000000 351 2.000000 5.617127 19.216812 1.030665 -0.505282 1.317581 1.317581 
294.000000 352 2.000000 5.080122 10.156221 1.154573 0.853464 2.061439 2.061439 
294.000000 353 2.000000 3.258816 15.070729 1.448362 0.669278 2.545687 2.545687 
294.000000 354 2.000000 5.402434 3.598978 -0.256189 -1.219407 1.552586 1.552586 
294.000000 355 2.000000 8.066165 7.590794 -0.376593 -0.180131 0.174269 0.174269 
294.000000 356 2.000000 3.725435 18.767012 -0.454426 0.620141 0.591077 0.591077 
294.000000 357 2.000000 4.947832 3.977921 -0.961849 0.169697 0.953951 0.953951 
294.000000 358 2.000000 7.057549 19.924762 -1.513375 0.123021 2.305439 2.305439 
294.000000 359 2.000000 2.982656 8.515993 1.569818 -1.737843 5.484428 5.484428 
294.000000 360 2.000000 0.655540 14.077302 0.101192 1.845458 3.415954 3.415954 
294.000000 361 2.000000 4.562188 12.189403 -0.726034 -1.069945 1.671907 1.671907 
294.000000 362 2.000000 5.583856 5.555366 1.801244 0.269570 3.317147 3.317147 
294.000000 363 2.000000 0.191005 16.074905 -2.404300 0.200287 5.820772 5.820772 
294.000000 364 2.000000 1.464385 19.940123 1.830481 0.398887 3.509770 3.509770 
294.000000 365 2.000000 2.321707 10.256737 -1.587117 -0.274772 2.594440 2.594440 
294.000000 366 2.000000 2.704514 2.988332 1.287863 -1.279073 3.294619 3.294619 
294.000000 367 2.000000 0.794685 9.183845 1.986711 -0.871463 4.706469 4.706469 
294.000000 368 2.000000 4.335670 0.231321 0.411923 -1.382592 2.081242 2.081242 
294.000000 369 2.000000 4.833712 8.617202 1.178954 0.222593 1.439480 1.439480 
294.000000 370 2.000000 3.909392 18.423906 0.220247 -0.927113 0.908048 0.908048 
294.000000 371 2.000000 4.250716 4.067862 2.742397 1.129961 8.797552 8.797552 
294.000000 372 2.000000 0.512266 6.008834 1.707549 0.609747 3.287513 3.287513 
294.000000 373 2.000000 3.491556 14.720637 -0.392436 -1.910241 3.803027 3.803027 
294.000000 374 2.000000 3.897657 13.557027 0.253919 -1.867528 3.552136 3.552136 
294.000000 375 2.000000 5.752889 6.847281 -0.998972 -0.183707 1.031693 1.031693 
294.000000 376 2.000000 5.285356 15.642958 1.201126 0.844633 2.156108 2.156108 
294.000000 377 2.000000 6.149719 2.593669 1.417506 0.402381 2.171233 2.171233 
294.000000 378 2.000000 3.705911 5.309699 -0.944564 1.633753 3.561351 3.561351 
294.000000 379 2.000000 7.341389 6.001982 0.126775 -1.062250 1.144446 1.144446 
294.000000 380 2.000000 4.055191 10.959569 -0.011613 0.567263 0.321922 0.321922 
294.000000 381 2.000000 0.814228 8.532560 1.163181 2.262880 6.473616 6.473616 
294.000000 382 2.000000 6.967641 10.650505 -0.456058 -0.110107 0.220112 0.220112 
294.000000 383 2.000000 6.337401 19.148569 0.331935 -0.774028 0.709300 0.709300 
294.000000 384 2.000000 5.327067 13.951606 -1.466952 -0.472531 2.375233 2.375233 
294.000000 385 2.000000 7.825479 17.640640 -1.374693 1.264133 3.487814 3.487814 
294.000000 386 2.000000 5.039205 12.623412 -1.203783 -0.357574 1.576952 1.576952 
294.000000 387 2.000000 0.717989 6.386693 -0.662076 0.176490 0.469494 0.469494 
294.000000 388 2.000000 3.619920 3.060203 -0.330881 0.035434 0.110738 0.110738 
294.000000 389 2.000000 5.721247 12.550236 0.925632 -0.724868 1.382227 1.382227 
294.000000 390 2.000000 2.489140 14.562285 0.655037 -2.091429 4.803147 4.803147 
294.000000 391 2.000000 1.133692 12.663307 -0.856543 -1.192958 2.156816 2.156816 
294.000000 392 2.000000 0.774815 10.222465 0.041995 0.273759 0.076708 0.076708 
294.000000 393 2.000000 6.641016 19.562993 1.037659 0.619082 1.459998 1.459998 
294.000000 394 2.000000 4.943944 8.499312 -1.214986 -0.215736 1.522734 1.522734 
294.000000 395 2.000000 1.597162 14.070725 0.709849 -1.275113 2.129798 2.129798 
294.000000 396 2.000000 8.283189 8.833989 -1.248689 2.420271 7.416933 7.416933 
294.000000 397 2.000000 1.235934 0.093865 -0.349122 0.938637 1.002925 1.002925 
294.000000 398 2.000000 6.277317 7.196605 -1.632176 -1.004188 3.672392 3.672392 
294.000000 399 2.000000 0.341845 9.137052 -0.263934 0.484724 0.304619 0.304619 
294.000000 400 2.000000 1.933967 0.661717 -0.863633 0.661716 1.183729 1.183729 
294.000000 401 2.000000 4.815684 11.052509 1.437517 0.397387 2.224373 2.224373 
294.000000 402 2.000000 0.207975 0.823385 0.567378 -1.521710 2.637518 2.637518 
294.000000 403 2.000000 3.099146 10.975285 1.589305 -1.583283 5.032677 5.032677 
294.000000 404 2.000000 7.388647 19.075054 0.451905 0.601883 0.566482 0.566482 
294.000000 405 2.000000 4.674194 0.903731 -0.034425 0.420339 0.177870 0.177870 
294.000000 406 2.000000 1.424711 8.442877 1.424710 1.758932 5.123641 5.123641 
294.000000 407 2.000000 0.000001 9.566347 0.365433 1.427813 2.172191 2.172191 
294.000000 408 2.000000 0.704094 10.223962 -1.355294 0.619649 2.220786 2.220786 
294.000000 409 2.000000 8.610425 1.703135 1.008390 -0.682040 1.482029 1.482029 
294.000000 410 2.000000 8.768730 13.786199 -1.223372 0.015348 1.496874 1.496874 
294.000000 411 2.000000 6.722792 6.042505 0.652698 -0.429489 0.610475 0.610475 
294.000000 412 2.000000 1.348461 9.873730 0.728897 0.031092 0.532258 0.532258 
294.000000 413 2.000000 1.384620 8.731380 1.978027 -0.509892 4.172580 4.172580 
294.000000 414 2.000000 2.135395 6.870041 0.168141 0.184533 0.062324 0.062324 
294.000000 415 2.000000 2.184346 17.034720 0.038491 -0.200357 0.041624 0.041624 
294.000000 416 2.000000 8.827999 17.900091 -1.577302 -0.954504 3.398960 3.398960 
294.000000 417 2.000000 1.592760 16.372480 -1.409872 -0.570420 2.313117 2.313117 
294.000000 418 2.000000 4.368906 10.509976 0.605237 0.559468 0.679316 0.679316 
294.000000 419 2.000000 6.877217 7.541387 -0.544697 0.683992 0.764540 0.764540 
294.000000 420 2.000000 3.511935 17.550745 -0.928206 -2.085992 5.212931 5.212931 
294.000000 421 2.000000 7.397738 0.604985 -0.577721 0.483987 0.568005 0.568005 
294.000000 422 2.000000 5.978679 6.391222 2.874038 0.678639 8.720644 8.720644 
294.000000 423 2.000000 1.267944 12.504556 1.408825 -0.553169 2.290784 2.290784 
294.000000 424 2.000000 7.179940 12.035818 -2.235412 0.234857 5.052223 5.052223 
294.000000 425 2.000000 2.798210 11.411386 0.850032 0.727255 1.251455 1.251455 
294.000000 426 2.000000 6.989205 1.552223 -1.059552 0.646759 1.540948 1.540948 
294.000000 427 2.000000 8.207129 4.910843 1.116616 1.169248 2.613973 2.613973 
294.000000 428 2.000000 0.000001 3.736025 2.720884 -0.838349 8.106037 8.106037 
294.000000 429 2.000000 6.396129 3.740467 -0.204566 -0.314756 0.140919 0.140919 
294.000000 430 2.000000 3.986602 15.791049 -2.804513 -1.137554 9.159321 9.159321 
294.000000 431 2.000000 7.744990 19.423425 -1.585155 1.876659 6.034567 6.034567 
294.000000 432 2.000000 5.311049 2.683074 0.137365 0.851769 0.744380 0.744380 
294.000000 433 2.000000 5.564995 10.285014 -0.521408 -0.473540 0.496107 0.496107 
294.000000 434 2.000000 3.103000 8.523688 1.193461 -0.413561 1.595382 1.595382 
294.000000 435 2.000000 1.496134 16.833075 -0.555059 0.567913 0.630615 0.630615 
294.000000 436 2.000000 2.550810 8.617891 0.485868 0.098150 0.245702 0.245702 
294.000000 437 2.000000 2.267289 9.322960 0.630972 -0.141807 0.418234 0.418234 
294.000000 438 2.000000 6.313058 9.558149 -1.609838 -1.008472 3.608594 3.608594 
294.000000 439 2.000000 6.925666 14.160673 2.364612 3.073037 15.034944 15.034944 
294.000000 440 2.000000 4.623123 18.067484 1.104124 -1.017113 2.253609 2.253609 
294.000000 441 2.000000 4.183487 19.418570 1.673394 1.157343 4.139692 4.139692 
294.000000 442 2.000000 6.692391 14.503936 -1.372755 -1.928443 5.603349 5.603349 
294.000000 443 2.000000 5.252377 10.207053 -0.862653 0.454262 0.950524 0.950524 
294.000000 444 2.000000 5.082652 5.143613 1.155148 1.535407 3.691840 3.691840 
294.000000 445 2.000000 8.327267 9.611880 0.075885 1.224443 1.505020 1.505020 
294.000000 446 2.000000 7.107965 2.723729 -0.146639 2.368459 5.631101 5.631101 
294.000000 447 2.000000 0.000001 0.980760 1.205005 -0.103513 1.462752 1.462752 
294.000000 448 2.000000 6.094838 4.083916 -0.047788 -1.905639 3.633742 3.633742 
294.000000 449 2.000000 0.078476 12.458107 -1.067356 0.634000 1.541204 1.541204 
294.000000 450 2.000000 8.746575 13.612225 2.435651 -1.680275 8.755722 8.755722 
294.000000 451 2.000000 5.292162 8.162471 -1.851250 0.781098 4.037239 4.037239 
294.000000 452 2.000000 4.732204 18.776562 0.176282 -0.611718 0.405275 0.405275 
294.000000 453 2.000000 0.654180 7.732991 0.467271 -0.408860 0.385508 0.385508 
294.000000 454 2.000000 8.521412 4.855058 -0.475982 -0.515809 0.492618 0.492618 
294.000000 455 2.000000 4.777398 2.691852 -2.288334 0.841203 5.944095 5.944095 
294.000000 456 2.000000 0.443354 1.899913 1.773413 -0.148185 3.166954 3.166954 
294.000000 457 2.000000 3.465015 3.883679 1.283338 0.892799 2.444048 2.444048 
294.000000 458 2.000000 4.332979 8.802178 1.375549 1.956039 5.718223 5.718223 
294.000000 459 2.000000 2.911531 14.936478 -2.358184 1.118837 6.812827 6.812827 
294.000000 460 2.000000 3.029375 8.523995 -0.996450 0.384195 1.140519 1.140519 
294.000000 461 2.000000 4.979103 15.971703 -0.823489 0.286304 0.760104 0.760104 
294.000000 462 2.000000 0.559287 13.114584 1.118572 -0.643497 1.665292 1.665292 
294.000000 463 2.000000 5.651243 7.520860 0.551936 0.060949 0.308348 0.308348 
294.000000 464 2.000000 5.543339 16.615689 -0.547250 1.574947 2.779939 2.779939 
294.000000 465 2.000000 5.993504 16.907928 1.933388 0.889238 4.528734 4.528734 
294.000000 466 2.000000 3.851335 5.497346 -1.669693 -0.631652 3.186860 3.186860 
294.000000 467 2.000000 4.749464 16.475799 0.231194 -0.122476 0.068451 0.068451 
294.000000 468 2.000000 7.431081 14.749299 0.366967 -0.695457 0.618325 0.618325 
294.000000 469 2.000000 5.910579 5.311288 0.271549 0.628477 0.468722 0.468722 
294.000000 470 2.000000 8.725483 8.746877 -0.721442 -0.138645 0.539700 0.539700 
294.000000 471 2.000000 3.368264 18.996316 -0.289975 -0.340232 0.199843 0.199843 
294.000000 472 2.000000 8.009990 0.641336 0.202706 0.754512 0.610378 0.610378 
294.000000 473 2.000000 4.353343 7.591638 1.427325 -0.635257 2.440809 2.440809 
294.000000 474 2.000000 6.158532 3.357937 0.079712 -0.781317 0.616811 0.616811 
294.000000 475 2.000000 6.596889 7.691355 0.261797 -0.647823 0.488213 0.488213 
294.000000 476 2.000000 3.230125 3.124398 -1.339831 0.347727 1.916061 1.916061 
294.000000 477 2.000000 6.829139 16.918956 -1.327587 -0.844121 2.475029 2.475029 
294.000000 478 2.000000 4.536201 6.392879 -0.360692 1.006752 1.143649 1.143649 
294.000000 479 2.000000 7.481471 8.788560 0.629801 -0.962767 1.323569 1.323569 
294.000000 480 2.000000 8.080972 16.000387 0.124377 1.403997 1.986678 1.986678 
294.000000 481 2.000000 4.200013 3.627989 -0.358276 -0.701157 0.619982 0.619982 
294.000000 482 2.000000 3.213473 17.191483 -1.245425 -0.225013 1.601714 1.601714 
294.000000 483 2.000000 0.645909 5.300280 -0.982331 1.597711 3.517657 3.517657 
294.000000 484 2.000000 6.453962 13.427598 -0.757728 -1.268542 2.183351 2.183351 
294.000000 485 2.000000 1.861356 14.441826 0.043952 0.630118 0.398980 0.398980 
294.000000 486 2.000000 1.184051 0.727610 -1.836576 -1.966570 7.240410 7.240410 
294.000000 487 2.000000 1.175741 19.494995 -1.042207 0.004495 1.086215 1.086215 
294.000000 488 2.000000 2.762719 17.059032 -0.002944 -1.019153 1.038682 1.038682 
294.000000 489 2.000000 1.661354 1.738292 -0.244772 -0.890756 0.853359 0.853359 
294.000000 490 2.000000 2.255554 19.194761 0.194132 -0.960759 0.960745 0.960745 
294.000000 491 2.000000 2.880296 13.053843 2.504604 -0.202275 6.313956 6.313956 
294.000000 492 2.000000 4.817600 1.798930 0.176424 0.209011 0.074811 0.074811 
294.000000 493 2.000000 1.698969 10.334909 -0.375419 -1.918882 3.823046 3.823046 
294.000000 494 2.000000 8.055636 7.671852 -1.067818 0.644575 1.555712 1.555712 
294.000000 495 2.000000 4.751779 1.616317 0.475163 -0.242104 0.284394 0.284394 
294.000000 496 2.000000 4.153638 6.583521 0.282204 0.954793 0.991269 0.991269 
294.000000 497 2.000000 1.090751 2.522264 0.098710 2.017810 4.081301 4.081301 
294.000000 498 2.000000 1.522937 7.508221 -1.544198 -0.614383 2.762015 2.762015 
294.000000 499 2.000000 0.614794 14.509231 2.049311 -0.075358 4.205354 4.205354 
294.000000 500 2.000000 3.820656 8.793107 1.018841 0.179268 1.070175 1.070175 
