737.000000 1 2.000000 0.216911 11.765589 -0.529187 -0.823922 0.958886 0.958886 
737.000000 2 2.000000 0.710515 12.472461 1.979527 3.894017 19.081898 19.081898 
737.000000 3 2.000000 0.012421 16.087699 -0.286163 0.158114 0.106890 0.106890 
737.000000 4 2.000000 0.999999 3.169203 -6.403162 4.620384 62.348427 62.348427 
737.000000 5 2.000000 0.460972 19.747991 -2.695137 1.868596 10.755413 10.755413 
737.000000 6 2.000000 0.079982 12.916096 -3.066725 1.432379 11.456509 11.456509 
737.000000 7 2.000000 0.823119 18.441934 5.487452 5.218167 57.341399 57.341399 
737.000000 8 2.000000 0.204753 6.731304 4.095030 0.261176 16.837487 16.837487 
737.000000 9 2.000000 0.442616 0.234703 1.770462 -0.618243 3.516758 3.516758 
737.000000 10 2.000000 0.486210 9.284030 4.862094 4.886295 47.515835 47.515835 
737.000000 11 2.000000 0.502979 17.447859 0.628723 3.989924 16.314786 16.314786 
737.000000 12 2.000000 0.999999 15.971918 -8.588566 5.009842 98.861973 98.861973 
737.000000 13 2.000000 0.907739 9.605484 -0.461299 -2.143199 4.806099 4.806099 
737.000000 14 2.000000 0.671582 1.632027 0.872868 5.440088 30.356452 30.356452 
737.000000 15 2.000000 0.058294 2.175612 1.165867 1.523280 3.679628 3.679628 
737.000000 16 2.000000 0.626651 4.602534 -1.493391 -2.919421 10.753237 10.753237 
737.000000 17 2.000000 0.791745 3.861603 -4.165073 -4.644526 38.919455 38.919455 
737.000000 18 2.000000 0.433624 1.106348 -0.666324 3.160991 10.435854 10.435854 
737.000000 19 2.000000 0.407702 15.073152 0.145462 2.346015 5.524946 5.524946 
737.000000 20 2.000000 0.926185 12.452291 -1.476279 -2.618917 9.038127 9.038127 
737.000000 21 2.000000 0.110813 17.504819 2.216247 -3.041806 14.164336 14.164336 
737.000000 22 2.000000 0.072621 14.247423 -3.091261 1.871091 13.056875 13.056875 
737.000000 23 2.000000 0.048414 6.107019 -6.413756 2.756698 48.735644 48.735644 
737.000000 24 2.000000 0.292472 9.590005 -3.537633 1.532837 14.864434 14.864434 
737.000000 25 2.000000 0.376734 9.978896 7.534668 1.699767 59.660422 59.660422 
737.000000 26 2.000000 0.000001 19.569733 3.425655 -0.473853 11.959646 11.959646 
737.000000 27 2.000000 0.037609 8.886321 -6.415933 2.323633 46.563469 46.563469 
737.000000 28 2.000000 0.474958 10.290144 3.166381 -0.681228 10.490044 10.490044 
737.000000 29 2.000000 0.364342 13.034788 -1.816164 -2.526650 9.682413 9.682413 
737.000000 30 2.000000 0.033582 14.373486 0.671619 -1.345845 2.262372 2.262372 
737.000000 31 2.000000 0.600872 11.739383 -0.886950 1.145138 2.098021 2.098021 
737.000000 32 2.000000 0.545908 2.514188 -1.009092 -2.160752 5.687115 5.687115 
737.000000 33 2.000000 0.703154 2.202262 -0.715991 5.315336 28.765437 28.765437 
737.000000 34 2.000000 0.999999 9.675828 -7.815636 -2.264315 66.211281 66.211281 
737.000000 35 2.000000 0.287500 12.714187 -2.849995 -3.642906 21.393238 21.393238 
737.000000 36 2.000000 0.102254 13.262410 -5.984964 1.657231 38.566207 38.566207 
737.000000 37 2.000000 0.533375 19.347905 5.333739 -3.260470 39.079438 39.079438 
737.000000 38 2.000000 0.369370 16.546454 -2.522517 0.286644 6.445257 6.445257 
737.000000 39 2.000000 0.312329 12.069909 -6.876704 -0.431565 47.475309 47.475309 
737.000000 40 2.000000 0.524664 1.929967 0.551338 3.466776 12.322510 12.322510 
737.000000 41 2.000000 0.764834 4.968221 1.549487 -1.973754 6.296614 6.296614 
737.000000 42 2.000000 0.400871 14.732014 4.008698 2.349773 21.591093 21.591093 
737.000000 43 2.000000 0.531617 2.842145 0.430926 6.678775 44.791727 44.791727 
737.000000 44 2.000000 0.708828 3.201161 -5.823415 -4.510880 54.260200 54.260200 
737.000000 45 2.000000 0.377608 5.513768 -3.067242 -2.888455 17.751146 17.751146 
737.000000 46 2.000000 0.396507 13.598676 3.965058 -1.310238 17.438407 17.438407 
737.000000 47 2.000000 0.000001 1.923261 2.098591 -1.059557 5.526747 5.526747 
737.000000 48 2.000000 0.999999 18.523519 -2.651500 -0.894836 7.831185 7.831185 
737.000000 49 2.000000 0.974492 4.263061 -0.255066 3.813773 14.609920 14.609920 
737.000000 50 2.000000 0.581668 8.165544 -0.522914 -3.896947 15.459631 15.459631 
737.000000 51 2.000000 0.922892 14.039822 1.419832 -0.745210 2.571261 2.571261 
737.000000 52 2.000000 0.579916 9.476620 -2.800556 -3.053479 17.166851 17.166851 
737.000000 53 2.000000 0.158258 7.990429 -2.104353 8.252263 72.528148 72.528148 
737.000000 54 2.000000 0.039459 7.551547 -0.711511 -2.440873 6.464109 6.464109 
737.000000 55 2.000000 0.890980 10.782207 1.113724 1.794578 4.460891 4.460891 
737.000000 56 2.000000 0.999999 11.920722 -1.197784 -4.154540 18.694887 18.694887 
737.000000 57 2.000000 0.265302 5.390898 2.653012 -0.346887 7.158803 7.158803 
737.000000 58 2.000000 0.211046 0.966482 -0.639434 0.560794 0.723366 0.723366 
737.000000 59 2.000000 0.807371 1.826563 5.382467 -1.120808 30.227166 30.227166 
737.000000 60 2.000000 0.856205 3.356352 -2.875872 3.051228 17.580632 17.580632 
737.000000 61 2.000000 0.754372 11.070156 -1.637513 4.089942 19.409072 19.409072 
737.000000 62 2.000000 0.220001 14.535652 -2.599995 -1.367901 8.631126 8.631126 
737.000000 63 2.000000 0.370148 13.438241 1.480590 -3.749576 16.251464 16.251464 
737.000000 64 2.000000 0.335171 4.662509 0.158864 0.980677 0.986965 0.986965 
737.000000 65 2.000000 0.345447 9.758444 6.908913 -1.180438 49.126513 49.126513 
737.000000 66 2.000000 0.510792 10.150440 2.553953 -2.430683 12.430895 12.430895 
737.000000 67 2.000000 0.801425 7.195902 -3.971483 -0.878075 16.543696 16.543696 
737.000000 68 2.000000 0.730666 15.186797 -5.386661 3.541934 41.561416 41.561416 
737.000000 69 2.000000 0.837370 13.428443 1.542921 -0.398620 2.539504 2.539504 
737.000000 70 2.000000 0.400990 4.257620 2.605694 2.723531 14.207263 14.207263 
737.000000 71 2.000000 0.632956 8.323323 -7.340866 2.699319 61.174637 61.174637 
737.000000 72 2.000000 0.786093 16.673518 -1.069528 2.712055 8.499134 8.499134 
737.000000 73 2.000000 0.363696 12.239617 -6.363027 10.199680 144.521578 144.521578 
737.000000 74 2.000000 0.369763 16.098873 2.908929 5.810566 42.224550 42.224550 
737.000000 75 2.000000 0.999999 2.475443 -0.623110 2.912284 8.869666 8.869666 
737.000000 76 2.000000 0.411084 2.779326 -2.355660 2.352513 11.083449 11.083449 
737.000000 77 2.000000 0.485260 13.031042 -3.431593 -6.968957 60.342185 60.342185 
737.000000 78 2.000000 0.344841 17.325139 6.896799 4.032504 63.826929 63.826929 
737.000000 79 2.000000 0.000001 5.302045 3.031854 -4.731535 31.579557 31.579557 
737.000000 80 2.000000 0.326925 10.753336 0.817311 5.376667 29.576548 29.576548 
737.000000 81 2.000000 0.189030 10.365886 -4.054847 -5.076337 42.210981 42.210981 
737.000000 82 2.000000 0.999999 7.198220 -6.198075 5.141585 64.852031 64.852031 
737.000000 83 2.000000 0.446268 13.613483 1.487556 7.606471 60.071221 60.071221 
737.000000 84 2.000000 0.471460 12.107310 1.885836 -2.714918 10.927157 10.927157 
737.000000 85 2.000000 0.163162 16.285223 -1.394728 -5.699302 34.427311 34.427311 
737.000000 86 2.000000 0.895236 6.253278 1.415549 1.065886 3.139890 3.139890 
737.000000 87 2.000000 0.313600 17.821471 6.271986 0.216970 39.384887 39.384887 
737.000000 88 2.000000 0.417617 4.037477 -5.823818 -0.790706 34.542072 34.542072 
737.000000 89 2.000000 0.432934 18.737047 -0.031550 -1.943003 3.776254 3.776254 
737.000000 90 2.000000 0.520917 15.800202 -2.395410 -3.471496 17.789277 17.789277 
737.000000 91 2.000000 0.733811 10.596996 -1.064750 1.672734 3.931731 3.931731 
737.000000 92 2.000000 0.719733 13.091363 -5.605313 2.916744 39.926932 39.926932 
737.000000 93 2.000000 0.406470 9.427956 1.625876 0.190343 2.679702 2.679702 
737.000000 94 2.000000 0.910692 8.174305 -1.786136 1.272043 4.808373 4.808373 
737.000000 95 2.000000 0.883542 2.173647 -1.164571 0.527145 1.634107 1.634107 
737.000000 96 2.000000 0.367526 17.313994 -4.216486 -2.335657 23.234046 23.234046 
737.000000 97 2.000000 0.999999 2.417020 -2.833471 4.834038 31.396480 31.396480 
737.000000 98 2.000000 0.143887 19.124408 -0.208808 -1.094489 1.241508 1.241508 
737.000000 99 2.000000 0.708995 14.079742 -5.820087 3.950898 49.483003 49.483003 
737.000000 100 2.000000 0.090932 13.224016 -0.125395 -0.025218 0.016360 0.016360 
737.000000 101 2.000000 0.344663 5.497206 2.297747 -0.541894 5.573290 5.573290 
737.000000 102 2.000000 0.999999 4.074157 -5.422689 -0.561361 29.720683 29.720683 
737.000000 103 2.000000 0.785979 6.825937 1.571956 -0.260280 2.538791 2.538791 
737.000000 104 2.000000 0.068082 17.044897 -3.727670 -2.440245 19.850317 19.850317 
737.000000 105 2.000000 0.198308 4.123488 3.966136 -1.161587 17.079520 17.079520 
737.000000 106 2.000000 0.101298 18.557981 -0.181556 -4.120050 17.007778 17.007778 
737.000000 107 2.000000 0.342665 15.399482 1.713320 3.518019 15.311919 15.311919 
737.000000 108 2.000000 0.000001 8.626514 10.887937 -6.318603 158.471914 158.471914 
737.000000 109 2.000000 0.999999 18.018684 -3.130375 -0.466329 10.016710 10.016710 
737.000000 110 2.000000 0.949817 16.759644 -1.003633 1.116767 2.254447 2.254447 
737.000000 111 2.000000 0.466848 17.984733 0.933695 -6.717555 45.997326 45.997326 
737.000000 112 2.000000 0.243337 11.673752 -7.566616 5.239255 84.703468 84.703468 
737.000000 113 2.000000 0.851904 7.518073 5.679352 -1.661521 35.015697 35.015697 
737.000000 114 2.000000 0.000001 3.645592 6.156318 -1.327282 39.661925 39.661925 
737.000000 115 2.000000 0.000001 7.811995 5.826942 -8.132012 100.082870 100.082870 
737.000000 116 2.000000 0.451780 3.672959 4.517789 -0.227895 20.462354 20.462354 
737.000000 117 2.000000 0.185803 18.530270 -0.091644 -0.668059 0.454701 0.454701 
737.000000 118 2.000000 0.059441 2.699646 -6.270387 -0.151371 39.340668 39.340668 
737.000000 119 2.000000 0.905755 5.347943 2.587870 -4.246973 24.733847 24.733847 
737.000000 120 2.000000 0.186249 8.323281 3.724962 -0.278591 13.952958 13.952958 
737.000000 121 2.000000 0.826061 13.067006 -3.478767 4.758152 34.741831 34.741831 
737.000000 122 2.000000 0.902777 12.549180 -1.944437 -0.341679 3.897579 3.897579 
737.000000 123 2.000000 0.321943 4.589287 1.073139 2.808049 9.036769 9.036769 
737.000000 124 2.000000 0.573871 5.644477 3.893595 -6.308576 54.958209 54.958209 
737.000000 125 2.000000 0.702716 14.637328 -2.972829 -0.717884 9.353068 9.353068 
737.000000 126 2.000000 0.757899 0.816102 1.170628 2.720337 8.770602 8.770602 
737.000000 127 2.000000 0.609542 9.462978 -3.904571 -2.027978 19.358372 19.358372 
737.000000 128 2.000000 0.000001 17.047236 0.843455 -4.542713 21.347653 21.347653 
737.000000 129 2.000000 0.999999 15.989929 -8.761543 -0.614417 77.142141 77.142141 
737.000000 130 2.000000 0.000001 11.302685 4.603604 -2.808897 29.083072 29.083072 
737.000000 131 2.000000 0.613507 4.198887 -7.729831 0.690092 60.226507 60.226507 
737.000000 132 2.000000 0.313433 14.303688 -6.865657 -4.069910 63.701406 63.701406 
737.000000 133 2.000000 0.552123 12.737053 -1.618913 0.581215 2.958690 2.958690 
737.000000 134 2.000000 0.786155 6.605790 -4.276872 -1.981535 22.218116 22.218116 
737.000000 135 2.000000 0.183941 8.289576 3.678795 0.288244 13.616620 13.616620 
737.000000 136 2.000000 0.000001 3.773660 3.640482 -1.566346 15.706547 15.706547 
737.000000 137 2.000000 0.985595 14.930129 0.924719 7.839330 62.310206 62.310206 
737.000000 138 2.000000 0.707559 4.932344 1.088550 -0.247216 1.246057 1.246057 
737.000000 139 2.000000 0.614006 0.000001 0.383753 1.314742 1.875813 1.875813 
737.000000 140 2.000000 0.155942 14.424343 0.445546 -1.152758 1.527363 1.527363 
737.000000 141 2.000000 0.714518 8.506566 4.763447 0.297036 22.778661 22.778661 
737.000000 142 2.000000 0.809335 5.804647 -1.271092 -1.998557 5.609907 5.609907 
737.000000 143 2.000000 0.628763 2.137478 0.906040 1.908422 4.462981 4.462981 
737.000000 144 2.000000 0.224983 1.980549 0.499959 -2.094441 4.636644 4.636644 
737.000000 145 2.000000 0.000001 16.562812 2.611630 5.617711 38.379291 38.379291 
737.000000 146 2.000000 0.360638 8.726585 7.212734 4.592939 73.118624 73.118624 
737.000000 147 2.000000 0.139238 18.106352 2.784746 -1.991762 11.721925 11.721925 
737.000000 148 2.000000 0.686408 18.329823 6.864075 5.554491 77.967899 77.967899 
737.000000 149 2.000000 0.725547 12.666321 0.559527 -2.425997 6.198534 6.198534 
737.000000 150 2.000000 0.999999 11.853700 -3.398017 0.557202 11.856990 11.856990 
737.000000 151 2.000000 0.919236 3.328065 3.676939 -3.611265 26.561113 26.561113 
737.000000 152 2.000000 0.999999 1.378969 -5.356739 -0.458519 28.904897 28.904897 
737.000000 153 2.000000 0.460690 1.773052 2.303447 -0.558276 5.617541 5.617541 
737.000000 154 2.000000 0.146943 18.430226 2.938834 0.845809 9.352136 9.352136 
737.000000 155 2.000000 0.519159 18.574299 -1.280016 -5.808691 35.379328 35.379328 
737.000000 156 2.000000 0.586957 13.696342 -0.153527 -1.372534 1.907419 1.907419 
737.000000 157 2.000000 0.190125 14.505986 -1.794420 -2.596870 9.963679 9.963679 
737.000000 158 2.000000 0.926257 1.370054 0.269973 -3.217128 10.422796 10.422796 
737.000000 159 2.000000 0.459053 10.219720 -1.803152 0.092795 3.259968 3.259968 
737.000000 160 2.000000 0.241387 19.842793 2.413860 -3.144128 15.712262 15.712262 
737.000000 161 2.000000 0.139168 2.153346 -5.738873 6.152413 70.786856 70.786856 
737.000000 162 2.000000 0.315967 3.827815 -4.560212 6.959663 69.232433 69.232433 
737.000000 163 2.000000 0.482597 4.737495 -5.174017 -4.250041 44.833298 44.833298 
737.000000 164 2.000000 0.999999 1.787420 -3.404853 7.149675 62.710880 62.710880 
737.000000 165 2.000000 0.232320 1.634697 1.161597 3.632659 14.545517 14.545517 
737.000000 166 2.000000 0.238353 7.764774 -5.077642 -0.385598 25.931130 25.931130 
737.000000 167 2.000000 0.385143 8.005878 1.540568 3.823512 16.992590 16.992590 
737.000000 168 2.000000 0.517641 6.909398 -1.607859 1.401201 4.548575 4.548575 
737.000000 169 2.000000 0.705043 10.194178 2.166083 0.139495 4.711375 4.711375 
737.000000 170 2.000000 0.203509 13.269417 -7.964902 0.858643 64.176933 64.176933 
737.000000 171 2.000000 0.577423 11.262897 2.309686 2.256318 10.425621 10.425621 
737.000000 172 2.000000 0.000001 13.947995 6.831175 1.206921 48.121616 48.121616 
737.000000 173 2.000000 0.989472 12.158737 6.596472 0.726646 44.041456 44.041456 
737.000000 174 2.000000 0.069793 8.571281 -3.100687 -0.058992 9.617740 9.617740 
737.000000 175 2.000000 0.432590 6.110296 -0.515826 -5.120231 26.482842 26.482842 
737.000000 176 2.000000 0.000001 1.926404 1.938083 4.273910 22.022474 22.022474 
737.000000 177 2.000000 0.458291 18.825762 0.416628 -5.871184 34.644375 34.644375 
737.000000 178 2.000000 0.000001 16.119467 4.116181 -0.494169 17.187151 17.187151 
737.000000 179 2.000000 0.709294 18.061981 2.364309 -3.523668 18.006197 18.006197 
737.000000 180 2.000000 0.397057 19.117141 -3.014711 -2.207144 13.959971 13.959971 
737.000000 181 2.000000 0.473985 3.669088 2.369919 2.800918 13.461660 13.461660 
737.000000 182 2.000000 0.668164 3.069565 -0.066367 -0.907117 0.827266 0.827266 
737.000000 183 2.000000 0.779944 15.791987 3.899713 1.321685 16.954616 16.954616 
737.000000 184 2.000000 0.179300 8.055452 -0.820699 -2.444839 6.650785 6.650785 
737.000000 185 2.000000 0.828280 8.072626 2.459232 2.684313 13.253362 13.253362 
737.000000 186 2.000000 0.493231 2.950463 -1.689226 5.364476 31.631089 31.631089 
737.000000 187 2.000000 0.280286 0.346116 -2.031630 -0.423133 4.306560 4.306560 
737.000000 188 2.000000 0.797745 10.445598 -4.045078 -0.803495 17.008262 17.008262 
737.000000 189 2.000000 0.764182 18.460787 -0.589542 2.626408 7.245579 7.245579 
737.000000 190 2.000000 0.967311 2.976557 1.306646 7.441390 57.081606 57.081606 
737.000000 191 2.000000 0.421059 10.312643 4.210583 -1.364250 19.590190 19.590190 
737.000000 192 2.000000 0.821169 18.248971 -3.576607 7.048120 62.468110 62.468110 
737.000000 193 2.000000 0.296117 4.848846 -2.815528 1.684361 10.764266 10.764266 
737.000000 194 2.000000 0.895448 2.247929 2.984824 1.313067 10.633318 10.633318 
737.000000 195 2.000000 0.000001 9.554407 2.965396 -5.892069 43.510052 43.510052 
737.000000 196 2.000000 0.331272 19.402570 -1.910647 0.752830 4.217326 4.217326 
737.000000 197 2.000000 0.159827 13.453251 3.196529 -1.879958 13.752041 13.752041 
737.000000 198 2.000000 0.834495 7.896499 -3.310073 3.216044 21.299525 21.299525 
737.000000 199 2.000000 0.312767 0.775893 -4.581550 1.293153 22.662840 22.662840 
737.000000 200 2.000000 0.122284 18.513337 -5.851430 2.785071 41.995855 41.995855 
737.000000 201 2.000000 0.112025 5.301665 2.240479 -0.838877 5.723459 5.723459 
737.000000 202 2.000000 0.783459 14.197814 -2.165405 -0.950029 5.591534 5.591534 
737.000000 203 2.000000 0.774561 18.788068 2.581865 -2.423862 12.541138 12.541138 
737.000000 204 2.000000 0.425631 6.687273 -3.829120 -1.383982 16.577565 16.577565 
737.000000 205 2.000000 0.089755 2.941811 0.897539 -0.409945 0.973630 0.973630 
737.000000 206 2.000000 0.985768 5.593961 0.104382 3.649402 13.329027 13.329027 
737.000000 207 2.000000 0.000001 14.875017 4.451775 0.602437 20.181234 20.181234 
737.000000 208 2.000000 0.999999 13.598793 -5.511564 2.097308 34.776040 34.776040 
737.000000 209 2.000000 0.499810 8.429429 -2.500944 -0.191703 6.291469 6.291469 
737.000000 210 2.000000 0.593686 4.186368 0.913361 -4.069217 17.392757 17.392757 
737.000000 211 2.000000 0.347903 1.855429 0.096824 3.289586 10.830752 10.830752 
737.000000 212 2.000000 0.721006 11.388393 2.403351 -1.574400 8.254831 8.254831 
737.000000 213 2.000000 0.255194 12.702881 1.275966 0.597023 1.984525 1.984525 
737.000000 214 2.000000 0.684034 18.283918 -1.053218 3.608878 14.133270 14.133270 
737.000000 215 2.000000 0.999999 8.644597 -2.983984 1.124326 10.168271 10.168271 
737.000000 216 2.000000 0.000001 6.332045 8.316619 -3.691585 82.793963 82.793963 
737.000000 217 2.000000 0.041834 12.197581 -1.277553 0.781524 2.242921 2.242921 
737.000000 218 2.000000 0.750388 7.836519 5.002581 0.171865 25.055353 25.055353 
737.000000 219 2.000000 0.568017 0.519851 2.840079 3.465667 20.076893 20.076893 
737.000000 220 2.000000 0.738840 9.940060 3.694197 2.992580 22.602626 22.602626 
737.000000 221 2.000000 0.397863 3.090935 -2.408544 -1.002394 6.805878 6.805878 
737.000000 222 2.000000 0.999999 4.001255 -4.023463 0.893959 16.987419 16.987419 
737.000000 223 2.000000 0.708870 2.216073 0.154761 1.380875 1.930767 1.930767 
737.000000 224 2.000000 0.939661 13.028213 1.117048 -0.244506 1.307580 1.307580 
737.000000 225 2.000000 0.431426 14.690279 -3.790489 2.690675 21.607541 21.607541 
737.000000 226 2.000000 0.845829 12.068880 -3.083405 -3.237191 19.986797 19.986797 
737.000000 227 2.000000 0.000001 18.587471 2.439199 -9.416853 94.626805 94.626805 
737.000000 228 2.000000 0.427533 5.511738 1.710128 2.482030 9.085011 9.085011 
737.000000 229 2.000000 0.000001 7.816911 3.606197 1.660285 15.761200 15.761200 
737.000000 230 2.000000 0.326197 13.836337 6.523924 -2.048905 46.759594 46.759594 
737.000000 231 2.000000 0.678910 11.924536 2.263030 -0.468448 5.340747 5.340747 
737.000000 232 2.000000 0.825543 9.620202 3.302167 0.371970 11.042666 11.042666 
737.000000 233 2.000000 0.193330 17.102262 3.866576 -9.659123 108.249077 108.249077 
737.000000 234 2.000000 0.196326 12.233034 -2.296208 -6.970997 53.867364 53.867364 
737.000000 235 2.000000 0.325725 9.796288 -1.722479 -3.923035 18.357138 18.357138 
737.000000 236 2.000000 0.652868 6.489712 -1.735653 -1.957160 6.842966 6.842966 
737.000000 237 2.000000 0.050259 17.069755 -2.713542 -1.502689 9.621387 9.621387 
737.000000 238 2.000000 0.341617 6.077505 2.277439 4.384516 24.410707 24.410707 
737.000000 239 2.000000 0.221105 6.998529 4.422070 -6.676281 64.127433 64.127433 
737.000000 240 2.000000 0.366984 5.501879 -1.796402 1.343382 5.031736 5.031736 
737.000000 241 2.000000 0.000001 13.591253 2.449840 1.726104 8.981149 8.981149 
737.000000 242 2.000000 0.982350 13.691183 0.262303 3.221546 10.447165 10.447165 
737.000000 243 2.000000 0.822777 19.910795 4.113881 -0.892044 17.719763 17.719763 
737.000000 244 2.000000 0.895524 3.005285 5.970151 5.464152 65.499660 65.499660 
737.000000 245 2.000000 0.516931 2.628332 2.067719 7.509516 60.668291 60.668291 
737.000000 246 2.000000 0.999999 19.195526 -1.471765 -2.298495 7.449170 7.449170 
737.000000 247 2.000000 0.728441 16.229968 -0.265846 -4.452574 19.896088 19.896088 
737.000000 248 2.000000 0.245677 4.498435 -5.028814 -0.959633 26.209870 26.209870 
737.000000 249 2.000000 0.000001 14.689406 2.372593 0.707414 6.129632 6.129632 
737.000000 250 2.000000 0.602957 12.696842 2.411822 1.942083 9.588574 9.588574 
737.000000 251 2.000000 0.047778 4.925438 -2.674664 -6.161049 45.112348 45.112348 
737.000000 252 2.000000 0.382424 7.345333 3.564780 1.084352 13.883474 13.883474 
737.000000 253 2.000000 0.684355 15.457109 2.737418 1.288661 9.154104 9.154104 
737.000000 254 2.000000 0.000001 14.026033 3.348470 2.760045 18.830099 18.830099 
737.000000 255 2.000000 0.592714 4.959909 -8.145708 4.312964 84.954215 84.954215 
737.000000 256 2.000000 0.038582 11.996029 -3.845668 -2.465055 20.865656 20.865656 
737.000000 257 2.000000 0.632252 0.543311 -1.838737 5.433096 32.899486 32.899486 
737.000000 258 2.000000 0.575074 1.052217 -1.062313 -1.393967 3.071652 3.071652 
737.000000 259 2.000000 0.726661 0.265576 -2.733375 0.151321 7.494240 7.494240 
737.000000 260 2.000000 0.066592 10.156167 1.331811 1.505242 4.039475 4.039475 
737.000000 261 2.000000 0.283251 2.878107 -0.447968 3.837475 14.926889 14.926889 
737.000000 262 2.000000 0.398642 8.638270 -0.429541 5.398918 29.332825 29.332825 
737.000000 263 2.000000 0.189992 13.008486 -5.400046 2.703713 36.470559 36.470559 
737.000000 264 2.000000 0.114261 9.838872 -3.542951 2.361321 18.128339 18.128339 
737.000000 265 2.000000 0.418784 0.863733 4.187830 -1.397039 19.489638 19.489638 
737.000000 266 2.000000 0.496681 0.000001 -5.033176 5.240469 52.795373 52.795373 
737.000000 267 2.000000 0.231022 17.403335 2.310214 -3.054899 14.669496 14.669496 
737.000000 268 2.000000 0.028822 2.262167 -0.690173 -1.103851 1.694827 1.694827 
737.000000 269 2.000000 0.353016 0.521496 1.765077 2.134535 7.671737 7.671737 
737.000000 270 2.000000 0.168958 3.745193 -4.155204 0.272281 17.339856 17.339856 
737.000000 271 2.000000 0.999999 16.342784 -4.375994 4.646381 40.738180 40.738180 
737.000000 272 2.000000 0.936773 19.277364 1.051589 1.745962 4.154225 4.154225 
737.000000 273 2.000000 0.764094 7.914146 0.059965 -3.266447 10.673271 10.673271 
737.000000 274 2.000000 0.401846 18.309260 -5.981528 3.310827 46.740253 46.740253 
737.000000 275 2.000000 0.143656 19.256254 0.957700 5.283443 28.831954 28.831954 
737.000000 276 2.000000 0.209740 10.380845 4.194770 -1.838064 20.974574 20.974574 
737.000000 277 2.000000 0.999999 19.014292 -6.244900 -4.928533 63.289212 63.289212 
737.000000 278 2.000000 0.000001 0.482797 2.702193 -3.264016 17.955644 17.955644 
737.000000 279 2.000000 0.764898 19.832800 -2.351009 -1.671989 8.322790 8.322790 
737.000000 280 2.000000 0.034593 7.838974 -0.256820 -4.721592 22.359388 22.359388 
737.000000 281 2.000000 0.894709 16.558565 -0.139377 -0.331746 0.129481 0.129481 
737.000000 282 2.000000 0.468463 8.652988 -0.462205 1.331584 1.986751 1.986751 
737.000000 283 2.000000 0.691761 14.220504 6.917602 3.206294 58.133545 58.133545 
737.000000 284 2.000000 0.239403 10.961516 -0.338043 0.160278 0.139962 0.139962 
737.000000 285 2.000000 0.236209 0.270996 -1.018387 2.709952 8.380949 8.380949 
737.000000 286 2.000000 0.246039 14.824106 1.230191 4.991320 26.426643 26.426643 
737.000000 287 2.000000 0.462331 3.752669 0.047529 1.531701 2.348368 2.348368 
737.000000 288 2.000000 0.845172 19.079773 -3.096531 3.402139 21.163059 21.163059 
737.000000 289 2.000000 0.999999 1.148798 -4.598324 -0.991137 22.126936 22.126936 
737.000000 290 2.000000 0.880688 2.053568 5.871248 1.173467 35.848580 35.848580 
737.000000 291 2.000000 0.723243 15.242001 -1.107024 -3.263876 11.878389 11.878389 
737.000000 292 2.000000 0.600540 7.109455 0.483958 2.442098 6.198057 6.198057 
737.000000 293 2.000000 0.197726 0.000001 -0.042573 5.640968 31.822336 31.822336 
737.000000 294 2.000000 0.649485 18.417243 -7.010282 5.547716 79.921207 79.921207 
737.000000 295 2.000000 0.688617 11.732513 -1.037941 -3.444786 12.943870 12.943870 
737.000000 296 2.000000 0.861923 6.060580 3.447686 -3.924242 27.286215 27.286215 
737.000000 297 2.000000 0.810996 15.760031 1.802212 2.601772 10.017186 10.017186 
737.000000 298 2.000000 0.158102 18.694405 0.045415 -0.194713 0.039976 0.039976 
737.000000 299 2.000000 0.125771 5.097027 0.209617 3.775575 14.298905 14.298905 
737.000000 300 2.000000 0.796962 6.142121 2.656538 -1.935613 10.803793 10.803793 
737.000000 301 2.000000 0.999999 16.932636 -1.814537 3.823344 17.910504 17.910504 
737.000000 302 2.000000 0.362432 14.233595 -4.250447 -9.610673 110.431343 110.431343 
737.000000 303 2.000000 0.192052 14.957142 -4.039734 1.355467 18.156741 18.156741 
737.000000 304 2.000000 0.999999 11.623594 -2.619492 1.030721 7.924125 7.924125 
737.000000 305 2.000000 0.999999 8.876402 -3.763441 2.664994 21.265682 21.265682 
737.000000 306 2.000000 0.908391 14.547438 -1.832150 1.944197 7.136675 7.136675 
737.000000 307 2.000000 0.999999 5.456920 -8.432328 -4.248314 89.152330 89.152330 
737.000000 308 2.000000 0.833452 9.014902 2.381288 1.033364 6.738372 6.738372 
737.000000 309 2.000000 0.662419 5.697815 1.656044 1.514842 5.037228 5.037228 
737.000000 310 2.000000 0.000001 4.154259 2.748926 5.192822 34.521999 34.521999 
737.000000 311 2.000000 0.791815 7.322928 2.004568 7.137903 54.967953 54.967953 
737.000000 312 2.000000 0.101999 10.651518 -1.282856 -2.934206 10.255287 10.255287 
737.000000 313 2.000000 0.730425 6.068722 3.652121 -0.022355 13.338484 13.338484 
737.000000 314 2.000000 0.480719 17.636979 -1.730932 -1.050231 4.099110 4.099110 
737.000000 315 2.000000 0.791679 12.722120 2.261937 -5.608195 36.568209 36.568209 
737.000000 316 2.000000 0.801276 2.615668 4.006377 0.310529 16.147482 16.147482 
737.000000 317 2.000000 0.042858 18.448007 -6.380938 -4.434263 60.379066 60.379066 
737.000000 318 2.000000 0.733606 11.345914 4.890700 3.545598 36.490210 36.490210 
737.000000 319 2.000000 0.156446 17.130544 -0.571375 1.756715 3.412516 3.412516 
737.000000 320 2.000000 0.375827 6.691266 -2.080575 2.676506 11.492475 11.492475 
737.000000 321 2.000000 0.020253 14.444653 0.405049 -1.556174 2.585743 2.585743 
737.000000 322 2.000000 0.623521 17.321605 -7.529552 1.542217 59.072584 59.072584 
737.000000 323 2.000000 0.687166 18.087667 6.871646 -2.942049 55.875174 55.875174 
737.000000 324 2.000000 0.735954 0.713170 2.876395 -1.068657 9.415676 9.415676 
737.000000 325 2.000000 0.443534 18.266216 -3.709765 10.182745 117.450655 117.450655 
737.000000 326 2.000000 0.700987 18.592936 -5.980248 2.154650 40.405884 40.405884 
737.000000 327 2.000000 0.308284 12.784172 0.970822 2.184545 5.714731 5.714731 
737.000000 328 2.000000 0.210256 0.493688 4.205100 -6.267878 56.969159 56.969159 
737.000000 329 2.000000 0.495038 18.436423 -5.049607 3.590849 38.392724 38.392724 
737.000000 330 2.000000 0.562676 1.136651 0.216413 -2.570984 6.656793 6.656793 
737.000000 331 2.000000 0.307040 10.232777 -0.367172 -3.800498 14.578600 14.578600 
737.000000 332 2.000000 0.422006 6.045884 0.937788 -0.960516 1.802037 1.802037 
737.000000 333 2.000000 0.876260 19.652526 0.431816 -0.377274 0.328801 0.328801 
737.000000 334 2.000000 0.351436 4.505362 -1.441251 1.128543 3.350811 3.350811 
737.000000 335 2.000000 0.000001 5.567863 1.838957 -3.683193 16.947671 16.947671 
737.000000 336 2.000000 0.860747 11.579713 -2.683276 0.179770 7.232287 7.232287 
737.000000 337 2.000000 0.851555 15.968627 1.892342 -2.519608 9.929380 9.929380 
737.000000 338 2.000000 0.813446 14.289285 1.847133 4.768960 26.154874 26.154874 
737.000000 339 2.000000 0.028052 6.526924 -2.776991 1.421327 9.731848 9.731848 
737.000000 340 2.000000 0.895266 5.150938 -2.094664 -0.264074 4.457351 4.457351 
737.000000 341 2.000000 0.222118 1.228795 -5.185875 -1.207563 28.351508 28.351508 
737.000000 342 2.000000 0.865616 0.150324 -2.687658 3.006466 16.262343 16.262343 
737.000000 343 2.000000 0.727559 12.373407 -0.495345 1.551036 2.651079 2.651079 
737.000000 344 2.000000 0.471669 10.441911 0.857578 -5.792781 34.291746 34.291746 
737.000000 345 2.000000 0.199474 14.815752 0.997365 -0.763965 1.578380 1.578380 
737.000000 346 2.000000 0.271286 0.361799 -3.648972 2.278504 18.506579 18.506579 
737.000000 347 2.000000 0.348172 14.806415 -6.518272 5.019307 67.681304 67.681304 
737.000000 348 2.000000 0.208573 12.843755 -0.755714 1.029889 1.631775 1.631775 
737.000000 349 2.000000 0.039720 16.057732 0.198596 -2.487786 6.228520 6.228520 
737.000000 350 2.000000 0.561413 11.452979 2.245649 5.192124 32.001094 32.001094 
737.000000 351 2.000000 0.790774 6.394257 -2.092247 -0.811123 5.035417 5.035417 
737.000000 352 2.000000 0.221170 13.702164 4.423385 -2.752979 27.145226 27.145226 
737.000000 353 2.000000 0.851934 8.009263 -2.961297 -2.264628 13.897822 13.897822 
737.000000 354 2.000000 0.794896 7.341392 -5.127316 2.014135 30.346110 30.346110 
737.000000 355 2.000000 0.506086 4.929962 10.121698 4.246115 120.478258 120.478258 
737.000000 356 2.000000 0.269911 6.595009 5.398200 -3.971733 44.915226 44.915226 
737.000000 357 2.000000 0.506289 16.516464 -5.093325 3.863218 40.866412 40.866412 
737.000000 358 2.000000 0.675305 1.213271 1.494501 -4.215799 20.006493 20.006493 
737.000000 359 2.000000 0.679099 0.546194 -0.641801 0.334106 0.523536 0.523536 
737.000000 360 2.000000 0.394446 3.367605 -0.177252 0.736331 0.573602 0.573602 
737.000000 361 2.000000 0.219613 4.551709 -1.200594 0.715787 1.953778 1.953778 
737.000000 362 2.000000 0.000001 9.396539 6.162370 1.074865 39.130135 39.130135 
737.000000 363 2.000000 0.113474 14.542890 -1.058145 0.881022 1.895871 1.895871 
737.000000 364 2.000000 0.847870 1.212430 1.289838 0.360730 1.793808 1.793808 
737.000000 365 2.000000 0.367567 1.556160 -1.806948 1.057201 4.382737 4.382737 
737.000000 366 2.000000 0.926524 15.141087 0.882403 3.830780 15.453509 15.453509 
737.000000 367 2.000000 0.343820 11.688959 0.982339 4.415787 20.464161 20.464161 
737.000000 368 2.000000 0.000001 0.875663 4.316531 5.837746 52.711711 52.711711 
737.000000 369 2.000000 0.731405 2.605921 -5.371887 -1.579322 31.351430 31.351430 
737.000000 370 2.000000 0.730434 12.426382 -2.695653 -6.311347 47.099648 47.099648 
737.000000 371 2.000000 0.027843 4.925482 0.956337 -5.810154 34.672469 34.672469 
737.000000 372 2.000000 0.562908 9.662859 -4.370911 -2.985801 28.019872 28.019872 
737.000000 373 2.000000 0.275104 6.513409 5.502058 2.290248 35.517876 35.517876 
737.000000 374 2.000000 0.252636 1.293797 0.082985 -2.935251 8.622588 8.622588 
737.000000 375 2.000000 0.121144 15.589593 -0.408770 -4.200387 17.810343 17.810343 
737.000000 376 2.000000 0.545816 14.732042 2.183260 8.655918 79.691532 79.691532 
737.000000 377 2.000000 0.133099 7.060088 0.887322 7.341395 54.683422 54.683422 
737.000000 378 2.000000 0.000001 16.667146 2.476768 -3.703170 19.847849 19.847849 
737.000000 379 2.000000 0.399561 1.539363 0.347443 -1.024029 1.169352 1.169352 
737.000000 380 2.000000 0.728623 1.528681 -2.713765 -7.439424 62.709551 62.709551 
737.000000 381 2.000000 0.789360 15.816387 -4.212780 -5.560173 48.663037 48.663037 
737.000000 382 2.000000 0.663049 5.174004 6.630484 -1.920698 47.652397 47.652397 
737.000000 383 2.000000 0.487533 17.827903 -0.931757 -3.620160 13.973730 13.973730 
737.000000 384 2.000000 0.579261 14.982169 -0.198984 -1.120883 1.295974 1.295974 
737.000000 385 2.000000 0.999999 18.024554 -0.328398 -2.201461 4.954276 4.954276 
737.000000 386 2.000000 0.625437 8.623334 6.254360 -7.070689 89.111663 89.111663 
737.000000 387 2.000000 0.487071 15.379612 1.242331 6.223418 40.274317 40.274317 
737.000000 388 2.000000 0.999999 3.824899 -6.478575 -4.082913 58.642114 58.642114 
737.000000 389 2.000000 0.385344 0.829337 3.853432 -4.025923 31.056995 31.056995 
737.000000 390 2.000000 0.786688 11.950102 -4.266223 -2.551268 24.709625 24.709625 
737.000000 391 2.000000 0.019782 10.532077 -3.267389 2.088163 15.036255 15.036255 
737.000000 392 2.000000 0.206082 6.652999 -5.292780 -6.061216 64.751856 64.751856 
737.000000 393 2.000000 0.453026 3.602733 0.306139 5.948770 35.481584 35.481584 
737.000000 394 2.000000 0.773457 11.079827 0.455701 -1.872579 3.714215 3.714215 
737.000000 395 2.000000 0.109788 2.427019 2.195733 4.854035 28.382902 28.382902 
737.000000 396 2.000000 0.422093 2.570869 -3.851978 -4.529304 35.352327 35.352327 
737.000000 397 2.000000 0.564676 2.732340 -0.762284 -1.290703 2.246992 2.246992 
737.000000 398 2.000000 0.693099 17.131357 -3.068997 -3.019623 18.536867 18.536867 
737.000000 399 2.000000 0.197798 15.832538 -0.380550 0.164299 0.171813 0.171813 
737.000000 400 2.000000 0.962983 1.830122 -0.370164 2.033468 4.272015 4.272015 
737.000000 401 2.000000 0.072796 1.251286 -2.649152 1.668380 9.801498 9.801498 
737.000000 402 2.000000 0.999429 16.597119 1.665714 4.017119 18.911846 18.911846 
737.000000 403 2.000000 0.854505 3.637439 1.714269 -3.558196 15.599475 15.599475 
737.000000 404 2.000000 0.999999 5.903261 -4.111654 0.019374 16.906075 16.906075 
737.000000 405 2.000000 0.131814 19.161206 -5.787902 -2.396551 39.243267 39.243267 
737.000000 406 2.000000 0.198407 0.761423 1.984056 -2.219020 8.860525 8.860525 
737.000000 407 2.000000 0.106986 18.903188 1.069853 -3.133745 10.964941 10.964941 
737.000000 408 2.000000 0.288369 1.524578 -1.850641 -2.288436 8.661812 8.661812 
737.000000 409 2.000000 0.823598 8.247750 4.117987 3.234411 27.419237 27.419237 
737.000000 410 2.000000 0.016465 4.608270 0.109759 5.017807 25.190435 25.190435 
737.000000 411 2.000000 0.178067 3.570774 3.561319 -1.365388 14.547276 14.547276 
737.000000 412 2.000000 0.595936 0.667550 -0.197922 4.450326 19.844575 19.844575 
737.000000 413 2.000000 0.997919 3.148566 3.326394 -0.778773 11.671384 11.671384 
737.000000 414 2.000000 0.385899 15.420792 3.858984 1.979894 18.811733 18.811733 
737.000000 415 2.000000 0.999999 12.269286 -2.242603 2.921780 13.566067 13.566067 
737.000000 416 2.000000 0.821359 12.371746 2.346737 -0.384428 5.654961 5.654961 
737.000000 417 2.000000 0.872438 16.446604 3.489749 5.502453 42.455334 42.455334 
737.000000 418 2.000000 0.262541 0.619238 -1.323330 3.096185 11.337563 11.337563 
737.000000 419 2.000000 0.999999 12.669422 -3.616171 -2.405206 18.861709 18.861709 
737.000000 420 2.000000 0.951672 14.589577 6.344472 1.300565 41.943797 41.943797 
737.000000 421 2.000000 0.790333 0.218777 -1.397772 -2.953426 10.676491 10.676491 
737.000000 422 2.000000 0.086392 16.139652 -1.827214 -4.289275 21.736587 21.736587 
737.000000 423 2.000000 0.999999 12.016983 -6.374434 1.359863 42.482639 42.482639 
737.000000 424 2.000000 0.605146 4.357544 -0.877452 -2.392017 6.491669 6.491669 
737.000000 425 2.000000 0.685378 3.920231 -3.146214 -6.454811 51.563252 51.563252 
737.000000 426 2.000000 0.965577 15.046655 -0.688433 -3.095840 10.058167 10.058167 
737.000000 427 2.000000 0.141731 18.874358 2.834609 -1.500855 10.287574 10.287574 
737.000000 428 2.000000 0.423862 17.325288 -0.768183 1.055913 1.705057 1.705057 
737.000000 429 2.000000 0.744838 4.119051 3.724185 -3.757470 27.988138 27.988138 
737.000000 430 2.000000 0.515384 8.960103 0.248962 0.222148 0.111332 0.111332 
737.000000 431 2.000000 0.401174 5.246609 -5.988249 1.499656 38.108099 38.108099 
737.000000 432 2.000000 0.921189 9.713200 0.707697 0.871699 1.260694 1.260694 
737.000000 433 2.000000 0.999999 10.068805 -1.566673 -3.152760 12.394360 12.394360 
737.000000 434 2.000000 0.958401 13.041585 2.129779 2.216355 9.448187 9.448187 
737.000000 435 2.000000 0.228489 16.853478 4.569761 -1.058263 22.002633 22.002633 
737.000000 436 2.000000 0.585794 1.365888 0.650881 5.463547 30.273992 30.273992 
737.000000 437 2.000000 0.271444 14.487950 2.714427 -0.806327 8.018276 8.018276 
737.000000 438 2.000000 0.115646 6.841465 2.312905 -1.948378 9.145709 9.145709 
737.000000 439 2.000000 0.999999 7.290513 -6.733570 0.333258 45.452019 45.452019 
737.000000 440 2.000000 0.789810 4.206872 5.265394 -0.127360 27.740594 27.740594 
737.000000 441 2.000000 0.243640 16.494136 4.872772 1.344580 25.551801 25.551801 
737.000000 442 2.000000 0.869427 7.705842 5.796170 1.644430 36.299737 36.299737 
737.000000 443 2.000000 0.000001 0.638591 4.651331 -8.304547 90.600371 90.600371 
737.000000 444 2.000000 0.800699 7.111541 5.337988 3.557098 41.147064 41.147064 
737.000000 445 2.000000 0.647583 3.102374 -2.245624 -3.873061 20.043428 20.043428 
737.000000 446 2.000000 0.000001 13.366505 9.349712 6.366803 127.953300 127.953300 
737.000000 447 2.000000 0.674966 14.586355 -2.166886 -2.640802 11.669231 11.669231 
737.000000 448 2.000000 0.226106 16.946539 0.081102 2.002328 4.015893 4.015893 
737.000000 449 2.000000 0.313015 11.948850 0.782534 -4.096801 17.396138 17.396138 
737.000000 450 2.000000 0.232714 6.200037 -0.296215 -0.451520 0.291613 0.291613 
737.000000 451 2.000000 0.557524 9.373684 -8.849505 0.781415 78.924351 78.924351 
737.000000 452 2.000000 0.458871 17.386278 -0.279338 -3.722651 13.936160 13.936160 
737.000000 453 2.000000 0.000001 15.914715 8.522759 -0.458201 72.847373 72.847373 
737.000000 454 2.000000 0.714394 12.913533 -0.519282 0.554607 0.577243 0.577243 
737.000000 455 2.000000 0.554011 1.235916 -2.229940 -2.817294 12.909777 12.909777 
737.000000 456 2.000000 0.999999 5.402530 -2.144159 -4.442776 24.335681 24.335681 
737.000000 457 2.000000 0.206229 7.929236 2.062277 -4.808886 27.378371 27.378371 
737.000000 458 2.000000 0.915032 11.979529 4.010090 -0.910686 16.910167 16.910167 
737.000000 459 2.000000 0.635643 13.444302 1.155713 0.421724 1.513523 1.513523 
737.000000 460 2.000000 0.591983 9.366092 2.959911 -4.573392 29.676985 29.676985 
737.000000 461 2.000000 0.000001 12.966483 4.638736 4.116343 38.462150 38.462150 
737.000000 462 2.000000 0.376560 17.179971 3.765585 0.076125 14.185428 14.185428 
737.000000 463 2.000000 0.129278 6.612897 2.585545 5.467823 36.582129 36.582129 
737.000000 464 2.000000 0.999999 7.871450 -7.692569 -0.528400 59.454821 59.454821 
737.000000 465 2.000000 0.373216 10.122529 -0.964281 1.681706 3.757973 3.757973 
737.000000 466 2.000000 0.000001 4.799554 4.550825 3.139005 30.563358 30.563358 
737.000000 467 2.000000 0.999999 10.408375 -3.951215 1.301684 17.306483 17.306483 
737.000000 468 2.000000 0.426271 15.213538 4.262701 1.509897 20.450408 20.450408 
737.000000 469 2.000000 0.210836 19.695323 -3.156650 -0.084589 9.971596 9.971596 
737.000000 470 2.000000 0.396749 18.724152 7.934967 1.687480 65.811291 65.811291 
737.000000 471 2.000000 0.772661 8.401595 -4.546764 3.818907 35.257112 35.257112 
737.000000 472 2.000000 0.385980 10.336669 -0.002621 6.144053 37.749395 37.749395 
737.000000 473 2.000000 0.424705 11.683538 4.247040 6.013232 54.196310 54.196310 
737.000000 474 2.000000 0.163286 2.146972 -1.623989 5.127572 28.929341 28.929341 
737.000000 475 2.000000 0.207787 16.230832 -2.640706 1.775796 10.126781 10.126781 
737.000000 476 2.000000 0.867729 13.096208 -2.645393 2.910609 15.469749 15.469749 
737.000000 477 2.000000 0.712709 12.207533 -5.745793 -2.218304 37.935006 37.935006 
737.000000 478 2.000000 0.627849 11.685810 3.139239 -2.399948 15.614576 15.614576 
737.000000 479 2.000000 0.160841 13.343870 1.072265 4.190948 18.713796 18.713796 
737.000000 480 2.000000 0.103421 15.663171 2.068393 2.962660 13.055604 13.055604 
737.000000 481 2.000000 0.765500 17.232469 -1.563326 1.164994 3.801199 3.801199 
737.000000 482 2.000000 0.471489 4.491224 -2.563461 -4.558602 27.352182 27.352182 
737.000000 483 2.000000 0.228774 14.855066 4.575465 0.414165 21.106413 21.106413 
737.000000 484 2.000000 0.803156 19.656204 -1.312288 -3.437950 13.541600 13.541600 
737.000000 485 2.000000 0.383685 7.355663 -7.178431 -6.043506 88.053833 88.053833 
737.000000 486 2.000000 0.079454 0.235143 -4.602724 4.702837 43.301751 43.301751 
737.000000 487 2.000000 0.738896 6.414777 1.343445 -3.750713 15.872694 15.872694 
737.000000 488 2.000000 0.356980 17.139919 3.569790 0.842357 13.452967 13.452967 
737.000000 489 2.000000 0.954052 4.182704 2.385128 1.327842 7.451999 7.451999 
737.000000 490 2.000000 0.893228 16.360606 3.000863 0.608764 9.375772 9.375772 
737.000000 491 2.000000 0.999999 17.863646 -4.109931 8.620651 91.207161 91.207161 
737.000000 492 2.000000 0.999999 7.114804 -0.871092 0.143988 0.779534 0.779534 
737.000000 493 2.000000 0.455598 5.627605 -3.386264 -0.431525 11.652995 11.652995 
737.000000 494 2.000000 0.451908 15.243652 -2.192366 3.512564 17.144573 17.144573 
737.000000 495 2.000000 0.000001 4.808028 4.745374 -3.515937 34.880389 34.880389 
737.000000 496 2.000000 0.142430 8.132756 -4.287844 -1.074957 19.541141 19.541141 
737.000000 497 2.000000 0.000001 6.212054 2.936633 -3.175652 18.708582 18.708582 
737.000000 498 2.000000 0.402212 7.761246 2.011057 -2.196098 8.867195 8.867195 
737.000000 499 2.000000 0.429887 13.916760 -5.701116 3.697900 46.177190 46.177190 
737.000000 500 2.000000 0.156814 8.093681 -1.513365 -7.685978 61.364538 61.364538 
