134.500000 1 2.000000 3.238015 1.841398 -0.350258 -1.134945 1.410782 1.410782 
134.500000 2 2.000000 1.523575 0.334623 0.923378 1.338486 2.644173 2.644173 
134.500000 3 2.000000 4.347191 11.269206 -0.652683 -0.762515 1.007423 1.007423 
134.500000 4 2.000000 6.161377 19.430312 -1.225432 -0.876441 2.269832 2.269832 
134.500000 5 2.000000 10.343937 4.832521 -0.566496 -2.049659 4.522020 4.522020 
134.500000 6 2.000000 5.497476 7.286102 -0.022596 -0.929751 0.864947 0.864947 
134.500000 7 2.000000 14.877389 7.407241 0.052187 0.666408 0.446823 0.446823 
134.500000 8 2.000000 4.829541 17.458662 0.049740 -0.112698 0.015175 0.015175 
134.500000 9 2.000000 14.148514 3.858107 0.390843 -1.061967 1.280531 1.280531 
134.500000 10 2.000000 12.343867 19.847871 -2.158944 -0.434650 4.849958 4.849958 
134.500000 11 2.000000 2.280044 4.912836 1.085735 -0.663907 1.619592 1.619592 
134.500000 12 2.000000 11.629114 12.003800 -0.421516 -0.212542 0.222850 0.222850 
134.500000 13 2.000000 8.509665 11.580638 1.183210 -0.234114 1.454796 1.454796 
134.500000 14 2.000000 3.880002 8.634093 -0.904850 -1.377686 2.716771 2.716771 
134.500000 15 2.000000 10.469234 1.760762 1.293933 0.269848 1.747082 1.747082 
134.500000 16 2.000000 9.312040 14.890810 0.238079 -0.729884 0.589412 0.589412 
134.500000 17 2.000000 9.704412 7.038084 0.417727 -0.029851 0.175387 0.175387 
134.500000 18 2.000000 9.747204 13.527445 1.756253 1.141556 4.387575 4.387575 
134.500000 19 2.000000 10.468659 19.599939 -0.718052 -0.615477 0.894411 0.894411 
134.500000 20 2.000000 4.859148 3.701233 -0.611985 0.290293 0.458796 0.458796 
134.500000 21 2.000000 5.027978 12.224145 1.897350 -1.727968 6.585809 6.585809 
134.500000 22 2.000000 8.854564 14.565392 1.073280 0.149393 1.174249 1.174249 
134.500000 23 2.000000 9.562516 7.628774 -0.307014 0.297999 0.183061 0.183061 
134.500000 24 2.000000 1.369350 4.673698 -1.391612 0.072409 1.941827 1.941827 
134.500000 25 2.000000 3.298896 15.246080 0.242566 -0.100400 0.068918 0.068918 
134.500000 26 2.000000 6.669784 16.900493 -0.389249 1.285209 1.803275 1.803275 
134.500000 27 2.000000 12.300869 12.685581 -0.003880 -0.865612 0.749298 0.749298 
134.500000 28 2.000000 2.460299 17.925561 -1.491649 -1.121318 3.482371 3.482371 
134.500000 29 2.000000 1.419214 0.126983 0.645097 -1.139017 1.713510 1.713510 
134.500000 30 2.000000 5.524755 3.597772 -0.251155 -0.034142 0.064244 0.064244 
134.500000 31 2.000000 7.799280 17.242128 -0.056188 -0.011603 0.003292 0.003292 
134.500000 32 2.000000 2.688825 9.536872 -0.251946 -0.148435 0.085510 0.085510 
134.500000 33 2.000000 12.974585 18.796932 0.760973 -0.650307 1.001978 1.001978 
134.500000 34 2.000000 6.019400 7.572023 -0.089874 0.488439 0.246650 0.246650 
134.500000 35 2.000000 1.218729 5.340262 -0.425219 0.006636 0.180855 0.180855 
134.500000 36 2.000000 1.985668 12.214170 0.863333 -0.281221 0.824430 0.824430 
134.500000 37 2.000000 14.222126 18.500997 0.438702 -0.344598 0.311207 0.311207 
134.500000 38 2.000000 0.675299 10.983291 -1.247677 0.041576 1.558426 1.558426 
134.500000 39 2.000000 1.205009 6.707203 0.312989 -0.067522 0.102521 0.102521 
134.500000 40 2.000000 2.236619 19.002850 -0.617133 -0.867086 1.132690 1.132690 
134.500000 41 2.000000 10.403514 5.568293 -1.253953 0.475142 1.798157 1.798157 
134.500000 42 2.000000 0.142106 6.915674 0.568421 -0.023896 0.323673 0.323673 
134.500000 43 2.000000 6.957451 17.503744 0.014955 0.492959 0.243232 0.243232 
134.500000 44 2.000000 10.849351 19.698621 -0.779220 -0.301378 0.698012 0.698012 
134.500000 45 2.000000 12.704523 0.000001 -0.754222 0.627470 0.962569 0.962569 
134.500000 46 2.000000 8.753815 3.528881 -0.068426 0.464326 0.220281 0.220281 
134.500000 47 2.000000 0.472932 10.879407 0.945863 -0.715341 1.406368 1.406368 
134.500000 48 2.000000 2.073278 7.588226 -1.133361 -0.038751 1.286008 1.286008 
134.500000 49 2.000000 9.978510 6.405973 0.179841 0.202400 0.073309 0.073309 
134.500000 50 2.000000 14.792695 17.100734 -1.001043 0.574692 1.332358 1.332358 
134.500000 51 2.000000 1.317499 10.904231 -0.964382 0.479307 1.159768 1.159768 
134.500000 52 2.000000 10.440229 19.391862 0.070454 -0.658233 0.438235 0.438235 
134.500000 53 2.000000 11.610777 19.216904 -0.442719 -0.652579 0.621860 0.621860 
134.500000 54 2.000000 10.452136 0.636312 0.754038 1.414024 2.568039 2.568039 
134.500000 55 2.000000 2.322034 11.626059 -1.046254 -0.795909 1.728120 1.728120 
134.500000 56 2.000000 3.860627 17.127215 -1.263375 0.254048 1.660656 1.660656 
134.500000 57 2.000000 14.218721 14.339571 0.000495 1.241521 1.541375 1.541375 
134.500000 58 2.000000 4.571000 18.588228 -0.857022 1.347329 2.549784 2.549784 
134.500000 59 2.000000 4.133077 0.549827 1.020513 -0.423484 1.220785 1.220785 
134.500000 60 2.000000 14.387745 6.816084 -0.754076 -0.158556 0.593771 0.593771 
134.500000 61 2.000000 0.105521 9.976984 -0.082289 -1.132544 1.289428 1.289428 
134.500000 62 2.000000 9.547806 15.374464 -1.045772 -0.848722 1.813969 1.813969 
134.500000 63 2.000000 6.694830 7.950390 0.280714 -0.462260 0.292485 0.292485 
134.500000 64 2.000000 5.261344 9.804298 0.078352 -0.334285 0.117886 0.117886 
134.500000 65 2.000000 5.742151 4.302458 0.019159 -0.743959 0.553843 0.553843 
134.500000 66 2.000000 9.245792 6.008227 -0.116855 0.811922 0.672873 0.672873 
134.500000 67 2.000000 6.410388 9.903424 1.198203 0.605240 1.802006 1.802006 
134.500000 68 2.000000 13.606305 16.959847 -0.770968 -0.060785 0.598087 0.598087 
134.500000 69 2.000000 10.473812 2.019265 0.183552 -1.054589 1.145848 1.145848 
134.500000 70 2.000000 11.519451 2.962038 0.332452 0.955496 1.023496 1.023496 
134.500000 71 2.000000 8.745852 5.279287 0.870234 1.213629 2.230202 2.230202 
134.500000 72 2.000000 8.488306 0.610554 -0.914807 -0.984236 1.805592 1.805592 
134.500000 73 2.000000 8.717792 11.084474 0.487027 -0.543630 0.532729 0.532729 
134.500000 74 2.000000 12.259195 18.573812 0.766200 1.375838 2.479992 2.479992 
134.500000 75 2.000000 10.278438 11.157751 0.473661 0.595080 0.578475 0.578475 
134.500000 76 2.000000 9.789478 0.907432 -1.737840 0.241982 3.078644 3.078644 
134.500000 77 2.000000 10.170586 4.226198 -0.981683 -0.065707 0.968018 0.968018 
134.500000 78 2.000000 13.723351 9.022289 1.007502 0.233963 1.069799 1.069799 
134.500000 79 2.000000 1.850044 13.274185 -0.050538 0.127518 0.018815 0.018815 
134.500000 80 2.000000 12.144864 0.686284 0.017846 -0.708723 0.502606 0.502606 
134.500000 81 2.000000 4.316070 12.749225 -1.059539 -0.159383 1.148026 1.148026 
134.500000 82 2.000000 6.604296 6.030952 0.087232 -1.364171 1.868572 1.868572 
134.500000 83 2.000000 11.749741 16.963637 -0.013436 1.280274 1.639283 1.639283 
134.500000 84 2.000000 11.109257 7.631136 0.463835 -1.238905 1.750029 1.750029 
134.500000 85 2.000000 3.379049 5.832461 -1.218508 1.215096 2.961219 2.961219 
134.500000 86 2.000000 2.896213 10.451187 -0.700585 0.836095 1.189874 1.189874 
134.500000 87 2.000000 5.230000 2.922966 0.804615 0.023128 0.647940 0.647940 
134.500000 88 2.000000 9.492025 13.502489 0.312810 0.317213 0.198474 0.198474 
134.500000 89 2.000000 3.098565 11.414597 -0.917883 0.748498 1.402759 1.402759 
134.500000 90 2.000000 2.265862 10.690326 0.321399 -0.546022 0.401437 0.401437 
134.500000 91 2.000000 13.253055 2.433096 -0.655337 0.512230 0.691847 0.691847 
134.500000 92 2.000000 9.766677 8.909876 -1.614099 -0.923292 3.457784 3.457784 
134.500000 93 2.000000 4.248435 9.991575 -0.728946 0.372820 0.670357 0.670357 
134.500000 94 2.000000 3.370463 5.365906 -1.695343 0.666572 3.318507 3.318507 
134.500000 95 2.000000 11.946773 5.758105 0.059874 0.510913 0.264616 0.264616 
134.500000 96 2.000000 12.192776 0.690701 -0.041161 -0.632056 0.401188 0.401188 
134.500000 97 2.000000 0.521356 4.267999 0.868926 -0.129481 0.771797 0.771797 
134.500000 98 2.000000 8.887360 6.527257 0.722549 -0.508405 0.780554 0.780554 
134.500000 99 2.000000 8.415436 11.233368 0.070354 -0.929223 0.868405 0.868405 
134.500000 100 2.000000 11.206092 18.065188 -0.026980 1.245875 1.552932 1.552932 
134.500000 101 2.000000 13.373441 4.952789 -1.355876 0.382568 1.984759 1.984759 
134.500000 102 2.000000 8.700259 13.817447 0.448467 0.501830 0.452956 0.452956 
134.500000 103 2.000000 11.261282 3.749608 1.149110 -1.221834 2.813333 2.813333 
134.500000 104 2.000000 8.619089 15.264059 0.266432 -0.627277 0.464462 0.464462 
134.500000 105 2.000000 12.312460 3.366983 0.349664 -0.883502 0.902841 0.902841 
134.500000 106 2.000000 9.597976 4.768151 1.230510 1.014500 2.543364 2.543364 
134.500000 107 2.000000 5.469346 16.345366 1.549602 0.077698 2.407303 2.407303 
134.500000 108 2.000000 6.183769 11.146918 -0.769532 0.719156 1.109365 1.109365 
134.500000 109 2.000000 5.328124 12.709547 0.299333 -1.096309 1.291493 1.291493 
134.500000 110 2.000000 5.250632 18.931815 0.314087 0.896370 0.902131 0.902131 
134.500000 111 2.000000 1.374074 16.935111 0.473818 0.254076 0.289059 0.289059 
134.500000 112 2.000000 3.637055 15.382423 0.128356 -0.427553 0.199277 0.199277 
134.500000 113 2.000000 4.076085 11.456862 1.199985 -1.051004 2.544574 2.544574 
134.500000 114 2.000000 11.767596 11.876721 -1.096103 0.901873 2.014817 2.014817 
134.500000 115 2.000000 13.874867 16.502387 -0.634548 -0.026453 0.403351 0.403351 
134.500000 116 2.000000 10.167221 10.520661 -0.382401 0.336229 0.259280 0.259280 
134.500000 117 2.000000 8.159079 4.131187 0.751989 0.139994 0.585085 0.585085 
134.500000 118 2.000000 9.841476 14.697856 -1.123489 -1.128116 2.534872 2.534872 
134.500000 119 2.000000 11.716613 19.358599 1.105341 -0.197354 1.260727 1.260727 
134.500000 120 2.000000 4.707288 4.392007 1.069838 1.254859 2.719224 2.719224 
134.500000 121 2.000000 8.213641 8.849731 -0.692447 -0.043286 0.481356 0.481356 
134.500000 122 2.000000 13.111100 6.813974 -1.185031 -0.010663 1.404413 1.404413 
134.500000 123 2.000000 7.615204 13.885086 -0.511824 -0.409252 0.429451 0.429451 
134.500000 124 2.000000 8.015177 8.954184 -0.529856 -0.287043 0.363141 0.363141 
134.500000 125 2.000000 2.277331 15.056330 1.570572 -0.578207 2.801021 2.801021 
134.500000 126 2.000000 10.439426 7.872517 0.120598 -0.127424 0.030781 0.030781 
134.500000 127 2.000000 3.937559 18.347192 1.750026 0.649410 3.484323 3.484323 
134.500000 128 2.000000 12.513944 4.928922 -0.917650 0.057034 0.845335 0.845335 
134.500000 129 2.000000 14.255952 14.735917 0.474408 1.091549 1.416543 1.416543 
134.500000 130 2.000000 8.536631 4.948046 0.515808 -0.368493 0.401846 0.401846 
134.500000 131 2.000000 14.494161 0.943652 -0.167455 1.572752 2.501591 2.501591 
134.500000 132 2.000000 9.918865 1.565838 -0.691965 0.590882 0.827957 0.827957 
134.500000 133 2.000000 1.562794 12.001552 0.156922 1.875242 3.541158 3.541158 
134.500000 134 2.000000 13.490520 9.619465 0.383991 -0.028369 0.148254 0.148254 
134.500000 135 2.000000 8.546951 0.771644 -0.758687 1.714762 3.516016 3.516016 
134.500000 136 2.000000 4.282961 3.752321 0.198745 -0.798412 0.676961 0.676961 
134.500000 137 2.000000 3.554108 3.832405 -0.166010 0.770461 0.621170 0.621170 
134.500000 138 2.000000 14.802408 15.430919 0.789121 -0.560072 0.936392 0.936392 
134.500000 139 2.000000 2.265914 8.087971 1.618509 0.290858 2.704170 2.704170 
134.500000 140 2.000000 5.081468 5.267808 0.180835 0.554506 0.340178 0.340178 
134.500000 141 2.000000 11.324113 0.657613 -0.163788 0.398553 0.185671 0.185671 
134.500000 142 2.000000 13.665007 9.434451 0.989234 -0.089327 0.986563 0.986563 
134.500000 143 2.000000 6.788520 8.308440 1.077543 0.527520 1.439375 1.439375 
134.500000 144 2.000000 7.035292 10.091466 -0.642131 -0.348279 0.533631 0.533631 
134.500000 145 2.000000 10.976281 0.333574 0.527706 -0.113656 0.291391 0.291391 
134.500000 146 2.000000 3.841977 19.719750 0.066355 -1.401245 1.967891 1.967891 
134.500000 147 2.000000 12.325153 8.443906 -0.851919 0.242668 0.784654 0.784654 
134.500000 148 2.000000 13.398604 5.895007 -0.889654 -0.087404 0.799124 0.799124 
134.500000 149 2.000000 7.746854 17.634005 0.906065 -0.220092 0.869394 0.869394 
134.500000 150 2.000000 3.094982 4.641488 -0.877117 -0.138359 0.788477 0.788477 
134.500000 151 2.000000 10.328182 9.960808 0.318959 -0.811578 0.760393 0.760393 
134.500000 152 2.000000 8.640656 4.915210 0.132972 0.161068 0.043625 0.043625 
134.500000 153 2.000000 6.437494 11.947638 0.653553 1.012512 1.452311 1.452311 
134.500000 154 2.000000 5.822861 15.263966 -1.628551 -0.087041 2.659753 2.659753 
134.500000 155 2.000000 3.213948 1.318437 0.739204 -1.465877 2.695216 2.695216 
134.500000 156 2.000000 7.756444 19.930397 0.730179 -1.392045 2.470951 2.470951 
134.500000 157 2.000000 10.676347 5.804370 0.827624 -0.203771 0.726484 0.726484 
134.500000 158 2.000000 6.110032 19.143318 -0.623760 -0.658985 0.823339 0.823339 
134.500000 159 2.000000 7.484403 4.026455 0.238384 0.197876 0.095982 0.095982 
134.500000 160 2.000000 9.860442 18.612697 0.981138 0.368204 1.098206 1.098206 
134.500000 161 2.000000 1.815629 4.130039 -0.044380 -0.140097 0.021597 0.021597 
134.500000 162 2.000000 8.011732 4.413819 0.623481 0.630545 0.786316 0.786316 
134.500000 163 2.000000 13.409979 3.332025 -0.606854 -0.258018 0.434845 0.434845 
134.500000 164 2.000000 3.513171 4.356067 0.001143 -0.138108 0.019075 0.019075 
134.500000 165 2.000000 2.031979 11.840422 -0.767263 -0.699215 1.077595 1.077595 
134.500000 166 2.000000 5.392565 2.811251 0.189329 1.041204 1.119951 1.119951 
134.500000 167 2.000000 5.381800 10.909116 0.668546 -1.466271 2.596906 2.596906 
134.500000 168 2.000000 7.073051 3.095054 -0.070448 -0.799288 0.643824 0.643824 
134.500000 169 2.000000 8.964297 3.184222 1.149269 -0.878389 2.092386 2.092386 
134.500000 170 2.000000 13.473507 4.238120 -0.593095 -1.207015 1.808648 1.808648 
134.500000 171 2.000000 9.528040 2.725727 -2.182384 0.316945 4.863252 4.863252 
134.500000 172 2.000000 4.087106 6.869128 0.956742 0.814059 1.578048 1.578048 
134.500000 173 2.000000 2.194445 0.101959 -0.218001 -0.464125 0.262937 0.262937 
134.500000 174 2.000000 4.371869 10.220751 0.298796 0.627598 0.483159 0.483159 
134.500000 175 2.000000 2.728024 5.228166 -1.849429 0.284455 3.501303 3.501303 
134.500000 176 2.000000 5.113184 5.099080 -1.642896 1.239102 4.234482 4.234482 
134.500000 177 2.000000 8.167060 1.239032 0.713280 1.376701 2.404074 2.404074 
134.500000 178 2.000000 13.418869 1.621632 -0.172258 -1.381832 1.939133 1.939133 
134.500000 179 2.000000 10.881467 5.973960 0.806927 0.963542 1.579544 1.579544 
134.500000 180 2.000000 8.858992 18.111299 -1.393058 -1.111000 3.174931 3.174931 
134.500000 181 2.000000 6.861484 11.191933 0.702915 0.239704 0.551548 0.551548 
134.500000 182 2.000000 6.932984 10.712230 -0.147738 0.896421 0.825397 0.825397 
134.500000 183 2.000000 9.882751 5.834615 -0.982575 -0.213786 1.011158 1.011158 
134.500000 184 2.000000 6.794602 7.272945 0.279368 1.287247 1.735051 1.735051 
134.500000 185 2.000000 11.302868 2.496201 0.746064 -0.773415 1.154782 1.154782 
134.500000 186 2.000000 11.521508 2.913338 -0.544390 0.798174 0.933442 0.933442 
134.500000 187 2.000000 4.483109 1.453353 -0.502549 0.745309 0.808040 0.808040 
134.500000 188 2.000000 2.916476 9.365460 -0.038494 -1.132309 1.283606 1.283606 
134.500000 189 2.000000 11.531067 5.166747 -0.983896 0.151074 0.990876 0.990876 
134.500000 190 2.000000 14.532075 9.611994 1.694236 0.033834 2.871579 2.871579 
134.500000 191 2.000000 11.573247 15.007319 1.205546 0.590412 1.801928 1.801928 
134.500000 192 2.000000 12.782847 11.350917 0.875537 -0.762034 1.347261 1.347261 
134.500000 193 2.000000 5.823271 6.026941 -1.443539 0.787835 2.704490 2.704490 
134.500000 194 2.000000 10.961361 12.255815 1.377149 -0.387557 2.046741 2.046741 
134.500000 195 2.000000 8.880258 5.719030 -1.193527 0.986039 2.396781 2.396781 
134.500000 196 2.000000 13.262482 19.999999 -1.242827 -0.989370 2.523472 2.523472 
134.500000 197 2.000000 12.255886 7.660540 -1.853940 -0.553885 3.743883 3.743883 
134.500000 198 2.000000 10.658035 2.200807 0.694334 -0.016704 0.482379 0.482379 
134.500000 199 2.000000 9.348625 11.215848 -0.454806 0.381694 0.352539 0.352539 
134.500000 200 2.000000 13.307328 18.452840 -0.263953 0.540145 0.361428 0.361428 
134.500000 201 2.000000 9.447269 3.887307 0.823699 1.253517 2.249786 2.249786 
134.500000 202 2.000000 7.018486 15.287657 -0.602648 -1.070987 1.510198 1.510198 
134.500000 203 2.000000 7.608264 13.708160 -0.177478 -0.672924 0.484325 0.484325 
134.500000 204 2.000000 1.202928 16.747930 -0.781808 1.066747 1.749173 1.749173 
134.500000 205 2.000000 1.308185 9.753318 -0.339760 -1.061832 1.242925 1.242925 
134.500000 206 2.000000 1.975916 18.301111 0.658638 -0.828726 1.120591 1.120591 
134.500000 207 2.000000 13.790572 6.309912 0.242396 1.450554 2.162864 2.162864 
134.500000 208 2.000000 5.787275 8.957110 -0.727525 0.042836 0.531127 0.531127 
134.500000 209 2.000000 11.285503 9.013209 0.552511 0.672247 0.757184 0.757184 
134.500000 210 2.000000 8.223396 2.657048 0.019426 -1.323889 1.753060 1.753060 
134.500000 211 2.000000 4.817456 7.086156 -1.869190 0.238008 3.550518 3.550518 
134.500000 212 2.000000 5.616452 16.704664 -1.391656 0.623308 2.325221 2.325221 
134.500000 213 2.000000 5.527821 15.327209 1.435797 -0.156281 2.085938 2.085938 
134.500000 214 2.000000 14.853830 18.338536 0.483051 0.066792 0.237800 0.237800 
134.500000 215 2.000000 8.280099 19.951655 -0.407212 -0.966885 1.100689 1.100689 
134.500000 216 2.000000 13.601430 7.308763 -0.009876 0.339942 0.115658 0.115658 
134.500000 217 2.000000 4.863220 9.079959 1.556139 0.500025 2.671594 2.671594 
134.500000 218 2.000000 14.677709 1.671077 0.145424 0.795750 0.654367 0.654367 
134.500000 219 2.000000 4.051430 8.793290 0.419837 0.002878 0.176272 0.176272 
134.500000 220 2.000000 3.251392 8.151219 0.848847 0.385236 0.868948 0.868948 
134.500000 221 2.000000 14.162650 4.035517 -1.006466 0.799112 1.651553 1.651553 
134.500000 222 2.000000 14.721783 5.450945 0.035300 -0.533909 0.286305 0.286305 
134.500000 223 2.000000 2.656430 11.677639 -0.892894 0.389913 0.949292 0.949292 
134.500000 224 2.000000 5.494223 9.824419 0.923399 -0.074281 0.858183 0.858183 
134.500000 225 2.000000 2.887980 15.811802 -0.624313 -0.292308 0.475211 0.475211 
134.500000 226 2.000000 9.146839 11.418735 -0.572154 -0.006402 0.327402 0.327402 
134.500000 227 2.000000 3.875206 3.322386 -0.190804 0.810338 0.693054 0.693054 
134.500000 228 2.000000 4.030688 15.157535 -0.102296 -0.402146 0.172186 0.172186 
134.500000 229 2.000000 9.822162 9.263845 -0.309680 0.300774 0.186367 0.186367 
134.500000 230 2.000000 13.390769 12.467824 -0.625541 0.489838 0.631243 0.631243 
134.500000 231 2.000000 9.468232 17.788318 -0.811006 0.969178 1.597037 1.597037 
134.500000 232 2.000000 8.255930 11.636407 0.652894 -0.096681 0.435618 0.435618 
134.500000 233 2.000000 12.784429 15.443692 1.800624 -0.740863 3.791123 3.791123 
134.500000 234 2.000000 0.547684 19.995809 0.684604 0.747507 1.027449 1.027449 
134.500000 235 2.000000 2.322200 0.769846 0.910666 -0.270269 0.902359 0.902359 
134.500000 236 2.000000 1.020981 3.725086 -1.718972 -0.337907 3.069045 3.069045 
134.500000 237 2.000000 4.337612 2.826716 0.985821 -0.796904 1.606899 1.606899 
134.500000 238 2.000000 11.490650 19.625471 -0.697874 0.059954 0.490622 0.490622 
134.500000 239 2.000000 13.755861 9.896135 0.622437 -0.882434 1.166117 1.166117 
134.500000 240 2.000000 0.163771 2.838315 0.818849 1.384543 2.587474 2.587474 
134.500000 241 2.000000 14.722145 14.350031 -1.150362 -1.430372 3.369296 3.369296 
134.500000 242 2.000000 9.144898 3.687829 -1.328809 -0.259986 1.833326 1.833326 
134.500000 243 2.000000 0.226183 16.218494 1.130909 -0.557967 1.590282 1.590282 
134.500000 244 2.000000 13.001067 14.697180 1.130527 -0.650653 1.701441 1.701441 
134.500000 245 2.000000 13.018662 6.848649 1.669059 0.212010 2.830706 2.830706 
134.500000 246 2.000000 0.701596 8.206986 -1.618119 0.987796 3.594051 3.594051 
134.500000 247 2.000000 4.534685 8.878716 -1.412002 0.420088 2.170225 2.170225 
134.500000 248 2.000000 2.178315 8.719171 -0.936687 1.239827 2.414554 2.414554 
134.500000 249 2.000000 4.523620 17.800598 -0.016717 0.142396 0.020556 0.020556 
134.500000 250 2.000000 1.479609 3.854107 0.896732 1.160359 2.150560 2.150560 
134.500000 251 2.000000 12.605815 6.810326 1.037516 -0.115542 1.089789 1.089789 
134.500000 252 2.000000 7.637008 5.517715 -0.959687 -0.901672 1.734012 1.734012 
134.500000 253 2.000000 1.003116 5.618747 -0.501821 -0.555922 0.560874 0.560874 
134.500000 254 2.000000 2.787258 5.860968 0.099545 -1.213651 1.482857 1.482857 
134.500000 255 2.000000 1.737499 7.345021 0.992856 1.399051 2.943108 2.943108 
134.500000 256 2.000000 0.924750 8.987607 0.194634 0.358438 0.166360 0.166360 
134.500000 257 2.000000 12.388560 9.963858 1.432203 1.509675 4.330326 4.330326 
134.500000 258 2.000000 3.346150 8.712827 0.865494 0.713140 1.257649 1.257649 
134.500000 259 2.000000 0.496017 9.918774 1.240040 -0.283893 1.618294 1.618294 
134.500000 260 2.000000 11.742240 19.783159 -0.571349 0.309665 0.422332 0.422332 
134.500000 261 2.000000 14.104723 4.082517 1.699364 -1.075506 4.044550 4.044550 
134.500000 262 2.000000 4.705606 14.968841 -0.489168 -0.986502 1.212470 1.212470 
134.500000 263 2.000000 8.727104 0.302990 1.246729 0.865682 2.303738 2.303738 
134.500000 264 2.000000 2.433493 15.722606 -0.570287 0.054572 0.328205 0.328205 
134.500000 265 2.000000 9.973751 14.291249 -1.181081 -0.397822 1.553215 1.553215 
134.500000 266 2.000000 5.547685 14.611231 0.853490 -0.695325 1.211922 1.211922 
134.500000 267 2.000000 7.987786 15.638662 -0.581403 -0.340729 0.454126 0.454126 
134.500000 268 2.000000 5.927403 15.683676 1.796182 -0.481820 3.458422 3.458422 
134.500000 269 2.000000 0.619365 19.747342 1.376364 -1.010629 2.915749 2.915749 
134.500000 270 2.000000 13.279808 11.414991 1.029442 -0.008777 1.059829 1.059829 
134.500000 271 2.000000 8.444509 15.702090 -0.197123 0.573069 0.367266 0.367266 
134.500000 272 2.000000 0.485517 9.094447 -1.145960 0.508070 1.571359 1.571359 
134.500000 273 2.000000 5.287684 8.833976 0.651556 0.037278 0.425915 0.425915 
134.500000 274 2.000000 6.339133 1.856874 -1.121504 -0.705343 1.755280 1.755280 
134.500000 275 2.000000 4.142697 18.693466 0.767166 -1.136115 1.879302 1.879302 
134.500000 276 2.000000 0.864064 0.289508 0.691250 1.447536 2.573188 2.573188 
134.500000 277 2.000000 13.541524 15.035382 -1.535195 -0.114850 2.370014 2.370014 
134.500000 278 2.000000 10.888494 16.407520 -0.968350 -0.263142 1.006946 1.006946 
134.500000 279 2.000000 14.316093 1.047571 0.413403 -0.640041 0.580555 0.580555 
134.500000 280 2.000000 9.051205 19.854028 1.005689 -1.459711 3.142168 3.142168 
134.500000 281 2.000000 10.642106 11.935848 -0.149919 0.370545 0.159779 0.159779 
134.500000 282 2.000000 9.612354 14.525182 -0.856084 -0.855440 1.464659 1.464659 
134.500000 283 2.000000 5.799678 7.812508 -1.327265 0.685308 2.231280 2.231280 
134.500000 284 2.000000 1.795144 16.669758 -0.435989 -0.074005 0.195564 0.195564 
134.500000 285 2.000000 5.690295 1.471230 0.036912 1.839036 3.383417 3.383417 
134.500000 286 2.000000 10.480330 10.504097 1.435661 0.173568 2.091250 2.091250 
134.500000 287 2.000000 10.737050 3.610465 -0.140328 -0.343012 0.137349 0.137349 
134.500000 288 2.000000 12.307272 17.290387 0.209825 -0.010477 0.044136 0.044136 
134.500000 289 2.000000 9.574791 8.837247 -0.849329 -0.324647 0.826756 0.826756 
134.500000 290 2.000000 14.693896 12.738541 0.779517 -0.569526 0.932007 0.932007 
134.500000 291 2.000000 13.568846 16.676065 0.802890 -0.142710 0.664999 0.664999 
134.500000 292 2.000000 1.702015 19.584029 1.480013 -0.639954 2.599978 2.599978 
134.500000 293 2.000000 9.961126 3.894023 0.653189 0.865338 1.175465 1.175465 
134.500000 294 2.000000 4.532242 11.322414 -0.337818 -2.066092 4.382855 4.382855 
134.500000 295 2.000000 2.581417 14.804858 0.623578 0.458793 0.599341 0.599341 
134.500000 296 2.000000 13.426731 11.810346 -0.807615 -0.814891 1.316288 1.316288 
134.500000 297 2.000000 2.417754 17.110681 0.386840 0.758788 0.725406 0.725406 
134.500000 298 2.000000 1.114881 10.040127 1.114880 0.904516 2.061106 2.061106 
134.500000 299 2.000000 12.305078 16.629349 0.197467 0.551357 0.342987 0.342987 
134.500000 300 2.000000 13.994926 15.429024 -0.261518 0.021316 0.068846 0.068846 
134.500000 301 2.000000 13.450267 15.146753 -0.937207 0.210137 0.922515 0.922515 
134.500000 302 2.000000 13.680120 18.683317 -0.817922 -0.822926 1.346205 1.346205 
134.500000 303 2.000000 3.786677 19.894543 0.810653 -0.703043 1.151427 1.151427 
134.500000 304 2.000000 12.580573 0.726847 0.780312 -1.547607 3.003974 3.003974 
134.500000 305 2.000000 3.385645 12.123879 0.304973 -0.406098 0.257924 0.257924 
134.500000 306 2.000000 10.110683 8.544006 -1.149236 -0.042028 1.322510 1.322510 
134.500000 307 2.000000 11.309320 9.425487 0.504244 -0.664467 0.695778 0.695778 
134.500000 308 2.000000 0.195732 14.504063 -0.841541 0.462773 0.922349 0.922349 
134.500000 309 2.000000 3.456896 1.413865 -0.782308 -0.981722 1.575783 1.575783 
134.500000 310 2.000000 2.238412 19.026972 -0.236379 -0.589713 0.403637 0.403637 
134.500000 311 2.000000 6.592973 8.233699 1.255804 -0.074865 1.582649 1.582649 
134.500000 312 2.000000 13.627992 18.123340 -0.701688 -0.315405 0.591846 0.591846 
134.500000 313 2.000000 6.261986 4.773357 1.122634 -0.829529 1.948424 1.948424 
134.500000 314 2.000000 12.061474 17.987662 -0.620995 -0.369236 0.521970 0.521970 
134.500000 315 2.000000 5.686720 10.596022 -0.315689 0.061926 0.103495 0.103495 
134.500000 316 2.000000 12.164749 18.147661 0.233459 1.123694 1.317191 1.317191 
134.500000 317 2.000000 1.377836 5.585851 -0.302798 -1.676064 2.900877 2.900877 
134.500000 318 2.000000 14.363639 15.574625 -0.356400 1.116461 1.373505 1.373505 
134.500000 319 2.000000 6.913014 0.915874 1.819214 -0.923236 4.161903 4.161903 
134.500000 320 2.000000 14.711226 7.184585 0.239596 0.478972 0.286821 0.286821 
134.500000 321 2.000000 10.870578 17.275151 -1.219888 -0.908283 2.313105 2.313105 
134.500000 322 2.000000 7.287599 14.169991 -0.707968 -0.649901 0.923590 0.923590 
134.500000 323 2.000000 11.716421 10.343540 0.596255 -0.839692 1.060603 1.060603 
134.500000 324 2.000000 8.185541 19.852312 0.558740 -0.738436 0.857478 0.857478 
134.500000 325 2.000000 4.462883 6.476026 0.702589 -0.432895 0.681029 0.681029 
134.500000 326 2.000000 8.332736 19.318521 0.315037 0.428160 0.282569 0.282569 
134.500000 327 2.000000 13.334505 4.387913 0.870508 -0.051852 0.760473 0.760473 
134.500000 328 2.000000 3.828949 14.161695 -1.253390 -0.884591 2.353489 2.353489 
134.500000 329 2.000000 14.272641 5.559290 -0.371166 0.419885 0.314068 0.314068 
134.500000 330 2.000000 14.588627 5.461900 0.039569 -0.361532 0.132271 0.132271 
134.500000 331 2.000000 4.837772 10.673884 0.939373 0.953025 1.790679 1.790679 
134.500000 332 2.000000 9.527198 1.934845 -0.659211 -0.928364 1.296418 1.296418 
134.500000 333 2.000000 7.261123 13.119538 1.083749 0.552402 1.479660 1.479660 
134.500000 334 2.000000 11.198697 18.194397 -0.545493 0.249907 0.360017 0.360017 
134.500000 335 2.000000 3.745030 14.164187 1.349258 0.068115 1.825136 1.825136 
134.500000 336 2.000000 12.392471 2.302627 0.713761 -1.004351 1.518177 1.518177 
134.500000 337 2.000000 11.679332 0.788515 -0.089345 -0.413697 0.179127 0.179127 
134.500000 338 2.000000 10.060777 10.262916 0.514618 1.159651 1.609623 1.609623 
134.500000 339 2.000000 5.303122 18.992686 -0.917438 -1.343084 2.645567 2.645567 
134.500000 340 2.000000 5.332515 1.652933 0.307350 1.574221 2.572636 2.572636 
134.500000 341 2.000000 9.994357 13.862583 0.523620 -0.604098 0.639112 0.639112 
134.500000 342 2.000000 2.290767 10.826042 -1.357187 -0.034374 1.843137 1.843137 
134.500000 343 2.000000 5.095690 5.043672 -0.071089 -1.452071 2.113563 2.113563 
134.500000 344 2.000000 2.603976 3.279600 -0.416001 -0.209440 0.216922 0.216922 
134.500000 345 2.000000 0.476080 11.385861 -0.570198 0.101764 0.335482 0.335482 
134.500000 346 2.000000 12.985195 17.368636 1.484022 0.787693 2.822782 2.822782 
134.500000 347 2.000000 6.004688 10.910042 -0.182534 -0.205432 0.075521 0.075521 
134.500000 348 2.000000 11.484885 8.796139 -0.945764 0.291263 0.979303 0.979303 
134.500000 349 2.000000 3.223948 11.950610 0.164069 -0.685054 0.496218 0.496218 
134.500000 350 2.000000 9.658045 19.122262 0.712771 -0.139323 0.527453 0.527453 
134.500000 351 2.000000 0.181472 3.839695 0.164974 -0.420247 0.203824 0.203824 
134.500000 352 2.000000 6.154032 14.285199 -0.534305 0.757835 0.859796 0.859796 
134.500000 353 2.000000 13.371777 2.098262 -0.187480 0.058616 0.038585 0.038585 
134.500000 354 2.000000 6.887617 8.876588 0.588685 0.870254 1.103892 1.103892 
134.500000 355 2.000000 13.783881 1.318414 0.734682 0.201869 0.580509 0.580509 
134.500000 356 2.000000 9.682302 5.120378 0.753486 0.310326 0.664044 0.664044 
134.500000 357 2.000000 14.165660 10.755447 -1.071342 0.479084 1.377296 1.377296 
134.500000 358 2.000000 8.349273 0.626916 -0.090422 0.522429 0.281108 0.281108 
134.500000 359 2.000000 7.370827 11.631685 0.130951 -1.657092 2.763101 2.763101 
134.500000 360 2.000000 3.366988 17.653828 -0.217395 0.480613 0.278250 0.278250 
134.500000 361 2.000000 3.367592 15.372114 -0.934806 1.596859 3.423821 3.423821 
134.500000 362 2.000000 0.277239 1.931929 1.386191 -0.042151 1.923303 1.923303 
134.500000 363 2.000000 2.107221 4.100833 -0.906121 -1.115461 2.065309 2.065309 
134.500000 364 2.000000 11.851556 3.076623 -0.427416 -1.434184 2.239569 2.239569 
134.500000 365 2.000000 8.820241 6.702560 -0.374219 -0.535108 0.426381 0.426381 
134.500000 366 2.000000 3.396074 13.500338 -1.483651 0.564868 2.520295 2.520295 
134.500000 367 2.000000 3.018650 12.841219 0.056476 1.200114 1.443463 1.443463 
134.500000 368 2.000000 8.930771 5.435828 0.130338 1.168995 1.383538 1.383538 
134.500000 369 2.000000 6.491267 7.938557 -0.292672 -0.480337 0.316381 0.316381 
134.500000 370 2.000000 10.964189 15.988995 0.281856 -0.679831 0.541613 0.541613 
134.500000 371 2.000000 2.744033 6.316481 -0.675531 -1.396277 2.405933 2.405933 
134.500000 372 2.000000 7.513473 16.432393 0.542954 -0.116437 0.308357 0.308357 
134.500000 373 2.000000 11.556678 5.611332 -0.660022 0.493846 0.679513 0.679513 
134.500000 374 2.000000 3.267080 6.744063 0.605015 0.194074 0.403707 0.403707 
134.500000 375 2.000000 3.996091 19.364612 -0.361730 -1.155249 1.465449 1.465449 
134.500000 376 2.000000 5.834290 19.880691 -0.278387 -0.050769 0.080077 0.080077 
134.500000 377 2.000000 6.381071 12.450939 -0.876219 -1.126725 2.037271 2.037271 
134.500000 378 2.000000 8.488915 2.921868 0.377951 1.270377 1.756705 1.756705 
134.500000 379 2.000000 10.973561 7.674715 -0.959279 -0.471439 1.142472 1.142472 
134.500000 380 2.000000 11.856763 11.365409 -0.697182 -0.488154 0.724357 0.724357 
134.500000 381 2.000000 1.230396 7.263153 0.683553 0.317862 0.568281 0.568281 
134.500000 382 2.000000 1.857842 17.585982 -1.328214 0.554763 2.071913 2.071913 
134.500000 383 2.000000 7.288014 15.500790 -0.230867 -0.656819 0.484711 0.484711 
134.500000 384 2.000000 5.074904 15.106879 0.085069 -0.170790 0.036406 0.036406 
134.500000 385 2.000000 12.065010 2.404402 -0.489838 0.546455 0.538554 0.538554 
134.500000 386 2.000000 10.485784 12.588517 -0.120742 -1.140228 1.314699 1.314699 
134.500000 387 2.000000 9.922511 13.681272 -1.590028 -0.504119 2.782323 2.782323 
134.500000 388 2.000000 10.253096 6.599233 0.328625 -0.967564 1.044175 1.044175 
134.500000 389 2.000000 5.961630 5.352301 -1.691217 -0.307154 2.954557 2.954557 
134.500000 390 2.000000 6.389182 11.537372 0.583487 -1.044769 1.431999 1.431999 
134.500000 391 2.000000 13.577925 10.880779 -0.766374 0.155092 0.611383 0.611383 
134.500000 392 2.000000 3.873607 14.420911 -1.173607 0.147331 1.399061 1.399061 
134.500000 393 2.000000 11.397610 15.386145 -1.164254 0.544642 1.652124 1.652124 
134.500000 394 2.000000 10.126651 9.938789 0.904165 -0.619151 1.200863 1.200863 
134.500000 395 2.000000 6.419330 6.378863 0.668680 -0.007133 0.447184 0.447184 
134.500000 396 2.000000 1.590224 14.546536 0.039833 -0.932216 0.870613 0.870613 
134.500000 397 2.000000 14.312602 11.498743 0.849758 -0.609884 1.094047 1.094047 
134.500000 398 2.000000 13.938825 17.184422 -0.829812 -1.443886 2.773394 2.773394 
134.500000 399 2.000000 3.797723 10.796664 0.426710 -0.979078 1.140676 1.140676 
134.500000 400 2.000000 7.354431 1.168128 0.817159 -0.502541 0.920296 0.920296 
134.500000 401 2.000000 7.638040 18.195686 -0.649895 1.741214 3.454189 3.454189 
134.500000 402 2.000000 7.162027 9.663046 -1.035029 -1.237958 2.603825 2.603825 
134.500000 403 2.000000 4.715073 17.621914 0.722049 -1.640059 3.211147 3.211147 
134.500000 404 2.000000 2.568263 6.682519 -0.285080 -1.796379 3.308248 3.308248 
134.500000 405 2.000000 10.422920 1.305862 -1.478671 0.352935 2.311030 2.311030 
134.500000 406 2.000000 7.602365 14.425353 0.900267 0.607871 1.179989 1.179989 
134.500000 407 2.000000 2.818023 17.751109 1.252454 0.544513 1.865135 1.865135 
134.500000 408 2.000000 12.905837 5.296415 -1.029581 0.047289 1.062273 1.062273 
134.500000 409 2.000000 12.632642 15.615017 0.376919 -0.042978 0.143915 0.143915 
134.500000 410 2.000000 7.853886 8.900044 0.844504 0.063200 0.717181 0.717181 
134.500000 411 2.000000 4.234907 8.955614 0.021978 0.111063 0.012818 0.012818 
134.500000 412 2.000000 5.372304 18.288371 -1.315409 -1.556026 4.151516 4.151516 
134.500000 413 2.000000 8.606261 11.390617 -0.191268 -1.147918 1.354298 1.354298 
134.500000 414 2.000000 0.474395 1.423306 -1.229290 -0.522551 1.784213 1.784213 
134.500000 415 2.000000 5.684870 13.426875 -0.092918 -0.054983 0.011657 0.011657 
134.500000 416 2.000000 6.810684 2.763275 0.337999 0.969570 1.054309 1.054309 
134.500000 417 2.000000 1.213270 0.911178 -0.404325 -1.279770 1.801290 1.801290 
134.500000 418 2.000000 7.195441 15.546920 -1.144987 -1.127362 2.581939 2.581939 
134.500000 419 2.000000 13.874078 10.165562 -1.487888 0.185570 2.248245 2.248245 
134.500000 420 2.000000 11.426726 7.504921 -1.451173 -0.361189 2.236360 2.236360 
134.500000 421 2.000000 11.491405 15.765770 -0.038864 -1.032739 1.068060 1.068060 
134.500000 422 2.000000 3.685700 13.888968 0.957324 -1.273131 2.537334 2.537334 
134.500000 423 2.000000 13.578968 18.130745 0.352881 -0.983818 1.092423 1.092423 
134.500000 424 2.000000 3.684902 17.646784 0.233222 1.208684 1.515309 1.515309 
134.500000 425 2.000000 5.014036 10.444401 1.285650 -0.193078 1.690175 1.690175 
134.500000 426 2.000000 8.289023 9.661821 0.849953 -0.926561 1.580935 1.580935 
134.500000 427 2.000000 8.249540 10.484743 -0.862778 -1.069130 1.887424 1.887424 
134.500000 428 2.000000 13.993735 2.900175 1.943574 0.232946 3.831744 3.831744 
134.500000 429 2.000000 3.676150 2.574127 0.474342 0.804414 0.872083 0.872083 
134.500000 430 2.000000 4.447373 14.136942 -0.050390 1.385975 1.923465 1.923465 
134.500000 431 2.000000 8.655718 19.247922 -1.903248 -0.884797 4.405218 4.405218 
134.500000 432 2.000000 10.332625 4.363422 -0.823582 -0.246025 0.738815 0.738815 
134.500000 433 2.000000 7.757590 16.537639 0.123167 0.625095 0.405914 0.405914 
134.500000 434 2.000000 1.459924 10.569849 -0.691874 1.073081 1.630193 1.630193 
134.500000 435 2.000000 9.182796 7.968521 -0.997026 -0.179903 1.026426 1.026426 
134.500000 436 2.000000 1.687484 5.355039 0.340906 1.338760 1.908494 1.908494 
134.500000 437 2.000000 4.635068 3.513798 0.842740 -1.148864 2.030099 2.030099 
134.500000 438 2.000000 4.613739 0.113541 0.222349 0.756933 0.622386 0.622386 
134.500000 439 2.000000 10.995641 16.542785 1.027658 -0.804901 1.703946 1.703946 
134.500000 440 2.000000 10.059042 2.787057 -1.251700 -0.563629 1.884431 1.884431 
134.500000 441 2.000000 3.796178 7.605021 0.632696 -0.872886 1.162234 1.162234 
134.500000 442 2.000000 7.021832 11.296908 1.440389 -0.429288 2.259010 2.259010 
134.500000 443 2.000000 11.561618 3.433473 0.495717 1.373389 2.131931 2.131931 
134.500000 444 2.000000 7.258454 11.643682 -1.696814 -1.176946 4.264380 4.264380 
134.500000 445 2.000000 4.658416 4.307245 1.001810 0.633418 1.404841 1.404841 
134.500000 446 2.000000 5.903985 2.939534 0.672893 0.297085 0.541045 0.541045 
134.500000 447 2.000000 3.282874 11.454417 0.410359 -0.718116 0.684086 0.684086 
134.500000 448 2.000000 2.394219 1.251584 -0.114076 -0.627037 0.406189 0.406189 
134.500000 449 2.000000 12.371811 14.121546 0.040895 1.134261 1.288220 1.288220 
134.500000 450 2.000000 7.795894 4.980306 -0.941906 -0.426358 1.068968 1.068968 
134.500000 451 2.000000 5.588683 19.649108 -1.338744 -0.015289 1.792468 1.792468 
134.500000 452 2.000000 10.896016 4.206991 -1.247995 0.329960 1.666365 1.666365 
134.500000 453 2.000000 11.869563 4.111737 -0.126857 -0.408442 0.182918 0.182918 
134.500000 454 2.000000 6.360946 0.325164 -1.483433 0.260131 2.268240 2.268240 
134.500000 455 2.000000 3.349879 15.372077 0.643746 0.501224 0.665635 0.665635 
134.500000 456 2.000000 13.687525 3.449836 -0.528398 -0.159972 0.304795 0.304795 
134.500000 457 2.000000 5.478120 3.288791 0.777038 0.043376 0.605670 0.605670 
134.500000 458 2.000000 4.418855 15.286092 0.597142 -0.849353 1.077979 1.077979 
134.500000 459 2.000000 6.673216 6.290372 1.668304 -0.481798 3.015367 3.015367 
134.500000 460 2.000000 9.518730 0.430767 -0.261103 0.574355 0.398058 0.398058 
134.500000 461 2.000000 13.800916 10.293501 0.107563 -1.565564 2.462561 2.462561 
134.500000 462 2.000000 2.542256 9.218946 1.210598 0.895043 2.266649 2.266649 
134.500000 463 2.000000 7.792223 3.923577 -0.608022 0.242196 0.428350 0.428350 
134.500000 464 2.000000 11.988649 16.838635 0.911892 0.387543 0.981737 0.981737 
134.500000 465 2.000000 12.700302 6.758309 1.053379 -0.933328 1.980708 1.980708 
134.500000 466 2.000000 12.193716 10.742653 1.543508 0.420456 2.559200 2.559200 
134.500000 467 2.000000 7.718327 9.035913 -0.428731 -0.908776 1.009684 1.009684 
134.500000 468 2.000000 2.597530 11.933034 0.319926 0.710658 0.607387 0.607387 
134.500000 469 2.000000 0.403365 15.930880 -0.494529 -0.842657 0.954630 0.954630 
134.500000 470 2.000000 4.927487 5.229060 -0.085117 0.274768 0.082742 0.082742 
134.500000 471 2.000000 5.049643 18.275193 1.771804 0.452356 3.343916 3.343916 
134.500000 472 2.000000 2.241071 14.145110 0.896428 1.208984 2.265225 2.265225 
134.500000 473 2.000000 4.269106 7.591931 1.004495 0.401689 1.170365 1.170365 
134.500000 474 2.000000 4.730348 17.005658 -0.772705 0.639416 1.005926 1.005926 
134.500000 475 2.000000 3.404841 10.262240 -0.879330 0.768707 1.364132 1.364132 
134.500000 476 2.000000 0.000001 15.779008 1.122775 -0.282582 1.340476 1.340476 
134.500000 477 2.000000 3.330350 2.392847 0.199422 0.435063 0.229049 0.229049 
134.500000 478 2.000000 4.307669 8.344605 1.662070 0.054979 2.765499 2.765499 
134.500000 479 2.000000 10.279810 0.912928 -0.907658 0.060862 0.827548 0.827548 
134.500000 480 2.000000 13.964526 18.120429 1.030592 -0.963882 1.991189 1.991189 
134.500000 481 2.000000 4.327657 2.117594 -1.063373 -0.009595 1.130854 1.130854 
134.500000 482 2.000000 2.954602 4.009319 -0.893117 0.977111 1.752404 1.752404 
134.500000 483 2.000000 4.042912 11.477923 0.360903 -0.507130 0.387432 0.387432 
134.500000 484 2.000000 12.974868 1.247097 -0.463363 -1.096661 1.417370 1.417370 
134.500000 485 2.000000 14.351954 17.571417 0.123691 0.124078 0.030695 0.030695 
134.500000 486 2.000000 5.166750 5.439710 0.801046 0.052723 0.644455 0.644455 
134.500000 487 2.000000 6.496433 4.548593 0.411167 -0.942159 1.056721 1.056721 
134.500000 488 2.000000 0.114952 2.906720 0.076634 0.220752 0.054604 0.054604 
134.500000 489 2.000000 11.573989 16.131368 -0.599866 0.161514 0.385926 0.385926 
134.500000 490 2.000000 3.597638 10.957492 0.685264 0.761295 1.049158 1.049158 
134.500000 491 2.000000 11.791263 11.903455 -0.385464 -1.065757 1.284421 1.284421 
134.500000 492 2.000000 3.457812 8.162300 1.571732 -0.674513 2.925309 2.925309 
134.500000 493 2.000000 14.749156 6.306619 0.862524 -1.601565 3.308957 3.308957 
134.500000 494 2.000000 7.630403 0.784735 0.023692 -0.119150 0.014758 0.014758 
134.500000 495 2.000000 6.471438 6.699479 -0.948007 -0.281311 0.977852 0.977852 
134.500000 496 2.000000 5.646319 17.041890 1.008271 0.869484 1.772613 1.772613 
134.500000 497 2.000000 13.585033 2.568237 0.794446 0.256824 0.697103 0.697103 
134.500000 498 2.000000 4.180821 1.606256 0.178734 0.440070 0.225607 0.225607 
134.500000 499 2.000000 4.911496 12.519939 -0.023370 -0.517651 0.268509 0.268509 
134.500000 500 2.000000 1.911111 17.885467 0.117607 -0.961151 0.937643 0.937643 
