475.000000 1 2.000000 0.584564 5.590846 -0.043349 -0.418555 0.177068 0.177068 
475.000000 2 2.000000 1.846225 5.950757 -2.113481 -1.641363 7.160875 7.160875 
475.000000 3 2.000000 1.008011 12.774206 -0.434850 -0.778182 0.794662 0.794662 
475.000000 4 2.000000 0.118617 12.219765 -4.616456 -1.587014 23.830276 23.830276 
475.000000 5 2.000000 0.450510 5.194137 1.126273 -2.185586 6.045279 6.045279 
475.000000 6 2.000000 0.953869 18.168268 -3.358432 5.860731 45.627234 45.627234 
475.000000 7 2.000000 0.253010 16.122954 2.530089 -2.710108 13.746031 13.746031 
475.000000 8 2.000000 1.089005 12.538100 -1.759987 1.051891 4.204029 4.204029 
475.000000 9 2.000000 0.000001 15.391120 3.817246 2.495310 20.797938 20.797938 
475.000000 10 2.000000 0.623288 13.270389 -2.450203 0.477679 6.231670 6.231670 
475.000000 11 2.000000 0.559015 6.236000 -2.567061 5.669090 38.728378 38.728378 
475.000000 12 2.000000 1.035060 4.997732 -0.359031 2.324526 5.532325 5.532325 
475.000000 13 2.000000 0.683139 9.895171 -1.528424 2.998536 11.327300 11.327300 
475.000000 14 2.000000 0.548702 2.547399 2.194805 -4.922219 29.045407 29.045407 
475.000000 15 2.000000 1.348097 11.946302 3.370240 1.673503 14.159127 14.159127 
475.000000 16 2.000000 1.034459 5.071046 1.217009 1.913602 5.142983 5.142983 
475.000000 17 2.000000 0.611664 7.490603 1.755198 0.917117 3.921822 3.921822 
475.000000 18 2.000000 1.839746 8.542230 -2.243068 -1.078715 6.194983 6.194983 
475.000000 19 2.000000 0.261942 5.629606 -0.234362 1.652508 2.785707 2.785707 
475.000000 20 2.000000 1.144148 0.101264 4.576586 -6.218355 59.613080 59.613080 
475.000000 21 2.000000 1.619647 12.181921 -3.341517 -2.369115 16.778441 16.778441 
475.000000 22 2.000000 0.905641 8.493071 -1.778597 2.149809 7.785086 7.785086 
475.000000 23 2.000000 1.010805 6.049459 0.748744 2.372336 6.188597 6.188597 
475.000000 24 2.000000 1.949999 18.258811 -7.083178 -2.901980 58.592906 58.592906 
475.000000 25 2.000000 0.060381 12.772531 -1.115950 -2.226118 6.200947 6.200947 
475.000000 26 2.000000 1.885394 10.584370 -0.296421 -0.351515 0.211428 0.211428 
475.000000 27 2.000000 0.035192 14.906023 -3.229344 1.915433 14.097550 14.097550 
475.000000 28 2.000000 1.483962 0.894953 -3.144912 4.474758 29.913934 29.913934 
475.000000 29 2.000000 1.842722 6.251466 6.164579 -2.120447 42.498324 42.498324 
475.000000 30 2.000000 1.063766 4.066383 0.393987 1.378435 2.055308 2.055308 
475.000000 31 2.000000 1.574261 11.812082 -3.795380 -3.428006 26.156134 26.156134 
475.000000 32 2.000000 0.743248 17.351132 0.692098 -1.362433 2.335223 2.335223 
475.000000 33 2.000000 1.481580 11.694530 2.279353 1.604630 7.770287 7.770287 
475.000000 34 2.000000 0.887598 18.820472 -0.303471 -2.359055 5.657234 5.657234 
475.000000 35 2.000000 1.919335 2.255094 2.952822 0.240313 8.776908 8.776908 
475.000000 36 2.000000 0.473960 7.460806 0.374128 0.419935 0.316317 0.316317 
475.000000 37 2.000000 1.203749 4.344362 -0.287698 0.250894 0.145718 0.145718 
475.000000 38 2.000000 1.204215 0.508238 -1.032379 2.541183 7.523415 7.523415 
475.000000 39 2.000000 1.769747 9.957962 -1.840522 -1.134118 4.673746 4.673746 
475.000000 40 2.000000 1.555305 11.467583 0.120360 -4.802879 23.082131 23.082131 
475.000000 41 2.000000 0.729839 9.897344 -1.473483 0.312317 2.268693 2.268693 
475.000000 42 2.000000 1.352124 15.197452 2.458406 3.233500 16.499284 16.499284 
475.000000 43 2.000000 1.401306 1.099093 -3.695955 -1.247154 15.215478 15.215478 
475.000000 44 2.000000 0.996339 11.663147 0.433191 4.760468 22.849709 22.849709 
475.000000 45 2.000000 0.890261 4.744179 3.561039 -0.253829 12.745431 12.745431 
475.000000 46 2.000000 0.092535 19.364552 1.850675 -6.354470 43.804289 43.804289 
475.000000 47 2.000000 0.359380 19.471914 -3.572709 4.528352 33.270218 33.270218 
475.000000 48 2.000000 0.894094 17.462596 -0.617992 -0.653551 0.809042 0.809042 
475.000000 49 2.000000 0.161267 5.346396 -0.174097 -5.956266 35.507419 35.507419 
475.000000 50 2.000000 1.208023 12.538083 -1.097966 -0.205058 1.247577 1.247577 
475.000000 51 2.000000 0.049148 3.470443 -0.427346 -0.641290 0.593878 0.593878 
475.000000 52 2.000000 1.586216 14.844560 3.965538 -0.574312 16.055326 16.055326 
475.000000 53 2.000000 0.875393 10.530507 2.917973 -0.697340 9.000852 9.000852 
475.000000 54 2.000000 1.773671 17.619117 -1.213521 0.400844 1.633309 1.633309 
475.000000 55 2.000000 0.565739 7.435121 1.414344 1.076860 3.159996 3.159996 
475.000000 56 2.000000 1.521343 16.647448 -2.181280 4.385651 23.991916 23.991916 
475.000000 57 2.000000 0.681440 16.915338 0.034246 -0.845113 0.715388 0.715388 
475.000000 58 2.000000 0.183340 10.419913 0.611131 -2.254138 5.454619 5.454619 
475.000000 59 2.000000 1.861390 16.665099 0.517052 -0.733746 0.805726 0.805726 
475.000000 60 2.000000 0.408016 10.153984 4.080149 -2.020878 20.731563 20.731563 
475.000000 61 2.000000 1.634047 13.020269 1.021278 -0.570985 1.369034 1.369034 
475.000000 62 2.000000 1.648249 5.711054 -6.073009 -0.860360 37.621659 37.621659 
475.000000 63 2.000000 0.207210 7.316230 -1.872514 -2.757873 11.112176 11.112176 
475.000000 64 2.000000 0.265122 3.838347 -2.739280 -0.838657 8.207000 8.207000 
475.000000 65 2.000000 1.380049 17.653417 3.942995 0.295154 15.634327 15.634327 
475.000000 66 2.000000 0.916273 14.430838 -1.760877 -0.839271 3.805065 3.805065 
475.000000 67 2.000000 0.571878 6.427561 -2.543675 0.559187 6.782973 6.782973 
475.000000 68 2.000000 1.895592 17.882280 2.707987 -3.258029 17.947946 17.947946 
475.000000 69 2.000000 0.141212 9.490905 -3.655574 -1.395189 15.309772 15.309772 
475.000000 70 2.000000 0.000001 7.700903 3.437495 0.529842 12.097104 12.097104 
475.000000 71 2.000000 1.478786 4.637320 2.797010 0.911483 8.654066 8.654066 
475.000000 72 2.000000 1.068488 8.218809 -4.445556 1.370870 21.642253 21.642253 
475.000000 73 2.000000 1.875672 19.185343 -1.524543 0.004464 2.324251 2.324251 
475.000000 74 2.000000 0.209755 3.484727 0.498365 2.289759 5.491363 5.491363 
475.000000 75 2.000000 0.000001 4.493680 3.990900 1.918985 19.609784 19.609784 
475.000000 76 2.000000 1.576075 10.568124 1.970093 0.611186 4.254815 4.254815 
475.000000 77 2.000000 1.262997 18.780040 -6.908021 -4.066529 64.257404 64.257404 
475.000000 78 2.000000 0.676187 12.020902 3.380929 3.642697 24.699925 24.699925 
475.000000 79 2.000000 0.633804 14.026212 -0.967117 1.197830 2.370112 2.370112 
475.000000 80 2.000000 1.122183 3.162138 3.206233 3.513485 22.624511 22.624511 
475.000000 81 2.000000 0.126209 12.696461 -0.997889 1.238679 2.530109 2.530109 
475.000000 82 2.000000 1.290156 0.794482 0.358376 -2.087688 4.486874 4.486874 
475.000000 83 2.000000 1.435445 12.591042 -2.610772 4.937663 31.196648 31.196648 
475.000000 84 2.000000 0.211102 12.969267 -0.831688 -1.595100 3.236048 3.236048 
475.000000 85 2.000000 1.192035 6.169415 -1.553929 4.406724 21.833914 21.833914 
475.000000 86 2.000000 1.651585 17.393224 -0.890613 2.332046 6.231631 6.231631 
475.000000 87 2.000000 1.828693 10.647739 -1.251064 1.333305 3.342865 3.342865 
475.000000 88 2.000000 0.719920 12.158048 -0.342144 -2.969814 8.936858 8.936858 
475.000000 89 2.000000 1.666431 2.369214 -1.455841 -1.412260 4.113952 4.113952 
475.000000 90 2.000000 1.058257 4.351340 -3.010474 -1.861032 12.526396 12.526396 
475.000000 91 2.000000 0.296218 3.215231 2.396499 -2.986925 14.664928 14.664928 
475.000000 92 2.000000 1.063681 7.142078 0.254701 -1.625755 2.707953 2.707953 
475.000000 93 2.000000 1.146808 14.708485 1.108237 -2.156003 5.876541 5.876541 
475.000000 94 2.000000 1.179773 4.443501 1.025889 4.231905 18.961469 18.961469 
475.000000 95 2.000000 1.167969 7.442137 1.297743 -0.722844 2.206640 2.206640 
475.000000 96 2.000000 0.860096 18.138683 0.615258 -1.478276 2.563841 2.563841 
475.000000 97 2.000000 1.349722 4.303009 5.398886 -1.569898 31.612549 31.612549 
475.000000 98 2.000000 0.675790 13.412279 4.505262 -0.550204 20.600110 20.600110 
475.000000 99 2.000000 0.344118 7.189339 0.382352 3.048731 9.440953 9.440953 
475.000000 100 2.000000 0.584194 19.048439 0.376899 -0.906248 0.963337 0.963337 
475.000000 101 2.000000 1.339350 2.464849 -6.144494 0.605487 38.121416 38.121416 
475.000000 102 2.000000 1.172913 12.799990 1.563883 -4.235299 20.383488 20.383488 
475.000000 103 2.000000 1.489735 12.870497 4.256383 2.985890 27.032332 27.032332 
475.000000 104 2.000000 1.902909 14.042855 -0.508895 1.590278 2.787959 2.787959 
475.000000 105 2.000000 0.261781 17.228141 -0.494569 1.094082 1.441613 1.441613 
475.000000 106 2.000000 1.227690 12.818530 -3.649546 -0.398825 13.478247 13.478247 
475.000000 107 2.000000 0.592464 1.506707 -0.906892 0.971866 1.766975 1.766975 
475.000000 108 2.000000 0.998998 16.323932 1.248746 4.042513 17.901276 17.901276 
475.000000 109 2.000000 0.000001 4.170553 5.017918 1.367368 27.049196 27.049196 
475.000000 110 2.000000 1.771448 2.340878 -0.930755 -0.034173 0.867472 0.867472 
475.000000 111 2.000000 0.719441 0.728891 1.199066 -2.045241 5.620772 5.620772 
475.000000 112 2.000000 0.336407 19.668803 0.672813 -2.207973 5.327824 5.327824 
475.000000 113 2.000000 0.546510 15.706862 -0.748816 -0.109737 0.572768 0.572768 
475.000000 114 2.000000 1.949999 4.088062 -7.777170 -2.450451 66.489080 66.489080 
475.000000 115 2.000000 0.193910 3.769380 3.878184 -3.105422 24.683953 24.683953 
475.000000 116 2.000000 1.509822 0.897012 -0.555855 3.588043 13.183027 13.183027 
475.000000 117 2.000000 1.459255 14.789299 2.432090 -0.956092 6.829174 6.829174 
475.000000 118 2.000000 1.357808 17.109783 -2.998957 -4.128880 26.041391 26.041391 
475.000000 119 2.000000 1.672647 11.376232 -1.147406 2.231896 6.297902 6.297902 
475.000000 120 2.000000 1.902702 15.911582 0.283214 -1.858371 3.533754 3.533754 
475.000000 121 2.000000 0.714502 17.711313 1.607409 2.405927 8.372249 8.372249 
475.000000 122 2.000000 0.624383 5.611954 0.051843 0.049949 0.005183 0.005183 
475.000000 123 2.000000 1.169395 16.162411 -0.638465 -0.454798 0.614479 0.614479 
475.000000 124 2.000000 1.925759 15.655299 6.237570 5.370820 67.752991 67.752991 
475.000000 125 2.000000 0.686663 15.949714 1.373324 -0.169734 1.914829 1.914829 
475.000000 126 2.000000 1.096067 9.747216 -0.105703 1.748259 3.067582 3.067582 
475.000000 127 2.000000 0.193867 7.806485 0.553902 1.663037 3.072498 3.072498 
475.000000 128 2.000000 1.745718 5.568223 2.909529 2.497398 14.702356 14.702356 
475.000000 129 2.000000 0.759536 10.492741 0.318367 -2.522568 6.464707 6.464707 
475.000000 130 2.000000 1.949999 1.707843 -1.564554 1.666202 5.224058 5.224058 
475.000000 131 2.000000 1.901499 10.680914 1.462691 3.620649 15.248560 15.248560 
475.000000 132 2.000000 0.000001 12.296357 7.316255 -5.312857 81.754035 81.754035 
475.000000 133 2.000000 1.123767 7.661727 2.247531 4.256514 23.169312 23.169312 
475.000000 134 2.000000 0.042309 19.324614 0.030220 0.814722 0.664685 0.664685 
475.000000 135 2.000000 1.241508 3.235243 -2.062259 -1.199854 5.692562 5.692562 
475.000000 136 2.000000 1.062404 16.086395 -0.460664 3.466288 12.227363 12.227363 
475.000000 137 2.000000 0.496162 17.791452 -0.110130 -3.397765 11.556937 11.556937 
475.000000 138 2.000000 1.374959 13.827223 -1.315866 1.927173 5.445500 5.445500 
475.000000 139 2.000000 1.949999 8.134273 -3.053433 1.764167 12.435736 12.435736 
475.000000 140 2.000000 1.538079 2.828000 -2.097601 0.159891 4.425494 4.425494 
475.000000 141 2.000000 1.749000 6.071628 -4.057974 1.716087 19.412110 19.412110 
475.000000 142 2.000000 0.541217 19.134532 2.706079 -1.236381 8.851500 8.851500 
475.000000 143 2.000000 1.769964 8.893829 -3.638695 2.964609 22.029013 22.029013 
475.000000 144 2.000000 0.709483 4.793061 2.837927 -3.324178 19.103991 19.103991 
475.000000 145 2.000000 0.732156 12.868360 1.627012 2.334442 8.096785 8.096785 
475.000000 146 2.000000 1.157010 17.103868 0.278797 -2.896131 8.465305 8.465305 
475.000000 147 2.000000 1.134818 16.168271 3.782722 1.472509 16.477272 16.477272 
475.000000 148 2.000000 1.625696 0.175674 0.347259 -2.027023 4.229409 4.229409 
475.000000 149 2.000000 1.463309 1.387552 0.091746 0.706894 0.508117 0.508117 
475.000000 150 2.000000 0.473376 0.724032 -0.906602 2.413438 6.646611 6.646611 
475.000000 151 2.000000 0.674899 1.874326 -0.488523 1.758942 3.332533 3.332533 
475.000000 152 2.000000 0.737943 5.026502 4.919613 -0.807697 24.854971 24.854971 
475.000000 153 2.000000 0.819943 3.476731 -5.688281 0.882532 33.135403 33.135403 
475.000000 154 2.000000 0.453808 3.445980 -1.035461 -1.045827 2.165934 2.165934 
475.000000 155 2.000000 0.302213 1.781430 1.511058 -0.958872 3.202732 3.202732 
475.000000 156 2.000000 1.634535 9.844917 -3.192642 -0.029247 10.193818 10.193818 
475.000000 157 2.000000 0.468473 13.686179 -1.889907 -1.403071 5.540359 5.540359 
475.000000 158 2.000000 1.914719 1.617729 4.786795 -2.911165 31.388282 31.388282 
475.000000 159 2.000000 0.923629 19.609266 -1.406494 0.817735 2.646916 2.646916 
475.000000 160 2.000000 1.488080 5.357153 -1.577731 2.491698 8.697796 8.697796 
475.000000 161 2.000000 0.701195 17.704555 1.207274 5.111718 27.587171 27.587171 
475.000000 162 2.000000 0.056655 14.459715 0.220854 3.165415 10.068631 10.068631 
475.000000 163 2.000000 0.865943 14.865249 0.360809 -0.267642 0.201816 0.201816 
475.000000 164 2.000000 1.067031 12.634904 0.853624 0.452314 0.933263 0.933263 
475.000000 165 2.000000 0.331743 1.793331 3.317415 -0.901018 11.817078 11.817078 
475.000000 166 2.000000 0.618996 12.783460 -3.135689 -0.302720 9.924188 9.924188 
475.000000 167 2.000000 1.669344 18.541947 1.792164 3.709392 16.971437 16.971437 
475.000000 168 2.000000 1.935046 10.448330 -0.337057 -3.473334 12.177659 12.177659 
475.000000 169 2.000000 0.569725 5.133614 0.949541 -2.245259 5.942817 5.942817 
475.000000 170 2.000000 1.461933 0.895872 -1.432475 -2.273050 7.218742 7.218742 
475.000000 171 2.000000 1.106965 9.904028 3.689881 -2.432764 19.533561 19.533561 
475.000000 172 2.000000 1.609899 0.607509 4.599708 -1.603198 23.727558 23.727558 
475.000000 173 2.000000 0.109803 3.060336 -5.295702 1.700186 30.935087 30.935087 
475.000000 174 2.000000 1.909934 3.227834 3.183221 4.965896 34.793024 34.793024 
475.000000 175 2.000000 1.529159 13.485236 -2.843597 -2.486014 14.266309 14.266309 
475.000000 176 2.000000 1.359856 11.800172 3.885301 -4.035700 31.382440 31.382440 
475.000000 177 2.000000 1.049943 2.200082 -2.609588 -4.506308 27.116760 27.116760 
475.000000 178 2.000000 0.719001 18.397269 1.437999 0.315067 2.167109 2.167109 
475.000000 179 2.000000 0.690122 11.711381 -1.133545 -1.112991 2.523674 2.523674 
475.000000 180 2.000000 0.480183 10.783803 0.286102 2.241533 5.106326 5.106326 
475.000000 181 2.000000 1.850399 17.301234 -2.029991 -1.920860 7.810567 7.810567 
475.000000 182 2.000000 0.124056 10.286464 2.481106 4.210860 23.887229 23.887229 
475.000000 183 2.000000 1.849418 17.770140 -2.049610 1.384125 6.116703 6.116703 
475.000000 184 2.000000 0.659764 10.504487 1.649408 -1.206370 4.175876 4.175876 
475.000000 185 2.000000 1.573129 19.142313 -1.294235 -2.858954 9.848662 9.848662 
475.000000 186 2.000000 0.603742 16.251156 0.402494 4.924593 24.413613 24.413613 
475.000000 187 2.000000 0.126102 12.749920 -3.077829 -1.383954 11.388359 11.388359 
475.000000 188 2.000000 1.294713 17.327783 1.849588 -1.908726 7.064211 7.064211 
475.000000 189 2.000000 1.550514 3.689085 -0.925745 0.695710 1.341016 1.341016 
475.000000 190 2.000000 0.803785 15.510251 2.296525 2.601904 12.043934 12.043934 
475.000000 191 2.000000 0.685076 13.953194 -3.200309 -0.780233 10.850738 10.850738 
475.000000 192 2.000000 1.478080 4.184503 2.111542 1.417674 6.468407 6.468407 
475.000000 193 2.000000 0.210200 12.214266 -2.212749 -1.089709 6.083722 6.083722 
475.000000 194 2.000000 0.108624 5.806663 -1.307914 -4.174511 19.137178 19.137178 
475.000000 195 2.000000 0.900201 19.337673 6.001332 3.123331 45.771184 45.771184 
475.000000 196 2.000000 0.766986 11.747836 0.697259 7.831890 61.824666 61.824666 
475.000000 197 2.000000 0.057601 11.977587 1.151992 3.742996 15.337102 15.337102 
475.000000 198 2.000000 0.951227 15.323345 -0.104221 -1.336850 1.798030 1.798030 
475.000000 199 2.000000 0.560311 3.855242 0.933850 -0.900137 1.682323 1.682323 
475.000000 200 2.000000 0.698397 9.192153 -2.124004 -2.615726 11.353415 11.353415 
475.000000 201 2.000000 0.461147 16.913083 0.048602 -0.084448 0.009494 0.009494 
475.000000 202 2.000000 0.609910 13.184746 -0.047655 -0.871611 0.761976 0.761976 
475.000000 203 2.000000 1.027193 10.765356 -3.114019 -2.289387 14.938405 14.938405 
475.000000 204 2.000000 0.789922 6.857508 1.579842 -0.823392 3.173876 3.173876 
475.000000 205 2.000000 1.326864 3.708902 -1.818387 -1.303288 5.005090 5.005090 
475.000000 206 2.000000 1.503580 4.361952 1.879474 -2.936319 12.154394 12.154394 
475.000000 207 2.000000 1.221211 5.554685 -2.467294 1.337087 7.875343 7.875343 
475.000000 208 2.000000 1.949999 13.094425 -5.057550 0.814312 26.241912 26.241912 
475.000000 209 2.000000 1.328956 0.208867 0.939679 4.177319 18.332988 18.332988 
475.000000 210 2.000000 1.887747 7.557136 1.452113 3.122193 11.856722 11.856722 
475.000000 211 2.000000 1.038395 14.408399 2.595985 0.682524 7.204978 7.204978 
475.000000 212 2.000000 1.915745 12.113946 -0.380544 -1.755125 3.225277 3.225277 
475.000000 213 2.000000 1.658902 9.006538 4.147254 0.540285 17.491622 17.491622 
475.000000 214 2.000000 0.492309 6.288875 -3.682225 4.192582 31.136529 31.136529 
475.000000 215 2.000000 0.132890 11.328344 0.379684 -1.779164 3.309583 3.309583 
475.000000 216 2.000000 1.513302 11.769586 -0.920802 2.797357 8.673081 8.673081 
475.000000 217 2.000000 0.931475 2.243584 1.034971 -0.509514 1.330771 1.330771 
475.000000 218 2.000000 0.652792 2.747152 -4.362023 1.373576 20.913958 20.913958 
475.000000 219 2.000000 0.403015 12.832156 -1.275587 -2.429777 7.530940 7.530940 
475.000000 220 2.000000 0.827477 4.009180 -5.650611 3.473920 43.997521 43.997521 
475.000000 221 2.000000 0.960507 17.585394 -0.145953 0.200285 0.061417 0.061417 
475.000000 222 2.000000 0.394895 10.886811 1.579578 2.096920 6.892140 6.892140 
475.000000 223 2.000000 1.603304 16.606060 1.233310 1.861538 4.986376 4.986376 
475.000000 224 2.000000 0.000001 18.337283 0.696580 -3.325433 11.543726 11.543726 
475.000000 225 2.000000 1.238631 6.793761 -0.779461 -0.345241 0.726751 0.726751 
475.000000 226 2.000000 1.075627 10.082913 -2.223929 -1.042537 6.032742 6.032742 
475.000000 227 2.000000 1.949999 5.460011 -2.333956 -1.512342 7.734527 7.734527 
475.000000 228 2.000000 0.639612 7.999084 1.599027 -0.457472 2.766169 2.766169 
475.000000 229 2.000000 0.817009 0.895141 -3.814634 -3.184143 24.690198 24.690198 
475.000000 230 2.000000 0.910778 11.898773 0.455389 1.154111 1.539351 1.539351 
475.000000 231 2.000000 0.537844 14.972743 -0.660867 -4.787863 23.360376 23.360376 
475.000000 232 2.000000 0.868589 10.053354 1.427091 0.122418 2.051574 2.051574 
475.000000 233 2.000000 0.976941 7.243937 -2.818165 0.128471 7.958561 7.958561 
475.000000 234 2.000000 1.127213 10.626449 -2.780621 2.775421 15.434814 15.434814 
475.000000 235 2.000000 1.232810 3.101085 -1.631754 -2.330257 8.092717 8.092717 
475.000000 236 2.000000 0.955581 13.840921 -0.452341 0.139011 0.223936 0.223936 
475.000000 237 2.000000 0.866959 15.401404 0.539041 3.168957 10.332851 10.332851 
475.000000 238 2.000000 0.821519 11.147846 -0.508200 -0.906072 1.079235 1.079235 
475.000000 239 2.000000 0.443728 1.518781 2.218635 -1.448990 7.021914 7.021914 
475.000000 240 2.000000 0.000001 16.296414 1.896038 0.995198 4.585377 4.585377 
475.000000 241 2.000000 0.720836 5.786649 4.805564 -1.202130 24.538558 24.538558 
475.000000 242 2.000000 1.949999 2.441612 -2.032673 2.123140 8.639485 8.639485 
475.000000 243 2.000000 0.837192 6.401058 0.888967 0.038888 0.791774 0.791774 
475.000000 244 2.000000 1.391908 11.639785 -3.460854 0.436661 12.168180 12.168180 
475.000000 245 2.000000 0.220843 8.797636 -0.972679 -3.556306 13.593415 13.593415 
475.000000 246 2.000000 1.318170 13.834762 2.196948 -0.665215 5.269092 5.269092 
475.000000 247 2.000000 1.324199 17.737974 5.296791 0.590498 28.404686 28.404686 
475.000000 248 2.000000 1.518987 9.970385 -0.837214 -1.105350 1.922725 1.922725 
475.000000 249 2.000000 1.411462 19.299092 0.672124 0.929500 1.315721 1.315721 
475.000000 250 2.000000 1.853853 3.286301 3.021949 -4.972377 33.856715 33.856715 
475.000000 251 2.000000 1.518267 6.605990 -1.117330 -1.695444 4.122957 4.122957 
475.000000 252 2.000000 0.968967 14.325937 -1.070665 -1.060572 2.271137 2.271137 
475.000000 253 2.000000 1.383528 15.894052 3.458818 2.800684 19.807252 19.807252 
475.000000 254 2.000000 0.939096 15.793112 -1.593235 -2.157378 7.192678 7.192678 
475.000000 255 2.000000 1.650328 16.268307 1.222465 2.716802 8.875435 8.875435 
475.000000 256 2.000000 0.546960 7.156132 2.734795 1.558800 9.908958 9.908958 
475.000000 257 2.000000 1.587431 16.310057 -1.246561 1.644183 4.257250 4.257250 
475.000000 258 2.000000 1.577000 4.414968 -2.524662 -1.025331 7.425222 7.425222 
475.000000 259 2.000000 0.964222 1.271001 -0.899627 3.648012 14.117320 14.117320 
475.000000 260 2.000000 1.440307 18.564893 -1.494264 -2.870212 10.470944 10.470944 
475.000000 261 2.000000 0.769139 3.871138 1.922846 2.858189 11.866579 11.866579 
475.000000 262 2.000000 1.535240 14.490889 3.070478 -5.112939 35.569979 35.569979 
475.000000 263 2.000000 1.676180 11.060840 2.234906 2.775318 12.697193 12.697193 
475.000000 264 2.000000 0.517768 15.067575 -1.545612 -0.201566 2.429546 2.429546 
475.000000 265 2.000000 0.660235 9.697169 4.401560 0.319760 19.475974 19.475974 
475.000000 266 2.000000 0.548448 10.265260 -0.913969 3.207893 11.125920 11.125920 
475.000000 267 2.000000 1.684916 3.848437 -0.258902 0.855208 0.798411 0.798411 
475.000000 268 2.000000 1.514581 1.222462 4.327371 -3.718324 32.552072 32.552072 
475.000000 269 2.000000 0.000001 15.463705 5.811805 0.584825 34.119095 34.119095 
475.000000 270 2.000000 1.711355 13.836150 2.202111 -2.304949 10.162083 10.162083 
475.000000 271 2.000000 0.323306 4.285985 -3.652874 2.316748 18.710807 18.710807 
475.000000 272 2.000000 1.526705 6.092077 -1.731178 0.578445 3.331575 3.331575 
475.000000 273 2.000000 0.900477 11.707717 0.121598 0.669789 0.463403 0.463403 
475.000000 274 2.000000 0.283317 9.620111 1.133266 -3.657457 14.661285 14.661285 
475.000000 275 2.000000 1.126773 5.584027 0.274822 -1.975539 3.978282 3.978282 
475.000000 276 2.000000 1.506921 15.748058 -0.670969 -2.743188 7.975278 7.975278 
475.000000 277 2.000000 0.465501 19.614929 -0.008875 0.191733 0.036840 0.036840 
475.000000 278 2.000000 0.837754 18.800873 4.188766 2.563647 24.118046 24.118046 
475.000000 279 2.000000 0.583219 6.250358 1.666338 -0.911875 3.608198 3.608198 
475.000000 280 2.000000 1.259113 5.081112 2.098519 1.563419 6.848062 6.848062 
475.000000 281 2.000000 0.459248 9.152903 0.765411 -4.171960 17.991106 17.991106 
475.000000 282 2.000000 0.380251 15.432393 -1.348032 1.308213 3.528611 3.528611 
475.000000 283 2.000000 0.000001 7.190417 4.646784 -0.173549 21.622718 21.622718 
475.000000 284 2.000000 1.567341 7.746496 -0.733743 1.392004 2.476052 2.476052 
475.000000 285 2.000000 0.471624 3.560489 -3.733938 -1.298432 15.628222 15.628222 
475.000000 286 2.000000 1.619601 2.784172 0.771238 -0.508880 0.853767 0.853767 
475.000000 287 2.000000 1.082940 2.151371 -4.373295 1.562500 21.567113 21.567113 
475.000000 288 2.000000 1.125562 14.851188 -2.393534 1.562200 8.169472 8.169472 
475.000000 289 2.000000 1.725996 13.030724 -0.090519 -3.399646 11.565789 11.565789 
475.000000 290 2.000000 1.613458 6.985023 0.020729 1.450549 2.104522 2.104522 
475.000000 291 2.000000 1.640277 8.586964 -1.586612 -1.276197 4.146017 4.146017 
475.000000 292 2.000000 0.116591 14.392111 -0.115256 -2.438212 5.958162 5.958162 
475.000000 293 2.000000 0.133233 14.182250 -2.833025 -0.207313 8.069008 8.069008 
475.000000 294 2.000000 0.963942 7.081104 0.918039 -3.914817 16.168585 16.168585 
475.000000 295 2.000000 0.793567 5.217969 0.476480 2.826866 8.218206 8.218206 
475.000000 296 2.000000 0.663058 5.132072 -1.507939 -0.330685 2.383234 2.383234 
475.000000 297 2.000000 1.572628 13.912212 2.096836 1.175595 5.778744 5.778744 
475.000000 298 2.000000 1.353709 18.407386 -0.889842 0.085444 0.799120 0.799120 
475.000000 299 2.000000 1.433023 11.906287 -1.330440 -3.054231 11.098398 11.098398 
475.000000 300 2.000000 0.536599 14.533677 -3.571499 -0.517233 13.023136 13.023136 
475.000000 301 2.000000 0.177797 10.890972 3.555912 -0.813586 13.306435 13.306435 
475.000000 302 2.000000 0.803642 0.316960 -0.828591 -0.269370 0.759123 0.759123 
475.000000 303 2.000000 0.813512 3.871693 1.699347 -1.170487 4.257820 4.257820 
475.000000 304 2.000000 0.686172 10.273436 -6.357134 0.271983 40.487132 40.487132 
475.000000 305 2.000000 0.839690 16.960608 1.199556 -5.526166 31.977450 31.977450 
475.000000 306 2.000000 0.212633 13.802676 4.252638 -0.581418 18.422974 18.422974 
475.000000 307 2.000000 0.106269 1.634131 2.125358 -0.532193 4.800374 4.800374 
475.000000 308 2.000000 1.786434 14.652310 0.167740 -2.814573 7.949958 7.949958 
475.000000 309 2.000000 1.162029 4.172859 -0.723191 -2.641070 7.498254 7.498254 
475.000000 310 2.000000 0.656173 0.743352 -0.140131 -1.035649 1.092205 1.092205 
475.000000 311 2.000000 0.307170 6.327138 3.071689 -1.953266 13.250520 13.250520 
475.000000 312 2.000000 1.567496 0.734762 0.870830 0.816401 1.424857 1.424857 
475.000000 313 2.000000 1.478539 11.792250 1.232115 3.158024 11.491225 11.491225 
475.000000 314 2.000000 0.356054 2.746195 1.017295 3.661592 14.442148 14.442148 
475.000000 315 2.000000 1.017606 16.578366 -0.763365 -4.185793 18.103586 18.103586 
475.000000 316 2.000000 0.076293 18.635282 -0.758656 -4.549056 21.269471 21.269471 
475.000000 317 2.000000 0.732329 13.403517 0.221194 -3.144516 9.936907 9.936907 
475.000000 318 2.000000 1.718657 11.669476 3.437312 -3.266872 22.487567 22.487567 
475.000000 319 2.000000 0.503830 8.491338 0.477646 3.125840 9.999022 9.999022 
475.000000 320 2.000000 1.533728 0.114391 1.460692 2.287801 7.367653 7.367653 
475.000000 321 2.000000 0.889954 10.514085 -2.393656 -0.798337 6.366932 6.366932 
475.000000 322 2.000000 0.290871 17.059394 -0.048168 4.223548 17.840678 17.840678 
475.000000 323 2.000000 0.224868 1.775386 -3.174601 -2.871514 18.323687 18.323687 
475.000000 324 2.000000 1.067669 18.994895 1.423557 0.491342 2.267932 2.267932 
475.000000 325 2.000000 0.554409 17.769822 0.059077 -0.654708 0.432133 0.432133 
475.000000 326 2.000000 1.652495 14.611885 0.274569 -0.315682 0.175043 0.175043 
475.000000 327 2.000000 1.828429 14.677030 -2.469404 2.233983 11.088640 11.088640 
475.000000 328 2.000000 0.891754 14.535177 -0.594971 -4.048017 16.740429 16.740429 
475.000000 329 2.000000 1.415748 17.864994 0.249362 -0.970457 1.003968 1.003968 
475.000000 330 2.000000 1.041480 11.123073 -0.100786 1.951232 3.817464 3.817464 
475.000000 331 2.000000 1.006991 9.289019 -0.091240 -3.630841 13.191328 13.191328 
475.000000 332 2.000000 1.530459 19.187524 3.401019 1.366446 13.434103 13.434103 
475.000000 333 2.000000 0.406981 6.837560 2.034901 2.103864 8.567067 8.567067 
475.000000 334 2.000000 0.780758 12.479896 1.367920 -3.546656 14.449978 14.449978 
475.000000 335 2.000000 1.121880 14.247457 -5.558795 -3.486389 43.055115 43.055115 
475.000000 336 2.000000 0.704258 8.615718 1.408514 -1.394750 3.929239 3.929239 
475.000000 337 2.000000 1.811641 17.721261 1.575339 -2.531931 8.892367 8.892367 
475.000000 338 2.000000 0.605254 9.278242 3.026263 2.504718 15.431881 15.431881 
475.000000 339 2.000000 1.695738 9.288439 -0.546523 -1.157672 1.638892 1.638892 
475.000000 340 2.000000 0.378890 13.763959 -1.783677 -5.669127 35.320504 35.320504 
475.000000 341 2.000000 1.051535 16.296216 5.257668 -3.367075 38.980269 38.980269 
475.000000 342 2.000000 0.871506 16.885657 -1.998897 3.481579 16.116977 16.116977 
475.000000 343 2.000000 1.259867 2.966398 -1.238690 2.795440 9.348838 9.348838 
475.000000 344 2.000000 0.145161 0.594731 2.903190 2.973651 17.271114 17.271114 
475.000000 345 2.000000 1.469376 1.394507 0.706564 -1.698920 3.385562 3.385562 
475.000000 346 2.000000 0.833319 9.044723 -0.660346 0.005172 0.436084 0.436084 
475.000000 347 2.000000 0.329520 5.876222 -0.809657 3.092748 10.220633 10.220633 
475.000000 348 2.000000 0.529918 8.645078 -5.718322 1.543154 35.080536 35.080536 
475.000000 349 2.000000 0.459954 3.357760 1.533176 -2.473460 8.468633 8.468633 
475.000000 350 2.000000 1.181347 11.036813 0.536975 0.967484 1.224367 1.224367 
475.000000 351 2.000000 1.809266 17.076296 1.507721 -0.353025 2.397848 2.397848 
475.000000 352 2.000000 0.863838 17.823004 -4.382645 -0.292573 19.293178 19.293178 
475.000000 353 2.000000 0.195806 1.946104 -1.441354 4.324672 20.780292 20.780292 
475.000000 354 2.000000 1.182156 16.218420 1.970259 2.878133 12.165571 12.165571 
475.000000 355 2.000000 0.917878 10.664845 -1.758202 -2.517747 9.430323 9.430323 
475.000000 356 2.000000 0.189843 9.832725 -2.238195 -1.551739 7.417409 7.417409 
475.000000 357 2.000000 0.177962 12.296422 -2.764211 1.191839 9.061344 9.061344 
475.000000 358 2.000000 1.675416 10.150070 3.350830 2.985314 20.140166 20.140166 
475.000000 359 2.000000 0.623707 0.589842 4.158038 1.310758 19.007362 19.007362 
475.000000 360 2.000000 0.800145 17.442538 -0.325704 0.812026 0.765469 0.765469 
475.000000 361 2.000000 1.225286 9.148080 0.252636 -2.932951 8.666027 8.666027 
475.000000 362 2.000000 1.162145 18.049800 1.660205 0.709964 3.260330 3.260330 
475.000000 363 2.000000 1.602713 17.802440 -0.176580 -1.997781 4.022309 4.022309 
475.000000 364 2.000000 1.850393 12.687965 0.402259 2.030074 4.283014 4.283014 
475.000000 365 2.000000 1.097820 14.238367 -1.742358 2.011307 7.081168 7.081168 
475.000000 366 2.000000 1.602697 0.763067 -0.572310 -1.402900 2.295667 2.295667 
475.000000 367 2.000000 0.174277 16.580347 1.161837 -2.137283 5.917842 5.917842 
475.000000 368 2.000000 0.614448 7.410473 2.048158 5.110670 30.313900 30.313900 
475.000000 369 2.000000 0.588449 15.249575 0.132031 -3.800339 14.460012 14.460012 
475.000000 370 2.000000 0.970363 6.739744 -2.523802 -0.822701 7.046413 7.046413 
475.000000 371 2.000000 0.717964 11.181435 0.035262 -0.847939 0.720244 0.720244 
475.000000 372 2.000000 0.946335 0.577401 -0.730182 -1.351058 2.358524 2.358524 
475.000000 373 2.000000 1.146133 4.055513 -2.717555 -2.057353 11.617806 11.617806 
475.000000 374 2.000000 1.405789 15.301015 1.034526 1.698137 3.953913 3.953913 
475.000000 375 2.000000 0.168246 10.688038 -1.187518 -2.538481 7.854085 7.854085 
475.000000 376 2.000000 1.603549 9.452607 -1.770251 1.527409 5.466768 5.466768 
475.000000 377 2.000000 0.737903 10.519999 1.475803 1.930275 5.903956 5.903956 
475.000000 378 2.000000 0.984961 7.371460 4.924802 -1.775759 27.406991 27.406991 
475.000000 379 2.000000 0.209898 16.283566 -0.953842 0.804127 1.556435 1.556435 
475.000000 380 2.000000 1.829602 3.791929 -2.445939 2.081696 10.316073 10.316073 
475.000000 381 2.000000 0.390828 1.246768 -0.503424 -4.935061 24.608260 24.608260 
475.000000 382 2.000000 1.066746 1.192867 0.294270 0.427412 0.269275 0.269275 
475.000000 383 2.000000 0.105574 1.430746 2.111461 -0.513647 4.722100 4.722100 
475.000000 384 2.000000 0.000001 14.438589 5.962083 3.065627 44.944506 44.944506 
475.000000 385 2.000000 1.578831 11.772011 3.947075 -6.034569 51.995422 51.995422 
475.000000 386 2.000000 1.935713 10.271956 1.138654 -3.439094 13.123904 13.123904 
475.000000 387 2.000000 0.106350 6.098198 -0.341347 1.793587 3.333473 3.333473 
475.000000 388 2.000000 1.224191 15.861354 0.842889 -0.304057 0.802912 0.802912 
475.000000 389 2.000000 0.236784 6.226343 4.735658 -0.641656 22.838181 22.838181 
475.000000 390 2.000000 0.158906 12.786286 0.635621 -3.507051 12.703422 12.703422 
475.000000 391 2.000000 0.000001 1.894586 3.445979 0.479924 12.105098 12.105098 
475.000000 392 2.000000 0.005144 17.341631 -0.675657 -0.567084 0.778097 0.778097 
475.000000 393 2.000000 1.044053 11.967455 -0.154684 1.228173 1.532335 1.532335 
475.000000 394 2.000000 1.036623 11.061252 -0.768701 0.358288 0.719271 0.719271 
475.000000 395 2.000000 0.000001 7.816749 1.467023 2.633040 9.085057 9.085057 
475.000000 396 2.000000 1.123505 1.174175 0.007683 -1.088157 1.184145 1.184145 
475.000000 397 2.000000 0.540693 14.232788 -4.064590 5.809301 50.268865 50.268865 
475.000000 398 2.000000 0.990104 14.739092 -1.060381 1.360151 2.974418 2.974418 
475.000000 399 2.000000 0.996040 3.376413 -3.217863 -2.043224 14.529411 14.529411 
475.000000 400 2.000000 0.463447 14.819800 -0.105106 -0.014472 0.011257 0.011257 
475.000000 401 2.000000 1.053702 7.724769 1.170779 -2.642736 8.354775 8.354775 
475.000000 402 2.000000 1.539647 7.609259 -4.141521 -2.915468 25.652152 25.652152 
475.000000 403 2.000000 0.217375 10.348261 -2.703576 2.528053 13.700373 13.700373 
475.000000 404 2.000000 1.218746 6.706348 -0.119783 -1.863471 3.486871 3.486871 
475.000000 405 2.000000 0.827915 3.790764 1.655827 3.610251 15.775676 15.775676 
475.000000 406 2.000000 1.150674 18.229340 -2.321785 6.481356 47.398663 47.398663 
475.000000 407 2.000000 0.930011 4.694294 -1.111671 2.235378 6.232726 6.232726 
475.000000 408 2.000000 0.193741 14.338683 -2.104185 -0.545761 4.725452 4.725452 
475.000000 409 2.000000 0.784446 1.337565 -0.341666 2.675127 7.273041 7.273041 
475.000000 410 2.000000 0.448684 1.494115 -0.847661 4.980381 25.522722 25.522722 
475.000000 411 2.000000 0.948890 8.398473 0.903704 1.111060 2.051135 2.051135 
475.000000 412 2.000000 0.326295 5.175933 -4.097259 -2.371851 22.413209 22.413209 
475.000000 413 2.000000 0.578372 11.047209 0.367004 -1.073089 1.286213 1.286213 
475.000000 414 2.000000 1.307815 15.424928 -0.101795 2.349720 5.531545 5.531545 
475.000000 415 2.000000 1.013733 16.038780 1.689553 1.492052 5.080807 5.080807 
475.000000 416 2.000000 0.542833 4.821291 -2.596484 2.683774 13.944375 13.944375 
475.000000 417 2.000000 1.246554 11.997980 -1.316991 3.287118 12.539607 12.539607 
475.000000 418 2.000000 0.388530 10.490771 -1.239130 1.203352 2.983499 2.983499 
475.000000 419 2.000000 1.385757 18.517079 2.131933 1.829020 7.890453 7.890453 
475.000000 420 2.000000 0.492299 16.527738 -3.277333 -3.039332 19.978454 19.978454 
475.000000 421 2.000000 1.559891 7.417849 2.079853 2.377687 9.979185 9.979185 
475.000000 422 2.000000 0.228738 8.482337 0.653535 0.799527 1.066352 1.066352 
475.000000 423 2.000000 1.443245 8.534458 0.053214 -0.617930 0.384670 0.384670 
475.000000 424 2.000000 1.402024 16.760660 -0.881038 1.517904 3.080259 3.080259 
475.000000 425 2.000000 0.000001 14.876669 3.026041 -1.576409 11.641990 11.641990 
475.000000 426 2.000000 1.753346 17.006017 4.090623 -2.550464 23.238067 23.238067 
475.000000 427 2.000000 0.681684 11.061399 4.544550 -0.646974 21.071515 21.071515 
475.000000 428 2.000000 1.051550 7.504600 -0.209675 -1.501985 2.299922 2.299922 
475.000000 429 2.000000 1.208906 13.024545 -0.776021 -0.939200 1.484305 1.484305 
475.000000 430 2.000000 0.039429 1.362619 -2.426213 -2.237243 10.891764 10.891764 
475.000000 431 2.000000 1.422798 2.716424 -1.356002 0.920821 2.686654 2.686654 
475.000000 432 2.000000 1.355167 8.827471 -2.417329 -4.585179 26.867348 26.867348 
475.000000 433 2.000000 1.321424 7.652110 -4.228499 3.327004 28.949159 28.949159 
475.000000 434 2.000000 0.561102 0.349853 -0.146569 0.349852 0.143879 0.143879 
475.000000 435 2.000000 1.364368 6.286608 -0.165397 1.279382 1.664174 1.664174 
475.000000 436 2.000000 0.244064 17.998638 -2.881225 -8.005443 72.388585 72.388585 
475.000000 437 2.000000 1.116329 3.495268 4.465312 -0.129981 19.955905 19.955905 
475.000000 438 2.000000 1.638275 7.961066 -6.272481 0.367350 39.478963 39.478963 
475.000000 439 2.000000 1.225848 15.521291 3.064617 1.109885 10.623724 10.623724 
475.000000 440 2.000000 0.853705 15.143192 0.742351 1.220745 2.041304 2.041304 
475.000000 441 2.000000 1.287635 11.475763 -0.339074 1.705332 3.023129 3.023129 
475.000000 442 2.000000 0.461154 5.014705 0.768588 0.770655 1.184637 1.184637 
475.000000 443 2.000000 1.530323 0.717596 1.700358 0.422115 3.069397 3.069397 
475.000000 444 2.000000 1.683407 1.406521 -2.703920 -0.694453 7.793446 7.793446 
475.000000 445 2.000000 1.119460 0.015199 0.533075 0.303958 0.376560 0.376560 
475.000000 446 2.000000 1.652231 2.215057 0.676642 1.600750 3.020247 3.020247 
475.000000 447 2.000000 0.000001 6.309972 2.138461 -3.422507 16.286566 16.286566 
475.000000 448 2.000000 0.211712 8.082917 -2.935145 -2.804019 16.477604 16.477604 
475.000000 449 2.000000 1.949999 4.111766 -2.893803 0.733430 8.912013 8.912013 
475.000000 450 2.000000 1.380912 10.303270 1.031582 -1.465504 3.211863 3.211863 
475.000000 451 2.000000 0.188796 0.391506 0.314658 0.978763 1.056987 1.056987 
475.000000 452 2.000000 0.697873 15.239855 0.996960 1.774273 4.141972 4.141972 
475.000000 453 2.000000 1.008046 10.836972 -0.952559 2.881972 9.213131 9.213131 
475.000000 454 2.000000 0.477276 2.370627 1.590915 -1.210058 3.995252 3.995252 
475.000000 455 2.000000 0.817476 9.072086 2.724917 3.557681 20.082262 20.082262 
475.000000 456 2.000000 0.439943 11.538259 -2.783556 3.131014 17.551431 17.551431 
475.000000 457 2.000000 1.420819 7.565434 -1.000145 2.360245 6.571047 6.571047 
475.000000 458 2.000000 1.199484 5.872171 -5.041434 -0.934538 26.289421 26.289421 
475.000000 459 2.000000 1.949999 3.583408 -2.284508 -3.602931 18.200092 18.200092 
475.000000 460 2.000000 0.994372 18.998613 1.807947 -0.589050 3.615653 3.615653 
475.000000 461 2.000000 0.774836 5.077279 -2.174660 0.747129 5.287346 5.287346 
475.000000 462 2.000000 0.000001 6.477443 1.518798 -1.214821 3.782535 3.782535 
475.000000 463 2.000000 1.869614 16.931865 1.322759 -2.618862 8.608129 8.608129 
475.000000 464 2.000000 0.387741 15.582337 0.646233 -1.767065 3.540135 3.540135 
475.000000 465 2.000000 1.129738 13.447676 -0.783691 0.510165 0.874440 0.874440 
475.000000 466 2.000000 1.871392 14.476689 4.158647 -0.347033 17.414777 17.414777 
475.000000 467 2.000000 1.333084 12.053977 -0.191076 -0.604014 0.401343 0.401343 
475.000000 468 2.000000 1.806986 17.621000 -2.898255 -2.068695 12.679380 12.679380 
475.000000 469 2.000000 1.656053 10.538725 -5.916930 -2.494740 41.233787 41.233787 
475.000000 470 2.000000 1.196043 3.793234 -5.064373 0.875638 26.414613 26.414613 
475.000000 471 2.000000 1.604072 9.821691 -1.767636 0.346365 3.244506 3.244506 
475.000000 472 2.000000 0.547009 11.480979 -0.888297 -0.077502 0.795078 0.795078 
475.000000 473 2.000000 0.286714 10.423225 5.734259 -0.892287 33.677904 33.677904 
475.000000 474 2.000000 0.790804 12.467340 -5.052789 1.046556 26.625952 26.625952 
475.000000 475 2.000000 1.583132 5.976775 -0.260343 1.897389 3.667862 3.667862 
475.000000 476 2.000000 0.015555 18.144403 -1.796585 -3.092660 12.792266 12.792266 
475.000000 477 2.000000 1.456619 13.810089 -1.271451 0.837662 2.318265 2.318265 
475.000000 478 2.000000 1.236147 17.664497 -4.797013 3.236657 33.487285 33.487285 
475.000000 479 2.000000 0.672010 18.334546 -3.502873 3.022090 21.403148 21.403148 
475.000000 480 2.000000 0.660588 11.760878 3.302933 1.457422 13.033442 13.033442 
475.000000 481 2.000000 1.338967 13.811789 -0.315752 3.802134 14.555919 14.555919 
475.000000 482 2.000000 1.501170 5.466227 1.093081 -0.432322 1.381727 1.381727 
475.000000 483 2.000000 0.470077 5.080351 -4.266348 -4.142558 35.362511 35.362511 
475.000000 484 2.000000 1.776655 7.010633 -1.193626 -0.017065 1.425034 1.425034 
475.000000 485 2.000000 0.241629 2.514766 1.610855 -0.483170 2.828305 2.828305 
475.000000 486 2.000000 1.413097 5.726216 0.126793 1.817846 3.320641 3.320641 
475.000000 487 2.000000 0.000001 11.459106 1.988303 -2.069158 8.234764 8.234764 
475.000000 488 2.000000 0.591600 6.960901 5.915990 2.254434 40.081416 40.081416 
475.000000 489 2.000000 1.446977 0.686542 -2.553109 -2.728921 13.965373 13.965373 
475.000000 490 2.000000 1.949999 17.138998 -1.934709 1.868282 7.233579 7.233579 
475.000000 491 2.000000 0.280309 15.400896 5.606162 -0.030631 31.429991 31.429991 
475.000000 492 2.000000 1.051870 15.593837 3.005341 -0.677871 9.491582 9.491582 
475.000000 493 2.000000 1.044631 12.692882 -1.183413 1.758029 4.491132 4.491132 
475.000000 494 2.000000 0.802693 4.117893 -0.802871 3.167609 10.678351 10.678351 
475.000000 495 2.000000 0.765711 10.248850 -0.557035 1.682434 3.140872 3.140872 
475.000000 496 2.000000 1.446429 1.854468 -3.395135 9.272336 97.503154 97.503154 
475.000000 497 2.000000 0.008391 14.610008 -2.465009 -1.684372 8.913381 8.913381 
475.000000 498 2.000000 1.700385 8.602102 -1.702092 1.415616 4.901086 4.901086 
475.000000 499 2.000000 0.988320 14.881920 3.953277 -4.613869 36.916188 36.916188 
475.000000 500 2.000000 0.000001 15.745171 1.185762 5.323868 29.749598 29.749598 
