559.500000 1 2.000000 0.690427 17.011249 -0.515953 -1.573026 2.740620 2.740620 
559.500000 2 2.000000 0.494590 15.852905 4.945887 0.477705 24.690000 24.690000 
559.500000 3 2.000000 0.493037 10.725364 -0.033743 1.975255 3.902769 3.902769 
559.500000 4 2.000000 0.296972 18.529605 1.979807 1.932792 7.655317 7.655317 
559.500000 5 2.000000 0.964706 9.923412 2.208364 2.877136 13.154782 13.154782 
559.500000 6 2.000000 0.747036 18.703506 3.735175 -1.440548 16.026709 16.026709 
559.500000 7 2.000000 0.211474 8.501381 -1.577050 0.925365 3.343387 3.343387 
559.500000 8 2.000000 0.656689 1.465402 3.283441 0.779627 11.388806 11.388806 
559.500000 9 2.000000 0.772281 14.757250 -2.277176 3.014609 14.273396 14.273396 
559.500000 10 2.000000 0.663276 15.843174 -3.367226 -1.458535 13.465535 13.465535 
559.500000 11 2.000000 0.627384 8.671797 -1.490459 1.107760 3.448600 3.448600 
559.500000 12 2.000000 0.253456 8.876206 -2.986170 0.466324 9.134672 9.134672 
559.500000 13 2.000000 0.705335 6.540828 -2.946639 -2.377143 14.333490 14.333490 
559.500000 14 2.000000 0.289264 17.642720 2.892629 -1.939138 12.127560 12.127560 
559.500000 15 2.000000 0.326885 11.887138 -0.747905 -5.234104 27.955203 27.955203 
559.500000 16 2.000000 0.441004 5.272206 4.410025 0.321546 19.551713 19.551713 
559.500000 17 2.000000 0.578236 0.346642 -8.435254 3.466408 83.169498 83.169498 
559.500000 18 2.000000 0.065739 10.081297 -2.669315 -0.808167 7.778377 7.778377 
559.500000 19 2.000000 0.741805 6.526156 -5.163888 -1.274129 28.289140 28.289140 
559.500000 20 2.000000 0.562545 13.749843 0.240512 -1.481110 2.251533 2.251533 
559.500000 21 2.000000 0.824441 11.627715 -3.511155 -7.415407 67.316475 67.316475 
559.500000 22 2.000000 0.168508 7.135946 1.685072 -1.164223 4.194883 4.194883 
559.500000 23 2.000000 0.148592 1.147830 -1.225139 -2.661063 8.582222 8.582222 
559.500000 24 2.000000 0.328822 0.270001 1.096070 -2.271777 6.362340 6.362340 
559.500000 25 2.000000 0.145139 13.733665 2.902762 4.638100 29.938000 29.938000 
559.500000 26 2.000000 0.312916 11.934399 -6.870831 0.253986 47.272827 47.272827 
559.500000 27 2.000000 0.002015 13.823798 -0.939709 1.730348 3.877158 3.877158 
559.500000 28 2.000000 0.419213 0.675282 -5.807861 2.701125 41.027332 41.027332 
559.500000 29 2.000000 0.000001 15.634385 3.391857 -1.390102 13.437077 13.437077 
559.500000 30 2.000000 0.460913 15.582170 3.072744 -0.929068 10.304920 10.304920 
559.500000 31 2.000000 0.234866 18.156021 -2.186095 0.242560 4.837849 4.837849 
559.500000 32 2.000000 0.742226 9.400804 4.948166 -0.073494 24.489744 24.489744 
559.500000 33 2.000000 0.687927 15.594555 2.997102 -1.481453 11.177322 11.177322 
559.500000 34 2.000000 0.999999 0.244595 -4.823990 -0.543720 23.566508 23.566508 
559.500000 35 2.000000 0.604352 11.436631 -2.637647 3.664207 20.383594 20.383594 
559.500000 36 2.000000 0.618781 1.620102 -7.624362 -3.582012 70.961708 70.961708 
559.500000 37 2.000000 0.000001 7.353277 6.904611 1.422285 49.696551 49.696551 
559.500000 38 2.000000 0.524807 7.360162 -1.583973 -5.844376 36.665697 36.665697 
559.500000 39 2.000000 0.473964 10.115355 0.557604 -2.072171 4.604813 4.604813 
559.500000 40 2.000000 0.999999 19.203125 -5.377227 3.743629 42.929333 42.929333 
559.500000 41 2.000000 0.268364 18.423492 2.683631 -5.255023 34.817145 34.817145 
559.500000 42 2.000000 0.077105 2.426522 -3.076313 -3.449736 21.364383 21.364383 
559.500000 43 2.000000 0.748385 4.605440 3.741919 2.514866 20.326508 20.326508 
559.500000 44 2.000000 0.725222 9.649542 -5.495533 2.282855 35.412310 35.412310 
559.500000 45 2.000000 0.999999 1.802523 -2.151254 -2.018217 8.701094 8.701094 
559.500000 46 2.000000 0.999999 0.000001 -5.432942 10.309797 135.808762 135.808762 
559.500000 47 2.000000 0.184949 0.456430 -2.716832 4.564291 28.213933 28.213933 
559.500000 48 2.000000 0.465719 6.035135 -1.526513 0.005388 2.330272 2.330272 
559.500000 49 2.000000 0.505353 13.485135 5.053523 2.324007 30.939103 30.939103 
559.500000 50 2.000000 0.532839 11.790729 -3.114403 -0.510377 9.959993 9.959993 
559.500000 51 2.000000 0.457375 3.858586 7.629438 4.104458 75.054907 75.054907 
559.500000 52 2.000000 0.448112 6.344017 -5.518874 1.398119 32.412708 32.412708 
559.500000 53 2.000000 0.923043 18.273210 -1.539115 -0.425563 2.549978 2.549978 
559.500000 54 2.000000 0.474747 11.922343 2.373732 -6.213582 44.243197 44.243197 
559.500000 55 2.000000 0.999999 15.111196 -3.781377 1.119078 15.551152 15.551152 
559.500000 56 2.000000 0.571165 15.875994 0.411172 2.383905 5.852068 5.852068 
559.500000 57 2.000000 0.000001 6.384461 6.147358 4.729230 60.155621 60.155621 
559.500000 58 2.000000 0.498481 18.516239 4.984798 0.395297 25.004473 25.004473 
559.500000 59 2.000000 0.857582 3.706630 -2.848336 -0.216682 8.159967 8.159967 
559.500000 60 2.000000 0.493923 19.669673 -3.373837 2.713872 18.747873 18.747873 
559.500000 61 2.000000 0.034845 11.444098 -4.825772 -3.687516 36.885850 36.885850 
559.500000 62 2.000000 0.806359 15.670725 4.031792 -0.551537 16.559539 16.559539 
559.500000 63 2.000000 0.804847 10.466171 8.048458 -3.575688 77.563218 77.563218 
559.500000 64 2.000000 0.999999 15.343757 -6.756511 -2.836789 53.697815 53.697815 
559.500000 65 2.000000 0.994963 15.641937 2.211027 -1.845202 8.293412 8.293412 
559.500000 66 2.000000 0.247375 6.614589 0.706783 -1.096328 1.701477 1.701477 
559.500000 67 2.000000 0.061336 7.938999 -0.647354 -0.910849 1.248713 1.248713 
559.500000 68 2.000000 0.657267 9.714390 -6.854636 0.427372 47.168675 47.168675 
559.500000 69 2.000000 0.806334 6.564177 0.597284 1.443777 2.441241 2.441241 
559.500000 70 2.000000 0.906993 18.223136 1.007769 -2.961438 9.785711 9.785711 
559.500000 71 2.000000 0.000001 19.609545 4.816532 -1.952271 27.010337 27.010337 
559.500000 72 2.000000 0.243311 19.716692 -0.667239 3.488011 12.611432 12.611432 
559.500000 73 2.000000 0.825645 9.492395 -3.487084 -1.629086 14.813675 14.813675 
559.500000 74 2.000000 0.085401 12.266744 1.708009 2.261821 8.033129 8.033129 
559.500000 75 2.000000 0.505318 4.431020 0.566095 -4.360408 19.333619 19.333619 
559.500000 76 2.000000 0.295946 12.187558 -4.693687 1.271696 23.647908 23.647908 
559.500000 77 2.000000 0.140622 15.143169 -5.729178 -1.532494 35.172023 35.172023 
559.500000 78 2.000000 0.881612 3.640682 1.170771 -1.098983 2.578468 2.578468 
559.500000 79 2.000000 0.774562 7.904757 -4.508745 -3.079725 29.813488 29.813488 
559.500000 80 2.000000 0.584383 17.374007 1.222561 1.814500 4.787067 4.787067 
559.500000 81 2.000000 0.751191 18.171777 1.669312 2.829423 10.792235 10.792235 
559.500000 82 2.000000 0.849117 13.719630 -3.017647 2.125698 13.624789 13.624789 
559.500000 83 2.000000 0.396847 14.391039 7.936912 -0.972630 63.940578 63.940578 
559.500000 84 2.000000 0.462326 15.270469 -0.896122 2.151703 5.432862 5.432862 
559.500000 85 2.000000 0.977093 14.037862 1.221365 -0.598102 1.849460 1.849460 
559.500000 86 2.000000 0.884980 0.919556 -1.150189 -0.936525 2.200012 2.200012 
559.500000 87 2.000000 0.045504 11.107420 -6.363299 1.626245 43.136243 43.136243 
559.500000 88 2.000000 0.717315 17.537743 1.944542 3.219770 14.148165 14.148165 
559.500000 89 2.000000 0.999999 8.846826 -8.506666 5.205719 99.462874 99.462874 
559.500000 90 2.000000 0.224615 5.440179 -1.409789 -0.165111 2.014768 2.014768 
559.500000 91 2.000000 0.782931 6.183227 5.219533 -5.833911 61.278052 61.278052 
559.500000 92 2.000000 0.365144 14.929986 -4.232366 -0.811604 18.571625 18.571625 
559.500000 93 2.000000 0.572159 18.186013 0.038173 3.350135 11.224863 11.224863 
559.500000 94 2.000000 0.000001 2.185742 5.824233 4.857201 57.514097 57.514097 
559.500000 95 2.000000 0.442568 7.457213 8.851349 5.624609 109.982604 109.982604 
559.500000 96 2.000000 0.261191 4.259588 1.741265 1.866138 6.514472 6.514472 
559.500000 97 2.000000 0.000001 9.779502 3.765723 2.876324 22.453906 22.453906 
559.500000 98 2.000000 0.950537 6.504755 4.752680 -1.202955 24.035071 24.035071 
559.500000 99 2.000000 0.635846 11.364102 4.238969 -0.942191 18.856586 18.856586 
559.500000 100 2.000000 0.476600 10.496414 -2.093595 -2.480483 10.535935 10.535935 
559.500000 101 2.000000 0.000001 4.875993 3.111579 2.943790 18.347822 18.347822 
559.500000 102 2.000000 0.842039 12.504802 4.210191 2.290664 22.972852 22.972852 
559.500000 103 2.000000 0.903472 15.784130 -0.965270 1.339256 2.725355 2.725355 
559.500000 104 2.000000 0.259953 4.100555 -1.644548 5.467405 32.597056 32.597056 
559.500000 105 2.000000 0.736162 17.512823 -0.659592 -4.145293 17.618516 17.618516 
559.500000 106 2.000000 0.695629 16.823265 -1.521850 3.871547 17.304900 17.304900 
559.500000 107 2.000000 0.602860 15.031389 2.411435 2.023734 9.910519 9.910519 
559.500000 108 2.000000 0.999999 4.579673 -5.389872 0.759835 29.628070 29.628070 
559.500000 109 2.000000 0.200699 19.551833 -5.328665 2.375611 34.038194 34.038194 
559.500000 110 2.000000 0.246031 8.696358 -1.138603 -3.212930 11.619339 11.619339 
559.500000 111 2.000000 0.564287 19.729707 -2.178562 2.121055 9.245005 9.245005 
559.500000 112 2.000000 0.604429 3.714876 3.022139 -2.680460 16.318192 16.318192 
559.500000 113 2.000000 0.755747 0.096190 2.159273 0.480947 4.893770 4.893770 
559.500000 114 2.000000 0.589064 7.329699 3.927088 4.191872 32.993809 32.993809 
559.500000 115 2.000000 0.495671 10.574333 -1.681092 0.755398 3.396697 3.396697 
559.500000 116 2.000000 0.952571 5.399057 3.155138 -2.872678 18.207172 18.207172 
559.500000 117 2.000000 0.350249 8.880984 -0.565000 1.810271 3.596308 3.596308 
559.500000 118 2.000000 0.846757 4.298301 -3.064843 4.093619 26.150977 26.150977 
559.500000 119 2.000000 0.682039 4.086383 4.546918 0.604681 21.040100 21.040100 
559.500000 120 2.000000 0.851108 2.952821 -0.595566 -0.786831 0.973802 0.973802 
559.500000 121 2.000000 0.176308 19.999999 3.526144 -3.691649 26.061961 26.061961 
559.500000 122 2.000000 0.219825 19.205525 -2.229069 2.782833 12.712910 12.712910 
559.500000 123 2.000000 0.589106 12.517977 2.945526 -8.802379 86.158002 86.158002 
559.500000 124 2.000000 0.296778 2.211889 0.741942 1.843240 3.948012 3.948012 
559.500000 125 2.000000 0.780188 4.242688 1.950468 4.040654 20.131212 20.131212 
559.500000 126 2.000000 0.114786 13.443181 1.147846 -0.039749 1.319131 1.319131 
559.500000 127 2.000000 0.494273 4.280210 -2.528632 1.786521 9.585639 9.585639 
559.500000 128 2.000000 0.000001 15.237110 4.533403 -3.659251 33.941865 33.941865 
559.500000 129 2.000000 0.999999 6.225627 -5.053872 5.400687 54.709042 54.709042 
559.500000 130 2.000000 0.000001 6.983250 6.042904 4.112974 53.433250 53.433250 
559.500000 131 2.000000 0.983372 17.966311 2.809632 -4.067377 24.437584 24.437584 
559.500000 132 2.000000 0.435187 4.352166 4.351862 0.207868 18.981915 18.981915 
559.500000 133 2.000000 0.579452 0.667448 -0.029303 -2.715116 7.372716 7.372716 
559.500000 134 2.000000 0.388455 14.092941 0.015158 1.699448 2.888352 2.888352 
559.500000 135 2.000000 0.511168 1.890525 -4.888305 0.293823 23.981859 23.981859 
559.500000 136 2.000000 0.875158 11.286702 5.834377 4.259132 52.180163 52.180163 
559.500000 137 2.000000 0.476069 17.061263 3.173787 2.993204 19.032193 19.032193 
559.500000 138 2.000000 0.000001 0.721651 6.967599 0.152382 48.570657 48.570657 
559.500000 139 2.000000 0.481297 9.960382 1.925185 0.847309 4.424269 4.424269 
559.500000 140 2.000000 0.554467 3.996784 -8.910633 -0.352179 79.523420 79.523420 
559.500000 141 2.000000 0.999999 9.542646 -4.823700 0.459558 23.479280 23.479280 
559.500000 142 2.000000 0.742158 10.152922 2.120448 -4.493166 24.684836 24.684836 
559.500000 143 2.000000 0.696546 6.588049 4.643632 0.843923 22.275528 22.275528 
559.500000 144 2.000000 0.704810 6.610526 -2.951891 3.808596 23.219062 23.219062 
559.500000 145 2.000000 0.367840 5.049520 0.565906 -3.850793 15.148854 15.148854 
559.500000 146 2.000000 0.422332 8.313673 -1.155334 3.884165 16.421532 16.421532 
559.500000 147 2.000000 0.619312 12.348667 -2.537916 5.157087 33.036567 33.036567 
559.500000 148 2.000000 0.407184 7.405585 -5.928149 2.468528 41.236578 41.236578 
559.500000 149 2.000000 0.000001 4.447872 3.003404 1.976288 12.926150 12.926150 
559.500000 150 2.000000 0.190551 3.791455 -1.798773 3.159545 13.218308 13.218308 
559.500000 151 2.000000 0.772174 12.176581 -0.506277 1.519899 2.566409 2.566409 
559.500000 152 2.000000 0.319411 14.293602 -1.701469 -2.626709 9.794596 9.794596 
559.500000 153 2.000000 0.506999 15.001141 -0.821667 -2.456715 6.710587 6.710587 
559.500000 154 2.000000 0.000001 17.419005 1.720518 -0.090691 2.968406 2.968406 
559.500000 155 2.000000 0.000001 18.956383 3.892222 0.086083 15.156805 15.156805 
559.500000 156 2.000000 0.350313 7.383836 -6.496861 -0.265621 42.279753 42.279753 
559.500000 157 2.000000 0.157202 9.236608 3.144027 0.192634 9.922014 9.922014 
559.500000 158 2.000000 0.619798 2.352902 -1.901005 4.705802 25.758396 25.758396 
559.500000 159 2.000000 0.303039 0.225344 1.212153 4.506856 21.781067 21.781067 
559.500000 160 2.000000 0.483488 14.068411 0.690695 3.058350 9.830565 9.830565 
559.500000 161 2.000000 0.473902 9.104608 0.897284 0.282461 0.884902 0.884902 
559.500000 162 2.000000 0.373585 13.178876 3.735835 -1.431522 16.005721 16.005721 
559.500000 163 2.000000 0.610485 13.021368 -0.711343 -1.578308 2.997066 2.997066 
559.500000 164 2.000000 0.289223 7.757849 1.446112 0.058681 2.094683 2.094683 
559.500000 165 2.000000 0.489990 8.708150 2.449944 2.809080 13.893157 13.893157 
559.500000 166 2.000000 0.802531 12.230537 5.350200 0.439156 28.817501 28.817501 
559.500000 167 2.000000 0.999999 7.158659 -5.817807 0.348976 33.968665 33.968665 
559.500000 168 2.000000 0.470989 5.072496 2.354938 2.359300 11.112030 11.112030 
559.500000 169 2.000000 0.011939 12.049423 -2.823030 -6.115827 45.372843 45.372843 
559.500000 170 2.000000 0.798789 0.329000 -4.024205 0.469999 16.415125 16.415125 
559.500000 171 2.000000 0.620142 1.599280 7.639910 3.580163 71.185789 71.185789 
559.500000 172 2.000000 0.789499 9.988794 -4.210001 -1.788793 20.923886 20.923886 
559.500000 173 2.000000 0.173098 10.827733 -2.756337 -1.618333 10.216393 10.216393 
559.500000 174 2.000000 0.437307 0.630189 -2.813458 -5.539007 38.596150 38.596150 
559.500000 175 2.000000 0.373151 14.251023 -2.089494 -5.226342 31.680633 31.680633 
559.500000 176 2.000000 0.551981 9.237827 2.759902 2.023737 11.712568 11.712568 
559.500000 177 2.000000 0.469008 5.711471 4.690074 0.126962 22.012912 22.012912 
559.500000 178 2.000000 0.697706 17.135403 3.488526 1.608327 14.756529 14.756529 
559.500000 179 2.000000 0.000001 11.850674 2.598766 2.723438 14.170697 14.170697 
559.500000 180 2.000000 0.584631 8.024400 -2.076839 4.021727 20.487551 20.487551 
559.500000 181 2.000000 0.494439 8.042812 1.977752 -1.929445 7.634262 7.634262 
559.500000 182 2.000000 0.671444 17.536211 2.238145 4.986930 29.878766 29.878766 
559.500000 183 2.000000 0.377296 15.846619 -4.151351 1.129096 18.508577 18.508577 
559.500000 184 2.000000 0.607305 13.477909 -3.926940 -1.257917 17.003209 17.003209 
559.500000 185 2.000000 0.470660 10.026282 -1.058678 -3.439213 12.948984 12.948984 
559.500000 186 2.000000 0.271123 15.650761 -1.619725 -3.225310 13.026135 13.026135 
559.500000 187 2.000000 0.069252 19.939986 -4.653733 4.004412 37.692552 37.692552 
559.500000 188 2.000000 0.860373 19.738282 -2.792511 -0.747763 8.357269 8.357269 
559.500000 189 2.000000 0.855341 0.680078 -2.893152 -4.469980 28.351052 28.351052 
559.500000 190 2.000000 0.610979 3.526796 2.443910 1.321224 7.718331 7.718331 
559.500000 191 2.000000 0.903774 7.411455 1.452874 -2.141512 6.696916 6.696916 
559.500000 192 2.000000 0.761736 17.798158 3.808676 3.558226 27.166983 27.166983 
559.500000 193 2.000000 0.571336 2.367550 1.904450 -2.728595 11.072161 11.072161 
559.500000 194 2.000000 0.832700 14.194722 3.330795 1.897452 14.694522 14.694522 
559.500000 195 2.000000 0.999999 3.553116 -5.731234 -2.342186 38.332873 38.332873 
559.500000 196 2.000000 0.699514 9.205548 -1.502425 -5.397226 31.387326 31.387326 
559.500000 197 2.000000 0.628196 15.654037 3.140977 -3.592658 22.772932 22.772932 
559.500000 198 2.000000 0.677919 15.466538 -6.441596 2.480112 47.645111 47.645111 
559.500000 199 2.000000 0.839954 10.790814 -0.076212 4.904915 24.064001 24.064001 
559.500000 200 2.000000 0.075526 14.732552 -2.641351 -2.318968 12.354346 12.354346 
559.500000 201 2.000000 0.000001 6.959606 3.682815 -2.141602 18.149588 18.149588 
559.500000 202 2.000000 0.255230 15.280546 5.104587 0.732720 26.593683 26.593683 
559.500000 203 2.000000 0.795158 0.421959 1.445741 -3.753824 16.181359 16.181359 
559.500000 204 2.000000 0.140422 16.001186 -3.438310 -2.272219 16.984954 16.984954 
559.500000 205 2.000000 0.474727 10.667306 -1.750905 4.498894 23.305718 23.305718 
559.500000 206 2.000000 0.207098 1.347677 4.141946 2.246126 22.200798 22.200798 
559.500000 207 2.000000 0.588346 6.869133 -4.116526 -7.493962 73.105249 73.105249 
559.500000 208 2.000000 0.424106 13.575421 1.108030 -0.142895 1.248149 1.248149 
559.500000 209 2.000000 0.999999 19.004881 -2.418921 1.734532 8.859780 8.859780 
559.500000 210 2.000000 0.368555 19.323301 -4.209626 6.115853 55.124610 55.124610 
559.500000 211 2.000000 0.672843 8.742734 -2.181043 8.750318 81.325017 81.325017 
559.500000 212 2.000000 0.369686 1.310643 1.232283 1.747523 4.572358 4.572358 
559.500000 213 2.000000 0.124100 0.863325 -1.347537 2.466641 7.900175 7.900175 
559.500000 214 2.000000 0.909194 1.147844 0.046243 -1.824216 3.329904 3.329904 
559.500000 215 2.000000 0.410038 14.741072 -3.933071 2.367177 21.072574 21.072574 
559.500000 216 2.000000 0.000001 8.916629 4.630388 2.401845 27.209358 27.209358 
559.500000 217 2.000000 0.317559 9.203228 6.351150 13.147466 213.192984 213.192984 
559.500000 218 2.000000 0.111568 19.837951 -1.615329 0.743060 3.161426 3.161426 
559.500000 219 2.000000 0.229015 18.752326 4.580286 -0.197290 21.017945 21.017945 
559.500000 220 2.000000 0.999999 2.816549 -6.034387 -2.370173 42.031551 42.031551 
559.500000 221 2.000000 0.581214 12.659742 1.937377 4.172591 21.163943 21.163943 
559.500000 222 2.000000 0.843153 12.801041 2.761446 -0.278162 7.702957 7.702957 
559.500000 223 2.000000 0.293849 19.791054 5.876954 1.404513 36.511246 36.511246 
559.500000 224 2.000000 0.421614 6.323862 2.810755 -1.470975 10.064110 10.064110 
559.500000 225 2.000000 0.544154 12.724642 5.441526 -1.306647 31.317526 31.317526 
559.500000 226 2.000000 0.678622 11.526821 3.393107 -1.909435 15.159119 15.159119 
559.500000 227 2.000000 0.227868 15.489734 -5.147537 1.270419 28.111106 28.111106 
559.500000 228 2.000000 0.689367 19.190523 -2.070883 4.040110 20.611043 20.611043 
559.500000 229 2.000000 0.708502 1.177745 -5.829939 -0.869167 34.743640 34.743640 
559.500000 230 2.000000 0.000001 12.435318 7.851876 4.411867 81.116527 81.116527 
559.500000 231 2.000000 0.277352 4.938107 -7.226466 1.856846 55.669688 55.669688 
559.500000 232 2.000000 0.066290 15.415186 -1.697652 -3.047460 12.169038 12.169038 
559.500000 233 2.000000 0.572781 5.224011 -8.544366 -2.114016 77.475259 77.475259 
559.500000 234 2.000000 0.000001 15.242972 4.490102 1.387401 22.085897 22.085897 
559.500000 235 2.000000 0.718128 3.125041 3.590635 0.648213 13.312837 13.312837 
559.500000 236 2.000000 0.583305 13.069980 -0.874757 -1.125356 2.031625 2.031625 
559.500000 237 2.000000 0.621514 14.395331 -7.569707 -1.171525 58.672937 58.672937 
559.500000 238 2.000000 0.820083 1.271488 4.100408 2.311794 22.157736 22.157736 
559.500000 239 2.000000 0.724618 5.223794 -1.835874 0.415035 3.542688 3.542688 
559.500000 240 2.000000 0.597730 14.709625 -4.022691 0.042529 16.183851 16.183851 
559.500000 241 2.000000 0.565197 19.587452 -4.348019 -2.750313 26.469489 26.469489 
559.500000 242 2.000000 0.999999 2.632229 -4.053228 0.071043 16.433703 16.433703 
559.500000 243 2.000000 0.000001 19.484001 1.947896 -1.146663 5.109136 5.109136 
559.500000 244 2.000000 0.317006 12.967989 -0.404913 -4.938815 24.555850 24.555850 
559.500000 245 2.000000 0.230710 19.680503 -1.025719 -1.597479 3.604038 3.604038 
559.500000 246 2.000000 0.895237 16.898401 -0.198148 -1.536912 2.401360 2.401360 
559.500000 247 2.000000 0.520776 13.913858 0.233502 0.256206 0.120165 0.120165 
559.500000 248 2.000000 0.809919 12.508314 5.399451 -0.510235 29.414409 29.414409 
559.500000 249 2.000000 0.801264 5.949294 3.205051 5.489713 40.409298 40.409298 
559.500000 250 2.000000 0.833106 0.992411 -1.668928 3.308033 13.728402 13.728402 
559.500000 251 2.000000 0.782161 19.306649 -4.356767 5.593604 50.269830 50.269830 
559.500000 252 2.000000 0.540727 0.190998 0.925961 3.819945 15.449385 15.449385 
559.500000 253 2.000000 0.294430 13.560834 1.962863 1.018436 4.890042 4.890042 
559.500000 254 2.000000 0.304598 1.769474 -6.954006 -7.325281 102.017952 102.017952 
559.500000 255 2.000000 0.306709 8.088762 -0.261890 0.943759 0.959268 0.959268 
559.500000 256 2.000000 0.384256 8.652040 -1.368317 6.659600 46.222560 46.222560 
559.500000 257 2.000000 0.999999 11.030248 -2.187316 -6.227257 43.563085 43.563085 
559.500000 258 2.000000 0.891759 3.654330 -2.298382 1.201208 6.725460 6.725460 
559.500000 259 2.000000 0.493396 17.845124 -5.066030 -6.156787 63.570679 63.570679 
559.500000 260 2.000000 0.908446 15.412036 -1.831061 7.398497 58.090540 58.090540 
559.500000 261 2.000000 0.462068 3.855052 -2.365015 -2.807654 13.476220 13.476220 
559.500000 262 2.000000 0.803996 3.620459 -1.960031 1.448183 5.938955 5.938955 
559.500000 263 2.000000 0.539700 8.943741 1.798998 -3.530982 15.704225 15.704225 
559.500000 264 2.000000 0.000001 13.774166 6.036811 1.473758 38.615052 38.615052 
559.500000 265 2.000000 0.284262 1.927016 -0.240580 4.817536 23.266536 23.266536 
559.500000 266 2.000000 0.445413 11.118428 8.908237 4.784670 102.249748 102.249748 
559.500000 267 2.000000 0.999999 18.112517 -7.007494 1.399895 51.064672 51.064672 
559.500000 268 2.000000 0.437867 11.418491 2.189330 -3.624999 17.933785 17.933785 
559.500000 269 2.000000 0.565949 3.421271 -2.893665 -3.951140 23.984808 23.984808 
559.500000 270 2.000000 0.148819 9.445696 0.595274 3.522255 12.760632 12.760632 
559.500000 271 2.000000 0.274899 11.472858 -4.833997 3.038393 32.599363 32.599363 
559.500000 272 2.000000 0.793180 0.089496 0.565487 -0.535972 0.607042 0.607042 
559.500000 273 2.000000 0.681634 15.192167 -0.795913 -0.560134 0.947227 0.947227 
559.500000 274 2.000000 0.325194 8.870199 0.929121 -0.336277 0.976349 0.976349 
559.500000 275 2.000000 0.926680 17.834509 1.209184 -3.846381 16.256770 16.256770 
559.500000 276 2.000000 0.891970 10.840930 -0.540146 -1.239956 1.829248 1.829248 
559.500000 277 2.000000 0.609141 14.981012 -3.908584 3.587526 28.147369 28.147369 
559.500000 278 2.000000 0.561325 1.236127 -4.386741 1.236126 20.771503 20.771503 
559.500000 279 2.000000 0.106058 19.688754 2.121145 0.984179 5.467866 5.467866 
559.500000 280 2.000000 0.999999 10.713684 -2.926369 7.841023 70.045282 70.045282 
559.500000 281 2.000000 0.670261 0.526291 -3.297378 -2.482333 17.034683 17.034683 
559.500000 282 2.000000 0.173632 10.454452 -5.509116 -3.982563 46.211167 46.211167 
559.500000 283 2.000000 0.000001 9.438044 6.237030 -0.784885 39.516589 39.516589 
559.500000 284 2.000000 0.668338 9.745605 0.202526 2.118610 4.529524 4.529524 
559.500000 285 2.000000 0.565078 0.183095 5.650775 3.661885 45.340656 45.340656 
559.500000 286 2.000000 0.310812 10.725532 0.488492 5.374844 29.127573 29.127573 
559.500000 287 2.000000 0.991400 1.241239 2.478498 -2.944174 14.811116 14.811116 
559.500000 288 2.000000 0.319418 17.781464 3.194168 -4.054604 26.642523 26.642523 
559.500000 289 2.000000 0.823003 5.711245 1.776776 -8.241493 71.079130 71.079130 
559.500000 290 2.000000 0.839946 12.879689 5.599632 -3.311772 42.323715 42.323715 
559.500000 291 2.000000 0.773632 6.258523 -4.527338 -7.232356 72.803761 72.803761 
559.500000 292 2.000000 0.143125 4.403135 -3.427498 -0.400868 11.908437 11.908437 
559.500000 293 2.000000 0.407479 13.490224 -2.370082 -1.086033 6.796754 6.796754 
559.500000 294 2.000000 0.234132 0.287791 4.682622 -5.805574 55.631640 55.631640 
559.500000 295 2.000000 0.195483 4.385621 0.977408 1.581843 3.457554 3.457554 
559.500000 296 2.000000 0.684486 5.742140 -3.155132 0.934099 10.827398 10.827398 
559.500000 297 2.000000 0.000001 18.134714 3.956100 0.025713 15.651387 15.651387 
559.500000 298 2.000000 0.999999 15.016623 -2.371465 -2.095068 10.013156 10.013156 
559.500000 299 2.000000 0.370373 17.250879 3.703718 -0.164380 13.744547 13.744547 
559.500000 300 2.000000 0.000001 9.148266 7.616060 -3.390399 69.499177 69.499177 
559.500000 301 2.000000 0.434849 4.149159 4.348478 -4.660973 40.633931 40.633931 
559.500000 302 2.000000 0.586353 14.234006 0.977254 1.252776 2.524472 2.524472 
559.500000 303 2.000000 0.999999 4.663870 -3.936819 -0.205252 15.540670 15.540670 
559.500000 304 2.000000 0.399749 5.515624 -4.001666 -2.685923 23.227514 23.227514 
559.500000 305 2.000000 0.098296 2.735263 1.965894 -0.062541 3.868649 3.868649 
559.500000 306 2.000000 0.879935 4.321809 -0.800430 3.783817 14.957961 14.957961 
559.500000 307 2.000000 0.875430 13.090428 1.167239 -2.515486 7.690114 7.690114 
559.500000 308 2.000000 0.548458 3.775493 -1.290117 -0.779929 2.272692 2.272692 
559.500000 309 2.000000 0.672313 2.434485 4.482079 -4.077145 36.712145 36.712145 
559.500000 310 2.000000 0.419454 15.941430 -0.893147 4.182418 18.290334 18.290334 
559.500000 311 2.000000 0.875185 3.161258 3.500736 -2.629828 19.171146 19.171146 
559.500000 312 2.000000 0.977881 5.790088 0.143732 1.618641 2.640659 2.640659 
559.500000 313 2.000000 0.046724 8.381947 -3.177583 1.654977 12.835985 12.835985 
559.500000 314 2.000000 0.473989 18.300948 -5.134094 -0.113754 26.371857 26.371857 
559.500000 315 2.000000 0.521661 5.162758 5.216596 -4.947147 51.687137 51.687137 
559.500000 316 2.000000 0.135054 14.784907 -0.671982 1.300721 2.143434 2.143434 
559.500000 317 2.000000 0.652532 5.280769 4.350206 1.766283 22.044045 22.044045 
559.500000 318 2.000000 0.646902 14.881033 -2.353982 -0.589942 5.889261 5.889261 
559.500000 319 2.000000 0.554348 12.390928 2.771737 -1.213663 9.155505 9.155505 
559.500000 320 2.000000 0.521581 18.604299 -1.366909 -3.489250 14.043308 14.043308 
559.500000 321 2.000000 0.125852 14.885978 -0.416260 -2.557010 6.711575 6.711575 
559.500000 322 2.000000 0.398393 10.112810 7.967847 5.480684 93.524486 93.524486 
559.500000 323 2.000000 0.096196 1.938496 -3.615213 -1.847638 16.483534 16.483534 
559.500000 324 2.000000 0.560738 14.263180 2.242947 1.163939 6.385563 6.385563 
559.500000 325 2.000000 0.830177 0.457296 -3.396438 -1.832644 14.894372 14.894372 
559.500000 326 2.000000 0.076274 14.019973 1.525461 -3.445269 14.196908 14.196908 
559.500000 327 2.000000 0.355963 7.197314 -0.920051 -2.034638 4.986246 4.986246 
559.500000 328 2.000000 0.887665 12.503951 0.864317 -3.295733 11.608897 11.608897 
559.500000 329 2.000000 0.053084 13.289897 -4.734573 3.241438 32.923103 32.923103 
559.500000 330 2.000000 0.690631 0.407535 1.381260 -3.777769 16.179415 16.179415 
559.500000 331 2.000000 0.415543 13.575157 4.320279 -2.620990 25.534395 25.534395 
559.500000 332 2.000000 0.999999 1.546002 -2.383892 -6.856701 52.697292 52.697292 
559.500000 333 2.000000 0.897685 14.205787 -2.046271 -6.099171 41.387109 41.387109 
559.500000 334 2.000000 0.632166 3.713151 6.321647 -2.242331 44.991273 44.991273 
559.500000 335 2.000000 0.787282 18.954895 -1.418115 -2.986013 10.927323 10.927323 
559.500000 336 2.000000 0.662754 5.528034 2.209177 -8.273141 73.325321 73.325321 
559.500000 337 2.000000 0.422727 9.110803 -1.132688 0.123937 1.298343 1.298343 
559.500000 338 2.000000 0.884104 7.007537 -0.331127 0.934612 0.983145 0.983145 
559.500000 339 2.000000 0.200459 1.193767 -1.453708 3.410761 13.746561 13.746561 
559.500000 340 2.000000 0.039845 15.443106 0.796882 2.691286 7.878044 7.878044 
559.500000 341 2.000000 0.304263 9.531921 -3.478681 2.166196 16.793628 16.793628 
559.500000 342 2.000000 0.999999 12.839837 -3.387319 -0.132905 11.491596 11.491596 
559.500000 343 2.000000 0.999999 17.495915 -0.831900 1.572083 3.163502 3.163502 
559.500000 344 2.000000 0.480299 5.002432 2.401489 3.573165 18.534658 18.534658 
559.500000 345 2.000000 0.999999 7.448255 -8.834815 -4.044027 94.408108 94.408108 
559.500000 346 2.000000 0.999999 8.849724 -3.034101 3.617254 22.290301 22.290301 
559.500000 347 2.000000 0.264578 19.809189 2.645772 -3.816210 21.563568 21.563568 
559.500000 348 2.000000 0.720289 4.990562 0.324153 0.645032 0.521142 0.521142 
559.500000 349 2.000000 0.848883 12.627163 5.659211 3.903542 47.264306 47.264306 
559.500000 350 2.000000 0.820575 10.066699 -1.794240 2.181768 7.979409 7.979409 
559.500000 351 2.000000 0.043648 7.462647 -2.125225 3.985686 20.402274 20.402274 
559.500000 352 2.000000 0.255360 13.875196 0.464290 3.556049 12.861053 12.861053 
559.500000 353 2.000000 0.407283 2.461445 4.072816 0.291004 16.672517 16.672517 
559.500000 354 2.000000 0.660120 7.686371 -0.223820 -5.578170 31.166071 31.166071 
559.500000 355 2.000000 0.585655 12.855692 -4.143444 0.803935 17.814440 17.814440 
559.500000 356 2.000000 0.999999 11.497266 -5.502142 3.753421 44.361740 44.361740 
559.500000 357 2.000000 0.233555 2.090690 -1.916110 0.079205 3.677750 3.677750 
559.500000 358 2.000000 0.848850 6.164382 -3.022989 -3.888715 24.260568 24.260568 
559.500000 359 2.000000 0.000001 3.553976 3.888126 -3.853638 29.968053 29.968053 
559.500000 360 2.000000 0.408433 19.205134 -5.915655 0.790898 35.620497 35.620497 
559.500000 361 2.000000 0.882343 16.887077 5.697105 -2.691162 39.699361 39.699361 
559.500000 362 2.000000 0.660184 1.194151 -3.398149 -0.007808 11.547481 11.547481 
559.500000 363 2.000000 0.999999 4.955126 -6.754292 0.060471 45.624119 45.624119 
559.500000 364 2.000000 0.999999 11.994540 -5.050593 -1.196517 26.940140 26.940140 
559.500000 365 2.000000 0.061685 1.697307 -3.241356 5.321030 38.819757 38.819757 
559.500000 366 2.000000 0.000001 18.877597 3.848838 -1.068954 15.956218 15.956218 
559.500000 367 2.000000 0.239360 14.111179 2.393588 -0.336587 5.842556 5.842556 
559.500000 368 2.000000 0.112121 10.728785 0.747469 -0.166255 0.586350 0.586350 
559.500000 369 2.000000 0.921203 12.238961 -1.575927 -3.502221 14.749099 14.749099 
559.500000 370 2.000000 0.483626 7.502622 0.873758 5.331205 29.185201 29.185201 
559.500000 371 2.000000 0.938798 0.413433 4.202016 1.883953 21.206221 21.206221 
559.500000 372 2.000000 0.213049 17.464797 -3.147798 2.289921 15.152374 15.152374 
559.500000 373 2.000000 0.240010 18.205414 -1.688864 7.388397 57.440677 57.440677 
559.500000 374 2.000000 0.074829 11.179524 -3.700681 -4.951181 38.209234 38.209234 
559.500000 375 2.000000 0.527527 17.300463 -1.049937 -1.598365 3.657139 3.657139 
559.500000 376 2.000000 0.472915 5.549549 -5.270843 3.712032 41.560960 41.560960 
559.500000 377 2.000000 0.190490 19.582135 3.809774 -1.441816 16.593210 16.593210 
559.500000 378 2.000000 0.377533 13.202793 -1.778473 2.085876 7.513845 7.513845 
559.500000 379 2.000000 0.990600 19.697858 1.981199 -0.671425 4.375960 4.375960 
559.500000 380 2.000000 0.275524 9.968287 -0.366950 5.309952 28.330238 28.330238 
559.500000 381 2.000000 0.497327 14.795994 -5.026722 6.767501 71.067009 71.067009 
559.500000 382 2.000000 0.348173 17.924498 2.321144 4.835070 28.765614 28.765614 
559.500000 383 2.000000 0.227016 6.038073 -1.717740 -2.348022 8.463837 8.463837 
559.500000 384 2.000000 0.612644 19.812239 -0.322796 -3.755208 14.205781 14.205781 
559.500000 385 2.000000 0.164737 10.272176 -1.392103 -5.223637 29.224338 29.224338 
559.500000 386 2.000000 0.000001 2.536791 4.394223 5.637311 51.088476 51.088476 
559.500000 387 2.000000 0.231052 4.219380 2.310508 0.541679 5.631864 5.631864 
559.500000 388 2.000000 0.171996 6.721434 -2.365722 2.489420 11.793850 11.793850 
559.500000 389 2.000000 0.409573 9.334001 -1.319010 6.195601 40.125257 40.125257 
559.500000 390 2.000000 0.998247 7.476812 6.520279 -5.063244 68.150475 68.150475 
559.500000 391 2.000000 0.427668 18.771735 1.710668 -1.228264 4.435017 4.435017 
559.500000 392 2.000000 0.044641 11.397883 0.223200 -3.874473 15.061362 15.061362 
559.500000 393 2.000000 0.732462 14.763057 1.831151 -1.943406 7.129942 7.129942 
559.500000 394 2.000000 0.701641 3.809422 -5.967154 5.079228 61.405485 61.405485 
559.500000 395 2.000000 0.429298 5.976552 -3.804671 5.197001 41.484339 41.484339 
559.500000 396 2.000000 0.926416 17.371331 3.088049 1.692666 12.401167 12.401167 
559.500000 397 2.000000 0.502113 7.557733 2.008448 -6.067317 40.846200 40.846200 
559.500000 398 2.000000 0.553735 8.013132 2.768671 -7.491792 63.792487 63.792487 
559.500000 399 2.000000 0.861536 3.898385 4.307677 1.694950 21.428939 21.428939 
559.500000 400 2.000000 0.948225 3.160511 1.896448 -4.811282 26.744953 26.744953 
559.500000 401 2.000000 0.215213 9.277304 4.304241 -0.066667 18.530933 18.530933 
559.500000 402 2.000000 0.602036 8.644082 1.505089 2.513279 8.581863 8.581863 
559.500000 403 2.000000 0.286129 5.037357 -1.189783 -6.381010 42.132876 42.132876 
559.500000 404 2.000000 0.655202 6.779270 -2.298647 -0.857661 6.019360 6.019360 
559.500000 405 2.000000 0.757079 3.528410 -4.858409 -2.830019 31.613147 31.613147 
559.500000 406 2.000000 0.586261 19.187830 -8.274768 3.378163 79.883781 79.883781 
559.500000 407 2.000000 0.533998 1.471546 3.559983 4.905151 36.733982 36.733982 
559.500000 408 2.000000 0.616862 4.419983 6.168613 6.314260 77.921665 77.921665 
559.500000 409 2.000000 0.707199 15.585043 2.828791 -6.307079 47.781309 47.781309 
559.500000 410 2.000000 0.017450 6.340230 -3.275164 0.830776 11.416887 11.416887 
559.500000 411 2.000000 0.983379 6.101354 4.916890 2.934844 32.789115 32.789115 
559.500000 412 2.000000 0.991661 3.766845 1.166659 2.597824 8.109782 8.109782 
559.500000 413 2.000000 0.432674 6.101947 -1.418313 -1.059791 3.134768 3.134768 
559.500000 414 2.000000 0.798190 5.677136 -1.009044 0.066131 1.022543 1.022543 
559.500000 415 2.000000 0.039137 7.056354 -2.745320 -4.794584 30.524817 30.524817 
559.500000 416 2.000000 0.056848 17.280026 -1.343249 1.970170 5.685887 5.685887 
559.500000 417 2.000000 0.029115 4.379011 -1.386978 2.825168 9.905281 9.905281 
559.500000 418 2.000000 0.836888 14.963097 4.184437 -0.470645 17.731020 17.731020 
559.500000 419 2.000000 0.564844 19.127432 2.259374 1.629695 7.760673 7.760673 
559.500000 420 2.000000 0.999999 18.869679 -2.281138 3.067695 14.614345 14.614345 
559.500000 421 2.000000 0.250956 16.797520 -3.745216 0.717647 14.541663 14.541663 
559.500000 422 2.000000 0.563341 10.444732 -8.733163 3.575446 89.051946 89.051946 
559.500000 423 2.000000 0.456706 8.719988 3.044702 -0.423286 9.449378 9.449378 
559.500000 424 2.000000 0.063113 15.330160 -3.749483 -0.621272 14.444598 14.444598 
559.500000 425 2.000000 0.420341 16.715945 4.138440 4.084136 33.806849 33.806849 
559.500000 426 2.000000 0.216486 18.388565 4.329690 5.754150 51.856457 51.856457 
559.500000 427 2.000000 0.255347 12.500213 1.276731 -3.135015 11.458361 11.458361 
559.500000 428 2.000000 0.793329 10.859932 -4.133393 -2.484707 23.258707 23.258707 
559.500000 429 2.000000 0.417798 3.563142 8.355940 -0.904038 70.639022 70.639022 
559.500000 430 2.000000 0.311176 13.797840 1.037249 -1.290749 2.741920 2.741920 
559.500000 431 2.000000 0.240337 2.303493 4.806716 -0.979999 24.064915 24.064915 
559.500000 432 2.000000 0.591245 7.662215 1.478109 3.490789 14.370411 14.370411 
559.500000 433 2.000000 0.892705 13.169006 -2.145884 1.418953 6.618249 6.618249 
559.500000 434 2.000000 0.263464 9.494321 -3.682675 -0.886714 14.348357 14.348357 
559.500000 435 2.000000 0.999999 9.938932 -5.065337 -3.693433 39.299092 39.299092 
559.500000 436 2.000000 0.999999 7.352449 -6.719540 -0.093229 45.160908 45.160908 
559.500000 437 2.000000 0.690164 3.488167 -2.065566 0.224593 4.317003 4.317003 
559.500000 438 2.000000 0.947657 19.054060 1.579427 2.216880 7.409146 7.409146 
559.500000 439 2.000000 0.399860 9.345674 -4.312195 0.269441 18.667628 18.667628 
559.500000 440 2.000000 0.999999 4.351291 -4.334605 4.834766 42.163766 42.163766 
559.500000 441 2.000000 0.000001 18.059773 1.138304 -3.856535 16.168597 16.168597 
559.500000 442 2.000000 0.165036 13.478486 -8.349629 0.495954 69.962275 69.962275 
559.500000 443 2.000000 0.424331 13.270843 0.223332 3.403231 11.631860 11.631860 
559.500000 444 2.000000 0.000001 15.969646 3.540327 -3.504655 24.816521 24.816521 
559.500000 445 2.000000 0.248346 2.771791 -7.516535 -3.814776 71.050814 71.050814 
559.500000 446 2.000000 0.365429 11.243593 7.308556 -1.815451 56.710856 56.710856 
559.500000 447 2.000000 0.074492 16.313364 -3.702029 -2.730841 21.162511 21.162511 
559.500000 448 2.000000 0.000001 0.887935 1.032509 2.219835 5.993741 5.993741 
559.500000 449 2.000000 0.889495 13.642094 -2.210074 -5.779914 38.291833 38.291833 
559.500000 450 2.000000 0.103867 1.027502 2.077318 -3.102934 13.943450 13.943450 
559.500000 451 2.000000 0.880800 11.071698 1.267318 4.900041 25.616492 25.616492 
559.500000 452 2.000000 0.431990 2.505722 0.454725 -4.000720 16.212534 16.212534 
559.500000 453 2.000000 0.866031 15.350517 -1.339684 5.418574 31.155699 31.155699 
559.500000 454 2.000000 0.999999 11.379401 -5.258329 -3.028248 36.820304 36.820304 
559.500000 455 2.000000 0.669234 14.629473 0.493805 -0.143001 0.264293 0.264293 
559.500000 456 2.000000 0.999999 11.794984 -0.496021 -3.387610 11.721939 11.721939 
559.500000 457 2.000000 0.999999 14.401362 -3.815045 -1.596622 17.103774 17.103774 
559.500000 458 2.000000 0.120263 18.125076 0.601308 2.598113 7.111761 7.111761 
559.500000 459 2.000000 0.429478 13.989262 1.431590 -1.253651 3.621091 3.621091 
559.500000 460 2.000000 0.157461 3.458138 1.049734 -0.874269 1.866287 1.866287 
559.500000 461 2.000000 0.337256 0.711891 -2.650971 -4.451523 26.843704 26.843704 
559.500000 462 2.000000 0.167390 19.947661 -0.272986 4.693567 22.104094 22.104094 
559.500000 463 2.000000 0.000001 13.104641 4.824124 2.659580 30.345541 30.345541 
559.500000 464 2.000000 0.191806 12.934004 -2.693977 -3.064483 16.648565 16.648565 
559.500000 465 2.000000 0.843209 6.029049 -3.135804 -0.752646 10.399746 10.399746 
559.500000 466 2.000000 0.785627 2.577931 -2.143722 -0.442558 4.791400 4.791400 
559.500000 467 2.000000 0.217178 15.553299 2.171770 -7.501701 60.992098 60.992098 
559.500000 468 2.000000 0.918639 9.112038 1.958865 2.874120 12.097719 12.097719 
559.500000 469 2.000000 0.357277 10.833117 -1.836348 -0.823482 4.050295 4.050295 
559.500000 470 2.000000 0.410166 19.871063 -2.949164 -2.578724 15.347386 15.347386 
559.500000 471 2.000000 0.931909 9.613679 -1.361809 -0.874937 2.620040 2.620040 
559.500000 472 2.000000 0.999999 18.204735 -4.881754 3.978247 39.657970 39.657970 
559.500000 473 2.000000 0.666850 8.235413 -2.220992 7.161228 56.215985 56.215985 
559.500000 474 2.000000 0.741658 9.564553 1.483315 -0.655666 2.630122 2.630122 
559.500000 475 2.000000 0.000001 14.730490 5.491547 3.564856 42.865289 42.865289 
559.500000 476 2.000000 0.999999 17.343581 -4.101040 -5.927191 51.950126 51.950126 
559.500000 477 2.000000 0.648840 1.513367 2.595357 7.566832 63.992821 63.992821 
559.500000 478 2.000000 0.932684 17.983567 -1.346307 -5.041080 27.225036 27.225036 
559.500000 479 2.000000 0.086057 1.119422 1.721123 0.973410 3.909791 3.909791 
559.500000 480 2.000000 0.480261 19.103614 -1.484966 -2.240962 7.227034 7.227034 
559.500000 481 2.000000 0.411538 10.817460 1.371790 0.674802 2.337166 2.337166 
559.500000 482 2.000000 0.747438 1.869282 -2.525606 4.153958 23.634053 23.634053 
559.500000 483 2.000000 0.872241 4.515410 2.064175 -2.862351 12.453871 12.453871 
559.500000 484 2.000000 0.999999 10.862200 -6.707940 -3.322836 56.037701 56.037701 
559.500000 485 2.000000 0.417565 17.916501 -1.941446 -8.333992 73.224634 73.224634 
559.500000 486 2.000000 0.862059 11.307860 4.310292 -4.520612 39.014552 39.014552 
559.500000 487 2.000000 0.118395 1.501910 -5.877360 0.999230 35.541817 35.541817 
559.500000 488 2.000000 0.304105 4.354877 -1.044432 0.839975 1.796397 1.796397 
559.500000 489 2.000000 0.000001 14.727203 8.636412 -6.621974 118.438159 118.438159 
559.500000 490 2.000000 0.697909 2.057495 -6.041808 0.762035 37.084146 37.084146 
559.500000 491 2.000000 0.368676 3.660492 -1.262834 -0.409485 1.762429 1.762429 
559.500000 492 2.000000 0.562942 10.730946 3.752939 2.164784 18.770840 18.770840 
559.500000 493 2.000000 0.733800 13.935833 0.783159 0.278349 0.690815 0.690815 
559.500000 494 2.000000 0.801972 19.659189 2.673237 0.005459 7.146228 7.146228 
559.500000 495 2.000000 0.626255 6.365073 -2.491624 -4.039679 22.527196 22.527196 
559.500000 496 2.000000 0.586337 2.584426 2.931680 -5.632168 40.316068 40.316068 
559.500000 497 2.000000 0.273117 3.439148 -0.501298 -2.554403 6.776272 6.776272 
559.500000 498 2.000000 0.999999 9.585391 -8.241830 1.790505 71.133665 71.133665 
559.500000 499 2.000000 0.212998 15.928696 4.259939 1.408240 20.130219 20.130219 
559.500000 500 2.000000 0.922265 1.039460 -1.554678 4.157837 19.704630 19.704630 
