215.000000 1 2.000000 3.135402 0.191447 0.901655 1.276306 
215.000000 2 2.000000 9.797855 17.736786 0.214165 -0.780418 
215.000000 3 2.000000 0.229845 4.706157 0.656696 0.130193 
215.000000 4 2.000000 3.537678 16.366629 -0.949244 -1.135428 
215.000000 5 2.000000 1.760053 2.483535 -0.966106 0.827845 
215.000000 6 2.000000 7.857570 18.914359 2.418510 1.639677 
215.000000 7 2.000000 3.863189 2.173485 -0.923201 -1.504347 
215.000000 8 2.000000 8.668950 19.908109 0.753822 0.926843 
215.000000 9 2.000000 2.899986 17.250857 1.183667 -1.195279 
215.000000 10 2.000000 10.486239 8.528837 -0.090658 -1.416193 
215.000000 11 2.000000 8.619524 19.992088 1.541569 0.235609 
215.000000 12 2.000000 10.406957 14.882374 -0.275174 -0.673372 
215.000000 13 2.000000 10.475417 19.763618 -0.414273 -0.787937 
215.000000 14 2.000000 1.191736 3.653735 0.284786 -1.488213 
215.000000 15 2.000000 4.947968 18.149711 -1.289278 -0.377610 
215.000000 16 2.000000 3.463591 11.463551 -1.444119 -1.388040 
215.000000 17 2.000000 2.691581 13.596270 0.122530 -0.319197 
215.000000 18 2.000000 7.058973 12.612754 2.314417 1.366928 
215.000000 19 2.000000 4.341226 16.819741 0.335230 0.252314 
215.000000 20 2.000000 2.972978 12.931372 -0.763985 -0.290293 
215.000000 21 2.000000 9.916203 2.710209 0.253881 -1.137204 
215.000000 22 2.000000 10.622309 18.321971 0.817101 0.375044 
215.000000 23 2.000000 5.307436 14.538733 -0.447557 -0.399390 
215.000000 24 2.000000 8.970074 10.061876 -0.182441 0.266540 
215.000000 25 2.000000 5.128516 1.741882 0.995828 -0.084905 
215.000000 26 2.000000 8.953522 8.581472 -0.938301 -0.634833 
215.000000 27 2.000000 4.077648 1.105527 0.282190 -0.553279 
215.000000 28 2.000000 1.995053 19.268418 1.287130 1.012120 
215.000000 29 2.000000 10.687544 12.100671 -0.364416 0.301844 
215.000000 30 2.000000 9.446755 12.096222 0.140093 -1.053837 
215.000000 31 2.000000 8.230173 8.048965 0.706453 0.237136 
215.000000 32 2.000000 8.620220 19.688481 -1.197987 0.102560 
215.000000 33 2.000000 6.226626 11.186761 0.081207 -1.152057 
215.000000 34 2.000000 7.022613 12.705412 -0.079866 0.066909 
215.000000 35 2.000000 1.967320 12.321921 -0.750107 0.461495 
215.000000 36 2.000000 1.166927 5.723616 0.376428 -1.281259 
215.000000 37 2.000000 7.147183 10.767318 -1.257765 0.240332 
215.000000 38 2.000000 11.801473 10.913615 1.710358 1.107981 
215.000000 39 2.000000 4.414836 15.921872 -0.130781 -0.807550 
215.000000 40 2.000000 2.794766 15.698964 -0.288674 0.919867 
215.000000 41 2.000000 5.694455 18.403050 -1.591302 -1.596949 
215.000000 42 2.000000 10.336147 15.574137 1.010094 1.586198 
215.000000 43 2.000000 5.277342 2.347614 0.301257 0.532169 
215.000000 44 2.000000 5.256301 0.666320 -0.437522 1.665798 
215.000000 45 2.000000 10.978160 14.690748 -0.587574 -0.037005 
215.000000 46 2.000000 10.217386 4.807169 0.319793 0.383041 
215.000000 47 2.000000 1.220003 4.446495 -0.482864 -0.003521 
215.000000 48 2.000000 5.820615 4.514287 -1.435531 -0.035022 
215.000000 49 2.000000 1.430776 4.366550 0.608841 -1.073793 
215.000000 50 2.000000 6.719257 5.764728 0.287409 -0.235726 
215.000000 51 2.000000 8.385119 11.783366 0.989097 -0.632127 
215.000000 52 2.000000 5.032279 8.261569 0.495743 1.008283 
215.000000 53 2.000000 5.642982 19.183731 1.163568 0.052567 
215.000000 54 2.000000 4.815823 19.287838 -1.279447 0.193711 
215.000000 55 2.000000 4.716132 15.675087 -0.186241 -0.131257 
215.000000 56 2.000000 0.869084 10.445592 -2.106097 0.779495 
215.000000 57 2.000000 10.646353 9.093066 -1.353162 -0.193146 
215.000000 58 2.000000 9.486108 12.240694 -1.304968 -1.251501 
215.000000 59 2.000000 6.374079 1.879857 1.237685 1.016138 
215.000000 60 2.000000 1.446533 6.903280 -0.230935 -0.345372 
215.000000 61 2.000000 3.603667 5.449456 -0.049739 1.345544 
215.000000 62 2.000000 5.300473 10.105220 -1.412637 0.243036 
215.000000 63 2.000000 4.082103 2.722143 -0.667910 -0.034237 
215.000000 64 2.000000 7.838785 5.562661 1.479016 0.471412 
215.000000 65 2.000000 11.153304 18.001315 0.105421 -0.888304 
215.000000 66 2.000000 10.213231 2.181873 0.928475 1.283454 
215.000000 67 2.000000 5.614168 4.536887 0.398230 0.662319 
215.000000 68 2.000000 11.328423 8.651725 0.054023 -0.945689 
215.000000 69 2.000000 4.569520 4.014476 -0.297379 -0.314821 
215.000000 70 2.000000 9.289381 16.054928 -1.532481 0.222206 
215.000000 71 2.000000 6.760809 15.970229 0.183453 1.784383 
215.000000 72 2.000000 0.679173 5.188581 -0.437415 0.698984 
215.000000 73 2.000000 0.253825 14.510603 0.099539 0.761476 
215.000000 74 2.000000 0.193780 4.776620 -0.122581 0.221690 
215.000000 75 2.000000 5.957937 10.975420 0.069493 0.194552 
215.000000 76 2.000000 3.808820 14.922238 0.865641 1.280757 
215.000000 77 2.000000 10.380220 7.147566 -1.037848 0.331574 
215.000000 78 2.000000 5.450760 6.782098 -0.463283 -0.376043 
215.000000 79 2.000000 10.180157 1.754618 -0.229842 0.408050 
215.000000 80 2.000000 11.301755 3.435312 1.379516 -0.421963 
215.000000 81 2.000000 3.267706 10.733113 1.126795 0.422563 
215.000000 82 2.000000 3.801520 15.661823 0.041639 0.901601 
215.000000 83 2.000000 5.898691 12.318706 -2.015103 -0.091222 
215.000000 84 2.000000 0.382031 13.361285 0.587738 -0.584909 
215.000000 85 2.000000 4.249949 1.734810 0.664054 0.137040 
215.000000 86 2.000000 1.950397 17.816513 1.444738 1.328706 
215.000000 87 2.000000 1.137886 4.784730 -1.032615 0.023128 
215.000000 88 2.000000 8.751148 18.709684 -0.943545 1.517825 
215.000000 89 2.000000 4.856121 16.579376 0.670406 -0.015862 
215.000000 90 2.000000 0.945725 7.126115 0.093636 -1.220273 
215.000000 91 2.000000 4.460433 16.429611 0.053961 -0.585310 
215.000000 92 2.000000 9.709717 10.153321 -0.281711 0.425716 
215.000000 93 2.000000 3.043127 11.712667 -0.307237 0.591549 
215.000000 94 2.000000 2.416337 8.251454 0.862977 -0.118516 
215.000000 95 2.000000 3.346892 17.703243 0.492190 -0.835184 
215.000000 96 2.000000 0.051027 11.788284 1.020524 -0.825176 
215.000000 97 2.000000 0.605386 6.150372 -1.096926 0.129481 
215.000000 98 2.000000 4.027701 5.612127 -0.950549 -0.508405 
215.000000 99 2.000000 6.003635 11.872697 0.553330 -0.101075 
215.000000 100 2.000000 6.710302 8.832059 0.237954 -0.187363 
215.000000 101 2.000000 2.775506 4.474627 -0.357864 -1.070715 
215.000000 102 2.000000 1.445258 18.870896 0.920668 -0.322673 
215.000000 103 2.000000 2.009034 17.560259 0.820014 -0.028733 
215.000000 104 2.000000 6.930080 13.768842 0.476294 -0.449903 
215.000000 105 2.000000 0.909656 0.056147 0.505364 -1.149502 
215.000000 106 2.000000 3.431174 8.794825 0.106368 -0.507004 
215.000000 107 2.000000 1.638502 16.513621 -0.081462 -0.971043 
215.000000 108 2.000000 1.582428 19.166868 0.262026 -0.537504 
215.000000 109 2.000000 10.423827 19.494204 -0.662965 -0.674393 
215.000000 110 2.000000 5.697800 9.317573 0.406569 0.768866 
215.000000 111 2.000000 3.267106 1.208118 -0.192984 0.383529 
215.000000 112 2.000000 0.748901 1.432366 0.016887 -0.450792 
215.000000 113 2.000000 4.027684 12.145916 1.491734 0.980511 
215.000000 114 2.000000 10.681301 9.136753 0.382673 -0.225507 
215.000000 115 2.000000 4.495757 2.559235 -1.140893 -0.187351 
215.000000 116 2.000000 2.648207 2.837641 -1.020010 0.585080 
215.000000 117 2.000000 6.881168 11.673072 0.489642 -1.314032 
215.000000 118 2.000000 11.746361 13.775814 -0.595584 1.084326 
215.000000 119 2.000000 4.234668 8.876460 -1.154961 0.203831 
215.000000 120 2.000000 6.569721 17.272574 0.406794 -0.505079 
215.000000 121 2.000000 1.164689 0.653833 -0.609547 1.452960 
215.000000 122 2.000000 10.964878 16.295930 -0.634635 -0.841834 
215.000000 123 2.000000 8.849733 11.025892 -1.031422 0.199940 
215.000000 124 2.000000 11.646922 17.286125 -0.131886 -1.130781 
215.000000 125 2.000000 9.711048 10.432117 -0.732738 1.163571 
215.000000 126 2.000000 7.971199 9.095263 -1.207333 0.320834 
215.000000 127 2.000000 3.373721 14.778375 -0.261121 -0.492606 
215.000000 128 2.000000 2.545320 7.414144 0.077624 -1.113792 
215.000000 129 2.000000 0.500115 18.812309 -0.295764 0.696170 
215.000000 130 2.000000 10.130413 3.873811 0.420953 1.383503 
215.000000 131 2.000000 9.907683 3.254969 -0.037032 0.365727 
215.000000 132 2.000000 4.101523 1.019198 0.640863 -0.194707 
215.000000 133 2.000000 4.248719 6.612667 0.461264 0.594416 
215.000000 134 2.000000 1.473572 9.288031 -0.094522 1.462682 
215.000000 135 2.000000 2.499927 8.798074 0.666647 -0.483312 
215.000000 136 2.000000 2.530568 17.477086 0.220507 -0.463117 
215.000000 137 2.000000 9.003294 6.147523 -1.047538 0.617841 
215.000000 138 2.000000 7.591118 4.177092 0.605698 -0.963607 
215.000000 139 2.000000 0.970512 13.489351 -2.424700 -0.405648 
215.000000 140 2.000000 5.763348 5.047025 0.168922 0.456744 
215.000000 141 2.000000 1.032457 14.685710 0.938596 -0.169039 
215.000000 142 2.000000 2.067901 3.136941 0.064521 0.184526 
215.000000 143 2.000000 8.528433 8.995373 -0.906833 -0.247296 
215.000000 144 2.000000 9.787493 19.912473 -0.493578 -0.437628 
215.000000 145 2.000000 2.058293 1.828622 1.286432 -0.364855 
215.000000 146 2.000000 10.754216 2.063090 -0.408960 -1.438529 
215.000000 147 2.000000 6.943786 8.866646 0.387921 -1.124581 
215.000000 148 2.000000 8.830132 8.831415 1.234983 -0.162658 
215.000000 149 2.000000 1.547671 19.641194 0.151513 -0.797345 
215.000000 150 2.000000 10.166783 5.591551 0.536305 0.012420 
215.000000 151 2.000000 11.074357 10.511667 0.777187 0.614095 
215.000000 152 2.000000 8.282784 8.249670 -0.853452 -0.558210 
215.000000 153 2.000000 8.945045 16.329880 -0.292181 0.467905 
215.000000 154 2.000000 0.635891 3.933237 -0.067833 0.971169 
215.000000 155 2.000000 11.164782 1.804412 1.533780 -0.087749 
215.000000 156 2.000000 3.740724 13.588416 -0.967802 -0.474932 
215.000000 157 2.000000 10.004366 9.572738 2.643535 -0.070100 
215.000000 158 2.000000 5.865319 14.597239 0.267823 1.497153 
215.000000 159 2.000000 6.089759 10.394437 -1.473060 -0.694569 
215.000000 160 2.000000 9.842365 2.794518 -0.659136 0.447123 
215.000000 161 2.000000 10.823385 17.919916 -0.696422 -0.415267 
215.000000 162 2.000000 10.194215 3.652218 1.019421 -0.489455 
215.000000 163 2.000000 0.248136 6.911099 1.240677 -1.693599 
215.000000 164 2.000000 7.002591 7.462926 0.925588 1.402522 
215.000000 165 2.000000 0.377071 9.033326 -1.262912 0.350809 
215.000000 166 2.000000 5.688184 0.972517 0.932489 -0.069209 
215.000000 167 2.000000 10.971446 0.712189 1.783975 -0.554445 
215.000000 168 2.000000 11.388811 12.939268 -0.146936 -0.066451 
215.000000 169 2.000000 2.550899 5.880937 -1.135059 -0.080732 
215.000000 170 2.000000 11.448399 18.996409 0.244658 -0.006431 
215.000000 171 2.000000 4.747806 2.970582 -1.259068 -0.318753 
215.000000 172 2.000000 2.972006 8.107096 -1.118243 1.066723 
215.000000 173 2.000000 4.142824 4.781428 1.166992 0.319828 
215.000000 174 2.000000 8.168316 5.010512 -0.965008 0.453440 
215.000000 175 2.000000 2.244303 2.362840 -1.749731 -0.396949 
215.000000 176 2.000000 10.698798 12.663001 -0.589805 -2.329206 
215.000000 177 2.000000 5.930835 9.694644 -0.393882 1.034621 
215.000000 178 2.000000 10.696824 17.951848 -0.944540 1.951767 
215.000000 179 2.000000 8.742559 3.185671 0.110102 0.227539 
215.000000 180 2.000000 8.778705 10.107614 -0.410681 0.808011 
215.000000 181 2.000000 6.323857 15.315148 -0.885099 0.092438 
215.000000 182 2.000000 5.954696 8.139350 1.526845 1.114979 
215.000000 183 2.000000 0.276351 3.329808 -0.788735 0.809863 
215.000000 184 2.000000 5.597046 9.187127 0.355368 -1.287247 
215.000000 185 2.000000 4.755074 11.440719 1.072368 0.272477 
215.000000 186 2.000000 6.890692 7.889987 1.177896 -0.467508 
215.000000 187 2.000000 7.270107 6.337292 -1.074339 0.293625 
215.000000 188 2.000000 1.273166 12.200338 0.727523 -0.616527 
215.000000 189 2.000000 1.630161 7.882824 0.639278 0.847615 
215.000000 190 2.000000 5.638477 5.082785 0.017010 1.355409 
215.000000 191 2.000000 5.413390 7.279878 1.216492 -0.558774 
215.000000 192 2.000000 2.134627 16.001983 -0.223588 -0.869134 
215.000000 193 2.000000 11.417578 6.199334 0.411948 -0.660047 
215.000000 194 2.000000 0.449534 13.905748 0.899067 -0.704538 
215.000000 195 2.000000 9.578313 13.852683 1.058377 -0.074127 
215.000000 196 2.000000 5.849102 2.861442 0.190878 1.683201 
215.000000 197 2.000000 4.194759 10.866497 -0.725859 2.287683 
215.000000 198 2.000000 5.483037 3.296011 -1.549181 0.227285 
215.000000 199 2.000000 3.574833 1.921033 0.534284 0.380402 
215.000000 200 2.000000 10.207101 11.855811 0.175645 0.667183 
215.000000 201 2.000000 8.521042 5.019916 1.226049 0.766399 
215.000000 202 2.000000 6.513781 11.888209 -0.249254 -0.495760 
215.000000 203 2.000000 7.967338 8.109520 2.124623 -0.294997 
215.000000 204 2.000000 9.175615 14.511489 -1.080317 -2.240208 
215.000000 205 2.000000 0.520111 15.016056 -0.313473 -0.810397 
215.000000 206 2.000000 6.157572 2.128238 -1.274992 0.056990 
215.000000 207 2.000000 0.178006 12.297338 1.186702 -0.232603 
215.000000 208 2.000000 0.556082 6.234324 0.411912 -0.477953 
215.000000 209 2.000000 1.094630 19.274312 -0.746904 0.714079 
215.000000 210 2.000000 8.333106 15.006715 -0.798194 0.955842 
215.000000 211 2.000000 11.616672 0.008117 0.691469 -1.155600 
215.000000 212 2.000000 11.573568 4.071120 -1.063725 0.449424 
215.000000 213 2.000000 9.180890 16.301607 0.080781 0.115674 
215.000000 214 2.000000 6.144148 16.084682 -0.985642 0.007376 
215.000000 215 2.000000 9.904544 9.760270 0.366157 0.552990 
215.000000 216 2.000000 9.441032 18.880766 0.839203 1.522642 
215.000000 217 2.000000 8.024066 1.936534 1.823651 1.760484 
215.000000 218 2.000000 5.887491 5.687660 -0.259322 0.779131 
215.000000 219 2.000000 10.648318 12.055669 0.479476 -0.169470 
215.000000 220 2.000000 1.817744 0.739453 1.101663 -0.405578 
215.000000 221 2.000000 9.007771 5.769018 -0.613965 -0.912242 
215.000000 222 2.000000 10.451816 2.927009 0.846301 -0.216069 
215.000000 223 2.000000 5.962679 8.612165 -1.199846 1.257250 
215.000000 224 2.000000 0.944319 17.628996 -1.064951 -1.030871 
215.000000 225 2.000000 7.224211 13.224827 2.675633 -0.523070 
215.000000 226 2.000000 2.551754 16.827738 -1.041054 -1.922583 
215.000000 227 2.000000 7.674916 15.191692 1.370521 0.026197 
215.000000 228 2.000000 8.470108 7.686153 -0.098302 0.117240 
215.000000 229 2.000000 7.330357 7.355854 -0.295637 -0.769176 
215.000000 230 2.000000 3.351054 9.164516 0.376523 1.124480 
215.000000 231 2.000000 7.990400 16.129845 0.986469 0.618590 
215.000000 232 2.000000 3.688397 12.865214 -0.275673 -0.682755 
215.000000 233 2.000000 11.829999 6.374346 -1.724100 -0.485763 
215.000000 234 2.000000 0.674555 13.680392 -0.099541 -0.549032 
215.000000 235 2.000000 9.620527 0.629770 -0.317680 1.259538 
215.000000 236 2.000000 9.728377 13.617170 -0.143609 -0.492883 
215.000000 237 2.000000 8.182789 9.811545 0.166051 0.420381 
215.000000 238 2.000000 8.995590 0.182667 0.832925 -0.667718 
215.000000 239 2.000000 7.297532 11.720918 -0.810824 0.718551 
215.000000 240 2.000000 9.461647 7.141778 0.112610 0.296738 
215.000000 241 2.000000 6.685057 19.356332 1.378362 -1.430372 
215.000000 242 2.000000 4.592729 11.381198 -0.583278 -0.268659 
215.000000 243 2.000000 9.477237 2.587911 -0.649107 1.101238 
215.000000 244 2.000000 4.329763 18.115937 2.278822 -0.418680 
215.000000 245 2.000000 10.195816 0.311843 0.846281 0.271167 
215.000000 246 2.000000 3.071889 11.625016 -1.038927 0.922620 
215.000000 247 2.000000 2.860069 3.511455 -0.267579 0.548665 
215.000000 248 2.000000 8.049515 5.832167 0.075394 -0.961306 
215.000000 249 2.000000 7.176320 15.365025 1.316756 -0.156002 
215.000000 250 2.000000 5.819624 13.103602 -2.595607 0.235120 
215.000000 251 2.000000 4.582844 5.619031 -0.351843 -0.175567 
215.000000 252 2.000000 9.641701 17.247521 -0.318551 -1.251126 
215.000000 253 2.000000 0.833360 5.111981 1.282090 0.172187 
215.000000 254 2.000000 4.693103 1.607867 0.033434 -0.649063 
215.000000 255 2.000000 5.145248 19.234858 -2.513834 -0.268471 
215.000000 256 2.000000 3.408295 2.644217 0.102463 -2.265420 
215.000000 257 2.000000 3.955374 1.023309 1.648072 -0.450450 
215.000000 258 2.000000 6.436602 5.309963 0.399789 0.212304 
215.000000 259 2.000000 3.936010 3.646948 1.457781 0.407480 
215.000000 260 2.000000 3.645009 13.308540 -0.942419 0.811496 
215.000000 261 2.000000 2.911320 5.890834 0.820090 -2.909106 
215.000000 262 2.000000 11.171253 2.230619 0.046835 0.083328 
215.000000 263 2.000000 8.540540 3.952901 0.077987 -0.927578 
215.000000 264 2.000000 10.739017 4.513845 0.241921 0.820699 
215.000000 265 2.000000 11.211010 11.245909 -1.413531 0.073969 
215.000000 266 2.000000 4.015096 17.538364 -1.116759 -0.757426 
215.000000 267 2.000000 4.827888 3.299813 1.097247 0.776426 
215.000000 268 2.000000 3.957565 8.895730 1.055350 1.235518 
215.000000 269 2.000000 7.864686 2.907024 0.486871 0.225335 
215.000000 270 2.000000 0.228289 6.746763 -0.000694 -0.832133 
215.000000 271 2.000000 9.933967 12.711805 0.615260 -0.104524 
215.000000 272 2.000000 7.271464 4.312541 0.038399 1.269794 
215.000000 273 2.000000 8.391656 13.252755 -0.725669 0.314830 
215.000000 274 2.000000 4.029423 2.302691 1.790854 -0.234780 
215.000000 275 2.000000 0.287648 2.606722 -0.322875 -0.200867 
215.000000 276 2.000000 7.562595 14.196025 -0.339583 -0.607746 
215.000000 277 2.000000 3.937770 2.005374 0.035086 0.212209 
215.000000 278 2.000000 3.619766 19.298587 1.645348 -0.501008 
215.000000 279 2.000000 6.392136 17.627645 -0.665826 -0.611713 
215.000000 280 2.000000 4.379950 17.777991 1.137218 1.102065 
215.000000 281 2.000000 9.913930 8.454933 0.927646 2.695828 
215.000000 282 2.000000 7.420197 18.637321 -0.386601 0.915839 
215.000000 283 2.000000 8.630928 15.138515 -0.215020 0.166755 
215.000000 284 2.000000 0.811360 5.876818 0.854062 -0.387192 
215.000000 285 2.000000 4.063287 12.456524 -1.021128 0.115431 
215.000000 286 2.000000 0.296525 8.045622 -0.758842 -1.096732 
215.000000 287 2.000000 0.554296 16.021056 0.140328 -0.343012 
215.000000 288 2.000000 9.137778 4.699709 1.884078 -0.715246 
215.000000 289 2.000000 6.962542 14.011960 0.994649 -0.700355 
215.000000 290 2.000000 8.709694 0.258767 -0.226404 0.235242 
215.000000 291 2.000000 2.587060 18.535209 0.848216 1.106580 
215.000000 292 2.000000 8.730006 2.694416 -0.462657 -0.846239 
215.000000 293 2.000000 1.199382 1.757105 -0.044699 -1.069508 
215.000000 294 2.000000 6.559649 19.640858 0.415168 -1.026116 
215.000000 295 2.000000 4.689708 13.179840 -1.596344 0.125381 
215.000000 296 2.000000 1.834151 11.154267 -2.211010 0.933411 
215.000000 297 2.000000 5.090985 10.361838 0.533087 0.618617 
215.000000 298 2.000000 4.753781 16.451060 0.022208 0.308079 
215.000000 299 2.000000 3.283274 4.973188 -0.887921 0.517125 
215.000000 300 2.000000 4.427773 17.321594 0.388401 1.979611 
215.000000 301 2.000000 7.349032 16.084320 0.781812 0.794287 
215.000000 302 2.000000 1.522646 17.944400 -1.310513 0.162432 
215.000000 303 2.000000 11.300646 16.720809 -1.000461 1.348452 
215.000000 304 2.000000 11.357944 3.642624 0.946495 0.888445 
215.000000 305 2.000000 0.888785 18.493675 -0.158281 -0.614826 
215.000000 306 2.000000 10.362889 13.424916 -0.307346 0.664198 
215.000000 307 2.000000 8.881435 0.799593 0.139951 -0.336992 
215.000000 308 2.000000 2.656009 14.269663 -0.649005 0.688558 
215.000000 309 2.000000 1.321106 13.635592 -1.316465 -1.371020 
215.000000 310 2.000000 11.760728 14.001135 -0.730712 -0.132126 
215.000000 311 2.000000 7.985782 9.044233 -0.117534 -1.184407 
215.000000 312 2.000000 5.570548 7.939946 1.237899 0.257352 
215.000000 313 2.000000 1.711962 18.133560 1.426634 -0.829529 
215.000000 314 2.000000 8.137495 5.157675 -0.791572 0.275811 
215.000000 315 2.000000 11.480958 6.202467 0.184300 -0.654575 
215.000000 316 2.000000 2.958997 7.237302 -1.738419 0.469876 
215.000000 317 2.000000 8.443968 16.153207 0.827840 0.179062 
215.000000 318 2.000000 0.454890 2.730152 -0.317512 0.058387 
215.000000 319 2.000000 11.156501 19.360286 2.754691 -0.639713 
215.000000 320 2.000000 0.389224 7.932955 -1.720467 1.249284 
215.000000 321 2.000000 2.257532 14.628803 -0.251381 0.211929 
215.000000 322 2.000000 7.159255 8.995719 0.490360 -0.536794 
215.000000 323 2.000000 11.786266 11.100592 1.785798 0.190896 
215.000000 324 2.000000 7.055314 12.188722 0.450819 -0.371082 
215.000000 325 2.000000 9.545730 9.335929 1.767728 -0.347364 
215.000000 326 2.000000 4.996728 7.338377 -0.519159 1.233340 
215.000000 327 2.000000 4.455975 12.426144 1.255204 0.820207 
215.000000 328 2.000000 3.272138 6.506109 0.828389 -1.226717 
215.000000 329 2.000000 9.668093 3.335168 -0.417282 -0.369508 
215.000000 330 2.000000 5.888233 16.384677 -0.115569 -0.361532 
215.000000 331 2.000000 7.608770 10.545685 -0.462244 -1.630054 
215.000000 332 2.000000 11.514182 7.567370 -0.255805 -0.403295 
215.000000 333 2.000000 3.444427 19.430475 -0.389406 1.256265 
215.000000 334 2.000000 6.637637 18.689508 -1.304430 -0.819057 
215.000000 335 2.000000 5.951367 1.844701 0.117297 -0.329233 
215.000000 336 2.000000 0.160231 15.374920 1.602305 -0.951024 
215.000000 337 2.000000 8.870573 3.179352 0.268495 1.297694 
215.000000 338 2.000000 2.046586 8.776116 -0.887220 1.755223 
215.000000 339 2.000000 2.322589 8.951821 -1.169835 1.336093 
215.000000 340 2.000000 3.088757 9.871711 -0.569708 0.825030 
215.000000 341 2.000000 11.212589 19.235757 -0.399582 -1.698316 
215.000000 342 2.000000 1.794731 18.538157 1.268707 -0.663907 
215.000000 343 2.000000 8.946125 16.367486 0.587426 1.196921 
215.000000 344 2.000000 1.723019 1.030815 0.396096 0.254522 
215.000000 345 2.000000 6.274724 14.985041 0.496026 -0.857258 
215.000000 346 2.000000 2.455166 0.196961 0.289255 -1.390928 
215.000000 347 2.000000 1.830792 14.669874 -1.167854 -0.795541 
215.000000 348 2.000000 4.602836 1.497637 -0.406733 -0.438583 
215.000000 349 2.000000 11.722617 9.378864 0.143825 0.741412 
215.000000 350 2.000000 9.532409 15.917760 -1.952659 -0.547952 
215.000000 351 2.000000 6.500781 9.055748 0.886203 -0.672977 
215.000000 352 2.000000 7.893904 15.574577 -0.740874 -0.921963 
215.000000 353 2.000000 3.243714 13.495658 0.222172 0.209720 
215.000000 354 2.000000 6.888373 1.115495 0.740685 -0.870254 
215.000000 355 2.000000 4.229364 0.459113 -0.634128 -0.728377 
215.000000 356 2.000000 0.744033 9.898891 -0.981486 -0.310326 
215.000000 357 2.000000 6.257532 6.325501 -1.163751 -0.936609 
215.000000 358 2.000000 0.319902 19.025725 -0.355412 -0.048595 
215.000000 359 2.000000 7.664871 13.610195 -2.173963 -2.129935 
215.000000 360 2.000000 7.257846 9.285779 -0.383917 1.076296 
215.000000 361 2.000000 9.478255 19.480526 -0.381320 -1.298683 
215.000000 362 2.000000 7.419451 11.078945 -2.359341 -0.371711 
215.000000 363 2.000000 8.558224 3.072648 1.860483 -0.809212 
215.000000 364 2.000000 4.693792 17.922984 1.401132 1.615478 
215.000000 365 2.000000 2.369567 3.652443 -0.450219 -0.535108 
215.000000 366 2.000000 4.918975 10.951132 -1.039598 -1.231138 
215.000000 367 2.000000 3.473965 6.755674 -1.137478 0.269688 
215.000000 368 2.000000 9.609515 14.692113 -0.531441 -0.576944 
215.000000 369 2.000000 6.440122 4.384176 -1.137975 0.104804 
215.000000 370 2.000000 7.276354 17.564084 -2.373202 1.335139 
215.000000 371 2.000000 0.868916 11.660663 -1.204073 1.110539 
215.000000 372 2.000000 8.689411 15.451676 0.847747 -1.281218 
215.000000 373 2.000000 2.910221 11.126489 1.711894 2.139709 
215.000000 374 2.000000 5.251847 19.476163 0.016407 -0.698448 
215.000000 375 2.000000 8.294004 9.253054 0.097942 -1.131769 
215.000000 376 2.000000 7.755664 16.427290 -0.914201 -0.940187 
215.000000 377 2.000000 4.626165 4.775799 0.733466 0.927340 
215.000000 378 2.000000 5.328136 11.454895 -0.660188 1.735590 
215.000000 379 2.000000 7.356788 10.209040 -0.123139 -0.028116 
215.000000 380 2.000000 10.095687 4.357878 0.814168 -0.444201 
215.000000 381 2.000000 9.686514 6.482234 -0.424214 -0.179847 
215.000000 382 2.000000 0.780837 17.604389 0.678988 1.041685 
215.000000 383 2.000000 6.313375 19.507695 0.391038 0.698647 
215.000000 384 2.000000 6.329659 5.935500 1.072823 0.420957 
215.000000 385 2.000000 7.715673 12.284211 0.892507 -0.079884 
215.000000 386 2.000000 9.513986 16.352787 1.251840 -0.524779 
215.000000 387 2.000000 11.779778 10.701522 0.117259 -1.248118 
215.000000 388 2.000000 8.931008 7.347015 -0.040769 -1.152755 
215.000000 389 2.000000 6.405318 6.885847 1.489609 -0.348326 
215.000000 390 2.000000 1.846307 3.389722 0.044911 0.684792 
215.000000 391 2.000000 7.218276 6.297483 -0.833125 1.095214 
215.000000 392 2.000000 0.272492 5.023969 -0.249058 0.564491 
215.000000 393 2.000000 0.325806 11.851583 0.592372 -0.929614 
215.000000 394 2.000000 5.242998 11.254847 -0.246914 1.035022 
215.000000 395 2.000000 1.369791 19.580889 -1.058508 -2.095548 
215.000000 396 2.000000 0.773344 10.635430 0.245506 -0.195740 
215.000000 397 2.000000 1.564409 16.890525 0.215780 1.501380 
215.000000 398 2.000000 9.006781 13.222404 -0.033838 -0.544852 
215.000000 399 2.000000 0.562800 4.390509 1.607998 -0.520196 
215.000000 400 2.000000 2.038061 0.727551 1.045159 -0.502541 
215.000000 401 2.000000 4.597645 14.939703 -0.549120 -1.349412 
215.000000 402 2.000000 8.418751 12.773907 0.866458 -0.494879 
215.000000 403 2.000000 8.273006 5.649487 -0.950049 -1.640059 
215.000000 404 2.000000 2.388244 13.240611 0.278129 1.269050 
215.000000 405 2.000000 0.717541 15.754334 1.304619 -0.099851 
215.000000 406 2.000000 11.030809 4.727212 0.270760 0.202269 
215.000000 407 2.000000 6.609990 7.079710 -0.079145 -0.946541 
215.000000 408 2.000000 0.468365 14.157132 0.851570 0.352479 
215.000000 409 2.000000 3.964368 18.598590 -0.532694 0.044594 
215.000000 410 2.000000 3.245509 9.326015 -0.818408 -0.582650 
215.000000 411 2.000000 4.864469 3.621295 0.048302 -0.582542 
215.000000 412 2.000000 8.154355 11.618828 2.038589 1.236045 
215.000000 413 2.000000 7.284338 11.097450 0.837280 0.625208 
215.000000 414 2.000000 0.193560 17.314252 -1.146232 -0.537149 
215.000000 415 2.000000 3.954195 2.220110 2.929032 0.177609 
215.000000 416 2.000000 4.860060 9.055676 0.270679 -2.575135 
215.000000 417 2.000000 7.556030 12.354955 2.477386 1.436623 
215.000000 418 2.000000 6.108043 11.491079 -0.465012 -0.479830 
215.000000 419 2.000000 0.692545 5.505616 0.814758 -0.350199 
215.000000 420 2.000000 11.760336 15.130301 0.442153 0.519898 
215.000000 421 2.000000 11.179312 13.689656 -0.150187 0.310213 
215.000000 422 2.000000 5.091255 2.724750 -2.488452 -0.506222 
215.000000 423 2.000000 0.018875 2.163905 0.188744 -1.170448 
215.000000 424 2.000000 5.921606 19.999999 -1.726112 -0.701468 
215.000000 425 2.000000 7.485703 8.439872 -0.096220 0.701549 
215.000000 426 2.000000 0.421880 18.877549 -0.605802 0.228672 
215.000000 427 2.000000 6.932153 17.769095 1.490785 0.296115 
215.000000 428 2.000000 4.208477 18.357732 2.475574 -0.232946 
215.000000 429 2.000000 3.973974 3.468636 -1.064931 0.686859 
215.000000 430 2.000000 7.287549 11.289812 -1.660304 -0.421481 
215.000000 431 2.000000 8.647586 10.189729 0.214318 -0.898193 
215.000000 432 2.000000 7.661083 0.683477 0.957635 -0.040472 
215.000000 433 2.000000 3.326398 8.317024 0.645902 -0.630729 
215.000000 434 2.000000 6.793190 16.901026 0.843874 1.073081 
215.000000 435 2.000000 7.991294 5.959930 0.324132 -0.621832 
215.000000 436 2.000000 2.367232 9.168321 0.089259 -1.731297 
215.000000 437 2.000000 8.639649 11.643175 1.136796 0.477179 
215.000000 438 2.000000 9.972792 8.071710 -0.180359 -1.006563 
215.000000 439 2.000000 1.168670 13.220835 1.016234 -0.811876 
215.000000 440 2.000000 3.578154 10.741696 -1.034145 -0.970137 
215.000000 441 2.000000 7.419689 17.928370 0.912047 -0.165593 
215.000000 442 2.000000 10.032023 2.829411 2.157424 -0.793918 
215.000000 443 2.000000 10.448705 7.176782 2.534536 -0.545726 
215.000000 444 2.000000 1.045998 11.686420 0.909562 -0.251166 
215.000000 445 2.000000 4.933452 17.711300 0.640472 -0.221294 
215.000000 446 2.000000 1.500574 17.635906 -0.671154 0.502865 
215.000000 447 2.000000 7.604258 12.902122 -0.725046 1.071679 
215.000000 448 2.000000 0.744402 11.349001 0.437883 0.785419 
215.000000 449 2.000000 7.698323 15.099793 1.166412 0.132273 
215.000000 450 2.000000 3.067946 5.978241 -0.353656 0.366625 
215.000000 451 2.000000 9.443639 4.254136 1.023903 -0.138818 
215.000000 452 2.000000 9.303097 8.725260 -1.367948 0.108656 
215.000000 453 2.000000 7.355166 18.024205 1.690843 -0.278281 
215.000000 454 2.000000 2.181380 17.051943 0.884748 0.828236 
215.000000 455 2.000000 1.318437 9.400761 0.206006 0.249799 
215.000000 456 2.000000 11.023147 12.546278 -0.575902 0.765905 
215.000000 457 2.000000 4.172736 8.879524 2.528931 0.351664 
215.000000 458 2.000000 3.872721 5.531408 -0.052215 0.264029 
215.000000 459 2.000000 3.234518 13.596903 -0.031644 0.603607 
215.000000 460 2.000000 11.768508 6.616302 1.061005 0.524364 
215.000000 461 2.000000 4.154458 19.567455 2.026564 -0.480604 
215.000000 462 2.000000 5.135037 4.181489 0.900518 -0.712716 
215.000000 463 2.000000 2.869962 10.771362 -0.743515 -0.878918 
215.000000 464 2.000000 3.152771 16.802477 0.498442 -0.855495 
215.000000 465 2.000000 10.593600 3.622547 1.487800 -0.500073 
215.000000 466 2.000000 9.451169 6.781202 0.295220 -0.779870 
215.000000 467 2.000000 2.503083 3.163489 -1.016677 -1.096735 
215.000000 468 2.000000 11.086774 10.513465 -2.135687 -0.239842 
215.000000 469 2.000000 5.205962 17.709111 -0.681110 0.416685 
215.000000 470 2.000000 3.758382 7.738183 -0.572544 1.074747 
215.000000 471 2.000000 6.855945 10.278423 0.205500 0.351366 
215.000000 472 2.000000 9.283743 0.856933 0.593210 -0.379736 
215.000000 473 2.000000 11.460932 11.141904 -0.565239 0.365576 
215.000000 474 2.000000 0.049147 13.096618 -1.714330 -0.408545 
215.000000 475 2.000000 2.890967 0.677631 -0.808606 -0.269553 
215.000000 476 2.000000 1.653005 1.098261 -1.461356 0.708555 
215.000000 477 2.000000 4.279977 2.597485 -0.275422 -0.435063 
215.000000 478 2.000000 3.062519 5.104622 -0.368111 1.370557 
215.000000 479 2.000000 4.209984 18.412896 -0.929230 0.571842 
215.000000 480 2.000000 8.454734 12.624772 -1.243452 2.254423 
215.000000 481 2.000000 0.354293 11.881152 -1.547961 -0.776923 
215.000000 482 2.000000 4.696391 12.449865 -1.641058 -0.036243 
215.000000 483 2.000000 2.439177 14.612006 -0.963371 0.062354 
215.000000 484 2.000000 11.405648 14.500724 -1.735405 -0.139399 
215.000000 485 2.000000 4.779296 10.230464 -0.011200 -1.213607 
215.000000 486 2.000000 2.307973 17.114675 -0.585550 1.681933 
215.000000 487 2.000000 4.800616 8.704199 2.400307 -0.194195 
215.000000 488 2.000000 0.845669 18.903822 0.805398 0.814820 
215.000000 489 2.000000 0.395880 6.023788 1.131082 -0.351971 
215.000000 490 2.000000 10.516244 18.622087 -1.583594 -0.428035 
215.000000 491 2.000000 5.366395 16.781219 0.755830 -0.523379 
215.000000 492 2.000000 0.270633 9.960093 -1.621475 -1.356744 
215.000000 493 2.000000 4.086693 0.240380 -1.685512 0.534175 
215.000000 494 2.000000 6.803612 17.050480 1.106177 1.651908 
215.000000 495 2.000000 6.371710 13.506616 -0.310234 -1.055835 
215.000000 496 2.000000 8.811849 19.707010 -0.537479 0.123623 
215.000000 497 2.000000 1.452532 15.479464 -0.425341 1.789758 
215.000000 498 2.000000 0.605975 11.234483 1.101770 0.557543 
215.000000 499 2.000000 9.535803 8.012575 -0.148033 -0.053291 
215.000000 500 2.000000 2.083722 5.400311 -2.569501 0.659015 
