316.500000 1 2.000000 4.444401 10.933532 0.519813 -0.723658 0.793886 0.793886 
316.500000 2 2.000000 2.703773 4.748228 2.548035 1.558808 8.922365 8.922365 
316.500000 3 2.000000 3.443547 4.524944 0.407520 0.445807 0.364817 0.364817 
316.500000 4 2.000000 5.643799 7.508882 0.888787 -0.365382 0.923447 0.923447 
316.500000 5 2.000000 2.108542 5.404228 -0.624556 0.204727 0.431983 0.431983 
316.500000 6 2.000000 2.831283 2.625694 0.820661 0.990828 1.655224 1.655224 
316.500000 7 2.000000 5.474403 0.641404 0.157577 -1.403716 1.995248 1.995248 
316.500000 8 2.000000 5.079871 4.150284 0.032152 0.658775 0.435018 0.435018 
316.500000 9 2.000000 0.004412 6.894049 -0.108459 0.408442 0.178588 0.178588 
316.500000 10 2.000000 1.302011 11.629108 1.446678 -0.968350 3.030579 3.030579 
316.500000 11 2.000000 1.528057 6.273835 0.163428 0.586340 0.370503 0.370503 
316.500000 12 2.000000 5.232558 18.248698 0.436026 0.421027 0.367382 0.367382 
316.500000 13 2.000000 6.000611 18.817288 0.274540 0.054253 0.078316 0.078316 
316.500000 14 2.000000 7.182100 0.158416 -0.213755 -0.165259 0.073002 0.073002 
316.500000 15 2.000000 1.871642 12.646275 -1.974939 -0.728091 4.430501 4.430501 
316.500000 16 2.000000 0.103146 0.179590 -0.221416 0.003836 0.049040 0.049040 
316.500000 17 2.000000 0.863268 19.652189 0.822159 1.158352 2.017724 2.017724 
316.500000 18 2.000000 1.077404 8.961330 -0.585780 0.180886 0.375858 0.375858 
316.500000 19 2.000000 4.113057 13.354863 -0.217831 -2.143592 4.642439 4.642439 
316.500000 20 2.000000 5.106696 9.294563 -1.724061 -1.476612 5.152768 5.152768 
316.500000 21 2.000000 6.157007 17.875860 1.017687 0.036344 1.037008 1.037008 
316.500000 22 2.000000 7.144078 18.274282 -0.827449 1.238654 2.218935 2.218935 
316.500000 23 2.000000 2.908106 12.590402 -2.105303 1.635218 7.106240 7.106240 
316.500000 24 2.000000 4.391877 11.163810 -1.139884 0.030529 1.300267 1.300267 
316.500000 25 2.000000 3.197058 7.593613 -0.138220 0.479395 0.248924 0.248924 
316.500000 26 2.000000 5.419440 1.776732 -1.475489 1.870243 5.674879 5.674879 
316.500000 27 2.000000 4.153237 13.415751 2.966597 -1.357577 10.643713 10.643713 
316.500000 28 2.000000 0.731955 5.536855 -1.629438 1.876900 6.177822 6.177822 
316.500000 29 2.000000 7.544867 15.941626 -0.113776 -0.209923 0.057012 0.057012 
316.500000 30 2.000000 7.235287 6.791443 -0.775712 2.399920 6.361343 6.361343 
316.500000 31 2.000000 4.307055 16.463672 -1.148892 -0.106533 1.331302 1.331302 
316.500000 32 2.000000 0.959680 16.773938 -0.096397 -0.638824 0.417388 0.417388 
316.500000 33 2.000000 4.798795 1.994183 1.411410 -0.269970 2.064962 2.064962 
316.500000 34 2.000000 2.102290 6.211101 -0.155508 -0.023353 0.024728 0.024728 
316.500000 35 2.000000 2.968443 8.998103 0.576397 -1.487968 2.546280 2.546280 
316.500000 36 2.000000 6.234611 9.112972 0.700518 -1.649550 3.211739 3.211739 
316.500000 37 2.000000 3.784258 14.528086 -0.809311 -0.112668 0.667679 0.667679 
316.500000 38 2.000000 1.303076 1.378034 0.930768 -1.947001 4.657142 4.657142 
316.500000 39 2.000000 3.316189 13.577926 1.694971 -0.376127 3.014397 3.014397 
316.500000 40 2.000000 0.178475 8.550740 0.105669 -0.810714 0.668423 0.668423 
316.500000 41 2.000000 3.421902 0.758980 -0.389436 0.040048 0.153264 0.153264 
316.500000 42 2.000000 0.055004 10.616615 0.084620 -2.180792 4.763015 4.763015 
316.500000 43 2.000000 0.304213 0.659391 0.869178 -1.240306 2.293830 2.293830 
316.500000 44 2.000000 2.980239 15.480067 -0.016702 0.068212 0.004932 0.004932 
316.500000 45 2.000000 2.072937 17.078186 -0.728066 0.593746 0.882614 0.882614 
316.500000 46 2.000000 2.403686 17.594376 -0.821050 -1.778732 3.838013 3.838013 
316.500000 47 2.000000 7.888049 10.766848 -1.736994 0.972419 3.962745 3.962745 
316.500000 48 2.000000 6.998957 8.893775 0.460458 -0.086660 0.219531 0.219531 
316.500000 49 2.000000 5.836730 6.565829 0.189164 0.025323 0.036424 0.036424 
316.500000 50 2.000000 3.631296 19.999999 -0.587933 -2.494935 6.570365 6.570365 
316.500000 51 2.000000 2.811953 2.214080 0.604721 -2.009708 4.404615 4.404615 
316.500000 52 2.000000 2.999456 6.498434 0.799855 1.511264 2.923685 2.923685 
316.500000 53 2.000000 1.449475 1.866844 -2.874315 0.125291 8.277383 8.277383 
316.500000 54 2.000000 3.428759 6.738695 -1.374541 -1.222240 3.383234 3.383234 
316.500000 55 2.000000 1.643307 5.351909 0.699279 0.991094 1.471259 1.471259 
316.500000 56 2.000000 7.574560 6.113884 0.116179 -0.954372 0.924324 0.924324 
316.500000 57 2.000000 6.724178 16.997061 -1.599026 1.039576 3.637601 3.637601 
316.500000 58 2.000000 4.080029 10.882304 1.059748 -0.741276 1.672555 1.672555 
316.500000 59 2.000000 6.550689 17.567709 -1.934414 0.625913 4.133724 4.133724 
316.500000 60 2.000000 4.360095 4.312662 -0.110249 -0.075816 0.017903 0.017903 
316.500000 61 2.000000 0.529426 9.144519 0.661782 1.364853 2.300780 2.300780 
316.500000 62 2.000000 6.210031 1.483811 -2.388624 -0.798527 6.343171 6.343171 
316.500000 63 2.000000 5.327566 7.833384 -0.950218 -0.457492 1.112214 1.112214 
316.500000 64 2.000000 0.586755 8.065897 0.469403 1.280301 1.859510 1.859510 
316.500000 65 2.000000 5.305164 8.036999 0.785950 0.006610 0.617761 0.617761 
316.500000 66 2.000000 4.404494 10.180355 0.323401 0.543379 0.399849 0.399849 
316.500000 67 2.000000 3.250823 8.450128 -1.819953 1.097419 4.516558 4.516558 
316.500000 68 2.000000 7.177713 8.046248 -0.356114 0.078917 0.133045 0.133045 
316.500000 69 2.000000 3.558252 11.363646 -0.050957 0.471190 0.224617 0.224617 
316.500000 70 2.000000 6.466564 7.156409 0.886766 0.343698 0.904483 0.904483 
316.500000 71 2.000000 7.942996 1.646694 -0.113006 1.431907 2.063127 2.063127 
316.500000 72 2.000000 1.528581 13.613835 1.698422 0.516654 3.151570 3.151570 
316.500000 73 2.000000 0.889923 5.298829 0.847545 -2.323944 6.119049 6.119049 
316.500000 74 2.000000 3.084250 19.321900 1.028751 1.120798 2.314517 2.314517 
316.500000 75 2.000000 3.035927 6.443235 0.250903 1.516055 2.361375 2.361375 
316.500000 76 2.000000 7.229417 3.034187 0.639976 0.176119 0.440587 0.440587 
316.500000 77 2.000000 7.072126 10.067292 1.473359 -0.647082 2.589503 2.589503 
316.500000 78 2.000000 4.601071 15.922300 -1.911293 -0.219363 3.701163 3.701163 
316.500000 79 2.000000 7.840750 0.769241 0.518736 0.180998 0.301847 0.301847 
316.500000 80 2.000000 3.846303 18.842564 -0.352922 2.019999 4.204949 4.204949 
316.500000 81 2.000000 0.309080 16.115356 1.545394 0.819807 3.060326 3.060326 
316.500000 82 2.000000 6.601260 1.133729 0.498208 0.708580 0.750297 0.750297 
316.500000 83 2.000000 3.532810 3.225619 1.333136 0.386302 1.926479 1.926479 
316.500000 84 2.000000 2.912530 7.221121 0.007112 1.102461 1.215471 1.215471 
316.500000 85 2.000000 3.476760 7.847201 1.337215 1.039364 2.868422 2.868422 
316.500000 86 2.000000 4.592304 4.497711 0.680343 -0.707636 0.963616 0.963616 
316.500000 87 2.000000 5.967756 18.348932 -0.421942 -0.371026 0.315696 0.315696 
316.500000 88 2.000000 7.062822 2.300916 0.177713 -1.863061 3.502579 3.502579 
316.500000 89 2.000000 0.722041 8.896981 -0.516611 -1.695117 3.140310 3.140310 
316.500000 90 2.000000 1.674477 13.424391 1.456066 -1.565621 4.571297 4.571297 
316.500000 91 2.000000 4.717883 3.787950 -1.751219 1.052208 4.173910 4.173910 
316.500000 92 2.000000 7.688636 12.143896 0.711911 -0.039820 0.508402 0.508402 
316.500000 93 2.000000 1.793616 6.408341 1.157171 -0.152302 1.362240 1.362240 
316.500000 94 2.000000 0.263677 0.032466 -0.924129 -0.531616 1.136630 1.136630 
316.500000 95 2.000000 4.494003 11.408493 -1.518424 -2.202950 7.158601 7.158601 
316.500000 96 2.000000 4.793310 7.824267 1.369517 -0.977522 2.831126 2.831126 
316.500000 97 2.000000 1.638895 2.987805 -1.237756 0.118458 1.546073 1.546073 
316.500000 98 2.000000 3.904518 4.590455 0.017465 1.257659 1.582011 1.582011 
316.500000 99 2.000000 3.962297 10.618523 0.459091 1.226785 1.715767 1.715767 
316.500000 100 2.000000 1.343358 2.400599 0.959541 0.716596 1.434229 1.434229 
316.500000 101 2.000000 6.388397 12.025511 2.971347 -0.723600 9.352500 9.352500 
316.500000 102 2.000000 6.064404 0.430107 2.205237 -0.502340 5.115418 5.115418 
316.500000 103 2.000000 6.297595 0.022019 1.285223 0.220185 1.700280 1.700280 
316.500000 104 2.000000 1.798749 2.161582 0.584987 -0.198749 0.381711 0.381711 
316.500000 105 2.000000 6.422379 13.263989 -1.330183 -0.096125 1.778628 1.778628 
316.500000 106 2.000000 2.413521 4.194433 0.910762 0.776747 1.432823 1.432823 
316.500000 107 2.000000 3.686284 18.241100 0.072416 1.761649 3.108652 3.108652 
316.500000 108 2.000000 4.923335 4.301725 0.137254 -2.253514 5.097164 5.097164 
316.500000 109 2.000000 0.981176 2.588824 -1.702720 2.353475 8.438100 8.438100 
316.500000 110 2.000000 1.963192 13.124576 -1.303223 0.016809 1.698671 1.698671 
316.500000 111 2.000000 4.470529 13.258985 -0.607507 0.535002 0.655293 0.655293 
316.500000 112 2.000000 0.428539 17.457538 -1.085592 -0.564991 1.497725 1.497725 
316.500000 113 2.000000 0.595499 15.357759 -0.617216 -0.440023 0.574575 0.574575 
316.500000 114 2.000000 0.566634 11.413182 -0.530299 0.148759 0.303346 0.303346 
316.500000 115 2.000000 7.823348 2.943475 1.337324 -0.204629 1.830309 1.830309 
316.500000 116 2.000000 0.727783 3.811044 -2.233520 1.337208 6.776738 6.776738 
316.500000 117 2.000000 3.564224 16.678009 0.460342 -1.136301 1.503095 1.503095 
316.500000 118 2.000000 4.847890 6.754255 -1.115624 -0.072145 1.249821 1.249821 
316.500000 119 2.000000 0.086122 4.976569 -1.310077 -1.624155 4.354180 4.354180 
316.500000 120 2.000000 5.921257 0.220882 0.676715 1.472539 2.626315 2.626315 
316.500000 121 2.000000 2.749638 6.046248 0.859261 -0.082280 0.745100 0.745100 
316.500000 122 2.000000 3.332160 0.828113 -1.666364 -1.195001 4.204797 4.204797 
316.500000 123 2.000000 4.717424 12.177255 2.301182 2.421346 11.158355 11.158355 
316.500000 124 2.000000 1.844377 2.214369 0.292758 -1.162460 1.437019 1.437019 
316.500000 125 2.000000 7.755877 16.355677 0.050868 0.283270 0.082829 0.082829 
316.500000 126 2.000000 3.386247 5.025173 -3.201277 0.279954 10.326548 10.326548 
316.500000 127 2.000000 2.850519 2.709702 0.934596 -0.758995 1.449544 1.449544 
316.500000 128 2.000000 0.025488 0.445086 0.056639 -0.488446 0.241787 0.241787 
316.500000 129 2.000000 7.739721 16.077659 0.505583 -1.142744 1.561478 1.561478 
316.500000 130 2.000000 4.168777 2.576729 -0.724789 -0.904063 1.342648 1.342648 
316.500000 131 2.000000 5.631243 6.051171 0.277602 -1.884977 3.630201 3.630201 
316.500000 132 2.000000 3.296660 10.432992 2.354757 -0.666382 5.988943 5.988943 
316.500000 133 2.000000 4.060849 5.934205 1.289158 0.765237 2.247517 2.247517 
316.500000 134 2.000000 4.803374 0.845650 0.085067 -1.590552 2.537093 2.537093 
316.500000 135 2.000000 2.631012 3.673517 1.349237 -1.442430 3.901045 3.901045 
316.500000 136 2.000000 6.335959 14.000523 -1.207315 0.569920 1.782418 1.782418 
316.500000 137 2.000000 2.886185 11.776587 0.052494 -0.265460 0.073225 0.073225 
316.500000 138 2.000000 5.858868 18.128840 0.760637 0.483457 0.812299 0.812299 
316.500000 139 2.000000 0.613446 0.293671 -0.377150 -0.007020 0.142291 0.142291 
316.500000 140 2.000000 0.688740 13.732355 -2.119217 -0.731424 5.026061 5.026061 
316.500000 141 2.000000 2.968776 17.189199 3.125026 1.942282 13.538250 13.538250 
316.500000 142 2.000000 6.750559 5.860159 0.823239 -0.870144 1.434873 1.434873 
316.500000 143 2.000000 2.657581 8.069802 1.362862 -0.849124 2.578404 2.578404 
316.500000 144 2.000000 4.348397 1.229200 0.257675 -0.625966 0.458230 0.458230 
316.500000 145 2.000000 3.264602 9.202965 1.070361 -1.286911 2.801811 2.801811 
316.500000 146 2.000000 5.897412 16.040876 3.469066 -0.791825 12.661402 12.661402 
316.500000 147 2.000000 7.209529 15.910919 -1.734599 -1.635632 5.684126 5.684126 
316.500000 148 2.000000 7.752588 13.204797 0.553748 -2.512975 6.621681 6.621681 
316.500000 149 2.000000 3.217431 3.579887 -0.744910 0.054603 0.557873 0.557873 
316.500000 150 2.000000 7.388145 10.177813 -0.817805 2.643588 7.657360 7.657360 
316.500000 151 2.000000 3.041396 0.104402 0.482761 1.044006 1.323006 1.323006 
316.500000 152 2.000000 6.878565 17.454739 -1.190035 -1.272630 3.035772 3.035772 
316.500000 153 2.000000 6.708987 18.714128 -1.843732 0.640895 3.810093 3.810093 
316.500000 154 2.000000 2.545117 1.441464 0.297674 1.153170 1.418412 1.418412 
316.500000 155 2.000000 6.389480 6.754495 -0.684334 -1.182634 1.866937 1.866937 
316.500000 156 2.000000 4.424865 16.028599 0.028377 -0.287489 0.083455 0.083455 
316.500000 157 2.000000 2.204349 17.174261 1.259627 -0.991487 2.569708 2.569708 
316.500000 158 2.000000 3.173160 8.270033 2.266542 0.925552 5.993859 5.993859 
316.500000 159 2.000000 5.304141 16.907199 -1.251117 0.638849 1.973422 1.973422 
316.500000 160 2.000000 1.118967 7.368835 3.197045 -1.160394 11.567613 11.567613 
316.500000 161 2.000000 6.658701 2.860977 -0.393216 0.986543 1.127886 1.127886 
316.500000 162 2.000000 7.669724 7.699490 0.820291 1.316152 2.405134 2.405134 
316.500000 163 2.000000 7.309481 6.122552 1.719878 1.183617 4.358928 4.358928 
316.500000 164 2.000000 7.148882 2.701122 -2.392620 0.672755 6.177231 6.177231 
316.500000 165 2.000000 1.071487 11.263922 0.974079 -0.230540 1.001978 1.001978 
316.500000 166 2.000000 7.972999 4.896907 -1.220609 0.474769 1.715292 1.715292 
316.500000 167 2.000000 4.647872 19.545295 1.021180 -0.079670 1.049155 1.049155 
316.500000 168 2.000000 4.959330 19.471934 -0.491183 -1.760217 3.339623 3.339623 
316.500000 169 2.000000 3.060255 17.121245 3.600299 -1.599308 15.519934 15.519934 
316.500000 170 2.000000 0.485825 5.863976 1.943295 -1.760265 6.874931 6.874931 
316.500000 171 2.000000 5.605999 17.567346 0.696147 1.641116 3.177884 3.177884 
316.500000 172 2.000000 5.036374 9.873762 0.662681 -0.473284 0.663144 0.663144 
316.500000 173 2.000000 2.365998 8.602600 -0.557866 -0.234874 0.366380 0.366380 
316.500000 174 2.000000 0.023583 9.191612 -0.803329 0.852624 1.372306 1.372306 
316.500000 175 2.000000 6.238464 8.221260 -0.494456 1.695105 3.117868 3.117868 
316.500000 176 2.000000 5.431988 16.834820 2.130191 0.448697 4.739042 4.739042 
316.500000 177 2.000000 6.451095 10.667299 -1.087589 0.226883 1.234326 1.234326 
316.500000 178 2.000000 2.187063 1.136943 2.573014 2.526537 13.003791 13.003791 
316.500000 179 2.000000 2.031280 16.409065 1.752112 -0.151327 3.092797 3.092797 
316.500000 180 2.000000 6.519721 10.258417 -0.892869 0.927599 1.657656 1.657656 
316.500000 181 2.000000 4.338669 3.010052 -0.755341 0.487993 0.808677 0.808677 
316.500000 182 2.000000 6.311748 1.313285 -0.588384 1.313284 2.070912 2.070912 
316.500000 183 2.000000 4.970743 5.721673 0.629208 -1.303957 2.096206 2.096206 
316.500000 184 2.000000 0.293709 4.034233 1.958053 1.085307 5.011864 5.011864 
316.500000 185 2.000000 1.188647 3.807654 0.169807 2.379783 5.692202 5.692202 
316.500000 186 2.000000 4.296322 16.091740 -0.771806 2.150714 5.221256 5.221256 
316.500000 187 2.000000 0.311008 11.174611 -0.358986 0.470690 0.350419 0.350419 
316.500000 188 2.000000 7.202722 7.523881 -0.519423 -0.839717 0.974924 0.974924 
316.500000 189 2.000000 5.282159 12.362372 -0.144728 -0.639318 0.429673 0.429673 
316.500000 190 2.000000 2.878700 19.981381 0.087128 -0.372355 0.146239 0.146239 
316.500000 191 2.000000 2.508635 17.447126 0.449333 -0.738057 0.746628 0.746628 
316.500000 192 2.000000 0.900654 15.011866 -0.938936 1.141587 2.184820 2.184820 
316.500000 193 2.000000 5.062806 17.839184 1.315014 0.889735 2.520891 2.520891 
316.500000 194 2.000000 2.691485 15.062810 0.532967 -1.175521 1.665904 1.665904 
316.500000 195 2.000000 4.164902 2.517153 0.371614 -1.596999 2.688504 2.688504 
316.500000 196 2.000000 7.939283 1.865555 0.892856 0.956694 1.712456 1.712456 
316.500000 197 2.000000 2.886702 6.842944 -0.681835 -0.573549 0.793858 0.793858 
316.500000 198 2.000000 5.804867 3.802674 -1.436795 0.354801 2.190264 2.190264 
316.500000 199 2.000000 1.496682 12.230556 -1.738253 0.046783 3.023712 3.023712 
316.500000 200 2.000000 3.328014 8.111910 -1.070219 1.257178 2.725865 2.725865 
316.500000 201 2.000000 7.487663 18.598557 -1.008673 -1.401442 2.981459 2.981459 
316.500000 202 2.000000 7.703277 17.135356 -0.937073 1.706087 3.788839 3.788839 
316.500000 203 2.000000 5.323391 6.730916 -0.621212 0.818291 1.055504 1.055504 
316.500000 204 2.000000 4.718577 13.078726 -0.489193 -0.936697 1.116712 1.116712 
316.500000 205 2.000000 2.611568 18.308976 0.076415 -1.166223 1.365914 1.365914 
316.500000 206 2.000000 1.031271 2.058529 0.468759 1.524836 2.544860 2.544860 
316.500000 207 2.000000 2.025915 6.956622 -1.045980 1.220460 2.583597 2.583597 
316.500000 208 2.000000 4.011964 3.060836 0.881750 0.541741 1.070966 1.070966 
316.500000 209 2.000000 1.798771 5.817232 0.946721 0.802377 1.540089 1.540089 
316.500000 210 2.000000 7.080382 2.579106 0.026093 -0.128590 0.017216 0.017216 
316.500000 211 2.000000 5.682081 15.407881 0.125070 -0.416254 0.188910 0.188910 
316.500000 212 2.000000 1.946817 12.774285 1.622346 2.674238 9.783558 9.783558 
316.500000 213 2.000000 5.820880 10.309751 -1.575228 0.520694 2.752465 2.752465 
316.500000 214 2.000000 0.668303 6.022072 1.670755 0.922482 3.642396 3.642396 
316.500000 215 2.000000 0.896161 19.964515 -0.510928 -0.709683 0.764697 0.764697 
316.500000 216 2.000000 1.902861 18.240163 -0.584252 -0.290651 0.425828 0.425828 
316.500000 217 2.000000 0.145874 10.735679 -0.375205 -1.597297 2.692136 2.692136 
316.500000 218 2.000000 1.755136 17.513514 -0.308315 -1.344046 1.901518 1.901518 
316.500000 219 2.000000 5.727009 13.023357 -0.153994 -0.830553 0.713532 0.713532 
316.500000 220 2.000000 3.271345 14.397289 0.838806 0.950316 1.606697 1.606697 
316.500000 221 2.000000 3.288168 1.013079 0.270469 0.060664 0.076834 0.076834 
316.500000 222 2.000000 5.585292 14.817827 -0.626602 0.421420 0.570225 0.570225 
316.500000 223 2.000000 1.200635 16.746328 0.470837 -1.049571 1.323287 1.323287 
316.500000 224 2.000000 7.895153 2.361783 0.383168 -1.013691 1.174386 1.174386 
316.500000 225 2.000000 5.432104 8.990247 0.156358 0.175004 0.055074 0.055074 
316.500000 226 2.000000 1.091415 0.987680 0.935931 1.443534 2.959756 2.959756 
316.500000 227 2.000000 1.407884 1.966823 -1.465199 0.786729 2.765750 2.765750 
316.500000 228 2.000000 2.697736 7.697620 1.998323 0.202567 4.034326 4.034326 
316.500000 229 2.000000 7.962664 14.244931 -0.079340 -0.586867 0.350708 0.350708 
316.500000 230 2.000000 7.972999 11.142901 -3.381909 0.725922 11.964272 11.964272 
316.500000 231 2.000000 6.963459 11.317805 2.246277 -0.412456 5.215880 5.215880 
316.500000 232 2.000000 7.177088 2.891961 0.313262 0.191611 0.134848 0.134848 
316.500000 233 2.000000 4.001311 3.745485 0.143674 -0.915747 0.859235 0.859235 
316.500000 234 2.000000 2.441876 9.937440 1.395357 0.725360 2.473169 2.473169 
316.500000 235 2.000000 1.355905 4.626193 -0.361048 -0.783812 0.744716 0.744716 
316.500000 236 2.000000 5.021665 19.470412 -0.628267 -0.504368 0.649107 0.649107 
316.500000 237 2.000000 3.623433 9.285867 -0.163102 0.820717 0.700179 0.700179 
316.500000 238 2.000000 7.128369 2.374538 -1.151142 -1.259504 2.911477 2.911477 
316.500000 239 2.000000 5.598067 2.825330 -0.412005 0.570773 0.495531 0.495531 
316.500000 240 2.000000 5.852120 16.843264 1.463030 -0.412645 2.310732 2.310732 
316.500000 241 2.000000 1.752583 3.875027 0.876291 -1.310503 2.485306 2.485306 
316.500000 242 2.000000 1.574926 2.963874 0.470127 0.148757 0.243148 0.243148 
316.500000 243 2.000000 5.333786 4.745270 0.304788 -0.442216 0.288450 0.288450 
316.500000 244 2.000000 5.812739 6.554774 -0.838096 -1.595246 3.247216 3.247216 
316.500000 245 2.000000 3.618679 1.437888 -1.038993 2.212134 5.973043 5.973043 
316.500000 246 2.000000 3.387349 19.496536 1.209767 -1.118807 2.715265 2.715265 
316.500000 247 2.000000 6.925706 0.645734 2.347697 0.561507 5.826969 5.826969 
316.500000 248 2.000000 7.972999 3.130737 -0.908490 0.489178 1.064649 1.064649 
316.500000 249 2.000000 7.436064 3.543578 -1.572099 0.730634 3.005323 3.005323 
316.500000 250 2.000000 2.430753 15.039657 -1.242836 -0.408259 1.711316 1.711316 
316.500000 251 2.000000 3.863991 11.435738 -0.545285 -0.345903 0.416984 0.416984 
316.500000 252 2.000000 4.091116 5.614454 0.997402 0.834704 1.691542 1.691542 
316.500000 253 2.000000 2.846722 7.288532 -1.387020 -1.105345 3.145613 3.145613 
316.500000 254 2.000000 5.244798 13.213552 3.496532 0.609178 12.596831 12.596831 
316.500000 255 2.000000 0.590595 5.533669 -0.358965 -2.034286 4.267176 4.267176 
316.500000 256 2.000000 2.842802 10.035326 1.672236 0.698129 3.283758 3.283758 
316.500000 257 2.000000 6.124280 14.701023 1.166529 0.417595 1.535177 1.535177 
316.500000 258 2.000000 1.088739 2.390135 -0.187862 -0.381141 0.180561 0.180561 
316.500000 259 2.000000 6.310391 9.303013 -1.994009 1.898574 7.580654 7.580654 
316.500000 260 2.000000 4.980983 15.974192 -0.152257 -1.677419 2.836918 2.836918 
316.500000 261 2.000000 1.507433 10.989442 -1.371106 -0.144858 1.900917 1.900917 
316.500000 262 2.000000 7.536350 14.058658 -2.221244 1.051797 6.040201 6.040201 
316.500000 263 2.000000 5.816619 15.435301 -1.834983 -0.754496 3.936427 3.936427 
316.500000 264 2.000000 2.051280 11.009369 0.070521 0.792724 0.633384 0.633384 
316.500000 265 2.000000 0.112375 10.417997 -0.126751 -1.624068 2.653663 2.653663 
316.500000 266 2.000000 7.010259 16.771781 -0.679827 1.431366 2.510973 2.510973 
316.500000 267 2.000000 2.896943 6.219406 0.521971 -0.066882 0.276927 0.276927 
316.500000 268 2.000000 4.549454 19.840869 -1.770508 0.014227 3.134900 3.134900 
316.500000 269 2.000000 3.202057 19.370873 1.085443 -0.967886 2.114988 2.114988 
316.500000 270 2.000000 6.630654 8.081355 1.173567 -0.244952 1.437261 1.437261 
316.500000 271 2.000000 2.000201 2.005778 3.077231 -0.546642 9.768166 9.768166 
316.500000 272 2.000000 1.644785 1.145620 0.089691 0.996190 1.000440 1.000440 
316.500000 273 2.000000 6.564316 14.435454 2.130944 0.307690 4.635597 4.635597 
316.500000 274 2.000000 1.612555 8.159046 -0.015486 -1.159021 1.343570 1.343570 
316.500000 275 2.000000 4.007485 14.688422 -1.037291 0.396569 1.233239 1.233239 
316.500000 276 2.000000 5.581330 3.863943 -1.877745 -1.979884 7.445870 7.445870 
316.500000 277 2.000000 7.472775 16.849113 0.007865 -1.800506 3.241884 3.241884 
316.500000 278 2.000000 0.448818 11.546190 0.690488 -0.946697 1.373008 1.373008 
316.500000 279 2.000000 3.715054 3.057490 1.281053 -1.275119 3.267025 3.267025 
316.500000 280 2.000000 0.253856 7.263112 0.203084 0.401800 0.202686 0.202686 
316.500000 281 2.000000 1.303902 13.339874 0.401200 1.489387 2.379234 2.379234 
316.500000 282 2.000000 6.940962 3.846880 -1.414049 0.095362 2.008629 2.008629 
316.500000 283 2.000000 1.583215 1.200530 -0.366366 0.666960 0.579060 0.579060 
316.500000 284 2.000000 5.753980 7.244148 -0.057263 1.699253 2.890740 2.890740 
316.500000 285 2.000000 3.702463 11.864146 2.388685 -1.311967 7.427075 7.427075 
316.500000 286 2.000000 6.048154 2.494335 -1.015203 0.534948 1.316807 1.316807 
316.500000 287 2.000000 7.795627 1.935340 -0.924861 -0.749571 1.417224 1.417224 
316.500000 288 2.000000 5.377678 19.536182 -2.294801 0.723464 5.789511 5.789511 
316.500000 289 2.000000 5.546496 2.805193 0.176396 0.876623 0.799583 0.799583 
316.500000 290 2.000000 6.384887 5.929755 -1.418967 -1.745713 5.060979 5.060979 
316.500000 291 2.000000 2.657684 15.577448 1.661052 0.363654 2.891338 2.891338 
316.500000 292 2.000000 3.339337 1.181516 0.551871 0.375084 0.445249 0.445249 
316.500000 293 2.000000 4.036281 7.730963 -1.644824 1.908880 6.349267 6.349267 
316.500000 294 2.000000 2.255830 17.537850 -0.785342 -0.820716 1.290338 1.290338 
316.500000 295 2.000000 4.942648 14.723787 -0.638070 -0.359691 0.536511 0.536511 
316.500000 296 2.000000 6.765355 13.371123 -0.200100 1.285685 1.693025 1.693025 
316.500000 297 2.000000 5.782671 0.934452 0.635650 0.301270 0.494814 0.494814 
316.500000 298 2.000000 2.667281 19.730128 -0.867562 0.297613 0.841237 0.841237 
316.500000 299 2.000000 3.816737 19.662312 0.471835 1.915082 3.890167 3.890167 
316.500000 300 2.000000 6.612712 15.688064 -1.126229 -2.463963 7.339506 7.339506 
316.500000 301 2.000000 7.817046 6.745201 -3.157067 -0.685002 10.436302 10.436302 
316.500000 302 2.000000 3.218160 16.485228 0.106134 -1.562120 2.451484 2.451484 
316.500000 303 2.000000 2.203620 16.193039 2.338441 -0.876397 6.236378 6.236378 
316.500000 304 2.000000 3.362768 5.796482 2.802306 -0.387248 8.002880 8.002880 
316.500000 305 2.000000 3.543135 9.036491 1.915208 0.450698 3.871149 3.871149 
316.500000 306 2.000000 4.108059 12.867458 0.371770 0.903932 0.955305 0.955305 
316.500000 307 2.000000 4.482464 13.144792 -1.828018 -0.382982 3.488326 3.488326 
316.500000 308 2.000000 2.136981 16.980272 0.221449 0.778127 0.654521 0.654521 
316.500000 309 2.000000 1.847808 14.989434 0.021426 -0.776832 0.603927 0.603927 
316.500000 310 2.000000 6.165113 12.099913 1.761461 1.351945 4.930500 4.930500 
316.500000 311 2.000000 2.272683 18.193488 -0.846556 -1.290365 2.381698 2.381698 
316.500000 312 2.000000 7.460328 6.311222 -0.892452 -0.661371 1.233883 1.233883 
316.500000 313 2.000000 6.805096 8.785394 0.369378 0.637396 0.542714 0.542714 
316.500000 314 2.000000 3.871521 3.009533 -1.919585 0.794408 4.315892 4.315892 
316.500000 315 2.000000 6.227750 6.052345 0.261240 -0.450205 0.270931 0.270931 
316.500000 316 2.000000 4.405024 16.326225 0.116369 0.109569 0.025547 0.025547 
316.500000 317 2.000000 7.631884 5.712262 1.839008 2.155570 8.028434 8.028434 
316.500000 318 2.000000 4.438941 11.757406 0.207581 -2.997306 9.026936 9.026936 
316.500000 319 2.000000 5.149116 2.433208 -1.011753 0.423166 1.202713 1.202713 
316.500000 320 2.000000 3.557222 3.727419 -1.077006 -0.034120 1.161107 1.161107 
316.500000 321 2.000000 0.491060 6.713338 -0.248167 0.416977 0.235457 0.235457 
316.500000 322 2.000000 5.276396 11.816947 -0.831118 0.048074 0.693069 0.693069 
316.500000 323 2.000000 7.888565 9.583455 -0.460170 0.893500 1.010099 1.010099 
316.500000 324 2.000000 6.193052 15.841950 -0.087623 0.455113 0.214806 0.214806 
316.500000 325 2.000000 7.860809 3.077857 0.730601 -0.056735 0.536996 0.536996 
316.500000 326 2.000000 0.590960 19.601762 0.268618 -0.796473 0.706525 0.706525 
316.500000 327 2.000000 4.948656 6.272918 -1.766196 0.139020 3.138774 3.138774 
316.500000 328 2.000000 0.049618 14.608954 -0.733033 -1.314889 2.266272 2.266272 
316.500000 329 2.000000 2.129422 12.699471 -0.271900 -1.196808 1.506279 1.506279 
316.500000 330 2.000000 3.882636 18.962507 -0.235596 2.618304 6.911022 6.911022 
316.500000 331 2.000000 3.630973 7.426579 -0.889378 0.956239 1.705386 1.705386 
316.500000 332 2.000000 2.418059 19.949768 0.895577 -1.004615 1.811309 1.811309 
316.500000 333 2.000000 0.808267 6.479858 1.347110 -3.072759 11.256554 11.256554 
316.500000 334 2.000000 3.544381 11.567922 -1.709177 -0.085825 2.928651 2.928651 
316.500000 335 2.000000 1.145106 3.705338 -1.361499 -1.047136 2.950174 2.950174 
316.500000 336 2.000000 4.545865 10.419774 -2.322756 0.352867 5.519711 5.519711 
316.500000 337 2.000000 0.310661 16.477647 2.071069 0.026457 4.290026 4.290026 
316.500000 338 2.000000 6.711666 13.293483 1.212309 0.255055 1.534745 1.534745 
316.500000 339 2.000000 7.572425 18.765927 0.058322 0.870809 0.761709 0.761709 
316.500000 340 2.000000 1.065736 8.183634 -0.178514 0.404926 0.195833 0.195833 
316.500000 341 2.000000 7.148338 4.278618 0.140409 -0.196630 0.058378 0.058378 
316.500000 342 2.000000 6.647765 14.420983 0.055968 0.287877 0.086005 0.086005 
316.500000 343 2.000000 0.201244 11.701805 1.006216 1.671686 3.807006 3.807006 
316.500000 344 2.000000 6.084380 15.357358 -0.188488 -0.276348 0.111896 0.111896 
316.500000 345 2.000000 7.823510 0.473916 0.677733 -1.131343 1.739259 1.739259 
316.500000 346 2.000000 1.461662 13.245244 -0.221274 0.174802 0.079518 0.079518 
316.500000 347 2.000000 7.895251 18.173518 -0.815482 -1.461185 2.800072 2.800072 
316.500000 348 2.000000 5.207584 10.570304 0.508644 -0.039560 0.260284 0.260284 
316.500000 349 2.000000 5.315852 12.012049 -0.464642 -0.485862 0.451954 0.451954 
316.500000 350 2.000000 5.352977 3.515954 0.764711 0.576386 0.917003 0.917003 
316.500000 351 2.000000 6.404046 8.591716 -0.863765 -0.431644 0.932406 0.932406 
316.500000 352 2.000000 3.945097 7.263993 -0.809441 -1.668705 3.439770 3.439770 
316.500000 353 2.000000 0.557591 17.924294 0.359736 -0.305345 0.222646 0.222646 
316.500000 354 2.000000 1.463633 16.152171 0.887050 -1.290872 2.453208 2.453208 
316.500000 355 2.000000 5.859525 4.865950 1.046343 -0.018167 1.095165 1.095165 
316.500000 356 2.000000 6.498292 7.287119 0.454426 -0.620141 0.591077 0.591077 
316.500000 357 2.000000 0.674603 7.796095 1.037849 0.169697 1.105928 1.105928 
316.500000 358 2.000000 2.245058 19.503155 -0.631569 0.035759 0.400158 0.400158 
316.500000 359 2.000000 7.926211 1.443726 1.015716 2.771361 8.712121 8.712121 
316.500000 360 2.000000 0.976838 14.211083 0.930321 1.776385 4.021041 4.021041 
316.500000 361 2.000000 2.235854 11.608985 -1.725396 1.001380 3.979752 3.979752 
316.500000 362 2.000000 1.999268 11.620698 -2.029244 0.269570 4.190498 4.190498 
316.500000 363 2.000000 5.820414 18.190096 2.645642 -0.369368 7.135855 7.135855 
316.500000 364 2.000000 0.723530 17.772356 2.411762 -0.024306 5.817187 5.817187 
316.500000 365 2.000000 1.664971 19.199060 0.756804 1.299474 2.261384 2.261384 
316.500000 366 2.000000 0.262750 14.244172 -1.439863 -1.279073 3.709234 3.709234 
316.500000 367 2.000000 3.060985 17.923775 -0.446938 -2.076224 4.510460 4.510460 
316.500000 368 2.000000 6.044119 3.757299 -0.841700 0.834955 1.405609 1.405609 
316.500000 369 2.000000 2.675123 6.940044 -0.584173 0.690551 0.818119 0.818119 
316.500000 370 2.000000 5.120824 5.059873 -1.579716 -0.275286 2.571286 2.571286 
316.500000 371 2.000000 2.582187 0.389877 -2.111389 -3.282822 15.234887 15.234887 
316.500000 372 2.000000 7.832121 19.725764 1.362338 2.539531 8.305181 8.305181 
316.500000 373 2.000000 7.182929 7.398108 1.317968 -0.212260 1.782095 1.782095 
316.500000 374 2.000000 1.048932 11.801160 -1.667192 -1.840091 6.165464 6.165464 
316.500000 375 2.000000 0.308188 4.449507 -0.847964 -0.174601 0.749528 0.749528 
316.500000 376 2.000000 0.270626 5.387847 1.353126 -0.844633 2.544354 2.544354 
316.500000 377 2.000000 6.412847 11.118758 1.665674 0.278031 2.851772 2.851772 
316.500000 378 2.000000 1.683848 11.015034 1.870942 -0.955847 4.414066 4.414066 
316.500000 379 2.000000 5.756778 17.845795 -0.202775 1.062250 1.169492 1.169492 
316.500000 380 2.000000 2.926739 10.678463 0.321620 -1.883139 3.649650 3.649650 
316.500000 381 2.000000 3.180049 14.117369 -0.609626 1.889627 3.942336 3.942336 
316.500000 382 2.000000 2.539435 7.855304 0.219809 -0.210993 0.092834 0.092834 
316.500000 383 2.000000 3.401260 18.356704 -0.833085 2.238622 5.705460 5.705460 
316.500000 384 2.000000 5.073474 5.056070 -0.147855 -0.639761 0.431156 0.431156 
316.500000 385 2.000000 7.407671 12.614840 -0.152208 -0.978167 0.979977 0.979977 
316.500000 386 2.000000 5.039354 2.987975 1.214302 -0.463575 1.689431 1.689431 
316.500000 387 2.000000 0.033186 10.180407 -1.197097 0.306514 1.526992 1.526992 
316.500000 388 2.000000 2.194268 5.555329 0.198375 0.165984 0.066904 0.066904 
316.500000 389 2.000000 4.979210 7.053518 -1.189457 -0.134673 1.432946 1.432946 
316.500000 390 2.000000 1.242763 7.660570 0.731037 -2.091429 4.908488 4.908488 
316.500000 391 2.000000 2.098224 14.136555 0.932543 1.192958 2.292786 2.292786 
316.500000 392 2.000000 5.724856 10.718678 -0.105480 -3.156891 9.977087 9.977087 
316.500000 393 2.000000 5.095406 6.870837 -1.398103 -0.648202 2.374856 2.374856 
316.500000 394 2.000000 6.325834 3.645253 1.290986 -0.215736 1.713187 1.713187 
316.500000 395 2.000000 0.984216 13.355959 0.562408 0.822719 0.993170 0.993170 
316.500000 396 2.000000 6.578223 15.700636 0.622715 -1.102656 1.603625 1.603625 
316.500000 397 2.000000 6.615863 18.826703 0.349122 -0.938637 1.002925 1.002925 
316.500000 398 2.000000 6.505723 19.148138 3.252861 -1.419768 12.596846 12.596846 
316.500000 399 2.000000 2.441446 9.798900 0.939017 -0.957850 1.799230 1.799230 
316.500000 400 2.000000 6.951082 16.596717 0.815706 1.441272 2.742642 2.742642 
316.500000 401 2.000000 1.474058 9.428669 1.141720 -0.110187 1.315667 1.315667 
316.500000 402 2.000000 2.576850 4.640564 -2.430621 -0.473408 6.132033 6.132033 
316.500000 403 2.000000 6.064483 16.654898 1.054693 0.230427 1.165473 1.165473 
316.500000 404 2.000000 0.467984 6.358772 1.337093 -2.119912 6.281843 6.281843 
316.500000 405 2.000000 3.546698 2.397689 -0.512079 1.998073 4.254520 4.254520 
316.500000 406 2.000000 5.785256 4.966493 0.636021 2.759162 8.017500 8.017500 
316.500000 407 2.000000 7.730939 1.570595 -0.441433 1.427813 2.233513 2.233513 
316.500000 408 2.000000 7.146047 15.596064 1.066574 0.143538 1.158183 1.158183 
316.500000 409 2.000000 7.142001 2.382773 -0.450746 -1.563249 2.646920 2.646920 
316.500000 410 2.000000 0.824217 12.207000 -0.014052 -1.311913 1.721314 1.721314 
316.500000 411 2.000000 4.584387 18.713464 -2.644625 -0.989642 7.973433 7.973433 
316.500000 412 2.000000 1.730530 10.573309 0.804897 0.031092 0.648827 0.648827 
316.500000 413 2.000000 5.368857 1.589746 2.497142 1.514042 8.528044 8.528044 
316.500000 414 2.000000 5.918573 11.022039 0.168141 0.184533 0.062324 0.062324 
316.500000 415 2.000000 2.492667 7.502448 0.172506 -1.135649 1.319457 1.319457 
316.500000 416 2.000000 2.310935 0.041421 0.230379 -0.390442 0.205519 0.205519 
316.500000 417 2.000000 2.045272 0.484149 -0.647404 -1.260633 2.008327 2.008327 
316.500000 418 2.000000 7.534558 1.927973 -0.100190 -0.833972 0.705547 0.705547 
316.500000 419 2.000000 0.159291 17.205353 -0.610621 0.244755 0.432763 0.432763 
316.500000 420 2.000000 0.814973 17.947954 -0.663564 -0.977164 1.395167 1.395167 
316.500000 421 2.000000 0.200717 15.819892 -0.174825 0.784348 0.645766 0.645766 
316.500000 422 2.000000 7.012427 12.168654 -1.784495 -0.315282 3.283826 3.283826 
316.500000 423 2.000000 0.858455 0.058249 1.560825 -0.553169 2.742171 2.742171 
316.500000 424 2.000000 2.617860 8.699355 0.523572 -1.081401 1.443556 1.443556 
316.500000 425 2.000000 3.673324 18.685467 -1.340932 -0.302191 1.889418 1.889418 
316.500000 426 2.000000 1.384773 15.107851 -0.573785 0.397646 0.487352 0.487352 
316.500000 427 2.000000 3.569248 9.830130 1.830383 -0.920135 4.196952 4.196952 
316.500000 428 2.000000 6.642078 11.957381 0.467097 0.755145 0.788423 0.788423 
316.500000 429 2.000000 0.902635 0.956160 0.338925 1.283381 1.761938 1.761938 
316.500000 430 2.000000 6.742883 14.585918 -0.090492 0.479547 0.238154 0.238154 
316.500000 431 2.000000 4.149900 18.592504 -1.737155 -1.876659 6.539558 6.539558 
316.500000 432 2.000000 4.630915 7.602147 -1.491080 -1.675385 5.030236 5.030236 
316.500000 433 2.000000 1.241407 2.095273 -0.073890 -0.174763 0.036002 0.036002 
316.500000 434 2.000000 5.343212 7.655966 -0.668423 1.597523 2.998869 2.998869 
316.500000 435 2.000000 7.843055 8.279408 -0.557775 -0.840100 1.016881 1.016881 
316.500000 436 2.000000 5.404519 7.121156 0.855409 -0.160488 0.757481 0.757481 
316.500000 437 2.000000 3.172328 17.146041 1.007088 1.081942 2.184824 2.184824 
316.500000 438 2.000000 2.198142 13.110133 -1.761838 1.008472 4.121088 4.121088 
316.500000 439 2.000000 0.081576 6.277053 0.101969 -1.423940 2.038004 2.038004 
316.500000 440 2.000000 2.552347 4.780432 -1.256124 1.017113 2.612367 2.612367 
316.500000 441 2.000000 7.199183 5.829404 -1.228486 1.466142 3.658750 3.658750 
316.500000 442 2.000000 7.898661 11.225583 -1.524755 -1.928443 6.043771 6.043771 
316.500000 443 2.000000 6.022442 5.941735 -0.363093 -1.106950 1.357175 1.357175 
316.500000 444 2.000000 2.993774 1.146861 -0.734555 -0.552030 0.844308 0.844308 
316.500000 445 2.000000 0.757912 0.445792 0.757911 2.228957 5.542681 5.542681 
316.500000 446 2.000000 1.707684 6.511650 1.219774 0.528566 1.767230 1.767230 
316.500000 447 2.000000 7.418095 2.364518 0.678885 0.630538 0.858463 0.858463 
316.500000 448 2.000000 4.038224 1.327397 1.416920 2.042148 6.178030 6.178030 
316.500000 449 2.000000 0.660341 6.987441 -1.609606 -0.962260 3.516775 3.516775 
316.500000 450 2.000000 1.751359 14.520015 -2.685506 -1.739677 10.238422 10.238422 
316.500000 451 2.000000 4.318121 14.834566 2.008428 -0.727526 4.563076 4.563076 
316.500000 452 2.000000 2.784494 6.360915 0.384068 1.167140 1.509724 1.509724 
316.500000 453 2.000000 4.789794 1.451452 -0.543271 0.408860 0.462309 0.462309 
316.500000 454 2.000000 1.706145 5.653099 -0.814340 0.154130 0.686906 0.686906 
316.500000 455 2.000000 5.833831 15.020994 -1.698964 -0.366487 3.020793 3.020793 
316.500000 456 2.000000 7.049981 3.499938 -1.191772 0.360818 1.550510 1.550510 
316.500000 457 2.000000 0.287069 16.071681 1.435338 -0.892799 2.857287 2.857287 
316.500000 458 2.000000 0.210794 14.150203 -1.223069 2.080912 5.826094 5.826094 
316.500000 459 2.000000 7.661408 8.818462 -0.308948 -0.413971 0.266821 0.266821 
316.500000 460 2.000000 7.230542 10.827159 -1.522914 -0.057334 2.322554 2.322554 
316.500000 461 2.000000 2.416395 17.595044 0.427341 -0.216569 0.229522 0.229522 
316.500000 462 2.000000 6.247398 1.351344 -1.270572 0.643497 2.028442 2.028442 
316.500000 463 2.000000 4.649075 9.189893 1.044736 0.637936 1.498436 1.498436 
316.500000 464 2.000000 1.380168 3.658136 0.081590 0.850729 0.730397 0.730397 
316.500000 465 2.000000 6.589111 5.007720 -1.421888 -0.717715 2.536880 2.536880 
316.500000 466 2.000000 4.386927 0.932594 -0.580745 0.847812 1.056051 1.056051 
316.500000 467 2.000000 6.811299 12.475275 0.042117 -0.663696 0.442266 0.442266 
316.500000 468 2.000000 7.265129 2.598438 -0.712162 1.732291 3.508007 3.508007 
316.500000 469 2.000000 4.309259 19.706432 -0.434080 0.726153 0.715723 0.715723 
316.500000 470 2.000000 7.502993 5.627368 0.721442 -0.138645 0.539700 0.539700 
316.500000 471 2.000000 6.911580 11.899571 2.764631 0.297774 7.731856 7.731856 
316.500000 472 2.000000 5.346793 17.436716 -0.604530 -0.514693 0.630366 0.630366 
316.500000 473 2.000000 2.654369 9.218257 -0.087181 1.474921 2.182993 2.182993 
316.500000 474 2.000000 7.106138 8.273439 0.831127 0.422010 0.868865 0.868865 
316.500000 475 2.000000 3.461058 6.866929 -0.337797 0.647823 0.533782 0.533782 
316.500000 476 2.000000 5.674605 12.426967 -0.031890 -2.157774 4.657005 4.657005 
316.500000 477 2.000000 3.856650 7.794845 0.236279 0.639882 0.465276 0.465276 
316.500000 478 2.000000 6.311542 18.706769 1.088197 0.492236 1.426469 1.426469 
316.500000 479 2.000000 7.540812 12.664749 1.196954 0.935689 2.308213 2.308213 
316.500000 480 2.000000 5.073217 7.580672 -0.204894 1.400949 2.004639 2.004639 
316.500000 481 2.000000 5.335279 10.615044 0.121958 0.622583 0.402484 0.402484 
316.500000 482 2.000000 7.225315 12.128690 -1.397425 -0.225013 2.003427 2.003427 
316.500000 483 2.000000 3.762458 5.928176 1.059847 -0.913695 1.958114 1.958114 
316.500000 484 2.000000 0.416848 4.143561 -0.160869 0.212084 0.070859 0.070859 
316.500000 485 2.000000 3.271112 10.688959 0.307530 0.156817 0.119166 0.119166 
316.500000 486 2.000000 2.460935 9.466171 -1.399003 2.308822 7.287870 7.287870 
316.500000 487 2.000000 6.261958 19.596143 1.118207 0.004495 1.250406 1.250406 
316.500000 488 2.000000 2.972574 13.708041 2.831022 -1.165177 9.372325 9.372325 
316.500000 489 2.000000 6.245957 18.201428 -0.439638 -0.336182 0.306299 0.306299 
316.500000 490 2.000000 0.430635 11.749747 -0.596775 -0.375972 0.497495 0.497495 
316.500000 491 2.000000 2.251389 5.896646 -1.763026 -1.393584 5.050337 5.050337 
316.500000 492 2.000000 1.056976 11.106260 -1.157535 1.248237 2.897985 2.897985 
316.500000 493 2.000000 6.303522 0.573276 -2.820462 -2.326554 13.367858 13.367858 
316.500000 494 2.000000 0.011110 17.840672 -1.143818 -0.644575 1.723796 1.723796 
316.500000 495 2.000000 0.506478 3.825250 -0.551163 0.242104 0.362395 0.362395 
316.500000 496 2.000000 6.292954 15.185263 -0.302574 -1.069941 1.236326 1.236326 
316.500000 497 2.000000 3.311736 7.768570 0.098710 2.017810 4.081301 4.081301 
316.500000 498 2.000000 1.102530 6.297427 1.696198 0.614383 3.254555 3.254555 
316.500000 499 2.000000 2.020099 6.067941 -1.178418 -0.722506 1.910683 1.910683 
316.500000 500 2.000000 5.197538 12.826641 -1.170841 0.179268 1.403006 1.403006 
