652.000000 1 2.000000 0.639508 15.269468 -0.343324 5.002020 25.138076 25.138076 
652.000000 2 2.000000 0.173668 11.427252 -0.473151 -1.229946 1.736638 1.736638 
652.000000 3 2.000000 0.231558 1.072542 4.631141 -2.137282 26.015438 26.015438 
652.000000 4 2.000000 0.749610 13.645192 3.748044 -1.968717 17.923681 17.923681 
652.000000 5 2.000000 0.409983 7.702301 -3.933440 2.139528 20.049529 20.049529 
652.000000 6 2.000000 0.233516 14.058493 -3.832416 -4.951255 39.202340 39.202340 
652.000000 7 2.000000 0.000001 2.388428 1.756587 -2.346382 8.591104 8.591104 
652.000000 8 2.000000 0.781909 5.199837 0.009044 2.536506 6.433942 6.433942 
652.000000 9 2.000000 0.641826 9.119723 -3.581728 4.392193 32.120130 32.120130 
652.000000 10 2.000000 0.319521 4.052784 1.278081 -0.836944 2.333966 2.333966 
652.000000 11 2.000000 0.999999 3.174319 -0.567565 2.885744 8.649648 8.649648 
652.000000 12 2.000000 0.258018 12.407375 2.580172 2.219841 11.584978 11.584978 
652.000000 13 2.000000 0.395237 0.682298 -2.015874 6.822966 50.616620 50.616620 
652.000000 14 2.000000 0.982181 12.782185 2.806228 1.818972 11.183577 11.183577 
652.000000 15 2.000000 0.000001 7.672563 4.759550 -1.243966 24.200773 24.200773 
652.000000 16 2.000000 0.763393 18.503132 -4.732113 0.698104 22.880238 22.880238 
652.000000 17 2.000000 0.272191 19.221534 -1.455615 -0.379739 2.263017 2.263017 
652.000000 18 2.000000 0.999999 2.516547 -5.209354 -6.206211 65.654429 65.654429 
652.000000 19 2.000000 0.749954 3.055694 -1.250223 0.540831 1.855555 1.855555 
652.000000 20 2.000000 0.211248 0.392131 4.224937 0.804857 18.497890 18.497890 
652.000000 21 2.000000 0.063659 11.988001 1.273151 -2.140385 6.202163 6.202163 
652.000000 22 2.000000 0.733306 15.517294 -0.484896 -2.045767 4.420287 4.420287 
652.000000 23 2.000000 0.760102 1.471641 1.505117 2.994744 11.233867 11.233867 
652.000000 24 2.000000 0.000001 10.592467 3.597231 -4.824376 36.214668 36.214668 
652.000000 25 2.000000 0.999999 5.801412 -3.619498 0.160759 13.126612 13.126612 
652.000000 26 2.000000 0.493018 2.350133 1.972067 3.205805 14.166232 14.166232 
652.000000 27 2.000000 0.000001 15.002375 4.788476 0.247109 22.990567 22.990567 
652.000000 28 2.000000 0.000001 5.612938 0.333854 0.055899 0.114583 0.114583 
652.000000 29 2.000000 0.107805 13.162115 1.078035 1.266780 2.766890 2.766890 
652.000000 30 2.000000 0.080396 15.195689 1.607899 -1.224523 4.084795 4.084795 
652.000000 31 2.000000 0.254867 5.411690 -2.483772 -3.721105 20.015745 20.015745 
652.000000 32 2.000000 0.828176 2.688395 1.024759 0.466555 1.267805 1.267805 
652.000000 33 2.000000 0.114682 8.766352 -2.529477 1.508624 8.674197 8.674197 
652.000000 34 2.000000 0.138697 17.048260 0.924637 -2.873076 9.109518 9.109518 
652.000000 35 2.000000 0.468036 17.328736 3.120235 5.681553 42.015906 42.015906 
652.000000 36 2.000000 0.999999 1.360502 -1.577581 6.802506 48.762846 48.762846 
652.000000 37 2.000000 0.667197 11.073124 -0.070437 -0.922345 0.855681 0.855681 
652.000000 38 2.000000 0.401588 6.130035 4.015869 10.216723 120.508624 120.508624 
652.000000 39 2.000000 0.999999 8.545113 -4.260046 -0.366947 18.282646 18.282646 
652.000000 40 2.000000 0.948778 18.845543 -1.024419 -1.768614 4.177429 4.177429 
652.000000 41 2.000000 0.576744 17.123460 2.883715 -3.589458 21.200022 21.200022 
652.000000 42 2.000000 0.999999 3.002016 -4.390719 5.015911 44.437775 44.437775 
652.000000 43 2.000000 0.480632 1.080467 3.646377 -0.596184 13.651498 13.651498 
652.000000 44 2.000000 0.066419 5.940891 0.664176 -2.644042 7.432090 7.432090 
652.000000 45 2.000000 0.857589 6.859558 4.287938 -2.255377 23.473140 23.473140 
652.000000 46 2.000000 0.327681 18.880729 6.553610 -2.487266 49.136292 49.136292 
652.000000 47 2.000000 0.000001 19.560071 1.652502 -2.196022 7.553278 7.553278 
652.000000 48 2.000000 0.219827 4.698387 0.118825 0.991457 0.997107 0.997107 
652.000000 49 2.000000 0.973698 7.179835 -0.526029 2.815621 8.204429 8.204429 
652.000000 50 2.000000 0.793342 17.926056 -4.133133 -3.190682 27.263237 27.263237 
652.000000 51 2.000000 0.448708 0.649423 -3.781992 4.226594 32.167565 32.167565 
652.000000 52 2.000000 0.416968 5.789233 -1.457578 5.557203 33.007039 33.007039 
652.000000 53 2.000000 0.274082 14.379663 -3.629587 0.173414 13.203975 13.203975 
652.000000 54 2.000000 0.084983 5.198170 -6.100106 3.465446 49.220605 49.220605 
652.000000 55 2.000000 0.333813 10.957617 1.669059 5.096566 28.760739 28.760739 
652.000000 56 2.000000 0.165531 15.631909 -3.337874 2.659626 18.215014 18.215014 
652.000000 57 2.000000 0.508168 2.577033 -4.918312 6.442579 65.696623 65.696623 
652.000000 58 2.000000 0.346850 9.554971 6.936982 0.332693 48.232406 48.232406 
652.000000 59 2.000000 0.702684 11.866875 -1.486575 -1.007155 3.224266 3.224266 
652.000000 60 2.000000 0.999999 7.842059 -2.784467 1.116654 9.000175 9.000175 
652.000000 61 2.000000 0.923143 10.455936 -1.537116 2.578589 9.011849 9.011849 
652.000000 62 2.000000 0.589042 16.412119 0.560991 0.679610 0.776582 0.776582 
652.000000 63 2.000000 0.698624 10.972385 -2.009169 3.256562 14.641954 14.641954 
652.000000 64 2.000000 0.303362 8.343085 1.516806 0.940167 3.184616 3.184616 
652.000000 65 2.000000 0.071472 0.159571 -9.285272 -2.200044 91.056479 91.056479 
652.000000 66 2.000000 0.519069 8.343408 1.297671 1.053737 2.794312 2.794312 
652.000000 67 2.000000 0.872101 7.870785 -2.557969 4.768542 29.282202 29.282202 
652.000000 68 2.000000 0.039061 15.377759 -1.693512 -3.968208 18.614657 18.614657 
652.000000 69 2.000000 0.741849 15.582956 1.512911 0.983930 3.257020 3.257020 
652.000000 70 2.000000 0.999999 16.177340 -3.441705 0.194927 11.883328 11.883328 
652.000000 71 2.000000 0.655887 16.839708 -0.763724 -0.561086 0.898092 0.898092 
652.000000 72 2.000000 0.344124 6.818612 -4.372499 -3.425795 30.854821 30.854821 
652.000000 73 2.000000 0.000001 13.277695 5.950606 -0.645871 35.826862 35.826862 
652.000000 74 2.000000 0.601098 14.515309 -2.659341 -9.141150 90.632716 90.632716 
652.000000 75 2.000000 0.786314 1.125700 -4.273697 -3.560131 30.939018 30.939018 
652.000000 76 2.000000 0.000001 11.330123 1.705041 -3.612449 15.956951 15.956951 
652.000000 77 2.000000 0.043774 16.228892 -3.398696 -0.674785 12.006472 12.006472 
652.000000 78 2.000000 0.743455 1.813674 0.244630 -5.880696 34.642424 34.642424 
652.000000 79 2.000000 0.258008 7.675419 -2.967966 -0.403250 8.971431 8.971431 
652.000000 80 2.000000 0.941232 15.534326 1.548618 -1.864229 5.873567 5.873567 
652.000000 81 2.000000 0.975688 7.116257 0.979068 -1.530816 3.301971 3.301971 
652.000000 82 2.000000 0.552685 0.440693 -2.963814 -5.275468 36.614756 36.614756 
652.000000 83 2.000000 0.000001 5.012096 4.442321 -1.313162 21.458613 21.458613 
652.000000 84 2.000000 0.729721 16.038703 -0.588459 3.418775 12.034308 12.034308 
652.000000 85 2.000000 0.875090 19.411956 -2.498181 3.203532 16.503528 16.503528 
652.000000 86 2.000000 0.332238 3.338978 3.322372 -7.663842 69.772623 69.772623 
652.000000 87 2.000000 0.157048 1.444627 0.448706 2.889253 8.549119 8.549119 
652.000000 88 2.000000 0.602878 3.323223 -0.248201 4.430963 19.695036 19.695036 
652.000000 89 2.000000 0.779739 12.531975 -4.405192 4.397184 38.740945 38.740945 
652.000000 90 2.000000 0.473851 3.069278 -2.104590 3.131960 14.238475 14.238475 
652.000000 91 2.000000 0.148572 8.340792 2.971427 -1.691042 11.688999 11.688999 
652.000000 92 2.000000 0.719432 11.035242 2.877725 -0.357203 8.408895 8.408895 
652.000000 93 2.000000 0.180429 10.221391 1.202851 1.505324 3.712850 3.712850 
652.000000 94 2.000000 0.385757 18.600127 1.285852 -2.021636 5.740430 5.740430 
652.000000 95 2.000000 0.999999 10.742989 -7.409348 -2.692706 62.149105 62.149105 
652.000000 96 2.000000 0.109121 6.270845 0.311771 3.130856 9.899459 9.899459 
652.000000 97 2.000000 0.791418 10.192826 -0.834325 -6.129483 38.266663 38.266663 
652.000000 98 2.000000 0.383245 15.010848 3.832441 1.580226 17.184714 17.184714 
652.000000 99 2.000000 0.139060 10.967383 0.099328 6.092990 37.134396 37.134396 
652.000000 100 2.000000 0.000001 11.375610 4.224867 -0.198074 17.888738 17.888738 
652.000000 101 2.000000 0.091661 16.045608 0.916598 2.790540 8.627267 8.627267 
652.000000 102 2.000000 0.000001 5.921201 5.641784 1.282542 33.474642 33.474642 
652.000000 103 2.000000 0.343570 9.086436 3.435693 0.504254 12.058261 12.058261 
652.000000 104 2.000000 0.071703 10.713397 -1.389621 -2.629242 8.843958 8.843958 
652.000000 105 2.000000 0.203459 9.690134 -1.770088 0.123115 3.148368 3.148368 
652.000000 106 2.000000 0.972603 11.300004 0.758697 -2.866371 8.791706 8.791706 
652.000000 107 2.000000 0.408188 12.473591 -3.945405 0.100147 15.576252 15.576252 
652.000000 108 2.000000 0.506140 18.293992 1.687130 -2.437154 8.786124 8.786124 
652.000000 109 2.000000 0.658523 9.883940 -0.682953 0.435617 0.656186 0.656186 
652.000000 110 2.000000 0.621685 3.032247 1.036139 -4.391757 20.361110 20.361110 
652.000000 111 2.000000 0.917670 12.796876 0.298403 -1.844878 3.492619 3.492619 
652.000000 112 2.000000 0.845768 0.000001 8.457673 5.680357 103.798686 103.798686 
652.000000 113 2.000000 0.000001 11.274762 2.722104 4.741922 29.895673 29.895673 
652.000000 114 2.000000 0.358464 5.746638 7.169259 0.427418 51.580968 51.580968 
652.000000 115 2.000000 0.229217 11.517202 0.654903 4.066167 16.962611 16.962611 
652.000000 116 2.000000 0.446375 3.709330 -1.107248 2.616396 8.071524 8.071524 
652.000000 117 2.000000 0.477760 10.541924 4.777589 -1.342722 24.628257 24.628257 
652.000000 118 2.000000 0.078037 12.242868 -1.676295 0.456229 3.018110 3.018110 
652.000000 119 2.000000 0.487957 0.829749 3.559736 -5.347159 41.263826 41.263826 
652.000000 120 2.000000 0.043945 3.330267 -3.186847 -1.543075 12.537078 12.537078 
652.000000 121 2.000000 0.186486 3.674887 -1.016891 3.499891 13.283305 13.283305 
652.000000 122 2.000000 0.837892 19.270988 0.259869 4.056990 16.526697 16.526697 
652.000000 123 2.000000 0.417907 11.841745 -2.328367 -1.552427 7.831323 7.831323 
652.000000 124 2.000000 0.000001 13.351125 4.047813 -1.369894 18.261400 18.261400 
652.000000 125 2.000000 0.913175 10.915515 -0.868239 5.197864 27.771625 27.771625 
652.000000 126 2.000000 0.999999 11.836531 -5.398240 -0.098336 29.150664 29.150664 
652.000000 127 2.000000 0.751415 0.171534 -4.971670 -4.277838 43.017405 43.017405 
652.000000 128 2.000000 0.812947 6.351970 2.709821 -1.649506 10.064000 10.064000 
652.000000 129 2.000000 0.421575 16.104375 1.686297 2.817498 10.781894 10.781894 
652.000000 130 2.000000 0.388349 16.687805 0.970870 -0.004551 0.942609 0.942609 
652.000000 131 2.000000 0.263577 0.675854 -1.025021 -1.057954 2.169935 2.169935 
652.000000 132 2.000000 0.837808 19.764269 -1.081275 -2.357301 6.726026 6.726026 
652.000000 133 2.000000 0.749281 12.327903 2.140799 -1.340717 6.380543 6.380543 
652.000000 134 2.000000 0.360969 9.582601 -4.260202 3.269982 28.842106 28.842106 
652.000000 135 2.000000 0.713793 4.465277 7.137918 -5.356185 79.638598 79.638598 
652.000000 136 2.000000 0.862733 6.351358 1.820289 -3.431922 15.091542 15.091542 
652.000000 137 2.000000 0.999999 11.807940 -0.660071 -9.102288 83.287338 83.287338 
652.000000 138 2.000000 0.648520 6.029831 -2.343196 -3.774961 19.740901 19.740901 
652.000000 139 2.000000 0.596331 9.987918 3.975534 -5.265090 43.526041 43.526041 
652.000000 140 2.000000 0.999999 16.981542 -3.202425 -6.036914 46.699854 46.699854 
652.000000 141 2.000000 0.628220 2.826368 -1.487116 -3.086019 11.735029 11.735029 
652.000000 142 2.000000 0.464218 17.073358 1.856867 0.191086 3.484467 3.484467 
652.000000 143 2.000000 0.544253 10.592723 -2.278731 -0.919911 6.038851 6.038851 
652.000000 144 2.000000 0.682687 2.761751 6.826855 -8.208690 113.988542 113.988542 
652.000000 145 2.000000 0.233506 9.308101 0.141518 -6.682436 44.674983 44.674983 
652.000000 146 2.000000 0.159369 4.275018 3.187358 -6.043068 46.677920 46.677920 
652.000000 147 2.000000 0.956402 5.897903 3.188004 -3.554862 22.800418 22.800418 
652.000000 148 2.000000 0.185172 10.264591 -1.810726 -0.912208 4.110854 4.110854 
652.000000 149 2.000000 0.474251 15.552010 -1.314370 -3.072684 11.168954 11.168954 
652.000000 150 2.000000 0.513983 0.366351 -3.133386 7.326997 63.502994 63.502994 
652.000000 151 2.000000 0.644551 14.366547 1.448800 -4.463476 22.021643 22.021643 
652.000000 152 2.000000 0.193749 6.128617 3.874959 1.822146 18.335519 18.335519 
652.000000 153 2.000000 0.163106 15.356187 -4.184463 -3.431292 29.283495 29.283495 
652.000000 154 2.000000 0.230080 0.882170 2.300793 -1.188602 6.706425 6.706425 
652.000000 155 2.000000 0.617750 19.693080 3.088744 -3.069191 18.960268 18.960268 
652.000000 156 2.000000 0.276627 16.351379 5.532515 9.129210 113.951201 113.951201 
652.000000 157 2.000000 0.394087 1.575592 2.627242 3.960486 22.587846 22.587846 
652.000000 158 2.000000 0.608554 16.036395 -7.828892 -3.609907 74.322981 74.322981 
652.000000 159 2.000000 0.542121 10.415597 5.421205 -1.147740 30.706765 30.706765 
652.000000 160 2.000000 0.756589 9.313343 7.565876 2.780311 64.972607 64.972607 
652.000000 161 2.000000 0.385536 2.341525 -0.654010 0.737820 0.972108 0.972108 
652.000000 162 2.000000 0.401900 2.381695 -0.712868 -2.921959 9.046023 9.046023 
652.000000 163 2.000000 0.999999 6.730144 -3.707526 -0.913037 14.579383 14.579383 
652.000000 164 2.000000 0.510531 19.282124 -1.957871 5.215676 31.036534 31.036534 
652.000000 165 2.000000 0.284563 2.330869 -0.360859 1.948537 3.927017 3.927017 
652.000000 166 2.000000 0.417672 14.085968 0.108486 3.912769 15.321528 15.321528 
652.000000 167 2.000000 0.771111 6.515908 0.003107 -3.604057 12.989239 12.989239 
652.000000 168 2.000000 0.244972 16.929957 -1.887568 -2.361571 9.139932 9.139932 
652.000000 169 2.000000 0.121017 6.623780 -2.511378 0.487515 6.544689 6.544689 
652.000000 170 2.000000 0.822063 4.010171 0.359964 -2.935173 8.744814 8.744814 
652.000000 171 2.000000 0.999999 15.850769 -4.960373 -4.685252 46.556884 46.556884 
652.000000 172 2.000000 0.097272 16.564186 -1.289610 1.421214 3.682944 3.682944 
652.000000 173 2.000000 0.293913 17.027202 -7.060858 3.139584 59.712707 59.712707 
652.000000 174 2.000000 0.999999 1.813144 -4.561716 -4.083261 37.482266 37.482266 
652.000000 175 2.000000 0.000001 10.975855 2.281001 -5.469178 35.114875 35.114875 
652.000000 176 2.000000 0.800626 18.973878 -3.987457 5.931449 51.081895 51.081895 
652.000000 177 2.000000 0.623468 12.731311 6.234667 -2.651453 45.901283 45.901283 
652.000000 178 2.000000 0.340961 8.656066 0.284133 -5.533626 30.701747 30.701747 
652.000000 179 2.000000 0.000001 18.451440 5.552766 1.762878 33.940947 33.940947 
652.000000 180 2.000000 0.889157 14.864221 -2.216834 -5.642198 36.748748 36.748748 
652.000000 181 2.000000 0.688880 14.053956 -6.222386 8.670276 113.891772 113.891772 
652.000000 182 2.000000 0.943746 6.765150 0.932743 -2.190168 5.666846 5.666846 
652.000000 183 2.000000 0.409600 9.735851 -1.180798 2.454332 7.418031 7.418031 
652.000000 184 2.000000 0.776565 2.736557 3.106257 -0.183903 9.682655 9.682655 
652.000000 185 2.000000 0.923146 16.562509 3.692579 -4.583320 34.641957 34.641957 
652.000000 186 2.000000 0.442026 19.032631 -1.859911 0.345364 3.578545 3.578545 
652.000000 187 2.000000 0.115988 6.374837 0.579934 2.405379 6.122170 6.122170 
652.000000 188 2.000000 0.664640 8.128996 -0.958168 4.209014 18.633884 18.633884 
652.000000 189 2.000000 0.140410 5.732167 2.808172 -2.313068 13.236115 13.236115 
652.000000 190 2.000000 0.672951 16.682585 4.486337 2.275066 25.303141 25.303141 
652.000000 191 2.000000 0.140914 5.482997 0.939418 0.874300 1.646906 1.646906 
652.000000 192 2.000000 0.780467 11.138380 3.121865 -1.327197 11.507492 11.507492 
652.000000 193 2.000000 0.718005 2.425650 2.393347 -0.128493 5.744622 5.744622 
652.000000 194 2.000000 0.967911 10.030791 0.184364 5.143995 26.494674 26.494674 
652.000000 195 2.000000 0.682518 14.169238 -3.174813 0.642698 10.492498 10.492498 
652.000000 196 2.000000 0.834638 17.259643 -1.653609 -2.002789 6.745587 6.745587 
652.000000 197 2.000000 0.185177 9.142318 -1.481495 -0.455964 2.402731 2.402731 
652.000000 198 2.000000 0.373859 11.353619 -4.174270 9.091677 100.083115 100.083115 
652.000000 199 2.000000 0.999999 6.274050 -3.256581 2.987642 19.531328 19.531328 
652.000000 200 2.000000 0.164517 5.259066 3.290323 -0.508833 11.085134 11.085134 
652.000000 201 2.000000 0.861708 2.040145 -2.765818 -0.739120 8.196048 8.196048 
652.000000 202 2.000000 0.956293 9.589482 3.825168 0.085738 14.639264 14.639264 
652.000000 203 2.000000 0.823940 4.760374 8.239393 -1.535861 70.246466 70.246466 
652.000000 204 2.000000 0.519750 12.811145 -4.802493 5.988185 58.922296 58.922296 
652.000000 205 2.000000 0.206148 2.294230 -5.292343 0.882371 28.787476 28.787476 
652.000000 206 2.000000 0.840772 3.357617 1.401286 0.478811 2.192861 2.192861 
652.000000 207 2.000000 0.163045 11.350873 -5.579696 1.701554 34.028290 34.028290 
652.000000 208 2.000000 0.999999 15.795721 -1.560868 1.243515 3.982637 3.982637 
652.000000 209 2.000000 0.342507 19.912169 3.425059 4.319178 30.386332 30.386332 
652.000000 210 2.000000 0.634111 5.076014 -7.317759 3.760009 67.687265 67.687265 
652.000000 211 2.000000 0.000001 13.673115 2.462054 2.498461 12.304018 12.304018 
652.000000 212 2.000000 0.583423 5.483242 1.944739 0.133452 3.799821 3.799821 
652.000000 213 2.000000 0.369144 16.845516 -0.970546 -0.507095 1.199105 1.199105 
652.000000 214 2.000000 0.228947 18.093146 0.763152 2.845248 8.677836 8.677836 
652.000000 215 2.000000 0.618505 8.728144 4.123359 0.051647 17.004757 17.004757 
652.000000 216 2.000000 0.812178 7.402861 -1.878206 5.300026 31.617935 31.617935 
652.000000 217 2.000000 0.717322 3.638074 -5.715278 -0.667982 33.110603 33.110603 
652.000000 218 2.000000 0.999999 2.515427 -7.906765 2.396710 68.261154 68.261154 
652.000000 219 2.000000 0.055960 13.457221 -3.776156 -2.217475 19.176546 19.176546 
652.000000 220 2.000000 0.185829 12.987869 -4.070851 0.311162 16.668651 16.668651 
652.000000 221 2.000000 0.961195 0.605928 3.844778 -4.899973 38.792047 38.792047 
652.000000 222 2.000000 0.539099 13.002577 2.695490 -0.428461 7.449243 7.449243 
652.000000 223 2.000000 0.999999 15.532424 -0.962753 5.137881 27.324718 27.324718 
652.000000 224 2.000000 0.235707 16.964788 0.942822 -0.151033 0.911725 0.911725 
652.000000 225 2.000000 0.816304 10.324609 -3.673892 1.028802 14.555915 14.555915 
652.000000 226 2.000000 0.246353 8.624378 -5.024306 0.708028 25.744957 25.744957 
652.000000 227 2.000000 0.388251 6.107093 -12.234951 0.955672 150.607329 150.607329 
652.000000 228 2.000000 0.352607 13.565048 -0.464726 -2.752510 7.792284 7.792284 
652.000000 229 2.000000 0.418490 6.001896 -2.907544 4.445848 28.219380 28.219380 
652.000000 230 2.000000 0.802568 6.636876 1.234718 -2.192614 6.332087 6.332087 
652.000000 231 2.000000 0.463905 13.927292 -0.824760 3.525896 13.112174 13.112174 
652.000000 232 2.000000 0.902975 18.222364 -0.646829 -3.555271 13.058338 13.058338 
652.000000 233 2.000000 0.000001 4.932415 3.870117 -0.554633 15.285424 15.285424 
652.000000 234 2.000000 0.769668 16.462991 -0.921324 1.800331 4.090030 4.090030 
652.000000 235 2.000000 0.646014 19.961230 -1.769927 2.446664 9.118807 9.118807 
652.000000 236 2.000000 0.536064 4.992529 -0.441843 0.607569 0.564365 0.564365 
652.000000 237 2.000000 0.801902 4.684395 4.009505 -1.651049 18.802092 18.802092 
652.000000 238 2.000000 0.698378 17.917046 3.491885 -4.165906 29.548032 29.548032 
652.000000 239 2.000000 0.537967 9.982910 2.151863 0.743539 5.183365 5.183365 
652.000000 240 2.000000 0.506031 8.592657 -2.469838 2.592785 12.822636 12.822636 
652.000000 241 2.000000 0.903345 17.431997 2.586744 -1.626106 9.335466 9.335466 
652.000000 242 2.000000 0.999999 10.349843 -4.282421 -3.264719 28.997518 28.997518 
652.000000 243 2.000000 0.735030 17.669713 4.900192 0.729217 24.543637 24.543637 
652.000000 244 2.000000 0.252604 14.415581 5.052068 1.445601 27.613157 27.613157 
652.000000 245 2.000000 0.931770 10.615411 1.694126 4.360686 21.885644 21.885644 
652.000000 246 2.000000 0.323766 19.585301 2.158430 -0.730958 5.193120 5.193120 
652.000000 247 2.000000 0.999999 11.519273 -3.553268 0.375388 12.766630 12.766630 
652.000000 248 2.000000 0.702073 7.191078 -0.020078 -3.815480 14.558291 14.558291 
652.000000 249 2.000000 0.588467 16.477092 0.298175 1.069371 1.232463 1.232463 
652.000000 250 2.000000 0.668515 4.014136 -2.209896 0.932152 5.752547 5.752547 
652.000000 251 2.000000 0.448630 13.525205 1.794518 5.192831 30.185790 30.185790 
652.000000 252 2.000000 0.797732 4.526685 -4.045335 -5.234633 43.766122 43.766122 
652.000000 253 2.000000 0.466182 15.277699 -0.533817 1.704230 3.189361 3.189361 
652.000000 254 2.000000 0.742540 11.071767 3.712696 1.948693 17.581516 17.581516 
652.000000 255 2.000000 0.383024 3.986695 3.830235 0.297245 14.759052 14.759052 
652.000000 256 2.000000 0.350799 4.922665 -4.327997 0.447483 18.931798 18.931798 
652.000000 257 2.000000 0.871249 16.125526 0.450058 -0.574029 0.532062 0.532062 
652.000000 258 2.000000 0.601710 18.790438 -1.327631 2.991160 10.709642 10.709642 
652.000000 259 2.000000 0.254069 18.901104 -2.983722 -1.831492 12.256958 12.256958 
652.000000 260 2.000000 0.282655 8.820431 2.826545 -3.337185 19.126157 19.126157 
652.000000 261 2.000000 0.995878 18.896576 2.845363 -2.758558 15.705735 15.705735 
652.000000 262 2.000000 0.363760 12.250670 -3.181196 -0.182414 10.153280 10.153280 
652.000000 263 2.000000 0.812855 5.735237 -0.061631 0.205145 0.045883 0.045883 
652.000000 264 2.000000 0.662233 10.916912 -1.688829 -5.063793 28.494145 28.494145 
652.000000 265 2.000000 0.395415 16.138461 -0.033213 -2.030737 4.124994 4.124994 
652.000000 266 2.000000 0.316937 12.823396 2.112906 3.771587 18.689236 18.689236 
652.000000 267 2.000000 0.990779 10.080162 0.825649 0.124252 0.697134 0.697134 
652.000000 268 2.000000 0.248061 10.174730 0.992242 2.306781 6.305784 6.305784 
652.000000 269 2.000000 0.618128 10.138804 3.090635 -2.652645 16.588546 16.588546 
652.000000 270 2.000000 0.252238 16.881924 1.681581 -3.668324 16.284313 16.284313 
652.000000 271 2.000000 0.844246 10.240386 -0.623014 -1.898614 3.992881 3.992881 
652.000000 272 2.000000 0.448505 12.251709 2.488201 -1.623549 8.827059 8.827059 
652.000000 273 2.000000 0.293136 3.204542 2.931353 1.995977 12.576753 12.576753 
652.000000 274 2.000000 0.868180 5.474119 1.736357 -0.072120 3.020139 3.020139 
652.000000 275 2.000000 0.614318 13.451097 0.819089 1.969508 4.549870 4.549870 
652.000000 276 2.000000 0.687005 1.614843 0.538850 -1.849993 3.712833 3.712833 
652.000000 277 2.000000 0.647653 2.287436 -2.348974 1.175677 6.899896 6.899896 
652.000000 278 2.000000 0.284869 7.245182 5.697368 8.050201 97.265744 97.265744 
652.000000 279 2.000000 0.463004 7.472862 -2.684973 -2.811780 15.115184 15.115184 
652.000000 280 2.000000 0.999999 17.929093 -4.198572 -1.745172 20.673629 20.673629 
652.000000 281 2.000000 0.550151 0.212666 2.200600 0.327176 4.949686 4.949686 
652.000000 282 2.000000 0.303453 5.164756 -3.482728 1.861496 15.594558 15.594558 
652.000000 283 2.000000 0.000001 16.463649 1.791470 -1.473479 5.380505 5.380505 
652.000000 284 2.000000 0.340934 5.367840 0.762590 -3.371151 11.946202 11.946202 
652.000000 285 2.000000 0.114906 9.957010 -0.400797 -5.231928 27.533706 27.533706 
652.000000 286 2.000000 0.230328 14.722274 -0.085160 0.272555 0.081538 0.081538 
652.000000 287 2.000000 0.338257 16.412259 0.071820 -1.187691 1.415768 1.415768 
652.000000 288 2.000000 0.424036 6.270619 -3.839750 4.646238 36.331209 36.331209 
652.000000 289 2.000000 0.999999 4.753677 -2.968234 -4.056833 25.268311 25.268311 
652.000000 290 2.000000 0.649215 19.355342 -3.507840 -0.520029 12.575371 12.575371 
652.000000 291 2.000000 0.952364 13.095459 3.174544 -4.761752 32.752008 32.752008 
652.000000 292 2.000000 0.153529 13.993752 1.535284 4.825431 25.641883 25.641883 
652.000000 293 2.000000 0.005314 8.303710 -6.631235 -5.582782 75.140732 75.140732 
652.000000 294 2.000000 0.121103 2.571638 2.422034 -1.772825 9.009157 9.009157 
652.000000 295 2.000000 0.465052 12.674419 -2.674736 -2.061279 11.403081 11.403081 
652.000000 296 2.000000 0.000001 9.666642 5.505148 -5.982568 66.097766 66.097766 
652.000000 297 2.000000 0.742999 18.895658 -5.140003 -0.863446 27.165174 27.165174 
652.000000 298 2.000000 0.999999 1.383349 -4.128036 -2.879552 25.332498 25.332498 
652.000000 299 2.000000 0.241797 19.022856 4.835919 2.816555 31.319092 31.319092 
652.000000 300 2.000000 0.167923 0.554331 3.358445 -6.342671 51.508630 51.508630 
652.000000 301 2.000000 0.430580 2.164451 2.870525 -2.795777 16.056283 16.056283 
652.000000 302 2.000000 0.076091 13.204612 1.521790 -6.177624 40.478888 40.478888 
652.000000 303 2.000000 0.891593 5.537105 -0.098551 -10.017360 100.357211 100.357211 
652.000000 304 2.000000 0.525436 3.161143 1.050870 0.390829 1.257075 1.257075 
652.000000 305 2.000000 0.119755 0.346161 2.395081 6.923208 53.667224 53.667224 
652.000000 306 2.000000 0.356411 6.020969 1.188033 -2.270750 6.567729 6.567729 
652.000000 307 2.000000 0.511600 1.816390 2.046394 5.189682 31.120528 31.120528 
652.000000 308 2.000000 0.000001 19.999999 1.697487 -7.672455 61.748026 61.748026 
652.000000 309 2.000000 0.563559 4.444154 5.635577 2.175152 36.491010 36.491010 
652.000000 310 2.000000 0.557643 1.087244 -4.423558 -0.554286 19.875101 19.875101 
652.000000 311 2.000000 0.240726 12.107560 -5.061822 -0.178778 25.654005 25.654005 
652.000000 312 2.000000 0.265867 14.648977 -3.670658 1.476017 15.652357 15.652357 
652.000000 313 2.000000 0.567279 3.671708 2.269111 1.232000 6.666690 6.666690 
652.000000 314 2.000000 0.637728 15.174386 1.187128 -0.344060 1.527650 1.527650 
652.000000 315 2.000000 0.828334 6.588678 -3.433297 -3.135072 21.616202 21.616202 
652.000000 316 2.000000 0.564807 5.589165 -2.901278 -4.502435 28.689337 28.689337 
652.000000 317 2.000000 0.720902 19.121222 7.209006 3.051046 61.278649 61.278649 
652.000000 318 2.000000 0.051376 12.318957 0.513753 3.725373 14.142348 14.142348 
652.000000 319 2.000000 0.966801 6.167294 3.867201 -4.064367 31.474318 31.474318 
652.000000 320 2.000000 0.000001 18.026612 11.321925 2.044642 132.366546 132.366546 
652.000000 321 2.000000 0.492400 4.939789 2.461997 1.439330 8.133100 8.133100 
652.000000 322 2.000000 0.121465 4.742851 -4.392668 -0.238790 19.352552 19.352552 
652.000000 323 2.000000 0.707759 6.221934 7.077576 -0.583320 50.432343 50.432343 
652.000000 324 2.000000 0.567840 15.908816 -2.160795 -3.409319 16.292494 16.292494 
652.000000 325 2.000000 0.304186 4.136084 6.083691 1.277890 38.644299 38.644299 
652.000000 326 2.000000 0.635145 10.643749 0.453674 0.392822 0.360129 0.360129 
652.000000 327 2.000000 0.666414 3.384355 1.666032 -1.432398 4.827428 4.827428 
652.000000 328 2.000000 0.091977 9.715783 -1.297174 -4.113686 18.605075 18.605075 
652.000000 329 2.000000 0.807096 10.925182 3.228382 1.846861 13.833344 13.833344 
652.000000 330 2.000000 0.154273 19.448514 1.542720 -3.684203 15.953333 15.953333 
652.000000 331 2.000000 0.000001 2.924181 2.009481 1.634589 6.709897 6.709897 
652.000000 332 2.000000 0.831062 4.152015 -3.378731 -10.754289 127.070555 127.070555 
652.000000 333 2.000000 0.529372 15.477770 5.293715 2.528348 34.415957 34.415957 
652.000000 334 2.000000 0.887406 6.150945 -2.251868 4.920755 29.284740 29.284740 
652.000000 335 2.000000 0.716138 2.562414 4.774244 2.697277 30.068705 30.068705 
652.000000 336 2.000000 0.885007 13.234621 -0.766611 1.010851 1.609512 1.609512 
652.000000 337 2.000000 0.295633 2.793009 -1.280666 -1.666807 4.418352 4.418352 
652.000000 338 2.000000 0.872801 0.474824 1.586909 1.187057 3.927384 3.927384 
652.000000 339 2.000000 0.880269 0.724986 3.217556 2.770122 18.026245 18.026245 
652.000000 340 2.000000 0.113686 12.475086 -2.954377 1.633783 11.397594 11.397594 
652.000000 341 2.000000 0.852549 6.117689 -4.798508 -3.100031 32.635866 32.635866 
652.000000 342 2.000000 0.468663 17.569479 -1.771121 -2.077999 7.454953 7.454953 
652.000000 343 2.000000 0.421900 7.156353 4.218989 5.425850 47.239716 47.239716 
652.000000 344 2.000000 0.386516 15.104263 3.865145 -2.532642 21.353621 21.353621 
652.000000 345 2.000000 0.848480 12.984278 -3.030372 0.613628 9.559691 9.559691 
652.000000 346 2.000000 0.085145 19.808546 -3.049513 4.831325 32.641229 32.641229 
652.000000 347 2.000000 0.856564 6.107067 -1.019196 -7.262843 53.787646 53.787646 
652.000000 348 2.000000 0.799180 1.170738 3.995897 5.853687 50.232848 50.232848 
652.000000 349 2.000000 0.999999 14.480284 -2.429510 -2.637988 12.861496 12.861496 
652.000000 350 2.000000 0.356175 18.276931 0.043770 1.676320 2.811964 2.811964 
652.000000 351 2.000000 0.714502 16.035610 -2.930026 4.107030 25.452749 25.452749 
652.000000 352 2.000000 0.793929 3.138182 -4.121398 6.973735 65.618900 65.618900 
652.000000 353 2.000000 0.565728 15.240747 -0.965048 3.208578 11.226290 11.226290 
652.000000 354 2.000000 0.523223 17.965550 -0.788102 -0.798600 1.258867 1.258867 
652.000000 355 2.000000 0.187300 2.922114 -1.354498 4.174447 19.260672 19.260672 
652.000000 356 2.000000 0.388883 5.356990 -2.444462 -0.773377 6.573507 6.573507 
652.000000 357 2.000000 0.383750 1.932771 -1.027082 3.865539 15.997290 15.997290 
652.000000 358 2.000000 0.698889 9.159250 0.030867 6.542321 42.802911 42.802911 
652.000000 359 2.000000 0.999999 18.436659 -2.025532 -7.816701 65.203598 65.203598 
652.000000 360 2.000000 0.231487 13.492672 -3.074047 1.116525 10.696390 10.696390 
652.000000 361 2.000000 0.615317 5.804831 -1.923412 0.361746 3.830373 3.830373 
652.000000 362 2.000000 0.999999 11.126746 -5.536114 1.143062 31.955147 31.955147 
652.000000 363 2.000000 0.992737 17.991144 0.706941 -3.786524 14.837530 14.837530 
652.000000 364 2.000000 0.341709 8.922858 6.834156 1.515788 49.003302 49.003302 
652.000000 365 2.000000 0.426411 0.884165 -0.637320 0.638516 0.813880 0.813880 
652.000000 366 2.000000 0.788635 3.173691 5.257562 1.866876 31.127182 31.127182 
652.000000 367 2.000000 0.521977 12.117809 3.479837 -2.055084 16.332635 16.332635 
652.000000 368 2.000000 0.555414 12.564779 3.538968 1.618604 15.144172 15.144172 
652.000000 369 2.000000 0.520667 7.665987 3.471104 -6.852229 59.001604 59.001604 
652.000000 370 2.000000 0.058213 13.963406 -3.767146 -7.101874 64.628001 64.628001 
652.000000 371 2.000000 0.000610 19.047848 -1.537522 0.502696 2.616678 2.616678 
652.000000 372 2.000000 0.444701 16.654505 -1.233996 1.879217 5.054203 5.054203 
652.000000 373 2.000000 0.000001 17.447353 1.409242 -3.403528 13.569966 13.569966 
652.000000 374 2.000000 0.247061 4.813870 -1.003918 -1.656455 3.751694 3.751694 
652.000000 375 2.000000 0.160684 11.379507 -2.797716 -4.192097 25.400887 25.400887 
652.000000 376 2.000000 0.339880 17.110994 -2.640476 6.853711 53.945462 53.945462 
652.000000 377 2.000000 0.349094 8.464736 -1.183464 -1.510396 3.681882 3.681882 
652.000000 378 2.000000 0.999999 15.318314 -5.961026 -3.971533 51.306910 51.306910 
652.000000 379 2.000000 0.550794 18.864232 5.507930 4.450395 50.143308 50.143308 
652.000000 380 2.000000 0.695312 9.886084 -1.523437 0.591681 2.670946 2.670946 
652.000000 381 2.000000 0.751241 9.480557 5.008263 3.356172 36.346593 36.346593 
652.000000 382 2.000000 0.183088 17.890076 -8.169109 -3.836224 81.450960 81.450960 
652.000000 383 2.000000 0.809759 4.938048 -0.138119 -2.479988 6.169419 6.169419 
652.000000 384 2.000000 0.196043 16.513440 -0.112441 -2.113066 4.477691 4.477691 
652.000000 385 2.000000 0.702053 0.915635 4.680349 6.104227 59.167250 59.167250 
652.000000 386 2.000000 0.233109 1.191383 1.554054 -1.413923 4.414263 4.414263 
652.000000 387 2.000000 0.522525 9.031631 -3.183161 -2.866681 18.350378 18.350378 
652.000000 388 2.000000 0.749100 1.273391 1.248498 -3.985641 17.444080 17.444080 
652.000000 389 2.000000 0.999999 9.742789 -2.603404 -5.459315 36.581833 36.581833 
652.000000 390 2.000000 0.677968 4.422680 0.528466 -0.602765 0.642602 0.642602 
652.000000 391 2.000000 0.257666 7.431363 5.153310 5.518410 57.009450 57.009450 
652.000000 392 2.000000 0.112655 4.308664 -5.915625 -5.699304 67.476688 67.476688 
652.000000 393 2.000000 0.160489 13.118428 -5.596737 2.110605 35.778112 35.778112 
652.000000 394 2.000000 0.897692 3.362867 1.056107 4.804094 24.194678 24.194678 
652.000000 395 2.000000 0.999999 4.213443 -10.264599 4.435202 125.033018 125.033018 
652.000000 396 2.000000 0.841301 7.235158 2.103251 1.802727 7.673488 7.673488 
652.000000 397 2.000000 0.783415 7.840937 -4.331686 -0.436750 18.954258 18.954258 
652.000000 398 2.000000 0.060802 16.202289 1.216015 -2.008777 5.513877 5.513877 
652.000000 399 2.000000 0.749883 19.586383 -5.002316 -2.757437 32.626624 32.626624 
652.000000 400 2.000000 0.294590 1.151325 1.178356 -3.115597 11.095469 11.095469 
652.000000 401 2.000000 0.999999 17.324636 -4.799625 -1.981750 26.963734 26.963734 
652.000000 402 2.000000 0.540205 3.367327 -4.597937 -1.494366 23.374159 23.374159 
652.000000 403 2.000000 0.481304 17.586863 -1.728984 -0.873318 3.752071 3.752071 
652.000000 404 2.000000 0.218300 0.150829 -0.832876 -0.818599 1.363787 1.363787 
652.000000 405 2.000000 0.599125 16.803592 -4.008739 -5.327345 44.450602 44.450602 
652.000000 406 2.000000 0.977138 14.252569 -0.434354 -2.045419 4.372401 4.372401 
652.000000 407 2.000000 0.999999 16.000970 -1.796568 -2.211663 8.119110 8.119110 
652.000000 408 2.000000 0.999999 3.565616 -4.595894 -2.177305 25.862894 25.862894 
652.000000 409 2.000000 0.827765 18.389141 5.518428 3.133064 40.269145 40.269145 
652.000000 410 2.000000 0.941991 15.531064 0.736144 -0.366561 0.676274 0.676274 
652.000000 411 2.000000 0.865703 15.000716 -1.342961 -4.544802 22.458772 22.458772 
652.000000 412 2.000000 0.926562 1.401671 4.632806 -2.903093 29.890838 29.890838 
652.000000 413 2.000000 0.999999 18.777423 -6.142814 -3.493075 49.935740 49.935740 
652.000000 414 2.000000 0.497309 13.948918 -3.351269 3.771073 25.451998 25.451998 
652.000000 415 2.000000 0.512015 16.636553 1.706713 0.747769 3.472027 3.472027 
652.000000 416 2.000000 0.947244 17.768891 0.574087 0.213121 0.374996 0.374996 
652.000000 417 2.000000 0.032875 15.496124 -9.671240 3.350499 104.758734 104.758734 
652.000000 418 2.000000 0.669550 2.283078 4.308477 -4.786169 41.470389 41.470389 
652.000000 419 2.000000 0.000001 6.909503 3.863513 7.677225 73.866514 73.866514 
652.000000 420 2.000000 0.749555 14.895583 0.624629 -5.671574 32.556908 32.556908 
652.000000 421 2.000000 0.000001 15.181768 3.677938 4.814156 36.703320 36.703320 
652.000000 422 2.000000 0.444457 15.398138 1.111141 4.750391 23.800850 23.800850 
652.000000 423 2.000000 0.951379 3.503157 1.189223 -1.548036 3.810668 3.810668 
652.000000 424 2.000000 0.819719 14.940397 -3.605594 11.553070 146.473731 146.473731 
652.000000 425 2.000000 0.627123 18.952375 -2.485838 4.704502 28.311734 28.311734 
652.000000 426 2.000000 0.861357 1.711157 -0.924283 3.166574 10.881489 10.881489 
652.000000 427 2.000000 0.999999 17.998983 -1.532050 2.974994 11.197766 11.197766 
652.000000 428 2.000000 0.917223 8.536364 -1.655510 4.254519 20.841650 20.841650 
652.000000 429 2.000000 0.380964 13.473654 -1.723924 -1.752197 6.042109 6.042109 
652.000000 430 2.000000 0.650963 17.579702 2.603849 -2.547681 13.270709 13.270709 
652.000000 431 2.000000 0.544264 3.172689 -3.038234 -7.648777 67.734656 67.734656 
652.000000 432 2.000000 0.999999 11.931504 -7.140530 4.580505 71.968194 71.968194 
652.000000 433 2.000000 0.750528 19.877998 7.505265 0.275286 56.404788 56.404788 
652.000000 434 2.000000 0.376934 12.682880 -0.519221 -0.154517 0.293466 0.293466 
652.000000 435 2.000000 0.809345 0.214121 2.697814 2.141201 11.862945 11.862945 
652.000000 436 2.000000 0.650002 10.438545 -0.999991 5.051585 26.518498 26.518498 
652.000000 437 2.000000 0.679700 15.395260 -1.601495 -11.511848 135.087440 135.087440 
652.000000 438 2.000000 0.711079 2.771041 -5.778401 -2.775084 41.091013 41.091013 
652.000000 439 2.000000 0.000001 14.425279 4.175359 2.215975 22.344173 22.344173 
652.000000 440 2.000000 0.954186 4.660012 -0.458129 -2.262075 5.326867 5.326867 
652.000000 441 2.000000 0.999999 10.283499 -1.963125 7.617406 61.878731 61.878731 
652.000000 442 2.000000 0.000001 15.761824 5.783767 5.240319 60.912908 60.912908 
652.000000 443 2.000000 0.429614 0.638314 -5.873847 1.299204 36.190007 36.190007 
652.000000 444 2.000000 0.959748 4.695782 1.744995 -0.663199 3.484839 3.484839 
652.000000 445 2.000000 0.472583 12.404934 -2.109666 -1.822165 7.770976 7.770976 
652.000000 446 2.000000 0.220792 3.777478 -3.116830 -2.909174 18.177919 18.177919 
652.000000 447 2.000000 0.639647 15.542365 2.132154 2.086600 8.899980 8.899980 
652.000000 448 2.000000 0.925057 4.870339 -1.498846 -6.317592 42.158502 42.158502 
652.000000 449 2.000000 0.638877 6.375162 0.608454 -0.663400 0.810315 0.810315 
652.000000 450 2.000000 0.999999 4.813365 -1.700692 -9.797829 98.889797 98.889797 
652.000000 451 2.000000 0.789299 10.915863 0.249489 0.530926 0.344128 0.344128 
652.000000 452 2.000000 0.233838 0.756208 1.169186 -6.957883 49.779139 49.779139 
652.000000 453 2.000000 0.702495 9.782040 -1.190017 -1.081266 2.585276 2.585276 
652.000000 454 2.000000 0.477114 6.731933 -0.963959 -0.317008 1.029711 1.029711 
652.000000 455 2.000000 0.373017 17.990637 -0.234791 -1.004681 1.064511 1.064511 
652.000000 456 2.000000 0.073746 11.457032 -6.175017 1.985282 42.072179 42.072179 
652.000000 457 2.000000 0.000001 17.520908 3.855305 -2.734750 22.342240 22.342240 
652.000000 458 2.000000 0.917250 9.634083 1.528749 3.743728 16.352575 16.352575 
652.000000 459 2.000000 0.999999 7.292010 -5.920542 4.566224 55.903218 55.903218 
652.000000 460 2.000000 0.000001 6.182286 3.116734 -6.751276 55.293749 55.293749 
652.000000 461 2.000000 0.918580 15.794066 3.674318 -6.015579 49.687800 49.687800 
652.000000 462 2.000000 0.753844 5.073146 5.025618 -2.882908 33.567997 33.567997 
652.000000 463 2.000000 0.703355 3.636006 1.575702 1.913454 6.144143 6.144143 
652.000000 464 2.000000 0.404651 15.262259 -0.002661 -3.095271 9.580709 9.580709 
652.000000 465 2.000000 0.278067 19.632724 2.780663 -1.830645 11.083345 11.083345 
652.000000 466 2.000000 0.226854 1.160821 1.512355 1.137988 3.582234 3.582234 
652.000000 467 2.000000 0.802058 17.897010 5.347050 9.994098 128.472940 128.472940 
652.000000 468 2.000000 0.383223 10.866855 1.250645 -0.653987 1.991813 1.991813 
652.000000 469 2.000000 0.999999 14.383858 -9.576954 2.631840 98.644631 98.644631 
652.000000 470 2.000000 0.345430 2.304464 -2.618275 -0.435546 7.045063 7.045063 
652.000000 471 2.000000 0.000001 19.999999 3.556126 -6.589854 56.072202 56.072202 
652.000000 472 2.000000 0.844190 0.765841 2.411968 -1.215768 7.295682 7.295682 
652.000000 473 2.000000 0.419713 19.587806 -3.868575 1.081487 16.135486 16.135486 
652.000000 474 2.000000 0.890633 18.899986 -1.093658 4.759367 23.847659 23.847659 
652.000000 475 2.000000 0.323858 15.232097 -3.380704 -2.073001 15.726496 15.726496 
652.000000 476 2.000000 0.027150 1.249465 -2.432123 -1.776166 9.069987 9.069987 
652.000000 477 2.000000 0.553806 12.848085 5.538046 -4.228112 48.546886 48.546886 
652.000000 478 2.000000 0.619556 9.452840 2.065185 -5.480268 34.298324 34.298324 
652.000000 479 2.000000 0.170803 16.370234 3.416039 -1.710886 14.596455 14.596455 
652.000000 480 2.000000 0.544229 1.610196 -1.823079 -2.678898 10.500113 10.500113 
652.000000 481 2.000000 0.590998 0.518831 -1.636003 -1.557571 5.102535 5.102535 
652.000000 482 2.000000 0.166650 7.687421 -1.388914 -6.000701 37.937499 37.937499 
652.000000 483 2.000000 0.714099 15.845347 -2.859000 -2.991584 17.123455 17.123455 
652.000000 484 2.000000 0.999999 1.975384 -0.561231 0.421310 0.492483 0.492483 
652.000000 485 2.000000 0.701089 3.335199 -0.498184 -6.004603 36.303444 36.303444 
652.000000 486 2.000000 0.689355 18.051245 -3.106443 4.391219 28.932792 28.932792 
652.000000 487 2.000000 0.371805 13.385192 1.859019 5.456692 33.231435 33.231435 
652.000000 488 2.000000 0.561387 10.868729 -1.754449 -2.467911 9.168675 9.168675 
652.000000 489 2.000000 0.786156 17.864488 3.144621 1.534876 12.244485 12.244485 
652.000000 490 2.000000 0.908014 13.664599 2.817221 1.927646 11.652555 11.652555 
652.000000 491 2.000000 0.809661 10.966372 1.349433 0.372496 1.959722 1.959722 
652.000000 492 2.000000 0.672675 13.750573 1.034882 4.741576 23.553529 23.553529 
652.000000 493 2.000000 0.979397 15.172714 -0.103010 4.472996 20.018306 20.018306 
652.000000 494 2.000000 0.663202 12.716443 -1.122656 -2.206124 6.127340 6.127340 
652.000000 495 2.000000 0.777263 13.785611 -1.484907 3.746773 16.243256 16.243256 
652.000000 496 2.000000 0.311132 19.999999 0.414842 -4.452517 19.997003 19.997003 
652.000000 497 2.000000 0.497692 16.157080 -2.009229 5.569286 35.053950 35.053950 
652.000000 498 2.000000 0.455871 12.767459 -2.712689 -2.055253 11.582745 11.582745 
652.000000 499 2.000000 0.490373 1.338650 -0.134112 4.462164 19.928897 19.928897 
652.000000 500 2.000000 0.168777 7.953430 3.375522 -2.039403 15.553310 15.553310 
