670.000000 1 2.000000 0.992915 12.347000 1.805299 4.487257 23.394584 23.394584 
670.000000 2 2.000000 0.807689 8.676603 0.384613 6.427113 41.455705 41.455705 
670.000000 3 2.000000 0.237335 15.459447 -0.762664 -3.948306 16.170780 16.170780 
670.000000 4 2.000000 0.513770 4.243041 -0.694612 3.689600 14.095635 14.095635 
670.000000 5 2.000000 0.738821 13.613863 -5.223556 -1.496802 29.525948 29.525948 
670.000000 6 2.000000 0.999999 17.924171 -3.005299 -0.664746 9.473708 9.473708 
670.000000 7 2.000000 0.558969 13.887036 -2.940200 -10.188271 112.445648 112.445648 
670.000000 8 2.000000 0.000001 17.852174 4.337143 -6.825526 65.398611 65.398611 
670.000000 9 2.000000 0.476056 13.547494 -2.619715 -2.187290 11.647142 11.647142 
670.000000 10 2.000000 0.300348 4.514764 -4.664340 -2.280391 26.956255 26.956255 
670.000000 11 2.000000 0.787773 8.495336 -4.244527 3.112077 27.701028 27.701028 
670.000000 12 2.000000 0.585274 15.735510 1.187869 0.926835 2.270056 2.270056 
670.000000 13 2.000000 0.488266 6.742758 -1.279333 1.554771 4.054005 4.054005 
670.000000 14 2.000000 0.276018 10.008094 -4.826539 -2.803967 31.157705 31.157705 
670.000000 15 2.000000 0.987466 4.407549 4.937327 1.170642 25.747598 25.747598 
670.000000 16 2.000000 0.775304 8.129522 -0.257713 2.789645 7.848534 7.848534 
670.000000 17 2.000000 0.063224 1.593756 -9.367747 0.111883 87.767193 87.767193 
670.000000 18 2.000000 0.829885 3.952225 -3.402276 -2.875645 19.844821 19.844821 
670.000000 19 2.000000 0.411898 1.574725 -1.176201 -1.022262 2.428468 2.428468 
670.000000 20 2.000000 0.982316 7.843938 3.274383 -1.616615 13.335027 13.335027 
670.000000 21 2.000000 0.654523 17.334849 1.870063 -1.163690 4.851309 4.851309 
670.000000 22 2.000000 0.999999 19.803481 -2.577491 5.276104 34.480727 34.480727 
670.000000 23 2.000000 0.079773 19.785124 1.595430 -1.432499 4.597452 4.597452 
670.000000 24 2.000000 0.999999 7.090885 -7.173123 1.248893 53.013421 53.013421 
670.000000 25 2.000000 0.844359 13.636820 0.176109 6.107883 37.337252 37.337252 
670.000000 26 2.000000 0.213758 16.556597 0.093044 -0.835736 0.707112 0.707112 
670.000000 27 2.000000 0.999999 17.652923 -3.118389 -0.869287 10.480014 10.480014 
670.000000 28 2.000000 0.703355 12.310026 3.516770 -0.885579 13.151919 13.151919 
670.000000 29 2.000000 0.388019 6.609925 2.586787 -2.549481 13.191319 13.191319 
670.000000 30 2.000000 0.261414 3.718670 5.228266 -1.729472 30.325844 30.325844 
670.000000 31 2.000000 0.321924 19.841166 2.146156 2.387893 10.308017 10.308017 
670.000000 32 2.000000 0.303800 1.012769 6.075973 2.586096 43.605342 43.605342 
670.000000 33 2.000000 0.079828 14.829974 0.532177 5.460556 30.100881 30.100881 
670.000000 34 2.000000 0.469501 9.585657 0.670714 5.181436 27.297134 27.297134 
670.000000 35 2.000000 0.486683 19.680623 -3.422104 4.769838 34.462156 34.462156 
670.000000 36 2.000000 0.420568 19.440987 2.102834 0.255770 4.487330 4.487330 
670.000000 37 2.000000 0.027658 18.464727 -1.389059 0.346859 2.049796 2.049796 
670.000000 38 2.000000 0.999999 3.220340 -0.513608 1.651456 2.991100 2.991100 
670.000000 39 2.000000 0.576741 17.491721 5.767401 -3.344371 44.447731 44.447731 
670.000000 40 2.000000 0.272733 17.648344 -0.969687 -1.265411 2.541559 2.541559 
670.000000 41 2.000000 0.923116 16.283322 -0.054916 -4.372561 19.122309 19.122309 
670.000000 42 2.000000 0.999999 0.926778 -0.347903 3.138930 9.973918 9.973918 
670.000000 43 2.000000 0.886842 4.388090 -2.263130 -1.006372 6.134542 6.134542 
670.000000 44 2.000000 0.000001 11.724441 2.887142 -2.952833 17.054810 17.054810 
670.000000 45 2.000000 0.907453 1.064235 6.049679 -5.449982 66.300920 66.300920 
670.000000 46 2.000000 0.629994 8.965966 2.287601 3.001725 14.243467 14.243467 
670.000000 47 2.000000 0.690438 8.256415 -0.325853 1.816485 3.405798 3.405798 
670.000000 48 2.000000 0.999999 16.964638 -2.382216 1.443650 7.759077 7.759077 
670.000000 49 2.000000 0.231723 0.731154 0.772408 -5.144563 27.063140 27.063140 
670.000000 50 2.000000 0.466022 2.333619 1.165052 5.208873 28.489708 28.489708 
670.000000 51 2.000000 0.561376 8.618926 1.205529 -4.176334 18.895067 18.895067 
670.000000 52 2.000000 0.792780 15.262179 0.821054 3.317483 11.679822 11.679822 
670.000000 53 2.000000 0.823803 2.350157 -3.523925 -2.583363 19.091809 19.091809 
670.000000 54 2.000000 0.199160 10.909064 -4.004196 -1.092354 17.226822 17.226822 
670.000000 55 2.000000 0.473571 11.322007 -2.105713 0.454560 4.640654 4.640654 
670.000000 56 2.000000 0.544219 11.831788 -1.519266 -4.299924 20.797515 20.797515 
670.000000 57 2.000000 0.719407 18.295720 2.398020 -4.260697 23.904040 23.904040 
670.000000 58 2.000000 0.834613 13.972772 3.971967 -6.443430 57.294312 57.294312 
670.000000 59 2.000000 0.454931 1.279311 4.549297 1.808157 23.965536 23.965536 
670.000000 60 2.000000 0.983512 0.290128 0.491756 2.901267 8.659172 8.659172 
670.000000 61 2.000000 0.411941 14.005037 2.059701 0.693318 4.723060 4.723060 
670.000000 62 2.000000 0.489523 3.017248 -2.552378 -5.095664 32.480427 32.480427 
670.000000 63 2.000000 0.745525 7.644477 2.485079 4.633016 27.640449 27.640449 
670.000000 64 2.000000 0.999999 15.675301 -0.931087 6.992110 49.756521 49.756521 
670.000000 65 2.000000 0.633926 13.617355 6.339247 -6.363126 80.675429 80.675429 
670.000000 66 2.000000 0.244711 7.583731 1.631399 5.230159 30.016021 30.016021 
670.000000 67 2.000000 0.663713 3.276004 -3.362862 -0.594304 11.662040 11.662040 
670.000000 68 2.000000 0.786485 15.726710 1.517097 5.080715 28.115246 28.115246 
670.000000 69 2.000000 0.577022 17.753929 -0.563970 -0.553916 0.624885 0.624885 
670.000000 70 2.000000 0.497024 16.932857 -0.838292 1.987188 4.651650 4.651650 
670.000000 71 2.000000 0.168146 13.018806 1.120964 -3.548676 13.849660 13.849660 
670.000000 72 2.000000 0.319673 19.105290 -6.803257 -1.080821 47.452474 47.452474 
670.000000 73 2.000000 0.161199 15.956838 -0.249130 7.529588 56.756763 56.756763 
670.000000 74 2.000000 0.333189 2.992578 3.331884 1.260329 12.689881 12.689881 
670.000000 75 2.000000 0.296895 9.526080 1.979294 -0.978439 4.874949 4.874949 
670.000000 76 2.000000 0.374618 2.571213 2.497445 1.304887 7.939961 7.939961 
670.000000 77 2.000000 0.577319 17.359661 -4.226803 -0.429327 18.050189 18.050189 
670.000000 78 2.000000 0.407053 11.496317 -2.371784 -0.334639 5.737341 5.737341 
670.000000 79 2.000000 0.732699 18.354327 -5.345995 -2.531804 34.989697 34.989697 
670.000000 80 2.000000 0.856756 1.273370 -1.432432 0.848913 2.772515 2.772515 
670.000000 81 2.000000 0.862435 7.357740 -1.375636 -2.108321 6.337392 6.337392 
670.000000 82 2.000000 0.778763 11.849501 1.730581 -1.661965 5.757041 5.757041 
670.000000 83 2.000000 0.608778 0.311339 -0.337807 -0.303155 0.206016 0.206016 
670.000000 84 2.000000 0.727968 18.989219 -2.720306 -5.053899 32.941956 32.941956 
670.000000 85 2.000000 0.000001 1.459672 0.413538 -0.308343 0.266089 0.266089 
670.000000 86 2.000000 0.180965 7.369077 0.097818 -0.972877 0.956058 0.956058 
670.000000 87 2.000000 0.535935 8.679434 2.143737 -3.567089 17.319735 17.319735 
670.000000 88 2.000000 0.213764 17.737966 -2.620782 -2.332088 12.307129 12.307129 
670.000000 89 2.000000 0.159607 11.596328 3.192124 -3.570286 22.936603 22.936603 
670.000000 90 2.000000 0.999999 16.562362 -6.063049 -1.297221 38.443347 38.443347 
670.000000 91 2.000000 0.710153 3.488829 4.734343 8.722070 98.488508 98.488508 
670.000000 92 2.000000 0.403655 7.319583 -2.385377 3.574830 18.469432 18.469432 
670.000000 93 2.000000 0.273191 6.974567 -1.453615 -1.660644 4.870736 4.870736 
670.000000 94 2.000000 0.565411 0.590313 1.130820 1.967706 5.150621 5.150621 
670.000000 95 2.000000 0.999999 18.199389 -0.736283 -0.258995 0.609191 0.609191 
670.000000 96 2.000000 0.376498 18.470856 -0.026834 5.168780 26.717009 26.717009 
670.000000 97 2.000000 0.298630 13.281222 -7.013690 4.740495 71.664147 71.664147 
670.000000 98 2.000000 0.149118 12.205114 2.982347 -0.597440 9.251330 9.251330 
670.000000 99 2.000000 0.287218 0.301960 -0.274213 1.509794 2.354671 2.354671 
670.000000 100 2.000000 0.206161 9.388466 -7.938385 -4.517034 83.421545 83.421545 
670.000000 101 2.000000 0.343328 3.778604 -4.377805 2.637022 26.119065 26.119065 
670.000000 102 2.000000 0.861888 2.905327 0.464392 -2.112470 4.678189 4.678189 
670.000000 103 2.000000 0.319808 18.594765 -4.534609 -0.526510 20.839890 20.839890 
670.000000 104 2.000000 0.999999 5.610772 -5.546657 3.300454 41.658395 41.658395 
670.000000 105 2.000000 0.818241 8.501364 -3.635152 0.043305 13.216206 13.216206 
670.000000 106 2.000000 0.414374 17.835805 0.193226 -0.730863 0.571497 0.571497 
670.000000 107 2.000000 0.441292 0.257629 -5.587067 2.576279 37.852527 37.852527 
670.000000 108 2.000000 0.765235 11.564670 -4.695284 2.934921 30.659456 30.659456 
670.000000 109 2.000000 0.506787 2.526304 0.309587 -1.847667 3.509716 3.509716 
670.000000 110 2.000000 0.280974 15.496150 -1.597834 -0.446352 2.752304 2.752304 
670.000000 111 2.000000 0.818073 13.590451 0.380965 1.644230 2.848627 2.848627 
670.000000 112 2.000000 0.551089 11.090617 5.510875 0.601208 30.731195 30.731195 
670.000000 113 2.000000 0.028326 5.617122 -3.886692 -0.062812 15.110317 15.110317 
670.000000 114 2.000000 0.156034 0.093347 3.120668 1.866913 13.223931 13.223931 
670.000000 115 2.000000 0.541374 5.069294 -2.293126 -3.166249 15.283561 15.283561 
670.000000 116 2.000000 0.999999 8.070895 -1.577079 -6.617348 46.276473 46.276473 
670.000000 117 2.000000 0.391196 9.855855 -3.044014 3.196572 19.484093 19.484093 
670.000000 118 2.000000 0.000001 3.599620 7.517314 2.837404 64.560869 64.560869 
670.000000 119 2.000000 0.172905 12.487794 -3.831198 1.049674 15.779894 15.779894 
670.000000 120 2.000000 0.000001 12.933640 4.099951 -3.501988 29.073513 29.073513 
670.000000 121 2.000000 0.000001 14.485630 3.983840 1.773606 19.016657 19.016657 
670.000000 122 2.000000 0.290340 7.982014 -2.365529 0.665789 6.039003 6.039003 
670.000000 123 2.000000 0.327307 18.148230 -6.726918 1.860273 48.712041 48.712041 
670.000000 124 2.000000 0.679340 19.999999 0.642393 -4.930871 24.726153 24.726153 
670.000000 125 2.000000 0.294402 16.329410 5.888020 7.595074 92.353924 92.353924 
670.000000 126 2.000000 0.681282 17.488543 -6.374334 -2.603734 47.411565 47.411565 
670.000000 127 2.000000 0.722735 6.387353 -2.772644 5.670162 39.838297 39.838297 
670.000000 128 2.000000 0.963565 8.531544 3.854254 -5.581120 46.004180 46.004180 
670.000000 129 2.000000 0.159738 12.817032 -1.226050 -0.133336 1.520977 1.520977 
670.000000 130 2.000000 0.962338 18.355571 1.896708 -3.766688 17.785444 17.785444 
670.000000 131 2.000000 0.148672 9.474639 -0.164725 2.403889 5.805818 5.805818 
670.000000 132 2.000000 0.658081 15.836912 1.196510 3.672976 14.922392 14.922392 
670.000000 133 2.000000 0.352343 17.739040 3.523416 2.699003 19.699080 19.699080 
670.000000 134 2.000000 0.124779 16.011399 2.495558 -1.417617 8.237449 8.237449 
670.000000 135 2.000000 0.585852 19.044154 -4.141470 2.006364 21.177267 21.177267 
670.000000 136 2.000000 0.395139 0.756764 7.902753 -2.656384 69.509883 69.509883 
670.000000 137 2.000000 0.178674 17.998095 0.595576 -0.707263 0.854931 0.854931 
670.000000 138 2.000000 0.435130 4.649169 0.280728 1.138375 1.374706 1.374706 
670.000000 139 2.000000 0.678639 14.960797 1.696594 -6.299002 42.555859 42.555859 
670.000000 140 2.000000 0.234159 15.901210 -3.063359 -1.720062 12.342779 12.342779 
670.000000 141 2.000000 0.758422 5.873152 5.056139 -5.890069 60.257453 60.257453 
670.000000 142 2.000000 0.957581 11.070962 3.191933 3.953915 25.821875 25.821875 
670.000000 143 2.000000 0.625546 6.118459 -2.496353 1.216300 7.711166 7.711166 
670.000000 144 2.000000 0.254887 5.529934 -0.993483 6.144370 38.740295 38.740295 
670.000000 145 2.000000 0.106204 6.332523 -2.234488 0.346720 5.113152 5.113152 
670.000000 146 2.000000 0.669967 13.875751 0.514270 0.542504 0.558785 0.558785 
670.000000 147 2.000000 0.000001 9.757043 5.060592 -2.586844 32.301353 32.301353 
670.000000 148 2.000000 0.796263 12.546179 -2.037356 2.709783 11.493743 11.493743 
670.000000 149 2.000000 0.873461 2.077859 -1.265383 -4.806198 24.700730 24.700730 
670.000000 150 2.000000 0.789135 18.468446 -2.108636 -1.200444 5.887413 5.887413 
670.000000 151 2.000000 0.000001 11.870525 6.341099 -2.974543 49.057446 49.057446 
670.000000 152 2.000000 0.285364 13.631714 2.853628 -2.094735 12.531109 12.531109 
670.000000 153 2.000000 0.874633 0.430391 -2.507325 2.869265 14.519361 14.519361 
670.000000 154 2.000000 0.894022 15.807571 -2.119544 1.137738 5.786914 5.786914 
670.000000 155 2.000000 0.268970 2.893333 5.379381 4.457899 48.810609 48.810609 
670.000000 156 2.000000 0.941901 19.576733 -1.161950 3.963570 17.060018 17.060018 
670.000000 157 2.000000 0.736579 5.327363 -5.268408 2.310279 33.093513 33.093513 
670.000000 158 2.000000 0.095664 11.518589 -2.583813 12.190806 155.291854 155.291854 
670.000000 159 2.000000 0.787447 8.052018 -4.251036 4.880010 41.885807 41.885807 
670.000000 160 2.000000 0.326656 6.229636 6.533110 -0.477023 42.909072 42.909072 
670.000000 161 2.000000 0.965433 5.561222 0.101171 7.414961 54.991884 54.991884 
670.000000 162 2.000000 0.126549 11.893416 -1.941000 2.711404 11.119192 11.119192 
670.000000 163 2.000000 0.768332 5.136996 1.707403 0.460181 3.126992 3.126992 
670.000000 164 2.000000 0.999999 7.487886 -2.986446 0.783497 9.532726 9.532726 
670.000000 165 2.000000 0.059399 2.675599 1.187956 0.017178 1.411534 1.411534 
670.000000 166 2.000000 0.036864 1.379379 -3.852541 -1.766462 17.962460 17.962460 
670.000000 167 2.000000 0.577238 14.327318 -1.691043 -4.376067 22.009591 22.009591 
670.000000 168 2.000000 0.283918 13.251012 5.678341 -0.539995 32.535147 32.535147 
670.000000 169 2.000000 0.416791 5.236612 4.167895 0.328400 17.479198 17.479198 
670.000000 170 2.000000 0.523731 14.161726 1.712260 4.135884 20.037371 20.037371 
670.000000 171 2.000000 0.028286 17.212958 -0.880074 -4.045246 17.138549 17.138549 
670.000000 172 2.000000 0.148900 13.652681 2.977976 -3.627039 22.023754 22.023754 
670.000000 173 2.000000 0.127764 16.608474 -5.814897 2.262974 38.934083 38.934083 
670.000000 174 2.000000 0.107527 8.358927 -3.042817 2.543527 15.728264 15.728264 
670.000000 175 2.000000 0.999999 8.140481 -1.203169 0.275666 1.523607 1.523607 
670.000000 176 2.000000 0.735528 15.528136 2.101506 1.039569 5.497030 5.497030 
670.000000 177 2.000000 0.253591 4.819012 5.071807 -3.330272 36.813939 36.813939 
670.000000 178 2.000000 0.947916 6.130365 -1.041654 -3.799045 15.517791 15.517791 
670.000000 179 2.000000 0.429832 7.940723 -2.280667 -3.955607 20.848269 20.848269 
670.000000 180 2.000000 0.243107 7.658528 -3.784460 -1.424594 16.351602 16.351602 
670.000000 181 2.000000 0.805633 17.864291 -3.887329 -0.487451 15.348934 15.348934 
670.000000 182 2.000000 0.222066 16.088844 -1.944833 -2.153730 8.420928 8.420928 
670.000000 183 2.000000 0.786547 6.155707 -2.134519 7.694632 63.763539 63.763539 
670.000000 184 2.000000 0.000001 16.507834 4.089532 -3.154165 26.673028 26.673028 
670.000000 185 2.000000 0.313482 0.013034 3.134808 -4.470512 29.812493 29.812493 
670.000000 186 2.000000 0.613287 14.273759 -0.013076 -0.861617 0.742555 0.742555 
670.000000 187 2.000000 0.778589 2.322769 -4.428200 -1.462737 21.748556 21.748556 
670.000000 188 2.000000 0.398152 13.191811 1.990754 -0.932805 4.833229 4.833229 
670.000000 189 2.000000 0.269758 8.085306 5.395139 -4.416848 48.616074 48.616074 
670.000000 190 2.000000 0.502098 3.506752 -4.979014 -0.841898 25.499370 25.499370 
670.000000 191 2.000000 0.999999 14.056266 -1.266007 0.810656 2.259937 2.259937 
670.000000 192 2.000000 0.318219 15.429664 1.060726 2.836389 9.170239 9.170239 
670.000000 193 2.000000 0.627508 16.686747 -2.483270 6.863575 53.275295 53.275295 
670.000000 194 2.000000 0.178876 16.240833 -5.474150 -1.058920 31.087634 31.087634 
670.000000 195 2.000000 0.432136 13.251687 2.880901 -4.570760 29.191443 29.191443 
670.000000 196 2.000000 0.218158 10.242487 -7.818412 3.926445 76.544536 76.544536 
670.000000 197 2.000000 0.000001 13.446713 3.416407 5.976317 47.388194 47.388194 
670.000000 198 2.000000 0.538532 0.110122 -9.229330 2.202422 90.031202 90.031202 
670.000000 199 2.000000 0.999999 13.164870 -7.298754 -3.253994 63.860287 63.860287 
670.000000 200 2.000000 0.163136 16.994158 1.631353 -3.124250 12.422254 12.422254 
670.000000 201 2.000000 0.437584 15.858870 -3.749432 -3.764663 28.230924 28.230924 
670.000000 202 2.000000 0.480715 18.682407 -2.596420 -0.139004 6.760721 6.760721 
670.000000 203 2.000000 0.668391 12.841497 -0.541058 1.004762 1.302292 1.302292 
670.000000 204 2.000000 0.710403 14.750443 4.736016 -1.486582 24.639775 24.639775 
670.000000 205 2.000000 0.635857 4.317374 -0.196834 -5.141844 26.477305 26.477305 
670.000000 206 2.000000 0.999999 9.007046 -5.037352 -3.435298 37.176189 37.176189 
670.000000 207 2.000000 0.586219 12.573880 -0.219517 -2.264824 5.177615 5.177615 
670.000000 208 2.000000 0.828638 11.244891 5.524244 2.205668 35.382238 35.382238 
670.000000 209 2.000000 0.579233 13.066088 -2.103830 -0.629255 4.822062 4.822062 
670.000000 210 2.000000 0.999999 9.069058 -7.726933 4.416143 79.207817 79.207817 
670.000000 211 2.000000 0.352178 6.948561 1.408707 -2.275396 7.161880 7.161880 
670.000000 212 2.000000 0.633912 13.679719 0.496159 3.565190 12.956753 12.956753 
670.000000 213 2.000000 0.215799 4.220794 -5.227998 -3.077190 36.801060 36.801060 
670.000000 214 2.000000 0.910269 9.587630 6.068454 -3.146261 46.725094 46.725094 
670.000000 215 2.000000 0.325712 11.964916 3.257108 -6.987028 59.427321 59.427321 
670.000000 216 2.000000 0.883647 14.832296 0.631176 -3.445135 12.267340 12.267340 
670.000000 217 2.000000 0.999999 1.806289 -2.120100 -1.989553 8.453147 8.453147 
670.000000 218 2.000000 0.886783 9.440467 4.433912 0.893774 20.458410 20.458410 
670.000000 219 2.000000 0.735563 12.525846 -5.288717 0.201425 28.011101 28.011101 
670.000000 220 2.000000 0.836340 13.969147 -2.167516 0.524106 4.972812 4.972812 
670.000000 221 2.000000 0.374848 9.963676 -1.786146 0.094943 3.199331 3.199331 
670.000000 222 2.000000 0.555065 9.875806 -2.224672 -0.680916 5.412812 5.412812 
670.000000 223 2.000000 0.144261 13.183744 2.885199 -0.174996 8.354997 8.354997 
670.000000 224 2.000000 0.230249 3.917840 2.302481 -4.655744 26.977376 26.977376 
670.000000 225 2.000000 0.253670 1.504444 -1.865822 -1.428637 5.522293 5.522293 
670.000000 226 2.000000 0.650468 2.358357 -1.747655 -1.639192 5.741249 5.741249 
670.000000 227 2.000000 0.657612 14.968061 1.011710 0.753735 1.591673 1.591673 
670.000000 228 2.000000 0.547590 19.480843 -3.016062 -3.461043 21.075445 21.075445 
670.000000 229 2.000000 0.262129 6.256336 1.747518 -3.096941 12.644859 12.644859 
670.000000 230 2.000000 0.887771 6.367979 -2.244559 -3.366679 16.372574 16.372574 
670.000000 231 2.000000 0.219536 4.691025 4.390700 -0.236785 19.334314 19.334314 
670.000000 232 2.000000 0.871453 19.999999 -2.570926 -8.906636 85.937831 85.937831 
670.000000 233 2.000000 0.372358 13.384862 -6.276415 -1.987273 43.342636 43.342636 
670.000000 234 2.000000 0.801809 5.645910 -3.963807 5.132645 42.055802 42.055802 
670.000000 235 2.000000 0.024579 7.989243 -6.502802 -1.686005 45.129041 45.129041 
670.000000 236 2.000000 0.305263 4.539105 -0.038211 -0.347895 0.122491 0.122491 
670.000000 237 2.000000 0.886125 13.517237 2.531783 2.938381 15.044011 15.044011 
670.000000 238 2.000000 0.355688 18.278876 3.556868 -1.564657 15.099463 15.099463 
670.000000 239 2.000000 0.115302 0.708441 -5.897981 -2.301748 40.084230 40.084230 
670.000000 240 2.000000 0.365284 9.848307 -3.173576 -0.458532 10.281840 10.281840 
670.000000 241 2.000000 0.961862 1.866594 3.847444 -0.941313 15.688895 15.688895 
670.000000 242 2.000000 0.999999 2.478449 -2.287476 -5.192524 32.194855 32.194855 
670.000000 243 2.000000 0.675151 17.032846 2.250499 -2.967153 13.868741 13.868741 
670.000000 244 2.000000 0.787472 6.991820 5.249808 -5.096427 53.534058 53.534058 
670.000000 245 2.000000 0.000001 13.184432 4.620766 -2.219656 26.278349 26.278349 
670.000000 246 2.000000 0.225043 4.352997 -7.749560 -1.145487 61.367824 61.367824 
670.000000 247 2.000000 0.000001 17.350022 2.094373 4.033177 20.652914 20.652914 
670.000000 248 2.000000 0.813746 2.956721 3.254978 -0.199474 10.634674 10.634674 
670.000000 249 2.000000 0.430712 10.570188 1.230602 -0.161205 1.540367 1.540367 
670.000000 250 2.000000 0.670949 2.627177 -2.193666 -1.686959 7.658002 7.658002 
670.000000 251 2.000000 0.201991 19.528098 -3.990040 6.476084 57.860075 57.860075 
670.000000 252 2.000000 0.606272 12.108246 -0.874949 -2.433736 6.688607 6.688607 
670.000000 253 2.000000 0.224100 13.083057 1.120494 1.999802 5.254716 5.254716 
670.000000 254 2.000000 0.712184 14.102409 -1.439073 -0.078419 2.077082 2.077082 
670.000000 255 2.000000 0.676761 17.726926 -6.464761 -0.644885 42.209014 42.209014 
670.000000 256 2.000000 0.794362 4.688334 0.104408 -2.973015 8.849718 8.849718 
670.000000 257 2.000000 0.999999 7.661668 -5.665078 2.069608 36.376392 36.376392 
670.000000 258 2.000000 0.247982 6.001022 4.959619 -3.056336 33.939016 33.939016 
670.000000 259 2.000000 0.891621 7.163268 0.888446 1.263174 2.384945 2.384945 
670.000000 260 2.000000 0.198389 8.191103 -1.008233 -0.564273 1.334938 1.334938 
670.000000 261 2.000000 0.718230 19.751539 -2.817686 -4.969193 32.632235 32.632235 
670.000000 262 2.000000 0.292079 13.366379 -1.287127 -1.679397 4.477071 4.477071 
670.000000 263 2.000000 0.625179 4.485920 0.461014 5.030602 25.519490 25.519490 
670.000000 264 2.000000 0.692385 1.589634 0.477506 4.541809 20.856042 20.856042 
670.000000 265 2.000000 0.000001 7.260740 7.351820 -4.590833 75.125000 75.125000 
670.000000 266 2.000000 0.000001 18.103259 1.782662 -3.111927 12.861971 12.861971 
670.000000 267 2.000000 0.912167 11.468994 -1.756634 1.342389 4.887768 4.887768 
670.000000 268 2.000000 0.824943 7.944226 -0.700222 -3.810678 15.011579 15.011579 
670.000000 269 2.000000 0.423571 2.565038 0.941267 3.946211 16.458566 16.458566 
670.000000 270 2.000000 0.354911 10.404365 -7.062012 -2.257165 54.966808 54.966808 
670.000000 271 2.000000 0.516143 5.425339 3.440950 -0.222915 11.889826 11.889826 
670.000000 272 2.000000 0.890157 4.967111 2.967186 2.476013 14.934835 14.934835 
670.000000 273 2.000000 0.810094 18.451920 8.100933 1.859744 69.083769 69.083769 
670.000000 274 2.000000 0.140187 14.387221 -4.299060 1.002838 19.487599 19.487599 
670.000000 275 2.000000 0.005995 0.399863 -0.903640 0.296194 0.904296 0.904296 
670.000000 276 2.000000 0.543856 10.116862 -3.040951 -3.578429 22.052537 22.052537 
670.000000 277 2.000000 0.343093 17.058921 6.861845 2.838132 55.139912 55.139912 
670.000000 278 2.000000 0.329149 9.336509 -0.211088 -3.519517 12.431559 12.431559 
670.000000 279 2.000000 0.124120 6.008840 -2.502512 -0.352002 6.386470 6.386470 
670.000000 280 2.000000 0.000001 19.405703 1.182600 2.803152 9.256201 9.256201 
670.000000 281 2.000000 0.035684 14.912312 -0.953615 2.363517 6.495593 6.495593 
670.000000 282 2.000000 0.360496 10.400894 -2.586376 3.581666 19.517674 19.517674 
670.000000 283 2.000000 0.417302 1.403591 -5.826967 -2.187048 38.736727 38.736727 
670.000000 284 2.000000 0.058203 18.465162 -6.278641 -1.581251 41.921684 41.921684 
670.000000 285 2.000000 0.000001 10.827914 5.538701 1.448954 32.776674 32.776674 
670.000000 286 2.000000 0.999999 3.113137 -4.766430 -0.591626 23.068877 23.068877 
670.000000 287 2.000000 0.306651 7.967189 6.133001 -1.564547 40.061507 40.061507 
670.000000 288 2.000000 0.366926 0.329101 0.917314 -4.447620 20.622785 20.622785 
670.000000 289 2.000000 0.582409 0.646001 -8.351793 1.199739 71.191814 71.191814 
670.000000 290 2.000000 0.512712 7.449826 -0.622160 0.739716 0.934262 0.934262 
670.000000 291 2.000000 0.300262 15.042638 -0.874671 4.168608 18.142344 18.142344 
670.000000 292 2.000000 0.999999 3.163288 -1.803650 4.518981 23.674346 23.674346 
670.000000 293 2.000000 0.296552 13.685402 5.931029 2.502883 41.441533 41.441533 
670.000000 294 2.000000 0.389049 1.262315 -0.947220 4.449904 20.698868 20.698868 
670.000000 295 2.000000 0.267314 6.374684 -2.442284 -4.651595 27.602085 27.602085 
670.000000 296 2.000000 0.235191 18.255907 4.604223 -0.136059 21.217380 21.217380 
670.000000 297 2.000000 0.590730 0.070641 1.476822 -0.512206 2.443359 2.443359 
670.000000 298 2.000000 0.828936 1.197969 -1.710630 2.662150 10.013298 10.013298 
670.000000 299 2.000000 0.435960 6.619532 -0.262344 -0.328577 0.176787 0.176787 
670.000000 300 2.000000 0.518043 8.270233 5.180422 -1.344411 28.644216 28.644216 
670.000000 301 2.000000 0.174036 18.238748 0.008320 0.666660 0.444505 0.444505 
670.000000 302 2.000000 0.466592 2.952131 9.331827 0.655298 87.512411 87.512411 
670.000000 303 2.000000 0.215216 17.395838 -2.749304 4.566799 28.414325 28.414325 
670.000000 304 2.000000 0.674549 4.953599 -3.254502 -1.361085 12.444334 12.444334 
670.000000 305 2.000000 0.064783 9.818598 -0.668011 3.475309 12.524014 12.524014 
670.000000 306 2.000000 0.999999 0.775924 -2.670172 7.759233 67.335514 67.335514 
670.000000 307 2.000000 0.248908 8.348687 -3.755457 3.883216 29.182821 29.182821 
670.000000 308 2.000000 0.067876 18.006383 -0.340627 -1.898930 3.721961 3.721961 
670.000000 309 2.000000 0.347749 0.969337 2.318318 -4.899911 29.383728 29.383728 
670.000000 310 2.000000 0.821337 4.089015 1.642672 1.984440 6.636375 6.636375 
670.000000 311 2.000000 0.248646 12.802326 4.972909 -1.291356 26.397425 26.397425 
670.000000 312 2.000000 0.000001 14.502770 6.722286 0.703680 45.684294 45.684294 
670.000000 313 2.000000 0.305783 19.353249 1.528912 -0.346857 2.457882 2.457882 
670.000000 314 2.000000 0.368903 14.847068 -4.207308 -2.461080 23.758358 23.758358 
670.000000 315 2.000000 0.449479 12.008024 0.817232 1.431721 2.717694 2.717694 
670.000000 316 2.000000 0.830367 17.587023 1.096094 -2.939763 9.843625 9.843625 
670.000000 317 2.000000 0.165531 1.384125 -1.112625 2.306873 6.559598 6.559598 
670.000000 318 2.000000 0.917915 6.133635 -1.641673 2.405347 8.480784 8.480784 
670.000000 319 2.000000 0.553379 0.823238 11.067552 -2.735350 129.972852 129.972852 
670.000000 320 2.000000 0.656097 2.513805 -2.292680 3.888314 20.375371 20.375371 
670.000000 321 2.000000 0.219447 8.840208 1.097228 -1.152350 2.531819 2.531819 
670.000000 322 2.000000 0.910722 17.464028 -1.785539 -2.801493 11.036515 11.036515 
670.000000 323 2.000000 0.941121 18.776976 2.688915 -4.892091 31.162821 31.162821 
670.000000 324 2.000000 0.000001 19.891645 4.085504 2.265586 21.824221 21.824221 
670.000000 325 2.000000 0.813463 0.942259 -3.730728 0.277135 13.995138 13.995138 
670.000000 326 2.000000 0.126447 19.316430 -2.911841 2.310140 13.815567 13.815567 
670.000000 327 2.000000 0.378478 4.168167 -6.215207 0.006874 38.628841 38.628841 
670.000000 328 2.000000 0.495467 9.064418 -0.156839 -0.652276 0.450063 0.450063 
670.000000 329 2.000000 0.558856 15.327347 1.397139 -5.497238 32.171618 32.171618 
670.000000 330 2.000000 0.640693 5.818129 4.271282 -5.122311 44.481919 44.481919 
670.000000 331 2.000000 0.000001 19.874282 3.193681 0.078877 10.205820 10.205820 
670.000000 332 2.000000 0.023838 8.462010 -1.394516 3.222190 12.327183 12.327183 
670.000000 333 2.000000 0.604401 5.722218 -1.318659 -1.901584 5.354882 5.354882 
670.000000 334 2.000000 0.175112 7.014671 -1.833082 1.423136 5.385504 5.385504 
670.000000 335 2.000000 0.299375 16.143345 -1.273861 5.140978 28.052376 28.052376 
670.000000 336 2.000000 0.593568 18.763905 0.685219 0.032863 0.470605 0.470605 
670.000000 337 2.000000 0.327892 18.227689 -2.443415 -4.663774 27.721065 27.721065 
670.000000 338 2.000000 0.000001 1.988389 5.257885 -3.750687 41.713011 41.713011 
670.000000 339 2.000000 0.241529 17.206738 -3.033878 0.475683 9.430691 9.430691 
670.000000 340 2.000000 0.849591 0.457730 2.831966 4.577291 28.971627 28.971627 
670.000000 341 2.000000 0.414986 8.868383 -3.900087 3.585816 28.068750 28.068750 
670.000000 342 2.000000 0.000001 13.241959 0.776462 -2.275381 5.780253 5.780253 
670.000000 343 2.000000 0.280720 2.439971 -0.899099 3.049963 10.110654 10.110654 
670.000000 344 2.000000 0.999999 0.941680 -3.479479 -4.544376 32.758131 32.758131 
670.000000 345 2.000000 0.409458 8.022891 1.364856 0.113881 1.875801 1.875801 
670.000000 346 2.000000 0.698885 13.260448 3.494421 3.822933 26.825794 26.825794 
670.000000 347 2.000000 0.712020 15.671872 -2.879791 -6.183039 46.523170 46.523170 
670.000000 348 2.000000 0.950117 3.803249 0.791763 2.106853 5.065719 5.065719 
670.000000 349 2.000000 0.566313 11.241261 -3.793298 0.989538 15.368297 15.368297 
670.000000 350 2.000000 0.000001 9.873275 5.169176 -5.063362 52.358019 52.358019 
670.000000 351 2.000000 0.436993 19.332984 -5.630062 8.975579 112.258606 112.258606 
670.000000 352 2.000000 0.445979 7.633213 -1.231156 2.771417 9.196497 9.196497 
670.000000 353 2.000000 0.001543 7.393457 0.030838 0.064720 0.005140 0.005140 
670.000000 354 2.000000 0.692286 6.279783 -6.154253 -3.618306 50.966967 50.966967 
670.000000 355 2.000000 0.488203 16.292147 -5.731033 2.356229 38.396554 38.396554 
670.000000 356 2.000000 0.317154 10.466202 -3.414225 0.476061 11.883565 11.883565 
670.000000 357 2.000000 0.000001 11.336289 7.297836 2.405684 59.045729 59.045729 
670.000000 358 2.000000 0.229110 9.993340 -1.284815 0.752375 2.216818 2.216818 
670.000000 359 2.000000 0.290067 3.093501 1.450332 -1.383125 4.016497 4.016497 
670.000000 360 2.000000 0.209620 15.062526 -3.951895 4.078854 32.254526 32.254526 
670.000000 361 2.000000 0.724538 18.263913 -0.717456 10.751479 116.109047 116.109047 
670.000000 362 2.000000 0.925949 15.292172 -0.370248 -3.788365 14.488791 14.488791 
670.000000 363 2.000000 0.999999 13.543201 -3.219795 -3.779050 24.648298 24.648298 
670.000000 364 2.000000 0.510333 7.900004 -4.896663 -4.432802 43.627044 43.627044 
670.000000 365 2.000000 0.342265 13.730703 -2.021019 0.967572 5.020712 5.020712 
670.000000 366 2.000000 0.025876 17.682777 0.517504 1.958605 4.103945 4.103945 
670.000000 367 2.000000 0.623834 13.704755 0.208457 -5.100267 26.056179 26.056179 
670.000000 368 2.000000 0.378138 10.623909 -3.109307 -0.570668 9.993451 9.993451 
670.000000 369 2.000000 0.548044 13.988962 2.225416 0.474486 5.177612 5.177612 
670.000000 370 2.000000 0.424815 18.994610 2.832095 -1.780079 11.189444 11.189444 
670.000000 371 2.000000 0.068202 9.332371 -3.093465 1.180919 10.964093 10.964093 
670.000000 372 2.000000 0.393511 2.844329 -2.564356 -0.573038 6.904295 6.904295 
670.000000 373 2.000000 0.252362 7.364416 2.523606 2.028940 10.485183 10.485183 
670.000000 374 2.000000 0.000001 18.902873 3.798033 1.660666 17.182863 17.182863 
670.000000 375 2.000000 0.559965 11.743500 -2.933559 4.471118 28.596664 28.596664 
670.000000 376 2.000000 0.999999 7.672955 -6.094445 1.163377 38.495704 38.495704 
670.000000 377 2.000000 0.632897 7.366590 -0.564772 3.874261 15.328864 15.328864 
670.000000 378 2.000000 0.495375 12.397827 0.606944 1.210824 1.834476 1.834476 
670.000000 379 2.000000 0.000001 9.702706 2.690443 -0.011361 7.238610 7.238610 
670.000000 380 2.000000 0.414757 7.733361 1.659025 -1.892218 6.332853 6.332853 
670.000000 381 2.000000 0.446123 0.623486 -5.538762 0.530734 30.959558 30.959558 
670.000000 382 2.000000 0.350483 13.719244 -0.266276 4.902755 24.107905 24.107905 
670.000000 383 2.000000 0.099216 15.357679 -0.757432 1.549389 2.974309 2.974309 
670.000000 384 2.000000 0.560103 16.310014 -1.759585 -3.884195 18.183112 18.183112 
670.000000 385 2.000000 0.628741 12.621821 0.502992 3.317074 11.255979 11.255979 
670.000000 386 2.000000 0.888267 4.258568 0.054224 5.111662 26.132033 26.132033 
670.000000 387 2.000000 0.830139 16.249741 -3.397192 3.214812 21.875932 21.875932 
670.000000 388 2.000000 0.958157 0.535503 -0.836834 -1.287341 2.357538 2.357538 
670.000000 389 2.000000 0.432291 10.265498 8.645798 -4.992044 99.670333 99.670333 
670.000000 390 2.000000 0.124979 2.055573 -2.916733 1.049034 9.607801 9.607801 
670.000000 391 2.000000 0.108642 7.205907 0.022055 2.682844 7.198137 7.198137 
670.000000 392 2.000000 0.107705 13.364955 2.154074 -1.050636 5.743872 5.743872 
670.000000 393 2.000000 0.296984 7.698050 2.969829 -1.302028 10.515160 10.515160 
670.000000 394 2.000000 0.855032 11.748516 -2.899341 -6.445129 49.945872 49.945872 
670.000000 395 2.000000 0.211829 10.135735 -4.968039 1.499369 26.929514 26.929514 
670.000000 396 2.000000 0.583586 10.195174 -1.189751 -4.328609 20.152366 20.152366 
670.000000 397 2.000000 0.979025 7.169713 1.610935 7.524180 59.208392 59.208392 
670.000000 398 2.000000 0.942695 9.042206 1.256925 5.023447 26.814884 26.814884 
670.000000 399 2.000000 0.622656 9.526585 6.226551 7.938820 101.794803 101.794803 
670.000000 400 2.000000 0.177650 7.326428 3.552970 3.185403 22.770388 22.770388 
670.000000 401 2.000000 0.494275 16.334921 -1.444925 -3.322721 13.128280 13.128280 
670.000000 402 2.000000 0.359595 2.512455 -6.404040 -3.306456 51.944385 51.944385 
670.000000 403 2.000000 0.828528 7.169886 2.325844 6.289080 44.962076 44.962076 
670.000000 404 2.000000 0.578479 4.592703 -1.686081 2.152029 7.474099 7.474099 
670.000000 405 2.000000 0.912843 13.715017 -1.743116 -0.169638 3.067229 3.067229 
670.000000 406 2.000000 0.774722 3.835112 2.213489 5.478729 34.916010 34.916010 
670.000000 407 2.000000 0.733454 11.330809 -0.317908 3.077803 9.573939 9.573939 
670.000000 408 2.000000 0.845105 13.077229 -0.442553 -3.203617 10.459015 10.459015 
670.000000 409 2.000000 0.544773 5.807595 -4.552260 5.807594 54.451220 54.451220 
670.000000 410 2.000000 0.581279 11.648417 1.162557 5.682154 33.638411 33.638411 
670.000000 411 2.000000 0.542852 9.405855 -3.047650 -0.638330 9.695636 9.695636 
670.000000 412 2.000000 0.769699 13.607562 2.565659 1.848695 10.000281 10.000281 
670.000000 413 2.000000 0.241277 15.005917 -0.089662 -0.922642 0.859307 0.859307 
670.000000 414 2.000000 0.413843 5.385073 -3.907706 -3.102696 24.896889 24.896889 
670.000000 415 2.000000 0.181827 10.140725 -4.090861 -4.385891 35.971180 35.971180 
670.000000 416 2.000000 0.675133 12.856362 1.725858 -7.400165 57.741027 57.741027 
670.000000 417 2.000000 0.223929 10.184405 0.746426 5.144379 27.021789 27.021789 
670.000000 418 2.000000 0.567127 10.029693 5.671259 2.258927 37.265929 37.265929 
670.000000 419 2.000000 0.349910 1.276973 6.998187 -0.149757 48.997045 48.997045 
670.000000 420 2.000000 0.999999 10.073426 -2.909571 1.614728 11.072954 11.072954 
670.000000 421 2.000000 0.468779 16.290068 -4.699122 -1.492197 24.308401 24.308401 
670.000000 422 2.000000 0.066095 8.627713 1.321871 3.419613 13.441098 13.441098 
670.000000 423 2.000000 0.131625 19.032065 2.632484 -0.660432 7.366141 7.366141 
670.000000 424 2.000000 0.661852 3.938262 1.323701 2.250435 6.816644 6.816644 
670.000000 425 2.000000 0.840731 8.142409 5.604867 -5.809074 65.159875 65.159875 
670.000000 426 2.000000 0.757259 19.246135 7.572576 -3.015457 66.436893 66.436893 
670.000000 427 2.000000 0.749979 4.307258 7.499780 0.898678 57.054326 57.054326 
670.000000 428 2.000000 0.620046 1.741411 -2.533023 5.804699 40.110737 40.110737 
670.000000 429 2.000000 0.031698 5.881935 -0.667794 -3.269849 11.137860 11.137860 
670.000000 430 2.000000 0.324834 13.831058 6.496654 -1.964058 46.064035 46.064035 
670.000000 431 2.000000 0.246690 11.505841 -5.022058 -0.483503 25.454841 25.454841 
670.000000 432 2.000000 0.000001 7.129726 5.003540 -0.975232 25.986494 25.986494 
670.000000 433 2.000000 0.317574 17.612280 -0.600673 -2.970028 9.181876 9.181876 
670.000000 434 2.000000 0.074649 7.568520 1.314737 3.470281 13.771386 13.771386 
670.000000 435 2.000000 0.000001 15.812654 2.557031 5.391020 35.601500 35.601500 
670.000000 436 2.000000 0.062247 7.241197 1.244917 2.691661 8.794854 8.794854 
670.000000 437 2.000000 0.597211 16.930911 -8.055764 -1.975285 68.797089 68.797089 
670.000000 438 2.000000 0.711756 4.147989 7.117549 0.977534 51.615074 51.615074 
670.000000 439 2.000000 0.287124 5.694933 -2.036784 -2.383471 9.829425 9.829425 
670.000000 440 2.000000 0.673769 16.286202 -0.434973 0.621276 0.575185 0.575185 
670.000000 441 2.000000 0.645226 16.392534 -0.677962 -0.390764 0.612329 0.612329 
670.000000 442 2.000000 0.296337 9.761861 5.926727 -3.105630 44.771033 44.771033 
670.000000 443 2.000000 0.477280 8.011185 1.363655 -3.035143 11.071647 11.071647 
670.000000 444 2.000000 0.394848 17.411652 7.896930 -2.396593 68.105166 68.105166 
670.000000 445 2.000000 0.128811 4.400544 1.288104 -1.750697 4.724151 4.724151 
670.000000 446 2.000000 0.541381 2.634359 1.546799 2.195298 7.211920 7.211920 
670.000000 447 2.000000 0.540022 17.314517 -4.599772 -0.344474 21.276560 21.276560 
670.000000 448 2.000000 0.229275 10.040766 1.528495 -0.346443 2.456318 2.456318 
670.000000 449 2.000000 0.416066 18.570502 -0.778577 7.398429 55.342938 55.342938 
670.000000 450 2.000000 0.747462 9.037455 1.149941 0.153878 1.346042 1.346042 
670.000000 451 2.000000 0.980656 3.624740 3.922621 4.027488 31.607615 31.607615 
670.000000 452 2.000000 0.709861 18.448441 3.549300 4.773719 35.385927 35.385927 
670.000000 453 2.000000 0.519593 0.612241 0.195867 -4.792890 23.010155 23.010155 
670.000000 454 2.000000 0.207456 4.297070 -2.264409 -3.126680 14.903674 14.903674 
670.000000 455 2.000000 0.298085 6.033992 -3.509571 4.668899 34.115701 34.115701 
670.000000 456 2.000000 0.716563 1.657731 0.320275 8.648823 74.904718 74.904718 
670.000000 457 2.000000 0.201670 15.740647 4.033372 3.106095 25.915916 25.915916 
670.000000 458 2.000000 0.376807 14.011235 3.768064 -2.842278 22.276851 22.276851 
670.000000 459 2.000000 0.293817 18.090035 -7.061822 8.222743 117.482831 117.482831 
670.000000 460 2.000000 0.140248 9.164616 0.400705 -0.877923 0.931313 0.931313 
670.000000 461 2.000000 0.009324 0.862058 -0.241442 -3.366392 11.390892 11.390892 
670.000000 462 2.000000 0.000001 3.202000 4.028588 -4.097073 33.015530 33.015530 
670.000000 463 2.000000 0.273515 11.810732 5.470281 3.936910 45.423238 45.423238 
670.000000 464 2.000000 0.220189 12.320886 -0.394580 -4.010946 16.243380 16.243380 
670.000000 465 2.000000 0.805898 16.277091 -1.294006 -0.526037 1.951167 1.951167 
670.000000 466 2.000000 0.729292 16.441355 -5.414145 7.289706 82.452769 82.452769 
670.000000 467 2.000000 0.624698 3.291726 0.520581 3.657472 13.648106 13.648106 
670.000000 468 2.000000 0.103831 10.983680 -2.560480 -3.896999 21.742660 21.742660 
670.000000 469 2.000000 0.070935 9.360683 0.709336 3.725580 14.383107 14.383107 
670.000000 470 2.000000 0.892608 14.047975 1.969949 -6.252824 42.978506 42.978506 
670.000000 471 2.000000 0.999999 15.884885 -5.575085 -0.429444 31.265996 31.265996 
670.000000 472 2.000000 0.483066 15.974799 -2.067733 -2.683467 11.476515 11.476515 
670.000000 473 2.000000 0.920322 15.159759 -1.593535 -1.150444 3.862876 3.862876 
670.000000 474 2.000000 0.422505 6.096308 8.450086 1.933065 75.140687 75.140687 
670.000000 475 2.000000 0.373959 5.124470 1.246526 -2.342019 7.038881 7.038881 
670.000000 476 2.000000 0.590127 11.990526 -8.197441 -0.136997 67.216812 67.216812 
670.000000 477 2.000000 0.210137 10.141080 5.229906 1.158551 28.694160 28.694160 
670.000000 478 2.000000 0.024779 9.047616 -4.876100 0.726798 24.304586 24.304586 
670.000000 479 2.000000 0.625222 7.492020 0.568383 5.763092 33.536285 33.536285 
670.000000 480 2.000000 0.946558 17.908542 6.310383 2.353440 45.359607 45.359607 
670.000000 481 2.000000 0.000001 3.168915 5.183106 1.315717 28.595695 28.595695 
670.000000 482 2.000000 0.765209 4.442643 -1.565269 1.332415 4.225395 4.225395 
670.000000 483 2.000000 0.069199 11.097877 -2.659428 1.176566 8.456863 8.456863 
670.000000 484 2.000000 0.550376 4.895195 0.214225 -1.561844 2.485250 2.485250 
670.000000 485 2.000000 0.846600 16.556569 -3.067989 3.311646 20.379560 20.379560 
670.000000 486 2.000000 0.999999 15.524849 -5.037277 2.205600 30.238828 30.238828 
670.000000 487 2.000000 0.512288 11.121334 0.931431 2.068721 5.147169 5.147169 
670.000000 488 2.000000 0.014589 17.865444 -2.341144 3.731057 19.401743 19.401743 
670.000000 489 2.000000 0.213498 14.788881 -2.621672 1.206609 8.329066 8.329066 
670.000000 490 2.000000 0.056853 16.240704 -0.571604 0.889344 1.117663 1.117663 
670.000000 491 2.000000 0.619806 2.489704 -7.603866 -4.167385 75.185879 75.185879 
670.000000 492 2.000000 0.000001 8.334150 1.617378 2.083537 6.957040 6.957040 
670.000000 493 2.000000 0.000001 16.439182 5.676158 0.473439 32.442918 32.442918 
670.000000 494 2.000000 0.366598 3.972210 7.331941 -0.682667 54.223389 54.223389 
670.000000 495 2.000000 0.392042 12.719982 -1.519893 -0.010007 2.310176 2.310176 
670.000000 496 2.000000 0.141267 18.681393 2.825325 -2.347306 13.492306 13.492306 
670.000000 497 2.000000 0.999999 13.004068 -4.858331 -5.596745 54.926930 54.926930 
670.000000 498 2.000000 0.638909 1.224031 -7.221799 -0.888236 52.943351 52.943351 
670.000000 499 2.000000 0.701204 19.032194 -1.991964 -3.871219 18.954262 18.954262 
670.000000 500 2.000000 0.368628 2.202082 -4.209141 -0.618511 18.099421 18.099421 
