153.000000 1 2.000000 8.329187 15.766697 0.721142 0.891675 1.315129 1.315129 
153.000000 2 2.000000 4.361149 12.057802 2.028441 0.397055 4.272225 4.272225 
153.000000 3 2.000000 7.701657 2.821305 0.652683 0.762515 1.007423 1.007423 
153.000000 4 2.000000 11.911822 3.216151 -1.301432 -0.876441 2.461873 2.461873 
153.000000 5 2.000000 3.964642 13.773749 -0.350751 0.678108 0.582856 0.582856 
153.000000 6 2.000000 6.065218 9.973093 0.654583 0.787992 1.049411 1.049411 
153.000000 7 2.000000 12.531075 19.735791 -0.128187 0.666408 0.460532 0.460532 
153.000000 8 2.000000 4.532669 17.445749 -0.491176 0.808190 0.894425 0.894425 
153.000000 9 2.000000 7.002881 15.770205 -0.466843 1.061967 1.345715 1.345715 
153.000000 10 2.000000 0.894490 11.806845 -2.234944 -0.434650 5.183894 5.183894 
153.000000 11 2.000000 4.753511 1.094768 -1.369059 -0.348125 1.995514 1.995514 
153.000000 12 2.000000 9.591550 5.107186 -0.537819 -0.322945 0.393543 0.393543 
153.000000 13 2.000000 1.951777 7.249526 1.259210 -0.234114 1.640420 1.640420 
153.000000 14 2.000000 6.649479 15.231866 0.443929 1.007813 1.212760 1.212760 
153.000000 15 2.000000 2.169717 2.351475 0.647676 -0.568529 0.742710 0.742710 
153.000000 16 2.000000 13.926620 11.968965 -1.334894 0.231225 1.835407 1.835407 
153.000000 17 2.000000 11.822770 6.679297 0.596811 0.211967 0.401113 0.401113 
153.000000 18 2.000000 13.213092 3.772994 -1.983813 -0.545506 4.233091 4.233091 
153.000000 19 2.000000 2.800405 8.213614 0.718052 -0.615477 0.894411 0.894411 
153.000000 20 2.000000 6.456446 9.071647 0.611985 0.290293 0.458796 0.458796 
153.000000 21 2.000000 12.111288 10.220179 2.106311 0.107685 4.448141 4.448141 
153.000000 22 2.000000 1.570633 4.929835 -0.483527 0.122855 0.248892 0.248892 
153.000000 23 2.000000 4.574748 2.925910 -0.220151 0.163497 0.075198 0.075198 
153.000000 24 2.000000 8.093232 6.452935 0.106441 -0.266540 0.082373 0.082373 
153.000000 25 2.000000 7.941485 12.608591 0.261143 -0.193824 0.105764 0.105764 
153.000000 26 2.000000 0.525486 0.578345 0.389249 1.285209 1.803275 1.803275 
153.000000 27 2.000000 12.229086 3.289325 -0.003880 0.865612 0.749298 0.749298 
153.000000 28 2.000000 3.249007 2.803296 -1.567649 1.121318 3.714878 3.714878 
153.000000 29 2.000000 7.804298 13.926543 -0.382534 -0.152542 0.169601 0.169601 
153.000000 30 2.000000 0.878389 2.966144 -0.251155 -0.034142 0.064244 0.064244 
153.000000 31 2.000000 14.092464 5.037430 1.236181 1.259357 3.114124 3.114124 
153.000000 32 2.000000 1.743257 4.135927 0.206189 -0.695836 0.526701 0.526701 
153.000000 33 2.000000 2.476472 6.664172 -0.596570 -0.671575 0.806909 0.806909 
153.000000 34 2.000000 6.640373 11.676856 0.174131 -0.081652 0.036989 0.036989 
153.000000 35 2.000000 5.650888 2.551398 0.220525 -0.599953 0.408576 0.408576 
153.000000 36 2.000000 11.616408 5.194460 -0.250544 -1.350113 1.885576 1.885576 
153.000000 37 2.000000 6.791150 17.312022 -0.403415 0.418062 0.337520 0.337520 
153.000000 38 2.000000 6.021952 11.752454 -1.323677 0.041576 1.753848 1.753848 
153.000000 39 2.000000 6.995307 5.458040 0.312989 -0.067522 0.102521 0.102521 
153.000000 40 2.000000 5.885522 8.876065 0.138461 -0.003684 0.019185 0.019185 
153.000000 41 2.000000 4.495783 16.777298 -0.085683 -1.074234 1.161320 1.161320 
153.000000 42 2.000000 3.862814 1.869043 0.742849 0.778768 1.158303 1.158303 
153.000000 43 2.000000 7.234126 13.394346 0.014955 -0.492959 0.243232 0.243232 
153.000000 44 2.000000 4.606897 15.534668 0.606054 -0.062134 0.371162 0.371162 
153.000000 45 2.000000 1.244467 11.608203 0.754222 0.627470 0.962569 0.962569 
153.000000 46 2.000000 7.487932 12.118916 -0.068426 0.464326 0.220281 0.220281 
153.000000 47 2.000000 10.528200 2.027196 -0.617470 -0.772966 0.978747 0.978747 
153.000000 48 2.000000 9.559124 6.871340 -1.209361 -0.038751 1.464055 1.464055 
153.000000 49 2.000000 13.305570 10.150381 0.179841 0.202400 0.073309 0.073309 
153.000000 50 2.000000 3.703859 12.270392 1.001043 -0.574692 1.332358 1.332358 
153.000000 51 2.000000 11.930639 19.771408 -1.040382 0.479307 1.312130 1.312130 
153.000000 52 2.000000 8.416147 7.037580 -0.828865 -0.706062 1.185540 1.185540 
153.000000 53 2.000000 3.420479 7.144188 -0.442719 -0.652579 0.621860 0.621860 
153.000000 54 2.000000 1.186753 8.678874 -0.569069 -0.182019 0.356970 0.356970 
153.000000 55 2.000000 11.421150 3.064251 -1.122254 0.795909 1.892926 1.892926 
153.000000 56 2.000000 4.897206 19.506841 -1.933672 -0.080846 3.745623 3.745623 
153.000000 57 2.000000 6.709780 9.162081 -0.773060 -0.622242 0.984806 0.984806 
153.000000 58 2.000000 11.208544 3.643723 0.706942 1.571460 2.969253 2.969253 
153.000000 59 2.000000 5.687417 7.905900 -1.074412 0.472076 1.377218 1.377218 
153.000000 60 2.000000 0.088970 5.315008 -1.102437 1.273650 2.837552 2.837552 
153.000000 61 2.000000 1.458544 10.482734 0.085139 1.103446 1.224841 1.224841 
153.000000 62 2.000000 5.210693 15.007208 0.388382 0.849491 0.872475 0.872475 
153.000000 63 2.000000 11.888038 0.600939 0.280714 0.462260 0.292485 0.292485 
153.000000 64 2.000000 6.710858 3.620021 0.078352 -0.334285 0.117886 0.117886 
153.000000 65 2.000000 6.096584 9.448284 0.019159 0.743959 0.553843 0.553843 
153.000000 66 2.000000 13.554991 18.935140 0.894242 -0.819122 1.470630 1.470630 
153.000000 67 2.000000 0.968144 18.517133 1.383061 0.265342 1.983265 1.983265 
153.000000 68 2.000000 0.655324 15.835330 0.770968 -0.060785 0.598087 0.598087 
153.000000 69 2.000000 10.334745 14.509445 -0.113489 0.807194 0.664442 0.664442 
153.000000 70 2.000000 10.907649 19.286426 -0.276906 -1.019390 1.115834 1.115834 
153.000000 71 2.000000 3.559662 12.293455 -0.946234 -1.213629 2.368254 2.368254 
153.000000 72 2.000000 0.795710 16.700215 0.691921 0.833211 1.172994 1.172994 
153.000000 73 2.000000 12.012158 5.264720 -0.581460 0.322366 0.442016 0.442016 
153.000000 74 2.000000 1.466906 3.220200 -1.424857 0.470272 2.251373 2.251373 
153.000000 75 2.000000 9.350806 17.857711 -0.549661 -0.595080 0.656247 0.656247 
153.000000 76 2.000000 6.255545 5.518689 -1.683737 0.359022 2.963866 2.963866 
153.000000 77 2.000000 7.951629 3.010617 0.981683 -0.065707 0.968018 0.968018 
153.000000 78 2.000000 3.900609 13.350600 1.083502 0.233963 1.228716 1.228716 
153.000000 79 2.000000 2.093413 19.845421 0.260051 -0.441651 0.262682 0.262682 
153.000000 80 2.000000 1.907640 5.884489 -0.235792 0.401453 0.216763 0.216763 
153.000000 81 2.000000 13.143337 9.800646 -1.135539 -0.159383 1.314852 1.314852 
153.000000 82 2.000000 4.957926 1.307513 -1.762873 -0.515733 3.373704 3.373704 
153.000000 83 2.000000 12.259599 3.375445 0.200204 -0.156933 0.064710 0.064710 
153.000000 84 2.000000 8.690904 15.238536 -0.539835 1.238905 1.826308 1.826308 
153.000000 85 2.000000 13.358236 14.014626 -0.700210 -0.880202 1.265050 1.265050 
153.000000 86 2.000000 1.211356 19.001246 0.526676 -1.248441 1.835993 1.835993 
153.000000 87 2.000000 8.287693 3.350825 -0.880615 0.023128 0.776018 0.776018 
153.000000 88 2.000000 13.251488 16.980744 -0.334496 -0.944024 1.003069 1.003069 
153.000000 89 2.000000 13.860036 14.760512 0.917883 -0.748498 1.402759 1.402759 
153.000000 90 2.000000 9.898671 9.443347 -0.950197 0.706883 1.402559 1.402559 
153.000000 91 2.000000 1.993563 18.465282 -0.951291 -1.096226 2.106666 2.106666 
153.000000 92 2.000000 10.192579 9.073211 -1.195513 1.183084 2.828939 2.828939 
153.000000 93 2.000000 9.221164 16.888744 0.728946 0.372820 0.670357 0.670357 
153.000000 94 2.000000 1.458115 19.775478 -1.426361 -1.496809 4.274943 4.274943 
153.000000 95 2.000000 13.103023 15.098827 0.062818 0.504176 0.258139 0.258139 
153.000000 96 2.000000 5.891650 4.380156 -0.668749 0.253188 0.511329 0.511329 
153.000000 97 2.000000 11.782646 1.872591 -0.944926 -0.129481 0.909650 0.909650 
153.000000 98 2.000000 6.124174 2.872491 -0.798549 0.508405 0.896157 0.896157 
153.000000 99 2.000000 7.903614 4.719355 1.188513 0.773665 2.011121 2.011121 
153.000000 100 2.000000 10.706959 0.996701 -0.026980 1.245875 1.552932 1.552932 
153.000000 101 2.000000 11.660538 12.030303 1.355876 0.382568 1.984759 1.984759 
153.000000 102 2.000000 11.388814 16.913742 -0.524467 -0.501830 0.526899 0.526899 
153.000000 103 2.000000 3.561726 6.142987 0.492261 -0.697688 0.729089 0.729089 
153.000000 104 2.000000 13.548089 3.659438 0.266432 -0.627277 0.464462 0.464462 
153.000000 105 2.000000 9.592182 12.943308 -0.425664 0.883502 0.961766 0.961766 
153.000000 106 2.000000 4.056855 18.435316 1.430659 0.770683 2.640737 2.640737 
153.000000 107 2.000000 5.689608 17.782774 1.625602 0.077698 2.648619 2.648619 
153.000000 108 2.000000 10.003140 11.736493 0.889168 -0.949828 1.692793 1.692793 
153.000000 109 2.000000 10.865780 7.564530 0.299333 1.096309 1.291493 1.291493 
153.000000 110 2.000000 2.018505 5.225111 -0.539465 0.629876 0.687766 0.687766 
153.000000 111 2.000000 8.395564 16.398650 0.276739 -0.477000 0.304114 0.304114 
153.000000 112 2.000000 0.713742 6.518101 -0.550862 -0.549936 0.605879 0.605879 
153.000000 113 2.000000 2.050114 16.189201 -1.282706 0.997802 2.640944 2.640944 
153.000000 114 2.000000 8.938556 16.482517 -0.569246 0.043196 0.325907 0.325907 
153.000000 115 2.000000 0.208349 14.825081 -1.093448 -0.309292 1.291290 1.291290 
153.000000 116 2.000000 3.092810 16.740905 -0.382401 0.336229 0.259280 0.259280 
153.000000 117 2.000000 5.500352 1.373717 -0.877193 0.339189 0.884517 0.884517 
153.000000 118 2.000000 10.897843 6.148231 1.123489 1.128116 2.534872 2.534872 
153.000000 119 2.000000 3.721224 15.707553 1.181341 -0.197354 1.434515 1.434515 
153.000000 120 2.000000 9.940885 18.034929 1.616404 -0.818779 3.283161 3.283161 
153.000000 121 2.000000 4.570150 8.048938 0.692447 -0.043286 0.481356 0.481356 
153.000000 122 2.000000 5.743109 14.995791 0.126238 0.744209 0.569783 0.569783 
153.000000 123 2.000000 1.169975 7.439034 -0.711069 1.636411 3.183460 3.183460 
153.000000 124 2.000000 1.775018 3.643882 0.529856 -0.287043 0.363141 0.363141 
153.000000 125 2.000000 1.079338 4.615519 1.269808 -0.526487 1.889600 1.889600 
153.000000 126 2.000000 12.636228 4.435348 0.114195 -0.329260 0.121453 0.121453 
153.000000 127 2.000000 2.177155 7.007960 1.319487 -0.787362 2.360985 2.360985 
153.000000 128 2.000000 7.985644 1.925102 0.047329 -0.257613 0.068605 0.068605 
153.000000 129 2.000000 5.346966 5.100350 -0.550408 -1.091549 1.494429 1.494429 
153.000000 130 2.000000 8.125549 3.459374 -0.738053 -0.773349 1.142791 1.142791 
153.000000 131 2.000000 11.396242 10.013021 -0.167455 -1.572752 2.501591 2.501591 
153.000000 132 2.000000 2.871656 12.497155 0.691965 0.590882 0.827957 0.827957 
153.000000 133 2.000000 4.901942 2.090164 -0.710861 0.308116 0.600259 0.600259 
153.000000 134 2.000000 1.274933 9.307849 -1.034255 -0.009584 1.069776 1.069776 
153.000000 135 2.000000 5.462549 7.567973 0.758687 -1.714762 3.516016 3.516016 
153.000000 136 2.000000 7.777495 11.142753 0.058551 0.894312 0.803223 0.803223 
153.000000 137 2.000000 0.294348 18.291863 -0.197180 0.804498 0.686098 0.686098 
153.000000 138 2.000000 2.287231 0.782911 -0.386450 1.423473 2.175619 2.175619 
153.000000 139 2.000000 3.727921 13.468835 1.694509 0.290858 2.955959 2.955959 
153.000000 140 2.000000 8.685034 7.264945 0.808015 0.667580 1.098551 1.098551 
153.000000 141 2.000000 8.294031 8.030837 -0.163788 0.398553 0.185671 0.185671 
153.000000 142 2.000000 1.929346 8.302044 -0.064521 -0.184526 0.038213 0.038213 
153.000000 143 2.000000 0.935174 12.881467 -1.264829 -0.235141 1.655084 1.655084 
153.000000 144 2.000000 4.815986 3.648307 0.642131 -0.348279 0.533631 0.533631 
153.000000 145 2.000000 7.652097 1.767350 -0.603706 0.113656 0.377378 0.377378 
153.000000 146 2.000000 5.069552 6.165480 0.066355 1.401245 1.967891 1.967891 
153.000000 147 2.000000 12.361036 13.011572 0.769816 0.234970 0.647828 0.647828 
153.000000 148 2.000000 3.024826 4.278027 0.889654 -0.087404 0.799124 0.799124 
153.000000 149 2.000000 3.802663 11.822707 -0.997370 -0.497862 1.242614 1.242614 
153.000000 150 2.000000 6.705427 1.936407 0.436741 -0.148355 0.212752 0.212752 
153.000000 151 2.000000 12.151335 5.031784 -0.394959 0.811578 0.814651 0.814651 
153.000000 152 2.000000 11.100645 7.894971 0.132972 0.161068 0.043625 0.043625 
153.000000 153 2.000000 9.389134 12.706339 -0.806733 -0.469794 0.871525 0.871525 
153.000000 154 2.000000 5.315236 6.579134 -1.608047 -0.674142 3.040282 3.040282 
153.000000 155 2.000000 8.789650 18.505054 -1.542364 -0.255942 2.444392 2.444392 
153.000000 156 2.000000 7.118756 5.776989 -0.806179 1.392045 2.587714 2.587714 
153.000000 157 2.000000 1.153646 3.391376 -1.260570 -0.914615 2.425557 2.425557 
153.000000 158 2.000000 4.648334 9.240229 1.609592 -0.087689 2.598475 2.598475 
153.000000 159 2.000000 11.894507 7.687162 0.238384 0.197876 0.095982 0.095982 
153.000000 160 2.000000 2.304054 15.775328 -0.598238 -0.085365 0.365176 0.365176 
153.000000 161 2.000000 6.112795 4.895373 0.326504 0.103173 0.117249 0.117249 
153.000000 162 2.000000 10.563060 11.994139 0.065104 0.682840 0.470509 0.470509 
153.000000 163 2.000000 3.172818 1.561694 -0.180896 0.025127 0.033355 0.033355 
153.000000 164 2.000000 3.448566 1.916156 -0.099747 -0.002713 0.009957 0.009957 
153.000000 165 2.000000 12.161122 1.083784 0.767263 0.699215 1.077595 1.077595 
153.000000 166 2.000000 11.261839 15.963441 -0.910883 0.561982 1.145532 1.145532 
153.000000 167 2.000000 10.613580 18.945446 -0.745410 1.654624 3.293416 3.293416 
153.000000 168 2.000000 1.687353 12.249520 -0.502449 0.860654 0.993182 0.993182 
153.000000 169 2.000000 1.860950 12.903016 1.240632 0.847386 2.257232 2.257232 
153.000000 170 2.000000 2.501247 18.044880 -0.593095 1.207015 1.808648 1.808648 
153.000000 171 2.000000 2.304602 8.811502 2.304601 0.519032 5.580580 5.580580 
153.000000 172 2.000000 9.517804 17.778521 -0.677479 -0.854415 1.189002 1.189002 
153.000000 173 2.000000 1.831212 8.470288 0.218001 0.464125 0.262937 0.262937 
153.000000 174 2.000000 9.899594 18.179964 0.298796 -0.627598 0.483159 0.483159 
153.000000 175 2.000000 11.224633 15.073074 -0.896367 -1.225224 2.304647 2.304647 
153.000000 176 2.000000 3.914277 10.566322 -1.297097 -2.062799 5.937601 5.937601 
153.000000 177 2.000000 3.132411 19.757027 2.088273 -0.373804 4.500615 4.500615 
153.000000 178 2.000000 10.232087 16.130869 -0.172258 -1.381832 1.939133 1.939133 
153.000000 179 2.000000 6.414364 18.342810 0.399111 -0.849840 0.881518 0.881518 
153.000000 180 2.000000 3.973293 19.643054 -0.213065 0.136755 0.064099 0.064099 
153.000000 181 2.000000 8.517996 15.626456 -0.778915 0.239704 0.664167 0.664167 
153.000000 182 2.000000 4.199828 12.738990 -0.147738 -0.896421 0.825397 0.825397 
153.000000 183 2.000000 8.613756 1.704660 1.325551 -0.380369 1.901767 1.901767 
153.000000 184 2.000000 11.962909 8.929677 0.279368 -1.287247 1.735051 1.735051 
153.000000 185 2.000000 7.514855 12.003638 0.687701 0.848080 1.192173 1.192173 
153.000000 186 2.000000 1.692811 16.525793 -0.624656 -0.884476 1.172493 1.172493 
153.000000 187 2.000000 5.352777 13.274676 0.532615 0.636340 0.688607 0.688607 
153.000000 188 2.000000 2.204330 11.549556 -0.038494 1.132309 1.283606 1.283606 
153.000000 189 2.000000 5.323997 4.519431 -0.292541 -1.739390 3.111057 3.111057 
153.000000 190 2.000000 11.111998 10.237932 -1.846236 0.033834 3.409731 3.409731 
153.000000 191 2.000000 8.472890 18.315461 1.645221 -0.082029 2.713482 2.713482 
153.000000 192 2.000000 0.523347 2.743322 0.951537 0.762034 1.486119 1.486119 
153.000000 193 2.000000 9.249197 19.634895 -0.188674 -0.608506 0.405877 0.405877 
153.000000 194 2.000000 1.531488 17.557831 0.747067 -0.704538 1.054482 1.054482 
153.000000 195 2.000000 13.340033 16.228606 1.210848 -0.967024 2.401288 2.401288 
153.000000 196 2.000000 7.919129 4.390930 0.308657 0.428670 0.279027 0.279027 
153.000000 197 2.000000 7.632288 10.849265 0.573859 -2.287683 5.562810 5.562810 
153.000000 198 2.000000 5.970308 1.693124 1.037927 -0.347791 1.198251 1.198251 
153.000000 199 2.000000 0.934707 18.277183 -0.454806 0.381694 0.352539 0.352539 
153.000000 200 2.000000 14.075241 19.690457 0.779843 -1.031806 1.672779 1.672779 
153.000000 201 2.000000 12.690691 0.468718 0.132344 0.334798 0.129605 0.129605 
153.000000 202 2.000000 4.579215 4.573746 0.631616 1.076175 1.557092 1.557092 
153.000000 203 2.000000 4.324927 1.259067 -0.177478 -0.672924 0.484325 0.484325 
153.000000 204 2.000000 13.251650 3.518757 0.781808 -1.066747 1.749173 1.749173 
153.000000 205 2.000000 5.019241 10.309297 0.342610 1.090931 1.307512 1.307512 
153.000000 206 2.000000 14.160724 2.969680 0.658638 -0.828726 1.120591 1.120591 
153.000000 207 2.000000 9.363278 6.615338 -0.471584 -1.503574 2.483125 2.483125 
153.000000 208 2.000000 3.411666 9.540520 -0.782241 -0.031829 0.612914 0.612914 
153.000000 209 2.000000 11.831073 8.635602 0.064978 0.002273 0.004227 0.004227 
153.000000 210 2.000000 0.359050 19.242035 -0.533755 -1.263274 1.880755 1.880755 
153.000000 211 2.000000 13.468921 17.406719 -0.881621 0.663721 1.217782 1.217782 
153.000000 212 2.000000 7.493461 14.355555 -1.576515 -0.283410 2.565720 2.565720 
153.000000 213 2.000000 3.628315 12.436018 1.511797 -0.156281 2.309955 2.309955 
153.000000 214 2.000000 6.017750 17.983730 -0.464445 -0.039239 0.217249 0.217249 
153.000000 215 2.000000 0.746671 2.064282 -0.407212 -0.966885 1.100689 1.100689 
153.000000 216 2.000000 13.876080 13.314934 1.296875 -0.467955 1.900868 1.900868 
153.000000 217 2.000000 2.385164 14.123618 0.851844 -0.652526 1.151428 1.151428 
153.000000 218 2.000000 11.012758 16.392457 -0.221424 0.795750 0.682247 0.682247 
153.000000 219 2.000000 3.587604 14.956607 -0.225717 0.482100 0.283368 0.283368 
153.000000 220 2.000000 9.436602 15.385239 -0.925738 0.398069 1.015449 1.015449 
153.000000 221 2.000000 4.428450 18.819089 1.006466 0.799112 1.651553 1.651553 
153.000000 222 2.000000 2.132169 5.457968 1.776807 0.642114 3.569353 3.569353 
153.000000 223 2.000000 13.839861 18.891036 0.892894 0.389913 0.949292 0.949292 
153.000000 224 2.000000 5.821830 8.450217 -0.999399 -0.074281 1.004316 1.004316 
153.000000 225 2.000000 8.646742 10.404113 0.624313 -0.292308 0.475211 0.475211 
153.000000 226 2.000000 1.430387 11.300303 0.572154 -0.006402 0.327402 0.327402 
153.000000 227 2.000000 0.533922 18.107714 -0.159633 0.776301 0.628126 0.628126 
153.000000 228 2.000000 2.138215 7.717832 -0.102296 -0.402146 0.172186 0.172186 
153.000000 229 2.000000 4.093077 14.828167 -0.309680 0.300774 0.186367 0.186367 
153.000000 230 2.000000 2.029928 18.342596 -0.554983 -0.536140 0.595452 0.595452 
153.000000 231 2.000000 5.514843 4.299321 0.811006 -0.969178 1.597037 1.597037 
153.000000 232 2.000000 4.953584 13.187479 -0.349118 0.120887 0.136497 0.136497 
153.000000 233 2.000000 10.739676 1.737728 -1.952624 -0.740863 4.361617 4.361617 
153.000000 234 2.000000 12.041913 8.025613 -0.004186 0.321384 0.103305 0.103305 
153.000000 235 2.000000 7.108637 1.077371 -1.247806 -0.114163 1.570052 1.570052 
153.000000 236 2.000000 13.192159 1.470092 -0.093135 0.229702 0.061437 0.061437 
153.000000 237 2.000000 10.761239 4.931250 -0.216998 -1.278767 1.682334 1.682334 
153.000000 238 2.000000 2.339563 19.339500 1.063437 -0.032055 1.131926 1.131926 
153.000000 239 2.000000 12.965226 0.185777 -0.458956 0.232219 0.264567 0.264567 
153.000000 240 2.000000 13.072095 11.554284 -0.894849 -1.384543 2.717715 2.717715 
153.000000 241 2.000000 6.557065 12.086642 1.150362 1.430372 3.369296 3.369296 
153.000000 242 2.000000 9.359311 10.375829 0.710965 0.913253 1.339501 1.339501 
153.000000 243 2.000000 7.230991 5.896112 -1.206909 -0.557967 1.767956 1.767956 
153.000000 244 2.000000 2.472571 5.101462 0.784943 -0.309204 0.711743 0.711743 
153.000000 245 2.000000 12.937858 10.770828 -1.821059 0.212010 3.361204 3.361204 
153.000000 246 2.000000 0.803801 13.704671 1.901349 -0.114114 3.628149 3.628149 
153.000000 247 2.000000 7.631220 0.426537 0.649465 -0.466459 0.639389 0.639389 
153.000000 248 2.000000 10.278136 12.872150 -1.222201 -0.925695 2.350686 2.350686 
153.000000 249 2.000000 9.584833 19.237058 1.121033 0.046567 1.258883 1.258883 
153.000000 250 2.000000 5.568115 19.277942 -1.427981 -0.722057 2.560497 2.560497 
153.000000 251 2.000000 3.396224 4.672801 1.113516 -0.115542 1.253267 1.253267 
153.000000 252 2.000000 2.307309 11.125723 -0.002220 1.215473 1.477379 1.477379 
153.000000 253 2.000000 10.054978 1.947675 1.435992 -0.862118 2.805320 2.805320 
153.000000 254 2.000000 4.628838 16.566334 0.099545 1.213651 1.482857 1.482857 
153.000000 255 2.000000 8.310120 6.778963 -1.068856 -1.399051 3.099798 3.099798 
153.000000 256 2.000000 0.403337 0.378865 0.474513 -0.528805 0.504797 0.504797 
153.000000 257 2.000000 9.573158 3.447507 -0.062741 0.460629 0.216116 0.216116 
153.000000 258 2.000000 3.242183 13.893106 -1.066229 -0.768202 1.726980 1.726980 
153.000000 259 2.000000 5.018363 5.746581 -1.309638 -0.082057 1.721884 1.721884 
153.000000 260 2.000000 7.899441 7.089126 -0.112157 -0.815762 0.678047 0.678047 
153.000000 261 2.000000 13.917722 18.883236 -1.379386 1.649450 4.623391 4.623391 
153.000000 262 2.000000 3.622383 3.748051 0.085310 1.267984 1.615062 1.615062 
153.000000 263 2.000000 3.372960 16.318103 1.322729 0.865682 2.499017 2.499017 
153.000000 264 2.000000 8.098071 16.732192 0.570287 0.054572 0.328205 0.328205 
153.000000 265 2.000000 11.869864 6.931537 1.181081 -0.397822 1.553215 1.553215 
153.000000 266 2.000000 7.054080 1.747719 -0.929490 -0.695325 1.347428 1.347428 
153.000000 267 2.000000 2.761663 9.335168 0.581403 -0.340729 0.454126 0.454126 
153.000000 268 2.000000 13.107135 16.248657 2.207478 1.138462 6.169058 6.169058 
153.000000 269 2.000000 2.391096 0.935623 -1.351474 -1.146024 3.139851 3.139851 
153.000000 270 2.000000 1.626283 6.008648 -0.764923 1.072973 1.736378 1.736378 
153.000000 271 2.000000 7.854000 13.992141 0.152165 -0.539252 0.313947 0.313947 
153.000000 272 2.000000 12.462219 19.054084 -0.772994 0.210558 0.641854 0.641854 
153.000000 273 2.000000 11.048517 9.523622 -0.727556 0.037278 0.530728 0.530728 
153.000000 274 2.000000 8.191221 19.243929 0.660582 -1.680155 3.259291 3.259291 
153.000000 275 2.000000 9.358560 9.025253 0.276636 -0.515901 0.342681 0.342681 
153.000000 276 2.000000 13.194831 13.262212 -0.615501 -0.639638 0.787979 0.787979 
153.000000 277 2.000000 8.533458 9.596405 -1.168492 -0.780635 1.974764 1.974764 
153.000000 278 2.000000 5.841369 18.613952 0.871846 0.323958 0.865064 0.865064 
153.000000 279 2.000000 6.421870 10.784696 -0.489403 0.640041 0.649168 0.649168 
153.000000 280 2.000000 7.240304 7.318554 -0.507425 1.478496 2.443429 2.443429 
153.000000 281 2.000000 7.868609 18.790930 -0.149919 0.370545 0.159779 0.159779 
153.000000 282 2.000000 7.554969 3.750864 0.191838 1.041906 1.122370 1.122370 
153.000000 283 2.000000 9.631646 15.019337 -1.418107 -0.754525 2.580335 2.580335 
153.000000 284 2.000000 6.256450 15.300658 0.435989 -0.074005 0.195564 0.195564 
153.000000 285 2.000000 6.373158 4.552093 0.036912 -1.839036 3.383417 3.383417 
153.000000 286 2.000000 2.545227 19.318722 -1.250580 0.609647 1.935621 1.935621 
153.000000 287 2.000000 8.140986 2.726949 -0.140328 0.343012 0.137349 0.137349 
153.000000 288 2.000000 12.191006 17.096559 -0.285825 -0.010477 0.081806 0.081806 
153.000000 289 2.000000 6.115173 2.831285 0.849329 -0.324647 0.826756 0.826756 
153.000000 290 2.000000 0.727190 2.202308 0.855517 -0.569526 1.056269 1.056269 
153.000000 291 2.000000 0.000001 14.035929 0.878890 -0.142710 0.792814 0.792814 
153.000000 292 2.000000 0.622406 7.744886 1.556013 -0.639954 2.830716 2.830716 
153.000000 293 2.000000 6.341009 19.902778 -0.729189 0.865338 1.280526 1.280526 
153.000000 294 2.000000 2.184925 11.231325 -0.458741 1.148836 1.530269 1.530269 
153.000000 295 2.000000 14.117617 16.719632 0.623578 -0.458793 0.599341 0.599341 
153.000000 296 2.000000 1.494088 3.259564 0.807615 0.814891 1.316288 1.316288 
153.000000 297 2.000000 9.574303 8.883748 0.386840 -0.758788 0.725406 0.725406 
153.000000 298 2.000000 6.590180 13.295745 -1.207345 -0.891779 2.252952 2.252952 
153.000000 299 2.000000 13.926924 11.434847 0.027976 -0.992044 0.984935 0.984935 
153.000000 300 2.000000 9.156840 15.823361 -0.261518 0.021316 0.068846 0.068846 
153.000000 301 2.000000 4.053770 1.388200 -0.110115 -1.367693 1.882710 1.882710 
153.000000 302 2.000000 4.726392 2.526142 -0.858528 0.940800 1.622175 1.622175 
153.000000 303 2.000000 11.884711 13.201833 0.772461 1.348452 2.415019 2.415019 
153.000000 304 2.000000 7.061604 14.740192 0.975179 0.997300 1.945583 1.945583 
153.000000 305 2.000000 4.257045 7.943552 0.538201 0.171681 0.319134 0.319134 
153.000000 306 2.000000 11.147593 7.766489 1.149236 -0.042028 1.322510 1.322510 
153.000000 307 2.000000 11.285940 12.927793 0.049654 -1.400437 1.963689 1.963689 
153.000000 308 2.000000 13.042596 16.945698 -0.917541 -0.462773 1.056039 1.056039 
153.000000 309 2.000000 10.991429 16.738356 0.782308 0.981722 1.575783 1.575783 
153.000000 310 2.000000 2.127414 8.117274 0.236379 -0.589713 0.403637 0.403637 
153.000000 311 2.000000 3.246281 6.592675 1.708569 -0.126586 2.935231 2.935231 
153.000000 312 2.000000 0.646767 12.288348 -0.701688 -0.315405 0.591846 0.591846 
153.000000 313 2.000000 1.360996 10.535014 -1.198634 0.829529 2.124841 2.124841 
153.000000 314 2.000000 0.417948 11.936889 -0.639572 -0.275811 0.485125 0.485125 
153.000000 315 2.000000 0.142061 11.741656 0.315689 0.061926 0.103495 0.103495 
153.000000 316 2.000000 11.892174 1.065753 -0.309459 -1.123694 1.358453 1.358453 
153.000000 317 2.000000 0.944928 19.324079 0.944927 -0.540736 1.185282 1.185282 
153.000000 318 2.000000 7.620622 3.676725 -0.486503 -1.233501 1.758210 1.758210 
153.000000 319 2.000000 12.129370 16.156624 1.895214 0.923236 4.444200 4.444200 
153.000000 320 2.000000 9.223463 15.938421 -0.316487 0.466140 0.317451 0.317451 
153.000000 321 2.000000 5.231744 2.392515 0.282926 1.329174 1.846752 1.846752 
153.000000 322 2.000000 5.203066 2.087672 0.529482 -0.811056 0.938162 0.938162 
153.000000 323 2.000000 13.502090 0.732579 -1.557798 -0.190896 2.463175 2.463175 
153.000000 324 2.000000 9.859635 6.191241 -0.634740 -0.738436 0.948183 0.948183 
153.000000 325 2.000000 13.059292 1.619813 -0.517450 -0.048463 0.270103 0.270103 
153.000000 326 2.000000 7.433769 19.824641 -0.144154 -0.077937 0.026855 0.026855 
153.000000 327 2.000000 11.900207 1.599406 1.027204 0.820207 1.727888 1.727888 
153.000000 328 2.000000 4.105611 15.655846 -0.346252 0.995313 1.110538 1.110538 
153.000000 329 2.000000 7.406066 13.327166 -0.371166 0.419885 0.314068 0.314068 
153.000000 330 2.000000 13.053495 1.211134 -0.115569 0.361532 0.144062 0.144062 
153.000000 331 2.000000 6.351696 8.516410 -1.005198 1.135521 2.299831 2.299831 
153.000000 332 2.000000 2.636845 15.225166 0.659211 0.928364 1.296418 1.296418 
153.000000 333 2.000000 1.061530 16.685590 -1.159749 -0.552402 1.650166 1.650166 
153.000000 334 2.000000 2.851218 15.215670 -0.348415 -0.472831 0.344962 0.344962 
153.000000 335 2.000000 3.350843 15.861748 -0.162607 0.218954 0.074382 0.074382 
153.000000 336 2.000000 2.717512 7.885635 -0.796482 1.044455 1.725269 1.725269 
153.000000 337 2.000000 13.864402 7.905762 -0.497425 1.264922 1.847458 1.847458 
153.000000 338 2.000000 9.540937 8.544663 -0.437430 -1.106632 1.415979 1.415979 
153.000000 339 2.000000 11.651467 5.842415 0.917438 1.343084 2.645567 2.645567 
153.000000 340 2.000000 11.018481 9.295294 0.307350 -1.574221 2.572636 2.572636 
153.000000 341 2.000000 10.078793 6.462936 -0.524060 -1.082965 1.447452 1.447452 
153.000000 342 2.000000 5.605601 10.190132 -1.433187 -0.034374 2.055205 2.055205 
153.000000 343 2.000000 3.780545 18.257514 -0.071089 -1.452071 2.113563 2.113563 
153.000000 344 2.000000 5.075209 0.586432 0.416001 0.209440 0.216922 0.216922 
153.000000 345 2.000000 7.780350 18.199779 0.306193 0.671855 0.545143 0.545143 
153.000000 346 2.000000 11.934171 8.066447 1.560022 -0.787693 3.054130 3.054130 
153.000000 347 2.000000 3.200127 6.748920 0.133849 -0.076912 0.023831 0.023831 
153.000000 348 2.000000 7.004568 15.181955 1.634706 0.979162 3.631023 3.631023 
153.000000 349 2.000000 2.805475 3.458735 0.143825 0.741412 0.570377 0.570377 
153.000000 350 2.000000 9.018492 11.466849 1.785840 -0.677234 3.647870 3.647870 
153.000000 351 2.000000 3.176648 3.321871 0.061622 -0.684190 0.471913 0.471913 
153.000000 352 2.000000 3.713420 11.701701 0.534305 -0.757835 0.859796 0.859796 
153.000000 353 2.000000 9.903396 3.182660 -0.187480 0.058616 0.038585 0.038585 
153.000000 354 2.000000 10.613894 15.039553 -0.664685 -0.870254 1.199148 1.199148 
153.000000 355 2.000000 1.775090 6.257304 0.376104 -0.490385 0.381932 0.381932 
153.000000 356 2.000000 4.767310 10.861407 -0.829486 0.310326 0.784350 0.784350 
153.000000 357 2.000000 5.624547 19.618510 1.071342 0.479084 1.377296 1.377296 
153.000000 358 2.000000 3.465887 9.771551 -0.274938 0.492527 0.318173 0.318173 
153.000000 359 2.000000 10.064018 15.805302 0.149564 1.443406 2.105791 2.105791 
153.000000 360 2.000000 0.652187 13.463658 0.217395 -0.480613 0.278250 0.278250 
153.000000 361 2.000000 2.274648 5.859588 0.733757 1.698431 3.423068 3.423068 
153.000000 362 2.000000 3.535412 11.129643 -1.315365 1.383208 3.643449 3.643449 
153.000000 363 2.000000 13.761145 16.508828 -0.982121 1.115461 2.208816 2.208816 
153.000000 364 2.000000 0.098250 18.008769 -1.709454 -0.379198 3.066024 3.066024 
153.000000 365 2.000000 1.897185 3.183895 -0.374219 0.535108 0.426381 0.426381 
153.000000 366 2.000000 4.371351 16.074169 -1.559651 -0.564868 2.751586 2.751586 
153.000000 367 2.000000 4.063458 4.998576 0.056476 -1.200114 1.443463 1.443463 
153.000000 368 2.000000 11.342020 12.986028 0.130338 -1.168995 1.383538 1.383538 
153.000000 369 2.000000 1.076842 0.936659 -0.292672 0.480337 0.316381 0.316381 
153.000000 370 2.000000 12.202893 3.412117 -0.357856 -0.679831 0.590231 0.590231 
153.000000 371 2.000000 11.696906 17.925168 0.963014 1.169576 2.295305 2.295305 
153.000000 372 2.000000 10.816466 14.278314 -0.618954 -0.116437 0.396662 0.396662 
153.000000 373 2.000000 8.584956 15.615885 0.946706 0.644872 1.312112 1.312112 
153.000000 374 2.000000 13.928793 10.334427 -0.681015 0.194074 0.501446 0.501446 
153.000000 375 2.000000 2.694892 1.963924 0.361730 1.155249 1.465449 1.465449 
153.000000 376 2.000000 4.465299 17.298498 -0.236964 -0.161561 0.082254 0.082254 
153.000000 377 2.000000 4.025555 6.316410 0.207795 -1.471354 2.208060 2.208060 
153.000000 378 2.000000 12.896550 13.584594 -0.453951 -1.270377 1.819930 1.819930 
153.000000 379 2.000000 9.182317 15.501889 0.056990 0.582625 0.342699 0.342699 
153.000000 380 2.000000 2.398044 4.341243 1.202395 0.317324 1.546448 1.546448 
153.000000 381 2.000000 13.876121 13.143604 0.683553 0.317862 0.568281 0.568281 
153.000000 382 2.000000 5.410267 15.710106 -1.512716 0.538228 2.578000 2.578000 
153.000000 383 2.000000 3.073813 3.957083 -0.127515 0.447618 0.216622 0.216622 
153.000000 384 2.000000 6.648673 11.947272 0.085069 -0.170790 0.036406 0.036406 
153.000000 385 2.000000 1.853702 12.596196 -0.729494 0.564545 0.850872 0.850872 
153.000000 386 2.000000 5.385920 6.213882 -0.717853 0.665058 0.957614 0.957614 
153.000000 387 2.000000 8.894910 4.355070 -1.666028 -0.504119 3.029784 3.029784 
153.000000 388 2.000000 12.041244 11.272125 -0.404625 0.967564 1.099902 1.099902 
153.000000 389 2.000000 3.119013 0.322512 -1.767217 0.307154 3.217398 3.217398 
153.000000 390 2.000000 11.001026 5.332149 0.152639 0.874123 0.787389 0.787389 
153.000000 391 2.000000 0.533336 13.575243 0.559145 -0.718590 0.829015 0.829015 
153.000000 392 2.000000 10.611757 17.146533 -1.249607 0.147331 1.583225 1.583225 
153.000000 393 2.000000 0.001171 12.933684 -1.322589 -0.791311 2.375413 2.375413 
153.000000 394 2.000000 1.560986 1.485964 -0.980165 0.619151 1.344072 1.344072 
153.000000 395 2.000000 0.062804 10.853237 1.256061 1.156104 2.914265 2.914265 
153.000000 396 2.000000 1.992930 15.581533 0.016297 0.355178 0.126417 0.126417 
153.000000 397 2.000000 1.620078 0.215895 0.925758 -0.609884 1.228987 1.228987 
153.000000 398 2.000000 2.669725 10.085191 -0.397810 1.505252 2.424037 2.424037 
153.000000 399 2.000000 10.819433 7.100680 -0.663827 0.737261 0.984220 0.984220 
153.000000 400 2.000000 5.933716 8.116038 -0.893159 0.502541 1.050280 1.050280 
153.000000 401 2.000000 4.354299 10.360223 0.649895 1.741214 3.454189 3.454189 
153.000000 402 2.000000 11.797717 12.811498 0.407569 -0.253082 0.230163 0.230163 
153.000000 403 2.000000 10.309747 12.710454 -0.798049 1.640059 3.326675 3.326675 
153.000000 404 2.000000 5.445961 14.939308 1.100194 -1.557136 3.635098 3.635098 
153.000000 405 2.000000 12.273678 7.786994 -1.509016 0.572573 2.604970 2.604970 
153.000000 406 2.000000 4.146538 14.346798 -0.976267 -0.607871 1.322605 1.322605 
153.000000 407 2.000000 2.442866 12.186245 -1.328454 -0.544513 2.061284 2.061284 
153.000000 408 2.000000 6.126007 6.171254 1.029581 0.047289 1.062273 1.062273 
153.000000 409 2.000000 8.604256 15.833763 -0.456694 0.044594 0.210558 0.210558 
153.000000 410 2.000000 4.919710 10.069236 -0.920504 0.063200 0.851321 0.851321 
153.000000 411 2.000000 9.294010 12.767323 0.740558 -0.997611 1.543654 1.543654 
153.000000 412 2.000000 7.625617 9.477130 -1.885995 1.296233 5.237197 5.237197 
153.000000 413 2.000000 3.805913 13.098201 -0.312274 0.296301 0.185309 0.185309 
153.000000 414 2.000000 6.138710 8.230182 -1.305290 0.522551 1.976841 1.976841 
153.000000 415 2.000000 3.965894 12.409697 -0.092918 -0.054983 0.011657 0.011657 
153.000000 416 2.000000 12.450783 18.733287 0.203299 -1.101488 1.254607 1.254607 
153.000000 417 2.000000 12.450393 17.063477 0.713155 -1.353661 2.340987 2.340987 
153.000000 418 2.000000 6.237988 7.490063 -0.143489 1.498012 2.264630 2.264630 
153.000000 419 2.000000 13.614172 13.598603 1.487888 0.185570 2.248245 2.248245 
153.000000 420 2.000000 4.901442 3.621544 -0.844574 0.479526 0.943250 0.943250 
153.000000 421 2.000000 10.868217 3.172143 0.120798 0.811702 0.673452 0.673452 
153.000000 422 2.000000 7.019664 9.612144 -1.033324 1.273131 2.688623 2.688623 
153.000000 423 2.000000 8.283691 0.049192 -0.428881 0.983818 1.151837 1.151837 
153.000000 424 2.000000 2.662730 16.409074 1.004803 0.738835 1.555507 1.555507 
153.000000 425 2.000000 2.248386 6.667220 -0.472654 -0.262652 0.292388 0.292388 
153.000000 426 2.000000 3.335278 8.694626 -1.723475 1.028514 4.028207 4.028207 
153.000000 427 2.000000 7.678721 9.247974 0.862778 1.069130 1.887424 1.887424 
153.000000 428 2.000000 6.984489 7.209670 -2.095574 0.232946 4.445695 4.445695 
153.000000 429 2.000000 12.451475 17.455795 0.474342 0.804414 0.872083 0.872083 
153.000000 430 2.000000 3.515149 0.249861 -0.050390 -1.385975 1.923465 1.923465 
153.000000 431 2.000000 1.346034 8.592923 -2.080840 0.246637 4.390725 4.390725 
153.000000 432 2.000000 4.900312 0.184520 0.823582 0.246025 0.738815 0.738815 
153.000000 433 2.000000 10.036181 11.905015 0.123167 -0.625095 0.405914 0.405914 
153.000000 434 2.000000 11.312148 9.591114 0.691874 -1.073081 1.630193 1.630193 
153.000000 435 2.000000 9.222490 4.640314 0.997026 -0.179903 1.026426 1.026426 
153.000000 436 2.000000 12.936720 18.566605 1.081831 0.044580 1.172346 1.172346 
153.000000 437 2.000000 5.570210 17.592755 -1.076047 1.142387 2.462924 2.462924 
153.000000 438 2.000000 11.248277 11.063197 0.693580 0.186167 0.515711 0.515711 
153.000000 439 2.000000 1.545122 1.652118 1.103658 -0.804901 1.865926 1.865926 
153.000000 440 2.000000 13.816827 8.001014 1.297355 0.361879 1.814086 1.814086 
153.000000 441 2.000000 12.878141 8.510638 -0.708696 0.872886 1.264180 1.264180 
153.000000 442 2.000000 5.231545 3.355087 1.516389 -0.429288 2.483725 2.483725 
153.000000 443 2.000000 7.647972 11.210311 -0.571717 -1.373389 2.213056 2.213056 
153.000000 444 2.000000 4.297559 10.121737 -1.772814 1.176946 4.528072 4.528072 
153.000000 445 2.000000 5.191646 16.025482 -1.077810 0.633418 1.562892 1.562892 
153.000000 446 2.000000 2.720527 11.928086 -1.270846 -1.699350 4.502841 4.502841 
153.000000 447 2.000000 10.874519 1.795291 0.410359 0.718116 0.684086 0.684086 
153.000000 448 2.000000 6.444415 17.735372 0.419309 1.266800 1.780602 1.780602 
153.000000 449 2.000000 7.436383 15.702712 -0.286231 0.019165 0.082295 0.082295 
153.000000 450 2.000000 9.607443 2.899238 0.941906 0.426358 1.068968 1.068968 
153.000000 451 2.000000 11.064357 16.506224 -0.942824 -1.225886 2.391713 2.391713 
153.000000 452 2.000000 2.272581 8.865513 0.404113 0.608056 0.533039 0.533039 
153.000000 453 2.000000 10.475666 2.260141 1.461408 -1.542847 4.516092 4.516092 
153.000000 454 2.000000 7.339552 5.137579 -1.559433 0.260131 2.499498 2.499498 
153.000000 455 2.000000 13.129292 15.363673 -0.719746 -0.501224 0.769261 0.769261 
153.000000 456 2.000000 11.643021 2.714267 0.760078 0.210679 0.622104 0.622104 
153.000000 457 2.000000 7.763061 0.103381 -1.066678 -1.079966 2.304129 2.304129 
153.000000 458 2.000000 12.915714 0.424677 -0.673142 0.849353 1.174521 1.174521 
153.000000 459 2.000000 8.710255 2.776622 1.401327 0.648381 2.384116 2.384116 
153.000000 460 2.000000 4.688320 11.056330 -0.261103 0.574355 0.398058 0.398058 
153.000000 461 2.000000 7.252779 18.718859 -1.714890 -0.661931 3.379001 3.379001 
153.000000 462 2.000000 3.448058 14.226970 -1.286598 -0.895043 2.456436 2.456436 
153.000000 463 2.000000 7.612072 2.469894 0.775510 1.122678 1.861823 1.861823 
153.000000 464 2.000000 0.395158 16.008306 0.987892 -0.387543 1.126121 1.126121 
153.000000 465 2.000000 4.879851 9.702527 1.564435 0.632417 2.847409 2.847409 
153.000000 466 2.000000 12.227288 18.521082 1.619508 0.420456 2.799590 2.799590 
153.000000 467 2.000000 14.138632 6.049327 1.386140 0.790762 2.546689 2.546689 
153.000000 468 2.000000 8.516164 14.954329 0.319926 -0.710658 0.607387 0.607387 
153.000000 469 2.000000 9.365256 8.115716 0.529110 -0.416685 0.453584 0.453584 
153.000000 470 2.000000 3.422730 10.453323 -0.069753 0.305771 0.098361 0.098361 
153.000000 471 2.000000 8.685653 14.814451 1.426005 0.371341 2.171383 2.171383 
153.000000 472 2.000000 9.560580 3.497371 -0.972428 -1.208984 2.407258 2.407258 
153.000000 473 2.000000 7.045783 0.084721 -0.301826 0.847205 0.808854 0.808854 
153.000000 474 2.000000 9.542907 11.176059 0.772705 -0.639416 1.005926 1.005926 
153.000000 475 2.000000 12.838223 15.541498 0.879330 -0.768707 1.364132 1.364132 
153.000000 476 2.000000 7.013864 2.777242 -1.233356 -0.708555 2.023216 2.023216 
153.000000 477 2.000000 7.019658 10.441509 0.199422 0.435063 0.229049 0.229049 
153.000000 478 2.000000 6.604666 9.361719 1.738070 0.054979 3.023909 3.023909 
153.000000 479 2.000000 0.500051 9.232904 0.336031 0.910289 0.941543 0.941543 
153.000000 480 2.000000 8.412707 4.690088 1.828849 -0.125505 3.360441 3.360441 
153.000000 481 2.000000 13.084626 1.940079 -1.139373 -0.009595 1.298263 1.298263 
153.000000 482 2.000000 7.059700 17.963185 -0.117980 -0.969912 0.954648 0.954648 
153.000000 483 2.000000 10.638741 2.393686 -0.043489 0.981177 0.964600 0.964600 
153.000000 484 2.000000 3.350467 16.494847 -0.808344 0.266424 0.724403 0.724403 
153.000000 485 2.000000 11.736374 19.866863 -0.199691 0.124078 0.055272 0.055272 
153.000000 486 2.000000 7.981210 6.040018 -0.995723 -0.054441 0.994429 0.994429 
153.000000 487 2.000000 14.103015 12.860470 0.411167 0.942159 1.056721 1.056721 
153.000000 488 2.000000 1.532686 6.990632 0.076634 0.220752 0.054604 0.054604 
153.000000 489 2.000000 5.442851 16.037725 0.577301 -1.343144 2.137312 2.137312 
153.000000 490 2.000000 12.303882 19.256297 -0.698392 -0.782844 1.100596 1.100596 
153.000000 491 2.000000 4.660181 7.780031 -0.385464 1.065757 1.284421 1.284421 
153.000000 492 2.000000 4.036945 4.283157 1.647732 0.674513 3.169989 3.169989 
153.000000 493 2.000000 3.004319 15.776327 -0.259305 -1.723948 3.039235 3.039235 
153.000000 494 2.000000 8.068712 1.417891 0.023692 0.119150 0.014758 0.014758 
153.000000 495 2.000000 6.192952 3.566986 0.155871 -0.023923 0.024868 0.024868 
153.000000 496 2.000000 4.097778 6.887379 -1.083412 -0.872107 1.934351 1.934351 
153.000000 497 2.000000 4.003336 14.273877 -0.543919 0.841227 1.003511 1.003511 
153.000000 498 2.000000 8.030088 11.714442 0.208800 0.549039 0.345041 0.345041 
153.000000 499 2.000000 5.461689 5.855022 0.181324 0.088938 0.040788 0.040788 
153.000000 500 2.000000 10.505029 2.987281 1.054569 -0.540259 1.403996 1.403996 
