790.500000 1 2.000000 0.955236 7.767261 -0.895254 -1.523707 3.123161 3.123161 
790.500000 2 2.000000 0.705246 4.171778 2.820980 3.090205 17.507294 17.507294 
790.500000 3 2.000000 0.515050 14.044897 -2.424744 3.427456 17.626843 17.626843 
790.500000 4 2.000000 0.884866 8.010111 -0.767554 -3.892616 15.741598 15.741598 
790.500000 5 2.000000 0.135576 14.592537 2.711501 1.082929 8.524972 8.524972 
790.500000 6 2.000000 0.490787 13.736595 -2.036847 1.672281 6.945271 6.945271 
790.500000 7 2.000000 0.804542 0.948064 0.171593 3.792253 14.410628 14.410628 
790.500000 8 2.000000 0.891615 11.949700 2.547468 1.619847 9.113496 9.113496 
790.500000 9 2.000000 0.035536 7.613744 -1.377804 -4.619120 23.234615 23.234615 
790.500000 10 2.000000 0.411672 17.021039 2.744472 -7.480845 63.495176 63.495176 
790.500000 11 2.000000 0.290247 7.106090 2.902460 -1.095669 9.624763 9.624763 
790.500000 12 2.000000 0.067476 18.471226 0.089966 -5.095911 25.976400 25.976400 
790.500000 13 2.000000 0.550707 12.808105 1.835687 -1.988981 7.325792 7.325792 
790.500000 14 2.000000 0.465205 0.122627 4.652040 -1.325378 23.398099 23.398099 
790.500000 15 2.000000 0.000001 10.815355 5.837141 -3.244462 44.598754 44.598754 
790.500000 16 2.000000 0.625944 3.668273 -1.683552 -3.250840 13.402310 13.402310 
790.500000 17 2.000000 0.250478 9.048493 -0.599617 -2.546862 6.846046 6.846046 
790.500000 18 2.000000 0.856639 1.516332 2.855461 0.078486 8.159818 8.159818 
790.500000 19 2.000000 0.524197 15.916405 -4.758025 0.742792 23.190538 23.190538 
790.500000 20 2.000000 0.608470 9.919521 -0.711871 -4.800228 23.548948 23.548948 
790.500000 21 2.000000 0.671314 7.436133 4.475422 5.015971 45.189371 45.189371 
790.500000 22 2.000000 0.959741 4.467281 1.318592 2.535652 8.168217 8.168217 
790.500000 23 2.000000 0.423831 9.224321 8.370097 -1.413105 72.055395 72.055395 
790.500000 24 2.000000 0.999999 2.837378 -2.245080 -1.016155 6.072956 6.072956 
790.500000 25 2.000000 0.898807 0.710831 -1.011919 2.849385 9.142975 9.142975 
790.500000 26 2.000000 0.270454 16.738746 1.352266 -0.636463 2.233708 2.233708 
790.500000 27 2.000000 0.000001 6.165766 2.906097 -4.447086 28.221978 28.221978 
790.500000 28 2.000000 0.000001 19.010562 3.192556 -2.826963 18.184136 18.184136 
790.500000 29 2.000000 0.000001 16.682892 3.681398 -2.467555 19.641520 19.641520 
790.500000 30 2.000000 0.675037 7.936351 2.847512 0.116241 8.121834 8.121834 
790.500000 31 2.000000 0.425234 6.447198 -6.594796 1.087238 44.673422 44.673422 
790.500000 32 2.000000 0.525457 7.883283 -1.898168 5.248666 31.151534 31.151534 
790.500000 33 2.000000 0.622995 0.642818 -2.513361 2.142725 10.908250 10.908250 
790.500000 34 2.000000 0.476859 14.196240 -1.115852 4.929353 25.543650 25.543650 
790.500000 35 2.000000 0.000001 0.199775 1.900692 1.331826 5.386392 5.386392 
790.500000 36 2.000000 0.676161 7.888254 3.380798 -6.211151 50.008192 50.008192 
790.500000 37 2.000000 0.855388 16.090238 -2.892221 -1.039571 9.445649 9.445649 
790.500000 38 2.000000 0.973963 18.496260 2.434904 -0.939837 6.812052 6.812052 
790.500000 39 2.000000 0.917895 1.612481 1.147368 -5.112072 27.449731 27.449731 
790.500000 40 2.000000 0.336276 10.700049 0.192457 -2.861833 8.227129 8.227129 
790.500000 41 2.000000 0.840113 12.701330 -1.065908 0.472459 1.359376 1.359376 
790.500000 42 2.000000 0.190365 10.278093 1.903636 -2.403568 9.400971 9.400971 
790.500000 43 2.000000 0.103332 8.032678 -4.483333 -2.815840 28.029231 28.029231 
790.500000 44 2.000000 0.999999 0.674223 -8.277263 -0.341235 68.629530 68.629530 
790.500000 45 2.000000 0.291590 8.819278 0.048062 3.181818 10.126274 10.126274 
790.500000 46 2.000000 0.937822 17.891440 1.563035 6.284005 41.931801 41.931801 
790.500000 47 2.000000 0.999999 3.056023 -7.703228 4.365746 78.399460 78.399460 
790.500000 48 2.000000 0.658057 2.886939 -6.838831 7.217346 98.859690 98.859690 
790.500000 49 2.000000 0.266326 11.971976 -3.668364 0.426008 13.638379 13.638379 
790.500000 50 2.000000 0.732165 13.846542 1.716031 5.954002 38.394900 38.394900 
790.500000 51 2.000000 0.816960 3.461958 0.379981 4.945653 24.603869 24.603869 
790.500000 52 2.000000 0.350768 9.430772 -4.328209 -0.739856 19.280776 19.280776 
790.500000 53 2.000000 0.823192 7.113916 -1.768066 2.499198 9.372051 9.372051 
790.500000 54 2.000000 0.499439 4.523545 -3.337064 -0.477442 11.363950 11.363950 
790.500000 55 2.000000 0.831325 3.836993 0.437539 3.069594 9.613847 9.613847 
790.500000 56 2.000000 0.570508 10.467189 1.426267 0.308451 2.129379 2.129379 
790.500000 57 2.000000 0.827961 18.887328 0.105221 -2.023037 4.103752 4.103752 
790.500000 58 2.000000 0.875290 8.483372 1.591434 -4.510482 22.877111 22.877111 
790.500000 59 2.000000 0.999999 15.242343 -3.227844 1.212792 11.889840 11.889840 
790.500000 60 2.000000 0.758638 4.558123 0.557301 -3.033380 9.511976 9.511976 
790.500000 61 2.000000 0.738210 19.371869 -1.308946 1.982330 5.642971 5.642971 
790.500000 62 2.000000 0.000001 11.172575 2.469385 0.846840 6.814999 6.814999 
790.500000 63 2.000000 0.310946 3.702760 -1.060082 4.356187 20.100138 20.100138 
790.500000 64 2.000000 0.000001 17.323054 4.852595 1.878951 27.078141 27.078141 
790.500000 65 2.000000 0.483068 13.406287 1.610224 5.651282 34.529809 34.529809 
790.500000 66 2.000000 0.518775 12.328549 -4.812235 -5.876924 57.695843 57.695843 
790.500000 67 2.000000 0.603061 9.731900 0.109581 -3.159415 9.993911 9.993911 
790.500000 68 2.000000 0.968287 13.857085 1.832225 -0.013101 3.357220 3.357220 
790.500000 69 2.000000 0.648547 8.737566 2.594184 -1.898487 10.334041 10.334041 
790.500000 70 2.000000 0.828913 16.594499 -1.140573 -0.487757 1.538814 1.538814 
790.500000 71 2.000000 0.478418 14.801791 9.568349 -2.303983 96.861650 96.861650 
790.500000 72 2.000000 0.069573 0.000001 0.615466 3.140735 10.243017 10.243017 
790.500000 73 2.000000 0.890570 15.116944 0.774407 -5.425617 30.037027 30.037027 
790.500000 74 2.000000 0.215664 13.770427 4.313262 1.328244 20.368457 20.368457 
790.500000 75 2.000000 0.197610 5.433751 -0.297801 -3.230857 10.527123 10.527123 
790.500000 76 2.000000 0.187397 3.372497 -1.160860 -7.441412 56.722204 56.722204 
790.500000 77 2.000000 0.172494 17.192274 -1.838900 2.080346 7.709395 7.709395 
790.500000 78 2.000000 0.792595 19.738486 0.160508 1.137670 1.320055 1.320055 
790.500000 79 2.000000 0.999999 19.437906 -2.580703 -5.620930 38.254882 38.254882 
790.500000 80 2.000000 0.810157 9.695177 -3.796841 1.323250 16.166994 16.166994 
790.500000 81 2.000000 0.768449 5.656212 -4.630998 -3.537363 33.959080 33.959080 
790.500000 82 2.000000 0.671584 17.709497 0.554972 -2.181431 5.066635 5.066635 
790.500000 83 2.000000 0.000001 0.168922 10.079354 3.378418 113.007081 113.007081 
790.500000 84 2.000000 0.522353 13.258839 0.248739 -0.484937 0.297035 0.297035 
790.500000 85 2.000000 0.581255 14.036254 -2.791625 4.615638 29.097284 29.097284 
790.500000 86 2.000000 0.624209 19.638686 -3.757898 1.022003 15.166286 15.166286 
790.500000 87 2.000000 0.815545 17.817949 -1.844536 0.322740 3.506473 3.506473 
790.500000 88 2.000000 0.274533 2.001527 0.015097 0.652553 0.426053 0.426053 
790.500000 89 2.000000 0.978319 3.985650 0.272811 -4.472592 20.078505 20.078505 
790.500000 90 2.000000 0.580479 12.312821 -1.678078 4.651404 24.451505 24.451505 
790.500000 91 2.000000 0.999999 8.799577 -3.315682 1.776757 14.150609 14.150609 
790.500000 92 2.000000 0.335581 6.090938 0.838949 0.407487 0.869881 0.869881 
790.500000 93 2.000000 0.789376 19.260706 -0.842492 -2.957170 9.454648 9.454648 
790.500000 94 2.000000 0.368511 12.652482 0.722407 2.737643 8.016562 8.016562 
790.500000 95 2.000000 0.145840 14.667622 2.916775 -4.620917 29.860452 29.860452 
790.500000 96 2.000000 0.999999 7.495396 -9.009413 -1.584036 83.678702 83.678702 
790.500000 97 2.000000 0.532048 12.534694 -2.339755 3.153272 15.417574 15.417574 
790.500000 98 2.000000 0.598014 8.530228 0.385815 -3.423812 11.871344 11.871344 
790.500000 99 2.000000 0.809227 0.153200 -1.907720 1.531993 5.986397 5.986397 
790.500000 100 2.000000 0.220694 2.524244 1.471283 -2.838990 10.224538 10.224538 
790.500000 101 2.000000 0.602500 3.635273 -0.065377 -3.215806 10.345681 10.345681 
790.500000 102 2.000000 0.614974 6.128661 -3.850253 1.043298 15.912920 15.912920 
790.500000 103 2.000000 0.270995 8.548206 -2.147564 -2.248691 9.668645 9.668645 
790.500000 104 2.000000 0.000001 10.989963 2.707381 -2.347565 12.840971 12.840971 
790.500000 105 2.000000 0.000001 3.442318 1.822942 2.014008 7.379346 7.379346 
790.500000 106 2.000000 0.260056 11.917126 -0.924929 -1.693672 3.724019 3.724019 
790.500000 107 2.000000 0.764535 3.363312 5.096896 -1.646944 28.690768 28.690768 
790.500000 108 2.000000 0.573343 6.475068 -3.419412 1.901695 15.308826 15.308826 
790.500000 109 2.000000 0.102853 5.348682 -5.980972 -1.929736 39.495905 39.495905 
790.500000 110 2.000000 0.931497 17.798513 1.862992 -2.201486 8.317279 8.317279 
790.500000 111 2.000000 0.606512 8.966413 4.043408 5.768427 49.623895 49.623895 
790.500000 112 2.000000 0.100862 9.497484 2.017211 -5.373248 32.940936 32.940936 
790.500000 113 2.000000 0.310946 18.140278 0.080683 -0.215119 0.052786 0.052786 
790.500000 114 2.000000 0.413804 3.399353 4.138029 -3.186079 27.274387 27.274387 
790.500000 115 2.000000 0.718496 3.337101 -0.678690 1.810053 3.736914 3.736914 
790.500000 116 2.000000 0.718821 10.082940 7.188199 3.101125 61.287189 61.287189 
790.500000 117 2.000000 0.169822 10.337169 -0.303169 4.509191 20.424714 20.424714 
790.500000 118 2.000000 0.194690 16.120049 0.734418 1.775516 3.691827 3.691827 
790.500000 119 2.000000 0.238673 13.201038 -3.806631 4.122770 31.487667 31.487667 
790.500000 120 2.000000 0.703288 8.679986 7.032871 -3.378989 60.878836 60.878836 
790.500000 121 2.000000 0.564766 7.925657 2.259061 9.907070 103.253398 103.253398 
790.500000 122 2.000000 0.677900 2.583154 -6.441973 -1.095932 42.700077 42.700077 
790.500000 123 2.000000 0.646486 4.210793 -1.498714 2.188749 7.036768 7.036768 
790.500000 124 2.000000 0.257029 12.801934 0.856762 1.435295 2.794112 2.794112 
790.500000 125 2.000000 0.205726 15.284217 4.114498 -2.300381 22.220848 22.220848 
790.500000 126 2.000000 0.357593 1.172076 -4.282709 4.688301 40.321764 40.321764 
790.500000 127 2.000000 0.791797 12.326250 5.278640 -1.347749 29.680470 29.680470 
790.500000 128 2.000000 0.083406 4.382233 1.668092 -4.029129 19.016409 19.016409 
790.500000 129 2.000000 0.000001 6.244183 5.298192 -5.502326 58.346439 58.346439 
790.500000 130 2.000000 0.806040 1.613109 -3.879174 -1.098391 16.254456 16.254456 
790.500000 131 2.000000 0.416757 13.686432 -5.832422 1.188301 35.429210 35.429210 
790.500000 132 2.000000 0.963396 12.719914 3.755208 -0.330177 14.210606 14.210606 
790.500000 133 2.000000 0.089461 0.335682 -4.552688 -4.568273 41.596079 41.596079 
790.500000 134 2.000000 0.669853 0.954799 -1.650728 3.819193 17.311137 17.311137 
790.500000 135 2.000000 0.247432 4.354468 -5.017112 -4.407936 44.601317 44.601317 
790.500000 136 2.000000 0.109215 12.076921 -2.969280 3.963327 24.524583 24.524583 
790.500000 137 2.000000 0.999999 16.629874 -3.103587 4.570328 30.520151 30.520151 
790.500000 138 2.000000 0.000467 13.967993 -0.332863 -0.628071 0.505271 0.505271 
790.500000 139 2.000000 0.944221 3.195262 3.147401 0.598354 10.264164 10.264164 
790.500000 140 2.000000 0.310648 3.425418 -0.689351 -2.703957 7.786587 7.786587 
790.500000 141 2.000000 0.195732 11.052169 1.957306 -2.115965 8.308355 8.308355 
790.500000 142 2.000000 0.565518 3.758570 1.545165 -0.883560 3.168214 3.168214 
790.500000 143 2.000000 0.146340 16.422242 0.731697 2.049474 4.735722 4.735722 
790.500000 144 2.000000 0.114787 9.852428 -1.967137 -1.884673 7.421623 7.421623 
790.500000 145 2.000000 0.295576 6.760972 2.955747 1.931706 12.467928 12.467928 
790.500000 146 2.000000 0.683338 5.606832 -3.092489 -0.901329 10.375883 10.375883 
790.500000 147 2.000000 0.866957 11.959313 -2.660835 6.100412 44.295071 44.295071 
790.500000 148 2.000000 0.999999 13.797581 -2.889049 -5.907065 43.240017 43.240017 
790.500000 149 2.000000 0.494474 0.572889 -5.055251 1.636824 28.234758 28.234758 
790.500000 150 2.000000 0.563074 14.987178 -2.912830 -3.038073 17.714469 17.714469 
790.500000 151 2.000000 0.793316 16.787869 -1.854065 1.715602 6.380847 6.380847 
790.500000 152 2.000000 0.668906 13.501050 6.689050 1.623894 47.380420 47.380420 
790.500000 153 2.000000 0.409696 6.186162 0.431257 -7.270441 53.045292 53.045292 
790.500000 154 2.000000 0.754010 7.878372 -0.983954 -2.376089 6.613962 6.613962 
790.500000 155 2.000000 0.591648 7.514687 -1.166716 -2.241509 6.385591 6.385591 
790.500000 156 2.000000 0.342231 3.586212 -6.577679 -6.208776 81.814767 81.814767 
790.500000 157 2.000000 0.717122 0.457460 -6.662991 1.064695 45.529019 45.529019 
790.500000 158 2.000000 0.502574 10.738350 2.512864 2.896441 14.703855 14.703855 
790.500000 159 2.000000 0.849563 5.935719 -0.376091 -2.278277 5.331989 5.331989 
790.500000 160 2.000000 0.055700 2.957542 -2.697998 3.696926 20.946456 20.946456 
790.500000 161 2.000000 0.179961 16.862923 1.799602 -2.163501 7.919301 7.919301 
790.500000 162 2.000000 0.306599 5.121504 -4.622668 3.091243 30.924847 30.924847 
790.500000 163 2.000000 0.376287 13.750656 -0.733779 3.543211 13.092775 13.092775 
790.500000 164 2.000000 0.691326 12.754554 -6.173463 -1.650885 40.837066 40.837066 
790.500000 165 2.000000 0.457888 6.183838 1.831550 -2.775350 11.057144 11.057144 
790.500000 166 2.000000 0.174782 16.535591 1.747815 -3.133916 12.876284 12.876284 
790.500000 167 2.000000 0.607998 0.247296 0.303999 -4.639230 21.614875 21.614875 
790.500000 168 2.000000 0.000001 17.445032 6.211043 -1.762046 41.681861 41.681861 
790.500000 169 2.000000 0.228112 6.364627 4.562212 -0.108053 20.825452 20.825452 
790.500000 170 2.000000 0.657413 0.509048 3.287059 -7.278938 63.787691 63.787691 
790.500000 171 2.000000 0.172372 9.110415 -1.839172 3.572712 16.146820 16.146820 
790.500000 172 2.000000 0.437730 2.725405 2.188644 -2.776491 12.499060 12.499060 
790.500000 173 2.000000 0.890081 5.656047 4.450399 -3.872198 34.799968 34.799968 
790.500000 174 2.000000 0.441336 2.858930 1.765338 2.871397 11.361342 11.361342 
790.500000 175 2.000000 0.886757 7.151097 -2.264840 2.613108 11.957837 11.957837 
790.500000 176 2.000000 0.151812 0.602388 1.012073 -5.006504 26.089374 26.089374 
790.500000 177 2.000000 0.752905 2.384957 3.011614 -3.767216 23.261738 23.261738 
790.500000 178 2.000000 0.633529 11.494898 1.810079 3.834832 17.982320 17.982320 
790.500000 179 2.000000 0.601572 0.933071 -7.968532 0.126019 63.513379 63.513379 
790.500000 180 2.000000 0.789078 4.245047 0.380009 3.378058 11.555684 11.555684 
790.500000 181 2.000000 0.039508 4.625078 0.790131 5.239517 28.076850 28.076850 
790.500000 182 2.000000 0.630050 2.526778 6.300488 -0.814430 40.359444 40.359444 
790.500000 183 2.000000 0.570421 12.659756 0.518564 -1.405643 2.244742 2.244742 
790.500000 184 2.000000 0.712915 0.452345 -0.908441 -1.618295 3.444145 3.444145 
790.500000 185 2.000000 0.969291 11.949607 3.230965 2.563306 17.009677 17.009677 
790.500000 186 2.000000 0.760911 18.362825 -0.478176 9.607183 92.526616 92.526616 
790.500000 187 2.000000 0.888383 13.825190 -0.446464 -4.009461 16.275109 16.275109 
790.500000 188 2.000000 0.122993 8.039440 -1.045295 -2.002412 5.102294 5.102294 
790.500000 189 2.000000 0.491849 19.516797 -5.081504 3.626177 38.970843 38.970843 
790.500000 190 2.000000 0.812873 2.730664 1.226530 -1.980833 5.428076 5.428076 
790.500000 191 2.000000 0.421386 17.988285 -1.446533 1.348566 3.911088 3.911088 
790.500000 192 2.000000 0.614409 6.466715 0.106087 4.836250 23.400566 23.400566 
790.500000 193 2.000000 0.118075 12.823539 2.361482 4.753819 28.175394 28.175394 
790.500000 194 2.000000 0.494118 1.732436 1.976470 -3.158134 13.880243 13.880243 
790.500000 195 2.000000 0.291641 19.798355 1.668845 1.428679 4.826168 4.826168 
790.500000 196 2.000000 0.091665 5.180253 -0.403704 1.475418 2.339835 2.339835 
790.500000 197 2.000000 0.737314 9.983894 -1.751231 -4.354828 22.031339 22.031339 
790.500000 198 2.000000 0.768416 11.639747 -4.631666 -0.012898 21.452500 21.452500 
790.500000 199 2.000000 0.430328 14.948230 -1.898905 -1.264423 5.204604 5.204604 
790.500000 200 2.000000 0.229417 13.219317 -5.137212 7.644108 84.823328 84.823328 
790.500000 201 2.000000 0.245554 1.254908 -7.544450 -2.163619 61.599966 61.599966 
790.500000 202 2.000000 0.992345 19.315232 2.072426 0.116367 4.308492 4.308492 
790.500000 203 2.000000 0.271398 19.420431 5.427944 -5.795675 63.052425 63.052425 
790.500000 204 2.000000 0.078509 18.378541 -3.685959 -2.494551 19.809079 19.809079 
790.500000 205 2.000000 0.041928 16.314368 -3.832283 0.853057 15.414099 15.414099 
790.500000 206 2.000000 0.865349 0.590671 -2.692993 1.181341 8.647776 8.647776 
790.500000 207 2.000000 0.586234 1.349851 3.908217 0.039120 15.275689 15.275689 
790.500000 208 2.000000 0.287804 19.460490 1.151212 -0.490463 1.565842 1.565842 
790.500000 209 2.000000 0.702198 5.686386 -2.978013 -0.431588 9.054831 9.054831 
790.500000 210 2.000000 0.304431 9.955643 3.044298 -1.096793 10.470707 10.470707 
790.500000 211 2.000000 0.892249 5.172532 1.474870 5.045484 27.632154 27.632154 
790.500000 212 2.000000 0.085362 6.102860 -6.097578 1.643744 39.882355 39.882355 
790.500000 213 2.000000 0.572780 4.632701 5.727786 -7.393767 87.475320 87.475320 
790.500000 214 2.000000 0.270440 9.502517 1.352194 2.812977 9.741271 9.741271 
790.500000 215 2.000000 0.707360 15.671409 -1.463195 0.638732 2.548918 2.548918 
790.500000 216 2.000000 0.709597 13.660255 -5.808040 4.077688 50.360868 50.360868 
790.500000 217 2.000000 0.037104 18.327943 0.742067 2.290990 5.799299 5.799299 
790.500000 218 2.000000 0.522537 15.187246 -0.954924 -4.812753 24.074472 24.074472 
790.500000 219 2.000000 0.999999 13.565099 -8.561797 0.000908 73.304375 73.304375 
790.500000 220 2.000000 0.536467 6.295693 -2.317662 -2.715198 12.743858 12.743858 
790.500000 221 2.000000 0.822338 5.832079 -3.553217 2.774964 20.325774 20.325774 
790.500000 222 2.000000 0.995967 11.732472 2.845618 -3.198130 18.325583 18.325583 
790.500000 223 2.000000 0.641229 5.842782 -7.175395 -0.128656 51.502841 51.502841 
790.500000 224 2.000000 0.839388 14.601082 -0.401528 -5.141826 26.599601 26.599601 
790.500000 225 2.000000 0.200734 12.680948 4.014654 4.972921 40.847387 40.847387 
790.500000 226 2.000000 0.485388 14.457566 -3.430741 1.922426 15.465707 15.465707 
790.500000 227 2.000000 0.042190 7.731372 0.048614 7.603299 57.812514 57.812514 
790.500000 228 2.000000 0.176077 0.617196 0.320138 -1.316344 1.835250 1.835250 
790.500000 229 2.000000 0.685323 1.947667 0.921692 -6.919680 48.731494 48.731494 
790.500000 230 2.000000 0.621726 18.269815 -3.782730 1.843832 17.708764 17.708764 
790.500000 231 2.000000 0.260143 0.039659 5.202846 -0.819468 27.741138 27.741138 
790.500000 232 2.000000 0.519631 0.098382 -4.803683 -3.290272 33.901258 33.901258 
790.500000 233 2.000000 0.382415 19.872991 -3.087920 3.485253 21.682236 21.682236 
790.500000 234 2.000000 0.115188 5.380126 -1.251099 -3.646453 14.861867 14.861867 
790.500000 235 2.000000 0.262859 12.488238 2.628580 -1.411435 8.901584 8.901584 
790.500000 236 2.000000 0.103498 15.461959 2.069938 -3.526851 16.723322 16.723322 
790.500000 237 2.000000 0.226169 14.461341 -5.158866 -0.254174 26.678499 26.678499 
790.500000 238 2.000000 0.343065 0.502851 1.372257 10.056997 103.026277 103.026277 
790.500000 239 2.000000 0.596054 6.345651 -0.301205 -1.339318 1.884496 1.884496 
790.500000 240 2.000000 0.759132 13.480618 5.060874 2.722008 33.021776 33.021776 
790.500000 241 2.000000 0.000001 2.739636 5.232123 -1.397987 29.329481 29.329481 
790.500000 242 2.000000 0.488440 17.952275 -3.410391 2.062049 15.882815 15.882815 
790.500000 243 2.000000 0.520137 6.023944 3.467571 2.878521 20.309930 20.309930 
790.500000 244 2.000000 0.000001 13.454905 8.154846 -2.821536 74.462583 74.462583 
790.500000 245 2.000000 0.999999 14.703641 -6.990907 1.644978 51.578727 51.578727 
790.500000 246 2.000000 0.907633 14.162804 -1.847321 3.782991 17.723617 17.723617 
790.500000 247 2.000000 0.029362 17.395602 -1.764795 0.839551 3.819347 3.819347 
790.500000 248 2.000000 0.322171 16.316642 2.147801 1.635880 7.289153 7.289153 
790.500000 249 2.000000 0.183590 15.292221 1.835893 2.658376 10.437467 10.437467 
790.500000 250 2.000000 0.023895 3.788917 -1.057583 12.629720 160.628303 160.628303 
790.500000 251 2.000000 0.615680 16.418639 0.373139 -0.422790 0.317984 0.317984 
790.500000 252 2.000000 0.296351 19.782507 4.467360 3.599188 32.911465 32.911465 
790.500000 253 2.000000 0.381830 1.972710 -6.181693 4.465352 58.152701 58.152701 
790.500000 254 2.000000 0.884464 13.626063 2.211158 -0.242650 4.948099 4.948099 
790.500000 255 2.000000 0.129692 16.049239 0.518765 1.687237 3.115887 3.115887 
790.500000 256 2.000000 0.935979 13.315580 -0.426798 -5.920830 35.238386 35.238386 
790.500000 257 2.000000 0.094641 19.848868 -1.293369 2.023574 5.767656 5.767656 
790.500000 258 2.000000 0.175556 14.047538 1.755554 5.733689 35.957154 35.957154 
790.500000 259 2.000000 0.924251 18.622820 -0.012980 1.648772 2.718618 2.718618 
790.500000 260 2.000000 0.999999 11.893261 -6.432668 0.160983 41.405133 41.405133 
790.500000 261 2.000000 0.082266 12.969930 -6.118217 0.620137 37.817152 37.817152 
790.500000 262 2.000000 0.203452 5.456708 0.813806 1.537100 3.024958 3.024958 
790.500000 263 2.000000 0.231960 6.976020 -2.194398 -0.469064 5.035401 5.035401 
790.500000 264 2.000000 0.450472 2.446750 -5.495269 3.495355 42.415485 42.415485 
790.500000 265 2.000000 0.673473 13.545057 1.122453 1.976414 5.166112 5.166112 
790.500000 266 2.000000 0.290435 10.206892 -4.730426 -1.492756 24.605250 24.605250 
790.500000 267 2.000000 0.679843 15.517722 4.532279 -1.159321 21.885582 21.885582 
790.500000 268 2.000000 0.370888 1.035391 0.343473 5.176948 26.918765 26.918765 
790.500000 269 2.000000 0.187196 19.345247 -8.128026 -6.547519 108.934817 108.934817 
790.500000 270 2.000000 0.872597 10.465641 -2.548049 5.035379 31.847591 31.847591 
790.500000 271 2.000000 0.620070 4.143989 -1.266429 -1.319759 3.345604 3.345604 
790.500000 272 2.000000 0.881895 1.505145 -1.181042 5.017146 26.566613 26.566613 
790.500000 273 2.000000 0.999999 19.999999 -6.254884 -4.372450 58.241894 58.241894 
790.500000 274 2.000000 0.019685 14.732445 0.131227 7.031658 49.461435 49.461435 
790.500000 275 2.000000 0.139621 5.181332 2.792399 5.454033 37.543966 37.543966 
790.500000 276 2.000000 0.452032 8.735234 -5.479669 2.694516 37.287195 37.287195 
790.500000 277 2.000000 0.804942 12.689145 1.788757 0.218359 3.247333 3.247333 
790.500000 278 2.000000 0.698241 5.616604 8.718832 2.731242 83.477715 83.477715 
790.500000 279 2.000000 0.093814 4.647732 -0.278826 1.721382 3.040899 3.040899 
790.500000 280 2.000000 0.000001 11.327597 0.617055 -1.245937 1.933116 1.933116 
790.500000 281 2.000000 0.072581 2.365158 -6.182783 1.751968 41.296204 41.296204 
790.500000 282 2.000000 0.701066 0.284932 -2.989335 -6.064521 45.714540 45.714540 
790.500000 283 2.000000 0.459413 15.439441 -1.351465 -3.648446 15.137617 15.137617 
790.500000 284 2.000000 0.305509 4.497504 0.872881 0.162819 0.788431 0.788431 
790.500000 285 2.000000 0.344950 10.377757 5.896555 4.081325 51.426573 51.426573 
790.500000 286 2.000000 0.491551 16.251665 -1.694827 2.513358 9.189407 9.189407 
790.500000 287 2.000000 0.319286 6.347550 -0.251182 0.246202 0.123708 0.123708 
790.500000 288 2.000000 0.691022 0.000001 -2.059849 8.964718 84.609155 84.609155 
790.500000 289 2.000000 0.554001 14.211276 5.539997 2.430260 36.597730 36.597730 
790.500000 290 2.000000 0.457283 0.518950 4.572816 2.551641 27.421522 27.421522 
790.500000 291 2.000000 0.291013 19.792749 -2.920884 -2.525740 14.910925 14.910925 
790.500000 292 2.000000 0.223765 7.155130 4.475286 4.934572 44.378180 44.378180 
790.500000 293 2.000000 0.870405 14.759676 5.802691 -0.433103 33.858801 33.858801 
790.500000 294 2.000000 0.180033 9.514780 -8.199663 1.757522 70.323347 70.323347 
790.500000 295 2.000000 0.000001 5.315398 6.058073 0.491836 36.942152 36.942152 
790.500000 296 2.000000 0.868585 11.130614 1.579244 1.593552 5.033419 5.033419 
790.500000 297 2.000000 0.398101 5.726235 -0.708115 -1.076780 1.660883 1.660883 
790.500000 298 2.000000 0.778803 3.128602 -0.201087 4.469430 20.016238 20.016238 
790.500000 299 2.000000 0.375397 3.361036 2.502638 3.361035 17.559754 17.559754 
790.500000 300 2.000000 0.810146 11.573822 -0.032546 -1.675125 2.807104 2.807104 
790.500000 301 2.000000 0.265213 16.388021 -0.249558 0.095691 0.071436 0.071436 
790.500000 302 2.000000 0.453223 2.192487 -5.467761 3.986338 45.787309 45.787309 
790.500000 303 2.000000 0.856527 4.633938 -1.434722 0.770042 2.651392 2.651392 
790.500000 304 2.000000 0.024659 6.219060 -3.929693 2.140054 20.022320 20.022320 
790.500000 305 2.000000 0.999999 9.727355 -2.017369 6.898669 51.661408 51.661408 
790.500000 306 2.000000 0.765539 17.421976 2.528967 5.285053 34.327459 34.327459 
790.500000 307 2.000000 0.507737 14.831924 -3.281745 -7.950884 73.986409 73.986409 
790.500000 308 2.000000 0.494519 2.470582 -0.548425 -5.814030 34.103720 34.103720 
790.500000 309 2.000000 0.590335 0.071151 3.935561 1.422991 17.513542 17.513542 
790.500000 310 2.000000 0.811320 14.999751 -3.773576 4.173304 31.656342 31.656342 
790.500000 311 2.000000 0.330759 6.194541 2.205051 -1.492300 7.089208 7.089208 
790.500000 312 2.000000 0.230033 16.410252 -0.989865 0.549040 1.281277 1.281277 
790.500000 313 2.000000 0.747223 5.565437 7.472218 -1.135387 57.123140 57.123140 
790.500000 314 2.000000 0.665719 10.517842 -0.607782 5.903645 35.222418 35.222418 
790.500000 315 2.000000 0.698719 10.341950 -3.012800 0.164751 9.104104 9.104104 
790.500000 316 2.000000 0.526498 11.375903 1.504278 -5.947652 37.637418 37.637418 
790.500000 317 2.000000 0.145806 7.173436 -1.553077 2.390312 8.125643 8.125643 
790.500000 318 2.000000 0.068901 1.277937 -4.655490 -1.387817 23.599620 23.599620 
790.500000 319 2.000000 0.788655 19.999999 0.204823 -5.084911 25.898267 25.898267 
790.500000 320 2.000000 0.349842 10.817350 -3.250786 -4.631617 32.019488 32.019488 
790.500000 321 2.000000 0.141996 2.907054 0.157772 0.028844 0.025724 0.025724 
790.500000 322 2.000000 0.999999 18.773489 -2.294120 -1.362788 7.120181 7.120181 
790.500000 323 2.000000 0.415967 7.322441 -0.114516 4.184251 17.521072 17.521072 
790.500000 324 2.000000 0.599182 5.667302 -4.008166 5.667301 48.183692 48.183692 
790.500000 325 2.000000 0.333689 11.772391 0.278074 0.656213 0.507941 0.507941 
790.500000 326 2.000000 0.448347 19.730429 -2.904016 2.078414 12.753114 12.753114 
790.500000 327 2.000000 0.085617 5.869548 -4.571911 -7.736748 80.759639 80.759639 
790.500000 328 2.000000 0.664531 19.966101 1.248024 7.105712 52.048707 52.048707 
790.500000 329 2.000000 0.082920 1.801860 -3.056930 -3.903598 24.582900 24.582900 
790.500000 330 2.000000 0.400893 2.026681 -5.991060 0.012055 35.892946 35.892946 
790.500000 331 2.000000 0.861560 7.502563 -1.384391 -1.384936 3.834586 3.834586 
790.500000 332 2.000000 0.321467 11.051349 3.214655 -4.048878 26.727423 26.727423 
790.500000 333 2.000000 0.703008 19.373423 -5.939829 2.875638 43.550860 43.550860 
790.500000 334 2.000000 0.179912 8.911983 3.598229 2.697015 20.221143 20.221143 
790.500000 335 2.000000 0.212028 14.319597 -0.310372 0.601260 0.457845 0.457845 
790.500000 336 2.000000 0.627121 14.392351 4.180799 -6.380601 58.191147 58.191147 
790.500000 337 2.000000 0.424881 9.230386 0.398918 0.600862 0.520171 0.520171 
790.500000 338 2.000000 0.475926 19.999999 0.164112 -5.543681 30.759331 30.759331 
790.500000 339 2.000000 0.393507 9.690702 0.541933 1.939863 4.056759 4.056759 
790.500000 340 2.000000 0.863154 3.814680 2.550168 -6.330279 46.575792 46.575792 
790.500000 341 2.000000 0.061548 0.000001 0.695724 8.485633 72.490003 72.490003 
790.500000 342 2.000000 0.374195 15.733186 -1.788012 -1.932762 6.932558 6.932558 
790.500000 343 2.000000 0.128593 5.203592 -1.579488 4.578852 23.460668 23.460668 
790.500000 344 2.000000 0.841961 15.249817 1.295323 -0.714344 2.188147 2.188147 
790.500000 345 2.000000 0.448018 6.659916 2.986777 3.500916 21.177253 21.177253 
790.500000 346 2.000000 0.818049 18.127343 -0.214059 -5.350446 28.673091 28.673091 
790.500000 347 2.000000 0.068140 8.035116 -3.269941 0.934200 11.565245 11.565245 
790.500000 348 2.000000 0.321750 6.975544 -0.968928 2.697062 8.212965 8.212965 
790.500000 349 2.000000 0.000001 19.895673 2.865925 0.812087 8.873010 8.873010 
790.500000 350 2.000000 0.847232 14.835135 0.011208 -3.191806 10.187749 10.187749 
790.500000 351 2.000000 0.469417 17.634735 -5.305815 -4.300480 46.645805 46.645805 
790.500000 352 2.000000 0.051617 4.719282 -6.322545 6.741830 85.426849 85.426849 
790.500000 353 2.000000 0.353845 17.505674 -4.307693 3.835921 33.270508 33.270508 
790.500000 354 2.000000 0.488740 2.781633 -0.568066 1.636254 3.000027 3.000027 
790.500000 355 2.000000 0.999999 3.808044 -5.274704 -2.824152 35.798339 35.798339 
790.500000 356 2.000000 0.374798 13.963770 -3.321558 0.620894 11.418256 11.418256 
790.500000 357 2.000000 0.999999 13.012475 -1.810209 4.122454 20.271479 20.271479 
790.500000 358 2.000000 0.060883 12.413114 -2.683187 -3.840828 21.951458 21.951458 
790.500000 359 2.000000 0.670336 17.527411 1.915241 -1.150041 4.990744 4.990744 
790.500000 360 2.000000 0.810559 14.388886 -1.894399 3.415237 15.252589 15.252589 
790.500000 361 2.000000 0.999999 13.500957 -7.067032 -1.123275 51.204687 51.204687 
790.500000 362 2.000000 0.579458 19.647947 1.655591 -7.041034 52.317142 52.317142 
790.500000 363 2.000000 0.333349 10.150199 1.666742 -0.810126 3.434332 3.434332 
790.500000 364 2.000000 0.630994 2.090011 -7.380095 -1.554585 56.882534 56.882534 
790.500000 365 2.000000 0.854278 4.948139 1.220395 3.742638 15.496707 15.496707 
790.500000 366 2.000000 0.868054 18.198698 3.472212 0.824345 12.735801 12.735801 
790.500000 367 2.000000 0.035503 4.861362 -0.356347 5.174468 26.902103 26.902103 
790.500000 368 2.000000 0.436318 17.176886 -0.939468 -1.710977 3.810043 3.810043 
790.500000 369 2.000000 0.505647 2.033573 -1.974372 1.833700 7.260599 7.260599 
790.500000 370 2.000000 0.526879 12.400790 0.658597 1.975750 4.337337 4.337337 
790.500000 371 2.000000 0.290761 3.319195 0.215378 1.580569 2.544585 2.544585 
790.500000 372 2.000000 0.180642 4.832915 -1.489741 1.610971 4.814555 4.814555 
790.500000 373 2.000000 0.148904 6.359002 -5.556128 1.862278 34.338643 34.338643 
790.500000 374 2.000000 0.162158 19.757215 1.621567 -4.855687 26.207177 26.207177 
790.500000 375 2.000000 0.256513 11.305234 5.130242 -2.680864 33.506412 33.506412 
790.500000 376 2.000000 0.318656 0.262511 2.422794 -5.258595 33.522751 33.522751 
790.500000 377 2.000000 0.169270 0.261958 -8.307286 -2.777654 76.726363 76.726363 
790.500000 378 2.000000 0.069011 8.354333 -2.327469 -3.190593 15.596998 15.596998 
790.500000 379 2.000000 0.509897 19.767865 2.549479 0.132588 6.517424 6.517424 
790.500000 380 2.000000 0.699908 17.933309 -6.001816 4.102943 52.855941 52.855941 
790.500000 381 2.000000 0.743910 6.448599 2.975637 1.982029 12.782852 12.782852 
790.500000 382 2.000000 0.302497 1.459041 0.241997 1.122338 1.318206 1.318206 
790.500000 383 2.000000 0.743225 12.637579 -5.135477 2.818297 34.315921 34.315921 
790.500000 384 2.000000 0.810950 19.560457 4.054745 -2.930283 25.027510 25.027510 
790.500000 385 2.000000 0.000001 15.549548 2.513316 3.117632 16.036387 16.036387 
790.500000 386 2.000000 0.300517 1.672268 -0.822920 2.572718 7.296073 7.296073 
790.500000 387 2.000000 0.985804 19.292899 2.190674 0.675023 5.254708 5.254708 
790.500000 388 2.000000 0.459219 0.417327 5.355939 -2.209362 33.567364 33.567364 
790.500000 389 2.000000 0.407380 7.751242 0.232788 -0.113349 0.067038 0.067038 
790.500000 390 2.000000 0.933071 12.215606 -0.669280 -2.684245 7.653107 7.653107 
790.500000 391 2.000000 0.547523 14.340536 3.650147 2.470320 19.426057 19.426057 
790.500000 392 2.000000 0.603455 0.820627 1.263224 -2.979811 10.475011 10.475011 
790.500000 393 2.000000 0.243823 0.548462 -7.561764 0.487677 57.418102 57.418102 
790.500000 394 2.000000 0.349643 16.083146 -2.601425 -0.903359 7.583471 7.583471 
790.500000 395 2.000000 0.773247 19.155462 -0.647862 5.320512 28.727569 28.727569 
790.500000 396 2.000000 0.324219 19.019414 6.484356 -2.100872 46.460533 46.460533 
790.500000 397 2.000000 0.552820 18.939083 3.685461 -7.072774 63.606762 63.606762 
790.500000 398 2.000000 0.884688 2.909554 3.538748 -4.555988 33.279767 33.279767 
790.500000 399 2.000000 0.885600 7.299499 5.903992 -1.677211 37.670154 37.670154 
790.500000 400 2.000000 0.476957 8.294660 -2.092167 -3.969159 20.131385 20.131385 
790.500000 401 2.000000 0.594127 10.944644 -8.117440 2.244813 70.932018 70.932018 
790.500000 402 2.000000 0.309432 9.508329 -1.534594 4.787456 25.274715 25.274715 
790.500000 403 2.000000 0.135333 2.639315 -0.345838 1.196730 1.551768 1.551768 
790.500000 404 2.000000 0.260477 2.003185 -4.021669 -2.260508 21.283721 21.283721 
790.500000 405 2.000000 0.000001 17.844383 3.860130 0.468920 15.120489 15.120489 
790.500000 406 2.000000 0.000001 1.165355 2.557531 1.448718 8.639751 8.639751 
790.500000 407 2.000000 0.725963 4.127717 0.017785 -0.374949 0.140903 0.140903 
790.500000 408 2.000000 0.968295 6.928375 0.109313 -4.841342 23.450545 23.450545 
790.500000 409 2.000000 0.000001 8.765635 3.747919 -1.396834 15.998040 15.998040 
790.500000 410 2.000000 0.829516 3.736422 4.147574 -0.893358 18.000462 18.000462 
790.500000 411 2.000000 0.812213 3.185918 -0.151614 -2.518460 6.365629 6.365629 
790.500000 412 2.000000 0.280124 1.858797 -1.191328 0.655823 1.849366 1.849366 
790.500000 413 2.000000 0.125481 1.754742 -4.372591 1.274001 20.742632 20.742632 
790.500000 414 2.000000 0.505087 3.973374 -1.979648 0.558306 4.230710 4.230710 
790.500000 415 2.000000 0.672840 8.672304 0.841049 -3.331675 11.807420 11.807420 
790.500000 416 2.000000 0.652616 2.320882 -2.315886 2.774679 13.062171 13.062171 
790.500000 417 2.000000 0.720013 13.854607 -0.978104 -0.033778 0.957828 0.957828 
790.500000 418 2.000000 0.499847 5.541205 -5.001519 0.550851 25.318631 25.318631 
790.500000 419 2.000000 0.471546 18.085996 1.886181 0.387845 3.708104 3.708104 
790.500000 420 2.000000 0.214341 3.958306 -2.405571 4.077523 22.412967 22.412967 
790.500000 421 2.000000 0.766428 6.914726 -0.934283 0.767799 1.462399 1.462399 
790.500000 422 2.000000 0.750584 4.163539 -1.662764 5.172665 29.521251 29.521251 
790.500000 423 2.000000 0.315717 2.660751 -3.421409 2.434006 17.630422 17.630422 
790.500000 424 2.000000 0.261111 11.835389 -0.510908 -5.353953 28.925839 28.925839 
790.500000 425 2.000000 0.647061 17.904365 -1.008394 0.506616 1.273519 1.273519 
790.500000 426 2.000000 0.202271 3.334587 0.892163 1.013804 1.823754 1.823754 
790.500000 427 2.000000 0.815793 6.231825 5.438614 3.119156 39.307660 39.307660 
790.500000 428 2.000000 0.616597 9.337605 6.165960 0.842721 38.729242 38.729242 
790.500000 429 2.000000 0.999999 18.111974 -5.630179 5.243627 59.194531 59.194531 
790.500000 430 2.000000 0.374595 5.726728 0.432817 -1.952495 3.999569 3.999569 
790.500000 431 2.000000 0.513252 11.117520 5.132512 1.226466 27.846894 27.846894 
790.500000 432 2.000000 0.226667 14.290704 -0.572838 1.647246 3.041563 3.041563 
790.500000 433 2.000000 0.606247 17.372039 6.062462 1.125874 38.021039 38.021039 
790.500000 434 2.000000 0.227623 12.128228 4.552438 0.384173 20.872282 20.872282 
790.500000 435 2.000000 0.512040 7.690917 -0.055228 -2.157273 4.656876 4.656876 
790.500000 436 2.000000 0.520604 16.177472 3.470687 -1.306631 13.752957 13.752957 
790.500000 437 2.000000 0.590872 17.340050 -4.091269 -3.799927 31.177920 31.177920 
790.500000 438 2.000000 0.323201 17.579166 -4.511989 -3.458332 32.318108 32.318108 
790.500000 439 2.000000 0.511767 19.543929 5.117661 2.472529 32.303859 32.303859 
790.500000 440 2.000000 0.743832 19.221917 7.438313 3.940175 70.853476 70.853476 
790.500000 441 2.000000 0.920048 12.552079 2.044548 -1.264773 5.779828 5.779828 
790.500000 442 2.000000 0.091766 5.846063 1.835291 0.676278 3.825647 3.825647 
790.500000 443 2.000000 0.439876 16.707745 -1.873078 -2.185757 8.285956 8.285956 
790.500000 444 2.000000 0.610683 3.235494 0.718449 7.189984 52.212037 52.212037 
790.500000 445 2.000000 0.131187 14.800490 2.623725 -7.999245 70.871855 70.871855 
790.500000 446 2.000000 0.290573 12.571762 -2.026932 -1.632975 6.775060 6.775060 
790.500000 447 2.000000 0.349263 10.370239 7.987670 2.958126 72.553381 72.553381 
790.500000 448 2.000000 0.515218 3.710959 0.542334 0.272226 0.368233 0.368233 
790.500000 449 2.000000 0.256001 18.499093 0.269473 3.888707 15.194662 15.194662 
790.500000 450 2.000000 0.650484 16.129431 -3.495149 -0.970015 13.156992 13.156992 
790.500000 451 2.000000 0.121897 14.651322 2.437925 3.122407 15.692904 15.692904 
790.500000 452 2.000000 0.788401 16.794847 -1.055704 -4.468298 21.080203 21.080203 
790.500000 453 2.000000 0.269737 1.137867 -0.635010 1.034423 1.473270 1.473270 
790.500000 454 2.000000 0.308362 9.873204 6.167214 3.717928 51.857513 51.857513 
790.500000 455 2.000000 0.818147 0.214582 4.090731 -1.461093 18.868872 18.868872 
790.500000 456 2.000000 0.490118 4.729075 -1.699605 -5.650550 34.817377 34.817377 
790.500000 457 2.000000 0.902980 3.164261 4.514893 -0.536783 20.672391 20.672391 
790.500000 458 2.000000 0.735756 12.998967 -0.754979 2.876481 8.844136 8.844136 
790.500000 459 2.000000 0.934653 8.948217 0.849684 6.391583 41.574292 41.574292 
790.500000 460 2.000000 0.161986 1.006633 -3.199216 -1.034876 11.305950 11.305950 
790.500000 461 2.000000 0.331384 15.237297 -1.910329 8.249656 71.706182 71.706182 
790.500000 462 2.000000 0.999999 4.117470 -3.314222 -0.945629 11.878280 11.878280 
790.500000 463 2.000000 0.042316 7.989295 0.846306 -5.993541 36.638767 36.638767 
790.500000 464 2.000000 0.446643 9.554100 -5.438574 -3.971191 45.348445 45.348445 
790.500000 465 2.000000 0.204009 13.583121 2.040080 -1.554436 6.578196 6.578196 
790.500000 466 2.000000 0.857965 12.632745 4.289820 -1.054174 19.513839 19.513839 
790.500000 467 2.000000 0.550359 14.413904 0.917264 -3.285938 11.638763 11.638763 
790.500000 468 2.000000 0.555424 9.986919 11.108455 -0.657628 123.830253 123.830253 
790.500000 469 2.000000 0.000001 4.728587 5.299175 0.754509 28.650541 28.650541 
790.500000 470 2.000000 0.329322 15.377838 -0.088647 1.619534 2.630747 2.630747 
790.500000 471 2.000000 0.000001 3.574921 2.863281 -2.919110 16.719582 16.719582 
790.500000 472 2.000000 0.000001 3.130405 6.433544 -0.524661 41.665756 41.665756 
790.500000 473 2.000000 0.062647 8.263316 0.417642 -2.143462 4.768852 4.768852 
790.500000 474 2.000000 0.442367 0.461153 -0.743509 -2.485958 6.732794 6.732794 
790.500000 475 2.000000 0.000001 9.849339 4.216545 -5.205900 44.880640 44.880640 
790.500000 476 2.000000 0.999999 1.939068 -7.113871 1.992252 54.576221 54.576221 
790.500000 477 2.000000 0.862389 2.476411 1.593159 6.171513 40.625731 40.625731 
790.500000 478 2.000000 0.799924 19.754598 1.943987 5.908954 38.694826 38.694826 
790.500000 479 2.000000 0.252958 4.267059 2.529571 -5.076754 32.172162 32.172162 
790.500000 480 2.000000 0.291007 10.721290 -0.787769 7.658063 59.266516 59.266516 
790.500000 481 2.000000 0.708266 2.852855 -1.944889 -4.237102 21.735628 21.735628 
790.500000 482 2.000000 0.207796 6.916096 4.155896 3.641044 30.528670 30.528670 
790.500000 483 2.000000 0.429815 19.722607 -0.670805 1.754028 3.526595 3.526595 
790.500000 484 2.000000 0.957928 3.095203 -0.420710 5.284712 28.105177 28.105177 
790.500000 485 2.000000 0.542994 5.473942 -4.570049 -1.163281 22.238568 22.238568 
790.500000 486 2.000000 0.962157 1.216151 2.749017 -5.518452 38.010411 38.010411 
790.500000 487 2.000000 0.551557 7.707463 1.002829 2.202744 5.857747 5.857747 
790.500000 488 2.000000 0.000001 17.857997 6.339773 -0.771538 40.787987 40.787987 
790.500000 489 2.000000 0.250489 16.461999 2.504885 3.408753 17.894046 17.894046 
790.500000 490 2.000000 0.252168 3.227058 5.043336 -4.422770 44.996133 44.996133 
790.500000 491 2.000000 0.491307 6.420841 -5.086920 -3.716985 39.692727 39.692727 
790.500000 492 2.000000 0.496659 5.757904 -0.764312 0.526736 0.861623 0.861623 
790.500000 493 2.000000 0.582404 3.759707 -3.948632 -7.163420 66.906279 66.906279 
790.500000 494 2.000000 0.935481 12.520957 1.870961 0.962603 4.427099 4.427099 
790.500000 495 2.000000 0.000001 16.989819 5.757175 0.050863 33.147650 33.147650 
790.500000 496 2.000000 0.206865 18.122492 2.068638 4.361992 23.306241 23.306241 
790.500000 497 2.000000 0.000001 16.903599 1.762547 4.035390 19.390949 19.390949 
790.500000 498 2.000000 0.677341 2.822801 1.505199 -1.934408 6.007560 6.007560 
790.500000 499 2.000000 0.860280 8.728798 2.150697 -2.685713 11.838550 11.838550 
790.500000 500 2.000000 0.932681 12.710536 -1.346354 -1.492437 4.040037 4.040037 
