919.000000 1 2.000000 0.808159 17.755999 2.027514 -4.487507 24.248536 24.248536 
919.000000 2 2.000000 0.593347 8.322018 5.933463 6.401552 76.185848 76.185848 
919.000000 3 2.000000 0.003824 6.150083 -0.952767 4.427338 20.509088 20.509088 
919.000000 4 2.000000 0.663552 19.431163 1.020848 4.283902 19.393944 19.393944 
919.000000 5 2.000000 0.034417 14.521652 -0.536435 -0.062345 0.291649 0.291649 
919.000000 6 2.000000 0.808408 11.774185 8.084068 1.121410 66.609714 66.609714 
919.000000 7 2.000000 0.323798 6.508514 -2.254005 4.648938 26.693161 26.693161 
919.000000 8 2.000000 0.218501 18.698188 1.456670 4.319739 20.782035 20.782035 
919.000000 9 2.000000 0.358689 13.069825 -1.832315 5.106431 29.433014 29.433014 
919.000000 10 2.000000 0.435988 12.012820 2.906579 -8.398553 78.983902 78.983902 
919.000000 11 2.000000 0.000001 16.631132 4.731282 6.016272 58.580552 58.580552 
919.000000 12 2.000000 0.066676 12.205826 -0.693967 -0.239006 0.538714 0.538714 
919.000000 13 2.000000 0.276689 3.562436 5.533757 -1.635815 33.298359 33.298359 
919.000000 14 2.000000 0.999999 18.592749 -3.824618 0.038117 14.629155 14.629155 
919.000000 15 2.000000 0.514845 11.189139 -4.851539 4.606719 44.759291 44.759291 
919.000000 16 2.000000 0.230881 16.490152 -1.065040 4.042248 17.474084 17.474084 
919.000000 17 2.000000 0.999999 6.174596 -13.305420 1.487725 179.247523 179.247523 
919.000000 18 2.000000 0.102383 10.644402 -6.282844 -4.024934 55.674229 55.674229 
919.000000 19 2.000000 0.858364 13.355309 0.634774 5.919575 35.444309 35.444309 
919.000000 20 2.000000 0.531515 5.139031 3.543430 1.145106 13.867163 13.867163 
919.000000 21 2.000000 0.443549 9.464750 0.095520 -2.230304 4.983378 4.983378 
919.000000 22 2.000000 0.313215 10.140393 0.696030 3.147792 10.393054 10.393054 
919.000000 23 2.000000 0.987486 14.527613 0.347662 -1.155628 1.456345 1.456345 
919.000000 24 2.000000 0.878905 4.789613 1.598008 0.212397 2.598741 2.598741 
919.000000 25 2.000000 0.789497 19.745485 -0.842010 -5.090282 26.619955 26.619955 
919.000000 26 2.000000 0.549924 13.260677 1.571209 -1.225331 3.970133 3.970133 
919.000000 27 2.000000 0.359669 7.841098 -6.403300 5.835553 75.055940 75.055940 
919.000000 28 2.000000 0.633841 18.733978 1.893011 1.612143 6.182495 6.182495 
919.000000 29 2.000000 0.452030 11.300731 -5.479687 -1.062617 31.156126 31.156126 
919.000000 30 2.000000 0.277967 2.236818 -0.962709 0.994141 1.915126 1.915126 
919.000000 31 2.000000 0.607208 12.651309 1.214414 -1.912598 5.132831 5.132831 
919.000000 32 2.000000 0.639262 19.033826 -3.557648 2.249555 17.717357 17.717357 
919.000000 33 2.000000 0.920304 5.482284 -0.398476 2.617695 7.011110 7.011110 
919.000000 34 2.000000 0.502013 8.795769 0.937078 4.024536 17.075006 17.075006 
919.000000 35 2.000000 0.928672 14.350841 -1.426536 -1.684442 4.872349 4.872349 
919.000000 36 2.000000 0.053916 17.219039 -2.102407 3.633380 17.621564 17.621564 
919.000000 37 2.000000 0.192849 9.445345 -0.425078 3.436610 11.990981 11.990981 
919.000000 38 2.000000 0.279464 14.227802 2.794627 4.645382 29.389518 29.389518 
919.000000 39 2.000000 0.869141 8.173806 2.897133 -1.295058 10.070552 10.070552 
919.000000 40 2.000000 0.999999 11.247247 -1.904979 4.785018 26.525345 26.525345 
919.000000 41 2.000000 0.482820 7.390820 -5.171791 8.695081 102.351854 102.351854 
919.000000 42 2.000000 0.624621 1.337272 3.123102 0.079080 9.760018 9.760018 
919.000000 43 2.000000 0.703733 13.372669 -2.655139 5.978039 42.786719 42.786719 
919.000000 44 2.000000 0.900765 13.365483 -1.984671 5.618916 35.511141 35.511141 
919.000000 45 2.000000 0.579395 5.578477 -1.051511 -6.931182 49.146953 49.146953 
919.000000 46 2.000000 0.414399 17.202342 -3.903998 5.448022 44.922146 44.922146 
919.000000 47 2.000000 0.511021 0.591370 -4.889782 0.638696 24.317898 24.317898 
919.000000 48 2.000000 0.597555 0.278171 -0.894321 -4.891547 24.727039 24.727039 
919.000000 49 2.000000 0.433991 2.539644 2.893268 2.539643 14.820786 14.820786 
919.000000 50 2.000000 0.690448 1.311484 -6.191019 -4.384667 57.554018 57.554018 
919.000000 51 2.000000 0.197977 16.695177 -1.145745 -6.609643 45.000113 45.000113 
919.000000 52 2.000000 0.120193 0.192829 -4.399031 3.856555 34.224492 34.224492 
919.000000 53 2.000000 0.108371 10.635196 -4.159404 -3.297001 28.170858 28.170858 
919.000000 54 2.000000 0.214430 16.871804 -5.237128 -1.100401 28.638391 28.638391 
919.000000 55 2.000000 0.612318 1.140259 -0.775362 -1.521211 2.915270 2.915270 
919.000000 56 2.000000 0.089636 0.833635 -2.033285 1.338173 5.924954 5.924954 
919.000000 57 2.000000 0.265945 11.352051 1.772962 1.151172 4.468589 4.468589 
919.000000 58 2.000000 0.931566 1.219294 -1.368658 1.974827 5.773169 5.773169 
919.000000 59 2.000000 0.070774 0.606964 -0.844750 -4.909629 24.818060 24.818060 
919.000000 60 2.000000 0.933825 2.795256 6.225493 3.993221 54.702577 54.702577 
919.000000 61 2.000000 0.452195 0.000001 -5.478041 0.420697 30.185918 30.185918 
919.000000 62 2.000000 0.284633 6.574621 2.846319 -2.196594 12.926556 12.926556 
919.000000 63 2.000000 0.829571 11.130612 -0.210460 4.818790 23.265026 23.265026 
919.000000 64 2.000000 0.183853 9.097412 0.158370 -1.430697 2.071974 2.071974 
919.000000 65 2.000000 0.657736 9.016422 -0.325965 1.412839 2.102366 2.102366 
919.000000 66 2.000000 0.659126 11.687801 -0.757495 -7.916379 63.242861 63.242861 
919.000000 67 2.000000 0.079478 18.990945 0.198692 2.379778 5.702821 5.702821 
919.000000 68 2.000000 0.000001 3.714138 4.177443 -4.301309 35.952295 35.952295 
919.000000 69 2.000000 0.355254 2.986575 1.421012 -5.890000 36.711377 36.711377 
919.000000 70 2.000000 0.000001 10.855279 2.726000 -3.637642 20.663515 20.663515 
919.000000 71 2.000000 0.752591 9.032828 2.150256 -1.935547 8.369944 8.369944 
919.000000 72 2.000000 0.000001 9.496585 5.180548 1.082351 28.009557 28.009557 
919.000000 73 2.000000 0.000001 19.416427 3.019117 -5.835722 43.170721 43.170721 
919.000000 74 2.000000 0.318933 6.585143 -1.928717 -0.866763 4.471227 4.471227 
919.000000 75 2.000000 0.727587 5.997532 1.455172 0.936462 2.994486 2.994486 
919.000000 76 2.000000 0.031689 11.301137 0.633756 3.746343 14.436733 14.436733 
919.000000 77 2.000000 0.488377 7.274750 -3.410813 0.004467 11.633666 11.633666 
919.000000 78 2.000000 0.227989 10.384091 -1.431763 -2.946550 10.732102 10.732102 
919.000000 79 2.000000 0.517657 5.294308 -2.411710 -0.315422 5.915834 5.915834 
919.000000 80 2.000000 0.358038 13.829087 -4.279739 -1.202719 19.762695 19.762695 
919.000000 81 2.000000 0.999999 12.009918 -3.412911 3.157740 21.619277 21.619277 
919.000000 82 2.000000 0.370909 2.072091 -6.290901 4.604645 60.778192 60.778192 
919.000000 83 2.000000 0.380226 5.942495 3.802252 4.098272 31.252954 31.252954 
919.000000 84 2.000000 0.000001 18.039774 5.595900 0.633557 31.715491 31.715491 
919.000000 85 2.000000 0.367397 3.081426 0.667992 -0.574859 0.776676 0.776676 
919.000000 86 2.000000 0.470335 8.911065 -1.059327 3.011048 10.188585 10.188585 
919.000000 87 2.000000 0.542470 7.525847 -2.595724 3.482980 18.868937 18.868937 
919.000000 88 2.000000 0.999999 7.615114 -1.788151 7.271766 56.076062 56.076062 
919.000000 89 2.000000 0.000001 7.321288 5.468982 2.524582 36.283279 36.283279 
919.000000 90 2.000000 0.242791 4.148633 -3.028830 4.531829 29.711291 29.711291 
919.000000 91 2.000000 0.999999 13.241750 -1.998872 6.379585 44.694588 44.694588 
919.000000 92 2.000000 0.672653 13.504240 -2.182308 3.186714 14.917614 14.917614 
919.000000 93 2.000000 0.880138 10.860723 -2.397221 3.745077 19.772265 19.772265 
919.000000 94 2.000000 0.000001 16.618983 2.805141 -1.778715 11.032645 11.032645 
919.000000 95 2.000000 0.753559 14.842593 3.767792 0.108361 14.207997 14.207997 
919.000000 96 2.000000 0.772912 13.001421 -4.541745 -2.628377 27.535816 27.535816 
919.000000 97 2.000000 0.938275 15.457118 -0.208907 -2.463195 6.110970 6.110970 
919.000000 98 2.000000 0.758333 10.128253 -2.416660 0.996838 6.833930 6.833930 
919.000000 99 2.000000 0.376797 19.410441 -6.232022 5.553827 69.683089 69.683089 
919.000000 100 2.000000 0.884316 3.148003 2.947718 0.577772 9.022862 9.022862 
919.000000 101 2.000000 0.994414 9.770551 3.819622 -0.208544 14.633005 14.633005 
919.000000 102 2.000000 0.664817 10.919241 1.571576 0.626487 2.862336 2.862336 
919.000000 103 2.000000 0.667908 16.084972 -0.002043 3.236553 10.475278 10.475278 
919.000000 104 2.000000 0.561114 8.285529 5.611134 0.684136 31.952871 31.952871 
919.000000 105 2.000000 0.973268 5.088338 -0.133655 1.083350 1.191511 1.191511 
919.000000 106 2.000000 0.000001 2.601728 8.054876 4.720634 87.165403 87.165403 
919.000000 107 2.000000 0.361878 12.254902 -0.460051 2.586044 6.899272 6.899272 
919.000000 108 2.000000 0.144330 10.042263 -0.965467 -1.260094 2.519965 2.519965 
919.000000 109 2.000000 0.605915 18.618202 1.255552 -0.576037 1.908229 1.908229 
919.000000 110 2.000000 0.686474 15.486491 3.432364 2.510015 18.081299 18.081299 
919.000000 111 2.000000 0.269540 9.422774 5.390778 2.978425 37.931499 37.931499 
919.000000 112 2.000000 0.831523 9.526476 1.847826 -4.014088 19.527365 19.527365 
919.000000 113 2.000000 0.762402 2.624199 5.082675 0.356682 25.960810 25.960810 
919.000000 114 2.000000 0.957369 16.542271 2.393420 -1.585686 8.242861 8.242861 
919.000000 115 2.000000 0.268731 16.830304 -4.875121 -4.876454 47.546601 47.546601 
919.000000 116 2.000000 0.457574 0.865772 0.327164 -0.404105 0.270337 0.270337 
919.000000 117 2.000000 0.001227 13.449971 -2.219493 2.231648 9.906405 9.906405 
919.000000 118 2.000000 0.669332 5.052127 3.346657 5.613473 42.711199 42.711199 
919.000000 119 2.000000 0.799687 18.027688 2.284816 8.409908 75.946943 75.946943 
919.000000 120 2.000000 0.636395 18.525209 4.242627 3.528403 30.449514 30.449514 
919.000000 121 2.000000 0.887806 5.452885 -0.448770 0.479072 0.430905 0.430905 
919.000000 122 2.000000 0.972425 8.450313 0.670637 -1.543060 2.830788 2.830788 
919.000000 123 2.000000 0.504179 15.712501 0.321762 1.031901 1.168350 1.168350 
919.000000 124 2.000000 0.773798 8.351440 2.579324 -7.490474 62.760117 62.760117 
919.000000 125 2.000000 0.392428 11.787186 -4.050474 -7.791864 77.119481 77.119481 
919.000000 126 2.000000 0.635085 13.918791 4.233893 -6.401272 58.902129 58.902129 
919.000000 127 2.000000 0.951938 18.055365 0.554225 0.284915 0.388342 0.388342 
919.000000 128 2.000000 0.716480 3.673065 0.500499 1.704034 3.154231 3.154231 
919.000000 129 2.000000 0.356957 13.263354 -4.286948 0.676913 18.836138 18.836138 
919.000000 130 2.000000 0.781849 12.661475 2.606160 1.917716 10.469704 10.469704 
919.000000 131 2.000000 0.999999 6.953946 -3.522165 -2.197173 17.233219 17.233219 
919.000000 132 2.000000 0.994982 4.008814 0.497490 5.345084 28.817414 28.817414 
919.000000 133 2.000000 0.496206 10.164728 3.308035 -2.122187 15.446774 15.446774 
919.000000 134 2.000000 0.183155 16.784253 1.040685 0.628026 1.477442 1.477442 
919.000000 135 2.000000 0.937541 4.094108 0.503184 6.298627 39.925893 39.925893 
919.000000 136 2.000000 0.799260 18.220010 0.448972 -2.224986 5.152140 5.152140 
919.000000 137 2.000000 0.943447 15.470889 5.253806 -2.884849 35.924830 35.924830 
919.000000 138 2.000000 0.510412 7.442878 -1.631955 -3.348566 13.876169 13.876169 
919.000000 139 2.000000 0.430169 19.119563 -1.424575 -2.515532 8.357318 8.357318 
919.000000 140 2.000000 0.472440 1.720269 1.574796 -2.538543 8.924180 8.924180 
919.000000 141 2.000000 0.644135 15.891861 4.294224 -3.423448 30.160361 30.160361 
919.000000 142 2.000000 0.242874 0.883059 -0.219456 8.830579 78.027280 78.027280 
919.000000 143 2.000000 0.277246 10.141289 0.924151 -3.038042 10.083753 10.083753 
919.000000 144 2.000000 0.263711 8.092847 1.318549 -4.089106 18.459355 18.459355 
919.000000 145 2.000000 0.246588 14.386371 4.931733 0.062613 24.325906 24.325906 
919.000000 146 2.000000 0.534735 11.303161 -0.488058 -0.998340 1.234883 1.234883 
919.000000 147 2.000000 0.999999 18.369913 -4.378628 -1.304069 20.872983 20.872983 
919.000000 148 2.000000 0.314499 5.185606 6.289961 -2.930750 48.152901 48.152901 
919.000000 149 2.000000 0.273945 14.901969 -3.630272 1.090847 14.368823 14.368823 
919.000000 150 2.000000 0.745457 15.089693 -2.545420 -2.846329 14.580750 14.580750 
919.000000 151 2.000000 0.407576 6.005216 -5.924230 -2.103985 39.523257 39.523257 
919.000000 152 2.000000 0.545701 3.454086 -2.271492 6.916202 52.993528 52.993528 
919.000000 153 2.000000 0.000001 19.551288 0.944800 1.959021 4.730412 4.730412 
919.000000 154 2.000000 0.907028 16.993400 9.070270 2.293563 87.530231 87.530231 
919.000000 155 2.000000 0.263899 10.615575 1.055593 -8.455217 72.604971 72.604971 
919.000000 156 2.000000 0.813109 19.432014 -0.412140 -2.197550 4.999084 4.999084 
919.000000 157 2.000000 0.719815 12.228403 -5.603684 1.371567 33.282473 33.282473 
919.000000 158 2.000000 0.173346 12.550531 -2.755511 0.060035 7.596447 7.596447 
919.000000 159 2.000000 0.267177 13.641127 2.671764 2.255061 12.223623 12.223623 
919.000000 160 2.000000 0.246905 16.186564 0.987616 -0.631683 1.374408 1.374408 
919.000000 161 2.000000 0.203808 18.381341 -1.002025 -1.352711 2.833883 2.833883 
919.000000 162 2.000000 0.924988 7.612044 1.211591 4.290956 19.880256 19.880256 
919.000000 163 2.000000 0.000001 11.124360 2.929515 1.470961 10.745787 10.745787 
919.000000 164 2.000000 0.744581 2.058774 1.353782 1.419843 3.848682 3.848682 
919.000000 165 2.000000 0.501355 10.659129 -0.712348 2.798035 8.336439 8.336439 
919.000000 166 2.000000 0.854712 16.908935 -2.905738 -3.253752 19.030217 19.030217 
919.000000 167 2.000000 0.068352 1.184791 1.367022 4.739162 24.328405 24.328405 
919.000000 168 2.000000 0.106296 4.794503 -1.102310 0.911103 2.045195 2.045195 
919.000000 169 2.000000 0.213075 17.363215 1.420497 2.273174 7.185131 7.185131 
919.000000 170 2.000000 0.462286 3.411806 0.711207 -5.469046 30.416283 30.416283 
919.000000 171 2.000000 0.237467 9.479549 -7.625321 -2.655422 65.196789 65.196789 
919.000000 172 2.000000 0.000001 5.617710 6.307407 2.505620 46.061512 46.061512 
919.000000 173 2.000000 0.388143 15.515069 -6.118561 0.409325 37.604333 37.604333 
919.000000 174 2.000000 0.172126 0.000001 1.147499 3.571017 14.068920 14.068920 
919.000000 175 2.000000 0.296994 15.488936 -7.030055 1.070517 50.567678 50.567678 
919.000000 176 2.000000 0.410087 3.129494 4.100862 1.810175 20.093807 20.093807 
919.000000 177 2.000000 0.599851 9.113095 -0.444609 -0.126853 0.213769 0.213769 
919.000000 178 2.000000 0.713552 10.572697 -2.864470 -1.985853 12.148799 12.148799 
919.000000 179 2.000000 0.000001 9.384416 4.397657 -2.022659 23.430534 23.430534 
919.000000 180 2.000000 0.129861 3.885685 -5.800921 -3.477447 45.743324 45.743324 
919.000000 181 2.000000 0.283524 10.887816 5.670466 -0.225034 32.204823 32.204823 
919.000000 182 2.000000 0.921793 19.142203 -1.564112 5.047610 27.924810 27.924810 
919.000000 183 2.000000 0.229243 3.390307 4.584841 1.005163 22.031119 22.031119 
919.000000 184 2.000000 0.318336 17.145060 2.122230 -1.992274 8.473017 8.473017 
919.000000 185 2.000000 0.651273 8.093821 -6.974520 -0.240096 48.701576 48.701576 
919.000000 186 2.000000 0.814937 3.426885 -0.104362 -0.032779 0.011966 0.011966 
919.000000 187 2.000000 0.999999 15.513100 -5.923773 -0.992214 36.075580 36.075580 
919.000000 188 2.000000 0.434309 2.335476 1.240881 3.336393 12.671305 12.671305 
919.000000 189 2.000000 0.217645 2.954613 4.352884 8.441750 90.210736 90.210736 
919.000000 190 2.000000 0.999999 1.884972 -5.503817 3.769943 44.504469 44.504469 
919.000000 191 2.000000 0.999999 16.581316 -4.702446 -2.441916 28.075952 28.075952 
919.000000 192 2.000000 0.999999 19.346405 -5.700218 -0.785470 33.109449 33.109449 
919.000000 193 2.000000 0.787679 17.696619 -1.415468 -0.713098 2.512059 2.512059 
919.000000 194 2.000000 0.169667 10.941413 -3.321329 5.459530 40.837693 40.837693 
919.000000 195 2.000000 0.879595 6.507455 -2.408081 -6.495774 47.993929 47.993929 
919.000000 196 2.000000 0.849306 2.401667 -1.004623 -0.681562 1.473793 1.473793 
919.000000 197 2.000000 0.909285 19.311819 6.061892 2.767412 44.405098 44.405098 
919.000000 198 2.000000 0.747638 18.438302 0.742463 4.619251 21.888727 21.888727 
919.000000 199 2.000000 0.423799 9.123499 1.695193 2.699219 10.159464 10.159464 
919.000000 200 2.000000 0.828722 15.360068 1.104961 3.374678 12.609394 12.609394 
919.000000 201 2.000000 0.608226 18.581936 -3.917733 -4.726875 37.691985 37.691985 
919.000000 202 2.000000 0.047250 5.556463 0.944970 0.711046 1.398556 1.398556 
919.000000 203 2.000000 0.807324 1.755798 -3.853508 -5.067834 40.532462 40.532462 
919.000000 204 2.000000 0.888280 5.598318 -2.234376 4.665264 26.757124 26.757124 
919.000000 205 2.000000 0.462598 12.361850 -1.758712 -2.049967 7.295434 7.295434 
919.000000 206 2.000000 0.077032 0.911865 0.513540 -3.314478 11.249485 11.249485 
919.000000 207 2.000000 0.876886 16.848169 0.083006 -9.005228 81.101028 81.101028 
919.000000 208 2.000000 0.598071 1.032184 0.498558 4.233390 18.170151 18.170151 
919.000000 209 2.000000 0.393908 13.379664 0.787813 -2.614194 7.454659 7.454659 
919.000000 210 2.000000 0.969175 1.290025 0.970489 1.247300 2.497606 2.497606 
919.000000 211 2.000000 0.843303 1.722841 5.622014 -3.518310 43.985549 43.985549 
919.000000 212 2.000000 0.423396 0.792808 2.116976 -1.278655 6.116544 6.116544 
919.000000 213 2.000000 0.197411 0.617471 -1.459251 -1.613271 4.732057 4.732057 
919.000000 214 2.000000 0.623276 7.827076 2.493100 -0.699970 6.705507 6.705507 
919.000000 215 2.000000 0.708172 15.130544 -2.918269 -4.234309 26.445664 26.445664 
919.000000 216 2.000000 0.808812 17.732703 5.392070 -0.236084 29.130155 29.130155 
919.000000 217 2.000000 0.000001 8.668563 5.835128 -4.091221 50.786812 50.786812 
919.000000 218 2.000000 0.463718 5.039070 2.318586 1.222885 6.871289 6.871289 
919.000000 219 2.000000 0.000001 2.893669 1.277394 -3.869608 16.605599 16.605599 
919.000000 220 2.000000 0.230325 19.521472 -3.848369 0.952985 15.718125 15.718125 
919.000000 221 2.000000 0.821699 11.344256 0.861345 -6.727388 45.999668 45.999668 
919.000000 222 2.000000 0.711833 5.815113 -1.440830 2.076826 6.389196 6.389196 
919.000000 223 2.000000 0.601047 13.425641 1.717273 -3.873767 17.955098 17.955098 
919.000000 224 2.000000 0.999999 7.150402 -2.969856 -7.188020 60.487672 60.487672 
919.000000 225 2.000000 0.696654 10.178055 1.266642 -3.511225 13.933085 13.933085 
919.000000 226 2.000000 0.999999 6.697921 -4.780350 4.784229 45.740586 45.740586 
919.000000 227 2.000000 0.333116 6.153352 3.331154 -2.097727 15.497047 15.497047 
919.000000 228 2.000000 0.279843 0.987352 -0.317201 -3.119788 9.833692 9.833692 
919.000000 229 2.000000 0.388782 4.542846 -1.018695 -1.145590 2.350116 2.350116 
919.000000 230 2.000000 0.179349 7.893808 3.586955 -2.485340 19.043163 19.043163 
919.000000 231 2.000000 0.430483 7.391529 -0.704387 -7.166659 51.857162 51.857162 
919.000000 232 2.000000 0.616394 6.892144 3.081965 -7.452420 65.037064 65.037064 
919.000000 233 2.000000 0.692816 15.612584 -0.165002 0.167756 0.055368 0.055368 
919.000000 234 2.000000 0.731879 13.636946 2.927512 0.734387 9.109652 9.109652 
919.000000 235 2.000000 0.594542 4.262445 4.326685 -3.843541 33.493011 33.493011 
919.000000 236 2.000000 0.647920 0.204177 1.079865 -4.115880 18.106575 18.106575 
919.000000 237 2.000000 0.351379 7.203521 -1.026086 -0.637794 1.459634 1.459634 
919.000000 238 2.000000 0.000001 16.205963 5.958181 5.835619 69.554372 69.554372 
919.000000 239 2.000000 0.284344 14.341911 5.686865 -1.958212 36.175033 36.175033 
919.000000 240 2.000000 0.267281 12.365687 5.345596 -1.582375 31.079306 31.079306 
919.000000 241 2.000000 0.945952 12.336918 3.783805 -4.575874 35.255804 35.255804 
919.000000 242 2.000000 0.603588 14.564622 -0.991027 -0.010899 0.982253 0.982253 
919.000000 243 2.000000 0.307508 13.933453 6.150147 -1.133525 39.109193 39.109193 
919.000000 244 2.000000 0.176620 9.518151 -1.829731 -3.659820 16.742198 16.742198 
919.000000 245 2.000000 0.390612 17.311890 3.906109 0.923340 16.110246 16.110246 
919.000000 246 2.000000 0.265933 18.789116 -2.936265 2.043789 12.798729 12.798729 
919.000000 247 2.000000 0.141511 7.514905 2.830209 0.536346 8.297747 8.297747 
919.000000 248 2.000000 0.667900 2.388152 -2.213996 -2.229073 9.870546 9.870546 
919.000000 249 2.000000 0.414527 16.714383 8.290522 1.672274 71.529247 71.529247 
919.000000 250 2.000000 0.122372 11.091276 -2.194068 -2.419071 10.665840 10.665840 
919.000000 251 2.000000 0.000001 17.719302 1.358875 -0.479515 2.076477 2.076477 
919.000000 252 2.000000 0.000001 14.114853 4.343027 -1.569677 21.325767 21.325767 
919.000000 253 2.000000 0.183980 15.918075 3.679571 0.197878 13.578400 13.578400 
919.000000 254 2.000000 0.606074 1.667295 -0.656542 1.515722 2.728460 2.728460 
919.000000 255 2.000000 0.965937 17.687318 3.219786 4.780356 33.218825 33.218825 
919.000000 256 2.000000 0.000001 5.658080 5.308540 1.492810 30.409078 30.409078 
919.000000 257 2.000000 0.999999 7.756112 -4.246581 5.318670 46.321702 46.321702 
919.000000 258 2.000000 0.505069 13.670925 3.367118 -2.448728 17.333755 17.333755 
919.000000 259 2.000000 0.932775 18.979739 4.663868 -4.081039 38.406544 38.406544 
919.000000 260 2.000000 0.391085 12.658825 -1.595185 2.139796 7.123341 7.123341 
919.000000 261 2.000000 0.360858 0.000001 -0.289549 2.667186 7.197719 7.197719 
919.000000 262 2.000000 0.453403 2.243175 0.226795 1.241283 1.592220 1.592220 
919.000000 263 2.000000 0.252821 8.593408 1.264100 1.304493 3.299650 3.299650 
919.000000 264 2.000000 0.542054 17.485257 5.420527 -0.049082 29.384523 29.384523 
919.000000 265 2.000000 0.148488 14.802999 1.484868 2.988879 11.138229 11.138229 
919.000000 266 2.000000 0.689056 6.301630 -1.036476 -1.787663 4.270023 4.270023 
919.000000 267 2.000000 0.560254 13.006700 -8.794896 -4.996781 102.318010 102.318010 
919.000000 268 2.000000 0.123740 4.325510 -0.101446 1.802296 3.258560 3.258560 
919.000000 269 2.000000 0.319829 11.218379 3.198284 5.182509 37.087424 37.087424 
919.000000 270 2.000000 0.289086 3.076849 1.927231 -1.149367 5.035265 5.035265 
919.000000 271 2.000000 0.999999 12.006708 -4.477984 1.850033 23.474961 23.474961 
919.000000 272 2.000000 0.712902 18.794626 -2.006414 -2.758809 11.636727 11.636727 
919.000000 273 2.000000 0.000001 15.915546 2.154314 0.025273 4.641709 4.641709 
919.000000 274 2.000000 0.658980 0.332001 2.196598 -0.767606 5.414264 5.414264 
919.000000 275 2.000000 0.021511 0.617803 -3.261625 -0.289432 10.721972 10.721972 
919.000000 276 2.000000 0.000001 1.794650 7.319104 -8.673622 128.801005 128.801005 
919.000000 277 2.000000 0.160236 17.452852 -2.099408 -5.094294 30.359350 30.359350 
919.000000 278 2.000000 0.319415 13.698418 3.194143 -3.702474 23.910860 23.910860 
919.000000 279 2.000000 0.506686 18.549685 -4.933130 2.597371 31.082106 31.082106 
919.000000 280 2.000000 0.095126 3.286220 -2.262181 -1.896647 8.714734 8.714734 
919.000000 281 2.000000 0.189797 19.315066 -2.314862 -2.739733 12.864725 12.864725 
919.000000 282 2.000000 0.999999 11.576010 -4.616832 2.802137 29.167112 29.167112 
919.000000 283 2.000000 0.657814 6.764665 1.879465 2.358637 9.095557 9.095557 
919.000000 284 2.000000 0.000001 0.267298 3.450981 1.781982 15.084726 15.084726 
919.000000 285 2.000000 0.776865 19.432313 1.412481 3.025427 11.148312 11.148312 
919.000000 286 2.000000 0.690971 9.881523 -3.090283 -3.534173 22.040230 22.040230 
919.000000 287 2.000000 0.709192 1.808355 -2.908067 -4.992686 33.383763 33.383763 
919.000000 288 2.000000 0.640142 17.012583 -7.197131 -6.638703 95.871078 95.871078 
919.000000 289 2.000000 0.464696 5.242171 0.929389 2.109564 5.314023 5.314023 
919.000000 290 2.000000 0.000001 4.992823 2.228990 1.815572 8.264696 8.264696 
919.000000 291 2.000000 0.070171 13.525291 -2.066284 -0.293606 4.355732 4.355732 
919.000000 292 2.000000 0.204019 17.384130 2.040184 1.241091 5.702657 5.702657 
919.000000 293 2.000000 0.445516 0.226167 -1.584238 -1.965451 6.372808 6.372808 
919.000000 294 2.000000 0.411519 0.000001 -11.769603 1.896269 142.119401 142.119401 
919.000000 295 2.000000 0.367675 5.919054 -6.323239 -6.727315 85.240122 85.240122 
919.000000 296 2.000000 0.199043 14.991646 1.326947 -4.067187 18.302795 18.302795 
919.000000 297 2.000000 0.937586 4.868953 4.687923 0.535626 22.263513 22.263513 
919.000000 298 2.000000 0.044815 18.910127 -6.367891 4.716701 62.797308 62.797308 
919.000000 299 2.000000 0.465108 9.796692 3.100711 2.799318 17.450592 17.450592 
919.000000 300 2.000000 0.356640 16.798179 -6.433590 -2.371719 47.016132 47.016132 
919.000000 301 2.000000 0.901091 0.183913 6.007265 3.678248 49.616740 49.616740 
919.000000 302 2.000000 0.758563 6.369647 2.167320 -6.016409 40.894452 40.894452 
919.000000 303 2.000000 0.999999 9.695763 -2.962461 -2.862288 16.968869 16.968869 
919.000000 304 2.000000 0.006821 13.336209 -0.790543 1.473050 2.794836 2.794836 
919.000000 305 2.000000 0.153705 1.632396 3.074088 0.432556 9.637119 9.637119 
919.000000 306 2.000000 0.866403 4.502779 0.787638 6.003704 36.664841 36.664841 
919.000000 307 2.000000 0.325936 8.454283 -0.787744 -0.741142 1.169832 1.169832 
919.000000 308 2.000000 0.609417 13.637633 -3.905815 -2.963082 24.035244 24.035244 
919.000000 309 2.000000 0.736539 18.950897 -0.878198 -1.614002 3.376236 3.376236 
919.000000 310 2.000000 0.163318 18.520649 -1.195258 1.637182 4.109007 4.109007 
919.000000 311 2.000000 0.728373 14.673090 -0.905421 0.958897 1.739270 1.739270 
919.000000 312 2.000000 0.254266 5.869148 -1.065332 -0.666326 1.578924 1.578924 
919.000000 313 2.000000 0.000001 1.766608 3.507663 -6.848354 59.203649 59.203649 
919.000000 314 2.000000 0.835387 14.934210 3.341545 -1.241940 12.708341 12.708341 
919.000000 315 2.000000 0.738154 15.153601 -1.160946 1.616826 3.961922 3.961922 
919.000000 316 2.000000 0.433673 16.674621 -5.663259 -1.277166 33.703653 33.703653 
919.000000 317 2.000000 0.669696 7.087201 3.348474 6.162782 49.192167 49.192167 
919.000000 318 2.000000 0.176537 4.193903 3.530724 6.452157 54.096345 54.096345 
919.000000 319 2.000000 0.174070 7.030098 3.481378 4.535546 32.691176 32.691176 
919.000000 320 2.000000 0.261835 12.818758 5.236683 -3.456441 39.369834 39.369834 
919.000000 321 2.000000 0.705722 2.375840 2.782393 2.307718 13.067271 13.067271 
919.000000 322 2.000000 0.394173 2.852806 2.627814 3.169783 16.952932 16.952932 
919.000000 323 2.000000 0.999999 0.827631 -5.095676 -6.847274 72.851075 72.851075 
919.000000 324 2.000000 0.435876 6.933592 -1.611779 -1.842228 5.991638 5.991638 
919.000000 325 2.000000 0.508723 17.821089 -1.403645 -1.440673 4.045758 4.045758 
919.000000 326 2.000000 0.785070 13.617335 -2.149286 0.057361 4.622721 4.622721 
919.000000 327 2.000000 0.000001 0.106975 1.387551 2.139487 6.502703 6.502703 
919.000000 328 2.000000 0.899272 10.411703 -2.014542 5.044906 29.509458 29.509458 
919.000000 329 2.000000 0.603444 19.385930 -0.721009 -3.070344 9.946868 9.946868 
919.000000 330 2.000000 0.920170 12.373169 -1.596588 -2.083722 6.890990 6.890990 
919.000000 331 2.000000 0.454388 19.999999 -2.831399 -3.133320 17.834514 17.834514 
919.000000 332 2.000000 0.688629 16.413894 6.886284 -2.133215 51.971511 51.971511 
919.000000 333 2.000000 0.244188 6.782237 -1.889528 -1.652943 6.302538 6.302538 
919.000000 334 2.000000 0.388889 12.448219 -2.037035 1.272619 5.769069 5.769069 
919.000000 335 2.000000 0.837682 2.294479 -3.246342 -4.589897 31.605889 31.605889 
919.000000 336 2.000000 0.289819 11.948673 -7.101797 -8.484083 122.415191 122.415191 
919.000000 337 2.000000 0.609511 3.186335 0.761887 1.919445 4.264743 4.264743 
919.000000 338 2.000000 0.421905 15.398144 -2.890470 -6.135807 46.002943 46.002943 
919.000000 339 2.000000 0.206563 0.354534 -3.173744 -3.606120 23.076756 23.076756 
919.000000 340 2.000000 0.999999 3.930261 -1.577689 2.630615 9.409237 9.409237 
919.000000 341 2.000000 0.084535 6.989713 -3.051546 1.615917 11.923122 11.923122 
919.000000 342 2.000000 0.863982 17.009267 -2.720334 0.321002 7.503257 7.503257 
919.000000 343 2.000000 0.442888 2.790480 -1.591747 2.657599 9.596494 9.596494 
919.000000 344 2.000000 0.356953 16.871333 4.360368 2.466114 25.094525 25.094525 
919.000000 345 2.000000 0.597863 2.180758 0.360769 -1.797530 3.361269 3.361269 
919.000000 346 2.000000 0.079175 0.565763 -3.683295 -0.594213 13.919749 13.919749 
919.000000 347 2.000000 0.999999 16.659342 -3.139523 2.164678 14.542433 14.542433 
919.000000 348 2.000000 0.467037 19.531475 -2.664808 -4.685242 29.052700 29.052700 
919.000000 349 2.000000 0.131598 5.114953 -1.157868 5.683280 33.640327 33.640327 
919.000000 350 2.000000 0.033876 9.276165 -4.830616 -1.548753 25.733488 25.733488 
919.000000 351 2.000000 0.216167 8.686012 1.441106 1.095422 3.276736 3.276736 
919.000000 352 2.000000 0.626654 19.693975 4.177684 -1.224095 18.951455 18.951455 
919.000000 353 2.000000 0.513744 19.112181 -1.080566 -0.016677 1.167902 1.167902 
919.000000 354 2.000000 0.470426 5.531888 -0.060952 -8.267492 68.355142 68.355142 
919.000000 355 2.000000 0.774447 5.121228 -0.451103 1.506860 2.474121 2.474121 
919.000000 356 2.000000 0.241978 12.794173 4.839541 -6.004855 59.479445 59.479445 
919.000000 357 2.000000 0.589423 9.046163 -0.513220 -3.666644 13.707672 13.707672 
919.000000 358 2.000000 0.760317 3.194420 -0.480027 9.212819 85.106458 85.106458 
919.000000 359 2.000000 0.956437 6.031918 9.564363 1.334598 93.258201 93.258201 
919.000000 360 2.000000 0.587259 8.794662 -4.127398 3.131471 26.841520 26.841520 
919.000000 361 2.000000 0.185369 17.037824 1.853679 1.666904 6.214693 6.214693 
919.000000 362 2.000000 0.865791 10.682415 1.574163 -1.611585 5.075196 5.075196 
919.000000 363 2.000000 0.629968 7.333972 -2.466872 -2.356209 11.637180 11.637180 
919.000000 364 2.000000 0.163065 14.769243 1.630639 0.591404 3.008740 3.008740 
919.000000 365 2.000000 0.253959 2.145749 -3.730198 7.106006 64.409703 64.409703 
919.000000 366 2.000000 0.385959 15.571913 2.573052 -2.690314 13.858386 13.858386 
919.000000 367 2.000000 0.041949 4.739734 -0.684321 -6.228680 39.264745 39.264745 
919.000000 368 2.000000 0.000001 13.200816 3.072861 -11.331972 137.856062 137.856062 
919.000000 369 2.000000 0.453695 2.221205 1.814775 4.442407 23.028388 23.028388 
919.000000 370 2.000000 0.000001 15.243774 5.973760 7.367388 89.964208 89.964208 
919.000000 371 2.000000 0.999999 6.085421 -1.777307 -3.878441 18.201120 18.201120 
919.000000 372 2.000000 0.286430 11.021176 0.143482 -2.783435 7.768098 7.768098 
919.000000 373 2.000000 0.200915 11.995997 1.339424 2.839702 9.857964 9.857964 
919.000000 374 2.000000 0.000001 0.660395 8.156493 -1.946882 70.318724 70.318724 
919.000000 375 2.000000 0.562320 10.960222 -2.188396 1.044870 5.880828 5.880828 
919.000000 376 2.000000 0.590993 15.843571 -1.022516 1.075690 2.202648 2.202648 
919.000000 377 2.000000 0.000001 8.944365 1.078848 0.754907 1.733798 1.733798 
919.000000 378 2.000000 0.519779 1.805132 1.299445 7.220522 53.824499 53.824499 
919.000000 379 2.000000 0.899953 4.120759 -0.074108 2.354719 5.550193 5.550193 
919.000000 380 2.000000 0.585409 14.222792 -0.180256 1.259884 1.619801 1.619801 
919.000000 381 2.000000 0.780111 16.752692 1.950275 4.100692 20.619250 20.619250 
919.000000 382 2.000000 0.707998 0.430876 3.539983 -1.206998 13.988324 13.988324 
919.000000 383 2.000000 0.000001 18.282636 1.941841 2.658957 10.840795 10.840795 
919.000000 384 2.000000 0.402925 17.173861 0.732589 3.210617 10.844749 10.844749 
919.000000 385 2.000000 0.456154 14.169121 -1.359612 -1.601485 4.413297 4.413297 
919.000000 386 2.000000 0.886086 6.578486 -2.278266 -2.164469 9.875421 9.875421 
919.000000 387 2.000000 0.307278 17.706716 -1.385441 -1.424114 3.947549 3.947549 
919.000000 388 2.000000 0.356280 5.159712 1.781397 3.328846 14.254589 14.254589 
919.000000 389 2.000000 0.677683 14.426203 -0.920902 -2.599245 7.604135 7.604135 
919.000000 390 2.000000 0.241707 17.963946 4.834126 -5.090131 49.278208 49.278208 
919.000000 391 2.000000 0.059495 16.869617 -0.803426 0.020343 0.645908 0.645908 
919.000000 392 2.000000 0.975334 17.789847 1.264177 -2.790752 9.386441 9.386441 
919.000000 393 2.000000 0.759198 15.801907 0.073485 3.021156 9.132783 9.132783 
919.000000 394 2.000000 0.793580 6.029033 -4.128381 -2.368457 22.653116 22.653116 
919.000000 395 2.000000 0.321801 14.518483 -1.043381 -2.667585 8.204652 8.204652 
919.000000 396 2.000000 0.353539 6.643251 -6.464596 3.491292 53.980117 53.980117 
919.000000 397 2.000000 0.365691 17.393493 -6.343077 2.522815 46.599224 46.599224 
919.000000 398 2.000000 0.502881 6.427544 1.676265 1.465353 4.957124 4.957124 
919.000000 399 2.000000 0.408490 10.606421 8.169786 2.149615 71.366244 71.366244 
919.000000 400 2.000000 0.203600 1.319582 -1.693739 -3.544291 15.430748 15.430748 
919.000000 401 2.000000 0.087585 8.176045 0.218961 -0.112063 0.060502 0.060502 
919.000000 402 2.000000 0.306550 6.880419 -1.386897 -2.914856 10.419872 10.419872 
919.000000 403 2.000000 0.978205 16.350600 3.912817 -1.254644 16.884268 16.884268 
919.000000 404 2.000000 0.034008 2.520799 -0.743070 1.680532 3.376341 3.376341 
919.000000 405 2.000000 0.139680 18.906998 -3.441277 -2.732503 19.308961 19.308961 
919.000000 406 2.000000 0.881279 2.929151 1.245697 0.609073 1.922729 1.922729 
919.000000 407 2.000000 0.548532 4.622166 3.559683 3.567669 25.399602 25.399602 
919.000000 408 2.000000 0.895680 5.794712 2.985597 1.779510 12.080443 12.080443 
919.000000 409 2.000000 0.476640 0.458826 4.766389 2.294124 27.981473 27.981473 
919.000000 410 2.000000 0.451165 10.522512 0.375970 -3.815115 14.696458 14.696458 
919.000000 411 2.000000 0.846642 7.507801 4.233207 -4.920579 42.132140 42.132140 
919.000000 412 2.000000 0.041428 11.595362 -3.195238 -3.756830 24.323323 24.323323 
919.000000 413 2.000000 0.606507 9.943204 1.070139 -0.421150 1.322565 1.322565 
919.000000 414 2.000000 0.391104 1.319255 1.303676 3.298136 12.577271 12.577271 
919.000000 415 2.000000 0.747931 4.263930 -0.720194 4.737698 22.964466 22.964466 
919.000000 416 2.000000 0.644815 3.930311 -2.367894 -1.034375 6.676855 6.676855 
919.000000 417 2.000000 0.509714 9.172307 -0.891427 -1.740450 3.823808 3.823808 
919.000000 418 2.000000 0.108451 2.340621 2.168993 3.600954 17.671396 17.671396 
919.000000 419 2.000000 0.060282 10.290303 1.205625 4.550292 22.158690 22.158690 
919.000000 420 2.000000 0.358143 1.997237 1.193806 2.102354 5.845065 5.845065 
919.000000 421 2.000000 0.000001 8.950895 0.547816 -0.076706 0.305986 0.305986 
919.000000 422 2.000000 0.454802 19.999999 9.087740 -2.145527 87.190307 87.190307 
919.000000 423 2.000000 0.205874 5.179003 -2.555932 3.057800 15.882932 15.882932 
919.000000 424 2.000000 0.663005 7.732100 -2.246625 -0.819785 5.719372 5.719372 
919.000000 425 2.000000 0.090865 12.634362 -3.030447 3.390195 20.677034 20.677034 
919.000000 426 2.000000 0.447824 7.336078 1.791293 5.126723 29.492014 29.492014 
919.000000 427 2.000000 0.829571 6.209973 0.650401 -0.637630 0.829593 0.829593 
919.000000 428 2.000000 0.785137 6.081364 -4.297231 1.650985 21.191949 21.191949 
919.000000 429 2.000000 0.999999 3.081589 -5.043562 6.163176 63.422257 63.422257 
919.000000 430 2.000000 0.724521 4.076802 2.415068 3.127744 15.615336 15.615336 
919.000000 431 2.000000 0.457928 2.082287 0.292778 -0.624163 0.475298 0.475298 
919.000000 432 2.000000 0.949431 9.380490 3.164766 7.215761 62.082947 62.082947 
919.000000 433 2.000000 0.501882 12.214574 -0.996234 6.015679 37.180872 37.180872 
919.000000 434 2.000000 0.722042 15.151053 1.525425 1.723554 5.297560 5.297560 
919.000000 435 2.000000 0.000001 11.762660 1.575702 -1.588580 5.006426 5.006426 
919.000000 436 2.000000 0.360901 12.277726 1.804501 -4.786828 26.169943 26.169943 
919.000000 437 2.000000 0.114697 13.699820 0.764641 -1.900838 4.197862 4.197862 
919.000000 438 2.000000 0.414543 9.275053 8.290834 2.683565 75.939448 75.939448 
919.000000 439 2.000000 0.000001 12.302853 7.703590 -2.006575 63.371636 63.371636 
919.000000 440 2.000000 0.666799 8.973881 3.333992 -1.312064 12.837017 12.837017 
919.000000 441 2.000000 0.843347 6.003711 -0.141620 -2.831034 8.034808 8.034808 
919.000000 442 2.000000 0.774593 7.476223 7.745923 -1.001560 61.002438 61.002438 
919.000000 443 2.000000 0.708256 8.523268 -5.834860 3.551361 46.657754 46.657754 
919.000000 444 2.000000 0.863868 11.916716 -2.722612 -2.089462 11.778465 11.778465 
919.000000 445 2.000000 0.515527 13.045072 2.577628 -0.798323 7.281484 7.281484 
919.000000 446 2.000000 0.456360 0.815990 -2.174557 1.322833 6.478584 6.478584 
919.000000 447 2.000000 0.354610 14.817668 -2.581558 3.123841 16.422827 16.422827 
919.000000 448 2.000000 0.419707 12.661653 -5.802917 -2.467331 39.761564 39.761564 
919.000000 449 2.000000 0.071499 8.853285 -3.713999 3.363683 25.108146 25.108146 
919.000000 450 2.000000 0.030171 9.055751 -2.217616 -3.122912 14.670402 14.670402 
919.000000 451 2.000000 0.727328 16.492932 0.295229 -0.268332 0.159162 0.159162 
919.000000 452 2.000000 0.802737 10.405509 5.351573 1.705747 31.548908 31.548908 
919.000000 453 2.000000 0.833825 4.351709 -3.323477 0.804765 11.693145 11.693145 
919.000000 454 2.000000 0.580536 2.994655 -4.194634 2.395723 23.334446 23.334446 
919.000000 455 2.000000 0.233826 3.529520 -7.661726 -2.992029 67.654278 67.654278 
919.000000 456 2.000000 0.190100 18.486135 -0.426263 -6.055455 36.850239 36.850239 
919.000000 457 2.000000 0.999999 10.457337 -3.797810 2.945728 23.100679 23.100679 
919.000000 458 2.000000 0.130230 16.763323 -4.348844 -5.394460 48.012650 48.012650 
919.000000 459 2.000000 0.230187 16.533895 -3.849058 0.518079 15.083656 15.083656 
919.000000 460 2.000000 0.903605 2.407314 2.008008 -5.070211 29.739141 29.739141 
919.000000 461 2.000000 0.930627 18.562891 4.653132 -0.582533 21.990983 21.990983 
919.000000 462 2.000000 0.342942 4.759066 -0.400057 2.215284 5.067530 5.067530 
919.000000 463 2.000000 0.094312 15.680004 -0.643306 -5.082347 26.244093 26.244093 
919.000000 464 2.000000 0.848004 4.561245 0.892635 -2.968991 9.611706 9.611706 
919.000000 465 2.000000 0.845023 7.967336 -3.099521 -2.264273 14.733966 14.733966 
919.000000 466 2.000000 0.272782 9.741063 -0.606014 -1.084628 1.543670 1.543670 
919.000000 467 2.000000 0.939629 11.055528 7.654583 -5.911002 93.532590 93.532590 
919.000000 468 2.000000 0.999999 10.164796 -3.644498 0.446817 13.482011 13.482011 
919.000000 469 2.000000 0.000001 7.969568 7.844883 1.665022 64.314488 64.314488 
919.000000 470 2.000000 0.551304 2.374149 1.837678 -0.226906 3.428545 3.428545 
919.000000 471 2.000000 0.700368 10.114946 -0.998769 -0.478299 1.226309 1.226309 
919.000000 472 2.000000 0.483937 1.587610 2.419678 -1.736893 8.871638 8.871638 
919.000000 473 2.000000 0.823322 11.402021 -3.533539 -4.765510 35.195986 35.195986 
919.000000 474 2.000000 0.557508 12.370331 -4.424910 -0.927651 20.440364 20.440364 
919.000000 475 2.000000 0.095295 0.816236 -4.766143 1.274084 24.339413 24.339413 
919.000000 476 2.000000 0.209971 4.893281 -0.377521 4.184524 17.652761 17.652761 
919.000000 477 2.000000 0.242040 17.267896 4.840775 0.910776 24.262613 24.262613 
919.000000 478 2.000000 0.632748 3.478393 -0.816113 3.296772 11.534747 11.534747 
919.000000 479 2.000000 0.822871 8.141597 1.496127 -1.197846 3.673232 3.673232 
919.000000 480 2.000000 0.999999 6.793307 -4.737566 3.661281 35.849507 35.849507 
919.000000 481 2.000000 0.796253 3.423165 3.026427 -4.574995 30.089838 30.089838 
919.000000 482 2.000000 0.593400 1.043659 -1.732830 4.406385 22.418933 22.418933 
919.000000 483 2.000000 0.000001 9.345683 1.503439 -2.293322 7.519657 7.519657 
919.000000 484 2.000000 0.670060 11.891490 -3.299391 -2.316717 16.253156 16.253156 
919.000000 485 2.000000 0.796509 4.647606 -4.069804 7.150162 67.688117 67.688117 
919.000000 486 2.000000 0.119095 8.938246 2.381877 2.046443 9.861268 9.861268 
919.000000 487 2.000000 0.340697 11.583215 1.703481 -1.937244 6.654760 6.654760 
919.000000 488 2.000000 0.386606 16.643409 0.041197 -0.473091 0.225513 0.225513 
919.000000 489 2.000000 0.999999 14.888434 -4.513128 -7.863946 82.209966 82.209966 
919.000000 490 2.000000 0.913055 18.808153 -1.738889 -5.959231 38.536167 38.536167 
919.000000 491 2.000000 0.273855 8.156817 5.477090 3.144343 39.885401 39.885401 
919.000000 492 2.000000 0.280750 15.011964 1.871659 -3.556036 16.148501 16.148501 
919.000000 493 2.000000 0.515761 6.675669 5.157604 -1.742683 29.637821 29.637821 
919.000000 494 2.000000 0.999999 6.165789 -2.352935 -4.491032 25.705666 25.705666 
919.000000 495 2.000000 0.739933 0.878164 -1.733771 0.298263 3.094923 3.094923 
919.000000 496 2.000000 0.680907 12.351221 -6.381831 1.020902 41.770003 41.770003 
919.000000 497 2.000000 0.369023 11.480374 -2.112837 -5.771460 37.773833 37.773833 
919.000000 498 2.000000 0.510829 8.804601 -3.121812 -0.437573 9.937180 9.937180 
919.000000 499 2.000000 0.875847 2.229920 -2.483036 -0.429001 6.349509 6.349509 
919.000000 500 2.000000 0.999999 8.724502 -6.908628 1.036660 48.803805 48.803805 
