730.500000 1 2.000000 0.421410 10.883081 4.214091 -2.126057 22.278681 22.278681 
730.500000 2 2.000000 0.328069 12.135046 1.640338 -7.149957 53.812592 53.812592 
730.500000 3 2.000000 0.410270 14.438523 -1.310509 -0.649863 2.139755 2.139755 
730.500000 4 2.000000 0.516345 3.365320 -0.537393 -6.048974 36.878878 36.878878 
730.500000 5 2.000000 0.654946 4.568028 0.514975 3.007655 9.311185 9.311185 
730.500000 6 2.000000 0.432511 5.518148 0.251071 -3.875833 15.085119 15.085119 
730.500000 7 2.000000 0.775046 19.219546 7.750451 -1.560906 62.505919 62.505919 
730.500000 8 2.000000 0.000001 18.458380 2.442049 -6.166474 43.989006 43.989006 
730.500000 9 2.000000 0.393732 0.260442 -1.100310 -4.371255 20.318549 20.318549 
730.500000 10 2.000000 0.971712 18.021640 1.410384 3.293253 12.834702 12.834702 
730.500000 11 2.000000 0.448594 8.002002 -0.787722 -4.290580 19.029582 19.029582 
730.500000 12 2.000000 0.000001 3.751420 6.238525 0.484158 39.153602 39.153602 
730.500000 13 2.000000 0.776091 9.450672 1.552181 6.671048 46.912148 46.912148 
730.500000 14 2.000000 0.376772 16.722872 0.941926 5.308848 29.071093 29.071093 
730.500000 15 2.000000 0.811336 5.360099 -3.773256 -4.056312 30.691128 30.691128 
730.500000 16 2.000000 0.838237 10.853287 1.676473 4.019736 18.968834 18.968834 
730.500000 17 2.000000 0.497161 7.971374 3.314403 -7.410288 65.897634 65.897634 
730.500000 18 2.000000 0.999999 19.416930 -7.088653 3.668656 63.708040 63.708040 
730.500000 19 2.000000 0.327199 12.890378 0.503382 -8.364261 70.214248 70.214248 
730.500000 20 2.000000 0.140545 19.900003 2.810880 1.433765 9.956727 9.956727 
730.500000 21 2.000000 0.000001 12.748841 1.438889 1.539335 4.439954 4.439954 
730.500000 22 2.000000 0.533406 7.424434 2.667023 3.780607 21.405997 21.405997 
730.500000 23 2.000000 0.724962 14.594957 -5.500748 3.212777 40.580169 40.580169 
730.500000 24 2.000000 0.238966 7.665318 4.779294 -1.046154 23.936086 23.936086 
730.500000 25 2.000000 0.305335 12.957738 6.106681 1.429007 39.333617 39.333617 
730.500000 26 2.000000 0.566081 8.157347 -2.362843 3.586108 18.443198 18.443198 
730.500000 27 2.000000 0.289056 4.821124 5.781100 -1.903071 37.042798 37.042798 
730.500000 28 2.000000 0.000001 10.660334 2.731625 3.129390 17.254856 17.254856 
730.500000 29 2.000000 0.254732 0.053976 -4.968443 1.079501 25.850754 25.850754 
730.500000 30 2.000000 0.999999 3.425560 -0.268574 -3.720327 13.912962 13.912962 
730.500000 31 2.000000 0.603920 2.542853 -3.960785 0.356330 15.814791 15.814791 
730.500000 32 2.000000 0.662998 0.067753 2.209990 -1.404101 6.855553 6.855553 
730.500000 33 2.000000 0.507868 6.431145 1.692889 1.139597 4.164553 4.164553 
730.500000 34 2.000000 0.302905 10.362483 6.058079 3.899824 51.908952 51.908952 
730.500000 35 2.000000 0.452338 16.422794 1.191411 4.755976 24.038766 24.038766 
730.500000 36 2.000000 0.752796 3.524536 -2.472031 7.832300 67.455856 67.455856 
730.500000 37 2.000000 0.168322 19.602165 -0.594055 1.051877 1.459347 1.459347 
730.500000 38 2.000000 0.000001 15.909405 5.065271 -1.704414 28.561995 28.561995 
730.500000 39 2.000000 0.113749 13.998701 -0.705730 1.789687 3.701034 3.701034 
730.500000 40 2.000000 0.270337 18.584435 0.337920 3.621704 13.230927 13.230927 
730.500000 41 2.000000 0.997096 9.438066 2.848844 -5.901510 42.943731 42.943731 
730.500000 42 2.000000 0.854600 3.658071 5.697329 3.658070 45.841032 45.841032 
730.500000 43 2.000000 0.325831 18.363192 0.176989 8.237984 67.895702 67.895702 
730.500000 44 2.000000 0.450385 1.592612 2.251918 4.550317 25.776520 25.776520 
730.500000 45 2.000000 0.779200 15.917483 -4.415971 4.249144 37.556024 37.556024 
730.500000 46 2.000000 0.255953 6.178745 5.119043 -3.166195 36.229389 36.229389 
730.500000 47 2.000000 0.928117 5.661053 0.222621 -4.867491 23.742029 23.742029 
730.500000 48 2.000000 0.221029 13.481321 0.340043 -0.261008 0.183754 0.183754 
730.500000 49 2.000000 0.267750 15.682539 5.354976 -2.650387 35.700319 35.700319 
730.500000 50 2.000000 0.032097 0.200444 -4.839509 2.004428 27.438580 27.438580 
730.500000 51 2.000000 0.010677 13.276462 -2.826636 3.202634 18.246732 18.246732 
730.500000 52 2.000000 0.521829 10.946431 -3.187803 1.600047 12.722238 12.722238 
730.500000 53 2.000000 0.653578 0.089234 0.612768 -0.730360 0.908911 0.908911 
730.500000 54 2.000000 0.162288 18.117163 1.081913 -6.276119 40.560209 40.560209 
730.500000 55 2.000000 0.823150 10.543313 1.829220 0.371166 3.483809 3.483809 
730.500000 56 2.000000 0.637369 8.556900 -0.992754 -4.071582 17.563339 17.563339 
730.500000 57 2.000000 0.000001 3.003894 3.564912 -2.109236 17.157471 17.157471 
730.500000 58 2.000000 0.738610 3.008010 -0.793854 0.227318 0.681877 0.681877 
730.500000 59 2.000000 0.514299 8.555464 0.642873 -0.300016 0.503295 0.503295 
730.500000 60 2.000000 0.233623 8.293663 -0.297814 -6.205398 38.595663 38.595663 
730.500000 61 2.000000 0.612767 14.620651 -3.872317 3.236095 25.467149 25.467149 
730.500000 62 2.000000 0.515165 19.896844 -1.077408 2.268453 6.306690 6.306690 
730.500000 63 2.000000 0.447499 13.150049 -5.524999 -1.798159 33.758987 33.758987 
730.500000 64 2.000000 0.999999 7.875596 -6.327833 -2.787930 47.814028 47.814028 
730.500000 65 2.000000 0.314653 6.820318 -6.853464 0.909153 47.796534 47.796534 
730.500000 66 2.000000 0.502847 8.604686 0.136559 3.544877 12.584802 12.584802 
730.500000 67 2.000000 0.144188 13.642153 -2.852702 -1.893755 11.724219 11.724219 
730.500000 68 2.000000 0.471038 19.890154 -0.755659 -1.098452 1.777618 1.777618 
730.500000 69 2.000000 0.999999 14.331701 -4.120882 -1.619741 19.605225 19.605225 
730.500000 70 2.000000 0.361884 6.650952 1.809415 2.405657 9.061166 9.061166 
730.500000 71 2.000000 0.946413 15.066503 3.154707 4.778500 32.786238 32.786238 
730.500000 72 2.000000 0.255061 14.814915 -2.128395 -4.934193 28.876322 28.876322 
730.500000 73 2.000000 0.375805 6.137163 7.985225 -0.442680 63.959780 63.959780 
730.500000 74 2.000000 0.802257 17.294878 5.348376 0.397463 28.763103 28.763103 
730.500000 75 2.000000 0.489091 3.190407 -0.271128 4.557723 20.846351 20.846351 
730.500000 76 2.000000 0.999999 4.592323 -4.289161 -2.936814 27.021781 27.021781 
730.500000 77 2.000000 0.618926 4.646115 4.126168 -1.038236 18.103195 18.103195 
730.500000 78 2.000000 0.999999 15.173347 -2.457844 -1.231282 7.557052 7.557052 
730.500000 79 2.000000 0.571628 10.533757 -8.567417 -2.352404 78.934442 78.934442 
730.500000 80 2.000000 0.203353 1.315945 4.067037 -1.146125 17.854390 17.854390 
730.500000 81 2.000000 0.412416 9.770348 2.704153 1.359555 9.160830 9.160830 
730.500000 82 2.000000 0.991131 1.117996 2.477825 5.589977 37.387464 37.387464 
730.500000 83 2.000000 0.393516 2.233914 -2.021610 2.069883 8.371322 8.371322 
730.500000 84 2.000000 0.723969 4.040288 -2.760295 1.067937 8.759721 8.759721 
730.500000 85 2.000000 0.638773 18.282616 0.851696 0.581387 1.063396 1.063396 
730.500000 86 2.000000 0.158981 2.358395 -3.364072 0.703783 11.812291 11.812291 
730.500000 87 2.000000 0.716702 0.691509 -1.416484 -2.428445 7.903772 7.903772 
730.500000 88 2.000000 0.848957 12.049292 -3.020839 -3.387527 20.600813 20.600813 
730.500000 89 2.000000 0.241662 13.086186 4.833221 -0.991616 24.343331 24.343331 
730.500000 90 2.000000 0.849996 6.925771 0.476601 3.361937 11.529767 11.529767 
730.500000 91 2.000000 0.012177 2.003114 0.081172 1.669260 2.793020 2.793020 
730.500000 92 2.000000 0.565583 14.057584 -0.535424 -4.623695 21.665230 21.665230 
730.500000 93 2.000000 0.778581 17.419023 0.741505 4.707844 22.713623 22.713623 
730.500000 94 2.000000 0.447373 17.771746 -5.526259 -2.545914 37.021217 37.021217 
730.500000 95 2.000000 0.736012 16.294402 3.680053 -3.705597 27.274236 27.274236 
730.500000 96 2.000000 0.140945 3.174633 -0.305170 -6.771373 45.944619 45.944619 
730.500000 97 2.000000 0.641148 5.650440 3.205737 0.286891 10.359056 10.359056 
730.500000 98 2.000000 0.466566 11.298920 3.110431 2.595171 16.409690 16.409690 
730.500000 99 2.000000 0.999999 14.835990 -9.113797 -0.990093 84.041576 84.041576 
730.500000 100 2.000000 0.338927 13.273839 6.778517 -1.042035 47.034131 47.034131 
730.500000 101 2.000000 0.055820 7.019514 -2.297747 6.155855 43.174194 43.174194 
730.500000 102 2.000000 0.000001 18.276052 4.286238 -2.298596 23.655379 23.655379 
730.500000 103 2.000000 0.999999 9.924089 -3.100475 -10.619049 122.377147 122.377147 
730.500000 104 2.000000 0.230791 16.323216 4.615810 0.740494 21.854033 21.854033 
730.500000 105 2.000000 0.893373 9.222067 4.466860 -0.820869 20.626669 20.626669 
730.500000 106 2.000000 0.166131 4.354672 1.107534 -3.422979 12.943413 12.943413 
730.500000 107 2.000000 0.082381 17.706872 -3.058728 3.683642 22.925035 22.925035 
730.500000 108 2.000000 0.738622 8.718987 -5.227530 5.258080 54.974472 54.974472 
730.500000 109 2.000000 0.438254 17.918276 4.382534 1.785760 22.395543 22.395543 
730.500000 110 2.000000 0.923778 16.905813 3.079257 3.101984 19.104127 19.104127 
730.500000 111 2.000000 0.100463 13.990762 -5.750167 -1.583666 35.572419 35.572419 
730.500000 112 2.000000 0.477545 8.864370 9.550871 0.394335 91.374641 91.374641 
730.500000 113 2.000000 0.234615 16.915253 4.692287 3.500361 34.270083 34.270083 
730.500000 114 2.000000 0.384367 6.178477 -6.156318 -1.531701 40.246357 40.246357 
730.500000 115 2.000000 0.223112 14.858980 -2.219678 -1.800936 8.170342 8.170342 
730.500000 116 2.000000 0.614437 18.709554 0.321749 4.893530 24.050156 24.050156 
730.500000 117 2.000000 0.000001 14.289835 4.517391 1.725719 23.384926 23.384926 
730.500000 118 2.000000 0.935082 13.876080 2.671660 -2.912886 15.622672 15.622672 
730.500000 119 2.000000 0.999999 8.253017 -3.771533 1.114378 15.466297 15.466297 
730.500000 120 2.000000 0.568736 9.308195 3.791568 0.547335 14.675566 14.675566 
730.500000 121 2.000000 0.500095 6.881313 5.000943 -7.716874 84.559576 84.559576 
730.500000 122 2.000000 0.000001 7.216087 7.360661 1.321685 55.926187 55.926187 
730.500000 123 2.000000 0.512663 11.891754 -4.873355 -0.830978 24.440117 24.440117 
730.500000 124 2.000000 0.726602 7.455352 -5.467939 -7.379204 84.351007 84.351007 
730.500000 125 2.000000 0.926302 13.739650 -1.473946 4.432145 21.816423 21.816423 
730.500000 126 2.000000 0.707368 0.969746 -5.852616 3.878982 49.299613 49.299613 
730.500000 127 2.000000 0.999999 12.726491 -6.363885 -10.019502 140.889457 140.889457 
730.500000 128 2.000000 0.375525 10.643717 1.502096 -3.200702 12.500785 12.500785 
730.500000 129 2.000000 0.999999 5.604383 -2.155324 -10.238502 109.472334 109.472334 
730.500000 130 2.000000 0.270792 7.033587 -7.292071 -5.844035 87.327036 87.327036 
730.500000 131 2.000000 0.850288 1.697134 0.680229 6.788531 46.546870 46.546870 
730.500000 132 2.000000 0.581617 8.146326 -1.872761 2.334952 8.959234 8.959234 
730.500000 133 2.000000 0.861932 13.718704 -0.690337 2.837239 8.526489 8.526489 
730.500000 134 2.000000 0.172938 2.166679 0.864684 -1.604081 3.320753 3.320753 
730.500000 135 2.000000 0.409567 9.313319 -0.656035 -3.497989 12.666306 12.666306 
730.500000 136 2.000000 0.000001 5.970212 7.433756 1.296096 56.940588 56.940588 
730.500000 137 2.000000 0.999999 7.857281 -6.917720 3.499001 60.097860 60.097860 
730.500000 138 2.000000 0.001712 3.476244 -1.962716 -4.040439 20.177400 20.177400 
730.500000 139 2.000000 0.349999 10.104647 -1.857144 -0.556933 3.759157 3.759157 
730.500000 140 2.000000 0.813500 3.715768 2.711664 10.616478 120.062721 120.062721 
730.500000 141 2.000000 0.216866 18.432042 4.337305 -1.024786 19.862406 19.862406 
730.500000 142 2.000000 0.999999 4.832080 -2.629077 -4.154332 24.170517 24.170517 
730.500000 143 2.000000 0.999999 3.439510 -0.871395 -1.344127 2.566008 2.566008 
730.500000 144 2.000000 0.274946 4.386887 -0.898100 3.885537 15.903980 15.903980 
730.500000 145 2.000000 0.185403 1.960238 1.236014 1.568190 3.986950 3.986950 
730.500000 146 2.000000 0.587219 17.301590 5.872183 -0.911350 35.313092 35.313092 
730.500000 147 2.000000 0.737074 2.988955 -5.510196 -2.534812 36.787533 36.787533 
730.500000 148 2.000000 0.656795 11.562825 -6.864075 -4.440618 66.834612 66.834612 
730.500000 149 2.000000 0.394681 15.467002 2.631198 1.014032 7.951464 7.951464 
730.500000 150 2.000000 0.999999 1.718803 -3.978095 -1.340255 17.621521 17.621521 
730.500000 151 2.000000 0.999999 2.058238 -3.664299 -2.543586 19.896915 19.896915 
730.500000 152 2.000000 0.264806 14.240989 -1.470386 6.432884 43.544037 43.544037 
730.500000 153 2.000000 0.999999 11.510807 -5.102436 -4.096935 42.819729 42.819729 
730.500000 154 2.000000 0.196593 15.295946 -1.460738 1.222430 3.628089 3.628089 
730.500000 155 2.000000 0.221345 4.511523 -0.741575 6.015363 36.734525 36.734525 
730.500000 156 2.000000 0.196687 9.636384 -0.095395 5.021708 25.226654 25.226654 
730.500000 157 2.000000 0.064898 19.928926 -0.850091 0.557727 1.033715 1.033715 
730.500000 158 2.000000 0.016736 17.450653 -0.983263 0.879060 1.739553 1.739553 
730.500000 159 2.000000 0.999999 17.146765 -5.310092 -1.575471 30.679187 30.679187 
730.500000 160 2.000000 0.000001 9.912306 2.577743 7.342448 60.556307 60.556307 
730.500000 161 2.000000 0.633162 6.687863 4.221074 -2.921780 26.354266 26.354266 
730.500000 162 2.000000 0.230590 5.256300 -3.847047 -6.857535 61.825554 61.825554 
730.500000 163 2.000000 0.060990 16.098215 -1.444630 -3.251487 12.659123 12.659123 
730.500000 164 2.000000 0.855156 19.325969 0.926696 -2.696121 8.127834 8.127834 
730.500000 165 2.000000 0.172531 19.297816 -5.516455 -1.755457 33.512900 33.512900 
730.500000 166 2.000000 0.327136 9.307384 3.271350 -2.054851 14.924144 14.924144 
730.500000 167 2.000000 0.225466 2.187035 4.509295 4.374068 39.466207 39.466207 
730.500000 168 2.000000 0.246143 2.005669 -2.512854 1.221035 7.805362 7.805362 
730.500000 169 2.000000 0.165578 0.736749 3.311545 1.330694 12.737079 12.737079 
730.500000 170 2.000000 0.727464 4.325302 -5.450706 -1.149467 31.031468 31.031468 
730.500000 171 2.000000 0.308821 1.048970 -4.607855 -0.098734 21.242074 21.242074 
730.500000 172 2.000000 0.684089 19.248383 -1.579551 -3.006466 11.533818 11.533818 
730.500000 173 2.000000 0.706301 14.257441 4.708670 -1.894456 25.760535 25.760535 
730.500000 174 2.000000 0.171964 6.495559 3.439266 -3.649849 25.149946 25.149946 
730.500000 175 2.000000 0.314688 16.652994 3.146870 0.561386 10.217945 10.217945 
730.500000 176 2.000000 0.660194 4.855148 -2.265364 -0.019516 5.132255 5.132255 
730.500000 177 2.000000 0.812961 8.267205 -3.740764 -3.890491 29.129237 29.129237 
730.500000 178 2.000000 0.160136 18.249742 -3.359452 0.919303 12.131037 12.131037 
730.500000 179 2.000000 0.546845 1.340721 5.468444 2.599849 36.663100 36.663100 
730.500000 180 2.000000 0.513968 4.378478 3.426444 3.899167 26.944022 26.944022 
730.500000 181 2.000000 0.886292 12.741111 -1.137073 -3.405159 12.888043 12.888043 
730.500000 182 2.000000 0.901858 4.814084 0.066367 1.860711 3.466649 3.466649 
730.500000 183 2.000000 0.999999 11.949442 -3.283385 4.050658 27.188447 27.188447 
730.500000 184 2.000000 0.703554 17.536850 -1.185781 -0.491060 1.647218 1.647218 
730.500000 185 2.000000 0.764830 5.110418 2.249844 -2.285131 10.283622 10.283622 
730.500000 186 2.000000 0.953177 5.784326 2.118169 1.559397 6.918359 6.918359 
730.500000 187 2.000000 0.350222 9.189886 1.000632 -9.827375 97.578568 97.578568 
730.500000 188 2.000000 0.797707 15.868909 -4.045844 -0.880647 17.144397 17.144397 
730.500000 189 2.000000 0.460319 0.646252 -1.541942 -3.458234 14.336966 14.336966 
730.500000 190 2.000000 0.529544 11.974601 -4.704551 6.608592 65.806282 65.806282 
730.500000 191 2.000000 0.708845 18.021703 -2.911536 -2.198107 13.308716 13.308716 
730.500000 192 2.000000 0.860416 6.974169 2.868051 2.592141 14.944914 14.944914 
730.500000 193 2.000000 0.176215 5.023860 -2.745947 -1.336904 9.327539 9.327539 
730.500000 194 2.000000 0.000001 15.509405 1.867554 2.768544 11.152590 11.152590 
730.500000 195 2.000000 0.252419 13.463558 -4.983869 -2.380423 30.505357 30.505357 
730.500000 196 2.000000 0.374927 5.587004 0.535609 2.882956 8.598310 8.598310 
730.500000 197 2.000000 0.128293 16.041581 2.565842 -1.452893 8.694441 8.694441 
730.500000 198 2.000000 0.999999 1.508432 -7.244652 -4.031516 68.738104 68.738104 
730.500000 199 2.000000 0.356758 3.718109 -2.144136 1.282371 6.241795 6.241795 
730.500000 200 2.000000 0.402527 12.872015 -2.987358 -0.269892 8.997147 8.997147 
730.500000 201 2.000000 0.000001 17.208315 1.281781 -4.294899 20.089121 20.089121 
730.500000 202 2.000000 0.105369 1.211670 2.107367 4.038896 20.753679 20.753679 
730.500000 203 2.000000 0.205439 13.807250 -5.297065 7.324545 81.707861 81.707861 
730.500000 204 2.000000 0.831503 14.735431 -3.369919 1.434776 13.414940 13.414940 
730.500000 205 2.000000 0.100910 3.569318 -1.608817 -0.995879 3.580067 3.580067 
730.500000 206 2.000000 0.275377 14.630251 1.835838 -3.068427 12.785546 12.785546 
730.500000 207 2.000000 0.000001 17.411181 3.192102 -1.204102 11.639378 11.639378 
730.500000 208 2.000000 0.686292 4.757266 -3.137068 7.928775 72.706672 72.706672 
730.500000 209 2.000000 0.852343 13.813140 2.841139 5.877932 42.622152 42.622152 
730.500000 210 2.000000 0.838568 9.089061 -1.076204 1.122884 2.419083 2.419083 
730.500000 211 2.000000 0.999999 3.048390 -3.704467 -4.062193 30.224484 30.224484 
730.500000 212 2.000000 0.781517 16.908948 2.232902 -4.415787 24.485022 24.485022 
730.500000 213 2.000000 0.205610 18.024091 -1.878593 1.689169 6.382406 6.382406 
730.500000 214 2.000000 0.543318 8.972957 0.313377 -0.907117 0.921066 0.921066 
730.500000 215 2.000000 0.781532 0.369868 5.210205 2.465781 33.226313 33.226313 
730.500000 216 2.000000 0.043177 4.688035 -0.496704 -2.019226 4.323989 4.323989 
730.500000 217 2.000000 0.000001 7.609456 3.638185 -4.503450 33.517448 33.517448 
730.500000 218 2.000000 0.116357 15.453521 2.327120 -1.360438 7.266280 7.266280 
730.500000 219 2.000000 0.271510 17.199242 -3.642445 3.311923 24.236236 24.236236 
730.500000 220 2.000000 0.999999 4.798905 -3.762103 0.716258 14.666447 14.666447 
730.500000 221 2.000000 0.366864 3.361768 -4.220898 0.212695 17.861222 17.861222 
730.500000 222 2.000000 0.252611 2.514360 -0.679443 -4.407962 19.891769 19.891769 
730.500000 223 2.000000 0.745844 14.909190 1.864607 -0.046459 3.478919 3.478919 
730.500000 224 2.000000 0.321752 4.566683 -2.297231 -0.349286 5.399269 5.399269 
730.500000 225 2.000000 0.163307 9.271748 -0.727558 -1.027161 1.584400 1.584400 
730.500000 226 2.000000 0.649859 7.131510 -3.501403 2.095046 16.649042 16.649042 
730.500000 227 2.000000 0.750000 15.595233 2.999996 -2.517009 15.335314 15.335314 
730.500000 228 2.000000 0.555220 10.454994 -4.447789 5.651347 51.720553 51.720553 
730.500000 229 2.000000 0.000001 2.547048 2.448470 -0.119881 6.009377 6.009377 
730.500000 230 2.000000 0.430346 4.485386 -2.278612 2.451650 11.202659 11.202659 
730.500000 231 2.000000 0.487345 9.394667 -2.050616 -0.001001 4.205027 4.205027 
730.500000 232 2.000000 0.490174 13.662089 0.813836 -0.353583 0.787350 0.787350 
730.500000 233 2.000000 0.792144 13.236342 7.921425 3.458953 74.713334 74.713334 
730.500000 234 2.000000 0.899794 10.276655 5.699216 4.519434 52.906353 52.906353 
730.500000 235 2.000000 0.484462 17.345754 1.937844 -2.669634 10.882185 10.882185 
730.500000 236 2.000000 0.399043 11.838944 3.990421 -0.810676 16.580652 16.580652 
730.500000 237 2.000000 0.999153 19.015883 4.995762 0.021563 24.958108 24.958108 
730.500000 238 2.000000 0.999999 17.672043 -5.121827 -3.581471 39.060041 39.060041 
730.500000 239 2.000000 0.170094 6.627287 -8.299048 -2.127635 73.401022 73.401022 
730.500000 240 2.000000 0.299926 5.157360 2.999254 5.449378 38.691239 38.691239 
730.500000 241 2.000000 0.684951 13.633074 0.805823 4.612459 21.924125 21.924125 
730.500000 242 2.000000 0.638153 2.523555 -0.361846 -1.587139 2.649943 2.649943 
730.500000 243 2.000000 0.069328 7.505266 -1.861342 5.935524 38.695045 38.695045 
730.500000 244 2.000000 0.306096 5.247863 6.121910 0.719818 37.995920 37.995920 
730.500000 245 2.000000 0.517496 7.182895 1.071901 8.049049 65.936167 65.936167 
730.500000 246 2.000000 0.823266 13.750590 1.266561 1.137352 2.897747 2.897747 
730.500000 247 2.000000 0.333699 7.376841 -4.442002 -6.643767 63.871031 63.871031 
730.500000 248 2.000000 0.574454 8.048652 5.744526 -7.469592 88.794374 88.794374 
730.500000 249 2.000000 0.083109 3.888126 -3.056300 -3.773874 23.583097 23.583097 
730.500000 250 2.000000 0.669719 5.552234 -2.201864 2.572277 11.464814 11.464814 
730.500000 251 2.000000 0.230504 6.098050 1.953064 -6.588894 47.227989 47.227989 
730.500000 252 2.000000 0.278830 12.227465 5.576582 -0.563746 31.416072 31.416072 
730.500000 253 2.000000 0.896766 12.899285 -0.516163 1.767888 3.391853 3.391853 
730.500000 254 2.000000 0.174585 15.054078 -0.917126 -2.603116 7.617335 7.617335 
730.500000 255 2.000000 0.000001 1.096731 8.972795 3.813816 95.056255 95.056255 
730.500000 256 2.000000 0.999999 18.858695 -5.730144 -1.902174 36.452810 36.452810 
730.500000 257 2.000000 0.123075 4.740197 -0.348340 5.576701 31.220935 31.220935 
730.500000 258 2.000000 0.412036 12.573530 1.177242 -2.498648 7.629139 7.629139 
730.500000 259 2.000000 0.234803 9.491855 4.696037 -1.979096 25.969582 25.969582 
730.500000 260 2.000000 0.033038 1.264639 -2.148802 -1.752577 7.688876 7.688876 
730.500000 261 2.000000 0.217893 6.387956 0.139621 -4.527211 20.515135 20.515135 
730.500000 262 2.000000 0.689250 18.979201 -1.242997 2.741584 9.061321 9.061321 
730.500000 263 2.000000 0.641147 6.532826 3.205728 -0.758463 10.851960 10.851960 
730.500000 264 2.000000 0.349636 9.756499 6.992709 -4.181517 66.383063 66.383063 
730.500000 265 2.000000 0.418784 2.832782 4.187830 -1.215292 19.014855 19.014855 
730.500000 266 2.000000 0.878225 16.690454 -2.435475 0.662408 6.370321 6.370321 
730.500000 267 2.000000 0.727332 2.291726 4.848874 -1.869294 27.005838 27.005838 
730.500000 268 2.000000 0.521760 15.004807 -4.782385 -1.473590 25.042677 25.042677 
730.500000 269 2.000000 0.351397 0.938750 7.027930 2.431630 55.304619 55.304619 
730.500000 270 2.000000 0.168958 5.772604 -4.155204 -3.716587 31.078739 31.078739 
730.500000 271 2.000000 0.999999 11.858289 -4.534594 -3.539386 33.089794 33.089794 
730.500000 272 2.000000 0.647964 2.042461 -1.408138 -4.657851 23.678427 23.678427 
730.500000 273 2.000000 0.374320 10.932496 0.059965 3.266447 10.673271 10.673271 
730.500000 274 2.000000 0.067351 14.024191 -4.663241 -2.348807 27.262709 27.262709 
730.500000 275 2.000000 0.000001 7.413335 3.396995 -6.630594 55.504353 55.504353 
730.500000 276 2.000000 0.135623 13.080138 1.356221 -2.035253 5.981591 5.981591 
730.500000 277 2.000000 0.726539 18.092234 0.290846 0.005021 0.084617 0.084617 
730.500000 278 2.000000 0.449377 11.487576 -0.247695 -0.345068 0.180425 0.180425 
730.500000 279 2.000000 0.355426 16.687273 -1.074289 0.775483 1.755471 1.755471 
730.500000 280 2.000000 0.800487 1.360681 -0.477976 -4.272741 18.484774 18.484774 
730.500000 281 2.000000 0.642084 17.579944 4.280553 -6.050138 54.927307 54.927307 
730.500000 282 2.000000 0.437374 3.331507 1.249636 -2.155816 6.209133 6.209133 
730.500000 283 2.000000 0.596009 17.007700 -8.079809 -0.495360 65.528696 65.528696 
730.500000 284 2.000000 0.418059 9.919708 -0.338043 0.160278 0.139962 0.139962 
730.500000 285 2.000000 0.118005 18.848443 2.360080 3.679048 19.105371 19.105371 
730.500000 286 2.000000 0.887428 9.621597 -2.251425 3.162014 15.067245 15.067245 
730.500000 287 2.000000 0.563923 7.175944 -4.360765 0.341640 19.132988 19.132988 
730.500000 288 2.000000 0.447268 7.084886 -2.763657 2.878499 15.923554 15.923554 
730.500000 289 2.000000 0.909604 4.460700 0.519773 0.190180 0.306333 0.306333 
730.500000 290 2.000000 0.324750 10.273819 6.494981 -2.947327 50.871513 50.871513 
730.500000 291 2.000000 0.848735 4.733321 -1.008426 3.088794 10.557571 10.557571 
730.500000 292 2.000000 0.819233 14.051537 -0.903832 -3.965641 16.543222 16.543222 
730.500000 293 2.000000 0.100000 12.441943 -1.932032 0.858137 4.469147 4.469147 
730.500000 294 2.000000 0.474795 19.314879 -0.700272 0.439947 0.683934 0.683934 
730.500000 295 2.000000 0.182749 8.002814 3.654951 0.336253 13.471735 13.471735 
730.500000 296 2.000000 0.985643 16.410129 2.464104 -2.355010 11.617881 11.617881 
730.500000 297 2.000000 0.914720 19.273071 1.407259 3.409671 13.606234 13.606234 
730.500000 298 2.000000 0.497606 17.547644 0.452368 1.926614 3.916476 3.916476 
730.500000 299 2.000000 0.271844 14.038642 -2.912618 -4.585659 29.511619 29.511619 
730.500000 300 2.000000 0.857318 10.865401 -2.853624 -1.028964 9.201937 9.201937 
730.500000 301 2.000000 0.660366 13.464458 -0.679266 1.595153 3.005914 3.005914 
730.500000 302 2.000000 0.085157 13.294297 1.703111 1.760278 5.999163 5.999163 
730.500000 303 2.000000 0.999999 0.388230 -3.375861 0.776458 11.999322 11.999322 
730.500000 304 2.000000 0.348429 10.261715 -1.303139 -7.490988 57.813071 57.813071 
730.500000 305 2.000000 0.414178 1.413222 2.761183 -0.247041 7.685161 7.685161 
730.500000 306 2.000000 0.000001 2.900186 4.099124 -6.833674 63.501921 63.501921 
730.500000 307 2.000000 0.439096 6.578025 0.585459 -5.874349 34.850735 34.850735 
730.500000 308 2.000000 0.223092 1.882496 -5.179379 0.904819 27.644662 27.644662 
730.500000 309 2.000000 0.700631 9.837717 3.503150 2.919280 20.794253 20.794253 
730.500000 310 2.000000 0.175321 10.789621 -2.748926 5.192822 34.521999 34.521999 
730.500000 311 2.000000 0.707826 3.319262 -2.921728 -1.717135 11.485044 11.485044 
730.500000 312 2.000000 0.222152 5.904562 2.221513 0.741711 5.485256 5.485256 
730.500000 313 2.000000 0.000001 2.556812 1.401931 2.122540 6.470584 6.470584 
730.500000 314 2.000000 0.694727 16.486886 -1.526361 0.978487 3.287214 3.287214 
730.500000 315 2.000000 0.760486 5.629684 -0.598783 9.846493 97.311956 97.311956 
730.500000 316 2.000000 0.999999 0.152948 -1.453125 -0.620161 2.496171 2.496171 
730.500000 317 2.000000 0.721242 3.784345 -5.575142 -4.946479 55.549861 55.549861 
730.500000 318 2.000000 0.250921 8.133864 5.018405 0.170908 25.213596 25.213596 
730.500000 319 2.000000 0.150483 0.414429 -1.887812 -2.506516 9.846457 9.846457 
730.500000 320 2.000000 0.281170 10.332686 1.405844 -2.463687 8.046151 8.046151 
730.500000 321 2.000000 0.104219 13.926641 -1.378122 0.800090 2.539365 2.539365 
730.500000 322 2.000000 0.404017 16.121385 -0.518245 -1.994582 4.246935 4.246935 
730.500000 323 2.000000 0.523613 5.858033 5.236117 0.627333 27.810464 27.810464 
730.500000 324 2.000000 0.791427 13.521832 -2.085724 0.715160 4.861697 4.861697 
730.500000 325 2.000000 0.300180 2.223404 3.001793 2.227684 13.973340 13.973340 
730.500000 326 2.000000 0.897038 11.157020 5.980248 1.696713 38.642202 38.642202 
730.500000 327 2.000000 0.197912 5.304654 0.130509 -0.141090 0.036939 0.036939 
730.500000 328 2.000000 0.251957 17.361696 1.007824 6.311733 40.853683 40.853683 
730.500000 329 2.000000 0.686406 14.339813 -1.567966 -7.989228 66.286288 66.286288 
730.500000 330 2.000000 0.000001 17.977260 9.540854 -1.189846 92.443630 92.443630 
730.500000 331 2.000000 0.017616 4.199344 -0.320965 2.568687 6.701172 6.701172 
730.500000 332 2.000000 0.308701 3.806119 6.174009 -0.892950 38.915748 38.915748 
730.500000 333 2.000000 0.939533 13.923916 4.697659 1.957538 25.899953 25.899953 
730.500000 334 2.000000 0.999999 10.514040 -1.724358 4.136025 20.080116 20.080116 
730.500000 335 2.000000 0.112467 6.602701 0.562329 0.139274 0.335612 0.335612 
730.500000 336 2.000000 0.377557 8.847704 2.517042 -4.759394 28.987332 28.987332 
730.500000 337 2.000000 0.739472 19.044571 1.848678 1.552969 5.829325 5.829325 
730.500000 338 2.000000 0.740674 10.319391 3.703363 -6.676281 58.287624 58.287624 
730.500000 339 2.000000 0.793577 2.098261 -2.064224 -0.715336 4.772727 4.772727 
730.500000 340 2.000000 0.300969 14.735850 0.547215 -1.645046 3.005622 3.005622 
730.500000 341 2.000000 0.851437 0.131985 -0.424461 2.639690 7.148130 7.148130 
730.500000 342 2.000000 0.865744 17.930834 -1.342551 -0.825430 2.483779 2.483779 
730.500000 343 2.000000 0.194866 9.471108 0.177150 -3.740847 14.025315 14.025315 
730.500000 344 2.000000 0.795451 7.561590 2.651500 -5.792781 40.586760 40.586760 
730.500000 345 2.000000 0.000001 18.913240 3.644199 1.481086 15.473800 15.473800 
730.500000 346 2.000000 0.747101 0.504808 -5.057960 -3.000139 34.583792 34.583792 
730.500000 347 2.000000 0.696205 14.773382 4.641361 2.174482 26.270601 26.270601 
730.500000 348 2.000000 0.271639 16.098354 0.338895 3.205290 10.388737 10.388737 
730.500000 349 2.000000 0.343598 6.507812 -6.564010 0.159432 43.111650 43.111650 
730.500000 350 2.000000 0.297474 3.513358 -3.512625 -3.864299 27.271339 27.271339 
730.500000 351 2.000000 0.423438 19.424913 -1.441402 -2.300344 7.369224 7.369224 
730.500000 352 2.000000 0.689099 12.640502 2.296992 0.833112 5.970249 5.970249 
730.500000 353 2.000000 0.000001 9.281108 3.627138 -5.534185 43.783338 43.783338 
730.500000 354 2.000000 0.906324 15.359675 4.531615 4.959323 45.130415 45.130415 
730.500000 355 2.000000 0.121177 14.414000 1.211765 -9.005082 82.559880 82.559880 
730.500000 356 2.000000 0.683516 17.501604 3.417573 -0.104679 11.690761 11.690761 
730.500000 357 2.000000 0.999999 12.722410 -6.028961 -0.822013 37.024071 37.024071 
730.500000 358 2.000000 0.321385 0.629532 -3.393068 -1.808363 14.783089 14.783089 
730.500000 359 2.000000 0.634969 0.000001 1.192236 2.863167 9.619151 9.619151 
730.500000 360 2.000000 0.898138 12.985392 1.967104 -2.295552 9.139054 9.139054 
730.500000 361 2.000000 0.753775 7.908778 1.434388 -0.727399 2.586578 2.586578 
730.500000 362 2.000000 0.429368 13.936541 -2.853156 -3.911908 23.443524 23.443524 
730.500000 363 2.000000 0.279736 7.654633 -7.202630 -4.106016 68.737240 68.737240 
730.500000 364 2.000000 0.698871 9.046138 -0.860366 -1.797978 3.972955 3.972955 
730.500000 365 2.000000 0.369282 1.478125 -4.204778 5.912498 52.637784 52.637784 
730.500000 366 2.000000 0.272467 2.220790 -1.119280 -3.906646 16.514671 16.514671 
730.500000 367 2.000000 0.302732 15.923537 -0.410157 -2.629976 7.085000 7.085000 
730.500000 368 2.000000 0.115741 6.714125 2.314791 -0.873488 6.121237 6.121237 
730.500000 369 2.000000 0.193806 14.428294 3.876098 4.448575 34.813951 34.813951 
730.500000 370 2.000000 0.394475 7.309632 -1.211047 1.209997 2.930729 2.930729 
730.500000 371 2.000000 0.000001 13.242071 5.620577 -1.903642 35.214733 35.214733 
730.500000 372 2.000000 0.690161 2.495258 3.450801 7.129304 62.735009 62.735009 
730.500000 373 2.000000 0.723176 2.117676 -1.107292 -2.576640 7.865169 7.865169 
730.500000 374 2.000000 0.852945 18.761667 5.686291 3.238662 42.822830 42.822830 
730.500000 375 2.000000 0.129713 16.748761 -2.900954 1.321875 10.162888 10.162888 
730.500000 376 2.000000 0.000001 8.818264 5.987790 1.897969 39.455916 39.455916 
730.500000 377 2.000000 0.220887 18.172944 -1.529815 4.960775 26.949620 26.949620 
730.500000 378 2.000000 0.732067 1.956997 1.830164 2.059995 7.593083 7.593083 
730.500000 379 2.000000 0.111083 5.990669 0.444328 -1.996016 4.181505 4.181505 
730.500000 380 2.000000 0.856300 5.603804 -2.873972 4.318394 26.908246 26.908246 
730.500000 381 2.000000 0.290130 0.870021 -3.549346 -1.985891 16.541617 16.541617 
730.500000 382 2.000000 0.531962 14.636065 0.403261 3.326544 11.228517 11.228517 
730.500000 383 2.000000 0.991206 6.011455 -0.017585 -5.292282 28.008556 28.008556 
730.500000 384 2.000000 0.135852 6.133745 -1.728295 3.495171 15.203222 15.203222 
730.500000 385 2.000000 0.294443 9.260165 0.736106 6.386320 41.326932 41.326932 
730.500000 386 2.000000 0.390733 15.690395 -0.167717 3.124084 9.788028 9.788028 
730.500000 387 2.000000 0.387004 10.527257 -2.451978 -0.853611 6.740850 6.740850 
730.500000 388 2.000000 0.999999 17.731490 -2.513967 -6.605177 49.948399 49.948399 
730.500000 389 2.000000 0.578792 9.330390 -1.053018 5.183549 27.978030 27.978030 
730.500000 390 2.000000 0.564120 8.622185 6.162843 -2.297913 43.261035 43.261035 
730.500000 391 2.000000 0.902146 16.012654 -0.978530 1.735156 3.968288 3.968288 
730.500000 392 2.000000 0.548775 16.457028 5.487738 -3.746174 44.149090 44.149090 
730.500000 393 2.000000 0.299957 11.450631 -4.666948 -0.952488 22.687635 22.687635 
730.500000 394 2.000000 0.634546 7.780905 1.812986 0.194296 3.324670 3.324670 
730.500000 395 2.000000 0.055094 15.921595 0.543878 6.063338 37.059874 37.059874 
730.500000 396 2.000000 0.801003 18.929906 0.895113 1.328208 2.565364 2.565364 
730.500000 397 2.000000 0.999999 0.253087 -2.645819 5.061728 32.621443 32.621443 
730.500000 398 2.000000 0.333186 4.762974 -2.186303 1.497822 7.023390 7.023390 
730.500000 399 2.000000 0.497884 17.768208 -0.636585 -0.012703 0.405402 0.405402 
730.500000 400 2.000000 0.237817 6.095000 1.948255 1.304673 5.497869 5.497869 
730.500000 401 2.000000 0.000001 5.947115 3.215989 -2.882002 18.648522 18.648522 
730.500000 402 2.000000 0.320126 6.889052 -4.532490 -1.261767 22.135521 22.135521 
730.500000 403 2.000000 0.867181 3.728712 -2.656360 -1.366237 8.922849 8.922849 
730.500000 404 2.000000 0.999999 8.422254 -4.028747 5.433712 45.756025 45.756025 
730.500000 405 2.000000 0.375962 9.513232 -4.160248 1.867852 20.796532 20.796532 
730.500000 406 2.000000 0.125468 16.248444 -2.915105 -3.028767 17.671268 17.671268 
730.500000 407 2.000000 0.251393 13.106491 5.027850 0.334359 25.391071 25.391071 
730.500000 408 2.000000 0.079306 10.331272 -4.603467 -5.135707 47.567393 47.567393 
730.500000 409 2.000000 0.885904 12.700581 -2.281900 -3.444760 17.073437 17.073437 
730.500000 410 2.000000 0.394614 16.600755 -4.035900 -3.399244 27.843345 27.843345 
730.500000 411 2.000000 0.084122 11.946918 -0.704521 -0.217913 0.543836 0.543836 
730.500000 412 2.000000 0.690725 1.582489 1.381448 10.549923 113.209270 113.209270 
730.500000 413 2.000000 0.216798 4.070931 -0.020714 1.826657 3.337104 3.337104 
730.500000 414 2.000000 0.116940 1.695576 0.467755 3.767944 14.416197 14.416197 
730.500000 415 2.000000 0.452656 3.996916 -0.731646 0.096236 0.544567 0.544567 
730.500000 416 2.000000 0.092398 6.978360 -2.593146 3.237191 17.203817 17.203817 
730.500000 417 2.000000 0.660263 14.697321 -3.397359 1.407800 13.523949 13.523949 
730.500000 418 2.000000 0.756192 2.786033 2.520635 -0.691280 6.831471 6.831471 
730.500000 419 2.000000 0.744778 15.619807 -5.104417 2.301162 31.350423 31.350423 
730.500000 420 2.000000 0.802930 16.500960 1.160461 -0.501085 1.597756 1.597756 
730.500000 421 2.000000 0.728994 0.265017 7.289931 -2.816051 61.073230 61.073230 
730.500000 422 2.000000 0.455587 17.386686 4.555864 4.967624 45.433185 45.433185 
730.500000 423 2.000000 0.828343 1.957401 -1.716561 0.272281 3.020717 3.020717 
730.500000 424 2.000000 0.292261 4.952646 -2.309956 0.121172 5.350581 5.350581 
730.500000 425 2.000000 0.491861 18.576022 3.279066 3.719493 24.586909 24.586909 
730.500000 426 2.000000 0.615468 15.152213 0.946872 0.683034 1.363102 1.363102 
730.500000 427 2.000000 0.313012 9.540915 -0.429367 -5.229542 27.532466 27.532466 
730.500000 428 2.000000 0.162852 12.036017 -4.185737 -3.980090 33.361513 33.361513 
730.500000 429 2.000000 0.999999 9.198527 -3.724185 -0.887618 14.657421 14.657421 
730.500000 430 2.000000 0.397466 9.003565 -0.446321 -0.087739 0.206901 0.206901 
730.500000 431 2.000000 0.000001 8.559395 4.098780 -3.631938 29.990970 29.990970 
730.500000 432 2.000000 0.240659 4.941957 -7.593397 -3.545673 70.231469 70.231469 
730.500000 433 2.000000 0.470416 10.087613 -3.530555 2.027130 16.574074 16.574074 
730.500000 434 2.000000 0.368076 3.851253 -4.212822 1.788112 20.945209 20.945209 
730.500000 435 2.000000 0.000001 16.630004 5.225627 -1.765244 30.423264 30.423264 
730.500000 436 2.000000 0.027333 5.978806 -4.863329 5.052067 49.175351 49.175351 
730.500000 437 2.000000 0.714589 16.886016 0.149439 1.621013 2.650016 2.650016 
730.500000 438 2.000000 0.305110 9.751567 0.678021 4.461582 20.365426 20.365426 
730.500000 439 2.000000 0.513746 14.062747 -0.082271 -2.903817 8.438919 8.438919 
730.500000 440 2.000000 0.000001 9.736235 2.059586 -5.309376 32.431368 32.431368 
730.500000 441 2.000000 0.307170 9.581533 -0.314922 2.625077 6.990206 6.990206 
730.500000 442 2.000000 0.230369 1.130390 4.607354 0.750225 21.790547 21.790547 
730.500000 443 2.000000 0.833078 11.249217 -3.338418 0.378697 11.288448 11.288448 
730.500000 444 2.000000 0.664524 4.377255 0.673780 -1.253031 2.024065 2.024065 
730.500000 445 2.000000 0.851712 1.197339 0.267215 2.394675 5.805872 5.805872 
730.500000 446 2.000000 0.934972 10.374259 9.349712 1.634232 90.087838 90.087838 
730.500000 447 2.000000 0.246730 8.283392 2.166886 2.640802 11.669231 11.669231 
730.500000 448 2.000000 0.079556 19.133259 -6.136285 1.574613 40.133395 40.133395 
730.500000 449 2.000000 0.497276 18.835760 -2.513615 -0.433145 6.505876 6.505876 
730.500000 450 2.000000 0.874438 14.206743 4.372186 0.699256 19.604969 19.604969 
730.500000 451 2.000000 0.844663 12.912964 -0.621343 2.305886 5.703179 5.703179 
730.500000 452 2.000000 0.563444 17.243691 2.817215 -1.670490 10.727239 10.727239 
730.500000 453 2.000000 0.617099 5.666918 0.124721 3.247015 10.558659 10.558659 
730.500000 454 2.000000 0.355725 14.876572 -0.091992 -4.563301 20.832176 20.832176 
730.500000 455 2.000000 0.000001 11.472137 1.990572 1.591107 6.493997 6.493997 
730.500000 456 2.000000 0.000001 12.538934 5.192028 2.410895 32.769569 32.769569 
730.500000 457 2.000000 0.668278 5.418181 2.673110 2.195471 11.965611 11.965611 
730.500000 458 2.000000 0.503247 8.217877 -3.311677 -2.508291 17.258730 17.258730 
730.500000 459 2.000000 0.582575 11.219365 0.728218 -0.047611 0.532568 0.532568 
730.500000 460 2.000000 0.999999 9.618345 -2.424559 2.696054 13.147191 13.147191 
730.500000 461 2.000000 0.495166 3.410815 -1.039153 0.716950 1.593855 1.593855 
730.500000 462 2.000000 0.412308 1.478310 2.748714 0.119519 7.569715 7.569715 
730.500000 463 2.000000 0.758034 12.906446 -4.839293 -4.729035 45.782530 45.782530 
730.500000 464 2.000000 0.299682 15.134796 -2.714928 -1.063776 8.502451 8.502451 
730.500000 465 2.000000 0.113981 5.036693 -1.476696 0.378701 2.324046 2.324046 
730.500000 466 2.000000 0.976263 9.517873 2.789320 4.528563 28.288188 28.288188 
730.500000 467 2.000000 0.129841 19.198003 -4.350791 -1.782214 22.105667 22.105667 
730.500000 468 2.000000 0.999999 16.688156 -2.132960 -1.577068 7.036661 7.036661 
730.500000 469 2.000000 0.000001 15.410151 7.945611 2.012817 67.184170 67.184170 
730.500000 470 2.000000 0.983510 9.794374 -0.164892 -3.401875 11.599944 11.599944 
730.500000 471 2.000000 0.067769 9.764655 1.355354 -5.387023 30.857004 30.857004 
730.500000 472 2.000000 0.363510 17.477482 0.049272 -3.330755 11.096357 11.096357 
730.500000 473 2.000000 0.999999 15.059469 -8.948617 0.435957 80.267800 80.267800 
730.500000 474 2.000000 0.690334 17.898418 -3.096648 -2.626977 16.490235 16.490235 
730.500000 475 2.000000 0.745653 5.967394 -1.695641 -2.458426 8.919057 8.919057 
730.500000 476 2.000000 0.255292 8.596141 5.105827 -3.337536 37.208617 37.208617 
730.500000 477 2.000000 0.000001 19.244166 0.905487 -3.779165 15.101993 15.101993 
730.500000 478 2.000000 0.761403 7.975675 3.045609 -1.800369 12.517059 12.517059 
730.500000 479 2.000000 0.410450 1.727357 -2.358197 -0.710719 6.066217 6.066217 
730.500000 480 2.000000 0.764054 3.566421 2.546842 0.938531 7.367246 7.367246 
730.500000 481 2.000000 0.579030 14.158321 0.319724 1.234763 1.626864 1.626864 
730.500000 482 2.000000 0.948871 4.302992 -0.042081 -0.641672 0.413513 0.413513 
730.500000 483 2.000000 0.309055 3.044339 -2.763775 2.536948 14.074557 14.074557 
730.500000 484 2.000000 0.297817 19.453440 0.992719 -2.732797 8.453672 8.453672 
730.500000 485 2.000000 0.430329 18.169687 1.721312 -2.815865 10.892012 10.892012 
730.500000 486 2.000000 0.486594 4.942613 -0.030702 -1.299388 1.689352 1.689352 
730.500000 487 2.000000 0.717017 9.015234 -5.659635 -0.541894 32.325116 32.325116 
730.500000 488 2.000000 0.508098 0.740517 5.080971 1.645591 28.524241 28.524241 
730.500000 489 2.000000 0.477027 4.984559 2.385128 -1.820988 9.004832 9.004832 
730.500000 490 2.000000 0.062790 17.231026 -1.562016 4.428550 22.051948 22.051948 
730.500000 491 2.000000 0.138684 13.216464 -1.566027 -0.162645 2.478894 2.478894 
730.500000 492 2.000000 0.194402 2.316491 -4.027983 -2.735299 23.706505 23.706505 
730.500000 493 2.000000 0.999999 8.663556 -4.997241 -0.014555 24.972628 24.972628 
730.500000 494 2.000000 0.885336 8.804561 0.571184 4.402280 19.706322 19.706322 
730.500000 495 2.000000 0.392595 6.135375 -4.294640 -0.400957 18.604697 18.604697 
730.500000 496 2.000000 0.374886 8.276688 1.874424 -7.899779 65.919968 65.919968 
730.500000 497 2.000000 0.320744 19.921387 3.207434 2.444801 16.264682 16.264682 
730.500000 498 2.000000 0.624139 15.843996 2.496552 3.709287 19.991583 19.991583 
730.500000 499 2.000000 0.437165 16.833087 -0.750445 2.357251 6.119799 6.119799 
730.500000 500 2.000000 0.999999 17.060607 -5.065397 0.889110 26.448766 26.448766 
