758.500000 1 2.000000 0.195341 6.801053 3.906804 5.037816 40.642706 40.642706 
758.500000 2 2.000000 0.322940 0.269927 0.538231 5.398515 29.433660 29.433660 
758.500000 3 2.000000 0.107533 8.744434 -2.549903 -1.146800 7.817155 7.817155 
758.500000 4 2.000000 0.581874 3.303110 3.879154 -1.310997 16.766546 16.766546 
758.500000 5 2.000000 0.963735 11.392850 0.338152 -0.141087 0.134253 0.134253 
758.500000 6 2.000000 0.000001 19.637356 3.058850 1.902625 12.976549 12.976549 
758.500000 7 2.000000 0.531044 15.035495 -4.689549 -1.087429 23.174373 23.174373 
758.500000 8 2.000000 0.671443 4.032530 -3.740197 2.536163 20.421199 20.421199 
758.500000 9 2.000000 0.091470 13.668874 0.067155 0.114479 0.017615 0.017615 
758.500000 10 2.000000 0.113743 19.868545 -4.431280 -2.629083 26.548320 26.548320 
758.500000 11 2.000000 0.611010 15.415851 -3.889894 0.476837 15.358650 15.358650 
758.500000 12 2.000000 0.323378 7.754718 6.467534 3.709767 55.591364 55.591364 
758.500000 13 2.000000 0.763680 0.080742 -0.945276 -1.119991 2.147927 2.147927 
758.500000 14 2.000000 0.504607 9.652017 -1.651306 3.392350 14.234853 14.234853 
758.500000 15 2.000000 0.999999 13.469680 -1.676544 -8.684123 78.224784 78.224784 
758.500000 16 2.000000 0.171767 19.910854 -2.760773 5.966282 43.218381 43.218381 
758.500000 17 2.000000 0.635932 5.421321 -1.875738 3.782276 17.824005 17.824005 
758.500000 18 2.000000 0.960885 19.890546 0.937904 1.879982 4.413998 4.413998 
758.500000 19 2.000000 0.999999 10.238512 -2.014582 6.739037 49.473154 49.473154 
758.500000 20 2.000000 0.819682 18.620384 -0.901586 3.829631 15.478930 15.478930 
758.500000 21 2.000000 0.776056 7.319765 3.880274 -0.232813 15.110730 15.110730 
758.500000 22 2.000000 0.180766 0.999016 3.615290 -3.043902 22.335662 22.335662 
758.500000 23 2.000000 0.635536 16.594223 3.960141 -2.130484 20.221675 20.221675 
758.500000 24 2.000000 0.662247 7.140203 -2.251681 1.830450 8.420614 8.420614 
758.500000 25 2.000000 0.503484 13.571681 -2.482576 -5.843925 40.314644 40.314644 
758.500000 26 2.000000 0.469791 17.989075 0.104707 -2.851090 8.139680 8.139680 
758.500000 27 2.000000 0.000001 14.566206 0.087938 -2.407759 5.805036 5.805036 
758.500000 28 2.000000 0.851869 0.504551 2.839561 -1.700379 10.954393 10.954393 
758.500000 29 2.000000 0.771585 13.928838 -1.522759 -0.607949 2.688398 2.688398 
758.500000 30 2.000000 0.999999 14.036689 -8.206954 -0.697060 67.839995 67.839995 
758.500000 31 2.000000 0.192800 3.830379 3.855987 -0.672378 15.320729 15.320729 
758.500000 32 2.000000 0.000001 18.503810 8.718299 1.433355 78.063250 78.063250 
758.500000 33 2.000000 0.156426 9.484800 -1.991114 -0.136233 3.983096 3.983096 
758.500000 34 2.000000 0.349007 13.789545 1.847996 0.966063 4.348367 4.348367 
758.500000 35 2.000000 0.515769 17.148544 -2.421150 1.820723 9.176997 9.176997 
758.500000 36 2.000000 0.118562 4.298846 2.371219 -0.467895 5.841604 5.841604 
758.500000 37 2.000000 0.757445 19.505990 2.524814 1.379897 8.278804 8.278804 
758.500000 38 2.000000 0.046879 9.997038 -0.622716 -8.049815 65.187289 65.187289 
758.500000 39 2.000000 0.852727 5.039050 1.164168 0.982375 2.320348 2.320348 
758.500000 40 2.000000 0.323184 8.112149 2.154552 -0.436361 4.832507 4.832507 
758.500000 41 2.000000 0.531134 16.818561 5.311334 0.903514 29.026611 29.026611 
758.500000 42 2.000000 0.709407 7.965544 -2.905921 -3.309076 19.394363 19.394363 
758.500000 43 2.000000 0.759732 5.445741 2.412806 2.894540 14.199994 14.199994 
758.500000 44 2.000000 0.911277 18.315613 3.645103 6.885862 60.701866 60.701866 
758.500000 45 2.000000 0.154568 1.039438 3.091331 -3.146023 19.453787 19.453787 
758.500000 46 2.000000 0.892663 8.416780 -0.536681 1.847120 3.699879 3.699879 
758.500000 47 2.000000 0.831414 10.768303 1.511659 -1.894765 5.875250 5.875250 
758.500000 48 2.000000 0.512169 9.438842 5.121683 -0.295385 26.318893 26.318893 
758.500000 49 2.000000 0.931447 19.268898 2.661274 -1.044430 8.173213 8.173213 
758.500000 50 2.000000 0.000725 2.319441 2.517734 5.001848 31.357467 31.357467 
758.500000 51 2.000000 0.899520 7.575996 -2.009575 -1.955015 7.860476 7.860476 
758.500000 52 2.000000 0.212441 16.123405 0.326831 0.450753 0.309997 0.309997 
758.500000 53 2.000000 0.049151 4.318100 -4.754241 2.334108 28.050867 28.050867 
758.500000 54 2.000000 0.548750 10.835693 -0.086971 -1.230830 1.522507 1.522507 
758.500000 55 2.000000 0.146406 9.742473 -2.133981 -1.043621 5.643022 5.643022 
758.500000 56 2.000000 0.217165 19.776576 -1.739632 5.475281 33.005022 33.005022 
758.500000 57 2.000000 0.000001 6.685287 4.113342 -1.610223 19.512403 19.512403 
758.500000 58 2.000000 0.828001 10.547592 5.520002 0.151322 30.493325 30.493325 
758.500000 59 2.000000 0.369777 10.885201 2.465171 -3.797833 20.500598 20.500598 
758.500000 60 2.000000 0.432318 0.242269 4.323167 1.211339 20.157117 20.157117 
758.500000 61 2.000000 0.572488 1.812822 -0.525439 4.532053 20.815593 20.815593 
758.500000 62 2.000000 0.705987 18.935875 1.325096 -0.247114 1.816945 1.816945 
758.500000 63 2.000000 0.584057 3.389535 -8.318836 -3.656136 82.570372 82.570372 
758.500000 64 2.000000 0.420000 17.969710 -3.839418 5.133656 41.095554 41.095554 
758.500000 65 2.000000 0.597365 14.582400 -0.262402 1.199839 1.508469 1.508469 
758.500000 66 2.000000 0.851962 0.464013 1.893246 0.577405 3.917776 3.917776 
758.500000 67 2.000000 0.858396 10.805700 8.583954 -2.967328 82.489300 82.489300 
758.500000 68 2.000000 0.184966 0.837283 0.462414 -0.887070 1.000719 1.000719 
758.500000 69 2.000000 0.041355 17.657340 -1.742989 -2.602954 9.813381 9.813381 
758.500000 70 2.000000 0.369471 2.263455 -2.522111 -1.056612 7.477473 7.477473 
758.500000 71 2.000000 0.999999 7.027368 -4.292544 7.192740 70.161440 70.161440 
758.500000 72 2.000000 0.104141 12.318420 -2.986195 0.634677 9.320174 9.320174 
758.500000 73 2.000000 0.808369 13.169864 8.083681 -4.704099 87.474442 87.474442 
758.500000 74 2.000000 0.778360 11.499789 3.113437 1.865143 13.172251 13.172251 
758.500000 75 2.000000 0.660239 13.822811 -2.265067 -0.727170 5.659305 5.659305 
758.500000 76 2.000000 0.512416 12.586851 2.562075 -0.140851 6.584066 6.584066 
758.500000 77 2.000000 0.379790 3.258427 -2.067365 8.146065 70.632377 70.632377 
758.500000 78 2.000000 0.201497 6.601818 4.029911 3.355461 27.499301 27.499301 
758.500000 79 2.000000 0.066921 16.736528 -1.555130 3.551882 15.034292 15.034292 
758.500000 80 2.000000 0.450370 11.957859 -0.451380 3.209555 10.504987 10.504987 
758.500000 81 2.000000 0.839671 7.156650 2.399058 -3.594858 18.678485 18.678485 
758.500000 82 2.000000 0.787679 19.836876 1.142584 3.310715 12.266332 12.266332 
758.500000 83 2.000000 0.475291 15.058137 -0.165388 -1.554215 2.442936 2.442936 
758.500000 84 2.000000 0.550550 3.019022 5.505486 6.039776 66.789272 66.789272 
758.500000 85 2.000000 0.024830 11.020874 -0.790012 8.228819 68.337586 68.337586 
758.500000 86 2.000000 0.860598 9.733591 0.905892 0.578752 1.155593 1.155593 
758.500000 87 2.000000 0.863957 2.740402 -2.720839 -2.960350 16.166635 16.166635 
758.500000 88 2.000000 0.635805 19.430501 -0.910484 -1.898326 4.432622 4.432622 
758.500000 89 2.000000 0.971738 1.258617 0.193604 0.021916 0.037963 0.037963 
758.500000 90 2.000000 0.999999 17.448046 -7.231251 -0.838743 52.994481 52.994481 
758.500000 91 2.000000 0.086532 4.862877 -6.089778 -2.384530 42.771381 42.771381 
758.500000 92 2.000000 0.527572 15.396329 2.637857 0.731070 7.492752 7.492752 
758.500000 93 2.000000 0.262699 7.434582 1.751317 2.062346 7.320382 7.320382 
758.500000 94 2.000000 0.012782 11.751875 -0.055171 3.853074 14.849220 14.849220 
758.500000 95 2.000000 0.745150 12.215902 -0.299822 8.725643 76.226746 76.226746 
758.500000 96 2.000000 0.082888 17.098165 -0.184612 1.778609 3.197532 3.197532 
758.500000 97 2.000000 0.623191 3.427648 -1.507232 -0.374665 2.412123 2.412123 
758.500000 98 2.000000 0.144365 16.581701 -0.172185 -0.414920 0.201806 0.201806 
758.500000 99 2.000000 0.381563 8.848063 -2.061452 2.062146 8.502032 8.502032 
758.500000 100 2.000000 0.837717 7.028976 2.393473 4.722550 28.031190 28.031190 
758.500000 101 2.000000 0.999999 4.064477 -3.044351 3.023206 18.407848 18.407848 
758.500000 102 2.000000 0.722953 7.567112 7.229518 -3.227942 62.685546 62.685546 
758.500000 103 2.000000 0.654329 2.096230 -3.456702 0.449304 12.150662 12.150662 
758.500000 104 2.000000 0.280767 15.507840 -1.198721 -4.991288 26.349887 26.349887 
758.500000 105 2.000000 0.470719 2.230056 4.707183 -1.858556 25.611798 25.611798 
758.500000 106 2.000000 0.748074 13.803847 -1.679497 3.368615 14.168278 14.168278 
758.500000 107 2.000000 0.991377 15.045069 2.832504 -3.539236 20.549270 20.549270 
758.500000 108 2.000000 0.277314 7.197823 0.924377 -0.623817 1.243620 1.243620 
758.500000 109 2.000000 0.455477 9.189658 2.277381 0.065289 5.190727 5.190727 
758.500000 110 2.000000 0.043489 7.535744 -4.782552 -3.253120 33.455594 33.455594 
758.500000 111 2.000000 0.448417 11.045562 -1.225738 -0.703702 1.997631 1.997631 
758.500000 112 2.000000 0.261647 16.311474 5.232914 -0.552795 27.688971 27.688971 
758.500000 113 2.000000 0.718491 4.188961 -2.815077 3.642574 21.193006 21.193006 
758.500000 114 2.000000 0.340942 12.557521 -4.393712 3.387978 30.783103 30.783103 
758.500000 115 2.000000 0.277590 4.140619 5.551783 0.321522 30.925667 30.925667 
758.500000 116 2.000000 0.728380 3.461813 -1.086476 -0.011179 1.180555 1.180555 
758.500000 117 2.000000 0.444282 15.702094 2.961872 2.496507 15.005236 15.005236 
758.500000 118 2.000000 0.372099 1.808914 7.441951 4.484892 75.496887 75.496887 
758.500000 119 2.000000 0.092799 7.641982 -4.536000 -3.147764 30.483715 30.483715 
758.500000 120 2.000000 0.773573 9.176015 -4.528511 -3.021356 29.636008 29.636008 
758.500000 121 2.000000 0.505044 5.009717 2.525214 -3.569115 19.115287 19.115287 
758.500000 122 2.000000 0.707898 1.105514 -5.842019 0.206815 34.171963 34.171963 
758.500000 123 2.000000 0.045211 9.314294 -0.697571 4.055731 16.935558 16.935558 
758.500000 124 2.000000 0.090360 6.426497 -1.653890 2.160209 7.401855 7.401855 
758.500000 125 2.000000 0.000001 4.608827 1.729521 -0.461830 3.204530 3.204530 
758.500000 126 2.000000 0.414722 10.710538 -1.950925 0.512101 4.068356 4.068356 
758.500000 127 2.000000 0.744348 5.577879 3.721735 2.425164 19.732737 19.732737 
758.500000 128 2.000000 0.999999 7.604297 -5.712341 7.996141 96.569110 96.569110 
758.500000 129 2.000000 0.999999 11.286683 -2.924801 1.068147 9.695401 9.695401 
758.500000 130 2.000000 0.075990 0.263401 1.519789 -4.955569 26.867423 26.867423 
758.500000 131 2.000000 0.223099 14.345586 -3.884499 0.935361 15.964231 15.964231 
758.500000 132 2.000000 0.598210 18.887093 -1.339296 -2.782265 9.534709 9.534709 
758.500000 133 2.000000 0.999999 9.723826 -3.164543 8.825441 87.902743 87.902743 
758.500000 134 2.000000 0.087415 0.206744 1.748285 -2.632737 9.987803 9.987803 
758.500000 135 2.000000 0.434324 6.120799 -2.495357 0.942145 7.114446 7.114446 
758.500000 136 2.000000 0.981823 18.790778 2.108711 0.703749 4.941926 4.941926 
758.500000 137 2.000000 0.589797 13.076756 -4.102023 0.837666 17.528276 17.528276 
758.500000 138 2.000000 0.516497 17.916255 0.115588 -0.475241 0.239215 0.239215 
758.500000 139 2.000000 0.390182 10.576419 7.803623 2.821139 68.855364 68.855364 
758.500000 140 2.000000 0.999999 3.530280 -9.229213 1.104089 86.397393 86.397393 
758.500000 141 2.000000 0.430505 9.691959 4.305039 -0.974176 19.482380 19.482380 
758.500000 142 2.000000 0.045533 19.966463 0.910643 -0.670718 1.279132 1.279132 
758.500000 143 2.000000 0.670661 19.226270 -0.411672 -1.105327 1.391223 1.391223 
758.500000 144 2.000000 0.771740 0.498385 3.086957 -4.356356 28.507141 28.507141 
758.500000 145 2.000000 0.028596 6.337718 -4.857014 -2.472624 29.704458 29.704458 
758.500000 146 2.000000 0.698584 14.240050 -0.602831 1.073587 1.515994 1.515994 
758.500000 147 2.000000 0.438146 14.786992 -5.618535 -4.170406 48.960216 48.960216 
758.500000 148 2.000000 0.315161 0.673385 1.571666 -6.360740 42.929145 42.929145 
758.500000 149 2.000000 0.254632 14.279318 5.092621 -0.989378 26.913653 26.913653 
758.500000 150 2.000000 0.386878 17.447871 7.737548 6.989556 108.723542 108.723542 
758.500000 151 2.000000 0.232981 10.401990 -0.869243 2.087876 5.114811 5.114811 
758.500000 152 2.000000 0.399949 7.668972 1.142709 -2.717299 8.689499 8.689499 
758.500000 153 2.000000 0.980567 9.165097 1.782847 4.335605 21.976017 21.976017 
758.500000 154 2.000000 0.603560 0.878856 1.207118 -2.900343 9.869122 9.869122 
758.500000 155 2.000000 0.077531 6.030533 -1.317811 2.668837 8.859315 8.859315 
758.500000 156 2.000000 0.406580 3.178142 4.065786 -0.560063 16.844287 16.844287 
758.500000 157 2.000000 0.922899 17.440236 4.218446 -5.299252 45.877356 45.877356 
758.500000 158 2.000000 0.831633 16.635552 0.594023 -2.170611 5.064415 5.064415 
758.500000 159 2.000000 0.620044 11.572694 1.377874 4.954022 26.440867 26.440867 
758.500000 160 2.000000 0.617371 16.590503 0.185932 1.539295 2.403999 2.403999 
758.500000 161 2.000000 0.914135 14.181857 1.625852 2.248980 7.701308 7.701308 
758.500000 162 2.000000 0.852458 1.398498 1.051228 1.491389 3.329323 3.329323 
758.500000 163 2.000000 0.348788 15.589657 2.325249 -0.845361 6.121419 6.121419 
758.500000 164 2.000000 0.481174 0.221488 3.207818 -1.156546 11.627694 11.627694 
758.500000 165 2.000000 0.057360 16.034910 -6.284260 4.524630 59.964197 59.964197 
758.500000 166 2.000000 0.000001 10.097521 4.844891 6.653487 67.741854 67.741854 
758.500000 167 2.000000 0.318932 15.471204 -1.702666 6.188481 41.196373 41.196373 
758.500000 168 2.000000 0.408090 16.946025 8.161789 -0.186561 66.649598 66.649598 
758.500000 169 2.000000 0.613535 0.172479 -3.864641 -0.494331 15.179815 15.179815 
758.500000 170 2.000000 0.300258 2.617119 -1.999259 3.489491 16.173582 16.173582 
758.500000 171 2.000000 0.107540 5.792109 2.150779 2.469049 10.722052 10.722052 
758.500000 172 2.000000 0.747204 4.162557 1.660450 -4.819814 25.987698 25.987698 
758.500000 173 2.000000 0.214428 5.965012 1.429512 -0.608917 2.414285 2.414285 
758.500000 174 2.000000 0.599790 19.496928 -2.668062 2.679956 14.300717 14.300717 
758.500000 175 2.000000 0.100284 15.489603 -1.775875 4.946338 27.619996 27.619996 
758.500000 176 2.000000 0.254456 14.581778 2.544553 -4.167862 23.845828 23.845828 
758.500000 177 2.000000 0.017479 8.764102 -1.511543 1.857367 5.734573 5.734573 
758.500000 178 2.000000 0.743783 5.079253 1.239637 -3.257044 12.145033 12.145033 
758.500000 179 2.000000 0.062979 13.095134 -4.168759 2.728416 24.822800 24.822800 
758.500000 180 2.000000 0.331243 12.261210 2.208279 -4.422165 24.432041 24.432041 
758.500000 181 2.000000 0.312944 4.542324 -0.687055 1.714084 3.410128 3.410128 
758.500000 182 2.000000 0.846184 11.715494 -1.538148 -5.728981 35.187124 35.187124 
758.500000 183 2.000000 0.999999 2.509092 -4.991157 -8.129470 90.999920 90.999920 
758.500000 184 2.000000 0.204071 11.118474 -0.916840 8.682138 76.220112 76.220112 
758.500000 185 2.000000 0.510389 11.811339 -0.391688 -0.307956 0.248256 0.248256 
758.500000 186 2.000000 0.516458 11.713357 -1.074536 -4.415084 20.647598 20.647598 
758.500000 187 2.000000 0.470892 12.656818 2.354453 -1.021466 6.586842 6.586842 
758.500000 188 2.000000 0.955069 15.396729 1.005335 3.539478 13.538601 13.538601 
758.500000 189 2.000000 0.221926 17.057920 -2.223066 0.659389 5.376817 5.376817 
758.500000 190 2.000000 0.811389 17.974210 -3.772205 0.875448 14.995937 14.995937 
758.500000 191 2.000000 0.000001 6.336598 4.744356 -3.318987 33.524584 33.524584 
758.500000 192 2.000000 0.665806 9.169134 1.902299 0.938380 4.499298 4.499298 
758.500000 193 2.000000 0.137892 3.652393 -0.359211 -6.168908 38.184457 38.184457 
758.500000 194 2.000000 0.151958 1.636540 -0.530025 -0.091576 0.289313 0.289313 
758.500000 195 2.000000 0.391584 8.784978 0.978958 5.525474 31.489218 31.489218 
758.500000 196 2.000000 0.158690 2.727099 -0.934788 1.026622 1.927782 1.927782 
758.500000 197 2.000000 0.151829 11.615512 0.607311 -3.058340 9.722273 9.722273 
758.500000 198 2.000000 0.241990 16.773094 4.839786 -3.067107 32.830672 32.830672 
758.500000 199 2.000000 0.570540 3.469347 5.705389 3.294579 43.405717 43.405717 
758.500000 200 2.000000 0.000001 3.518245 0.868092 -2.296443 6.027233 6.027233 
758.500000 201 2.000000 0.000001 17.088315 10.466067 -2.329347 114.964425 114.964425 
758.500000 202 2.000000 0.595235 11.241094 -0.396899 -2.890453 8.512245 8.512245 
758.500000 203 2.000000 0.825099 18.879871 -1.749000 -5.600640 34.426172 34.426172 
758.500000 204 2.000000 0.931738 15.109619 2.662107 0.784902 7.702886 7.702886 
758.500000 205 2.000000 0.445061 11.682402 -3.699585 -1.445138 15.775354 15.775354 
758.500000 206 2.000000 0.632887 19.404999 -2.447416 0.424785 6.170289 6.170289 
758.500000 207 2.000000 0.678716 14.674432 -1.070944 -3.043181 10.407872 10.407872 
758.500000 208 2.000000 0.890482 6.676353 1.780962 1.780360 6.341509 6.341509 
758.500000 209 2.000000 0.066594 16.775910 1.331864 -1.201658 3.217845 3.217845 
758.500000 210 2.000000 0.019375 15.860904 -1.508652 3.005390 11.308398 11.308398 
758.500000 211 2.000000 0.682802 4.112925 6.828006 5.475734 76.605339 76.605339 
758.500000 212 2.000000 0.631917 19.057558 -0.009558 2.513798 6.319273 6.319273 
758.500000 213 2.000000 0.629697 5.437122 0.395873 1.850602 3.581444 3.581444 
758.500000 214 2.000000 0.210253 11.773790 -3.158982 -7.117152 60.633023 60.633023 
758.500000 215 2.000000 0.294391 15.981934 -0.486626 -1.823423 3.561678 3.561678 
758.500000 216 2.000000 0.114375 12.202066 2.287485 0.276371 5.308970 5.308970 
758.500000 217 2.000000 0.987886 6.927246 -0.242257 2.308124 5.386124 5.386124 
758.500000 218 2.000000 0.210604 1.632763 -3.157580 -3.015615 19.064248 19.064248 
758.500000 219 2.000000 0.785491 12.463982 -2.145079 2.407934 10.399509 10.399509 
758.500000 220 2.000000 0.436952 8.738563 0.179178 1.557537 2.458025 2.458025 
758.500000 221 2.000000 0.413497 15.404456 -3.910014 2.467322 21.375887 21.375887 
758.500000 222 2.000000 0.000001 6.279204 8.214764 0.005724 67.482379 67.482379 
758.500000 223 2.000000 0.899601 0.952011 -0.669319 -0.791441 1.074367 1.074367 
758.500000 224 2.000000 0.183590 16.385284 0.305982 0.841769 0.802201 0.802201 
758.500000 225 2.000000 0.999999 9.881647 -3.404891 -0.859895 12.332700 12.332700 
758.500000 226 2.000000 0.047500 5.178197 -9.524991 8.630327 165.208005 165.208005 
758.500000 227 2.000000 0.391982 14.836928 1.567924 2.710993 9.807871 9.807871 
758.500000 228 2.000000 0.353000 10.245493 7.059989 0.790322 50.468050 50.468050 
758.500000 229 2.000000 0.353235 2.839415 -2.155881 1.674912 7.453153 7.453153 
758.500000 230 2.000000 0.710981 14.410504 -5.780359 -4.353720 52.367432 52.367432 
758.500000 231 2.000000 0.999999 19.629518 -4.585037 -2.469870 27.122826 27.122826 
758.500000 232 2.000000 0.999999 0.588861 -2.055660 0.826424 4.908715 4.908715 
758.500000 233 2.000000 0.000001 0.945976 3.669275 -7.939176 76.494094 76.494094 
758.500000 234 2.000000 0.787231 2.046184 -0.851073 -1.711745 3.654397 3.654397 
758.500000 235 2.000000 0.763322 13.029852 -4.733550 -4.877131 46.192896 46.192896 
758.500000 236 2.000000 0.000001 16.442609 3.668129 -0.247196 13.516276 13.516276 
758.500000 237 2.000000 0.838075 15.814107 5.587162 2.734864 38.695862 38.695862 
758.500000 238 2.000000 0.925897 12.118696 0.881805 2.885403 9.103134 9.103134 
758.500000 239 2.000000 0.471866 6.895586 4.718650 -4.708638 44.436937 44.436937 
758.500000 240 2.000000 0.402781 4.618174 2.685201 6.597390 50.735862 50.735862 
758.500000 241 2.000000 0.923347 13.605631 -2.746672 -3.713456 21.333961 21.333961 
758.500000 242 2.000000 0.000001 12.992902 2.355492 -1.317146 7.283218 7.283218 
758.500000 243 2.000000 0.148524 0.914367 2.970465 -3.931883 24.283367 24.283367 
758.500000 244 2.000000 0.157024 9.606089 0.392558 1.487838 2.367762 2.367762 
758.500000 245 2.000000 0.183377 4.109776 1.833761 0.425170 3.543448 3.543448 
758.500000 246 2.000000 0.806792 3.525912 5.378608 -5.181485 55.777211 55.777211 
758.500000 247 2.000000 0.921202 10.531881 -1.575931 3.354654 13.737265 13.737265 
758.500000 248 2.000000 0.774617 12.876283 -0.968327 -1.247889 2.494883 2.494883 
758.500000 249 2.000000 0.000001 0.489153 4.884843 0.026273 23.862386 23.862386 
758.500000 250 2.000000 0.177691 19.413394 -4.111540 -1.466512 19.055422 19.055422 
758.500000 251 2.000000 0.122240 1.689768 -4.388794 -4.161416 36.578893 36.578893 
758.500000 252 2.000000 0.478366 15.615943 1.365405 3.915958 17.199060 17.199060 
758.500000 253 2.000000 0.371672 16.031029 3.716712 -2.303333 19.119292 19.119292 
758.500000 254 2.000000 0.654894 0.997587 -0.070063 -2.339556 5.478430 5.478430 
758.500000 255 2.000000 0.943653 8.685086 -0.563457 0.957824 1.234910 1.234910 
758.500000 256 2.000000 0.000001 1.884576 6.012521 -0.852956 36.877947 36.877947 
758.500000 257 2.000000 0.206943 14.464231 -7.930559 0.751178 63.458028 63.458028 
758.500000 258 2.000000 0.280192 12.308101 -0.550930 -7.246995 52.822466 52.822466 
758.500000 259 2.000000 0.814971 17.819501 2.716566 -2.588009 14.077520 14.077520 
758.500000 260 2.000000 0.999999 15.648468 -4.771369 4.506694 43.076255 43.076255 
758.500000 261 2.000000 0.168102 3.982817 -0.317712 -2.189219 4.893619 4.893619 
758.500000 262 2.000000 0.440905 15.421199 0.304072 6.168479 38.142594 38.142594 
758.500000 263 2.000000 0.773359 16.138041 5.155719 3.461592 38.564054 38.564054 
758.500000 264 2.000000 0.999999 13.836841 -4.474666 5.782148 53.455874 53.455874 
758.500000 265 2.000000 0.707168 4.894044 -0.532419 -0.647876 0.703213 0.703213 
758.500000 266 2.000000 0.912757 16.134482 6.085042 -3.226288 47.436670 47.436670 
758.500000 267 2.000000 0.215600 9.086187 4.311970 -3.299926 29.482599 29.482599 
758.500000 268 2.000000 0.839224 2.162087 -3.215502 0.888556 11.128988 11.128988 
758.500000 269 2.000000 0.000001 7.928817 0.752135 -2.624170 7.451976 7.451976 
758.500000 270 2.000000 0.339892 0.529466 2.265942 5.294653 33.167847 33.167847 
758.500000 271 2.000000 0.462580 16.488761 -5.374189 2.110964 33.338073 33.338073 
758.500000 272 2.000000 0.524023 18.286427 1.497205 6.530866 44.893836 44.893836 
758.500000 273 2.000000 0.680856 10.524718 -6.382852 -0.297514 40.829309 40.829309 
758.500000 274 2.000000 0.279262 12.788232 5.585221 -0.388835 31.345884 31.345884 
758.500000 275 2.000000 0.533476 5.511650 1.066949 -1.360319 2.988850 2.988850 
758.500000 276 2.000000 0.073633 0.306844 -3.705465 -2.645559 20.729450 20.729450 
758.500000 277 2.000000 0.137284 9.142989 -2.156788 2.174229 9.379003 9.379003 
758.500000 278 2.000000 0.338731 5.527919 -2.645073 -5.566185 37.978821 37.978821 
758.500000 279 2.000000 0.342837 15.195933 3.428356 0.997933 12.749495 12.749495 
758.500000 280 2.000000 0.512492 15.274987 -0.975014 -2.423304 6.823054 6.823054 
758.500000 281 2.000000 0.568461 2.383986 1.894868 3.667670 17.042328 17.042328 
758.500000 282 2.000000 0.500114 1.878848 2.500567 -2.288434 11.489763 11.489763 
758.500000 283 2.000000 0.631144 16.168776 6.311427 0.974812 40.784373 40.784373 
758.500000 284 2.000000 0.381973 18.934227 2.546481 -3.614228 19.547210 19.547210 
758.500000 285 2.000000 0.999999 6.702067 -7.267380 1.328993 54.581042 54.581042 
758.500000 286 2.000000 0.170399 15.298815 -5.530669 3.626758 43.741676 43.741676 
758.500000 287 2.000000 0.999999 18.550900 -2.274307 2.562843 11.740641 11.740641 
758.500000 288 2.000000 0.000001 13.202000 5.507872 1.761389 33.439148 33.439148 
758.500000 289 2.000000 0.569243 15.115256 3.794948 0.246568 14.462423 14.462423 
758.500000 290 2.000000 0.000001 16.874972 8.140434 -6.250054 105.329845 105.329845 
758.500000 291 2.000000 0.227612 1.517243 4.552216 -4.808159 43.841068 43.841068 
758.500000 292 2.000000 0.054099 12.436497 -2.375829 -3.550330 18.249402 18.249402 
758.500000 293 2.000000 0.000001 18.900718 0.511714 0.378825 0.405359 0.405359 
758.500000 294 2.000000 0.306830 4.802731 -2.090517 -3.282045 15.142081 15.142081 
758.500000 295 2.000000 0.468292 15.383302 -3.544714 1.319597 14.306331 14.306331 
758.500000 296 2.000000 0.933396 16.305620 3.733579 -4.914843 38.095293 38.095293 
758.500000 297 2.000000 0.064281 5.610139 -0.136811 6.439029 41.479815 41.479815 
758.500000 298 2.000000 0.475069 2.622141 -2.624651 2.637748 13.846506 13.846506 
758.500000 299 2.000000 0.138304 3.688896 -2.154238 -1.149318 5.961675 5.961675 
758.500000 300 2.000000 0.121609 7.870298 -1.408340 0.227159 2.035023 2.035023 
758.500000 301 2.000000 0.337481 17.104737 0.828785 -1.734724 3.696151 3.696151 
758.500000 302 2.000000 0.206499 17.398715 -5.290001 -1.899809 31.593385 31.593385 
758.500000 303 2.000000 0.408291 8.689263 4.082897 0.329187 16.778414 16.778414 
758.500000 304 2.000000 0.999999 4.632908 -6.741753 3.555827 58.095133 58.095133 
758.500000 305 2.000000 0.217441 10.662477 -2.235881 1.725714 7.977254 7.977254 
758.500000 306 2.000000 0.000001 15.442052 7.087674 4.622976 71.607030 71.607030 
758.500000 307 2.000000 0.141067 6.281195 -2.626752 0.381703 7.045524 7.045524 
758.500000 308 2.000000 0.596211 15.558161 2.981048 1.009311 9.905354 9.905354 
758.500000 309 2.000000 0.285416 1.725187 1.141662 -1.401974 3.268922 3.268922 
758.500000 310 2.000000 0.050875 5.076818 1.017488 -0.540554 1.327482 1.327482 
758.500000 311 2.000000 0.000001 6.935561 4.468620 3.816443 34.533809 34.533809 
758.500000 312 2.000000 0.543270 13.628883 0.493881 2.142612 4.834706 4.834706 
758.500000 313 2.000000 0.411408 15.437294 4.114072 -1.466507 19.076228 19.076228 
758.500000 314 2.000000 0.230757 0.750182 4.615124 -4.814298 44.476838 44.476838 
758.500000 315 2.000000 0.191485 10.468406 1.276560 4.263868 19.810180 19.810180 
758.500000 316 2.000000 0.457897 3.076090 1.831585 4.933649 27.695596 27.695596 
758.500000 317 2.000000 0.117828 14.971418 2.356542 2.140121 10.133410 10.133410 
758.500000 318 2.000000 0.430292 13.790855 -0.569707 7.573043 57.675552 57.675552 
758.500000 319 2.000000 0.581940 19.430315 -4.180592 -2.848419 25.590842 25.590842 
758.500000 320 2.000000 0.293094 12.028792 2.930933 -2.217948 13.509664 13.509664 
758.500000 321 2.000000 0.440006 3.616502 2.933366 2.449877 14.606534 14.606534 
758.500000 322 2.000000 0.924768 13.615084 10.461295 2.553282 115.957930 115.957930 
758.500000 323 2.000000 0.458949 19.999999 3.059650 -4.585843 30.391416 30.391416 
758.500000 324 2.000000 0.197416 6.269354 1.316101 -4.490442 21.896194 21.896194 
758.500000 325 2.000000 0.255820 11.709426 -1.488358 3.298430 13.094847 13.094847 
758.500000 326 2.000000 0.138633 9.489378 0.390437 4.364112 19.197916 19.197916 
758.500000 327 2.000000 0.942142 19.643685 3.140471 2.331199 15.297046 15.297046 
758.500000 328 2.000000 0.818268 15.901359 0.424989 -2.696761 7.453137 7.453137 
758.500000 329 2.000000 0.663643 4.095035 -6.727128 0.795048 45.886351 45.886351 
758.500000 330 2.000000 0.676710 8.797063 -2.155262 -2.313357 9.996777 9.996777 
758.500000 331 2.000000 0.109176 0.239185 -5.938818 -3.986491 51.161669 51.161669 
758.500000 332 2.000000 0.482875 8.484950 -3.447491 2.883473 20.199610 20.199610 
758.500000 333 2.000000 0.999999 3.024796 -3.906942 3.360883 26.559731 26.559731 
758.500000 334 2.000000 0.395584 1.216728 0.359621 -1.790667 3.335816 3.335816 
758.500000 335 2.000000 0.150833 17.917978 2.707773 1.178757 8.721505 8.721505 
758.500000 336 2.000000 0.420413 0.372669 0.934250 -1.518768 3.179477 3.179477 
758.500000 337 2.000000 0.000001 17.408094 2.204318 3.944248 20.416114 20.416114 
758.500000 338 2.000000 0.126164 2.005223 -0.503634 1.250444 1.817258 1.817258 
758.500000 339 2.000000 0.650901 10.844085 2.603601 -5.555624 37.643703 37.643703 
758.500000 340 2.000000 0.485573 14.567632 0.558131 0.268153 0.383417 0.383417 
758.500000 341 2.000000 0.450599 7.580794 -0.354452 -0.232267 0.179584 0.179584 
758.500000 342 2.000000 0.510074 15.545818 -4.899251 7.402770 78.803667 78.803667 
758.500000 343 2.000000 0.225028 6.229948 -3.874855 -0.893431 15.812722 15.812722 
758.500000 344 2.000000 0.835077 15.959489 -1.649221 -1.352308 4.548666 4.548666 
758.500000 345 2.000000 0.228807 15.644123 0.762688 2.235363 5.578542 5.578542 
758.500000 346 2.000000 0.677086 1.360149 3.385425 3.022551 20.596919 20.596919 
758.500000 347 2.000000 0.460473 9.882182 1.841886 3.128658 13.181045 13.181045 
758.500000 348 2.000000 0.171231 14.012405 3.424598 5.852001 45.973788 45.973788 
758.500000 349 2.000000 0.147343 17.994757 -0.695062 8.150182 66.908585 66.908585 
758.500000 350 2.000000 0.329979 16.129869 -8.043404 -4.909192 88.796515 88.796515 
758.500000 351 2.000000 0.570470 19.197611 5.704686 -2.674628 39.697072 39.697072 
758.500000 352 2.000000 0.000001 14.957840 2.761353 -5.602399 39.011944 39.011944 
758.500000 353 2.000000 0.178322 7.454423 3.566424 -1.666055 15.495121 15.495121 
758.500000 354 2.000000 0.731227 15.210204 4.874843 -0.200583 23.804329 23.804329 
758.500000 355 2.000000 0.163649 1.220263 0.475809 -0.915333 1.064228 1.064228 
758.500000 356 2.000000 0.429618 10.641735 -1.901271 6.193113 41.969478 41.969478 
758.500000 357 2.000000 0.049864 10.476425 -2.714672 -4.328897 26.108797 26.108797 
758.500000 358 2.000000 0.999999 5.420004 -5.162398 2.769160 34.318602 34.318602 
758.500000 359 2.000000 0.453030 17.274078 -3.646457 -9.086404 95.859383 95.859383 
758.500000 360 2.000000 0.000001 17.827252 2.441467 -0.566198 6.281343 6.281343 
758.500000 361 2.000000 0.333408 12.685722 6.668139 3.995190 60.425615 60.425615 
758.500000 362 2.000000 0.318408 7.600028 -6.815909 4.520796 66.894212 66.894212 
758.500000 363 2.000000 0.465579 1.263872 4.655776 -0.192497 21.713308 21.713308 
758.500000 364 2.000000 0.989724 3.662837 1.092610 7.325672 54.859273 54.859273 
758.500000 365 2.000000 0.123576 12.055456 2.471495 -2.842791 14.189745 14.189745 
758.500000 366 2.000000 0.662835 13.237795 0.301288 -2.600848 6.855183 6.855183 
758.500000 367 2.000000 0.999999 10.817011 -1.218618 1.145873 2.798056 2.798056 
758.500000 368 2.000000 0.176099 0.778656 -1.006351 -2.106268 5.449106 5.449106 
758.500000 369 2.000000 0.622132 14.937653 0.777664 1.943884 4.383447 4.383447 
758.500000 370 2.000000 0.718692 14.702583 3.593457 0.935783 13.788623 13.788623 
758.500000 371 2.000000 0.469907 9.464936 -1.177983 0.760010 1.965258 1.965258 
758.500000 372 2.000000 0.587967 2.047001 5.879663 8.188000 101.613777 101.613777 
758.500000 373 2.000000 0.636797 2.016379 -0.908005 -0.616660 1.204742 1.204742 
758.500000 374 2.000000 0.000001 1.304764 5.650634 -4.027174 48.147790 48.147790 
758.500000 375 2.000000 0.316648 16.119522 -2.140207 -2.824952 12.560842 12.560842 
758.500000 376 2.000000 0.707880 8.407476 -4.677044 -1.531092 24.218986 24.218986 
758.500000 377 2.000000 0.117909 9.605323 -0.980100 -1.730342 3.954679 3.954679 
758.500000 378 2.000000 0.422791 1.827524 1.452964 -2.465600 8.190288 8.190288 
758.500000 379 2.000000 0.041223 14.037253 -0.119719 6.176278 38.160739 38.160739 
758.500000 380 2.000000 0.350259 9.883154 -3.248701 2.987292 19.477975 19.477975 
758.500000 381 2.000000 0.839086 16.851704 -0.804563 -3.911205 15.944845 15.944845 
758.500000 382 2.000000 0.364312 18.739353 -1.013415 2.913502 9.515506 9.515506 
758.500000 383 2.000000 0.257455 13.159139 0.448152 6.571833 43.389827 43.389827 
758.500000 384 2.000000 0.999999 5.223403 -6.966676 2.743692 56.062426 56.062426 
758.500000 385 2.000000 0.000001 7.199745 3.211440 0.210388 10.357607 10.357607 
758.500000 386 2.000000 0.999999 7.373266 -10.412041 -8.000804 172.423460 172.423460 
758.500000 387 2.000000 0.303636 12.934723 -1.844627 1.233049 4.923058 4.923058 
758.500000 388 2.000000 0.526740 13.330491 -1.577531 7.395524 57.182382 57.182382 
758.500000 389 2.000000 0.635503 13.668934 -0.254202 -4.890914 23.985656 23.985656 
758.500000 390 2.000000 0.210384 0.525926 -0.156984 -3.971516 15.797584 15.797584 
758.500000 391 2.000000 0.421269 8.381379 4.212679 3.058570 27.101512 27.101512 
758.500000 392 2.000000 0.035194 14.009266 0.703867 -0.834816 1.192346 1.192346 
758.500000 393 2.000000 0.496220 1.589548 -1.635291 3.914732 17.999303 17.999303 
758.500000 394 2.000000 0.936881 3.990499 -1.262368 1.376275 3.487706 3.487706 
758.500000 395 2.000000 0.136807 0.118305 1.368056 -0.973353 2.818993 2.818993 
758.500000 396 2.000000 0.609548 15.319335 6.095473 7.733881 96.967702 96.967702 
758.500000 397 2.000000 0.967167 13.237305 0.241600 1.069064 1.201268 1.201268 
758.500000 398 2.000000 0.037609 17.511821 -6.415934 4.246276 59.195067 59.195067 
758.500000 399 2.000000 0.395552 6.200785 -1.511117 -2.514906 8.608230 8.608230 
758.500000 400 2.000000 0.578157 14.414589 2.549607 -3.073177 15.944912 15.944912 
758.500000 401 2.000000 0.000001 2.316716 6.039221 -7.395660 91.167979 91.167979 
758.500000 402 2.000000 0.580494 12.392897 1.934976 -0.801948 4.387251 4.387251 
758.500000 403 2.000000 0.670039 13.661038 3.350189 -4.695527 33.271741 33.271741 
758.500000 404 2.000000 0.682691 9.181444 -6.346167 8.690239 115.794094 115.794094 
758.500000 405 2.000000 0.662473 5.081940 -3.375265 -4.727553 33.742167 33.742167 
758.500000 406 2.000000 0.563401 0.863999 1.024363 1.016468 2.082526 2.082526 
758.500000 407 2.000000 0.321126 4.153513 -4.525819 -4.063018 36.991148 36.991148 
758.500000 408 2.000000 0.241458 4.275643 0.439013 5.344552 28.756969 28.756969 
758.500000 409 2.000000 0.183771 18.357805 -1.484050 -4.691984 24.217116 24.217116 
758.500000 410 2.000000 0.142112 19.021864 2.842217 -0.978135 9.034945 9.034945 
758.500000 411 2.000000 0.500797 11.863990 1.136050 2.867738 9.514531 9.514531 
758.500000 412 2.000000 0.196258 12.450122 -5.358270 0.906176 29.532216 29.532216 
758.500000 413 2.000000 0.815420 15.841611 -3.691572 -1.569203 16.090102 16.090102 
758.500000 414 2.000000 0.476052 0.685062 -3.492982 0.913415 13.035251 13.035251 
758.500000 415 2.000000 0.318606 16.921566 -2.271310 0.814245 5.821844 5.821844 
758.500000 416 2.000000 0.999999 0.151695 -1.055310 -5.489159 31.244546 31.244546 
758.500000 417 2.000000 0.786007 7.063391 1.122866 -0.168840 1.289336 1.289336 
758.500000 418 2.000000 0.999999 5.949801 -3.586484 3.662448 26.276393 26.276393 
758.500000 419 2.000000 0.667043 5.457612 6.670419 -4.158313 61.786049 61.786049 
758.500000 420 2.000000 0.192117 18.458909 3.842330 0.839131 15.467639 15.467639 
758.500000 421 2.000000 0.312401 8.762341 3.123999 0.558766 10.071587 10.071587 
758.500000 422 2.000000 0.856960 18.121654 2.856531 1.642702 10.858240 10.858240 
758.500000 423 2.000000 0.119397 14.941472 -1.202551 -1.403662 3.416395 3.416395 
758.500000 424 2.000000 0.999999 4.326183 -8.984936 5.041701 106.147836 106.147836 
758.500000 425 2.000000 0.748076 5.951934 1.360137 -3.075635 11.309504 11.309504 
758.500000 426 2.000000 0.241885 16.556489 4.837678 -0.576031 23.734944 23.734944 
758.500000 427 2.000000 0.000001 7.480135 4.891827 -0.587244 24.274829 24.274829 
758.500000 428 2.000000 0.585741 8.470749 0.780987 -1.698012 3.493185 3.493185 
758.500000 429 2.000000 0.706662 10.996925 1.969483 2.895244 12.261298 12.261298 
758.500000 430 2.000000 0.389224 9.763781 -4.071834 -3.108370 26.241795 26.241795 
758.500000 431 2.000000 0.558238 7.795825 0.698667 -1.008324 1.504853 1.504853 
758.500000 432 2.000000 0.073833 10.609190 -0.882063 6.330631 40.854921 40.854921 
758.500000 433 2.000000 0.000001 5.006986 8.142336 1.892057 69.877518 69.877518 
758.500000 434 2.000000 0.824081 19.589986 -0.586393 -0.745478 0.899594 0.899594 
758.500000 435 2.000000 0.785633 17.911054 0.257223 -5.222363 27.339239 27.339239 
758.500000 436 2.000000 0.486960 15.354802 1.680673 -1.181073 4.219594 4.219594 
758.500000 437 2.000000 0.347158 18.430111 -2.173080 0.893299 5.520260 5.520260 
758.500000 438 2.000000 0.329623 10.400294 -0.299361 -2.319478 5.469596 5.469596 
758.500000 439 2.000000 0.988190 1.607887 4.940944 1.461715 26.549533 26.549533 
758.500000 440 2.000000 0.910329 3.783649 -1.793402 -4.960833 27.826153 27.826153 
758.500000 441 2.000000 0.393086 11.665691 0.085013 3.535058 12.503859 12.503859 
758.500000 442 2.000000 0.860366 9.330536 1.229092 1.083740 2.685161 2.685161 
758.500000 443 2.000000 0.464196 1.822722 2.320976 -0.552279 5.691940 5.691940 
758.500000 444 2.000000 0.702175 19.460563 -1.489120 9.043048 83.994202 83.994202 
758.500000 445 2.000000 0.622055 16.563324 1.131007 0.059534 1.282721 1.282721 
758.500000 446 2.000000 0.353120 13.590002 -2.587516 -2.848888 14.811400 14.811400 
758.500000 447 2.000000 0.658005 2.261398 0.769733 0.312321 0.690033 0.690033 
758.500000 448 2.000000 0.999999 10.156913 -5.312065 0.392098 28.371773 28.371773 
758.500000 449 2.000000 0.525900 14.001899 -1.354568 -7.056588 51.630287 51.630287 
758.500000 450 2.000000 0.278808 9.139759 2.788072 -0.709177 8.276275 8.276275 
758.500000 451 2.000000 0.736275 15.010067 -2.637238 4.672245 28.784900 28.784900 
758.500000 452 2.000000 0.952066 2.982474 1.120076 1.387197 3.178886 3.178886 
758.500000 453 2.000000 0.930485 19.699077 -1.390274 -3.009218 10.988253 10.988253 
758.500000 454 2.000000 0.921856 1.845293 -1.562869 1.942412 6.215526 6.215526 
758.500000 455 2.000000 0.815958 5.097820 -3.680827 2.541464 20.007527 20.007527 
758.500000 456 2.000000 0.838410 2.578936 2.794695 -7.105589 58.299719 58.299719 
758.500000 457 2.000000 0.999999 9.845515 -3.715972 -1.017206 14.843158 14.843158 
758.500000 458 2.000000 0.245649 14.824838 -0.860764 -6.526774 43.339700 43.339700 
758.500000 459 2.000000 0.915643 12.269057 -1.687128 4.269483 21.074888 21.074888 
758.500000 460 2.000000 0.722326 8.416735 -3.016479 -6.687031 53.815527 53.815527 
758.500000 461 2.000000 0.119453 6.600859 -0.543979 -3.087194 9.826682 9.826682 
758.500000 462 2.000000 0.278629 16.210165 1.393142 -4.458628 21.820209 21.820209 
758.500000 463 2.000000 0.000001 8.256580 1.818743 -2.722326 10.718882 10.718882 
758.500000 464 2.000000 0.670981 1.464399 4.473201 -1.019509 21.048928 21.048928 
758.500000 465 2.000000 0.957828 10.836199 9.578269 6.570873 134.919615 134.919615 
758.500000 466 2.000000 0.832624 2.851669 4.163115 4.049786 33.732295 33.732295 
758.500000 467 2.000000 0.999999 3.911921 -0.850552 5.215893 27.928978 27.928978 
758.500000 468 2.000000 0.722036 17.994097 -5.559267 0.755165 31.475723 31.475723 
758.500000 469 2.000000 0.501663 14.490271 1.433320 -3.796930 16.471085 16.471085 
758.500000 470 2.000000 0.675405 3.634401 -6.491886 -1.439252 44.216030 44.216030 
758.500000 471 2.000000 0.798567 1.179472 0.529132 -0.849233 1.001177 1.001177 
758.500000 472 2.000000 0.792596 6.541913 -4.148052 -4.017835 33.349334 33.349334 
758.500000 473 2.000000 0.000001 7.616328 1.344394 6.346939 42.091032 42.091032 
758.500000 474 2.000000 0.000001 9.953391 3.559135 -1.376121 14.561149 14.561149 
758.500000 475 2.000000 0.046157 8.489983 0.923129 -2.961942 9.625267 9.625267 
758.500000 476 2.000000 0.491249 18.093907 -2.574393 7.699676 65.912509 65.912509 
758.500000 477 2.000000 0.655402 4.659235 -0.362734 2.574700 6.760658 6.760658 
758.500000 478 2.000000 0.488950 19.582582 -1.703497 -4.174172 20.325614 20.325614 
758.500000 479 2.000000 0.425095 2.568789 -3.832692 -0.227193 14.741144 14.741144 
758.500000 480 2.000000 0.882098 11.991409 4.410483 -3.453850 31.381446 31.381446 
758.500000 481 2.000000 0.249922 4.632497 -2.500256 0.508828 6.510187 6.510187 
758.500000 482 2.000000 0.272952 11.231935 -2.908188 -0.003195 8.457565 8.457565 
758.500000 483 2.000000 0.535473 17.948377 2.141889 1.623196 7.222451 7.222451 
758.500000 484 2.000000 0.375555 16.933826 0.938885 -3.832716 15.571216 15.571216 
758.500000 485 2.000000 0.147211 12.799128 -4.263939 -4.040670 34.508190 34.508190 
758.500000 486 2.000000 0.749944 5.118170 4.999621 3.791236 39.369683 39.369683 
758.500000 487 2.000000 0.724578 12.260084 0.483052 0.640371 0.643414 0.643414 
758.500000 488 2.000000 0.450934 8.327615 -5.490649 1.586495 32.664189 32.664189 
758.500000 489 2.000000 0.148749 0.578713 -4.256250 -1.591332 20.648002 20.648002 
758.500000 490 2.000000 0.761217 15.118614 0.951520 1.843599 4.304248 4.304248 
758.500000 491 2.000000 0.512210 17.789890 2.048836 0.214654 4.243804 4.243804 
758.500000 492 2.000000 0.317670 7.470763 -1.949512 -3.171261 13.857493 13.857493 
758.500000 493 2.000000 0.999999 15.782327 -0.968686 0.424214 1.118310 1.118310 
758.500000 494 2.000000 0.056077 19.080208 -0.726094 5.451488 30.245932 30.245932 
758.500000 495 2.000000 0.737630 14.641975 1.844072 -3.348765 14.614826 14.614826 
758.500000 496 2.000000 0.644473 2.074429 -0.433311 1.555718 2.608018 2.608018 
758.500000 497 2.000000 0.458698 3.770963 -5.413005 -4.511627 49.655402 49.655402 
758.500000 498 2.000000 0.999999 3.582311 -5.372712 5.117586 55.055720 55.055720 
758.500000 499 2.000000 0.643750 0.330355 2.026930 -4.223142 21.943371 21.943371 
758.500000 500 2.000000 0.607698 16.351286 0.368301 0.530863 0.417461 0.417461 
