821.000000 1 2.000000 0.538219 14.849033 -4.617805 -4.111251 38.226506 38.226506 
821.000000 2 2.000000 0.066824 5.580579 0.668230 -2.381309 6.117162 6.117162 
821.000000 3 2.000000 0.000001 19.999999 2.215487 -3.299470 15.794885 15.794885 
821.000000 4 2.000000 0.732047 8.911300 4.880310 -4.044109 40.172238 40.172238 
821.000000 5 2.000000 0.665015 14.574679 -6.699684 -3.055194 54.219980 54.219980 
821.000000 6 2.000000 0.149305 8.624886 1.811060 -0.598629 3.638295 3.638295 
821.000000 7 2.000000 0.000001 7.726917 10.135439 -0.977777 103.683166 103.683166 
821.000000 8 2.000000 0.000001 3.841253 2.816748 6.959967 56.375212 56.375212 
821.000000 9 2.000000 0.792499 1.351200 -0.691668 -0.214408 0.524376 0.524376 
821.000000 10 2.000000 0.318343 3.910242 3.183418 -6.660085 54.490881 54.490881 
821.000000 11 2.000000 0.816772 1.309586 3.267084 4.365283 29.729531 29.729531 
821.000000 12 2.000000 0.638412 13.872509 -2.410580 1.306619 7.518147 7.518147 
821.000000 13 2.000000 0.565774 18.031291 1.885911 2.849623 11.677010 11.677010 
821.000000 14 2.000000 0.699821 3.995369 0.933094 0.918475 1.714261 1.714261 
821.000000 15 2.000000 0.450796 8.488195 2.023593 -1.713391 7.030638 7.030638 
821.000000 16 2.000000 0.485434 15.479167 -10.291298 -2.071748 110.202948 110.202948 
821.000000 17 2.000000 0.737644 6.163874 -2.623547 7.251615 59.468918 59.468918 
821.000000 18 2.000000 0.501337 9.702901 -0.027731 1.792685 3.214488 3.214488 
821.000000 19 2.000000 0.274337 0.110916 -3.628311 -0.120249 13.179101 13.179101 
821.000000 20 2.000000 0.880927 4.662367 -0.396232 -3.805032 14.635267 14.635267 
821.000000 21 2.000000 0.906572 7.394781 3.626284 -1.511994 15.436060 15.436060 
821.000000 22 2.000000 0.500503 6.009944 -0.624370 -0.494354 0.634224 0.634224 
821.000000 23 2.000000 0.317603 7.763603 1.058672 -1.772095 4.261106 4.261106 
821.000000 24 2.000000 0.000001 11.967393 3.947115 -1.165429 16.937941 16.937941 
821.000000 25 2.000000 0.435146 19.422123 -1.734653 -1.363263 4.867507 4.867507 
821.000000 26 2.000000 0.297209 14.240815 0.849166 -2.836703 8.767969 8.767969 
821.000000 27 2.000000 0.735471 4.028529 2.451567 8.057056 70.926339 70.926339 
821.000000 28 2.000000 0.200431 13.789314 -4.547514 -2.816034 28.609936 28.609936 
821.000000 29 2.000000 0.963529 2.229652 3.211760 -4.615675 31.619851 31.619851 
821.000000 30 2.000000 0.180754 7.937862 -3.276981 -4.088860 27.457382 27.457382 
821.000000 31 2.000000 0.115656 6.913030 0.173660 -2.148284 4.645283 4.645283 
821.000000 32 2.000000 0.012983 19.185010 -2.193370 -0.426289 4.992592 4.992592 
821.000000 33 2.000000 0.330939 6.780077 6.618764 0.224570 43.858466 43.858466 
821.000000 34 2.000000 0.000001 9.064995 2.907755 -0.997781 9.450606 9.450606 
821.000000 35 2.000000 0.169233 14.478860 -4.153829 -3.280639 28.016889 28.016889 
821.000000 36 2.000000 0.003039 17.731645 0.006751 0.602414 0.362948 0.362948 
821.000000 37 2.000000 0.375008 4.104657 1.500030 -2.621516 9.122437 9.122437 
821.000000 38 2.000000 0.788870 12.033483 0.928082 1.649893 3.583482 3.583482 
821.000000 39 2.000000 0.444890 5.961535 -3.700726 2.978984 22.569721 22.569721 
821.000000 40 2.000000 0.434310 8.502818 0.868618 0.454122 0.960723 0.960723 
821.000000 41 2.000000 0.336545 12.283545 -1.658634 2.329671 8.178433 8.178433 
821.000000 42 2.000000 0.114985 18.837741 0.229968 0.261230 0.121127 0.121127 
821.000000 43 2.000000 0.700073 18.187388 -2.999261 -0.805605 9.644568 9.644568 
821.000000 44 2.000000 0.936203 6.430323 -1.275928 -0.761889 2.208466 2.208466 
821.000000 45 2.000000 0.091227 8.354974 1.824526 -5.308685 31.511033 31.511033 
821.000000 46 2.000000 0.999999 0.867517 -7.683960 -2.329797 64.471192 64.471192 
821.000000 47 2.000000 0.096983 18.559402 -2.006703 0.036634 4.028199 4.028199 
821.000000 48 2.000000 0.000001 10.272645 4.552931 -0.826298 21.411949 21.411949 
821.000000 49 2.000000 0.929975 18.001349 -1.400477 -3.997300 17.939742 17.939742 
821.000000 50 2.000000 0.224663 16.889170 -0.592005 0.545629 0.648181 0.648181 
821.000000 51 2.000000 0.214538 15.133742 4.290749 -0.498370 18.658900 18.658900 
821.000000 52 2.000000 0.351998 7.342723 2.346645 5.648248 37.409442 37.409442 
821.000000 53 2.000000 0.583093 18.041622 -8.338125 1.462939 71.664523 71.664523 
821.000000 54 2.000000 0.576631 2.908693 -8.467356 0.476258 71.922936 71.922936 
821.000000 55 2.000000 0.561297 13.685324 -0.974893 2.316182 6.315114 6.315114 
821.000000 56 2.000000 0.468403 12.890079 -1.328989 0.881128 2.542599 2.542599 
821.000000 57 2.000000 0.232820 5.934610 -7.671794 -1.897729 62.457794 62.457794 
821.000000 58 2.000000 0.825786 0.873666 2.359385 0.828455 6.253034 6.253034 
821.000000 59 2.000000 0.738336 6.703955 -0.275435 0.222848 0.125526 0.125526 
821.000000 60 2.000000 0.683005 18.706237 -3.169937 -1.522072 12.365207 12.365207 
821.000000 61 2.000000 0.350298 16.195058 -3.248506 -1.463439 12.694447 12.694447 
821.000000 62 2.000000 0.963531 2.112182 0.224625 -9.414641 88.685913 88.685913 
821.000000 63 2.000000 0.000001 7.502795 4.900737 3.408356 35.634112 35.634112 
821.000000 64 2.000000 0.511634 15.340866 2.046533 -1.554680 6.605329 6.605329 
821.000000 65 2.000000 0.287882 13.986347 5.757610 -0.834149 33.845880 33.845880 
821.000000 66 2.000000 0.347678 12.336770 -6.523205 -2.938068 51.184455 51.184455 
821.000000 67 2.000000 0.303041 16.313381 -2.323192 4.158252 22.688277 22.688277 
821.000000 68 2.000000 0.469352 17.074662 -2.122589 -3.441573 16.349806 16.349806 
821.000000 69 2.000000 0.023651 14.646441 -0.848998 2.990735 9.665293 9.665293 
821.000000 70 2.000000 0.999999 18.607394 -7.928143 4.558963 83.639606 83.639606 
821.000000 71 2.000000 0.685703 11.545523 3.428509 0.199637 11.794529 11.794529 
821.000000 72 2.000000 0.277681 6.758962 1.388402 -4.741912 24.413391 24.413391 
821.000000 73 2.000000 0.943109 4.162762 3.772433 5.238527 41.673419 41.673419 
821.000000 74 2.000000 0.529610 14.983042 -0.855253 -2.951151 9.440750 9.440750 
821.000000 75 2.000000 0.449548 4.395747 -1.572717 0.048941 2.475834 2.475834 
821.000000 76 2.000000 0.529937 9.658888 -1.374790 -3.129707 11.685111 11.685111 
821.000000 77 2.000000 0.999999 9.283368 -10.179883 -2.203456 108.485242 108.485242 
821.000000 78 2.000000 0.999999 1.883691 -4.478019 0.423301 20.231838 20.231838 
821.000000 79 2.000000 0.164514 19.386154 3.290255 1.484694 13.030091 13.030091 
821.000000 80 2.000000 0.102551 2.306637 1.025501 5.125858 27.326070 27.326070 
821.000000 81 2.000000 0.400515 17.786428 4.005138 -0.486219 16.277538 16.277538 
821.000000 82 2.000000 0.364800 15.614183 -2.540795 3.973445 22.243903 22.243903 
821.000000 83 2.000000 0.910379 11.041661 6.069189 4.865193 60.505161 60.505161 
821.000000 84 2.000000 0.217687 4.144538 1.088430 -4.731413 23.570946 23.570946 
821.000000 85 2.000000 0.559365 13.753238 2.796822 0.825625 8.503870 8.503870 
821.000000 86 2.000000 0.313815 16.221054 -6.861843 -2.393378 52.813150 52.813150 
821.000000 87 2.000000 0.574382 1.061685 2.871904 -4.875086 32.014303 32.014303 
821.000000 88 2.000000 0.038199 4.127999 0.763954 -3.033309 9.784586 9.784586 
821.000000 89 2.000000 0.480460 11.977179 -5.195394 -5.418788 56.355381 56.355381 
821.000000 90 2.000000 0.999999 7.649266 -4.185611 -3.809504 32.031659 32.031659 
821.000000 91 2.000000 0.478120 2.610019 1.366054 -3.199362 12.102018 12.102018 
821.000000 92 2.000000 0.665108 16.469023 2.660429 0.573564 7.406857 7.406857 
821.000000 93 2.000000 0.087581 11.464418 0.875797 4.022603 16.948352 16.948352 
821.000000 94 2.000000 0.117972 10.086604 2.359423 3.662056 18.977527 18.977527 
821.000000 95 2.000000 0.486126 6.268515 3.240834 2.060792 14.749872 14.749872 
821.000000 96 2.000000 0.361022 2.449855 -4.259847 -3.052199 27.462219 27.462219 
821.000000 97 2.000000 0.560184 0.671053 3.734551 2.684206 21.151836 21.151836 
821.000000 98 2.000000 0.166382 12.428241 3.327611 3.329155 22.156266 22.156266 
821.000000 99 2.000000 0.118079 8.280434 -1.306610 -2.417149 7.549836 7.549836 
821.000000 100 2.000000 0.461100 2.383269 -3.592660 -9.355810 100.438389 100.438389 
821.000000 101 2.000000 0.871971 10.643144 0.435985 2.281415 5.394938 5.394938 
821.000000 102 2.000000 0.371937 13.034286 -2.093541 -4.494008 24.579024 24.579024 
821.000000 103 2.000000 0.000001 12.009704 10.072627 4.372743 120.578688 120.578688 
821.000000 104 2.000000 0.690057 18.245761 2.601842 0.338918 6.884447 6.884447 
821.000000 105 2.000000 0.237327 10.333748 0.949302 -5.794892 34.481948 34.481948 
821.000000 106 2.000000 0.527962 10.828710 1.055923 -0.406375 1.280113 1.280113 
821.000000 107 2.000000 0.395781 6.667670 -2.014061 1.360749 5.908077 5.908077 
821.000000 108 2.000000 0.384134 19.135686 3.841329 2.371237 20.378572 20.378572 
821.000000 109 2.000000 0.981164 19.382127 1.820390 -1.651094 6.039932 6.039932 
821.000000 110 2.000000 0.437041 4.309403 -2.814791 -0.526851 8.200621 8.200621 
821.000000 111 2.000000 0.589186 2.743383 -4.108133 2.035762 21.021087 21.021087 
821.000000 112 2.000000 0.991972 0.487017 3.306571 -1.938928 14.692853 14.692853 
821.000000 113 2.000000 0.523776 5.089377 -4.762226 -1.958157 26.513170 26.513170 
821.000000 114 2.000000 0.883515 8.666160 -0.465935 -6.126399 37.749863 37.749863 
821.000000 115 2.000000 0.899878 12.581724 4.499387 -5.495018 50.439708 50.439708 
821.000000 116 2.000000 0.719686 0.809821 -1.401567 0.284147 2.045130 2.045130 
821.000000 117 2.000000 0.273581 11.843660 -2.905670 0.347912 8.563962 8.563962 
821.000000 118 2.000000 0.339635 6.855290 0.970383 -2.549659 7.442401 7.442401 
821.000000 119 2.000000 0.999999 15.379964 -6.074992 0.732771 37.442478 37.442478 
821.000000 120 2.000000 0.280399 15.728111 -1.199334 -2.589023 8.141443 8.141443 
821.000000 121 2.000000 0.000001 3.792430 6.818530 -3.065996 55.892691 55.892691 
821.000000 122 2.000000 0.758777 10.721325 2.167930 1.670653 7.491003 7.491003 
821.000000 123 2.000000 0.097173 11.485284 -0.730541 1.980186 4.454828 4.454828 
821.000000 124 2.000000 0.700840 3.111695 -1.994397 3.282022 14.749289 14.749289 
821.000000 125 2.000000 0.000001 1.870496 2.733867 3.400900 19.040151 19.040151 
821.000000 126 2.000000 0.047548 6.763486 0.135848 7.503466 56.320451 56.320451 
821.000000 127 2.000000 0.000001 6.743403 1.793234 -4.276321 21.502610 21.502610 
821.000000 128 2.000000 0.819750 7.335480 -3.604980 -4.944515 37.444109 37.444109 
821.000000 129 2.000000 0.979104 18.677737 4.895513 -3.777892 38.238514 38.238514 
821.000000 130 2.000000 0.465726 7.503595 -3.561817 -9.379373 100.659185 100.659185 
821.000000 131 2.000000 0.296475 17.008255 2.964742 -0.413917 8.961024 8.961024 
821.000000 132 2.000000 0.623414 18.915999 -1.506338 -1.141053 3.571058 3.571058 
821.000000 133 2.000000 0.255845 9.213123 -3.720769 0.037428 13.845521 13.845521 
821.000000 134 2.000000 0.291678 0.023812 -4.722138 -0.691762 22.777120 22.777120 
821.000000 135 2.000000 0.558128 17.077791 0.858657 -3.076009 10.199121 10.199121 
821.000000 136 2.000000 0.388536 10.260037 3.885349 -2.854242 23.242637 23.242637 
821.000000 137 2.000000 0.217398 15.400844 4.347930 -6.570221 62.072306 62.072306 
821.000000 138 2.000000 0.935452 5.165123 6.236340 4.695565 60.940267 60.940267 
821.000000 139 2.000000 0.148419 11.501485 2.968357 5.100668 34.827961 34.827961 
821.000000 140 2.000000 0.613211 6.732096 1.807394 -2.763120 10.901504 10.901504 
821.000000 141 2.000000 0.869246 7.969438 -2.615065 1.537871 9.203612 9.203612 
821.000000 142 2.000000 0.341291 2.706796 -2.195693 4.921445 29.041690 29.041690 
821.000000 143 2.000000 0.000001 10.547393 2.981743 -4.126588 25.919515 25.919515 
821.000000 144 2.000000 0.886343 19.771579 -2.273127 4.774583 27.963748 27.963748 
821.000000 145 2.000000 0.999999 4.687690 -8.334936 -2.211389 74.361392 74.361392 
821.000000 146 2.000000 0.896651 10.582973 1.494417 2.034610 6.372918 6.372918 
821.000000 147 2.000000 0.704749 12.795129 -5.905002 4.840319 58.297745 58.297745 
821.000000 148 2.000000 0.786634 1.926754 0.482516 1.654032 2.968643 2.968643 
821.000000 149 2.000000 0.375458 3.048659 7.509132 -3.744383 70.407472 70.407472 
821.000000 150 2.000000 0.096338 8.395563 -1.129577 2.157999 5.932903 5.932903 
821.000000 151 2.000000 0.292838 18.689411 2.928374 3.234993 19.040559 19.040559 
821.000000 152 2.000000 0.348437 18.005902 1.742181 -0.316366 3.135282 3.135282 
821.000000 153 2.000000 0.780388 13.207966 -2.196113 1.067597 5.962677 5.962677 
821.000000 154 2.000000 0.502911 4.664681 3.352730 -3.204897 21.512165 21.512165 
821.000000 155 2.000000 0.289609 15.338402 5.792165 -3.884664 48.639792 48.639792 
821.000000 156 2.000000 0.785932 19.999999 0.982413 -4.031969 17.221907 17.221907 
821.000000 157 2.000000 0.227117 8.788010 -1.104118 -3.044572 10.488496 10.488496 
821.000000 158 2.000000 0.999999 11.850293 -3.771104 0.477131 14.448878 14.448878 
821.000000 159 2.000000 0.023445 7.652584 0.468890 -2.229024 5.188406 5.188406 
821.000000 160 2.000000 0.785375 19.811439 7.853735 2.324424 67.084102 67.084102 
821.000000 161 2.000000 0.000001 14.437726 6.145461 -1.709360 40.688597 40.688597 
821.000000 162 2.000000 0.750627 8.510771 0.417015 2.706726 7.500266 7.500266 
821.000000 163 2.000000 0.622958 14.743834 -2.513604 3.029962 15.498874 15.498874 
821.000000 164 2.000000 0.065577 10.746840 -9.344216 2.531463 93.722676 93.722676 
821.000000 165 2.000000 0.158328 13.183994 0.791635 -3.829963 15.295302 15.295302 
821.000000 166 2.000000 0.903199 10.989387 -1.936008 -6.558905 46.767362 46.767362 
821.000000 167 2.000000 0.664172 7.921636 6.641714 -1.293372 45.785175 45.785175 
821.000000 168 2.000000 0.594576 15.986783 -2.702819 5.939853 42.587088 42.587088 
821.000000 169 2.000000 0.915865 13.023856 -1.682682 -2.848619 10.946046 10.946046 
821.000000 170 2.000000 0.446252 18.068134 -3.691646 -1.275836 15.256009 15.256009 
821.000000 171 2.000000 0.681275 9.970559 -0.398405 2.257187 5.253621 5.253621 
821.000000 172 2.000000 0.461099 0.240493 -0.291786 3.029904 9.265454 9.265454 
821.000000 173 2.000000 0.616116 5.936430 -0.853072 5.653742 32.692527 32.692527 
821.000000 174 2.000000 0.662711 0.000001 -3.372879 2.396763 17.120780 17.120780 
821.000000 175 2.000000 0.594938 0.256077 -0.656228 4.615104 21.729821 21.729821 
821.000000 176 2.000000 0.710553 0.119432 2.030149 -2.287048 9.352091 9.352091 
821.000000 177 2.000000 0.083727 19.801311 0.558174 0.615806 0.690776 0.690776 
821.000000 178 2.000000 0.999999 12.172513 -2.015080 -0.028578 4.061365 4.061365 
821.000000 179 2.000000 0.419764 3.605299 2.798418 -0.557860 8.142353 8.142353 
821.000000 180 2.000000 0.360450 13.742839 -3.197744 -1.449939 12.327889 12.327889 
821.000000 181 2.000000 0.477016 19.362712 -0.309708 1.357041 1.937480 1.937480 
821.000000 182 2.000000 0.205547 18.057334 4.110926 -5.550472 47.707456 47.707456 
821.000000 183 2.000000 0.136169 7.694644 2.723367 1.559987 9.850290 9.850290 
821.000000 184 2.000000 0.999999 6.886524 -2.892478 0.262822 8.435505 8.435505 
821.000000 185 2.000000 0.523594 0.544288 -4.764048 -4.399668 42.053226 42.053226 
821.000000 186 2.000000 0.800516 19.323434 0.888883 2.183378 5.557254 5.557254 
821.000000 187 2.000000 0.461153 5.492662 0.461152 0.569370 0.536843 0.536843 
821.000000 188 2.000000 0.851501 9.079484 4.257499 -0.814523 18.789741 18.789741 
821.000000 189 2.000000 0.143591 12.362061 -4.282039 6.506348 60.668415 60.668415 
821.000000 190 2.000000 0.000001 0.075422 4.445309 -1.622823 22.394329 22.394329 
821.000000 191 2.000000 0.819705 10.747588 -0.600982 2.647228 7.368994 7.368994 
821.000000 192 2.000000 0.313346 0.212739 -1.961865 -3.454792 15.784504 15.784504 
821.000000 193 2.000000 0.190288 7.081893 -3.238845 2.214170 15.392667 15.392667 
821.000000 194 2.000000 0.315807 2.620193 -2.004683 1.465486 6.166402 6.166402 
821.000000 195 2.000000 0.801622 6.628394 2.290345 -0.817774 5.914434 5.914434 
821.000000 196 2.000000 0.277736 0.513228 5.554695 5.132269 57.194816 57.194816 
821.000000 197 2.000000 0.920913 6.410320 -0.527239 0.948682 1.177978 1.177978 
821.000000 198 2.000000 0.074022 3.929079 -0.967528 3.587112 13.803485 13.803485 
821.000000 199 2.000000 0.564973 15.998033 -0.831791 -1.236461 2.220711 2.220711 
821.000000 200 2.000000 0.967093 6.564666 1.530457 -1.259807 3.929411 3.929411 
821.000000 201 2.000000 0.529204 4.228854 0.594930 1.037871 1.431119 1.431119 
821.000000 202 2.000000 0.151887 11.327474 3.037716 0.918131 10.070685 10.070685 
821.000000 203 2.000000 0.999999 11.577855 -6.386378 8.650129 115.610546 115.610546 
821.000000 204 2.000000 0.148241 13.489146 0.988265 1.614677 3.583851 3.583851 
821.000000 205 2.000000 0.977201 13.225350 3.257333 7.051785 60.337896 60.337896 
821.000000 206 2.000000 0.255675 8.449705 -2.481081 2.209666 11.038391 11.038391 
821.000000 207 2.000000 0.941441 2.500621 -0.585585 -4.460291 20.237106 20.237106 
821.000000 208 2.000000 0.731499 19.196238 2.438327 -8.037608 70.548578 70.548578 
821.000000 209 2.000000 0.838579 13.787464 3.926321 -1.637858 18.098575 18.098575 
821.000000 210 2.000000 0.862208 2.397756 -1.377906 -2.762783 9.531598 9.531598 
821.000000 211 2.000000 0.744373 17.615382 3.721860 6.665267 58.278022 58.278022 
821.000000 212 2.000000 0.000001 7.075513 6.474413 0.125543 41.933780 41.933780 
821.000000 213 2.000000 0.739693 6.865844 0.600478 -3.591415 13.258837 13.258837 
821.000000 214 2.000000 0.233274 8.965813 1.166367 -0.618331 1.742746 1.742746 
821.000000 215 2.000000 0.415597 13.405032 4.155963 -2.770302 24.946604 24.946604 
821.000000 216 2.000000 0.568973 0.000001 -1.231502 4.098126 18.311238 18.311238 
821.000000 217 2.000000 0.000001 13.361868 4.412818 -2.702556 26.776769 26.776769 
821.000000 218 2.000000 0.154034 10.189457 -2.417044 -3.158485 15.818127 15.818127 
821.000000 219 2.000000 0.818020 4.992325 2.045047 -1.824920 7.512553 7.512553 
821.000000 220 2.000000 0.685869 14.262068 -6.282597 -4.250320 57.536245 57.536245 
821.000000 221 2.000000 0.993618 6.172142 -0.127623 4.256649 18.135350 18.135350 
821.000000 222 2.000000 0.871009 1.605673 0.791825 -1.195111 2.055278 2.055278 
821.000000 223 2.000000 0.895019 19.592925 1.627306 -1.163068 4.000854 4.000854 
821.000000 224 2.000000 0.757180 12.208397 -1.214093 -2.077760 5.791109 5.791109 
821.000000 225 2.000000 0.939197 0.225328 4.695979 0.046508 22.054378 22.054378 
821.000000 226 2.000000 0.653060 7.733490 4.353727 2.649349 25.973987 25.973987 
821.000000 227 2.000000 0.314961 18.305238 -2.283460 2.365859 10.811479 10.811479 
821.000000 228 2.000000 0.339783 4.658779 1.132607 -1.002705 2.288216 2.288216 
821.000000 229 2.000000 0.546617 4.424124 2.733082 -3.992179 23.407230 23.407230 
821.000000 230 2.000000 0.498141 9.653647 -0.772090 3.064650 9.988200 9.988200 
821.000000 231 2.000000 0.480232 7.551982 -0.945032 2.882706 9.203080 9.203080 
821.000000 232 2.000000 0.877743 15.279378 8.777416 -0.083522 77.050005 77.050005 
821.000000 233 2.000000 0.185962 7.986016 3.719217 2.658175 20.898475 20.898475 
821.000000 234 2.000000 0.247564 3.565369 4.951262 -0.157444 24.539785 24.539785 
821.000000 235 2.000000 0.999999 6.370534 -3.416910 1.259510 13.261640 13.261640 
821.000000 236 2.000000 0.410661 12.830474 -3.928920 -1.581851 17.938664 17.938664 
821.000000 237 2.000000 0.000001 12.660816 4.424225 2.360983 25.148009 25.148009 
821.000000 238 2.000000 0.408078 8.261180 0.741959 0.887429 1.338033 1.338033 
821.000000 239 2.000000 0.407928 9.475615 -6.405365 -0.185843 41.063240 41.063240 
821.000000 240 2.000000 0.474311 0.251502 0.137007 -1.216239 1.498008 1.498008 
821.000000 241 2.000000 0.446758 2.240805 1.489191 0.107612 2.229271 2.229271 
821.000000 242 2.000000 0.673272 2.393800 -0.933505 0.573971 1.200873 1.200873 
821.000000 243 2.000000 0.262836 13.736662 5.256708 -0.857820 28.368830 28.368830 
821.000000 244 2.000000 0.254158 1.585155 -7.458412 2.906145 64.073590 64.073590 
821.000000 245 2.000000 0.938440 16.520644 -1.231186 0.316070 1.615719 1.615719 
821.000000 246 2.000000 0.000001 8.803269 2.383002 2.868412 13.906486 13.906486 
821.000000 247 2.000000 0.785986 12.888894 -4.280266 -0.929033 19.183777 19.183777 
821.000000 248 2.000000 0.689372 13.896285 -3.106270 1.268736 11.258603 11.258603 
821.000000 249 2.000000 0.182252 12.947479 4.522211 0.952163 21.357003 21.357003 
821.000000 250 2.000000 0.117919 10.254326 -3.528318 -2.523957 18.819387 18.819387 
821.000000 251 2.000000 0.999999 13.250767 -5.240630 -3.569235 40.203646 40.203646 
821.000000 252 2.000000 0.928237 9.829456 -1.435247 -5.562836 33.005079 33.005079 
821.000000 253 2.000000 0.031187 9.329181 -3.875250 6.433917 56.412851 56.412851 
821.000000 254 2.000000 0.835382 16.090504 4.176907 1.562990 19.889491 19.889491 
821.000000 255 2.000000 0.382346 7.388283 -4.117687 -0.739695 17.502494 17.502494 
821.000000 256 2.000000 0.144392 1.999351 -0.234413 3.998700 16.044551 16.044551 
821.000000 257 2.000000 0.464741 14.356770 -10.705154 4.594746 135.712009 135.712009 
821.000000 258 2.000000 0.275483 5.492355 -4.830106 -2.088083 27.690016 27.690016 
821.000000 259 2.000000 0.443892 12.662780 -0.675808 6.887671 47.896735 47.896735 
821.000000 260 2.000000 0.597046 4.191198 1.604501 -1.244600 4.123451 4.123451 
821.000000 261 2.000000 0.648608 19.016946 1.621519 4.262947 20.802041 20.802041 
821.000000 262 2.000000 0.692023 19.348303 -6.159514 -4.344642 56.815530 56.815530 
821.000000 263 2.000000 0.634945 12.842557 1.814125 -4.182127 20.781239 20.781239 
821.000000 264 2.000000 0.399584 4.617863 -6.004152 0.526230 36.326757 36.326757 
821.000000 265 2.000000 0.062218 9.463861 -0.745904 0.143699 0.577022 0.577022 
821.000000 266 2.000000 0.528956 1.138949 2.115820 -1.346965 6.291008 6.291008 
821.000000 267 2.000000 0.795859 10.787668 -4.082802 -0.416860 16.843047 16.843047 
821.000000 268 2.000000 0.048909 0.905886 -0.731607 -3.202007 10.788095 10.788095 
821.000000 269 2.000000 0.632497 18.855355 6.324961 0.014031 40.005326 40.005326 
821.000000 270 2.000000 0.628248 3.305453 1.396104 0.222332 1.998538 1.998538 
821.000000 271 2.000000 0.526032 11.962490 2.630153 9.569991 98.502439 98.502439 
821.000000 272 2.000000 0.002986 2.926644 -0.569722 -3.752386 14.404982 14.404982 
821.000000 273 2.000000 0.077751 10.413006 -1.317497 3.171508 11.794262 11.794262 
821.000000 274 2.000000 0.075062 13.033541 -2.312343 0.715083 5.858272 5.858272 
821.000000 275 2.000000 0.684331 14.241631 0.273732 0.846864 0.792108 0.792108 
821.000000 276 2.000000 0.749000 14.812173 -1.673324 -1.547321 5.194217 5.194217 
821.000000 277 2.000000 0.178065 17.131036 3.561273 3.436464 24.491949 24.491949 
821.000000 278 2.000000 0.335959 5.241090 0.959880 -0.108299 0.933098 0.933098 
821.000000 279 2.000000 0.037247 13.864917 -0.909756 1.469828 2.988051 2.988051 
821.000000 280 2.000000 0.273678 2.360184 -1.320584 -3.574835 14.523384 14.523384 
821.000000 281 2.000000 0.082232 15.501484 0.091368 -0.977938 0.964711 0.964711 
821.000000 282 2.000000 0.000001 5.596057 5.579771 0.240735 31.191803 31.191803 
821.000000 283 2.000000 0.509231 11.231342 -0.059229 2.160988 4.673377 4.673377 
821.000000 284 2.000000 0.588913 0.254782 2.144176 3.054235 13.925839 13.925839 
821.000000 285 2.000000 0.265102 14.056812 5.302017 6.940050 76.275679 76.275679 
821.000000 286 2.000000 0.451379 1.482444 4.513785 2.117776 24.859226 24.859226 
821.000000 287 2.000000 0.831751 3.121522 -3.364957 5.202535 38.389307 38.389307 
821.000000 288 2.000000 0.612937 19.856228 3.064678 -2.875426 17.660325 17.660325 
821.000000 289 2.000000 0.738684 17.074959 -2.613149 4.065466 23.356563 23.356563 
821.000000 290 2.000000 0.667364 5.978233 4.449088 -2.598355 26.545837 26.545837 
821.000000 291 2.000000 0.394323 7.346443 0.400154 8.174230 66.978162 66.978162 
821.000000 292 2.000000 0.791971 18.712996 0.465865 0.688462 0.691010 0.691010 
821.000000 293 2.000000 0.195261 13.891394 -4.876319 -1.051422 24.883975 24.883975 
821.000000 294 2.000000 0.910298 0.062338 -1.794028 1.246749 4.772920 4.772920 
821.000000 295 2.000000 0.000001 6.016860 2.070304 0.683988 4.753997 4.753997 
821.000000 296 2.000000 0.565756 11.259174 5.657554 1.465803 34.156496 34.156496 
821.000000 297 2.000000 0.575252 18.761722 1.278336 -0.130204 1.651096 1.651096 
821.000000 298 2.000000 0.759626 15.441484 1.267144 -1.616037 4.217231 4.217231 
821.000000 299 2.000000 0.566038 17.852188 -2.893073 1.883407 11.917092 11.917092 
821.000000 300 2.000000 0.999999 10.079994 -3.955709 -2.173804 20.373057 20.373057 
821.000000 301 2.000000 0.999999 4.836020 -5.562471 -0.401682 31.102428 31.102428 
821.000000 302 2.000000 0.397946 2.573735 1.591778 -0.506459 2.790259 2.790259 
821.000000 303 2.000000 0.843428 9.661113 2.308068 3.542357 17.875475 17.875475 
821.000000 304 2.000000 0.578062 12.188124 -0.873638 -0.819989 1.435625 1.435625 
821.000000 305 2.000000 0.438701 4.850657 -2.245191 -1.101096 6.253292 6.253292 
821.000000 306 2.000000 0.291685 18.639047 -2.833258 2.435893 13.960925 13.960925 
821.000000 307 2.000000 0.507590 2.526746 0.220691 0.871291 0.807853 0.807853 
821.000000 308 2.000000 0.785236 19.327320 2.183539 1.420210 6.784842 6.784842 
821.000000 309 2.000000 0.169702 12.962807 -2.537790 -3.038060 15.670187 15.670187 
821.000000 310 2.000000 0.808679 14.669787 3.875660 -6.190995 53.349156 53.349156 
821.000000 311 2.000000 0.999999 13.659622 -3.068702 -3.427231 21.162844 21.162844 
821.000000 312 2.000000 0.996467 15.093606 4.982331 -3.365572 36.150703 36.150703 
821.000000 313 2.000000 0.221970 18.927453 4.439375 8.364983 89.680992 89.680992 
821.000000 314 2.000000 0.628717 16.038916 1.571790 1.858221 5.923512 5.923512 
821.000000 315 2.000000 0.909736 7.479442 -0.902632 0.395028 0.970792 0.970792 
821.000000 316 2.000000 0.240850 17.978882 4.816982 -4.491371 43.375734 43.375734 
821.000000 317 2.000000 0.917921 18.363078 -1.641566 -1.925790 6.403403 6.403403 
821.000000 318 2.000000 0.164693 13.145374 -5.568704 2.469042 37.106638 37.106638 
821.000000 319 2.000000 0.493280 19.428077 4.932786 4.033146 40.598643 40.598643 
821.000000 320 2.000000 0.482829 19.761415 -2.068681 2.834493 12.313789 12.313789 
821.000000 321 2.000000 0.104651 10.687184 2.093009 -0.581364 4.718670 4.718670 
821.000000 322 2.000000 0.234307 4.422007 2.343058 -6.490830 47.620795 47.620795 
821.000000 323 2.000000 0.360860 8.139592 -3.195697 -4.364373 29.260227 29.260227 
821.000000 324 2.000000 0.427729 5.186786 -2.861349 4.149428 25.405075 25.405075 
821.000000 325 2.000000 0.695489 12.985707 -1.218042 3.455898 13.426855 13.426855 
821.000000 326 2.000000 0.378437 9.815799 -3.107812 2.427200 15.549794 15.549794 
821.000000 327 2.000000 0.096918 16.721094 -0.561413 -8.197261 67.510277 67.510277 
821.000000 328 2.000000 0.871950 14.269613 0.645888 0.656753 0.848496 0.848496 
821.000000 329 2.000000 0.204009 17.949089 -1.989974 1.060277 5.084184 5.084184 
821.000000 330 2.000000 0.873535 13.768089 3.494134 -2.739868 19.715852 19.715852 
821.000000 331 2.000000 0.193074 3.014385 0.772291 -1.194680 2.023692 2.023692 
821.000000 332 2.000000 0.441825 2.122550 -5.581740 4.309321 49.726075 49.726075 
821.000000 333 2.000000 0.563136 16.214845 -0.146948 1.318022 1.758774 1.758774 
821.000000 334 2.000000 0.267353 2.603348 1.336761 -1.924711 5.491440 5.491440 
821.000000 335 2.000000 0.372738 7.439877 -0.965018 -2.689279 8.163480 8.163480 
821.000000 336 2.000000 0.755630 9.326297 7.556288 4.430269 76.724764 76.724764 
821.000000 337 2.000000 0.565735 7.867713 5.657342 -2.084022 36.348662 36.348662 
821.000000 338 2.000000 0.149153 16.945771 -1.890769 -0.112228 3.587601 3.587601 
821.000000 339 2.000000 0.182398 4.880933 -0.642147 1.665091 3.184880 3.184880 
821.000000 340 2.000000 0.712292 19.416890 7.122906 -5.831089 84.737385 84.737385 
821.000000 341 2.000000 0.476522 13.142456 -0.227599 -1.284465 1.701653 1.701653 
821.000000 342 2.000000 0.551073 18.260808 -0.092353 -6.956763 48.405078 48.405078 
821.000000 343 2.000000 0.473002 14.449408 -3.513312 1.860250 15.803890 15.803890 
821.000000 344 2.000000 0.575767 9.830214 -0.942738 6.338135 41.060709 41.060709 
821.000000 345 2.000000 0.121777 14.736539 -0.757464 4.733211 22.977037 22.977037 
821.000000 346 2.000000 0.999999 17.418132 -3.385672 -3.442489 23.313504 23.313504 
821.000000 347 2.000000 0.940760 7.546647 4.703796 1.277106 23.756694 23.756694 
821.000000 348 2.000000 0.764778 2.646197 -4.704424 0.867605 22.884341 22.884341 
821.000000 349 2.000000 0.532468 11.799674 3.549777 4.719869 34.878085 34.878085 
821.000000 350 2.000000 0.999999 2.935157 -5.425764 -3.863946 44.368991 44.368991 
821.000000 351 2.000000 0.862592 9.702955 0.260801 0.584943 0.410176 0.410176 
821.000000 352 2.000000 0.598517 11.239116 -4.014820 4.297907 34.590786 34.590786 
821.000000 353 2.000000 0.361527 9.744238 -6.384716 -0.932637 41.634405 41.634405 
821.000000 354 2.000000 0.743280 11.973883 -1.026877 -0.276186 1.130755 1.130755 
821.000000 355 2.000000 0.202349 0.722443 4.046956 -0.917719 17.220060 17.220060 
821.000000 356 2.000000 0.999999 17.233806 -3.734824 2.282831 19.160230 19.160230 
821.000000 357 2.000000 0.761698 12.362275 -0.953204 1.806466 4.171918 4.171918 
821.000000 358 2.000000 0.601053 3.015377 -1.139846 -4.442758 21.037345 21.037345 
821.000000 359 2.000000 0.999999 10.467188 -6.681970 3.221449 55.026459 55.026459 
821.000000 360 2.000000 0.999999 9.552234 -5.014060 -0.741827 25.691105 25.691105 
821.000000 361 2.000000 0.230976 0.308845 -3.740881 -6.672222 58.512740 58.512740 
821.000000 362 2.000000 0.416232 1.081259 -1.667905 -3.120124 12.517078 12.517078 
821.000000 363 2.000000 0.734022 7.444267 -5.319531 -3.865434 43.238987 43.238987 
821.000000 364 2.000000 0.259690 12.421629 2.596893 -1.433666 8.799253 8.799253 
821.000000 365 2.000000 0.149529 5.278105 1.495282 7.040384 51.802874 51.802874 
821.000000 366 2.000000 0.535675 16.902362 -0.928648 0.439295 1.055367 1.055367 
821.000000 367 2.000000 0.043692 10.821946 0.436909 -2.150707 4.816430 4.816430 
821.000000 368 2.000000 0.769714 5.432835 0.905545 -3.102911 10.448070 10.448070 
821.000000 369 2.000000 0.728664 1.170540 -5.426695 1.463173 31.589894 31.589894 
821.000000 370 2.000000 0.553252 6.766982 -2.935851 -5.230152 35.973716 35.973716 
821.000000 371 2.000000 0.999999 16.767426 -0.414477 1.005815 1.183456 1.183456 
821.000000 372 2.000000 0.999999 13.330084 -3.522780 0.942948 13.299131 13.299131 
821.000000 373 2.000000 0.304115 14.592694 0.506857 -3.379566 11.678369 11.678369 
821.000000 374 2.000000 0.531405 2.045408 3.542694 0.705313 13.048145 13.048145 
821.000000 375 2.000000 0.833182 4.866144 -3.336335 0.059850 11.134714 11.134714 
821.000000 376 2.000000 0.783433 15.587476 -0.288754 -1.961121 3.929375 3.929375 
821.000000 377 2.000000 0.356657 16.544131 3.566559 -0.478826 12.949618 12.949618 
821.000000 378 2.000000 0.000001 5.974821 2.932987 0.763968 9.186061 9.186061 
821.000000 379 2.000000 0.999999 15.490822 -6.874983 -3.860258 62.166987 62.166987 
821.000000 380 2.000000 0.064027 13.829091 1.280522 -1.075834 2.797156 2.797156 
821.000000 381 2.000000 0.999999 1.075571 -5.594948 1.054084 32.414542 32.414542 
821.000000 382 2.000000 0.512976 14.429580 1.709918 -2.370391 8.542572 8.542572 
821.000000 383 2.000000 0.000001 3.427818 6.291809 0.760575 40.165333 40.165333 
821.000000 384 2.000000 0.051875 4.461318 1.037472 -11.341195 129.699052 129.699052 
821.000000 385 2.000000 0.393624 1.210294 -3.031875 -10.162416 112.466959 112.466959 
821.000000 386 2.000000 0.278818 18.329459 -3.605906 3.739693 26.987864 26.987864 
821.000000 387 2.000000 0.233262 5.023336 2.332609 7.728208 65.166267 65.166267 
821.000000 388 2.000000 0.224824 6.315592 -7.751746 -5.481396 90.135272 90.135272 
821.000000 389 2.000000 0.166348 9.930800 3.326936 1.951214 14.875734 14.875734 
821.000000 390 2.000000 0.099457 14.029038 -2.864760 1.953046 12.021237 12.021237 
821.000000 391 2.000000 0.385552 11.446659 2.570341 -1.210369 8.071647 8.071647 
821.000000 392 2.000000 0.185923 4.601794 -2.713586 -1.667870 10.145338 10.145338 
821.000000 393 2.000000 0.460077 6.976356 -3.599483 3.570013 25.701270 25.701270 
821.000000 394 2.000000 0.238918 13.163369 0.955667 4.178847 18.376061 18.376061 
821.000000 395 2.000000 0.999999 16.563860 -6.244948 0.622514 39.386898 39.386898 
821.000000 396 2.000000 0.018108 11.367852 -0.990120 -4.748932 23.532695 23.532695 
821.000000 397 2.000000 0.760167 8.538428 2.979807 -0.721686 9.400079 9.400079 
821.000000 398 2.000000 0.469401 11.719012 -1.243105 -2.445984 7.528150 7.528150 
821.000000 399 2.000000 0.762527 15.449015 -4.635450 0.997819 22.483035 22.483035 
821.000000 400 2.000000 0.784044 0.169368 3.136172 1.693667 12.704083 12.704083 
821.000000 401 2.000000 0.671150 10.338543 -6.576983 -3.262278 53.899164 53.899164 
821.000000 402 2.000000 0.999999 4.436475 -2.410927 -2.700854 13.107181 13.107181 
821.000000 403 2.000000 0.000001 15.298838 1.324379 -4.608711 22.994201 22.994201 
821.000000 404 2.000000 0.207916 3.387840 -7.920826 5.646398 94.621294 94.621294 
821.000000 405 2.000000 0.547233 15.387536 -2.263828 1.062829 6.254524 6.254524 
821.000000 406 2.000000 0.365569 9.093259 7.311365 -7.521890 110.034889 110.034889 
821.000000 407 2.000000 0.326325 2.693259 -0.187660 -5.630108 31.733333 31.733333 
821.000000 408 2.000000 0.159767 10.853751 -1.336929 4.429014 21.403542 21.403542 
821.000000 409 2.000000 0.000001 17.108900 10.570444 -2.312879 117.083700 117.083700 
821.000000 410 2.000000 0.000001 16.122787 4.734272 0.073553 22.418742 22.418742 
821.000000 411 2.000000 0.486394 1.594269 9.727856 -2.566385 101.217514 101.217514 
821.000000 412 2.000000 0.250213 3.785259 2.522193 5.796308 39.958642 39.958642 
821.000000 413 2.000000 0.349016 14.248729 -1.859950 4.942273 27.885474 27.885474 
821.000000 414 2.000000 0.037514 3.051086 -1.013142 3.589512 13.911052 13.911052 
821.000000 415 2.000000 0.726348 10.574308 4.842312 0.950952 24.352296 24.352296 
821.000000 416 2.000000 0.398551 16.511017 2.657003 -3.667482 20.510089 20.510089 
821.000000 417 2.000000 0.640830 5.019613 4.272191 -1.933726 21.990914 21.990914 
821.000000 418 2.000000 0.553440 17.938659 -4.465586 -2.066585 24.212232 24.212232 
821.000000 419 2.000000 0.713393 6.513877 -1.910705 0.864242 4.397708 4.397708 
821.000000 420 2.000000 0.809101 1.628009 0.299667 0.692770 0.569730 0.569730 
821.000000 421 2.000000 0.726969 9.874956 2.423228 0.712392 6.379536 6.379536 
821.000000 422 2.000000 0.272646 11.034098 1.817635 -0.094597 3.312747 3.312747 
821.000000 423 2.000000 0.467009 8.487255 -1.355368 2.181916 6.597780 6.597780 
821.000000 424 2.000000 0.611618 15.452668 1.747477 -0.627832 3.447850 3.447850 
821.000000 425 2.000000 0.660186 10.025844 -3.398129 1.316811 13.281273 13.281273 
821.000000 426 2.000000 0.601842 18.944178 -7.963140 -0.725703 63.938249 63.938249 
821.000000 427 2.000000 0.189866 18.034613 3.797306 -5.177358 41.224569 41.224569 
821.000000 428 2.000000 0.353903 16.459888 3.539016 -0.956051 13.438667 13.438667 
821.000000 429 2.000000 0.340488 4.086566 -0.471079 -2.344694 5.719508 5.719508 
821.000000 430 2.000000 0.999999 7.507343 -2.571256 -1.308634 8.323883 8.323883 
821.000000 431 2.000000 0.851300 1.559610 -2.973983 -4.242813 26.846039 26.846039 
821.000000 432 2.000000 0.822274 16.771371 -3.554503 7.027641 62.022224 62.022224 
821.000000 433 2.000000 0.615769 13.863961 4.105123 4.200557 34.496715 34.496715 
821.000000 434 2.000000 0.999999 18.749245 -5.068501 3.871202 40.675905 40.675905 
821.000000 435 2.000000 0.334175 16.630436 -0.434816 2.711776 7.542791 7.542791 
821.000000 436 2.000000 0.135065 4.399757 2.701282 -2.751985 14.870349 14.870349 
821.000000 437 2.000000 0.326345 8.520527 3.263442 7.397551 65.373823 65.373823 
821.000000 438 2.000000 0.000001 4.487259 6.846122 2.557459 53.409987 53.409987 
821.000000 439 2.000000 0.000001 8.997470 5.586405 1.337465 32.996730 32.996730 
821.000000 440 2.000000 0.392006 1.023836 0.237579 -1.942665 3.830390 3.830390 
821.000000 441 2.000000 0.999999 9.026540 -4.296300 0.384022 18.605669 18.605669 
821.000000 442 2.000000 0.000001 11.927388 2.694763 -3.669369 20.726012 20.726012 
821.000000 443 2.000000 0.742163 18.664793 -2.578361 -1.259944 8.235407 8.235407 
821.000000 444 2.000000 0.000001 18.019667 7.311067 -2.309973 58.787675 58.787675 
821.000000 445 2.000000 0.566025 6.097614 1.257831 -8.688991 77.080698 77.080698 
821.000000 446 2.000000 0.314475 16.445427 -2.285079 -1.008684 6.239031 6.239031 
821.000000 447 2.000000 0.356241 5.976688 3.562401 0.676605 13.148496 13.148496 
821.000000 448 2.000000 0.999999 7.727816 -1.715316 -4.545253 23.601633 23.601633 
821.000000 449 2.000000 0.255385 9.474663 5.107684 3.374144 37.473291 37.473291 
821.000000 450 2.000000 0.828229 10.807210 -1.717700 -0.304161 3.043009 3.043009 
821.000000 451 2.000000 0.063549 6.808537 -3.121501 0.854628 10.474154 10.474154 
821.000000 452 2.000000 0.000001 4.706065 2.078327 -4.927699 28.601666 28.601666 
821.000000 453 2.000000 0.536124 10.043319 1.191383 -4.525764 21.901932 21.901932 
821.000000 454 2.000000 0.629142 19.089586 -2.472381 -1.820825 9.428070 9.428070 
821.000000 455 2.000000 0.652586 19.790926 -0.631659 -4.181463 17.883630 17.883630 
821.000000 456 2.000000 0.139411 8.360517 -0.869455 -0.209317 0.799765 0.799765 
821.000000 457 2.000000 0.607332 8.539142 -2.617780 -3.277860 17.597141 17.597141 
821.000000 458 2.000000 0.515583 19.973441 -4.844156 0.536481 23.753656 23.753656 
821.000000 459 2.000000 0.372946 5.480805 -3.135263 -3.366707 21.164586 21.164586 
821.000000 460 2.000000 0.999999 16.052558 -2.030483 1.737393 7.141394 7.141394 
821.000000 461 2.000000 0.874253 17.423126 1.457086 1.808785 5.394804 5.394804 
821.000000 462 2.000000 0.585547 13.362804 -4.144520 2.936326 25.799055 25.799055 
821.000000 463 2.000000 0.628493 9.166938 1.571231 0.298663 2.557967 2.557967 
821.000000 464 2.000000 0.036537 7.995982 -3.211540 2.188568 15.103822 15.103822 
821.000000 465 2.000000 0.384411 5.116722 3.844095 -1.208625 16.237843 16.237843 
821.000000 466 2.000000 0.679210 11.384595 1.940596 -2.097467 8.165284 8.165284 
821.000000 467 2.000000 0.704758 7.284341 -2.952408 -2.369487 14.331182 14.331182 
821.000000 468 2.000000 0.680138 7.361787 -3.198612 1.253190 11.801601 11.801601 
821.000000 469 2.000000 0.446315 0.834425 -0.540050 -3.219196 10.654879 10.654879 
821.000000 470 2.000000 0.677469 16.265938 -1.612649 -2.987249 11.524290 11.524290 
821.000000 471 2.000000 0.794230 16.674120 2.269226 -2.095332 9.539805 9.539805 
821.000000 472 2.000000 0.132761 12.708855 -5.781589 -2.859272 41.602205 41.602205 
821.000000 473 2.000000 0.000001 18.103107 2.608265 -0.534428 7.088659 7.088659 
821.000000 474 2.000000 0.491245 0.257673 4.646323 2.453552 27.608238 27.608238 
821.000000 475 2.000000 0.175948 7.815864 3.518941 -4.869348 36.093501 36.093501 
821.000000 476 2.000000 0.330767 9.773783 -3.346160 -2.667606 18.312912 18.312912 
821.000000 477 2.000000 0.724198 14.047992 3.620983 2.323636 18.510799 18.510799 
821.000000 478 2.000000 0.232434 12.662464 4.648666 -2.056176 25.837958 25.837958 
821.000000 479 2.000000 0.962730 14.573961 -0.745370 1.324829 2.310749 2.310749 
821.000000 480 2.000000 0.827348 9.817062 4.136735 10.907846 136.093684 136.093684 
821.000000 481 2.000000 0.884647 13.286146 0.491470 1.528676 2.578394 2.578394 
821.000000 482 2.000000 0.014213 0.316789 -3.943144 -4.484121 35.655727 35.655727 
821.000000 483 2.000000 0.845602 11.439232 2.416004 0.627425 6.230737 6.230737 
821.000000 484 2.000000 0.000001 3.111100 6.126977 3.288343 48.353052 48.353052 
821.000000 485 2.000000 0.154078 3.537758 -5.639471 -4.795606 54.801466 54.801466 
821.000000 486 2.000000 0.812313 7.179959 -1.251243 1.431516 3.614846 3.614846 
821.000000 487 2.000000 0.000001 13.427504 4.508251 -2.767919 27.985704 27.985704 
821.000000 488 2.000000 0.591066 7.557030 -2.726218 -1.185057 8.836624 8.836624 
821.000000 489 2.000000 0.074458 17.722282 -1.851082 -0.725487 3.952836 3.952836 
821.000000 490 2.000000 0.000001 9.894332 6.370156 -1.629620 43.234545 43.234545 
821.000000 491 2.000000 0.125424 11.713998 -5.830499 6.096182 71.158159 71.158159 
821.000000 492 2.000000 0.640553 10.791701 -0.409664 0.004397 0.167844 0.167844 
821.000000 493 2.000000 0.878276 9.545560 4.391373 8.132192 85.416708 85.416708 
821.000000 494 2.000000 0.156415 12.809709 0.782070 -4.484472 20.722118 20.722118 
821.000000 495 2.000000 0.864573 2.273969 -1.354258 3.875779 16.855679 16.855679 
821.000000 496 2.000000 0.999999 1.954744 -1.053874 3.229043 11.537366 11.537366 
821.000000 497 2.000000 0.276838 13.890835 -2.892644 1.827000 11.705320 11.705320 
821.000000 498 2.000000 0.311086 7.400770 3.110847 1.857402 13.127308 13.127308 
821.000000 499 2.000000 0.964708 16.601606 -0.510960 1.761922 3.365450 3.365450 
821.000000 500 2.000000 0.847991 13.714921 4.239952 -0.576226 18.309233 18.309233 
