925.500000 1 2.000000 0.254896 14.302474 -1.354733 3.593133 14.745908 14.745908 
925.500000 2 2.000000 0.192213 15.824267 -5.385243 -2.456313 35.034314 35.034314 
925.500000 3 2.000000 0.273769 12.639757 -1.001972 1.863417 4.476269 4.476269 
925.500000 4 2.000000 0.668271 1.614651 3.341350 -1.077565 12.325767 12.325767 
925.500000 5 2.000000 0.493098 17.565430 -2.588399 2.803871 14.561499 14.561499 
925.500000 6 2.000000 0.315394 1.035069 3.153928 6.900452 57.563501 57.563501 
925.500000 7 2.000000 0.745757 7.166312 1.657236 2.778866 10.468526 10.468526 
925.500000 8 2.000000 0.388224 13.532659 7.764460 -1.126359 61.555528 61.555528 
925.500000 9 2.000000 0.298986 19.999999 -3.505067 -7.837878 73.717821 73.717821 
925.500000 10 2.000000 0.276292 10.921553 -2.894828 1.048423 9.479220 9.479220 
925.500000 11 2.000000 0.657291 6.357606 -2.284721 0.107439 5.231494 5.231494 
925.500000 12 2.000000 0.188595 14.532711 -4.057019 -3.770543 30.676400 30.676400 
925.500000 13 2.000000 0.338763 17.983085 -0.151337 -1.897693 3.624141 3.624141 
925.500000 14 2.000000 0.816757 8.426295 -3.664836 -4.761436 36.102298 36.102298 
925.500000 15 2.000000 0.242667 9.581584 -7.573316 -0.645690 57.772032 57.772032 
925.500000 16 2.000000 0.342126 0.175292 6.842502 3.505811 59.110536 59.110536 
925.500000 17 2.000000 0.537599 8.960080 1.194661 -4.205219 19.111086 19.111086 
925.500000 18 2.000000 0.000001 3.835675 3.038982 3.256140 19.837857 19.837857 
925.500000 19 2.000000 0.665311 15.712062 4.435401 -2.957198 28.417804 28.417804 
925.500000 20 2.000000 0.622212 3.094930 0.757007 -1.079769 1.738961 1.738961 
925.500000 21 2.000000 0.543194 15.656888 -3.045364 0.491968 9.516276 9.516276 
925.500000 22 2.000000 0.000001 17.194390 4.519995 1.659532 23.184406 23.184406 
925.500000 23 2.000000 0.602889 8.681401 -3.971103 8.268000 84.129480 84.129480 
925.500000 24 2.000000 0.834905 8.860267 -1.249610 1.102483 2.776993 2.776993 
925.500000 25 2.000000 0.684234 19.368027 -6.315309 0.005216 39.883150 39.883150 
925.500000 26 2.000000 0.680292 17.713009 -0.028084 2.085865 4.351621 4.351621 
925.500000 27 2.000000 0.999999 0.528779 -0.768403 3.525189 13.017398 13.017398 
925.500000 28 2.000000 0.000001 9.341913 1.525849 5.661765 34.383796 34.383796 
925.500000 29 2.000000 0.476909 15.667559 4.769081 0.890541 23.537196 23.537196 
925.500000 30 2.000000 0.999999 14.237307 -1.422368 -4.432840 21.673204 21.673204 
925.500000 31 2.000000 0.242884 19.519467 1.214414 -9.610637 93.839154 93.839154 
925.500000 32 2.000000 0.648182 11.391055 4.321209 -1.709824 21.596343 21.596343 
925.500000 33 2.000000 0.582522 7.601543 1.323958 -2.714129 9.119360 9.119360 
925.500000 34 2.000000 0.701407 14.499758 -5.971836 -1.643780 38.364843 38.364843 
925.500000 35 2.000000 0.697039 1.956856 -6.059203 -3.935870 52.205015 52.205015 
925.500000 36 2.000000 0.537689 9.437865 -3.082067 -2.736432 16.987199 16.987199 
925.500000 37 2.000000 0.999999 13.697935 -3.344715 -0.819116 11.858070 11.858070 
925.500000 38 2.000000 0.999999 19.366802 -2.832726 5.197348 35.036760 35.036760 
925.500000 39 2.000000 0.617049 4.517950 -2.553001 0.067709 6.522398 6.522398 
925.500000 40 2.000000 0.414751 7.638001 -3.901652 -3.595392 28.149728 28.149728 
925.500000 41 2.000000 0.146499 4.128287 -0.948334 -5.614946 32.426956 32.426956 
925.500000 42 2.000000 0.598997 19.219482 -0.004418 -3.122066 9.747316 9.747316 
925.500000 43 2.000000 0.562816 15.789846 -0.971517 6.865150 48.074131 48.074131 
925.500000 44 2.000000 0.256045 16.658441 -3.719771 4.132976 30.918192 30.918192 
925.500000 45 2.000000 0.823830 1.310379 -1.761694 -1.227803 4.611066 4.611066 
925.500000 46 2.000000 0.999999 13.104859 -3.606897 1.060688 14.134763 14.134763 
925.500000 47 2.000000 0.914688 5.365890 -1.706211 2.682945 10.109348 10.109348 
925.500000 48 2.000000 0.413920 17.442875 -1.953598 -1.345854 5.627869 5.627869 
925.500000 49 2.000000 0.999999 19.047320 -2.893268 2.539643 14.820786 14.820786 
925.500000 50 2.000000 0.020550 3.065319 -5.182552 7.146152 77.926339 77.926339 
925.500000 51 2.000000 0.243158 10.473326 0.694735 0.903483 1.298938 1.298938 
925.500000 52 2.000000 0.324011 14.289431 -0.346765 1.369665 1.996228 1.996228 
925.500000 53 2.000000 0.149633 8.860008 -0.280084 -3.196195 10.294107 10.294107 
925.500000 54 2.000000 0.061004 12.214951 -1.707264 1.859165 6.371245 6.371245 
925.500000 55 2.000000 0.999999 1.117598 -1.640432 1.558996 5.121484 5.121484 
925.500000 56 2.000000 0.916461 1.779712 2.618457 2.093777 11.240221 11.240221 
925.500000 57 2.000000 0.460896 4.425390 1.316842 -5.711042 34.350070 34.350070 
925.500000 58 2.000000 0.667303 16.599057 1.906577 0.533879 3.920063 3.920063 
925.500000 59 2.000000 0.154618 7.046117 -2.817936 -5.397451 37.073237 37.073237 
925.500000 60 2.000000 0.428598 13.878773 1.714388 1.186979 4.348044 4.348044 
925.500000 61 2.000000 0.000001 8.562848 5.478041 -2.063920 34.268696 34.268696 
925.500000 62 2.000000 0.000001 3.951637 5.564051 -3.795964 45.368011 45.368011 
925.500000 63 2.000000 0.177173 12.481283 0.442929 -9.398395 88.526024 88.526024 
925.500000 64 2.000000 0.603234 19.504812 6.032334 2.131898 40.934040 40.934040 
925.500000 65 2.000000 0.999999 12.942049 -2.112226 -1.052200 5.568624 5.568624 
925.500000 66 2.000000 0.038708 12.417910 -4.806455 -2.901486 31.520632 31.520632 
925.500000 67 2.000000 0.000001 14.795336 3.045107 -5.478593 39.287660 39.287660 
925.500000 68 2.000000 0.677474 4.820703 2.323691 3.872404 20.395055 20.395055 
925.500000 69 2.000000 0.744302 11.700756 0.031471 3.719630 13.836636 13.836636 
925.500000 70 2.000000 0.866671 6.857309 -0.666638 4.698158 22.517093 22.517093 
925.500000 71 2.000000 0.991055 4.938690 1.165946 -1.219259 2.846022 2.846022 
925.500000 72 2.000000 0.851520 11.972577 2.432912 -2.129444 10.453593 10.453593 
925.500000 73 2.000000 0.487837 17.913091 -0.465602 -2.318786 5.593555 5.593555 
925.500000 74 2.000000 0.589691 5.850453 -1.641232 -1.127170 3.964156 3.964156 
925.500000 75 2.000000 0.423557 11.449488 -2.305769 9.159590 89.214659 89.214659 
925.500000 76 2.000000 0.546865 18.032510 -9.062679 2.813559 90.048267 90.048267 
925.500000 77 2.000000 0.536511 14.349965 -4.634881 -1.359027 23.329076 23.329076 
925.500000 78 2.000000 0.797629 15.784645 3.190511 0.085612 10.186692 10.186692 
925.500000 79 2.000000 0.541863 2.997795 -3.016281 0.720256 9.616718 9.616718 
925.500000 80 2.000000 0.000001 3.807351 5.022193 -4.310934 43.806578 43.806578 
925.500000 81 2.000000 0.267201 3.041216 0.668000 -6.281031 39.897572 39.897572 
925.500000 82 2.000000 0.000001 3.365940 6.290901 2.243959 44.610792 44.610792 
925.500000 83 2.000000 0.000001 14.637894 3.811475 -3.054693 23.858490 23.858490 
925.500000 84 2.000000 0.946870 6.760239 4.734345 -3.492784 34.613563 34.613563 
925.500000 85 2.000000 0.641405 10.747316 -0.445915 0.377766 0.341547 0.341547 
925.500000 86 2.000000 0.233576 6.046517 -2.189781 -3.354653 16.048835 16.048835 
925.500000 87 2.000000 0.344865 6.290418 3.448637 -4.689376 33.883341 33.883341 
925.500000 88 2.000000 0.016817 13.170615 -2.809091 -1.325554 9.648088 9.648088 
925.500000 89 2.000000 0.938908 19.174877 1.341295 -0.970732 2.741393 2.741393 
925.500000 90 2.000000 0.331618 5.811839 3.316171 -2.441158 16.956246 16.956246 
925.500000 91 2.000000 0.643748 13.863793 4.291643 6.116409 55.828664 55.828664 
925.500000 92 2.000000 0.976108 10.288019 1.952213 -2.660816 10.891079 10.891079 
925.500000 93 2.000000 0.999999 6.702100 -1.452555 2.085448 6.459007 6.459007 
925.500000 94 2.000000 0.649525 8.215958 -3.504739 -4.470212 32.265992 32.265992 
925.500000 95 2.000000 0.439949 9.388957 1.924408 -2.221447 8.638174 8.638174 
925.500000 96 2.000000 0.147429 19.598835 -0.459160 -4.011642 16.304096 16.304096 
925.500000 97 2.000000 0.705292 5.631432 -5.894130 -1.831558 38.095374 38.095374 
925.500000 98 2.000000 0.710246 3.043813 0.150792 -1.809758 3.297960 3.297960 
925.500000 99 2.000000 0.999999 11.054117 -6.925662 -0.983905 48.932860 48.932860 
925.500000 100 2.000000 0.999999 8.314647 -4.407387 5.734239 52.306554 52.306554 
925.500000 101 2.000000 0.705951 4.275663 -2.940476 -1.595340 11.191507 11.191507 
925.500000 102 2.000000 0.999999 8.042615 -3.032587 5.481440 39.242773 39.242773 
925.500000 103 2.000000 0.301606 17.291427 -2.793573 -0.051459 7.806698 7.806698 
925.500000 104 2.000000 0.231530 19.786431 0.167912 7.808862 61.006515 61.006515 
925.500000 105 2.000000 0.592933 10.521015 -4.070664 0.189407 16.606183 16.606183 
925.500000 106 2.000000 0.999999 4.668916 -0.974575 3.012203 10.023164 10.023164 
925.500000 107 2.000000 0.722356 15.137692 -1.850956 -2.755909 11.021073 11.021073 
925.500000 108 2.000000 0.097082 5.000994 -3.611668 0.056557 13.047344 13.047344 
925.500000 109 2.000000 0.124707 15.262936 -2.917641 -0.788562 9.134461 9.134461 
925.500000 110 2.000000 0.999999 19.999999 -9.801392 -2.362811 101.650153 101.650153 
925.500000 111 2.000000 0.947219 0.878959 1.676813 -1.944511 6.592826 6.592826 
925.500000 112 2.000000 0.285714 9.199066 0.272107 2.666396 7.183709 7.183709 
925.500000 113 2.000000 0.895762 10.893019 1.194347 -2.992328 10.380490 10.380490 
925.500000 114 2.000000 0.839369 14.895941 4.196841 0.132032 17.630905 17.630905 
925.500000 115 2.000000 0.791853 17.556251 -0.900266 -5.026249 26.073654 26.073654 
925.500000 116 2.000000 0.603847 2.783758 -0.584712 2.038848 4.498789 4.498789 
925.500000 117 2.000000 0.512524 15.257972 -4.874746 3.809963 38.278968 38.278968 
925.500000 118 2.000000 0.628002 10.140362 -0.111721 -0.117482 0.026283 0.026283 
925.500000 119 2.000000 0.971857 2.648758 -0.080406 -2.827421 8.000774 8.000774 
925.500000 120 2.000000 0.849487 8.069213 2.831619 -8.228128 75.720162 75.720162 
925.500000 121 2.000000 0.000001 7.647984 0.467436 1.909217 3.863606 3.863606 
925.500000 122 2.000000 0.229446 12.458569 -2.568511 5.789783 40.118831 40.118831 
925.500000 123 2.000000 0.999999 9.847150 -0.452900 -2.778010 7.922458 7.922458 
925.500000 124 2.000000 0.452828 8.660621 -0.729561 3.279372 11.286537 11.286537 
925.500000 125 2.000000 0.750704 14.016350 6.021270 -3.025844 45.411421 45.411421 
925.500000 126 2.000000 0.299130 17.611860 -7.008688 1.521693 51.437258 51.437258 
925.500000 127 2.000000 0.829195 0.548809 -1.138691 1.372020 3.179054 3.179054 
925.500000 128 2.000000 0.549806 5.142499 -3.001286 -0.057816 9.011058 9.011058 
925.500000 129 2.000000 0.581304 19.327562 -0.669571 3.216025 10.791141 10.791141 
925.500000 130 2.000000 0.177097 0.230925 3.541925 -6.936517 60.660501 60.660501 
925.500000 131 2.000000 0.000001 5.486833 1.762992 -3.378194 14.520336 14.520336 
925.500000 132 2.000000 0.290452 16.429928 -2.365155 -2.549355 12.093171 12.093171 
925.500000 133 2.000000 0.192817 5.969717 -1.614365 1.571405 5.075488 5.075488 
925.500000 134 2.000000 0.000001 4.100291 6.047829 -7.227140 88.807789 88.807789 
925.500000 135 2.000000 0.422945 11.523090 -3.847029 -1.787365 17.994303 17.994303 
925.500000 136 2.000000 0.879529 13.362655 0.652217 -1.023607 1.473159 1.473159 
925.500000 137 2.000000 0.584315 15.668703 -1.981452 2.604237 10.708204 10.708204 
925.500000 138 2.000000 0.900034 16.289658 -0.111073 7.435260 55.295426 55.295426 
925.500000 139 2.000000 0.631779 0.578315 0.549372 5.783139 33.746512 33.746512 
925.500000 140 2.000000 0.131671 4.911543 -1.578777 0.794400 3.123609 3.123609 
925.500000 141 2.000000 0.000001 18.373848 6.040764 -2.947567 45.178980 45.178980 
925.500000 142 2.000000 0.168877 14.166221 -2.374634 0.093235 5.647581 5.647581 
925.500000 143 2.000000 0.210850 12.421841 4.216972 1.474027 19.955608 19.955608 
925.500000 144 2.000000 0.563582 13.398820 -2.182085 -8.801572 82.229172 82.229172 
925.500000 145 2.000000 0.000001 17.607227 5.386337 1.478584 31.198840 31.198840 
925.500000 146 2.000000 0.714967 12.146045 1.384780 6.219414 40.598721 40.598721 
925.500000 147 2.000000 0.999999 1.413992 -1.495327 7.728227 61.961495 61.961495 
925.500000 148 2.000000 0.000001 12.187744 7.575826 0.315798 57.492867 57.492867 
925.500000 149 2.000000 0.002430 19.320973 -1.639828 0.480314 2.919738 2.919738 
925.500000 150 2.000000 0.343318 13.796079 0.762927 1.088314 1.766485 1.766485 
925.500000 151 2.000000 0.423986 12.118088 1.413284 2.996705 10.977611 10.977611 
925.500000 152 2.000000 0.614533 6.943954 2.048439 1.739756 7.222853 7.222853 
925.500000 153 2.000000 0.297503 14.962858 -2.007133 -4.029713 20.267166 20.267166 
925.500000 154 2.000000 0.711407 7.686253 -2.885921 -7.109075 58.867490 58.867490 
925.500000 155 2.000000 0.999999 0.801347 -10.985845 -0.271160 120.762309 120.762309 
925.500000 156 2.000000 0.055527 8.136116 -0.699609 -0.960619 1.412241 1.412241 
925.500000 157 2.000000 0.933681 2.118079 -1.326362 3.258582 12.377590 12.377590 
925.500000 158 2.000000 0.480682 3.379608 0.600851 -1.727096 3.343882 3.343882 
925.500000 159 2.000000 0.146273 4.533926 2.925440 -3.682398 22.118259 22.118259 
925.500000 160 2.000000 0.999999 5.108765 -2.467925 -3.779064 20.371977 20.371977 
925.500000 161 2.000000 0.606495 17.196918 -3.002573 0.598606 9.373774 9.373774 
925.500000 162 2.000000 0.999999 0.881712 -4.941400 -2.437073 30.356762 30.356762 
925.500000 163 2.000000 0.425033 15.343295 -0.029333 -3.104470 9.638592 9.638592 
925.500000 164 2.000000 0.000001 0.808107 6.645046 -3.511898 56.490058 56.490058 
925.500000 165 2.000000 0.170771 10.699077 3.415407 -3.054410 20.994425 20.994425 
925.500000 166 2.000000 0.702999 1.575003 0.739998 0.277261 0.624471 0.624471 
925.500000 167 2.000000 0.612385 11.065367 1.018326 0.529966 1.317853 1.317853 
925.500000 168 2.000000 0.771150 2.066641 -2.288486 1.953769 9.054380 9.054380 
925.500000 169 2.000000 0.195676 19.617001 3.913506 1.957796 19.148494 19.148494 
925.500000 170 2.000000 0.871077 19.196439 0.063056 0.019078 0.004340 0.004340 
925.500000 171 2.000000 0.059540 16.102002 1.190782 2.065859 5.685736 5.685736 
925.500000 172 2.000000 0.655326 5.222521 -6.893452 -5.506416 77.840302 77.840302 
925.500000 173 2.000000 0.943830 18.604281 9.438285 -5.582872 120.249682 120.249682 
925.500000 174 2.000000 0.250657 3.427986 -0.681220 -0.565852 0.784250 0.784250 
925.500000 175 2.000000 0.779563 16.984776 -4.408717 1.681935 22.265691 22.265691 
925.500000 176 2.000000 0.526779 1.265922 -4.732203 4.359464 41.398671 41.398671 
925.500000 177 2.000000 0.774624 6.028728 0.326501 -4.442974 19.846617 19.846617 
925.500000 178 2.000000 0.000001 18.016011 5.680023 3.193638 42.461986 42.461986 
925.500000 179 2.000000 0.000001 6.053199 4.397657 2.885375 27.664773 27.664773 
925.500000 180 2.000000 0.290047 3.592558 5.800921 -1.362463 35.506991 35.506991 
925.500000 181 2.000000 0.615930 17.830208 -1.097341 1.114452 2.446159 2.446159 
925.500000 182 2.000000 0.156418 3.481989 -0.803410 3.868875 15.613663 15.613663 
925.500000 183 2.000000 0.760708 8.147382 -4.785822 -0.467909 23.123032 23.123032 
925.500000 184 2.000000 0.000001 6.745908 7.096473 -2.821476 58.320659 58.320659 
925.500000 185 2.000000 0.697453 9.959482 6.974520 1.303534 50.343130 50.343130 
925.500000 186 2.000000 0.320115 5.359922 0.822740 -2.830730 8.689934 8.689934 
925.500000 187 2.000000 0.157524 9.102056 0.787616 -5.346916 29.209852 29.209852 
925.500000 188 2.000000 0.894217 0.000001 1.625848 8.305287 71.621174 71.621174 
925.500000 189 2.000000 0.797683 7.002082 -0.449590 -3.933457 15.674212 15.674212 
925.500000 190 2.000000 0.000001 3.422147 1.143767 1.858573 4.762498 4.762498 
925.500000 191 2.000000 0.211827 13.487012 -3.940858 3.366335 26.862574 26.862574 
925.500000 192 2.000000 0.914314 6.519346 -1.713705 -4.079306 19.577521 19.577521 
925.500000 193 2.000000 0.823451 12.855889 -3.530959 -1.535474 14.825351 14.825351 
925.500000 194 2.000000 0.613109 13.588258 -7.737798 0.800410 60.514168 60.514168 
925.500000 195 2.000000 0.000001 13.780634 3.408451 -3.769943 25.830008 25.830008 
925.500000 196 2.000000 0.281933 0.962460 2.819320 0.026552 7.949270 7.949270 
925.500000 197 2.000000 0.580891 19.434763 -0.972049 -1.614961 3.552977 3.552977 
925.500000 198 2.000000 0.348127 10.346102 3.481258 0.304531 12.211899 12.211899 
925.500000 199 2.000000 0.999999 14.329739 -4.488702 -4.478108 40.201890 40.201890 
925.500000 200 2.000000 0.542853 8.856494 1.206338 -0.135785 1.473689 1.473689 
925.500000 201 2.000000 0.075186 0.958958 -0.035915 3.196524 10.219053 10.219053 
925.500000 202 2.000000 0.750678 14.615486 -0.831071 0.809776 1.346416 1.346416 
925.500000 203 2.000000 0.768475 12.126318 3.073894 -4.631577 30.900334 30.900334 
925.500000 204 2.000000 0.560907 10.976179 -2.927281 0.920384 9.416079 9.416079 
925.500000 205 2.000000 0.310300 11.080232 -4.597996 4.522543 41.594967 41.594967 
925.500000 206 2.000000 0.912507 12.377479 0.365233 -1.848954 3.552027 3.552027 
925.500000 207 2.000000 0.135657 6.237420 1.356563 1.128420 3.113596 3.113596 
925.500000 208 2.000000 0.608983 17.193218 1.471581 1.295372 3.843539 3.843539 
925.500000 209 2.000000 0.000001 5.821641 4.747730 5.560165 53.456379 53.456379 
925.500000 210 2.000000 0.954426 5.497597 1.232578 -0.566212 1.839844 1.839844 
925.500000 211 2.000000 0.229854 14.054777 -0.756541 3.250219 11.136276 11.136276 
925.500000 212 2.000000 0.000001 12.851023 3.623240 0.715069 13.639188 13.639188 
925.500000 213 2.000000 0.124200 12.788775 -1.592361 3.693091 16.174537 16.174537 
925.500000 214 2.000000 0.215356 2.956840 4.307092 -1.938688 22.309556 22.309556 
925.500000 215 2.000000 0.834262 0.076722 -1.657366 0.255736 2.812262 2.812262 
925.500000 216 2.000000 0.189944 17.081687 -1.800123 0.026741 3.241159 3.241159 
925.500000 217 2.000000 0.734140 3.878910 0.139836 -7.863946 61.861199 61.861199 
925.500000 218 2.000000 0.566494 7.041778 -2.890033 -0.655070 8.781408 8.781408 
925.500000 219 2.000000 0.585613 3.638334 -2.762570 -3.848761 22.444757 22.444757 
925.500000 220 2.000000 0.304120 5.901980 3.041186 -3.609831 22.279689 22.279689 
925.500000 221 2.000000 0.587790 15.179144 0.073655 -1.539944 2.376852 2.376852 
925.500000 222 2.000000 0.726980 19.217336 3.634894 -0.742385 13.763587 13.763587 
925.500000 223 2.000000 0.999999 9.677337 -2.670828 2.850628 15.259401 15.259401 
925.500000 224 2.000000 0.000001 15.806023 5.073067 -4.396723 45.067186 45.067186 
925.500000 225 2.000000 0.074730 18.391677 -1.850537 -4.020804 19.591355 19.591355 
925.500000 226 2.000000 0.859690 7.037911 0.331235 -1.730637 3.104821 3.104821 
925.500000 227 2.000000 0.999347 7.446933 3.286266 1.284136 12.448547 12.448547 
925.500000 228 2.000000 0.328432 9.669916 2.189538 0.339383 4.909257 4.909257 
925.500000 229 2.000000 0.505325 10.889169 -1.648914 3.351373 13.950615 13.950615 
925.500000 230 2.000000 0.322566 10.846703 -4.516222 0.750431 20.959406 20.959406 
925.500000 231 2.000000 0.634439 15.665240 -7.311193 -1.635758 56.129250 56.129250 
925.500000 232 2.000000 0.000001 13.632902 5.070601 -2.040504 29.874649 29.874649 
925.500000 233 2.000000 0.000001 8.580150 6.087459 -5.319605 65.355361 65.355361 
925.500000 234 2.000000 0.800594 17.542763 -5.169298 -5.204446 53.807904 53.807904 
925.500000 235 2.000000 0.728760 18.722555 -5.424779 4.303858 47.951426 47.951426 
925.500000 236 2.000000 0.147261 3.103793 2.945193 2.698950 15.958489 15.958489 
925.500000 237 2.000000 0.421492 18.353560 -0.890011 -3.292877 11.635160 11.635160 
925.500000 238 2.000000 0.590147 10.251631 2.360584 -4.534125 26.130645 26.130645 
925.500000 239 2.000000 0.354602 14.843626 7.092028 0.652176 50.722194 50.722194 
925.500000 240 2.000000 0.250039 2.339977 0.105489 -4.461750 19.918337 19.918337 
925.500000 241 2.000000 0.689209 7.004412 6.892081 5.264846 75.219391 75.219391 
925.500000 242 2.000000 0.495056 17.341702 4.950550 -1.042469 25.594683 25.594683 
925.500000 243 2.000000 0.320382 17.984325 -0.829187 2.211454 5.578082 5.578082 
925.500000 244 2.000000 0.359593 2.276672 -1.829731 1.626193 5.992420 5.992420 
925.500000 245 2.000000 0.805034 12.825925 -3.899303 -0.577818 15.538440 15.538440 
925.500000 246 2.000000 0.717702 18.385188 -0.102115 1.625778 2.653582 2.653582 
925.500000 247 2.000000 0.178399 19.999999 -1.493819 -5.405244 31.448161 31.448161 
925.500000 248 2.000000 0.771708 19.107020 7.717073 -8.929794 139.294427 139.294427 
925.500000 249 2.000000 0.981831 0.710902 4.909148 1.184835 25.503573 25.503573 
925.500000 250 2.000000 0.513039 4.842014 2.052154 7.449251 59.702678 59.702678 
925.500000 251 2.000000 0.999999 17.301416 -6.052133 -0.651191 37.052368 37.052368 
925.500000 252 2.000000 0.748436 14.013894 1.222983 -0.634305 1.898030 1.898030 
925.500000 253 2.000000 0.719944 3.989171 -1.867033 -2.624593 10.374301 10.374301 
925.500000 254 2.000000 0.734100 2.988397 5.063824 2.017610 29.713066 29.713066 
925.500000 255 2.000000 0.741985 14.420987 -1.720095 -0.915310 3.796518 3.796518 
925.500000 256 2.000000 0.127050 4.990054 -1.939886 3.920587 19.134156 19.134156 
925.500000 257 2.000000 0.000001 2.044338 6.718129 -1.591327 47.665580 47.665580 
925.500000 258 2.000000 0.159821 18.402437 -0.494222 4.041494 16.577929 16.577929 
925.500000 259 2.000000 0.768496 13.178281 -0.173494 1.474740 2.204958 2.204958 
925.500000 260 2.000000 0.682813 18.775942 -3.171861 0.413613 10.231775 10.231775 
925.500000 261 2.000000 0.470604 19.199261 -3.529298 4.493357 32.646203 32.646203 
925.500000 262 2.000000 0.478327 8.095728 3.188837 1.094164 11.365876 11.365876 
925.500000 263 2.000000 0.950734 2.167458 0.246944 1.970415 3.943518 3.943518 
925.500000 264 2.000000 0.821949 13.209024 -3.561005 -2.887414 21.017911 21.017911 
925.500000 265 2.000000 0.410910 13.784554 0.167047 -0.423305 0.207092 0.207092 
925.500000 266 2.000000 0.697829 2.386389 -3.021698 5.303077 37.253281 37.253281 
925.500000 267 2.000000 0.879491 1.020907 8.794896 -2.967434 86.155856 86.155856 
925.500000 268 2.000000 0.000001 19.144332 3.889048 -3.165044 25.142200 25.142200 
925.500000 269 2.000000 0.695276 15.250110 -0.728118 2.898671 8.932452 8.932452 
925.500000 270 2.000000 0.560440 7.252776 -2.197793 0.204190 4.871985 4.871985 
925.500000 271 2.000000 0.590684 10.367487 5.906826 8.639572 109.532798 109.532798 
925.500000 272 2.000000 0.270626 11.562867 -4.862484 0.872472 24.404955 24.404955 
925.500000 273 2.000000 0.046097 6.434939 -2.119782 -5.905076 39.363396 39.363396 
925.500000 274 2.000000 0.337724 2.205368 -2.649101 -0.389884 7.169746 7.169746 
925.500000 275 2.000000 0.887305 1.448691 -0.563472 2.885450 8.643325 8.643325 
925.500000 276 2.000000 0.767316 17.219378 1.106662 -4.030239 17.467530 17.467530 
925.500000 277 2.000000 0.938652 17.130739 0.732005 6.140564 38.242363 38.242363 
925.500000 278 2.000000 0.209080 0.239953 4.181581 -2.387495 23.185756 23.185756 
925.500000 279 2.000000 0.503620 16.600967 3.357463 0.928809 12.135244 12.135244 
925.500000 280 2.000000 0.373002 0.961609 7.460016 0.961608 56.576525 56.576525 
925.500000 281 2.000000 0.191207 6.073744 3.824113 -0.053295 14.626678 14.626678 
925.500000 282 2.000000 0.230243 12.285086 -1.710568 2.392648 8.650807 8.650807 
925.500000 283 2.000000 0.898488 11.586300 5.989916 -4.963709 60.517494 60.517494 
925.500000 284 2.000000 0.616761 13.338273 -7.664751 6.549239 101.640949 101.640949 
925.500000 285 2.000000 0.576255 0.939808 -1.412481 -3.025427 11.148312 11.148312 
925.500000 286 2.000000 0.999999 16.227024 -2.345522 4.270269 23.736669 23.736669 
925.500000 287 2.000000 0.400245 5.038430 -2.998771 3.279060 19.744864 19.744864 
925.500000 288 2.000000 0.000001 3.291924 7.342681 0.728874 54.446221 54.446221 
925.500000 289 2.000000 0.297558 18.617713 2.975569 -2.303810 14.161554 14.161554 
925.500000 290 2.000000 0.637308 18.973012 -1.208971 -3.423291 13.180532 13.180532 
925.500000 291 2.000000 0.652835 6.551052 -3.471644 4.226485 29.915481 29.915481 
925.500000 292 2.000000 0.792303 14.151870 -2.076960 -3.440693 16.152135 16.152135 
925.500000 293 2.000000 0.478415 4.823353 -0.300976 -8.325864 69.410593 69.410593 
925.500000 294 2.000000 0.882592 11.245532 -2.348148 1.876328 9.034406 9.034406 
925.500000 295 2.000000 0.101305 19.451689 0.162352 3.354933 11.281936 11.281936 
925.500000 296 2.000000 0.519516 2.257033 -1.921933 5.642580 35.532539 35.532539 
925.500000 297 2.000000 0.700918 12.161054 -5.981621 -1.672357 38.576567 38.576567 
925.500000 298 2.000000 0.738894 1.169218 -0.195612 5.846084 34.214965 34.214965 
925.500000 299 2.000000 0.322299 18.905729 -0.753000 -2.735676 8.050933 8.050933 
925.500000 300 2.000000 0.401844 6.881977 1.237918 6.329334 41.592913 41.592913 
925.500000 301 2.000000 0.372091 14.365825 -0.966013 -6.638703 45.005561 45.005561 
925.500000 302 2.000000 0.243977 11.814435 2.439758 -2.597830 12.701141 12.701141 
925.500000 303 2.000000 0.885211 2.942583 -2.295753 -7.416268 60.271513 60.271513 
925.500000 304 2.000000 0.988180 17.127551 0.790543 -1.473050 2.794836 2.794836 
925.500000 305 2.000000 0.999999 11.260583 -3.424239 5.726991 44.523840 44.523840 
925.500000 306 2.000000 0.893292 12.072667 -2.134149 -1.175359 5.936062 5.936062 
925.500000 307 2.000000 0.698491 3.437345 0.349245 -0.866873 0.873441 0.873441 
925.500000 308 2.000000 0.999999 5.481702 -3.905815 2.963082 24.035244 24.035244 
925.500000 309 2.000000 0.517976 16.831994 2.071899 0.077333 4.298745 4.298745 
925.500000 310 2.000000 0.056787 10.879401 -1.714931 -3.272062 13.647381 13.647381 
925.500000 311 2.000000 0.291049 9.479505 5.820965 -0.656073 34.314069 34.314069 
925.500000 312 2.000000 0.999999 12.590282 -0.951542 3.632605 14.101249 14.101249 
925.500000 313 2.000000 0.000001 17.044513 4.940221 -1.725717 27.383884 27.383884 
925.500000 314 2.000000 0.746970 9.845110 2.987875 -0.701041 9.418853 9.418853 
925.500000 315 2.000000 0.712481 0.725009 -2.875180 0.896778 9.070871 9.070871 
925.500000 316 2.000000 0.907243 10.589317 1.744630 -0.663319 3.483725 3.483725 
925.500000 317 2.000000 0.000001 13.644304 3.249506 -1.310001 12.275392 12.275392 
925.500000 318 2.000000 0.477019 14.519396 -0.263479 3.272560 10.779072 10.779072 
925.500000 319 2.000000 0.241023 9.225341 -1.725627 -2.368526 8.587705 8.587705 
925.500000 320 2.000000 0.141572 0.047604 0.707853 0.238013 0.557706 0.557706 
925.500000 321 2.000000 0.654429 17.153337 -2.303801 -3.162958 15.311800 15.311800 
925.500000 322 2.000000 0.999999 8.453654 -3.540600 -0.041617 12.537582 12.537582 
925.500000 323 2.000000 0.194435 11.621856 -2.202521 0.239582 4.908496 4.908496 
925.500000 324 2.000000 0.921692 2.099387 3.686764 1.499561 15.840909 15.840909 
925.500000 325 2.000000 0.134733 3.978349 0.898213 -3.697391 14.477490 14.477490 
925.500000 326 2.000000 0.131549 12.155945 -0.457079 -0.261637 0.277375 0.277375 
925.500000 327 2.000000 0.484171 17.583253 -1.164585 1.272683 2.975980 2.975980 
925.500000 328 2.000000 0.544971 14.572322 -1.683591 0.414321 3.006140 3.006140 
925.500000 329 2.000000 0.077085 4.595902 -3.691658 -1.870669 17.127740 17.127740 
925.500000 330 2.000000 0.554028 5.847473 2.216106 1.243393 6.457153 6.457153 
925.500000 331 2.000000 0.000001 9.618153 3.267047 -5.385555 39.677801 39.677801 
925.500000 332 2.000000 0.968757 11.398641 3.875026 -2.646572 22.020164 22.020164 
925.500000 333 2.000000 0.832764 13.145318 1.665526 -0.914322 3.609963 3.609963 
925.500000 334 2.000000 0.999999 17.987372 -3.766457 3.678411 27.716906 27.716906 
925.500000 335 2.000000 0.776639 2.392794 -0.173920 2.639479 6.997096 6.997096 
925.500000 336 2.000000 0.876116 4.663949 3.504458 3.338395 23.426111 23.426111 
925.500000 337 2.000000 0.580961 15.662730 -2.937276 -1.954766 12.448703 12.448703 
925.500000 338 2.000000 0.726855 4.147143 7.268545 -0.026323 52.832433 52.832433 
925.500000 339 2.000000 0.925585 18.660323 2.313959 -0.731184 5.889036 5.889036 
925.500000 340 2.000000 0.862358 1.420636 -0.917608 1.775794 3.995447 3.995447 
925.500000 341 2.000000 0.610048 19.468121 4.066979 -3.545853 29.113392 29.113392 
925.500000 342 2.000000 0.693685 13.340678 -6.126272 -4.295115 55.979229 55.979229 
925.500000 343 2.000000 0.004125 16.875239 -0.796699 1.995911 4.618389 4.618389 
925.500000 344 2.000000 0.658358 3.852376 1.482960 1.872293 5.704651 5.704651 
925.500000 345 2.000000 0.999999 17.871697 -3.140302 8.671363 85.054025 85.054025 
925.500000 346 2.000000 0.790237 3.975981 -4.195234 3.614527 30.664798 30.664798 
925.500000 347 2.000000 0.611566 9.096381 -3.884332 5.860372 49.431989 49.431989 
925.500000 348 2.000000 0.210033 17.214291 -1.579932 0.024355 2.496778 2.496778 
925.500000 349 2.000000 0.538579 14.566411 -0.574226 -1.059180 1.451598 1.451598 
925.500000 350 2.000000 0.611410 1.551836 1.528523 1.106536 3.560806 3.560806 
925.500000 351 2.000000 0.179936 7.013665 -1.223100 1.508549 3.771693 3.771693 
925.500000 352 2.000000 0.000001 13.558753 5.911242 -0.372325 35.081413 35.081413 
925.500000 353 2.000000 0.474116 12.895562 -5.258826 -0.002463 27.655262 27.655262 
925.500000 354 2.000000 0.635310 5.132881 6.353087 -0.576981 40.694626 40.694626 
925.500000 355 2.000000 0.362267 2.984560 -2.550927 -6.059351 43.222967 43.222967 
925.500000 356 2.000000 0.196410 2.145901 -5.357263 -3.541856 41.245008 41.245008 
925.500000 357 2.000000 0.676143 12.529453 -0.184917 -5.187321 26.942494 26.942494 
925.500000 358 2.000000 0.676223 6.536735 -2.158507 -0.240096 4.716797 4.716797 
925.500000 359 2.000000 0.602229 17.186126 3.310581 7.628789 69.158368 69.158368 
925.500000 360 2.000000 0.955042 10.689854 0.764033 0.435459 0.773371 0.773371 
925.500000 361 2.000000 0.825874 16.156578 -1.160835 -0.520247 1.618196 1.618196 
925.500000 362 2.000000 0.038029 14.464840 -3.206565 2.567512 16.874178 16.874178 
925.500000 363 2.000000 0.057252 9.033529 -4.713735 1.618887 24.840096 24.840096 
925.500000 364 2.000000 0.104910 11.958306 -5.967259 -4.460379 55.503161 55.503161 
925.500000 365 2.000000 0.835883 9.297717 5.572549 -0.314418 31.152165 31.152165 
925.500000 366 2.000000 0.019290 14.863353 -0.891554 -6.420808 42.021642 42.021642 
925.500000 367 2.000000 0.273730 4.739734 0.684321 -6.228680 39.264745 39.264745 
925.500000 368 2.000000 0.533996 5.184301 2.669977 4.899762 31.136445 31.136445 
925.500000 369 2.000000 0.808464 15.649230 -3.830696 0.037212 14.675618 14.675618 
925.500000 370 2.000000 0.910763 9.616085 4.553811 -4.012184 36.834813 36.834813 
925.500000 371 2.000000 0.728020 8.703437 1.456039 1.754539 5.198456 5.198456 
925.500000 372 2.000000 0.587775 11.074032 3.918493 -2.230216 20.328454 20.328454 
925.500000 373 2.000000 0.852943 17.774723 -1.470562 -1.393280 4.103781 4.103781 
925.500000 374 2.000000 0.221274 8.156244 4.425469 -3.427198 31.330460 31.330460 
925.500000 375 2.000000 0.782130 15.054266 -4.357381 -3.297156 29.858007 29.858007 
925.500000 376 2.000000 0.804314 4.730303 -3.913698 -8.062332 80.318225 80.318225 
925.500000 377 2.000000 0.933434 0.989464 1.244577 -1.662994 4.314521 4.314521 
925.500000 378 2.000000 0.461678 0.787848 0.030064 1.125495 1.267644 1.267644 
925.500000 379 2.000000 0.438360 9.774600 -2.808195 1.923042 11.584052 11.584052 
925.500000 380 2.000000 0.748979 10.682455 2.139937 1.140490 5.880047 5.880047 
925.500000 381 2.000000 0.999999 4.424847 -2.250953 2.609093 11.874157 11.874157 
925.500000 382 2.000000 0.360939 8.309941 3.609381 3.613017 26.081530 26.081530 
925.500000 383 2.000000 0.710474 17.904252 1.420945 6.661876 46.399678 46.399678 
925.500000 384 2.000000 0.527696 15.083559 -3.148688 1.123132 11.175661 11.175661 
925.500000 385 2.000000 0.792581 7.996025 -4.148366 5.056933 42.781512 42.781512 
925.500000 386 2.000000 0.434941 10.008376 0.483267 2.615161 7.072612 7.072612 
925.500000 387 2.000000 0.977374 19.980617 0.991060 6.514036 43.414868 43.414868 
925.500000 388 2.000000 0.520615 19.068855 0.204162 1.121410 1.299242 1.299242 
925.500000 389 2.000000 0.788542 5.779442 -1.409713 3.728672 15.890283 15.890283 
925.500000 390 2.000000 0.753238 13.458360 0.799795 5.177098 27.442011 27.442011 
925.500000 391 2.000000 0.885702 16.767072 -2.285947 -2.229605 10.196691 10.196691 
925.500000 392 2.000000 0.139835 18.106295 2.796681 4.580401 28.801498 28.801498 
925.500000 393 2.000000 0.849567 17.998516 -3.008646 -2.859262 17.227331 17.227331 
925.500000 394 2.000000 0.092769 14.232044 -2.268076 2.075099 9.450201 9.450201 
925.500000 395 2.000000 0.839854 8.869352 -3.119896 -2.764700 17.377319 17.377319 
925.500000 396 2.000000 0.239870 0.188423 -1.520258 -3.214143 12.641897 12.641897 
925.500000 397 2.000000 0.794721 2.634923 -4.105558 -2.928674 25.432734 25.432734 
925.500000 398 2.000000 0.000001 5.476251 4.934415 0.690980 24.825909 24.825909 
925.500000 399 2.000000 0.060249 17.813058 -9.397500 -0.970208 89.254315 89.254315 
925.500000 400 2.000000 0.999999 12.701376 -5.608421 0.965681 32.386930 32.386930 
925.500000 401 2.000000 0.203974 13.070868 2.039730 1.055974 5.275581 5.275581 
925.500000 402 2.000000 0.498921 12.541519 3.685493 -0.307613 13.677484 13.677484 
925.500000 403 2.000000 0.080313 17.069693 -2.299215 -4.883843 29.138313 29.138313 
925.500000 404 2.000000 0.973680 18.704879 2.006787 -1.018315 5.064158 5.064158 
925.500000 405 2.000000 0.308797 1.973228 3.087960 -2.380375 15.201681 15.201681 
925.500000 406 2.000000 0.264675 0.846887 -1.603474 0.230287 2.624162 2.624162 
925.500000 407 2.000000 0.477845 6.274023 -2.610770 1.126955 8.086149 8.086149 
925.500000 408 2.000000 0.079179 3.567428 1.583570 -4.352416 21.451217 21.451217 
925.500000 409 2.000000 0.389895 12.003694 -6.101044 0.846893 37.939969 37.939969 
925.500000 410 2.000000 0.697426 18.905904 3.487126 -1.371567 14.041241 14.041241 
925.500000 411 2.000000 0.653374 15.645449 6.533728 2.641646 49.667898 49.667898 
925.500000 412 2.000000 0.112106 10.035148 -1.215462 -0.468029 1.696398 1.696398 
925.500000 413 2.000000 0.720995 19.083319 -5.580079 1.807580 34.404626 34.404626 
925.500000 414 2.000000 0.562499 17.336546 3.749990 -2.536622 20.496875 20.496875 
925.500000 415 2.000000 0.647497 18.609688 -1.762512 7.157572 54.337286 54.337286 
925.500000 416 2.000000 0.669236 3.259477 -1.102543 2.347763 6.727593 6.727593 
925.500000 417 2.000000 0.999999 12.747106 -6.774266 2.462458 51.954386 51.954386 
925.500000 418 2.000000 0.249084 2.836564 2.490825 3.782083 20.508365 20.508365 
925.500000 419 2.000000 0.622212 16.797326 2.074036 1.314105 6.028498 6.028498 
925.500000 420 2.000000 0.111387 2.698707 2.227722 2.680626 12.148504 12.148504 
925.500000 421 2.000000 0.000001 14.083079 4.907608 3.659820 37.478903 37.478903 
925.500000 422 2.000000 0.091225 14.097100 -9.087740 -1.817905 85.891802 85.891802 
925.500000 423 2.000000 0.008503 9.932932 -3.965985 -0.149885 15.751502 15.751502 
925.500000 424 2.000000 0.289881 0.865999 5.797597 1.154664 34.945377 34.945377 
925.500000 425 2.000000 0.231499 9.632697 -3.690031 2.373059 19.247734 19.247734 
925.500000 426 2.000000 0.520329 14.584951 -3.197800 -4.512540 30.588937 30.588937 
925.500000 427 2.000000 0.883787 4.462378 -2.324236 3.880328 20.459016 20.459016 
925.500000 428 2.000000 0.784143 4.167855 -4.317129 1.842876 22.033796 22.033796 
925.500000 429 2.000000 0.469971 9.629649 -5.300277 -1.894272 31.681202 31.681202 
925.500000 430 2.000000 0.271836 1.401757 -2.080467 2.548647 10.823942 10.823942 
925.500000 431 2.000000 0.000001 5.704406 3.735443 3.739406 27.936693 27.936693 
925.500000 432 2.000000 0.424785 4.319568 2.831893 -0.474671 8.244928 8.244928 
925.500000 433 2.000000 0.630365 9.311280 -2.464223 -1.787139 9.266263 9.266263 
925.500000 434 2.000000 0.707442 18.118860 -1.170230 0.193765 1.406982 1.406982 
925.500000 435 2.000000 0.502369 9.680395 3.349119 -0.713310 11.725409 11.725409 
925.500000 436 2.000000 0.999999 7.615917 -3.338508 -2.552703 17.661933 17.661933 
925.500000 437 2.000000 0.552114 6.278612 0.038198 -2.560917 6.559756 6.559756 
925.500000 438 2.000000 0.796931 3.856625 5.312864 -6.840570 75.019926 75.019926 
925.500000 439 2.000000 0.000001 6.675015 1.573724 5.002167 27.498285 27.498285 
925.500000 440 2.000000 0.039816 4.685148 -0.751833 7.808578 61.539150 61.539150 
925.500000 441 2.000000 0.051938 0.140007 -0.377693 2.800116 7.983301 7.983301 
925.500000 442 2.000000 0.262314 13.987383 5.246257 2.471992 33.633953 33.633953 
925.500000 443 2.000000 0.204089 12.967256 -3.183642 -2.180362 14.889554 14.889554 
925.500000 444 2.000000 0.952365 0.871159 -0.351496 2.661886 7.209184 7.209184 
925.500000 445 2.000000 0.987126 9.697956 0.705089 -1.445220 2.585811 2.585811 
925.500000 446 2.000000 0.122796 15.564019 2.455897 7.365053 60.275445 60.275445 
925.500000 447 2.000000 0.630657 12.782880 2.522625 -6.023661 42.648133 42.648133 
925.500000 448 2.000000 0.321939 7.348975 -2.712241 -3.901833 22.580555 22.580555 
925.500000 449 2.000000 0.692959 18.655906 -6.140793 -4.480309 57.782510 57.782510 
925.500000 450 2.000000 0.471213 17.948965 -0.406759 -4.557852 20.939472 20.939472 
925.500000 451 2.000000 0.274988 15.013354 0.458312 0.021608 0.210517 0.210517 
925.500000 452 2.000000 0.377538 15.197938 -4.149740 2.374340 22.857833 22.857833 
925.500000 453 2.000000 0.484377 2.603751 -5.156221 4.339584 45.418604 45.418604 
925.500000 454 2.000000 0.943483 10.164879 6.289877 2.307074 44.885138 44.885138 
925.500000 455 2.000000 0.961954 0.507313 0.765064 -1.127433 1.856428 1.856428 
925.500000 456 2.000000 0.109199 5.769750 -5.938664 8.853101 113.645129 113.645129 
925.500000 457 2.000000 0.249353 4.615882 1.246762 -2.480770 7.708637 7.708637 
925.500000 458 2.000000 0.351912 1.212155 -6.480873 -3.630383 55.181402 55.181402 
925.500000 459 2.000000 0.679171 13.983808 -3.208282 -3.487073 22.452754 22.452754 
925.500000 460 2.000000 0.263313 6.168722 -0.701606 2.403358 6.268380 6.268380 
925.500000 461 2.000000 0.968017 7.752303 0.841753 -5.974486 36.403030 36.403030 
925.500000 462 2.000000 0.816072 8.785715 -0.348030 -1.193933 1.546602 1.546602 
925.500000 463 2.000000 0.446342 16.027458 -3.691048 3.742126 27.627339 27.627339 
925.500000 464 2.000000 0.663961 18.882323 -1.680192 -0.430135 3.008062 3.008062 
925.500000 465 2.000000 0.562802 11.507828 1.876005 3.970432 19.283726 19.283726 
925.500000 466 2.000000 0.576128 13.328978 -1.412904 4.362492 21.027633 21.027633 
925.500000 467 2.000000 0.695432 6.061136 -1.522836 5.270552 30.097753 30.097753 
925.500000 468 2.000000 0.766223 14.259493 -0.779255 -0.522968 0.880734 0.880734 
925.500000 469 2.000000 0.817222 5.223590 -1.827771 -2.404078 9.120338 9.120338 
925.500000 470 2.000000 0.247444 19.102422 -0.109175 4.457853 19.884374 19.884374 
925.500000 471 2.000000 0.701566 5.056912 -2.984328 -1.778715 12.070042 12.070042 
925.500000 472 2.000000 0.655890 13.758037 1.884564 1.359597 5.400084 5.400084 
925.500000 473 2.000000 0.134504 2.767166 2.690067 -0.358140 7.364727 7.364727 
925.500000 474 2.000000 0.469357 9.274030 2.346782 0.731331 6.042233 6.042233 
925.500000 475 2.000000 0.000001 6.138883 3.583324 3.318314 23.851423 23.851423 
925.500000 476 2.000000 0.691302 11.521783 4.608670 0.370750 21.377297 21.377297 
925.500000 477 2.000000 0.902046 19.627490 -1.959053 0.436072 4.028047 4.028047 
925.500000 478 2.000000 0.427670 16.288820 -1.635226 1.142124 3.978410 3.978410 
925.500000 479 2.000000 0.601850 12.307755 -7.962975 2.127246 67.934140 67.934140 
925.500000 480 2.000000 0.358053 11.445258 2.387014 0.769193 6.289493 6.289493 
925.500000 481 2.000000 0.340258 7.122329 1.361027 -0.484858 2.087481 2.087481 
925.500000 482 2.000000 0.999999 7.451092 -8.111876 8.660875 140.813284 140.813284 
925.500000 483 2.000000 0.223313 1.757877 -2.588952 -2.631827 13.629187 13.629187 
925.500000 484 2.000000 0.929589 14.419616 0.619726 0.422587 0.562639 0.562639 
925.500000 485 2.000000 0.999999 2.614986 -10.627398 -2.739757 120.447854 120.447854 
925.500000 486 2.000000 0.755362 13.179140 0.473181 -1.267816 1.831258 1.831258 
925.500000 487 2.000000 0.811426 8.067112 -3.771469 1.313869 15.950229 15.950229 
925.500000 488 2.000000 0.000001 11.191863 4.987978 -1.200708 26.321624 26.321624 
925.500000 489 2.000000 0.999999 7.451474 -3.614940 3.891459 28.211251 28.211251 
925.500000 490 2.000000 0.296238 2.871007 2.962371 -4.197831 26.397421 26.397421 
925.500000 491 2.000000 0.497473 18.471550 -2.512628 3.097439 15.907428 15.907428 
925.500000 492 2.000000 0.688131 13.489796 0.335673 0.976208 1.065659 1.065659 
925.500000 493 2.000000 0.911823 15.741342 -1.763512 5.244465 30.614388 30.614388 
925.500000 494 2.000000 0.489535 16.350999 -0.408371 -6.081667 37.153437 37.153437 
925.500000 495 2.000000 0.000001 7.092626 1.151677 3.742086 15.329565 15.329565 
925.500000 496 2.000000 0.508590 2.901239 -3.314014 -1.255527 12.559037 12.559037 
925.500000 497 2.000000 0.365768 1.247224 1.463067 -0.133016 2.158257 2.158257 
925.500000 498 2.000000 0.282286 5.515071 0.260936 7.343675 53.997656 53.997656 
925.500000 499 2.000000 0.012421 1.673049 -2.821651 2.098726 12.366363 12.366363 
925.500000 500 2.000000 0.709581 8.278378 4.730531 3.192346 32.568996 32.568996 
