514.000000 1 2.000000 0.645159 16.591336 -3.548404 1.403037 14.559687 14.559687 
514.000000 2 2.000000 0.153036 6.748678 -0.748375 -4.123303 17.561694 17.561694 
514.000000 3 2.000000 0.537235 3.085402 -2.313821 2.804910 13.221284 13.221284 
514.000000 4 2.000000 0.488589 3.967802 -2.557049 -2.932230 15.136472 15.136472 
514.000000 5 2.000000 0.102813 6.628592 2.056246 8.357188 74.070732 74.070732 
514.000000 6 2.000000 0.395090 12.624984 -0.861474 -4.243203 18.746905 18.746905 
514.000000 7 2.000000 0.000001 0.390849 4.563657 1.619206 23.448790 23.448790 
514.000000 8 2.000000 0.342336 11.400707 6.846702 -2.161413 51.549037 51.549037 
514.000000 9 2.000000 0.221544 15.887608 -1.946137 -4.569324 24.666168 24.666168 
514.000000 10 2.000000 0.827647 7.328770 3.310584 0.385875 11.108864 11.108864 
514.000000 11 2.000000 0.458697 13.197874 3.057975 -3.935745 24.841300 24.841300 
514.000000 12 2.000000 0.999999 5.624866 -8.329702 -0.980111 70.344545 70.344545 
514.000000 13 2.000000 0.281980 6.582878 3.194399 -1.661152 12.963612 12.963612 
514.000000 14 2.000000 0.251471 1.307683 -5.835068 6.056312 70.726932 70.726932 
514.000000 15 2.000000 0.522129 14.605593 1.305320 3.253460 12.288861 12.288861 
514.000000 16 2.000000 0.999999 5.275980 -2.590826 0.053892 6.715285 6.715285 
514.000000 17 2.000000 0.764482 12.671090 0.251608 1.853504 3.498785 3.498785 
514.000000 18 2.000000 0.383609 7.541281 -4.109268 3.822995 31.501372 31.501372 
514.000000 19 2.000000 0.940294 6.310674 -1.194096 1.199732 2.865221 2.865221 
514.000000 20 2.000000 0.585424 10.577670 1.064406 -0.286354 1.214959 1.214959 
514.000000 21 2.000000 0.999999 5.729961 -5.378524 2.486633 35.111866 35.111866 
514.000000 22 2.000000 0.000001 4.164173 3.246488 4.616795 31.854477 31.854477 
514.000000 23 2.000000 0.504781 8.178238 0.617136 2.817803 8.320869 8.320869 
514.000000 24 2.000000 0.202442 19.238582 2.024405 2.917262 12.608633 12.608633 
514.000000 25 2.000000 0.190370 6.720138 -0.952505 -0.316498 1.007437 1.007437 
514.000000 26 2.000000 0.334735 15.959181 3.347344 -0.601123 11.566062 11.566062 
514.000000 27 2.000000 0.652534 19.974306 -0.049231 1.071447 1.150423 1.150423 
514.000000 28 2.000000 0.067357 4.740438 0.673557 2.496552 6.686453 6.686453 
514.000000 29 2.000000 0.260139 7.200267 -5.540420 4.479565 50.762755 50.762755 
514.000000 30 2.000000 0.724244 1.870830 -5.515103 -2.355455 35.964527 35.964527 
514.000000 31 2.000000 0.785833 0.840665 -4.283320 -0.350838 18.469921 18.469921 
514.000000 32 2.000000 0.554792 1.669585 -4.452074 0.299072 19.910411 19.910411 
514.000000 33 2.000000 0.503600 4.676979 3.357327 2.145685 15.875609 15.875609 
514.000000 34 2.000000 0.503487 5.946228 -3.310082 0.192490 10.993694 10.993694 
514.000000 35 2.000000 0.077636 1.055968 0.221815 -2.274906 5.224400 5.224400 
514.000000 36 2.000000 0.224137 11.357085 0.320194 2.785764 7.863007 7.863007 
514.000000 37 2.000000 0.614225 8.677850 4.094824 1.980746 20.690941 20.690941 
514.000000 38 2.000000 0.191107 6.834103 3.822125 3.313503 25.587938 25.587938 
514.000000 39 2.000000 0.640152 17.759216 4.267674 5.115679 44.383212 44.383212 
514.000000 40 2.000000 0.283348 15.102167 5.666936 4.790858 55.066478 55.066478 
514.000000 41 2.000000 0.142506 12.688413 2.684469 1.796244 10.432866 10.432866 
514.000000 42 2.000000 0.350243 8.385924 -6.497555 0.094167 42.227089 42.227089 
514.000000 43 2.000000 0.722933 1.590566 2.891726 2.447023 14.350001 14.350001 
514.000000 44 2.000000 0.703631 8.632882 7.036302 -1.194123 50.935471 50.935471 
514.000000 45 2.000000 0.312658 14.952341 -4.582273 4.381662 40.196189 40.196189 
514.000000 46 2.000000 0.248680 5.937511 -0.883904 0.938367 1.661819 1.661819 
514.000000 47 2.000000 0.096525 2.918078 -3.613897 4.863462 36.713517 36.713517 
514.000000 48 2.000000 0.496271 0.915902 0.456745 -0.449897 0.411023 0.411023 
514.000000 49 2.000000 0.000001 16.175891 2.292225 -1.914909 8.921174 8.921174 
514.000000 50 2.000000 0.000001 17.922801 9.476564 -2.084207 94.149181 94.149181 
514.000000 51 2.000000 0.565423 8.741288 1.413554 -5.540517 32.695460 32.695460 
514.000000 52 2.000000 0.463488 13.310246 1.853949 1.338624 5.229041 5.229041 
514.000000 53 2.000000 0.605239 10.274852 -2.631735 -2.889001 15.272357 15.272357 
514.000000 54 2.000000 0.714431 12.771389 -2.855680 -3.426635 19.896737 19.896737 
514.000000 55 2.000000 0.418135 13.110574 4.181339 -3.626013 30.631570 30.631570 
514.000000 56 2.000000 0.551435 12.137528 -2.242818 -0.676263 5.487564 5.487564 
514.000000 57 2.000000 0.392224 15.666707 0.713132 -1.468912 2.666261 2.666261 
514.000000 58 2.000000 0.455075 9.547073 1.820298 0.703394 3.808248 3.808248 
514.000000 59 2.000000 0.873140 4.231538 4.365694 -1.216574 20.539341 20.539341 
514.000000 60 2.000000 0.949640 15.458008 4.748194 -3.231207 32.986050 32.986050 
514.000000 61 2.000000 0.919930 7.557247 1.839859 -1.809591 6.659701 6.659701 
514.000000 62 2.000000 0.966976 2.471637 0.025619 -2.639007 6.965012 6.965012 
514.000000 63 2.000000 0.999999 3.324337 -7.675314 5.276959 86.756748 86.756748 
514.000000 64 2.000000 0.613470 10.728368 -0.954563 -0.793262 1.540457 1.540457 
514.000000 65 2.000000 0.840605 15.725728 5.604029 -0.633046 31.805893 31.805893 
514.000000 66 2.000000 0.415050 15.588711 -0.165769 2.659632 7.101122 7.101122 
514.000000 67 2.000000 0.772477 10.578553 0.358888 -0.224077 0.179011 0.179011 
514.000000 68 2.000000 0.423409 13.601663 -1.921965 2.225160 8.645285 8.645285 
514.000000 69 2.000000 0.343244 11.495592 -1.236922 -1.806303 4.792705 4.792705 
514.000000 70 2.000000 0.000001 13.369850 4.601011 0.412733 21.339649 21.339649 
514.000000 71 2.000000 0.555920 0.888109 1.588339 5.920720 37.577747 37.577747 
514.000000 72 2.000000 0.000001 8.932156 5.752539 -1.442046 35.171201 35.171201 
514.000000 73 2.000000 0.720353 4.355709 0.272444 0.979801 1.034236 1.034236 
514.000000 74 2.000000 0.705496 4.376964 -1.963355 -2.545443 10.334044 10.334044 
514.000000 75 2.000000 0.318510 5.383478 6.370180 -3.014675 49.667462 49.667462 
514.000000 76 2.000000 0.329483 16.213491 1.317927 -1.893254 5.321342 5.321342 
514.000000 77 2.000000 0.186303 9.928622 3.726043 -2.727343 21.321800 21.321800 
514.000000 78 2.000000 0.841633 8.041552 0.378403 2.681035 7.331140 7.331140 
514.000000 79 2.000000 0.345270 18.404802 6.905378 -3.190393 57.862849 57.862849 
514.000000 80 2.000000 0.799237 19.875422 2.664121 -2.491543 13.305329 13.305329 
514.000000 81 2.000000 0.893615 16.432883 -2.127689 6.298264 44.195193 44.195193 
514.000000 82 2.000000 0.054325 11.144793 -6.315579 0.201211 39.927026 39.927026 
514.000000 83 2.000000 0.535266 11.670518 2.653488 2.029096 11.158226 11.158226 
514.000000 84 2.000000 0.658518 19.372062 -6.829617 1.564862 49.092464 49.092464 
514.000000 85 2.000000 0.856624 17.565223 8.566232 0.340444 73.496233 73.496233 
514.000000 86 2.000000 0.071808 10.628248 1.436137 -2.370409 7.681328 7.681328 
514.000000 87 2.000000 0.305597 17.750344 3.055961 7.553338 66.391810 66.391810 
514.000000 88 2.000000 0.739929 0.892069 -1.040281 -1.181640 2.478458 2.478458 
514.000000 89 2.000000 0.121419 15.592576 -4.217446 0.974392 18.736291 18.736291 
514.000000 90 2.000000 0.657386 16.841420 -6.852268 -7.896448 109.307468 109.307468 
514.000000 91 2.000000 0.345502 8.752161 -6.544968 -2.015264 46.897895 46.897895 
514.000000 92 2.000000 0.282966 12.932558 -4.780222 -3.389122 34.336668 34.336668 
514.000000 93 2.000000 0.000001 5.543107 5.015836 0.494864 25.403502 25.403502 
514.000000 94 2.000000 0.651489 0.768739 -2.323401 3.074951 14.853516 14.853516 
514.000000 95 2.000000 0.059751 0.657955 -2.350621 -2.957178 14.270318 14.270318 
514.000000 96 2.000000 0.288601 14.649051 -0.789550 0.910914 1.453153 1.453153 
514.000000 97 2.000000 0.132854 0.735997 -4.335725 0.055531 18.801592 18.801592 
514.000000 98 2.000000 0.000001 9.280919 9.381769 -4.666509 109.793897 109.793897 
514.000000 99 2.000000 0.681401 3.504105 -0.455140 0.109813 0.219212 0.219212 
514.000000 100 2.000000 0.619873 5.166689 -3.801263 4.492772 34.634599 34.634599 
514.000000 101 2.000000 0.867982 9.429075 -2.640350 3.005381 16.003761 16.003761 
514.000000 102 2.000000 0.790596 7.117205 -2.094033 -5.052076 29.908444 29.908444 
514.000000 103 2.000000 0.064237 13.259643 -2.673604 -4.493570 27.340336 27.340336 
514.000000 104 2.000000 0.692506 5.651689 -1.537466 0.338614 2.478462 2.478462 
514.000000 105 2.000000 0.000001 18.565434 3.806191 -0.474754 14.712479 14.712479 
514.000000 106 2.000000 0.406824 6.565306 -1.318167 1.171074 3.108979 3.108979 
514.000000 107 2.000000 0.124160 8.084456 2.483187 -0.182300 6.199450 6.199450 
514.000000 108 2.000000 0.937922 4.412200 1.250561 -0.773955 2.162909 2.162909 
514.000000 109 2.000000 0.296993 13.576496 0.848549 5.688337 33.077216 33.077216 
514.000000 110 2.000000 0.147299 1.190783 2.945968 3.986188 24.568420 24.568420 
514.000000 111 2.000000 0.050610 15.819869 -1.726163 -1.428347 5.019812 5.019812 
514.000000 112 2.000000 0.999999 17.339281 -1.254497 -0.002846 1.573770 1.573770 
514.000000 113 2.000000 0.835856 3.868230 -1.094284 -1.079552 2.362890 2.362890 
514.000000 114 2.000000 0.128957 14.421143 2.579129 4.984533 31.497477 31.497477 
514.000000 115 2.000000 0.711679 7.517861 -0.750387 2.293679 5.824044 5.824044 
514.000000 116 2.000000 0.999999 17.382298 -0.881527 -2.694402 8.036894 8.036894 
514.000000 117 2.000000 0.303519 19.176350 -3.482398 7.242049 64.574367 64.574367 
514.000000 118 2.000000 0.623480 17.324468 4.156528 -2.237253 22.282022 22.282022 
514.000000 119 2.000000 0.474691 0.000001 9.493798 2.359655 95.700180 95.700180 
514.000000 120 2.000000 0.374799 3.961094 -0.105922 3.600993 12.978373 12.978373 
514.000000 121 2.000000 0.701835 5.510996 -1.490821 -3.987857 18.125547 18.125547 
514.000000 122 2.000000 0.216339 4.960492 1.442256 3.306994 13.016310 13.016310 
514.000000 123 2.000000 0.352721 9.884403 -3.153457 -2.014110 14.000929 14.000929 
514.000000 124 2.000000 0.325469 4.624420 1.084894 0.781074 1.787072 1.787072 
514.000000 125 2.000000 0.000001 12.118580 3.320476 -0.536207 11.313078 11.313078 
514.000000 126 2.000000 0.264952 0.742880 5.299017 -5.073364 53.818602 53.818602 
514.000000 127 2.000000 0.475163 8.551717 1.900647 -8.673884 78.848729 78.848729 
514.000000 128 2.000000 0.579814 12.327911 1.288474 4.249356 19.717196 19.717196 
514.000000 129 2.000000 0.174193 12.479533 3.483849 3.555331 24.777580 24.777580 
514.000000 130 2.000000 0.784404 2.218764 7.844027 4.930585 85.839424 85.839424 
514.000000 131 2.000000 0.944273 5.557538 0.558353 -3.655435 13.673966 13.673966 
514.000000 132 2.000000 0.000001 8.917240 4.349873 2.223794 23.866653 23.866653 
514.000000 133 2.000000 0.220353 0.892569 2.203523 -2.791891 12.650173 12.650173 
514.000000 134 2.000000 0.199579 5.847960 1.809364 6.016249 39.469048 39.469048 
514.000000 135 2.000000 0.159965 5.174585 3.199271 1.329260 12.002265 12.002265 
514.000000 136 2.000000 0.502612 15.614079 -3.315911 0.508326 11.253659 11.253659 
514.000000 137 2.000000 0.194911 3.769663 1.949097 -1.116123 5.044710 5.044710 
514.000000 138 2.000000 0.167614 1.470552 -4.161926 -4.950671 41.830769 41.830769 
514.000000 139 2.000000 0.957862 14.338177 1.741565 1.450808 5.137893 5.137893 
514.000000 140 2.000000 0.203693 17.233116 -1.990765 -6.148628 41.768774 41.768774 
514.000000 141 2.000000 0.440619 13.492729 -2.237518 -5.915700 40.001993 40.001993 
514.000000 142 2.000000 0.355280 9.909006 -0.537266 -2.727295 7.726795 7.726795 
514.000000 143 2.000000 0.745590 2.021828 -5.088171 -4.445392 45.650990 45.650990 
514.000000 144 2.000000 0.216510 19.819303 2.165093 0.792472 5.315639 5.315639 
514.000000 145 2.000000 0.805847 11.432766 -1.941522 1.023160 4.816364 4.816364 
514.000000 146 2.000000 0.100953 19.988359 0.023917 -0.232797 0.054767 0.054767 
514.000000 147 2.000000 0.741487 5.525474 -1.723415 -1.082197 4.141312 4.141312 
514.000000 148 2.000000 0.291416 15.210575 1.457074 8.181607 69.061756 69.061756 
514.000000 149 2.000000 0.735002 0.397034 1.470003 -1.163751 3.515225 3.515225 
514.000000 150 2.000000 0.255022 9.785268 -2.200753 -2.201151 9.688382 9.688382 
514.000000 151 2.000000 0.577199 15.759688 -2.818666 1.942850 11.719544 11.719544 
514.000000 152 2.000000 0.447757 10.291495 0.746261 1.365134 2.420497 2.420497 
514.000000 153 2.000000 0.867329 0.461998 0.510487 -2.357460 5.818217 5.818217 
514.000000 154 2.000000 0.314147 0.379705 -0.290385 1.326721 1.844511 1.844511 
514.000000 155 2.000000 0.201438 5.331074 -0.690983 1.813071 3.764685 3.764685 
514.000000 156 2.000000 0.468083 4.361054 9.361643 0.373413 87.779804 87.779804 
514.000000 157 2.000000 0.906518 14.292772 1.813033 2.375895 8.931965 8.931965 
514.000000 158 2.000000 0.943100 17.496611 -1.137971 -1.384673 3.212299 3.212299 
514.000000 159 2.000000 0.835441 6.542026 1.193485 -3.166582 11.451649 11.451649 
514.000000 160 2.000000 0.092074 7.213476 1.841458 4.854414 26.956303 26.956303 
514.000000 161 2.000000 0.018413 18.228934 -9.815855 0.069664 96.355866 96.355866 
514.000000 162 2.000000 0.342843 10.243464 -2.190519 -0.985573 5.769725 5.769725 
514.000000 163 2.000000 0.388206 17.028873 0.407384 -0.837113 0.866720 0.866720 
514.000000 164 2.000000 0.357841 18.860694 -4.281054 -1.898842 21.933024 21.933024 
514.000000 165 2.000000 0.365312 1.717751 3.653112 1.431458 15.394301 15.394301 
514.000000 166 2.000000 0.730335 9.981771 -0.734216 -1.381377 2.447274 2.447274 
514.000000 167 2.000000 0.655320 19.304541 0.223803 -2.781830 7.788668 7.788668 
514.000000 168 2.000000 0.319140 14.325552 -0.104909 -3.696980 13.678666 13.678666 
514.000000 169 2.000000 0.999999 19.097336 -2.174102 2.783002 12.471822 12.471822 
514.000000 170 2.000000 0.236055 5.059175 -5.092958 -0.651304 26.362418 26.362418 
514.000000 171 2.000000 0.635748 10.477496 0.249313 -1.295579 1.740681 1.740681 
514.000000 172 2.000000 0.000001 6.335762 1.257318 5.068609 27.271641 27.271641 
514.000000 173 2.000000 0.109937 17.898600 -3.560249 -2.626749 19.575184 19.575184 
514.000000 174 2.000000 0.391662 15.429552 7.833226 2.183269 66.126097 66.126097 
514.000000 175 2.000000 0.199825 8.261911 -2.286212 4.224740 23.075187 23.075187 
514.000000 176 2.000000 0.684371 13.583282 -2.104190 -4.139817 21.565703 21.565703 
514.000000 177 2.000000 0.849285 8.903792 4.246421 6.140545 55.738384 55.738384 
514.000000 178 2.000000 0.794870 13.160457 3.974346 -4.025413 31.999372 31.999372 
514.000000 179 2.000000 0.510643 11.749035 -0.699080 -2.549592 6.989130 6.989130 
514.000000 180 2.000000 0.389588 15.821317 1.198147 5.610839 32.917065 32.917065 
514.000000 181 2.000000 0.186795 16.177390 2.476062 -3.235742 16.600913 16.600913 
514.000000 182 2.000000 0.556945 17.775621 2.784722 -1.490568 9.976471 9.976471 
514.000000 183 2.000000 0.947231 16.215187 6.314865 1.540105 42.249447 42.249447 
514.000000 184 2.000000 0.766016 13.650254 -4.679664 2.293998 27.161678 27.161678 
514.000000 185 2.000000 0.453395 3.307629 1.511312 -1.844213 5.685184 5.685184 
514.000000 186 2.000000 0.496250 16.961419 2.481246 -5.189139 33.083746 33.083746 
514.000000 187 2.000000 0.237313 18.867710 4.746242 -1.834042 25.890523 25.890523 
514.000000 188 2.000000 0.030904 17.959136 -3.876382 -3.754399 29.121846 29.121846 
514.000000 189 2.000000 0.484418 14.053779 -0.883128 -1.881611 4.320377 4.320377 
514.000000 190 2.000000 0.000001 1.014486 3.005764 2.009114 13.071156 13.071156 
514.000000 191 2.000000 0.566167 19.999342 2.264664 4.262642 23.298819 23.298819 
514.000000 192 2.000000 0.440876 13.945570 -2.795616 0.270545 7.888665 7.888665 
514.000000 193 2.000000 0.487735 12.976967 -1.280660 -4.963615 26.277563 26.277563 
514.000000 194 2.000000 0.654001 11.636649 -2.306651 1.163452 6.674260 6.674260 
514.000000 195 2.000000 0.000001 16.801157 12.020634 5.512765 174.886209 174.886209 
514.000000 196 2.000000 0.287322 1.808867 -2.850708 4.019702 24.284544 24.284544 
514.000000 197 2.000000 0.133095 10.653042 0.221823 0.721710 0.570070 0.570070 
514.000000 198 2.000000 0.676909 18.694121 -2.153933 -5.223511 31.924500 31.924500 
514.000000 199 2.000000 0.803743 15.863040 -3.925119 7.586187 72.956788 72.956788 
514.000000 200 2.000000 0.708333 4.569308 -5.833322 -6.171174 72.111031 72.111031 
514.000000 201 2.000000 0.000001 2.554697 8.937295 -0.311295 79.972144 79.972144 
514.000000 202 2.000000 0.240154 9.131889 4.803065 1.600078 25.629682 25.629682 
514.000000 203 2.000000 0.434950 13.252470 8.698987 5.133876 102.029064 102.029064 
514.000000 204 2.000000 0.000001 15.076838 2.918636 1.092761 9.712563 9.712563 
514.000000 205 2.000000 0.570210 19.668965 5.702094 -3.310344 43.472255 43.472255 
514.000000 206 2.000000 0.668162 18.595391 -6.636743 -1.421757 46.067753 46.067753 
514.000000 207 2.000000 0.591999 3.420814 -4.079998 6.844643 63.495517 63.495517 
514.000000 208 2.000000 0.593130 18.038882 -2.712460 6.681067 51.994096 51.994096 
514.000000 209 2.000000 0.287227 11.043447 5.744524 -0.115467 33.012892 33.012892 
514.000000 210 2.000000 0.675787 17.687812 -3.242115 7.140195 61.493698 61.493698 
514.000000 211 2.000000 0.537005 8.200236 3.580029 1.689136 15.669790 15.669790 
514.000000 212 2.000000 0.182057 7.243361 3.641116 0.955638 14.170973 14.170973 
514.000000 213 2.000000 0.787901 14.779304 -2.120976 -1.769727 7.630471 7.630471 
514.000000 214 2.000000 0.999999 15.235479 -2.807529 4.287914 26.268426 26.268426 
514.000000 215 2.000000 0.396036 2.952997 -3.019816 -0.819732 9.791252 9.791252 
514.000000 216 2.000000 0.479234 11.244384 -2.063103 1.322993 6.006704 6.006704 
514.000000 217 2.000000 0.650559 7.932272 1.084263 1.808558 4.446510 4.446510 
514.000000 218 2.000000 0.003104 0.020679 -4.984474 -4.393150 44.144756 44.144756 
514.000000 219 2.000000 0.164506 10.699810 -2.784978 -0.177559 7.787629 7.787629 
514.000000 220 2.000000 0.999999 2.196893 -4.727259 -0.592995 22.698623 22.698623 
514.000000 221 2.000000 0.640900 17.165728 4.272663 -4.360416 37.268876 37.268876 
514.000000 222 2.000000 0.084196 3.269816 -3.052676 1.000487 10.319806 10.319806 
514.000000 223 2.000000 0.328230 5.288580 6.564583 6.610723 86.795416 86.795416 
514.000000 224 2.000000 0.188584 5.255897 3.771651 0.149545 14.247715 14.247715 
514.000000 225 2.000000 0.565092 11.805943 0.332406 0.384774 0.258545 0.258545 
514.000000 226 2.000000 0.182146 0.274144 0.253459 1.333579 1.842675 1.842675 
514.000000 227 2.000000 0.720882 17.009446 -5.582339 4.653916 52.821443 52.821443 
514.000000 228 2.000000 0.053780 1.935369 1.075578 -1.583281 3.663647 3.663647 
514.000000 229 2.000000 0.136757 17.172711 2.735113 -8.077966 72.734383 72.734383 
514.000000 230 2.000000 0.309799 14.708325 3.097982 -0.193882 9.635082 9.635082 
514.000000 231 2.000000 0.938719 12.735808 2.682050 -0.389126 7.344813 7.344813 
514.000000 232 2.000000 0.999999 1.907813 -4.216329 7.631249 76.013389 76.013389 
514.000000 233 2.000000 0.764058 19.389994 -1.572942 3.490659 14.658847 14.658847 
514.000000 234 2.000000 0.439046 18.185133 -0.801361 -0.121679 0.656985 0.656985 
514.000000 235 2.000000 0.204894 9.757297 4.097860 4.235661 34.733277 34.733277 
514.000000 236 2.000000 0.795312 1.413951 -1.023434 0.759457 1.624192 1.624192 
514.000000 237 2.000000 0.887509 1.795180 -1.124903 2.746586 8.809140 8.809140 
514.000000 238 2.000000 0.546041 7.744575 0.910067 2.073747 5.128647 5.128647 
514.000000 239 2.000000 0.302040 18.074237 0.613935 -3.144529 10.264980 10.264980 
514.000000 240 2.000000 0.326392 4.301745 -6.736071 3.584787 58.225356 58.225356 
514.000000 241 2.000000 0.573143 7.702541 -4.268562 -1.684178 21.057078 21.057078 
514.000000 242 2.000000 0.012011 17.146194 -2.469970 -0.250922 6.163713 6.163713 
514.000000 243 2.000000 0.078256 0.171569 0.036398 1.715677 2.944872 2.944872 
514.000000 244 2.000000 0.892990 10.973013 8.929893 -1.323260 81.494004 81.494004 
514.000000 245 2.000000 0.283275 14.981582 2.832742 -0.208680 8.067973 8.067973 
514.000000 246 2.000000 0.703364 15.601968 -5.610742 -0.322910 31.584693 31.584693 
514.000000 247 2.000000 0.380287 17.756433 1.086530 0.493325 1.423917 1.423917 
514.000000 248 2.000000 0.628065 5.822002 -3.719337 2.241970 18.859897 18.859897 
514.000000 249 2.000000 0.269645 8.124852 5.392879 -7.940871 92.140570 92.140570 
514.000000 250 2.000000 0.950194 13.178508 0.055037 -0.725687 0.529650 0.529650 
514.000000 251 2.000000 0.718117 8.171414 -1.879211 3.142851 13.408947 13.408947 
514.000000 252 2.000000 0.000001 5.571443 5.640808 0.673424 32.272220 32.272220 
514.000000 253 2.000000 0.037559 11.775805 0.751150 2.002020 4.572313 4.572313 
514.000000 254 2.000000 0.999999 11.053926 -6.139675 3.431507 49.470849 49.470849 
514.000000 255 2.000000 0.080158 18.661229 -3.066138 0.122088 9.416109 9.416109 
514.000000 256 2.000000 0.455618 4.275203 -1.209736 0.988666 2.440922 2.440922 
514.000000 257 2.000000 0.345190 4.553540 -0.654809 -3.947948 16.015073 16.015073 
514.000000 258 2.000000 0.921865 16.427764 3.072880 -0.892800 10.239685 10.239685 
514.000000 259 2.000000 0.058826 1.466424 -4.810325 -1.369891 25.015826 25.015826 
514.000000 260 2.000000 0.673174 8.857593 -2.178832 0.421947 4.925348 4.925348 
514.000000 261 2.000000 0.041879 19.970041 -0.021519 0.277522 0.077482 0.077482 
514.000000 262 2.000000 0.999999 9.164929 -0.955629 4.262757 19.084323 19.084323 
514.000000 263 2.000000 0.399836 5.126181 -4.001086 4.017564 32.149509 32.149509 
514.000000 264 2.000000 0.404833 14.763119 0.736058 4.374439 19.677496 19.677496 
514.000000 265 2.000000 0.544495 10.857725 0.518565 -0.131723 0.286261 0.286261 
514.000000 266 2.000000 0.111398 10.932175 -1.367078 -0.804028 2.515363 2.515363 
514.000000 267 2.000000 0.999999 1.657279 -1.648509 -1.645912 5.426606 5.426606 
514.000000 268 2.000000 0.188069 0.274018 -1.398523 5.517478 32.398432 32.398432 
514.000000 269 2.000000 0.999999 15.752937 -2.779949 2.459335 13.776443 13.776443 
514.000000 270 2.000000 0.129312 1.944105 0.235111 -2.782783 7.799156 7.799156 
514.000000 271 2.000000 0.871865 12.616230 -2.562689 1.468400 8.723575 8.723575 
514.000000 272 2.000000 0.700153 10.236976 -0.113846 -0.026373 0.013656 0.013656 
514.000000 273 2.000000 0.000001 1.686055 2.208554 -7.916185 67.543694 67.543694 
514.000000 274 2.000000 0.458692 1.795552 -2.706537 2.565073 13.904943 13.904943 
514.000000 275 2.000000 0.267125 2.793353 -0.349688 -1.622355 2.754317 2.754317 
514.000000 276 2.000000 0.313711 0.449779 6.274192 -3.773707 53.606353 53.606353 
514.000000 277 2.000000 0.758905 19.711565 2.529679 1.292501 8.069833 8.069833 
514.000000 278 2.000000 0.000001 8.565454 2.688556 -0.596940 7.584670 7.584670 
514.000000 279 2.000000 0.345666 5.747598 6.913308 -0.957467 48.710567 48.710567 
514.000000 280 2.000000 0.213634 17.734262 1.424218 -7.552457 59.068005 59.068005 
514.000000 281 2.000000 0.735276 7.599879 -0.441204 -0.630659 0.592392 0.592392 
514.000000 282 2.000000 0.978915 1.752960 2.796898 1.524312 10.146167 10.146167 
514.000000 283 2.000000 0.013320 9.434606 0.088791 -3.107469 9.664245 9.664245 
514.000000 284 2.000000 0.755153 3.104886 2.517172 2.146672 10.944357 10.944357 
514.000000 285 2.000000 0.041749 12.715991 0.834963 7.064439 50.603463 50.603463 
514.000000 286 2.000000 0.125321 12.672469 3.077624 1.992674 13.442516 13.442516 
514.000000 287 2.000000 0.999999 3.147364 -2.572063 5.722479 39.362274 39.362274 
514.000000 288 2.000000 0.885397 3.892391 -2.292036 -2.159326 9.916121 9.916121 
514.000000 289 2.000000 0.472687 13.816795 1.890742 5.074920 29.329721 29.329721 
514.000000 290 2.000000 0.999999 19.840152 -3.862642 -1.598471 17.475115 17.475115 
514.000000 291 2.000000 0.999999 17.798206 -3.812567 4.098777 31.335646 31.335646 
514.000000 292 2.000000 0.883643 9.301991 -0.775705 -2.208800 5.480515 5.480515 
514.000000 293 2.000000 0.416717 2.053434 2.778106 0.725527 8.244264 8.244264 
514.000000 294 2.000000 0.616281 18.148112 4.108532 5.041142 42.293147 42.293147 
514.000000 295 2.000000 0.999999 3.867941 -3.411136 -1.071216 12.783349 12.783349 
514.000000 296 2.000000 0.234153 2.237450 -7.658459 0.704016 59.147628 59.147628 
514.000000 297 2.000000 0.789966 18.551775 7.899650 0.145364 62.425593 62.425593 
514.000000 298 2.000000 0.441442 16.337408 4.414408 2.192941 24.295985 24.295985 
514.000000 299 2.000000 0.536251 5.999863 -2.318742 -3.722958 19.236983 19.236983 
514.000000 300 2.000000 0.736085 11.944753 -5.278288 -4.714835 50.089994 50.089994 
514.000000 301 2.000000 0.129556 12.683712 2.185497 0.597173 5.133013 5.133013 
514.000000 302 2.000000 0.000001 17.813539 6.594152 2.352139 49.015400 49.015400 
514.000000 303 2.000000 0.920762 16.512325 -0.792365 -6.202762 39.102102 39.102102 
514.000000 304 2.000000 0.271664 17.176182 0.237245 -3.315785 11.050715 11.050715 
514.000000 305 2.000000 0.107421 6.680346 2.148401 0.738075 5.160382 5.160382 
514.000000 306 2.000000 0.477990 17.685962 -3.480059 -2.571152 18.721632 18.721632 
514.000000 307 2.000000 0.374783 15.394699 -6.252162 1.914478 42.754749 42.754749 
514.000000 308 2.000000 0.702033 11.695856 1.002902 -2.237028 6.010106 6.010106 
514.000000 309 2.000000 0.629702 2.054435 -3.702970 -0.141197 13.731920 13.731920 
514.000000 310 2.000000 0.000001 12.364948 3.563820 -6.047898 49.277877 49.277877 
514.000000 311 2.000000 0.999999 2.550563 -4.193358 3.923941 32.981567 32.981567 
514.000000 312 2.000000 0.606650 0.874489 -0.874108 -1.347582 2.580042 2.580042 
514.000000 313 2.000000 0.504003 0.222319 10.080041 -2.193419 106.418321 106.418321 
514.000000 314 2.000000 0.268950 8.594996 5.378973 1.876231 32.453595 32.453595 
514.000000 315 2.000000 0.253177 13.875084 -0.829803 -2.340936 6.168553 6.168553 
514.000000 316 2.000000 0.640693 0.132203 -1.796532 -2.866349 11.443484 11.443484 
514.000000 317 2.000000 0.432595 6.689125 8.651873 1.593628 77.394560 77.394560 
514.000000 318 2.000000 0.371743 7.332485 3.717422 1.010218 14.839768 14.839768 
514.000000 319 2.000000 0.079596 17.138096 -4.602013 1.629096 23.832478 23.832478 
514.000000 320 2.000000 0.254795 17.699835 -2.980817 2.593109 15.609482 15.609482 
514.000000 321 2.000000 0.445303 19.336452 2.968678 1.547078 11.206502 11.206502 
514.000000 322 2.000000 0.261252 14.394685 -1.641661 2.836111 10.738573 10.738573 
514.000000 323 2.000000 0.233988 4.237837 2.339872 -0.075963 5.480773 5.480773 
514.000000 324 2.000000 0.553449 1.509988 -8.931002 -2.940714 88.410602 88.410602 
514.000000 325 2.000000 0.304296 18.318641 -2.319009 2.298153 10.659310 10.659310 
514.000000 326 2.000000 0.302036 12.769985 -0.734698 2.715150 7.911823 7.911823 
514.000000 327 2.000000 0.000001 7.928154 1.575491 1.867057 5.968074 5.968074 
514.000000 328 2.000000 0.162154 9.850803 -2.792816 3.583076 20.638254 20.638254 
514.000000 329 2.000000 0.235038 15.971827 -1.390838 -2.067851 6.210438 6.210438 
514.000000 330 2.000000 0.817159 4.267881 -1.828401 -0.228556 3.395289 3.395289 
514.000000 331 2.000000 0.863342 9.736696 -0.683287 1.667976 3.249026 3.249026 
514.000000 332 2.000000 0.095218 10.194688 0.211594 4.705512 22.186611 22.186611 
514.000000 333 2.000000 0.179234 16.347946 -3.896809 3.267844 25.863931 25.863931 
514.000000 334 2.000000 0.999999 2.573437 -0.855295 -1.211134 2.198374 2.198374 
514.000000 335 2.000000 0.356969 9.180710 3.569679 -1.743779 15.783373 15.783373 
514.000000 336 2.000000 0.352015 5.559018 3.520139 -2.977522 21.257016 21.257016 
514.000000 337 2.000000 0.752124 12.107532 -1.652499 -2.320955 8.117584 8.117584 
514.000000 338 2.000000 0.735368 19.104589 2.451225 -8.954103 86.184459 86.184459 
514.000000 339 2.000000 0.439835 0.433070 -0.487100 4.330692 18.992155 18.992155 
514.000000 340 2.000000 0.619334 5.113434 -1.340241 -2.346269 7.301223 7.301223 
514.000000 341 2.000000 0.999999 7.257817 -7.875210 3.907965 77.291124 77.291124 
514.000000 342 2.000000 0.218526 12.047266 -1.953683 2.505005 10.091928 10.091928 
514.000000 343 2.000000 0.384620 9.889824 2.564130 -4.473110 26.583475 26.583475 
514.000000 344 2.000000 0.850709 16.690485 2.835694 -5.091560 33.965144 33.965144 
514.000000 345 2.000000 0.212097 7.915341 0.184431 0.082485 0.040819 0.040819 
514.000000 346 2.000000 0.447513 6.561801 -5.524862 -8.968689 110.961479 110.961479 
514.000000 347 2.000000 0.594468 1.976238 -4.055314 -10.018104 116.807975 116.807975 
514.000000 348 2.000000 0.361686 6.522450 3.616855 1.871818 16.585340 16.585340 
514.000000 349 2.000000 0.870688 2.698479 1.371541 1.234701 3.405609 3.405609 
514.000000 350 2.000000 0.563213 12.291250 3.754748 2.213595 18.998132 18.998132 
514.000000 351 2.000000 0.255369 16.637452 2.553683 -4.803639 29.596245 29.596245 
514.000000 352 2.000000 0.080605 9.826000 1.612075 -1.616469 5.211758 5.211758 
514.000000 353 2.000000 0.238295 3.214158 2.382935 -2.551250 12.187256 12.187256 
514.000000 354 2.000000 0.191472 13.601596 0.765882 3.336789 11.720734 11.720734 
514.000000 355 2.000000 0.127882 8.261498 -8.721173 -1.306230 77.765103 77.765103 
514.000000 356 2.000000 0.372779 17.024820 -4.302644 2.986499 27.431919 27.431919 
514.000000 357 2.000000 0.000001 19.855930 4.267104 -2.881388 26.510569 26.510569 
514.000000 358 2.000000 0.940020 7.256933 1.457857 -2.686774 9.344100 9.344100 
514.000000 359 2.000000 0.516765 4.836977 -0.474641 1.729989 3.218144 3.218144 
514.000000 360 2.000000 0.234428 3.649811 -0.956964 0.444778 1.113607 1.113607 
514.000000 361 2.000000 0.429135 0.737800 1.430446 4.918660 26.239393 26.239393 
514.000000 362 2.000000 0.763004 13.009162 -0.215450 0.529959 0.327275 0.327275 
514.000000 363 2.000000 0.412133 0.884860 8.242638 3.539435 80.468677 80.468677 
514.000000 364 2.000000 0.999999 7.368082 -3.784505 2.227890 19.285967 19.285967 
514.000000 365 2.000000 0.824156 0.035244 5.494368 -0.265858 30.258765 30.258765 
514.000000 366 2.000000 0.999999 7.806176 -1.512485 1.619189 4.909384 4.909384 
514.000000 367 2.000000 0.770669 17.522841 5.137790 -3.811012 40.920701 40.920701 
514.000000 368 2.000000 0.176568 18.002929 3.531343 -2.218967 17.394196 17.394196 
514.000000 369 2.000000 0.412000 7.683128 -5.879994 -0.940500 35.458868 35.458868 
514.000000 370 2.000000 0.070966 4.634695 0.074700 2.734683 7.484074 7.484074 
514.000000 371 2.000000 0.105102 10.450630 -2.988215 -1.910973 12.581247 12.581247 
514.000000 372 2.000000 0.042350 7.253254 0.846981 0.129377 0.734115 0.734115 
514.000000 373 2.000000 0.888725 1.072071 4.420061 0.991793 20.520597 20.520597 
514.000000 374 2.000000 0.925868 15.038365 3.086224 -2.753291 17.105391 17.105391 
514.000000 375 2.000000 0.123081 1.907945 -2.923061 -9.277976 94.625132 94.625132 
514.000000 376 2.000000 0.141670 17.554377 -1.716658 2.351603 8.476949 8.476949 
514.000000 377 2.000000 0.177700 0.429264 3.553983 2.213260 17.529319 17.529319 
514.000000 378 2.000000 0.085767 12.665314 1.715319 -1.720827 5.903565 5.903565 
514.000000 379 2.000000 0.412205 19.069197 2.748030 3.466819 19.570500 19.570500 
514.000000 380 2.000000 0.294646 16.281665 1.964301 0.766329 4.445740 4.445740 
514.000000 381 2.000000 0.000001 9.640078 5.435114 5.505405 59.849944 59.849944 
514.000000 382 2.000000 0.668457 11.921343 3.376222 -3.285400 22.192727 22.192727 
514.000000 383 2.000000 0.458232 1.718465 -5.417675 5.728215 62.163642 62.163642 
514.000000 384 2.000000 0.737919 14.566485 0.791684 -4.004094 16.659531 16.659531 
514.000000 385 2.000000 0.384186 15.931683 3.841850 0.988641 15.737224 15.737224 
514.000000 386 2.000000 0.532739 16.755828 3.551584 0.375235 12.754553 12.754553 
514.000000 387 2.000000 0.787876 7.708859 -4.242469 -1.662255 20.761633 20.761633 
514.000000 388 2.000000 0.274278 16.744107 -2.440798 1.918720 9.638979 9.638979 
514.000000 389 2.000000 0.176097 17.258886 3.521928 -0.835660 13.102306 13.102306 
514.000000 390 2.000000 0.348650 14.903953 1.162162 -0.159927 1.376197 1.376197 
514.000000 391 2.000000 0.281674 6.606077 1.033744 -0.963631 1.997212 1.997212 
514.000000 392 2.000000 0.242911 7.312024 -3.785440 0.476152 14.556273 14.556273 
514.000000 393 2.000000 0.999999 15.980248 -0.698760 0.468620 0.707870 0.707870 
514.000000 394 2.000000 0.176474 18.309292 -5.490167 -0.704461 30.638197 30.638197 
514.000000 395 2.000000 0.275196 18.416926 -0.247757 -1.407894 2.043549 2.043549 
514.000000 396 2.000000 0.250464 19.851249 1.669750 -2.974997 11.638674 11.638674 
514.000000 397 2.000000 0.549403 7.612542 1.220894 -0.069631 1.495431 1.495431 
514.000000 398 2.000000 0.257346 0.465814 1.286724 -3.106408 11.305430 11.305430 
514.000000 399 2.000000 0.276880 15.997257 0.922929 -4.213413 18.604644 18.604644 
514.000000 400 2.000000 0.000001 13.458877 2.949881 -1.657834 11.450211 11.450211 
514.000000 401 2.000000 0.279280 2.419727 -1.601599 5.377170 31.479074 31.479074 
514.000000 402 2.000000 0.264490 12.299361 2.644894 1.461427 9.131232 9.131232 
514.000000 403 2.000000 0.646184 19.327355 6.461826 4.394725 61.068808 61.068808 
514.000000 404 2.000000 0.915612 12.913522 -1.687741 0.142056 2.868650 2.868650 
514.000000 405 2.000000 0.449237 17.092948 -5.507622 -0.642713 30.746984 30.746984 
514.000000 406 2.000000 0.829695 8.865256 5.531295 1.542683 32.975099 32.975099 
514.000000 407 2.000000 0.270524 16.217509 5.410463 -5.248697 56.821927 56.821927 
514.000000 408 2.000000 0.590564 6.067199 -2.047175 4.131535 21.260509 21.260509 
514.000000 409 2.000000 0.794827 13.001018 -4.103433 3.993701 32.787814 32.787814 
514.000000 410 2.000000 0.834302 8.164352 -1.656968 -2.386119 8.439107 8.439107 
514.000000 411 2.000000 0.324939 4.748507 -0.327291 3.098894 9.710262 9.710262 
514.000000 412 2.000000 0.725750 6.122291 0.725749 6.444516 42.058494 42.058494 
514.000000 413 2.000000 0.824365 6.454031 4.121822 -5.646261 48.869680 48.869680 
514.000000 414 2.000000 0.867894 6.249469 -2.642109 0.184234 7.014681 7.014681 
514.000000 415 2.000000 0.459647 5.701002 0.144317 6.707060 45.005477 45.005477 
514.000000 416 2.000000 0.999999 13.469203 -2.170678 -0.523032 4.985404 4.985404 
514.000000 417 2.000000 0.862133 19.021750 -1.456237 1.196272 3.551691 3.551691 
514.000000 418 2.000000 0.384579 1.782081 -1.538549 -5.299032 30.446870 30.446870 
514.000000 419 2.000000 0.812003 14.486722 8.120022 -6.121584 103.408557 103.408557 
514.000000 420 2.000000 0.200836 5.649343 -0.998954 5.649342 32.912972 32.912972 
514.000000 421 2.000000 0.775898 13.623078 3.879483 -1.748455 18.107486 18.107486 
514.000000 422 2.000000 0.385441 14.880515 2.569600 2.574232 13.229518 13.229518 
514.000000 423 2.000000 0.514308 13.515783 -1.214227 -1.490624 3.696309 3.696309 
514.000000 424 2.000000 0.000001 16.466628 8.938098 0.739808 80.436914 80.436914 
514.000000 425 2.000000 0.534592 1.412794 -1.329735 -7.909449 64.327580 64.327580 
514.000000 426 2.000000 0.425655 14.826204 -1.195100 1.979412 5.346336 5.346336 
514.000000 427 2.000000 0.634235 7.048006 6.342336 4.860693 63.851564 63.851564 
514.000000 428 2.000000 0.429646 5.659833 2.864298 3.059369 17.563938 17.563938 
514.000000 429 2.000000 0.156116 5.141311 -1.054854 -2.133098 5.662824 5.662824 
514.000000 430 2.000000 0.707018 14.467681 0.744229 -2.354178 6.096029 6.096029 
514.000000 431 2.000000 0.173803 5.589422 3.476037 -0.995625 13.074102 13.074102 
514.000000 432 2.000000 0.286171 6.588376 -3.441188 2.785379 19.600114 19.600114 
514.000000 433 2.000000 0.749560 3.498618 -0.500879 2.798894 8.084685 8.084685 
514.000000 434 2.000000 0.209234 17.307754 -3.163060 0.147812 10.026794 10.026794 
514.000000 435 2.000000 0.626031 12.653820 -7.479362 -0.979799 56.900867 56.900867 
514.000000 436 2.000000 0.910085 9.917016 0.274317 -8.574119 73.590773 73.590773 
514.000000 437 2.000000 0.012567 1.691764 2.434671 8.539673 78.853643 78.853643 
514.000000 438 2.000000 0.511054 15.288536 -1.099532 -1.267297 2.815012 2.815012 
514.000000 439 2.000000 0.222408 19.747478 2.224071 1.160657 6.293618 6.293618 
514.000000 440 2.000000 0.515139 17.113801 -0.067784 -3.848264 14.813731 14.813731 
514.000000 441 2.000000 0.742053 16.181767 7.282506 -0.430332 53.220081 53.220081 
514.000000 442 2.000000 0.291512 12.152570 -0.363327 3.866178 15.079340 15.079340 
514.000000 443 2.000000 0.776110 4.384281 2.587029 -4.461314 26.596036 26.596036 
514.000000 444 2.000000 0.725158 12.178481 0.478787 2.543013 6.696151 6.696151 
514.000000 445 2.000000 0.371032 2.225888 -1.397704 0.243795 2.013012 2.013012 
514.000000 446 2.000000 0.999999 15.708091 -4.193149 1.160913 18.930215 18.930215 
514.000000 447 2.000000 0.402761 18.486368 -2.986190 1.716188 11.862636 11.862636 
514.000000 448 2.000000 0.402221 8.106134 0.568012 4.947539 24.800779 24.800779 
514.000000 449 2.000000 0.582981 15.096150 -8.340359 3.276077 80.294273 80.294273 
514.000000 450 2.000000 0.450139 5.068758 4.501382 -5.691794 52.658962 52.658962 
514.000000 451 2.000000 0.205783 16.181346 1.449693 -1.354812 3.937125 3.937125 
514.000000 452 2.000000 0.000001 1.029331 1.821919 2.565865 9.903053 9.903053 
514.000000 453 2.000000 0.999999 10.406511 -5.505995 5.474146 60.282262 60.282262 
514.000000 454 2.000000 0.501293 2.445351 1.113982 -4.034460 17.517827 17.517827 
514.000000 455 2.000000 0.999999 16.431310 -8.685717 1.616873 78.055968 78.055968 
514.000000 456 2.000000 0.273404 10.658531 -0.403664 1.015009 1.193187 1.193187 
514.000000 457 2.000000 0.396156 14.014748 -0.805124 1.641354 3.342266 3.342266 
514.000000 458 2.000000 0.576438 9.812884 0.761310 4.195490 18.181729 18.181729 
514.000000 459 2.000000 0.000001 17.166100 5.295769 2.252719 33.119918 33.119918 
514.000000 460 2.000000 0.703951 19.414504 -1.184190 -5.854948 35.682724 35.682724 
514.000000 461 2.000000 0.418042 17.217222 -3.879710 4.507004 35.365238 35.365238 
514.000000 462 2.000000 0.564302 17.624753 -0.378867 2.720920 7.546944 7.546944 
514.000000 463 2.000000 0.436814 19.999999 1.248038 -2.506372 7.839498 7.839498 
514.000000 464 2.000000 0.375541 11.604943 -2.497831 5.538339 36.912362 36.912362 
514.000000 465 2.000000 0.000001 5.358341 3.743191 2.067324 18.285308 18.285308 
514.000000 466 2.000000 0.000001 15.485209 1.670074 -2.912767 11.273362 11.273362 
514.000000 467 2.000000 0.626128 16.249564 2.504508 -5.769900 39.564302 39.564302 
514.000000 468 2.000000 0.318092 7.041984 -1.450402 -0.399055 2.262910 2.262910 
514.000000 469 2.000000 0.523544 5.236157 1.495838 0.336742 2.350928 2.350928 
514.000000 470 2.000000 0.505450 15.811329 -0.659399 2.261932 5.551142 5.551142 
514.000000 471 2.000000 0.595104 18.374170 -4.048949 2.936508 25.017068 25.017068 
514.000000 472 2.000000 0.201842 4.502613 -0.613967 -1.663488 3.144147 3.144147 
514.000000 473 2.000000 0.999999 1.115078 -5.644178 -4.885536 55.725210 55.725210 
514.000000 474 2.000000 0.949338 4.616863 -1.013219 -4.621641 22.386180 22.386180 
514.000000 475 2.000000 0.633213 13.063698 -3.667862 2.606915 20.249218 20.249218 
514.000000 476 2.000000 0.668464 6.791857 3.342317 2.597743 17.919356 17.919356 
514.000000 477 2.000000 0.127554 15.458391 1.275534 -2.620921 8.496213 8.496213 
514.000000 478 2.000000 0.483892 7.225659 0.358438 -6.975409 48.784814 48.784814 
514.000000 479 2.000000 0.538281 16.426915 2.494387 -4.282722 24.563676 24.563676 
514.000000 480 2.000000 0.279884 18.246894 1.399413 -2.046722 6.147428 6.147428 
514.000000 481 2.000000 0.483900 7.940841 3.225995 2.380733 16.074931 16.074931 
514.000000 482 2.000000 0.356250 13.750450 -6.437493 -1.788798 44.641115 44.641115 
514.000000 483 2.000000 0.009228 18.408025 -5.067836 3.630476 38.863324 38.863324 
514.000000 484 2.000000 0.450287 3.502553 0.360229 -1.389698 2.061026 2.061026 
514.000000 485 2.000000 0.999999 18.893454 -2.545399 -2.766362 14.131816 14.131816 
514.000000 486 2.000000 0.116191 19.755240 -2.946025 -0.174828 8.709630 8.709630 
514.000000 487 2.000000 0.130495 14.556953 2.609881 -0.587008 7.156057 7.156057 
514.000000 488 2.000000 0.317979 5.835877 0.048494 3.890584 15.138996 15.138996 
514.000000 489 2.000000 0.999999 8.689241 -8.715857 -5.638118 107.754543 107.754543 
514.000000 490 2.000000 0.000001 15.838326 7.460545 -3.783339 69.973387 69.973387 
514.000000 491 2.000000 0.761286 6.728109 -4.774260 -0.360526 22.923539 22.923539 
514.000000 492 2.000000 0.999999 15.379495 -3.048126 0.795284 9.923548 9.923548 
514.000000 493 2.000000 0.750372 9.892981 0.441395 -1.188575 1.607540 1.607540 
514.000000 494 2.000000 0.743192 7.883292 1.486382 7.883291 64.355614 64.355614 
514.000000 495 2.000000 0.768551 18.821389 0.233580 2.396878 5.799583 5.799583 
514.000000 496 2.000000 0.999999 3.724787 -0.884209 1.665764 3.556594 3.556594 
514.000000 497 2.000000 0.611934 0.009438 4.079556 -7.494355 72.808138 72.808138 
514.000000 498 2.000000 0.745326 3.429286 -1.697822 0.241023 2.940691 2.940691 
514.000000 499 2.000000 0.879034 15.183062 0.403355 -1.676490 2.973313 2.973313 
514.000000 500 2.000000 0.062719 12.381961 1.254368 -6.272894 40.922633 40.922633 
