499.500000 1 2.000000 0.682311 9.166431 -1.160292 0.499078 1.595356 1.595356 
499.500000 2 2.000000 0.849181 10.210154 -1.736184 4.500528 23.269088 23.269088 
499.500000 3 2.000000 1.018999 11.373373 -8.748572 -7.273752 129.444977 129.444977 
499.500000 4 2.000000 0.572134 9.663786 -4.360925 2.222915 23.959016 23.959016 
499.500000 5 2.000000 0.405412 13.684341 -4.128582 5.892874 51.771155 51.771155 
499.500000 6 2.000000 0.655289 15.033711 -0.468329 2.598622 6.972169 6.972169 
499.500000 7 2.000000 0.649192 10.330653 6.491911 -4.529650 62.662637 62.662637 
499.500000 8 2.000000 0.041078 15.764875 -0.909656 1.875525 4.345066 4.345066 
499.500000 9 2.000000 0.121030 5.624894 2.420573 5.850362 40.085908 40.085908 
499.500000 10 2.000000 1.018999 13.905727 -6.958187 -1.154561 49.749372 49.749372 
499.500000 11 2.000000 0.119229 8.827829 2.384550 -2.273773 10.856122 10.856122 
499.500000 12 2.000000 0.000001 5.533739 5.442986 1.307005 31.334362 31.334362 
499.500000 13 2.000000 0.643527 10.792226 0.415178 2.395401 5.910320 5.910320 
499.500000 14 2.000000 0.213459 13.569873 -0.234667 -1.315220 1.784871 1.784871 
499.500000 15 2.000000 0.958730 0.238422 3.195763 -9.880788 107.842880 107.842880 
499.500000 16 2.000000 0.781995 2.547588 2.606647 2.099180 11.201165 11.201165 
499.500000 17 2.000000 0.558621 2.294724 1.015673 -0.556236 1.340991 1.340991 
499.500000 18 2.000000 0.249513 6.170596 4.990241 3.030781 34.088137 34.088137 
499.500000 19 2.000000 0.323399 9.767660 2.155987 6.169473 42.710671 42.710671 
499.500000 20 2.000000 0.000001 19.479676 2.643611 2.973996 15.833333 15.833333 
499.500000 21 2.000000 0.563190 8.639173 -5.111163 -4.127058 43.156589 43.156589 
499.500000 22 2.000000 1.018999 19.226977 -2.343704 -1.932554 9.227712 9.227712 
499.500000 23 2.000000 0.000001 15.906437 0.996980 -1.848225 4.409905 4.409905 
499.500000 24 2.000000 0.251271 2.825435 5.025391 -5.205939 52.356360 52.356360 
499.500000 25 2.000000 0.613763 6.877397 -4.090361 3.126089 26.503485 26.503485 
499.500000 26 2.000000 0.451448 12.628051 3.009649 -1.358731 10.904137 10.904137 
499.500000 27 2.000000 0.723368 5.310955 0.058212 -0.790256 0.627893 0.627893 
499.500000 28 2.000000 0.053702 2.260508 -4.864483 -5.400304 52.826481 52.826481 
499.500000 29 2.000000 0.441492 19.666087 -2.348026 1.322197 7.261433 7.261433 
499.500000 30 2.000000 0.236551 10.733762 1.577000 -2.196949 7.313513 7.313513 
499.500000 31 2.000000 0.264892 3.662480 5.297821 4.883305 51.913575 51.913575 
499.500000 32 2.000000 0.204373 8.969252 1.021862 -0.165891 1.071722 1.071722 
499.500000 33 2.000000 0.177117 17.238447 -0.375254 4.614712 21.436382 21.436382 
499.500000 34 2.000000 0.434235 1.785132 -5.885638 -1.413244 36.637995 36.637995 
499.500000 35 2.000000 0.876330 9.388547 2.921097 -0.981174 9.495512 9.495512 
499.500000 36 2.000000 0.573323 0.408136 -0.929352 4.081349 17.521102 17.521102 
499.500000 37 2.000000 0.398560 2.116933 3.985589 -4.485300 36.002835 36.002835 
499.500000 38 2.000000 0.000001 17.079123 1.411718 0.195719 2.031255 2.031255 
499.500000 39 2.000000 0.618422 4.555412 -2.708516 0.170242 7.365039 7.365039 
499.500000 40 2.000000 0.642081 0.229306 4.280532 2.293051 23.581040 23.581040 
499.500000 41 2.000000 0.679989 6.991564 1.699970 1.462531 5.028894 5.028894 
499.500000 42 2.000000 0.100040 4.567154 -0.181206 -0.426987 0.215154 0.215154 
499.500000 43 2.000000 0.194144 4.280150 -5.537035 -3.304992 41.581728 41.581728 
499.500000 44 2.000000 0.636075 15.912789 2.120247 0.607258 4.864210 4.864210 
499.500000 45 2.000000 0.249422 18.128818 4.988424 -4.077400 41.509558 41.509558 
499.500000 46 2.000000 0.749706 2.899554 2.998818 4.142219 26.150886 26.150886 
499.500000 47 2.000000 0.452132 11.884439 1.291804 2.933235 10.272626 10.272626 
499.500000 48 2.000000 0.000001 15.478383 2.269592 6.457095 46.845117 46.845117 
499.500000 49 2.000000 0.000001 12.092997 2.249126 5.054478 30.606315 30.606315 
499.500000 50 2.000000 0.821196 0.572659 -2.181439 -2.863559 12.958647 12.958647 
499.500000 51 2.000000 0.102755 0.891817 -2.655840 -0.454357 7.259924 7.259924 
499.500000 52 2.000000 0.193788 13.274122 -1.538383 6.986380 51.176123 51.176123 
499.500000 53 2.000000 0.000001 10.463865 3.455320 -1.564391 14.386555 14.386555 
499.500000 54 2.000000 1.018999 11.946427 -9.092329 3.270395 93.365930 93.365930 
499.500000 55 2.000000 0.261436 0.347011 1.742900 -1.074970 4.193261 4.193261 
499.500000 56 2.000000 0.880090 17.068823 -0.047576 -2.997611 8.987938 8.987938 
499.500000 57 2.000000 0.392224 14.735846 0.713132 0.089550 0.516576 0.516576 
499.500000 58 2.000000 1.018999 5.800659 -2.060874 4.698475 26.322869 26.322869 
499.500000 59 2.000000 1.018999 14.828212 -4.158415 4.908635 41.387111 41.387111 
499.500000 60 2.000000 1.016056 7.715607 5.080273 1.002458 26.814098 26.814098 
499.500000 61 2.000000 0.818716 14.530030 -0.483072 1.806082 3.495289 3.495289 
499.500000 62 2.000000 0.830579 8.118026 -3.806401 -0.193260 14.526040 14.526040 
499.500000 63 2.000000 0.624208 16.959822 -7.933821 -2.251983 68.016947 68.016947 
499.500000 64 2.000000 0.187104 4.539113 3.742057 -0.635217 14.406490 14.406490 
499.500000 65 2.000000 0.076187 11.371844 -6.323410 -2.003852 44.000937 44.000937 
499.500000 66 2.000000 0.850637 3.479812 -3.405244 -2.002348 15.605086 15.605086 
499.500000 67 2.000000 0.561160 9.364897 3.741060 -3.474046 26.064529 26.064529 
499.500000 68 2.000000 0.187642 18.450756 -1.549558 -2.816805 10.335523 10.335523 
499.500000 69 2.000000 0.810956 2.307217 -0.632408 0.568931 0.723623 0.723623 
499.500000 70 2.000000 0.201701 12.266261 -0.143458 0.401699 0.181942 0.181942 
499.500000 71 2.000000 0.269423 9.550542 -0.787576 -4.179783 18.090859 18.090859 
499.500000 72 2.000000 0.043534 16.918460 0.435332 -0.212207 0.234546 0.234546 
499.500000 73 2.000000 0.431389 11.365894 -5.914103 -4.211759 52.715526 52.715526 
499.500000 74 2.000000 0.520248 2.033774 10.404932 -2.421394 114.125759 114.125759 
499.500000 75 2.000000 0.973297 6.769496 -0.266510 0.551648 0.375344 0.375344 
499.500000 76 2.000000 0.000001 13.548740 3.104515 0.424870 9.818527 9.818527 
499.500000 77 2.000000 0.649122 2.679548 0.344473 -3.447822 12.006136 12.006136 
499.500000 78 2.000000 0.199713 1.581139 -5.499908 -2.759864 37.865834 37.865834 
499.500000 79 2.000000 0.559563 14.939473 0.378893 2.575291 6.775686 6.775686 
499.500000 80 2.000000 0.864283 10.091754 2.997349 1.490703 11.206295 11.206295 
499.500000 81 2.000000 0.489745 5.633349 -0.519140 4.506678 20.579655 20.579655 
499.500000 82 2.000000 0.816135 12.853908 -2.066642 0.365788 4.404809 4.404809 
499.500000 83 2.000000 0.192862 19.190855 3.857221 3.356770 26.146056 26.146056 
499.500000 84 2.000000 0.758306 13.821850 -5.251859 -11.232737 153.756395 153.756395 
499.500000 85 2.000000 0.273645 8.689403 -3.764772 0.049428 14.175950 14.175950 
499.500000 86 2.000000 0.227505 3.549144 -3.995469 0.232084 16.017634 16.017634 
499.500000 87 2.000000 0.181727 13.750340 3.634514 -1.540020 15.581357 15.581357 
499.500000 88 2.000000 0.188734 3.645414 1.258219 0.296182 1.670837 1.670837 
499.500000 89 2.000000 1.019000 1.370230 -0.021228 -12.410360 154.017475 154.017475 
499.500000 90 2.000000 0.502686 3.506249 -1.759042 5.394228 32.191922 32.191922 
499.500000 91 2.000000 0.692116 13.624767 0.829837 4.608597 21.927794 21.927794 
499.500000 92 2.000000 0.009457 16.127387 0.189118 0.956281 0.950240 0.950240 
499.500000 93 2.000000 0.667563 15.825459 1.668905 -2.385451 8.475623 8.475623 
499.500000 94 2.000000 0.744886 2.130144 4.965902 0.994441 25.649092 25.649092 
499.500000 95 2.000000 0.264267 0.994588 -0.212293 0.828823 0.732015 0.732015 
499.500000 96 2.000000 0.941460 1.919746 3.138197 0.494093 10.092411 10.092411 
499.500000 97 2.000000 0.298660 15.057864 1.493293 -1.497617 4.472778 4.472778 
499.500000 98 2.000000 0.404039 7.634320 1.616153 2.175650 7.345403 7.345403 
499.500000 99 2.000000 0.122152 2.055024 2.443021 2.055023 10.191471 10.191471 
499.500000 100 2.000000 0.819626 3.681317 2.341786 0.240903 5.541995 5.541995 
499.500000 101 2.000000 0.760801 2.950308 3.323728 10.587364 123.139450 123.139450 
499.500000 102 2.000000 0.509309 7.985430 1.455166 -0.652393 2.543123 2.543123 
499.500000 103 2.000000 0.443035 7.563783 0.110198 2.521261 6.368899 6.368899 
499.500000 104 2.000000 0.255896 18.777140 -2.218295 0.469474 5.141239 5.141239 
499.500000 105 2.000000 0.252876 5.737284 5.057503 0.732410 26.114757 26.114757 
499.500000 106 2.000000 0.718897 4.666287 -0.410053 -3.949162 15.764026 15.764026 
499.500000 107 2.000000 0.270182 9.230944 5.403622 -2.131331 33.741706 33.741706 
499.500000 108 2.000000 1.018999 2.396113 -5.853664 4.009548 50.341853 50.341853 
499.500000 109 2.000000 0.888567 3.625538 1.184754 1.335886 3.188234 3.188234 
499.500000 110 2.000000 0.199306 10.972816 3.986096 0.292310 15.974404 15.974404 
499.500000 111 2.000000 0.938250 7.223285 2.680711 -1.247130 8.741548 8.741548 
499.500000 112 2.000000 0.917371 14.856315 -2.070563 1.974134 8.184433 8.184433 
499.500000 113 2.000000 0.866555 8.052136 -0.546147 -5.263300 28.000603 28.000603 
499.500000 114 2.000000 0.153299 8.973695 3.065963 4.705481 31.541677 31.541677 
499.500000 115 2.000000 0.526892 14.154814 -4.959075 -1.582457 27.096593 27.096593 
499.500000 116 2.000000 0.499932 16.083238 -2.114266 -0.943798 5.360876 5.360876 
499.500000 117 2.000000 0.808594 17.724122 -4.246104 2.774478 25.727125 25.727125 
499.500000 118 2.000000 0.347942 18.439000 -1.258104 -0.975624 2.534669 2.534669 
499.500000 119 2.000000 0.000001 10.873886 9.327991 1.018659 88.049077 88.049077 
499.500000 120 2.000000 0.682062 6.021551 0.545649 -2.261446 5.411873 5.411873 
499.500000 121 2.000000 1.018999 18.233744 -7.181313 0.798173 52.208338 52.208338 
499.500000 122 2.000000 1.018999 5.689454 -8.938854 -2.225222 84.854731 84.854731 
499.500000 123 2.000000 0.736662 11.602699 2.890060 -4.464619 28.285268 28.285268 
499.500000 124 2.000000 0.372914 8.587456 1.491651 -3.347456 13.430486 13.430486 
499.500000 125 2.000000 0.836234 11.857941 2.389236 1.723144 8.677673 8.677673 
499.500000 126 2.000000 1.018999 6.887748 -3.058299 -6.405234 50.380217 50.380217 
499.500000 127 2.000000 0.305794 11.767218 -2.890820 -5.446924 38.025820 38.025820 
499.500000 128 2.000000 0.970140 11.936876 1.940277 1.190785 5.182646 5.182646 
499.500000 129 2.000000 0.679106 8.120432 0.905473 1.754231 3.897210 3.897210 
499.500000 130 2.000000 0.005284 18.795839 -1.389620 -0.547346 2.230630 2.230630 
499.500000 131 2.000000 0.382828 19.989338 -2.582685 0.490507 6.910857 6.910857 
499.500000 132 2.000000 1.018999 14.070402 -12.483407 -5.156171 182.421553 182.421553 
499.500000 133 2.000000 0.633779 6.312620 -7.742401 -0.212553 59.989952 59.989952 
499.500000 134 2.000000 0.000001 10.588459 4.421216 -3.427782 31.296839 31.296839 
499.500000 135 2.000000 0.288691 0.295482 -2.472359 -1.013350 7.139437 7.139437 
499.500000 136 2.000000 0.991521 19.479009 4.957599 -2.083960 28.920682 28.920682 
499.500000 137 2.000000 0.767356 18.282332 -0.079432 4.654315 21.668960 21.668960 
499.500000 138 2.000000 0.687100 15.788168 -6.675977 -0.708102 45.070082 45.070082 
499.500000 139 2.000000 0.773029 17.816565 1.100337 -2.571091 7.821250 7.821250 
499.500000 140 2.000000 0.807574 2.941520 1.076764 0.631411 1.558101 1.558101 
499.500000 141 2.000000 0.317194 19.288079 -1.117700 2.740093 8.757364 8.757364 
499.500000 142 2.000000 0.444686 18.693377 -0.755891 -0.382891 0.717976 0.717976 
499.500000 143 2.000000 0.149468 19.156366 -2.522374 0.227041 6.413918 6.413918 
499.500000 144 2.000000 0.322594 18.233667 1.612963 2.512910 8.916368 8.916368 
499.500000 145 2.000000 0.736643 15.165555 -1.167424 -0.397867 1.521177 1.521177 
499.500000 146 2.000000 1.018999 6.003596 -3.240630 1.517211 12.803615 12.803615 
499.500000 147 2.000000 0.191733 3.399787 1.917324 1.408166 5.659062 5.659062 
499.500000 148 2.000000 0.795297 14.494293 -4.512033 2.213235 25.256855 25.256855 
499.500000 149 2.000000 0.182895 16.397261 3.657886 -2.439125 19.329459 19.329459 
499.500000 150 2.000000 0.000001 6.639873 6.091417 -1.162629 38.457065 38.457065 
499.500000 151 2.000000 0.013353 7.766860 -2.552115 3.375868 17.909776 17.909776 
499.500000 152 2.000000 0.380042 19.190576 2.533605 -2.698077 13.698771 13.698771 
499.500000 153 2.000000 0.792525 8.646350 2.135558 -0.751617 5.125536 5.125536 
499.500000 154 2.000000 0.896006 10.968888 -2.497866 0.658190 6.672548 6.672548 
499.500000 155 2.000000 0.207735 15.507539 1.384893 0.115247 1.931211 1.931211 
499.500000 156 2.000000 1.018999 10.438533 -5.426631 0.459850 29.659791 29.659791 
499.500000 157 2.000000 0.236350 16.918306 3.806363 -3.942499 30.031700 30.031700 
499.500000 158 2.000000 0.335238 6.658666 -1.991604 6.125358 41.486493 41.486493 
499.500000 159 2.000000 0.216798 5.173505 -2.712002 0.620963 7.740551 7.740551 
499.500000 160 2.000000 0.260744 6.549173 0.401143 0.136497 0.179547 0.179547 
499.500000 161 2.000000 1.018999 19.871765 -1.905507 -0.641172 4.042058 4.042058 
499.500000 162 2.000000 0.187079 5.933266 0.623592 2.780912 8.122342 8.122342 
499.500000 163 2.000000 0.360708 14.357438 1.030590 -0.782674 1.674694 1.674694 
499.500000 164 2.000000 0.309842 12.754522 0.619682 2.319004 5.761785 5.761785 
499.500000 165 2.000000 0.305515 11.811154 0.509190 1.316496 1.992437 1.992437 
499.500000 166 2.000000 0.300232 8.080829 2.001541 -2.259392 9.111017 9.111017 
499.500000 167 2.000000 0.220831 1.693540 -0.333119 -0.779481 0.718559 0.718559 
499.500000 168 2.000000 0.176444 3.230725 3.528857 -1.307745 14.163030 14.163030 
499.500000 169 2.000000 0.355575 19.005826 7.111484 -3.976692 66.387276 66.387276 
499.500000 170 2.000000 0.851149 10.815176 -3.394997 4.631198 32.973997 32.973997 
499.500000 171 2.000000 0.249585 11.219411 -2.236326 0.333623 5.112457 5.112457 
499.500000 172 2.000000 0.241873 7.688835 -1.980814 -0.965319 4.855466 4.855466 
499.500000 173 2.000000 0.977225 3.217822 -0.873484 -2.471966 6.873588 6.873588 
499.500000 174 2.000000 0.328846 12.325900 3.288445 4.833686 34.178389 34.178389 
499.500000 175 2.000000 0.422138 16.555037 -3.022307 -4.900685 33.151059 33.151059 
499.500000 176 2.000000 0.842070 5.392112 -3.576575 1.404451 14.764371 14.764371 
499.500000 177 2.000000 0.000001 13.551335 2.111865 -0.730597 4.993747 4.993747 
499.500000 178 2.000000 0.000001 9.488818 5.088849 0.905368 26.716080 26.716080 
499.500000 179 2.000000 0.016877 19.821039 -3.378405 -3.579200 24.224293 24.224293 
499.500000 180 2.000000 0.499000 7.446695 4.989990 1.210522 26.365366 26.365366 
499.500000 181 2.000000 0.388435 6.145631 7.768689 5.121358 86.580839 86.580839 
499.500000 182 2.000000 0.000001 16.197008 1.218869 0.238809 1.542671 1.542671 
499.500000 183 2.000000 0.445504 11.259050 4.455031 -0.942329 20.735284 20.735284 
499.500000 184 2.000000 0.667577 10.637481 2.670306 -2.568027 13.725296 13.725296 
499.500000 185 2.000000 0.274334 13.071529 5.486654 -0.355202 30.229540 30.229540 
499.500000 186 2.000000 0.922423 15.560409 0.341255 -6.333923 40.235032 40.235032 
499.500000 187 2.000000 0.664252 7.398255 -3.585469 -1.050691 13.959540 13.959540 
499.500000 188 2.000000 0.863633 4.715605 -3.145323 1.121844 11.151588 11.151588 
499.500000 189 2.000000 0.979460 9.036824 1.399227 0.082382 1.964624 1.964624 
499.500000 190 2.000000 0.179859 1.492524 3.597160 2.985047 21.850062 21.850062 
499.500000 191 2.000000 0.062803 18.203586 0.104670 1.054012 1.121897 1.121897 
499.500000 192 2.000000 0.000001 14.203099 8.014136 0.768749 64.817344 64.817344 
499.500000 193 2.000000 0.435246 2.524837 -3.929688 1.485198 17.648257 17.648257 
499.500000 194 2.000000 0.578230 8.379705 -8.853386 -1.071623 79.530819 79.530819 
499.500000 195 2.000000 0.697289 0.064268 -0.532938 -4.204436 17.961304 17.961304 
499.500000 196 2.000000 0.145167 10.741503 -1.545949 1.271219 4.005956 4.005956 
499.500000 197 2.000000 0.554722 18.366214 -4.680770 -1.485259 24.115600 24.115600 
499.500000 198 2.000000 0.874161 12.236242 -1.486380 1.520487 4.521207 4.521207 
499.500000 199 2.000000 0.990497 15.249263 1.650826 2.355991 8.275920 8.275920 
499.500000 200 2.000000 0.394397 9.852572 -2.536409 -2.559300 12.983387 12.983387 
499.500000 201 2.000000 0.223911 13.862504 -0.568059 -5.845234 34.489446 34.489446 
499.500000 202 2.000000 1.018999 1.508682 -3.701864 -1.278201 15.337596 15.337596 
499.500000 203 2.000000 0.139461 10.918446 0.557841 0.908938 1.137354 1.137354 
499.500000 204 2.000000 0.459517 3.225863 1.927245 0.444666 3.911999 3.911999 
499.500000 205 2.000000 0.739542 6.372773 -2.832568 -5.364104 36.797046 36.797046 
499.500000 206 2.000000 0.603429 9.757218 2.413712 2.141582 10.412381 10.412381 
499.500000 207 2.000000 0.949066 5.670100 6.327101 0.160356 40.057920 40.057920 
499.500000 208 2.000000 0.229131 2.250652 4.582600 -1.791215 24.208676 24.208676 
499.500000 209 2.000000 0.000001 9.283030 5.514554 -0.744680 30.964851 30.964851 
499.500000 210 2.000000 0.776034 3.512725 3.880163 -0.889800 15.847412 15.847412 
499.500000 211 2.000000 0.000001 13.250361 10.945576 0.517861 120.073807 120.073807 
499.500000 212 2.000000 0.581162 10.798345 1.839546 -3.229198 13.811650 13.811650 
499.500000 213 2.000000 0.351882 11.609290 1.172935 3.420398 13.074901 13.074901 
499.500000 214 2.000000 0.621125 9.776763 0.641797 -1.498475 2.657329 2.657329 
499.500000 215 2.000000 0.931186 5.130193 -1.794253 -2.128144 7.748340 7.748340 
499.500000 216 2.000000 0.655896 0.892423 -1.248344 2.974741 10.407448 10.407448 
499.500000 217 2.000000 0.514634 5.586599 0.180573 0.742714 0.584230 0.584230 
499.500000 218 2.000000 0.867197 4.214894 5.781304 -2.775986 41.129579 41.129579 
499.500000 219 2.000000 0.735630 1.029959 -2.871687 1.211716 9.714844 9.714844 
499.500000 220 2.000000 0.741216 9.866836 -0.609022 6.359681 40.816449 40.816449 
499.500000 221 2.000000 0.003671 0.314027 -0.115923 -0.247616 0.074752 0.074752 
499.500000 222 2.000000 0.736767 18.631733 5.680241 1.023290 33.312259 33.312259 
499.500000 223 2.000000 1.018999 8.794736 -5.834701 0.907446 34.867194 34.867194 
499.500000 224 2.000000 0.563504 8.201707 3.756689 0.585364 14.455365 14.455365 
499.500000 225 2.000000 0.225800 8.340975 2.257993 1.275659 6.725839 6.725839 
499.500000 226 2.000000 0.787652 0.334706 5.251004 0.387233 27.722990 27.722990 
499.500000 227 2.000000 0.637155 8.391271 1.592884 2.125164 7.053603 7.053603 
499.500000 228 2.000000 0.600682 12.516818 3.003404 3.047964 18.310516 18.310516 
499.500000 229 2.000000 0.106471 14.689235 -0.713947 -5.310764 28.713930 28.713930 
499.500000 230 2.000000 0.718961 7.650448 -3.038385 8.053102 74.084240 74.084240 
499.500000 231 2.000000 0.548686 1.905160 -2.389563 0.613999 6.087008 6.087008 
499.500000 232 2.000000 0.195800 14.285756 -3.785899 4.365565 33.391192 33.391192 
499.500000 233 2.000000 0.192007 19.698322 -3.345969 3.979459 27.031602 27.031602 
499.500000 234 2.000000 0.113952 14.253584 2.279027 -0.699689 5.683526 5.683526 
499.500000 235 2.000000 0.584543 9.558477 -2.934376 -0.116588 8.624155 8.624155 
499.500000 236 2.000000 0.278933 17.290465 5.578639 -5.898621 65.914940 65.914940 
499.500000 237 2.000000 0.487300 13.369062 4.872990 3.121055 33.487015 33.487015 
499.500000 238 2.000000 0.851664 16.878981 2.838877 2.613067 14.887341 14.887341 
499.500000 239 2.000000 0.000001 18.737339 0.984212 3.430784 12.738949 12.738949 
499.500000 240 2.000000 0.639400 12.212851 -7.629975 6.300735 97.915784 97.915784 
499.500000 241 2.000000 0.000001 16.354305 3.802484 -1.778388 17.621545 17.621545 
499.500000 242 2.000000 0.871710 3.399618 3.486837 -0.377263 12.300362 12.300362 
499.500000 243 2.000000 0.164571 10.843539 -0.030535 -0.422741 0.179642 0.179642 
499.500000 244 2.000000 0.273349 5.467247 1.366739 7.289662 55.007147 55.007147 
499.500000 245 2.000000 0.073176 9.868366 -0.616953 -5.026594 25.647276 25.647276 
499.500000 246 2.000000 0.003977 0.278968 -2.208909 1.805638 8.139610 8.139610 
499.500000 247 2.000000 0.414758 6.549938 4.147574 2.787207 24.970897 24.970897 
499.500000 248 2.000000 0.743849 10.176641 3.719238 0.737090 14.376034 14.376034 
499.500000 249 2.000000 0.330553 6.331707 0.944434 1.159985 2.237521 2.237521 
499.500000 250 2.000000 0.000001 19.443599 1.408713 0.039705 1.986049 1.986049 
499.500000 251 2.000000 0.386732 16.128221 -2.567068 0.683953 7.057631 7.057631 
499.500000 252 2.000000 0.308878 12.366238 -2.878483 2.623420 15.167995 15.167995 
499.500000 253 2.000000 0.621961 15.061596 3.109798 3.019097 18.785790 18.785790 
499.500000 254 2.000000 0.287634 8.982439 5.752664 -3.836607 47.812699 47.812699 
499.500000 255 2.000000 0.697808 13.632794 0.049168 -1.017822 1.038379 1.038379 
499.500000 256 2.000000 0.682347 9.501777 -1.721260 3.707146 16.705668 16.705668 
499.500000 257 2.000000 0.626824 15.526243 1.392941 5.545087 32.688269 32.688269 
499.500000 258 2.000000 0.157890 18.366708 3.157788 1.131166 11.251164 11.251164 
499.500000 259 2.000000 0.864633 12.295952 1.235189 4.168119 18.898908 18.898908 
499.500000 260 2.000000 0.257705 6.692828 -0.005252 -3.839565 14.742285 14.742285 
499.500000 261 2.000000 0.354460 9.265384 -1.514752 -0.501941 2.546420 2.546420 
499.500000 262 2.000000 0.802748 0.577065 0.613241 3.562420 13.066901 13.066901 
499.500000 263 2.000000 0.117550 19.999999 -4.218314 -3.234890 28.258680 28.258680 
499.500000 264 2.000000 1.018999 18.333001 -1.892654 4.328243 22.315828 22.315828 
499.500000 265 2.000000 0.695339 8.494444 -3.274599 3.861111 25.631171 25.631171 
499.500000 266 2.000000 0.630206 13.901935 -1.981965 3.501167 16.186357 16.186357 
499.500000 267 2.000000 0.883366 16.168843 -1.394327 3.592655 14.851320 14.851320 
499.500000 268 2.000000 1.018999 15.758060 -0.862625 3.751919 14.821015 14.821015 
499.500000 269 2.000000 0.503328 12.087503 0.107439 -0.069402 0.016360 0.016360 
499.500000 270 2.000000 0.198620 12.492848 -2.381941 7.808029 66.638967 66.638967 
499.500000 271 2.000000 0.340295 0.209043 2.268630 4.180848 22.626173 22.626173 
499.500000 272 2.000000 0.397527 0.374117 2.650172 3.741160 21.019692 21.019692 
499.500000 273 2.000000 0.352576 3.484602 7.051490 -1.906276 53.357405 53.357405 
499.500000 274 2.000000 1.018999 17.652122 -3.620609 -5.896483 47.877324 47.877324 
499.500000 275 2.000000 1.018999 11.744357 -9.026720 -3.229547 91.911647 91.911647 
499.500000 276 2.000000 0.758527 0.313198 -1.079888 3.131968 10.975381 10.975381 
499.500000 277 2.000000 0.417093 15.817799 -2.445622 -3.217077 16.330653 16.330653 
499.500000 278 2.000000 0.000001 18.335916 7.484902 -3.267261 66.698753 66.698753 
499.500000 279 2.000000 0.397955 3.286676 7.959084 -4.969262 88.040586 88.040586 
499.500000 280 2.000000 0.000001 13.898742 2.556101 0.638809 6.941730 6.941730 
499.500000 281 2.000000 0.547165 5.283603 -0.431195 -4.028797 16.417138 16.417138 
499.500000 282 2.000000 1.018999 6.387513 -1.465464 -6.640237 46.240333 46.240333 
499.500000 283 2.000000 0.014976 15.804573 -4.054093 0.552451 16.740873 16.740873 
499.500000 284 2.000000 0.437916 3.171003 2.787611 -0.136984 7.789540 7.789540 
499.500000 285 2.000000 0.611723 12.974829 -2.753173 -2.126652 12.102612 12.102612 
499.500000 286 2.000000 0.732880 4.668403 2.712059 0.454984 7.562275 7.562275 
499.500000 287 2.000000 0.589535 2.543971 -2.365476 10.288967 111.458327 111.458327 
499.500000 288 2.000000 0.802148 6.884585 0.237099 -1.846754 3.466717 3.466717 
499.500000 289 2.000000 0.779567 8.658524 -5.385747 0.136230 29.024829 29.024829 
499.500000 290 2.000000 0.784349 5.807385 -4.730991 -3.920026 37.748877 37.748877 
499.500000 291 2.000000 0.319661 12.568460 3.196603 0.864028 10.964813 10.964813 
499.500000 292 2.000000 0.419872 18.009531 -0.144908 0.873620 0.784210 0.784210 
499.500000 293 2.000000 0.968729 16.131860 1.937457 7.013852 52.947856 52.947856 
499.500000 294 2.000000 1.018999 13.948190 -3.137510 5.693139 42.255797 42.255797 
499.500000 295 2.000000 0.217876 0.687244 4.357500 -3.242253 29.500011 29.500011 
499.500000 296 2.000000 0.080585 15.824981 1.361288 -4.990103 26.754228 26.754228 
499.500000 297 2.000000 0.849018 3.086286 -3.437611 -1.918416 15.497487 15.497487 
499.500000 298 2.000000 0.481653 9.479860 -5.411463 2.949511 37.983547 37.983547 
499.500000 299 2.000000 0.646963 2.472270 4.313081 -5.910213 53.533283 53.533283 
499.500000 300 2.000000 0.361773 1.633086 -0.220216 2.512438 6.360840 6.360840 
499.500000 301 2.000000 1.018999 5.565972 -8.040356 -2.842230 72.725592 72.725592 
499.500000 302 2.000000 0.240344 5.841724 1.602285 4.673379 24.407784 24.407784 
499.500000 303 2.000000 0.491020 19.697590 1.091153 0.850082 1.913254 1.913254 
499.500000 304 2.000000 0.427752 14.816910 2.851672 -2.468138 14.223736 14.223736 
499.500000 305 2.000000 0.677244 1.539113 0.700302 5.130375 26.811170 26.811170 
499.500000 306 2.000000 0.513755 19.764706 0.642192 0.570772 0.738192 0.738192 
499.500000 307 2.000000 0.814884 17.245140 -4.120296 2.351679 22.507235 22.507235 
499.500000 308 2.000000 0.000001 17.061062 8.243889 0.051905 67.964397 67.964397 
499.500000 309 2.000000 0.805374 9.245602 0.315833 -0.303802 0.192046 0.192046 
499.500000 310 2.000000 0.610716 4.312096 0.264096 -1.152814 1.398727 1.398727 
499.500000 311 2.000000 0.704608 12.781493 0.454585 1.738230 3.228091 3.228091 
499.500000 312 2.000000 0.417611 17.510911 0.928023 3.058495 10.215618 10.215618 
499.500000 313 2.000000 0.459345 9.975353 0.333822 -3.228220 10.532841 10.532841 
499.500000 314 2.000000 0.267112 5.022530 1.335554 -3.144465 11.671366 11.671366 
499.500000 315 2.000000 0.752009 11.904261 -5.377803 -6.735732 74.290853 74.290853 
499.500000 316 2.000000 1.018999 16.714432 -5.555756 2.608571 37.671066 37.671066 
499.500000 317 2.000000 0.401260 17.581425 0.107308 -4.847545 23.510205 23.510205 
499.500000 318 2.000000 0.459288 14.205698 0.340212 -1.047654 1.213323 1.213323 
499.500000 319 2.000000 1.007500 6.336309 1.119443 1.995823 5.236461 5.236461 
499.500000 320 2.000000 0.394338 18.169390 0.139748 -1.913276 3.680155 3.680155 
499.500000 321 2.000000 0.418598 12.872328 -0.885914 -1.798156 4.018208 4.018208 
499.500000 322 2.000000 0.410376 11.106201 -3.081117 -2.675243 16.650210 16.650210 
499.500000 323 2.000000 0.000001 16.054195 4.544892 -3.769107 34.862210 34.862210 
499.500000 324 2.000000 1.018999 1.628285 -3.279391 2.035354 14.897075 14.897075 
499.500000 325 2.000000 0.372027 10.942708 0.744053 1.186795 1.962097 1.962097 
499.500000 326 2.000000 0.361357 8.149108 3.613559 1.827984 16.399336 16.399336 
499.500000 327 2.000000 0.000001 2.866319 2.107587 2.068047 8.718741 8.718741 
499.500000 328 2.000000 1.016086 2.867550 0.401415 1.022018 1.205654 1.205654 
499.500000 329 2.000000 0.627109 17.070817 -2.650600 0.669586 7.474026 7.474026 
499.500000 330 2.000000 0.313157 0.721483 -0.465045 -0.733935 0.754928 0.754928 
499.500000 331 2.000000 0.428743 5.097797 4.287421 -0.475726 18.608290 18.608290 
499.500000 332 2.000000 0.133088 7.068404 2.661735 1.146424 8.399119 8.399119 
499.500000 333 2.000000 1.018999 3.289690 -8.683214 -2.947284 84.084684 84.084684 
499.500000 334 2.000000 0.944759 3.167304 1.717741 -0.687185 3.422859 3.422859 
499.500000 335 2.000000 0.516090 16.692700 -1.211086 -3.733696 15.407218 15.407218 
499.500000 336 2.000000 0.000001 12.708812 3.437873 -6.340163 52.016631 52.016631 
499.500000 337 2.000000 0.000001 10.650420 3.201657 4.532093 30.790478 30.790478 
499.500000 338 2.000000 0.262718 13.268738 5.254343 0.163432 27.634828 27.634828 
499.500000 339 2.000000 0.000001 6.721473 8.948373 6.401402 121.051332 121.051332 
499.500000 340 2.000000 0.660574 5.416589 6.605729 0.857382 44.370763 44.370763 
499.500000 341 2.000000 0.003512 0.283698 -2.379333 1.945459 9.446036 9.446036 
499.500000 342 2.000000 0.446694 2.064730 -3.853366 1.795417 18.071950 18.071950 
499.500000 343 2.000000 0.543468 1.244578 -2.415655 6.222887 44.559711 44.559711 
499.500000 344 2.000000 0.527802 2.279540 -3.312650 4.559078 31.758842 31.758842 
499.500000 345 2.000000 0.312168 13.441250 -7.106311 -5.962499 86.051061 86.051061 
499.500000 346 2.000000 0.298586 3.958025 0.091872 -0.112874 0.021181 0.021181 
499.500000 347 2.000000 0.901716 12.829337 0.038324 -1.201274 1.444528 1.444528 
499.500000 348 2.000000 1.013996 9.629691 0.701846 -3.261069 11.127157 11.127157 
499.500000 349 2.000000 0.421444 18.770356 -6.013550 -4.918572 60.355132 60.355132 
499.500000 350 2.000000 0.156631 11.487179 -0.945756 3.879366 15.943937 15.943937 
499.500000 351 2.000000 0.396748 11.336333 1.322489 -2.652818 8.786419 8.786419 
499.500000 352 2.000000 0.135378 4.832460 2.707549 -3.679066 20.866350 20.866350 
499.500000 353 2.000000 0.355195 19.868729 -6.676041 -2.625397 51.462227 51.462227 
499.500000 354 2.000000 0.286822 6.241104 -7.359770 0.708334 54.667950 54.667950 
499.500000 355 2.000000 0.579469 4.871667 1.630103 4.193523 20.242870 20.242870 
499.500000 356 2.000000 1.018999 14.492595 -2.646057 -0.074555 7.007174 7.007174 
499.500000 357 2.000000 0.000001 13.725621 1.128158 2.513196 7.588896 7.588896 
499.500000 358 2.000000 0.572805 10.804749 2.684935 -1.754966 10.288780 10.288780 
499.500000 359 2.000000 0.667769 14.885870 11.650781 -2.958932 144.495972 144.495972 
499.500000 360 2.000000 0.396914 4.467438 3.969135 -5.926977 50.883086 50.883086 
499.500000 361 2.000000 0.758538 5.380518 0.051715 -0.646408 0.420517 0.420517 
499.500000 362 2.000000 0.742898 18.654352 4.952647 2.878664 32.815421 32.815421 
499.500000 363 2.000000 0.286192 2.002398 0.012370 -2.030611 4.123532 4.123532 
499.500000 364 2.000000 0.534687 4.817207 1.527675 1.885763 5.889895 5.889895 
499.500000 365 2.000000 0.446664 18.163618 -2.899676 3.493095 20.609838 20.609838 
499.500000 366 2.000000 0.545804 1.998083 -3.192635 -6.794717 56.361103 56.361103 
499.500000 367 2.000000 0.669481 12.166912 3.347398 0.391577 11.358407 11.358407 
499.500000 368 2.000000 0.006717 13.025341 -2.930236 4.199280 26.220231 26.220231 
499.500000 369 2.000000 0.668339 14.884943 -3.636422 -1.211206 14.690582 14.690582 
499.500000 370 2.000000 0.000001 19.097709 6.195588 2.428981 44.285255 44.285255 
499.500000 371 2.000000 0.771465 9.673438 -4.988674 -1.268364 26.495620 26.495620 
499.500000 372 2.000000 0.640916 4.979184 -1.928413 2.691450 10.962681 10.962681 
499.500000 373 2.000000 0.799880 7.926938 5.332528 -0.312289 28.533383 28.533383 
499.500000 374 2.000000 0.174006 4.886109 -0.882993 -0.458982 0.990342 0.990342 
499.500000 375 2.000000 0.536350 10.365086 0.046033 -2.750830 7.569182 7.569182 
499.500000 376 2.000000 0.286653 19.734856 1.911013 2.227291 8.612796 8.612796 
499.500000 377 2.000000 0.476944 18.452410 3.179620 3.176108 20.197645 20.197645 
499.500000 378 2.000000 0.990862 11.580265 0.506177 2.227996 5.220182 5.220182 
499.500000 379 2.000000 0.211092 6.028425 -0.119766 -3.366644 11.348638 11.348638 
499.500000 380 2.000000 0.516403 1.823443 -5.063962 -2.835094 33.681468 33.681468 
499.500000 381 2.000000 0.865484 5.120552 -3.108300 6.400689 50.630349 50.630349 
499.500000 382 2.000000 1.018999 18.036499 -6.292732 -0.396667 39.755824 39.755824 
499.500000 383 2.000000 0.653470 0.112586 1.188125 2.251708 6.481832 6.481832 
499.500000 384 2.000000 0.067976 12.243668 -3.842091 0.102786 14.772225 14.772225 
499.500000 385 2.000000 0.600781 2.532677 -0.409389 4.614975 21.465591 21.465591 
499.500000 386 2.000000 0.024032 1.043741 0.480612 -0.584179 0.572253 0.572253 
499.500000 387 2.000000 0.491576 0.956717 3.277165 -2.562918 17.308360 17.308360 
499.500000 388 2.000000 0.981011 13.915139 4.905048 -5.795105 57.642729 57.642729 
499.500000 389 2.000000 0.301877 3.296793 -2.428408 -2.207918 10.772066 10.772066 
499.500000 390 2.000000 0.806121 15.225815 0.646948 2.605074 7.204950 7.204950 
499.500000 391 2.000000 0.821938 8.000132 -3.979227 -1.275930 17.462246 17.462246 
499.500000 392 2.000000 0.716270 6.818022 0.271337 -1.363471 1.932676 1.932676 
499.500000 393 2.000000 0.001598 12.583908 -4.107605 -0.401217 17.033397 17.033397 
499.500000 394 2.000000 0.350017 5.119903 0.013692 5.753057 33.097854 33.097854 
499.500000 395 2.000000 0.208846 3.237676 -1.658306 -5.495844 32.954275 32.954275 
499.500000 396 2.000000 0.862931 11.809076 -0.662273 -1.116171 1.684443 1.684443 
499.500000 397 2.000000 0.066265 2.893264 1.325280 -3.273402 12.471529 12.471529 
499.500000 398 2.000000 0.869557 2.816306 5.797042 -2.112703 38.069208 38.069208 
499.500000 399 2.000000 0.776763 17.579673 -2.460356 1.698278 8.937503 8.937503 
499.500000 400 2.000000 0.125479 5.868354 -3.016400 1.452486 11.208382 11.208382 
499.500000 401 2.000000 0.681301 13.776798 -1.163660 -4.609778 22.604159 22.604159 
499.500000 402 2.000000 0.228208 16.926846 -3.193472 4.916304 34.368305 34.368305 
499.500000 403 2.000000 0.782372 1.150576 2.841873 4.620492 29.425184 29.425184 
499.500000 404 2.000000 0.308559 17.278916 0.005056 -1.110646 1.233561 1.233561 
499.500000 405 2.000000 0.000001 2.828279 3.536525 -2.305978 17.824543 17.824543 
499.500000 406 2.000000 0.401418 12.313150 2.007086 2.159030 8.689804 8.689804 
499.500000 407 2.000000 0.667871 10.368829 4.452468 2.808538 27.712361 27.712361 
499.500000 408 2.000000 0.695180 16.840976 -2.196791 -0.630852 5.223868 5.223868 
499.500000 409 2.000000 0.952003 17.587327 1.375232 -5.107954 27.982452 27.982452 
499.500000 410 2.000000 0.728681 10.984629 3.643401 1.353425 15.106130 15.106130 
499.500000 411 2.000000 0.109603 1.119090 -1.553659 2.486863 8.598347 8.598347 
499.500000 412 2.000000 0.376453 6.766420 2.509681 7.122546 57.029166 57.029166 
499.500000 413 2.000000 0.294451 0.628561 -1.487096 -0.034691 2.212659 2.212659 
499.500000 414 2.000000 0.401728 7.911658 -3.124353 -2.540586 16.216157 16.216157 
499.500000 415 2.000000 0.791447 9.637228 3.957228 5.900261 50.472735 50.472735 
499.500000 416 2.000000 0.365864 4.974569 1.829317 -3.997688 19.327911 19.327911 
499.500000 417 2.000000 0.032867 4.019059 0.657318 2.061055 4.680017 4.680017 
499.500000 418 2.000000 0.537968 8.459404 -1.412375 -3.854438 16.851496 16.851496 
499.500000 419 2.000000 0.031844 16.545588 -0.394374 -2.467437 6.243774 6.243774 
499.500000 420 2.000000 0.242406 2.650711 4.848094 -0.467566 23.722632 23.722632 
499.500000 421 2.000000 1.018999 8.736207 -2.206594 2.565619 11.451458 11.451458 
499.500000 422 2.000000 0.708041 0.764317 4.720269 2.183759 27.049744 27.049744 
499.500000 423 2.000000 0.000001 13.868295 2.865638 6.163686 46.202910 46.202910 
499.500000 424 2.000000 0.563484 10.047018 -9.148300 -0.554166 83.998496 83.998496 
499.500000 425 2.000000 0.902887 18.408104 1.759681 0.411975 3.266201 3.266201 
499.500000 426 2.000000 0.660628 17.801870 -0.689583 3.096060 10.061109 10.061109 
499.500000 427 2.000000 0.286319 11.370585 2.863179 4.743677 30.700263 30.700263 
499.500000 428 2.000000 1.018999 5.163771 -5.627882 -0.086331 31.680512 31.680512 
499.500000 429 2.000000 0.486167 8.373479 3.241104 1.159208 11.848519 11.848519 
499.500000 430 2.000000 0.764589 16.072015 -2.582097 1.532187 9.014825 9.014825 
499.500000 431 2.000000 0.841024 3.719006 -3.597507 1.504135 15.204480 15.204480 
499.500000 432 2.000000 0.641514 6.103348 1.832894 3.299107 14.243604 14.243604 
499.500000 433 2.000000 0.953946 13.815461 2.158199 -2.995840 13.632879 13.632879 
499.500000 434 2.000000 0.265392 10.810242 -3.806033 -1.707744 17.402276 17.402276 
499.500000 435 2.000000 0.534106 19.999999 4.069230 -3.080005 26.045064 26.045064 
499.500000 436 2.000000 0.009167 11.857669 -2.124463 4.303112 23.030118 23.030118 
499.500000 437 2.000000 0.703952 0.391644 1.564336 -6.432990 43.830512 43.830512 
499.500000 438 2.000000 0.110257 0.652752 -1.580239 1.198143 3.932704 3.932704 
499.500000 439 2.000000 0.134971 11.780048 -1.645324 1.918389 6.387308 6.387308 
499.500000 440 2.000000 0.176179 11.404510 3.523555 -1.215161 13.892057 13.892057 
499.500000 441 2.000000 0.681631 13.619522 3.103150 -0.697919 10.116629 10.116629 
499.500000 442 2.000000 1.018999 1.799055 -6.945675 5.996848 84.204588 84.204588 
499.500000 443 2.000000 0.708417 6.605707 2.833663 3.140600 17.893016 17.893016 
499.500000 444 2.000000 0.423437 17.053446 4.234358 0.635485 18.333631 18.333631 
499.500000 445 2.000000 0.804157 18.408503 -0.754140 5.463156 30.414802 30.414802 
499.500000 446 2.000000 1.018999 4.884476 -10.249177 0.688839 105.520124 105.520124 
499.500000 447 2.000000 0.122699 13.273179 -2.927551 0.839615 9.275507 9.275507 
499.500000 448 2.000000 0.000001 9.179712 3.271597 -6.183021 48.933096 48.933096 
499.500000 449 2.000000 0.737020 15.542655 1.842548 -5.243934 30.893827 30.893827 
499.500000 450 2.000000 0.450344 2.093005 -2.881273 3.220006 18.670172 18.670172 
499.500000 451 2.000000 0.331139 10.360120 1.103792 -4.590418 22.290297 22.290297 
499.500000 452 2.000000 0.974590 10.609576 0.878039 -2.490611 6.974098 6.974098 
499.500000 453 2.000000 0.744311 1.144079 -5.531768 -0.462347 30.814221 30.814221 
499.500000 454 2.000000 0.287982 15.750024 -2.962070 -0.513608 9.037651 9.037651 
499.500000 455 2.000000 0.671835 4.181691 -6.981284 0.343123 48.856064 48.856064 
499.500000 456 2.000000 0.568184 3.650985 0.398692 2.790157 7.943930 7.943930 
499.500000 457 2.000000 1.018999 18.456253 -2.393180 3.160234 15.714389 15.714389 
499.500000 458 2.000000 0.268090 10.622849 5.361789 -7.213192 80.778918 80.778918 
499.500000 459 2.000000 0.213664 16.249486 -2.228835 -0.707654 5.468478 5.468478 
499.500000 460 2.000000 0.000001 11.820826 3.029950 -1.184567 10.583793 10.583793 
499.500000 461 2.000000 1.003076 18.614768 6.687167 2.177165 49.458244 49.458244 
499.500000 462 2.000000 0.157782 4.723101 0.246571 1.021273 1.103797 1.103797 
499.500000 463 2.000000 1.017959 11.431917 0.145546 -1.938792 3.780099 3.780099 
499.500000 464 2.000000 0.397973 17.733784 -3.143128 0.920639 10.726831 10.726831 
499.500000 465 2.000000 1.018999 8.772222 -1.248849 -1.517267 3.861724 3.861724 
499.500000 466 2.000000 0.014310 2.172748 -2.908539 0.886836 9.246075 9.246075 
499.500000 467 2.000000 0.785076 17.921800 1.570151 -1.154555 3.798371 3.798371 
499.500000 468 2.000000 0.550143 16.611379 0.289549 0.707453 0.584328 0.584328 
499.500000 469 2.000000 0.809165 13.248090 8.091644 -4.356070 84.450045 84.450045 
499.500000 470 2.000000 0.019926 16.499242 -2.258161 -1.287933 6.758065 6.758065 
499.500000 471 2.000000 0.788521 7.314942 3.942600 0.238473 15.600966 15.600966 
499.500000 472 2.000000 0.984423 8.268115 2.187604 2.267389 9.926664 9.926664 
499.500000 473 2.000000 0.981618 17.324209 -0.052713 6.506533 42.337751 42.337751 
499.500000 474 2.000000 0.455060 10.548615 -5.677393 0.268138 32.304689 32.304689 
499.500000 475 2.000000 0.282767 13.385676 2.827664 0.390613 8.148264 8.148264 
499.500000 476 2.000000 1.018999 5.478526 -0.960377 -0.762013 1.502988 1.502988 
499.500000 477 2.000000 0.659208 0.428864 -1.836953 8.577258 76.943755 76.943755 
499.500000 478 2.000000 0.632739 8.267520 1.807824 3.104712 12.907462 12.907462 
499.500000 479 2.000000 0.366607 4.354550 -1.668980 -1.050050 3.888098 3.888098 
499.500000 480 2.000000 0.642558 8.496274 -7.566826 -3.460527 69.232110 69.232110 
499.500000 481 2.000000 0.213842 2.160487 1.425605 -0.492639 2.275042 2.275042 
499.500000 482 2.000000 0.901784 19.092863 -0.819432 -3.628542 13.837789 13.837789 
499.500000 483 2.000000 0.442866 9.894114 2.952430 1.658527 11.467556 11.467556 
499.500000 484 2.000000 0.428704 19.510454 4.287029 6.832701 65.064427 65.064427 
499.500000 485 2.000000 0.256256 13.038482 -1.732985 -2.033023 7.136419 7.136419 
499.500000 486 2.000000 0.067209 18.415348 1.344159 -10.564339 113.412029 113.412029 
499.500000 487 2.000000 0.194801 14.274482 -3.702886 0.170686 13.740500 13.740500 
499.500000 488 2.000000 0.923062 4.313277 4.615307 4.792529 44.269385 44.269385 
499.500000 489 2.000000 0.473687 6.215309 0.378949 4.603932 21.339793 21.339793 
499.500000 490 2.000000 1.018999 10.668016 -7.953299 -4.552187 83.977370 83.977370 
499.500000 491 2.000000 0.520711 16.680941 9.524654 3.098144 100.317524 100.317524 
499.500000 492 2.000000 0.244577 17.907308 -3.910111 -0.606577 15.656908 15.656908 
499.500000 493 2.000000 0.917137 16.693561 0.082019 -0.166154 0.034334 0.034334 
499.500000 494 2.000000 0.849318 0.226961 -1.734809 -1.500421 5.260824 5.260824 
499.500000 495 2.000000 0.567436 7.246800 -4.553633 3.019500 29.852948 29.852948 
499.500000 496 2.000000 0.304335 6.303422 3.043341 2.467967 15.352784 15.352784 
499.500000 497 2.000000 0.905343 13.118287 -2.311126 3.938925 20.856436 20.856436 
499.500000 498 2.000000 0.726330 17.117547 -2.964691 -2.893680 17.162782 17.162782 
499.500000 499 2.000000 0.177433 17.494360 3.548648 -3.901128 27.811700 27.811700 
499.500000 500 2.000000 0.458323 3.214300 4.953561 3.758165 38.661567 38.661567 
