868.500000 1 2.000000 0.919999 14.692557 -1.600002 -2.358863 8.124243 8.124243 
868.500000 2 2.000000 0.419418 17.192997 2.097083 0.258449 4.464555 4.464555 
868.500000 3 2.000000 0.999999 12.107226 -0.715168 -0.322074 0.615197 0.615197 
868.500000 4 2.000000 0.329028 2.676742 -0.838714 0.572843 1.031591 1.031591 
868.500000 5 2.000000 0.598201 11.458420 -2.008991 1.953137 7.850787 7.850787 
868.500000 6 2.000000 0.475554 11.498137 4.672496 -0.636416 22.237246 22.237246 
868.500000 7 2.000000 0.164896 8.227007 0.824475 -9.448772 89.959059 89.959059 
868.500000 8 2.000000 0.777116 18.582467 -2.228832 -7.087660 55.202619 55.202619 
868.500000 9 2.000000 0.604556 17.394473 -2.636284 -4.008501 23.018073 23.018073 
868.500000 10 2.000000 0.609604 13.292700 3.048013 2.210540 14.176866 14.176866 
868.500000 11 2.000000 0.581730 16.121059 2.908645 4.197730 26.081155 26.081155 
868.500000 12 2.000000 0.620385 18.509488 -7.592282 4.179624 75.112011 75.112011 
868.500000 13 2.000000 0.012235 16.006337 -3.951058 1.518924 17.917987 17.917987 
868.500000 14 2.000000 0.207339 19.679629 1.382255 -1.067900 3.051041 3.051041 
868.500000 15 2.000000 0.627994 2.171025 -1.488021 0.465552 2.430946 2.430946 
868.500000 16 2.000000 0.190826 2.691115 3.816508 -2.362830 20.148694 20.148694 
868.500000 17 2.000000 0.938407 3.798134 -1.231846 -7.679716 60.495481 60.495481 
868.500000 18 2.000000 0.999999 0.352002 -5.318133 -1.922258 31.977614 31.977614 
868.500000 19 2.000000 0.868710 1.020596 8.525804 1.405192 74.663904 74.663904 
868.500000 20 2.000000 0.718030 16.614733 5.228746 -6.193230 65.695885 65.695885 
868.500000 21 2.000000 0.336242 11.720607 3.235515 -2.618935 17.327375 17.327375 
868.500000 22 2.000000 0.544917 13.938793 -0.910163 0.177223 0.859805 0.859805 
868.500000 23 2.000000 0.642833 1.239537 -3.571659 -3.180304 22.871079 22.871079 
868.500000 24 2.000000 0.104418 4.688475 0.298333 1.815434 3.384802 3.384802 
868.500000 25 2.000000 0.000001 0.322207 4.342640 -1.947102 22.649728 22.649728 
868.500000 26 2.000000 0.271838 2.958281 -4.854405 5.378692 52.495577 52.495577 
868.500000 27 2.000000 0.176574 18.787092 -3.293699 5.266001 38.579224 38.579224 
868.500000 28 2.000000 0.271383 15.728979 -1.324756 5.331857 30.183676 30.183676 
868.500000 29 2.000000 0.999999 2.131039 -8.029986 -1.682030 67.309900 67.309900 
868.500000 30 2.000000 0.114021 15.061132 1.140198 4.519792 21.728571 21.728571 
868.500000 31 2.000000 0.764501 4.017847 3.057998 3.743720 23.366793 23.366793 
868.500000 32 2.000000 0.003397 1.519572 -1.172473 -4.428122 20.982961 20.982961 
868.500000 33 2.000000 0.151895 19.301783 -4.240519 0.625479 18.373228 18.373228 
868.500000 34 2.000000 0.470705 18.529834 -2.117177 0.175069 4.513089 4.513089 
868.500000 35 2.000000 0.465411 4.678407 -10.691764 -0.806418 114.964138 114.964138 
868.500000 36 2.000000 0.208369 12.150093 4.167353 0.273750 17.441770 17.441770 
868.500000 37 2.000000 0.215979 12.355956 2.159784 -3.017209 13.768220 13.768220 
868.500000 38 2.000000 0.648296 3.044557 1.852271 0.271438 3.504585 3.504585 
868.500000 39 2.000000 0.828349 3.170086 1.198539 2.895026 9.817670 9.817670 
868.500000 40 2.000000 0.000001 17.228955 8.028418 -5.542089 95.170238 95.170238 
868.500000 41 2.000000 0.766677 18.302792 3.833380 5.546246 45.455646 45.455646 
868.500000 42 2.000000 0.480031 11.510380 4.883339 -1.055591 24.961267 24.961267 
868.500000 43 2.000000 0.999999 7.985248 -5.475371 -4.207389 47.681810 47.681810 
868.500000 44 2.000000 0.581443 0.267939 -8.371123 0.017642 70.076010 70.076010 
868.500000 45 2.000000 0.622615 15.644525 -7.547680 5.949122 92.359524 92.359524 
868.500000 46 2.000000 0.337239 0.308680 -1.893599 -0.606300 3.953317 3.953317 
868.500000 47 2.000000 0.577815 0.169470 1.926048 -2.931583 12.303838 12.303838 
868.500000 48 2.000000 0.176372 11.452998 -0.336174 0.302184 0.204328 0.204328 
868.500000 49 2.000000 0.730007 15.186537 -1.799945 0.504436 3.494258 3.494258 
868.500000 50 2.000000 0.647536 2.624232 3.224838 3.943292 25.949134 25.949134 
868.500000 51 2.000000 0.903480 9.230345 6.023196 3.158261 46.253501 46.253501 
868.500000 52 2.000000 0.837008 3.026924 2.092519 -3.993674 20.328064 20.328064 
868.500000 53 2.000000 0.385762 2.385512 -3.071186 3.670017 22.901208 22.901208 
868.500000 54 2.000000 0.487010 16.592259 -0.539988 -6.815481 46.742363 46.742363 
868.500000 55 2.000000 0.705060 4.250126 0.829481 -1.083004 1.860937 1.860937 
868.500000 56 2.000000 0.421719 7.827456 1.204908 1.610306 4.044890 4.044890 
868.500000 57 2.000000 0.000001 15.575440 6.508307 7.797576 103.160246 103.160246 
868.500000 58 2.000000 0.679959 8.035352 -6.400808 -2.306735 46.291372 46.291372 
868.500000 59 2.000000 0.866963 6.384774 -2.660711 3.024532 16.227175 16.227175 
868.500000 60 2.000000 0.642912 1.912916 1.168929 -2.453032 7.383760 7.383760 
868.500000 61 2.000000 0.790033 8.713138 2.257233 -4.004319 21.129676 21.129676 
868.500000 62 2.000000 0.000001 6.695199 2.565451 1.261797 8.173669 8.173669 
868.500000 63 2.000000 0.389227 12.139730 7.784529 0.009832 60.598993 60.598993 
868.500000 64 2.000000 0.814936 1.523570 -0.528753 -1.232143 1.797756 1.797756 
868.500000 65 2.000000 0.650261 15.567718 -1.748688 1.277657 4.690317 4.690317 
868.500000 66 2.000000 0.366727 12.266691 -6.332715 -5.160454 66.733565 66.733565 
868.500000 67 2.000000 0.545332 11.149604 -2.273334 1.719691 8.125381 8.125381 
868.500000 68 2.000000 0.443850 0.339830 1.268139 1.359315 3.455915 3.455915 
868.500000 69 2.000000 0.915436 1.209306 2.615528 1.612407 9.440846 9.440846 
868.500000 70 2.000000 0.093893 5.348885 1.877833 1.223409 5.022986 5.022986 
868.500000 71 2.000000 0.641287 15.869168 6.412865 -0.190133 41.160987 41.160987 
868.500000 72 2.000000 0.600598 7.202282 0.340298 -1.112396 1.353227 1.353227 
868.500000 73 2.000000 0.495311 10.038080 -2.523438 -0.598816 6.726319 6.726319 
868.500000 74 2.000000 0.214385 1.617719 4.287688 -1.003517 19.391316 19.391316 
868.500000 75 2.000000 0.535496 9.577247 -2.322516 -1.295327 7.071952 7.071952 
868.500000 76 2.000000 0.011031 19.253852 -2.472420 0.090334 6.121019 6.121019 
868.500000 77 2.000000 0.389428 4.917005 1.557707 -3.484838 14.570548 14.570548 
868.500000 78 2.000000 0.883452 5.497540 -0.291368 2.728607 7.530190 7.530190 
868.500000 79 2.000000 0.395030 9.564431 -2.016564 -2.172865 8.787873 8.787873 
868.500000 80 2.000000 0.443577 13.353609 -0.621587 -4.400488 19.750668 19.750668 
868.500000 81 2.000000 0.238993 0.962981 4.779831 -4.889917 46.758071 46.758071 
868.500000 82 2.000000 0.239577 0.373375 -1.520843 2.489161 8.508888 8.508888 
868.500000 83 2.000000 0.494772 1.107116 -2.020906 2.460256 10.136921 10.136921 
868.500000 84 2.000000 0.000001 0.060072 0.584233 1.201416 1.784728 1.784728 
868.500000 85 2.000000 0.672567 11.865309 2.690265 -0.208770 7.281113 7.281113 
868.500000 86 2.000000 0.497147 15.232726 -5.028522 4.913782 49.431289 49.431289 
868.500000 87 2.000000 0.128128 15.464955 2.562549 -0.552869 6.872319 6.872319 
868.500000 88 2.000000 0.459020 2.327423 -1.803265 4.231676 21.158842 21.158842 
868.500000 89 2.000000 0.150041 18.190943 -0.418176 1.317655 1.911087 1.911087 
868.500000 90 2.000000 0.661401 11.050449 -2.257319 5.022931 30.325325 30.325325 
868.500000 91 2.000000 0.328205 9.564973 6.564079 -6.319431 83.022344 83.022344 
868.500000 92 2.000000 0.255837 11.615730 -7.441621 -0.129988 55.394619 55.394619 
868.500000 93 2.000000 0.586214 18.436184 -2.068927 7.371223 58.615395 58.615395 
868.500000 94 2.000000 0.254932 2.310413 -1.633324 -1.483020 4.867095 4.867095 
868.500000 95 2.000000 0.463754 16.434601 9.275060 -0.880837 86.802604 86.802604 
868.500000 96 2.000000 0.610364 8.986665 0.229809 3.721656 13.903539 13.903539 
868.500000 97 2.000000 0.658208 11.441667 2.632827 1.174146 8.310398 8.310398 
868.500000 98 2.000000 0.927339 12.484806 1.159173 -4.436831 21.029148 21.029148 
868.500000 99 2.000000 0.801179 18.584139 -3.976395 4.544835 36.467240 36.467240 
868.500000 100 2.000000 0.715461 3.789147 -2.845381 2.713268 15.458014 15.458014 
868.500000 101 2.000000 0.693676 19.231083 2.687201 2.969905 16.041385 16.041385 
868.500000 102 2.000000 0.997319 15.954177 3.989271 7.590063 73.523336 73.523336 
868.500000 103 2.000000 0.713908 2.128936 -1.907272 2.365484 9.233199 9.233199 
868.500000 104 2.000000 0.156977 5.871067 1.569762 -3.894092 17.628108 17.628108 
868.500000 105 2.000000 0.177451 19.520118 -2.056369 -3.199208 14.463587 14.463587 
868.500000 106 2.000000 0.999999 9.395796 -7.677774 -2.788390 66.723332 66.723332 
868.500000 107 2.000000 0.045446 5.852442 -3.181844 -0.289245 10.207791 10.207791 
868.500000 108 2.000000 0.581420 10.403458 -2.790524 5.199734 34.824252 34.824252 
868.500000 109 2.000000 0.435224 8.024550 0.290586 0.703985 0.580036 0.580036 
868.500000 110 2.000000 0.543693 17.836837 -9.126114 0.434805 83.475008 83.475008 
868.500000 111 2.000000 0.000001 7.747985 6.773408 -0.954147 46.789454 46.789454 
868.500000 112 2.000000 0.000001 11.582236 0.835891 -5.393910 29.792974 29.792974 
868.500000 113 2.000000 0.087742 9.375316 -1.403473 -11.183877 127.048844 127.048844 
868.500000 114 2.000000 0.709560 10.284678 0.746904 0.220518 0.606493 0.606493 
868.500000 115 2.000000 0.135751 4.037629 -8.642483 0.911818 75.523924 75.523924 
868.500000 116 2.000000 0.120839 15.029629 2.416757 -1.152676 7.169373 7.169373 
868.500000 117 2.000000 0.170413 19.763365 3.408237 4.892827 35.555840 35.555840 
868.500000 118 2.000000 0.551230 12.286178 -2.991791 -2.921618 17.486666 17.486666 
868.500000 119 2.000000 0.276351 10.227541 2.763500 -0.871218 8.395951 8.395951 
868.500000 120 2.000000 0.999999 19.950906 -7.302447 4.793295 76.301406 76.301406 
868.500000 121 2.000000 0.081191 1.465111 -1.837616 0.888543 4.166341 4.166341 
868.500000 122 2.000000 0.157300 1.780845 -1.296461 1.780844 4.852214 4.852214 
868.500000 123 2.000000 0.197033 1.097339 -0.040218 -0.722693 0.523903 0.523903 
868.500000 124 2.000000 0.647282 13.695829 4.315207 -0.600637 18.981778 18.981778 
868.500000 125 2.000000 0.000001 15.913005 7.648490 6.418589 99.697676 99.697676 
868.500000 126 2.000000 0.509256 11.834657 2.037018 0.877582 4.919594 4.919594 
868.500000 127 2.000000 0.000001 3.813747 6.578783 -2.097982 47.681912 47.681912 
868.500000 128 2.000000 0.149212 2.429580 -1.681038 1.812447 6.110854 6.110854 
868.500000 129 2.000000 0.999999 16.569026 -3.189011 5.111865 36.300954 36.300954 
868.500000 130 2.000000 0.900007 14.146201 -1.999846 -1.956809 7.828485 7.828485 
868.500000 131 2.000000 0.215389 6.785585 0.717961 2.621457 7.387506 7.387506 
868.500000 132 2.000000 0.000001 6.259144 6.782495 -2.229290 50.971973 50.971973 
868.500000 133 2.000000 0.142768 16.348796 0.475891 -4.295533 18.678075 18.678075 
868.500000 134 2.000000 0.827150 12.054020 2.363283 -4.815745 28.776507 28.776507 
868.500000 135 2.000000 0.877979 10.861748 -1.220199 -2.266904 6.627739 6.627739 
868.500000 136 2.000000 0.351673 4.829730 0.781494 2.841017 8.682111 8.682111 
868.500000 137 2.000000 0.556815 14.597960 -1.266239 -3.059481 10.963784 10.963784 
868.500000 138 2.000000 0.359038 8.889554 3.590369 -6.002169 48.916787 48.916787 
868.500000 139 2.000000 0.999999 15.893759 -2.524649 -1.902203 9.992229 9.992229 
868.500000 140 2.000000 0.885424 4.612652 -2.291503 -0.287193 5.333467 5.333467 
868.500000 141 2.000000 0.228837 7.307137 4.576710 1.390864 22.880779 22.880779 
868.500000 142 2.000000 0.701858 15.507945 -0.327204 -2.766908 7.762840 7.762840 
868.500000 143 2.000000 0.597619 1.977166 2.390473 1.518017 8.018735 8.018735 
868.500000 144 2.000000 0.979605 14.336687 4.898019 4.036818 40.286485 40.286485 
868.500000 145 2.000000 0.163540 16.799886 0.408847 -6.400226 41.130053 41.130053 
868.500000 146 2.000000 0.173860 11.551022 3.477186 -2.201095 16.935641 16.935641 
868.500000 147 2.000000 0.386808 1.459180 -0.943371 -2.855350 9.042973 9.042973 
868.500000 148 2.000000 0.092232 16.026756 -4.409787 0.607161 19.814867 19.814867 
868.500000 149 2.000000 0.852469 11.935872 1.894374 2.170158 8.298239 8.298239 
868.500000 150 2.000000 0.552810 8.597961 -1.788756 -1.852035 6.629680 6.629680 
868.500000 151 2.000000 0.603847 16.599466 -0.360138 3.217972 10.485040 10.485040 
868.500000 152 2.000000 0.256927 2.242235 2.569262 -2.097273 10.999665 10.999665 
868.500000 153 2.000000 0.898737 9.016365 3.757744 -3.297305 24.992856 24.992856 
868.500000 154 2.000000 0.436628 18.007767 -5.633707 -5.692091 64.138557 64.138557 
868.500000 155 2.000000 0.535812 3.589162 -2.320937 -4.110107 22.279730 22.279730 
868.500000 156 2.000000 0.434514 14.558487 2.896756 5.579755 39.524864 39.524864 
868.500000 157 2.000000 0.193237 3.073623 3.786836 4.165954 31.695301 31.695301 
868.500000 158 2.000000 0.016056 5.719345 -0.268739 -0.987909 1.048185 1.048185 
868.500000 159 2.000000 0.832592 1.768390 -3.348140 -3.302514 22.116640 22.116640 
868.500000 160 2.000000 0.232950 0.351528 0.517664 1.004363 1.276721 1.276721 
868.500000 161 2.000000 0.544076 2.379518 -3.039484 -7.321802 62.847251 62.847251 
868.500000 162 2.000000 0.086076 13.171514 -0.270340 -7.187879 51.738691 51.738691 
868.500000 163 2.000000 0.673184 5.706201 4.487888 -2.422413 26.009220 26.009220 
868.500000 164 2.000000 0.206937 3.833740 2.069363 1.619782 6.905956 6.905956 
868.500000 165 2.000000 0.435770 9.248650 2.905126 -2.273164 13.607031 13.607031 
868.500000 166 2.000000 0.721628 5.656246 -2.783709 -3.241140 18.254029 18.254029 
868.500000 167 2.000000 0.975975 13.802233 0.497666 0.879650 1.021455 1.021455 
868.500000 168 2.000000 0.644104 14.765438 -2.372636 4.623579 27.006882 27.006882 
868.500000 169 2.000000 0.888221 12.560987 -1.117779 -1.661152 4.008856 4.008856 
868.500000 170 2.000000 0.174228 14.123123 1.161511 1.679160 4.168684 4.168684 
868.500000 171 2.000000 0.673777 4.086640 2.247358 0.498800 5.299418 5.299418 
868.500000 172 2.000000 0.310701 13.587105 -3.446489 1.971296 15.764297 15.764297 
868.500000 173 2.000000 0.533864 17.854657 10.677252 4.285203 132.366667 132.366667 
868.500000 174 2.000000 0.566478 13.997085 1.888257 -3.430236 15.332035 15.332035 
868.500000 175 2.000000 0.478620 3.709266 2.393096 -1.144889 7.037682 7.037682 
868.500000 176 2.000000 0.031912 0.363848 -3.872347 0.727693 15.524607 15.524607 
868.500000 177 2.000000 0.797165 3.474664 -2.028344 -2.950640 12.820457 12.820457 
868.500000 178 2.000000 0.090200 2.063449 -3.324616 0.438161 11.245054 11.245054 
868.500000 179 2.000000 0.590624 5.502754 1.476558 -1.284940 3.831293 3.831293 
868.500000 180 2.000000 0.867869 8.830703 -0.377514 1.587205 2.661737 2.661737 
868.500000 181 2.000000 0.373152 13.927462 7.463020 -0.166110 55.724263 55.724263 
868.500000 182 2.000000 0.643867 3.428089 6.438655 -6.487164 83.539582 83.539582 
868.500000 183 2.000000 0.589934 17.789864 -2.050324 -4.018426 20.351579 20.351579 
868.500000 184 2.000000 0.508488 14.589122 0.924521 -0.726151 1.382034 1.382034 
868.500000 185 2.000000 0.000001 17.683158 7.165460 0.039098 51.345342 51.345342 
868.500000 186 2.000000 0.330553 12.595135 -6.694459 -1.708170 47.733621 47.733621 
868.500000 187 2.000000 0.676573 8.147975 -3.234259 -4.561916 31.271512 31.271512 
868.500000 188 2.000000 0.187638 5.803949 1.876366 -3.887841 18.636053 18.636053 
868.500000 189 2.000000 0.164008 3.361273 1.640073 3.734746 16.638171 16.638171 
868.500000 190 2.000000 0.361309 1.185934 3.613083 -1.592458 15.590289 15.590289 
868.500000 191 2.000000 0.403876 12.843730 4.038752 -0.131454 16.328798 16.328798 
868.500000 192 2.000000 0.295569 19.086479 2.714871 2.129898 11.906992 11.906992 
868.500000 193 2.000000 0.999999 6.534426 -1.123649 -1.066279 2.399539 2.399539 
868.500000 194 2.000000 0.664951 5.568328 -3.350478 -1.047522 12.323006 12.323006 
868.500000 195 2.000000 0.206731 3.616594 2.067300 4.747600 26.813430 26.813430 
868.500000 196 2.000000 0.335980 5.899555 3.359793 -2.400336 17.049824 17.049824 
868.500000 197 2.000000 0.832856 12.406992 2.776184 -3.879596 22.758460 22.758460 
868.500000 198 2.000000 0.392249 18.267189 2.614986 -1.925345 10.545102 10.545102 
868.500000 199 2.000000 0.236184 4.227683 4.723660 -6.130893 59.900809 59.900809 
868.500000 200 2.000000 0.443562 0.583049 0.307493 1.457619 2.219205 2.219205 
868.500000 201 2.000000 0.889969 18.776185 1.047021 1.483471 3.296940 3.296940 
868.500000 202 2.000000 0.999999 7.844786 -1.689069 8.112009 68.657641 68.657641 
868.500000 203 2.000000 0.619956 16.916048 0.413303 -3.083951 9.681574 9.681574 
868.500000 204 2.000000 0.517102 4.962673 -1.207243 -3.905799 16.712701 16.712701 
868.500000 205 2.000000 0.824336 11.237441 1.373892 -0.476949 2.115059 2.115059 
868.500000 206 2.000000 0.284509 13.045157 -0.715490 -3.566586 13.232458 13.232458 
868.500000 207 2.000000 0.000001 7.077224 5.081001 -3.314639 36.803399 36.803399 
868.500000 208 2.000000 0.455026 15.766768 -3.633152 -3.127785 22.982833 22.982833 
868.500000 209 2.000000 0.262389 3.745073 -7.376096 -5.701238 86.910916 86.910916 
868.500000 210 2.000000 0.355169 6.874985 -4.054519 6.076728 53.365746 53.365746 
868.500000 211 2.000000 0.506764 2.216896 -4.932349 -1.142172 25.632619 25.632619 
868.500000 212 2.000000 0.304713 13.761464 -3.476431 0.976084 13.038312 13.038312 
868.500000 213 2.000000 0.125746 11.341512 -2.914178 -4.402407 27.873619 27.873619 
868.500000 214 2.000000 0.188885 10.623432 3.777682 3.376355 25.670659 25.670659 
868.500000 215 2.000000 0.627469 16.815748 -0.440167 0.965697 1.126318 1.126318 
868.500000 216 2.000000 0.000001 10.864939 2.099761 0.618958 4.792106 4.792106 
868.500000 217 2.000000 0.432192 17.930778 2.881272 0.846089 9.017598 9.017598 
868.500000 218 2.000000 0.746519 14.499120 -1.689867 -1.437232 4.921287 4.921287 
868.500000 219 2.000000 0.999999 15.837306 -2.428228 -4.145377 23.080444 23.080444 
868.500000 220 2.000000 0.228631 1.424417 4.572605 -2.590244 27.618084 27.618084 
868.500000 221 2.000000 0.000001 2.575518 8.022821 -3.618802 77.461393 77.461393 
868.500000 222 2.000000 0.481729 13.551452 -5.182700 -4.056239 43.313455 43.313455 
868.500000 223 2.000000 0.999999 7.039220 -3.199227 -8.038907 74.859081 74.859081 
868.500000 224 2.000000 0.448766 2.702567 8.975292 -1.294934 82.232717 82.232717 
868.500000 225 2.000000 0.149430 2.632335 2.988571 2.770878 16.609320 16.609320 
868.500000 226 2.000000 0.360174 6.481755 -2.559301 -1.612537 9.150299 9.150299 
868.500000 227 2.000000 0.243371 18.194911 0.153128 1.370943 1.902933 1.902933 
868.500000 228 2.000000 0.626694 3.499021 -2.488701 -8.560636 79.478119 79.478119 
868.500000 229 2.000000 0.999999 10.664001 -2.657512 -0.526935 7.340029 7.340029 
868.500000 230 2.000000 0.000001 9.997299 0.279946 0.672214 0.530241 0.530241 
868.500000 231 2.000000 0.249513 6.878405 2.495122 -1.477475 8.408566 8.408566 
868.500000 232 2.000000 0.775687 4.678369 -4.486245 -2.676507 27.290084 27.290084 
868.500000 233 2.000000 0.471795 2.918562 3.145293 3.389874 21.384113 21.384113 
868.500000 234 2.000000 0.843518 2.399689 0.766834 0.521671 0.860175 0.860175 
868.500000 235 2.000000 0.441798 1.508928 -2.791004 -6.193655 46.151070 46.151070 
868.500000 236 2.000000 0.841998 10.744536 -3.160024 6.320314 49.932129 49.932129 
868.500000 237 2.000000 0.999999 19.238412 -7.544483 1.733798 59.925281 59.925281 
868.500000 238 2.000000 0.376470 9.708926 -0.295451 -0.194813 0.125243 0.125243 
868.500000 239 2.000000 0.000001 5.109236 5.205591 -2.051408 31.306451 31.306451 
868.500000 240 2.000000 0.223536 12.705114 4.470708 -0.767041 20.575584 20.575584 
868.500000 241 2.000000 0.342776 11.674866 2.285166 -3.083382 14.729232 14.729232 
868.500000 242 2.000000 0.942161 12.065910 2.355401 0.753510 6.115690 6.115690 
868.500000 243 2.000000 0.316566 19.825404 0.287786 -0.698382 0.570558 0.570558 
868.500000 244 2.000000 0.655978 0.830452 0.037064 2.010060 4.041713 4.041713 
868.500000 245 2.000000 0.801020 15.488580 8.010192 -5.626890 95.825064 95.825064 
868.500000 246 2.000000 0.591409 9.131410 0.435469 1.384797 2.107295 2.107295 
868.500000 247 2.000000 0.999999 15.678668 -4.960896 -0.288600 24.693777 24.693777 
868.500000 248 2.000000 0.525407 9.987345 5.254065 3.073125 37.049292 37.049292 
868.500000 249 2.000000 0.000001 10.023007 5.821692 0.609932 34.264121 34.264121 
868.500000 250 2.000000 0.247599 6.651878 -3.009600 -1.523995 11.380251 11.380251 
868.500000 251 2.000000 0.517737 8.487871 5.177362 0.615806 27.184295 27.184295 
868.500000 252 2.000000 0.532029 1.195020 1.773425 0.824151 3.824261 3.824261 
868.500000 253 2.000000 0.867923 10.550242 1.928716 -3.813599 18.263479 18.263479 
868.500000 254 2.000000 0.910566 19.586247 1.517609 -1.655008 5.042189 5.042189 
868.500000 255 2.000000 0.996522 8.357959 1.064489 2.175653 5.866602 5.866602 
868.500000 256 2.000000 0.684006 11.026595 -6.319851 0.829926 40.629296 40.629296 
868.500000 257 2.000000 0.300939 19.936090 -3.495298 0.299250 12.306661 12.306661 
868.500000 258 2.000000 0.032121 15.956875 -0.121895 5.581386 31.166725 31.166725 
868.500000 259 2.000000 0.999999 16.032537 -2.872822 -2.644975 15.248999 15.248999 
868.500000 260 2.000000 0.848725 18.702445 4.243621 0.314571 18.107272 18.107272 
868.500000 261 2.000000 0.264367 4.322298 -4.904210 0.007415 24.051335 24.051335 
868.500000 262 2.000000 0.999999 19.992409 -4.529413 6.893934 68.041909 68.041909 
868.500000 263 2.000000 0.999927 12.526001 1.333234 0.443067 1.973822 1.973822 
868.500000 264 2.000000 0.018979 0.889477 0.126521 1.599448 2.574243 2.574243 
868.500000 265 2.000000 0.114195 17.125449 2.283877 -1.173286 6.592694 6.592694 
868.500000 266 2.000000 0.843589 19.707795 8.435885 0.272993 71.238680 71.238680 
868.500000 267 2.000000 0.505693 18.096044 -3.295373 1.826831 14.196792 14.196792 
868.500000 268 2.000000 0.230275 10.219467 4.605489 -0.755357 21.781095 21.781095 
868.500000 269 2.000000 0.506877 2.237702 5.068762 8.967857 106.114801 106.114801 
868.500000 270 2.000000 0.689496 1.162283 4.811677 3.954459 38.789983 38.789983 
868.500000 271 2.000000 0.757034 0.757795 1.093459 -2.460302 7.248739 7.248739 
868.500000 272 2.000000 0.999999 1.019991 -4.262305 1.854527 21.606516 21.606516 
868.500000 273 2.000000 0.273954 8.719680 5.479055 -0.940366 30.904330 30.904330 
868.500000 274 2.000000 0.885993 3.773390 -2.280114 0.450131 5.401537 5.401537 
868.500000 275 2.000000 0.000001 10.888789 8.111519 -0.753484 66.364473 66.364473 
868.500000 276 2.000000 0.999999 5.690065 -5.308286 -1.255382 29.753889 29.753889 
868.500000 277 2.000000 0.576377 3.791573 -2.824146 1.131581 9.256278 9.256278 
868.500000 278 2.000000 0.403287 7.638147 -1.989041 1.642823 6.655152 6.655152 
868.500000 279 2.000000 0.262580 11.284346 -2.458064 1.101034 7.254354 7.254354 
868.500000 280 2.000000 0.024201 9.265787 -1.605596 5.022313 27.801565 27.801565 
868.500000 281 2.000000 0.548895 7.512914 -4.511036 -4.467788 40.310576 40.310576 
868.500000 282 2.000000 0.255005 14.254562 5.100088 -1.412356 28.005649 28.005649 
868.500000 283 2.000000 0.646235 7.778631 1.846383 1.884620 6.960919 6.960919 
868.500000 284 2.000000 0.465740 16.298875 1.862957 -0.394383 3.626145 3.626145 
868.500000 285 2.000000 0.259404 6.027743 -0.822884 4.822193 23.930687 23.930687 
868.500000 286 2.000000 0.507735 7.396879 1.269335 -0.124307 1.626664 1.626664 
868.500000 287 2.000000 0.383358 1.563825 3.833571 -0.513596 14.960050 14.960050 
868.500000 288 2.000000 0.083508 10.312341 -4.582455 1.879449 24.531222 24.531222 
868.500000 289 2.000000 0.446825 13.391869 -0.275626 6.183933 38.317002 38.317002 
868.500000 290 2.000000 0.050950 6.913300 0.509493 -2.583888 6.936059 6.936059 
868.500000 291 2.000000 0.117693 6.589644 0.101556 -0.379977 0.154696 0.154696 
868.500000 292 2.000000 0.960356 2.181563 2.743871 0.639006 7.937155 7.937155 
868.500000 293 2.000000 0.000001 2.252830 1.929738 -4.218510 21.519711 21.519711 
868.500000 294 2.000000 0.120178 12.293289 -2.932736 4.728188 30.956697 30.956697 
868.500000 295 2.000000 0.446201 5.496248 2.231001 0.233685 5.031974 5.031974 
868.500000 296 2.000000 0.572963 17.978590 5.729622 -4.030074 49.070060 49.070060 
868.500000 297 2.000000 0.859482 19.053892 -2.810331 -4.730537 30.275941 30.275941 
868.500000 298 2.000000 0.110477 7.929827 -1.482536 -1.926907 5.910886 5.910886 
868.500000 299 2.000000 0.815957 15.984199 4.079781 -1.621994 19.275477 19.275477 
868.500000 300 2.000000 0.990255 1.975113 2.829298 0.068309 8.009593 8.009593 
868.500000 301 2.000000 0.410786 1.031726 2.738570 -6.574605 50.725194 50.725194 
868.500000 302 2.000000 0.876439 1.577202 5.842918 -0.643871 34.554262 34.554262 
868.500000 303 2.000000 0.567064 7.364401 -2.886233 3.911431 23.629632 23.629632 
868.500000 304 2.000000 0.000001 11.767747 3.228210 -1.086691 11.602238 11.602238 
868.500000 305 2.000000 0.458393 15.670044 -0.984738 -2.624215 7.856213 7.856213 
868.500000 306 2.000000 0.171399 14.004810 -2.071501 -1.280432 5.930622 5.930622 
868.500000 307 2.000000 0.179283 9.856429 1.792820 -4.837652 26.617083 26.617083 
868.500000 308 2.000000 0.801441 14.981073 5.342934 5.757166 61.691897 61.691897 
868.500000 309 2.000000 0.592823 1.176760 2.964108 -3.385546 20.247855 20.247855 
868.500000 310 2.000000 0.000001 2.323029 5.317021 2.950913 36.978598 36.978598 
868.500000 311 2.000000 0.049876 18.549734 -1.461727 -0.558021 2.448034 2.448034 
868.500000 312 2.000000 0.320184 17.699780 -4.532101 0.415177 20.712307 20.712307 
868.500000 313 2.000000 0.000001 7.176309 8.593335 -4.481916 93.932976 93.932976 
868.500000 314 2.000000 0.255489 19.999999 -2.481699 -5.004331 31.202161 31.202161 
868.500000 315 2.000000 0.499777 11.312655 3.331841 -2.732812 18.569424 18.569424 
868.500000 316 2.000000 0.597289 10.840012 5.972883 -2.158239 40.333320 40.333320 
868.500000 317 2.000000 0.996927 8.903434 1.202389 -1.344648 3.253819 3.253819 
868.500000 318 2.000000 0.999999 6.224212 -4.004399 -0.472615 16.258577 16.258577 
868.500000 319 2.000000 0.772606 9.827180 -1.136966 -3.909211 16.574622 16.574622 
868.500000 320 2.000000 0.365340 13.183414 -0.436103 1.411348 2.182088 2.182088 
868.500000 321 2.000000 0.158079 17.095460 3.161553 -4.149342 27.212453 27.212453 
868.500000 322 2.000000 0.718730 9.908156 1.197882 -4.204935 19.116397 19.116397 
868.500000 323 2.000000 0.739256 7.146295 3.696273 -0.901756 14.475597 14.475597 
868.500000 324 2.000000 0.452205 9.918864 1.808815 0.759415 3.848521 3.848521 
868.500000 325 2.000000 0.954597 16.202012 3.818383 0.196054 14.618484 14.618484 
868.500000 326 2.000000 0.205906 14.406607 -0.085123 -0.862077 0.750423 0.750423 
868.500000 327 2.000000 0.999999 10.521975 -3.431744 1.554037 14.191899 14.191899 
868.500000 328 2.000000 0.761830 8.387497 -4.763372 3.076613 32.155265 32.155265 
868.500000 329 2.000000 0.705576 5.424318 -0.054581 -5.049114 25.496530 25.496530 
868.500000 330 2.000000 0.199137 12.849480 -2.002154 3.302204 14.913176 14.913176 
868.500000 331 2.000000 0.723711 3.553348 -5.525766 1.611873 33.132219 33.132219 
868.500000 332 2.000000 0.774780 6.933008 0.170110 6.933007 48.095527 48.095527 
868.500000 333 2.000000 0.678345 0.894321 -0.264815 -4.144149 17.244098 17.244098 
868.500000 334 2.000000 0.748329 19.295951 -5.033402 -1.564551 27.782956 27.782956 
868.500000 335 2.000000 0.263987 4.228382 5.279714 4.922472 52.106107 52.106107 
868.500000 336 2.000000 0.086454 17.157648 -1.451057 -3.625866 15.252470 15.252470 
868.500000 337 2.000000 0.717254 0.079485 -5.654900 -6.206508 70.498640 70.498640 
868.500000 338 2.000000 0.664957 7.972941 -0.080043 1.004822 1.016075 1.016075 
868.500000 339 2.000000 0.000001 9.699465 3.193714 5.705567 42.753302 42.753302 
868.500000 340 2.000000 0.492269 14.466693 0.057535 -0.764603 0.587928 0.587928 
868.500000 341 2.000000 0.000001 12.731063 1.123615 -2.984567 10.170150 10.170150 
868.500000 342 2.000000 0.394276 19.757956 3.942755 -4.840851 38.979158 38.979158 
868.500000 343 2.000000 0.955451 4.215705 1.273933 -0.969127 2.562114 2.562114 
868.500000 344 2.000000 0.847524 17.281518 1.540950 5.504625 32.675420 32.675420 
868.500000 345 2.000000 0.999999 11.794326 -6.864969 2.297609 52.406810 52.406810 
868.500000 346 2.000000 0.326218 17.194769 -1.347561 -0.381732 1.961641 1.961641 
868.500000 347 2.000000 0.139713 0.922346 0.465707 3.689382 13.828421 13.828421 
868.500000 348 2.000000 0.805824 7.972335 1.007278 3.019820 10.133923 10.133923 
868.500000 349 2.000000 0.236995 7.222170 1.175336 1.341169 3.180151 3.180151 
868.500000 350 2.000000 0.680598 19.228196 5.340282 0.155974 28.542943 28.542943 
868.500000 351 2.000000 0.889401 4.716257 1.617091 -1.869378 6.109558 6.109558 
868.500000 352 2.000000 0.251469 13.947441 -7.485295 2.852244 64.164947 64.164947 
868.500000 353 2.000000 0.797631 10.708021 0.938388 -3.115267 10.585463 10.585463 
868.500000 354 2.000000 0.788949 1.033616 -4.221009 -2.222709 22.757353 22.757353 
868.500000 355 2.000000 0.274693 16.315470 0.549383 4.559366 21.089644 21.089644 
868.500000 356 2.000000 0.100671 17.997218 -0.662259 -2.435331 6.369424 6.369424 
868.500000 357 2.000000 0.466755 9.002060 1.028433 -5.171110 27.798051 27.798051 
868.500000 358 2.000000 0.000001 13.633018 6.096804 -3.183490 47.305625 47.305625 
868.500000 359 2.000000 0.135511 12.082638 -3.457954 -2.774431 19.654911 19.654911 
868.500000 360 2.000000 0.564365 6.913651 5.643644 1.772320 34.991840 34.991840 
868.500000 361 2.000000 0.777549 0.066660 2.591826 -6.299814 46.405221 46.405221 
868.500000 362 2.000000 0.726000 6.082120 -0.608887 -1.901917 3.988033 3.988033 
868.500000 363 2.000000 0.360118 11.926540 3.728075 1.760049 16.996314 16.996314 
868.500000 364 2.000000 0.999999 5.008994 -3.390195 -2.538870 17.939284 17.939284 
868.500000 365 2.000000 0.303205 19.404875 -0.558014 3.849068 15.126707 15.126707 
868.500000 366 2.000000 0.250314 18.715179 5.006263 2.521865 31.422470 31.422470 
868.500000 367 2.000000 0.000001 14.834694 3.831350 -1.392289 16.617714 16.617714 
868.500000 368 2.000000 0.792893 18.841161 2.147174 4.079478 21.252498 21.252498 
868.500000 369 2.000000 0.828957 9.461928 -3.420842 6.882288 59.068042 59.068042 
868.500000 370 2.000000 0.125250 10.276705 -4.373746 -1.041370 20.214109 20.214109 
868.500000 371 2.000000 0.090370 18.106035 -0.192930 -1.558658 2.466636 2.466636 
868.500000 372 2.000000 0.166049 8.596511 -4.169749 1.220250 18.875815 18.875815 
868.500000 373 2.000000 0.346456 17.132181 -2.248965 4.338950 23.884334 23.884334 
868.500000 374 2.000000 0.146839 18.227382 -3.412639 0.505070 11.901201 11.901201 
868.500000 375 2.000000 0.389709 0.543994 7.794155 -0.145738 60.770089 60.770089 
868.500000 376 2.000000 0.793986 1.919628 -1.030066 2.258384 6.161337 6.161337 
868.500000 377 2.000000 0.281574 3.554907 0.376315 -6.029940 36.501785 36.501785 
868.500000 378 2.000000 0.343103 9.696302 0.381224 -2.575924 6.780718 6.780718 
868.500000 379 2.000000 0.265701 5.748492 -1.048997 5.748491 34.145541 34.145541 
868.500000 380 2.000000 0.441880 9.083394 1.104699 4.832125 24.569786 24.569786 
868.500000 381 2.000000 0.973835 17.362312 0.969617 -1.521146 3.254041 3.254041 
868.500000 382 2.000000 0.658243 4.455204 -0.262889 -3.485834 12.220149 12.220149 
868.500000 383 2.000000 0.000001 11.382252 4.243432 3.129908 27.803042 27.803042 
868.500000 384 2.000000 0.217472 9.759347 4.349413 0.612192 19.292170 19.292170 
868.500000 385 2.000000 0.152112 2.572432 3.042215 4.677147 31.130770 31.130770 
868.500000 386 2.000000 0.287690 9.260025 2.876892 3.436199 20.083968 20.083968 
868.500000 387 2.000000 0.691529 19.451912 -0.308470 8.476346 71.943593 71.943593 
868.500000 388 2.000000 0.389742 12.380119 -0.249085 -2.084735 4.408164 4.408164 
868.500000 389 2.000000 0.675876 7.337808 -3.241230 -5.992925 46.420718 46.420718 
868.500000 390 2.000000 0.180138 8.816630 1.801367 2.556361 9.779907 9.779907 
868.500000 391 2.000000 0.000001 1.170782 3.925008 2.128693 19.937025 19.937025 
868.500000 392 2.000000 0.859684 9.196234 2.149206 3.558851 17.284511 17.284511 
868.500000 393 2.000000 0.999999 15.119194 -6.586818 2.196040 48.208768 48.208768 
868.500000 394 2.000000 0.393469 15.767904 -1.516325 -3.680083 15.842251 15.842251 
868.500000 395 2.000000 0.302520 2.392560 3.025191 0.327767 9.259210 9.259210 
868.500000 396 2.000000 0.237671 17.975403 4.753390 -4.061937 39.094047 39.094047 
868.500000 397 2.000000 0.269821 19.236984 2.139882 5.299424 32.662992 32.662992 
868.500000 398 2.000000 0.064440 13.924253 -0.850508 1.283452 2.370613 2.370613 
868.500000 399 2.000000 0.999999 0.735940 -4.567612 -5.550494 51.671058 51.671058 
868.500000 400 2.000000 0.619905 11.323701 2.479614 -1.852931 9.581839 9.581839 
868.500000 401 2.000000 0.302107 6.617813 -0.516957 -5.006930 25.336588 25.336588 
868.500000 402 2.000000 0.536989 11.643098 5.369879 -5.571267 59.874618 59.874618 
868.500000 403 2.000000 0.000001 17.953114 3.457830 2.241914 16.982770 16.982770 
868.500000 404 2.000000 0.789970 14.816176 -4.200573 0.848464 18.364708 18.364708 
868.500000 405 2.000000 0.840688 15.704275 4.203433 2.274917 22.844097 22.844097 
868.500000 406 2.000000 0.705809 9.111532 -0.007655 4.932718 24.331762 24.331762 
868.500000 407 2.000000 0.554417 9.476289 -2.227912 -1.642036 7.659871 7.659871 
868.500000 408 2.000000 0.375894 15.471619 -3.120523 1.614554 12.344449 12.344449 
868.500000 409 2.000000 0.193316 12.166063 3.866297 -0.570490 15.273709 15.273709 
868.500000 410 2.000000 0.467093 17.869850 2.335459 -4.733664 27.861938 27.861938 
868.500000 411 2.000000 0.608415 17.689670 1.738327 0.962347 3.947893 3.947893 
868.500000 412 2.000000 0.500597 19.959179 -1.997607 -0.816394 4.656934 4.656934 
868.500000 413 2.000000 0.999999 9.948910 -0.675932 0.092828 0.465502 0.465502 
868.500000 414 2.000000 0.696348 14.852021 3.481734 -0.461853 12.335782 12.335782 
868.500000 415 2.000000 0.544579 18.539798 -2.277099 3.123605 14.942087 14.942087 
868.500000 416 2.000000 0.006327 1.827402 -1.129152 5.221146 28.535350 28.535350 
868.500000 417 2.000000 0.999999 18.697870 -2.273189 2.452916 11.184186 11.184186 
868.500000 418 2.000000 0.119450 7.495380 2.388983 1.465179 7.853990 7.853990 
868.500000 419 2.000000 0.840634 13.474095 2.401808 0.369247 5.905026 5.905026 
868.500000 420 2.000000 0.512763 19.056927 2.051046 -1.347245 6.021859 6.021859 
868.500000 421 2.000000 0.745124 0.919335 -5.097504 6.128894 63.547886 63.547886 
868.500000 422 2.000000 0.920273 5.180534 0.409010 -0.477896 0.395674 0.395674 
868.500000 423 2.000000 0.265335 19.388342 0.589631 -0.489326 0.587104 0.587104 
868.500000 424 2.000000 0.271253 17.856581 -3.643732 -2.747418 20.825089 20.825089 
868.500000 425 2.000000 0.596015 1.321937 -4.039844 -0.447745 16.520819 16.520819 
868.500000 426 2.000000 0.475391 14.384556 3.169267 0.524001 10.318827 10.318827 
868.500000 427 2.000000 0.999999 17.438657 -1.761914 -1.025048 4.155065 4.155065 
868.500000 428 2.000000 0.287064 11.883176 2.870633 -0.169021 8.269100 8.269100 
868.500000 429 2.000000 0.960716 4.131020 6.404769 -3.043450 50.283650 50.283650 
868.500000 430 2.000000 0.695198 1.389566 -2.032005 -0.867959 4.882396 4.882396 
868.500000 431 2.000000 0.813253 4.010198 8.132521 0.055451 66.140965 66.140965 
868.500000 432 2.000000 0.101060 10.912864 -4.494693 -0.939541 21.084999 21.084999 
868.500000 433 2.000000 0.421089 12.555797 4.210880 -2.189471 22.525297 22.525297 
868.500000 434 2.000000 0.186180 3.377278 -8.138190 1.470318 68.391978 68.391978 
868.500000 435 2.000000 0.000001 11.142468 0.798762 -6.108642 37.953527 37.953527 
868.500000 436 2.000000 0.796929 3.336027 -0.244547 3.397280 11.601313 11.601313 
868.500000 437 2.000000 0.660216 15.784122 -3.397831 3.316479 22.544287 22.544287 
868.500000 438 2.000000 0.999999 4.648618 -5.321184 4.681555 50.231960 50.231960 
868.500000 439 2.000000 0.037933 14.944552 -0.851361 3.923189 16.116228 16.116228 
868.500000 440 2.000000 0.475353 8.516702 -3.497640 -4.422787 31.794532 31.794532 
868.500000 441 2.000000 0.999999 17.705260 -4.191717 -4.307401 36.124201 36.124201 
868.500000 442 2.000000 0.350360 2.815840 0.671040 -5.938365 35.714480 35.714480 
868.500000 443 2.000000 0.268392 7.084538 -3.658033 3.669036 26.843037 26.843037 
868.500000 444 2.000000 0.057631 7.282382 -2.094151 7.282381 57.418541 57.418541 
868.500000 445 2.000000 0.711058 16.491602 -0.094856 -5.038007 25.390508 25.390508 
868.500000 446 2.000000 0.901224 9.021366 3.254115 10.071304 112.020440 112.020440 
868.500000 447 2.000000 0.466486 2.543161 4.664853 -1.551847 24.169085 24.169085 
868.500000 448 2.000000 0.892249 8.351941 -2.155002 -2.773288 12.335161 12.335161 
868.500000 449 2.000000 0.151403 3.621908 3.028042 2.414604 14.999354 14.999354 
868.500000 450 2.000000 0.673463 12.006341 -1.088455 4.524089 21.652120 21.652120 
868.500000 451 2.000000 0.119557 9.564556 -0.262819 4.448630 19.859384 19.859384 
868.500000 452 2.000000 0.026827 1.520257 0.178839 1.172279 1.406222 1.406222 
868.500000 453 2.000000 0.088770 8.986766 -0.651253 -1.826550 3.760416 3.760416 
868.500000 454 2.000000 0.245481 10.687800 4.909594 -0.046161 24.106244 24.106244 
868.500000 455 2.000000 0.301422 8.495649 -1.995934 1.041278 5.068012 5.068012 
868.500000 456 2.000000 0.004534 17.177559 -1.422092 -0.561167 2.337256 2.337256 
868.500000 457 2.000000 0.192532 3.082079 0.107043 2.918621 8.529809 8.529809 
868.500000 458 2.000000 0.819093 16.339949 -1.809059 1.170717 4.643274 4.643274 
868.500000 459 2.000000 0.067198 16.178636 1.343941 -0.530826 2.087954 2.087954 
868.500000 460 2.000000 0.292097 16.889764 5.841912 -1.273344 35.749340 35.749340 
868.500000 461 2.000000 0.353562 17.972102 1.767804 -5.793990 36.695454 36.695454 
868.500000 462 2.000000 0.243956 18.580413 0.244369 -4.731952 22.451084 22.451084 
868.500000 463 2.000000 0.310409 17.211386 -2.298633 0.675346 5.739804 5.739804 
868.500000 464 2.000000 0.000001 10.244499 7.979240 2.938514 72.303135 72.303135 
868.500000 465 2.000000 0.235915 13.085013 -1.175513 -1.908208 5.023089 5.023089 
868.500000 466 2.000000 0.214358 16.607162 -2.555023 -0.133856 6.546057 6.546057 
868.500000 467 2.000000 0.000001 18.577941 4.769691 2.451742 28.760992 28.760992 
868.500000 468 2.000000 0.000001 13.132012 1.882260 2.850170 11.666372 11.666372 
868.500000 469 2.000000 0.229581 16.077304 -7.704178 -1.320366 61.097729 61.097729 
868.500000 470 2.000000 0.250924 5.408902 -1.872687 2.301660 8.804596 8.804596 
868.500000 471 2.000000 0.504363 9.812458 -0.626516 3.077384 9.862817 9.862817 
868.500000 472 2.000000 0.405012 5.484967 2.700074 -0.884935 8.073512 8.073512 
868.500000 473 2.000000 0.821726 9.201262 -0.274266 4.600630 21.241021 21.241021 
868.500000 474 2.000000 0.420125 6.555541 1.200356 -4.241096 19.427750 19.427750 
868.500000 475 2.000000 0.419770 5.656716 0.559692 -5.277997 28.170512 28.170512 
868.500000 476 2.000000 0.600569 0.297424 1.201008 5.948459 36.826589 36.826589 
868.500000 477 2.000000 0.999999 4.077202 -4.971543 4.944546 49.164777 49.164777 
868.500000 478 2.000000 0.218206 6.516627 -1.095581 -3.948762 16.793018 16.793018 
868.500000 479 2.000000 0.230606 7.214746 -0.238205 3.376132 11.455006 11.455006 
868.500000 480 2.000000 0.284256 17.064589 -0.894679 0.547189 1.099865 1.099865 
868.500000 481 2.000000 0.258221 11.218183 -1.036394 -5.904239 35.934150 35.934150 
868.500000 482 2.000000 0.943678 9.273646 4.718383 -5.453158 52.000071 52.000071 
868.500000 483 2.000000 0.000001 10.083980 4.342383 -2.064561 23.118701 23.118701 
868.500000 484 2.000000 0.142607 15.833249 -2.143479 2.523612 10.963121 10.963121 
868.500000 485 2.000000 0.947617 15.733623 2.707474 -0.136545 7.349059 7.349059 
868.500000 486 2.000000 0.334689 12.209295 -2.661240 1.166353 8.442578 8.442578 
868.500000 487 2.000000 0.252798 16.740917 -0.423707 6.979830 48.897559 48.897559 
868.500000 488 2.000000 0.384674 7.185783 1.923365 -3.869482 18.672226 18.672226 
868.500000 489 2.000000 0.000001 3.549857 1.520237 -1.575233 4.792479 4.792479 
868.500000 490 2.000000 0.786883 12.584722 -2.131159 1.809087 7.814632 7.814632 
868.500000 491 2.000000 0.623435 3.738592 2.078112 -5.577734 35.429665 35.429665 
868.500000 492 2.000000 0.612174 8.493054 -7.756494 -0.921625 61.012591 61.012591 
868.500000 493 2.000000 0.999999 15.053557 -5.427237 -0.924362 30.309349 30.309349 
868.500000 494 2.000000 0.441428 6.621422 -2.234283 -2.183609 9.760169 9.760169 
868.500000 495 2.000000 0.629407 17.816672 0.222241 -6.238076 38.962980 38.962980 
868.500000 496 2.000000 0.686650 5.609132 6.866495 -7.609931 105.059793 105.059793 
868.500000 497 2.000000 0.407535 1.628348 -2.369855 -1.730626 8.611280 8.611280 
868.500000 498 2.000000 0.262391 16.935922 0.349853 2.708808 7.460036 7.460036 
868.500000 499 2.000000 0.967462 18.798025 -0.650736 6.249297 39.477167 39.477167 
868.500000 500 2.000000 0.964376 5.685441 0.240201 -0.170448 0.086749 0.086749 
