505.000000 1 2.000000 0.860934 7.309734 -2.781295 0.241393 7.793872 7.793872 
505.000000 2 2.000000 0.428841 18.999560 -3.807723 -1.429198 16.541359 16.541359 
505.000000 3 2.000000 0.117542 17.326443 -8.824572 4.819944 101.104930 101.104930 
505.000000 4 2.000000 0.676114 12.181440 3.380566 3.614287 24.491300 24.491300 
505.000000 5 2.000000 0.768124 13.229973 -2.318750 -3.435326 17.178068 17.178068 
505.000000 6 2.000000 0.738627 19.586008 -2.613723 0.053529 6.834412 6.834412 
505.000000 7 2.000000 0.702757 6.575225 -5.944850 -0.347421 35.461941 35.461941 
505.000000 8 2.000000 0.621236 0.546835 -0.148535 5.468338 29.924788 29.924788 
505.000000 9 2.000000 0.503702 15.722482 2.014805 2.185209 8.834576 8.834576 
505.000000 10 2.000000 0.393434 8.217419 -0.339328 -6.345988 40.386704 40.386704 
505.000000 11 2.000000 0.372629 3.463732 2.484189 2.234665 11.164923 11.164923 
505.000000 12 2.000000 0.999999 1.877888 -8.329702 -4.365565 88.442089 88.442089 
505.000000 13 2.000000 0.843160 8.214783 -0.784194 -3.692279 14.247880 14.247880 
505.000000 14 2.000000 0.999999 7.740106 -2.696815 -5.281882 35.171087 35.171087 
505.000000 15 2.000000 0.659677 13.048068 1.651786 0.056467 2.731584 2.731584 
505.000000 16 2.000000 0.651358 2.273024 4.263773 2.500332 24.431418 24.431418 
505.000000 17 2.000000 0.210211 7.293932 -2.632625 4.233074 24.849629 24.849629 
505.000000 18 2.000000 0.219853 12.440414 0.732838 -1.434933 2.596084 2.596084 
505.000000 19 2.000000 0.333910 13.296514 -2.664357 -2.045110 11.281273 11.281273 
505.000000 20 2.000000 0.579477 8.057933 -4.205218 -1.814101 20.974824 20.974824 
505.000000 21 2.000000 0.481552 7.329034 -1.296117 2.681561 8.870687 8.870687 
505.000000 22 2.000000 0.559578 11.717100 5.595767 -7.091717 81.605051 81.605051 
505.000000 23 2.000000 0.971331 18.969161 -0.573368 0.732985 0.866018 0.866018 
505.000000 24 2.000000 0.018365 17.414759 -4.908168 0.690632 24.567089 24.567089 
505.000000 25 2.000000 0.165720 3.517423 -1.516871 5.862371 36.668287 36.668287 
505.000000 26 2.000000 0.487027 12.554446 -1.568284 2.557993 9.002842 9.002842 
505.000000 27 2.000000 0.000001 3.901129 1.891055 3.901128 18.794888 18.794888 
505.000000 28 2.000000 0.869958 2.630305 -0.650203 -6.238606 39.342967 39.342967 
505.000000 29 2.000000 0.355843 18.900377 -1.178103 -2.307486 6.712416 6.712416 
505.000000 30 2.000000 0.465758 15.935061 1.035016 -3.871369 16.058759 16.058759 
505.000000 31 2.000000 0.036482 16.505617 -3.211725 1.425610 12.347540 12.347540 
505.000000 32 2.000000 0.307157 2.179535 1.535781 -0.145199 2.379706 2.379706 
505.000000 33 2.000000 0.902656 2.179012 -0.973434 -1.519741 3.257186 3.257186 
505.000000 34 2.000000 0.316629 1.622553 -2.733481 0.463586 7.686833 7.686833 
505.000000 35 2.000000 0.266779 5.806750 2.667785 -2.609562 13.926888 13.926888 
505.000000 36 2.000000 0.487641 17.062610 1.393257 -4.196270 19.549847 19.549847 
505.000000 37 2.000000 0.996684 13.132569 0.664570 2.618351 7.297416 7.297416 
505.000000 38 2.000000 0.999999 11.358348 -3.407283 -1.147085 12.925381 12.925381 
505.000000 39 2.000000 0.879350 19.652914 0.502485 4.197896 17.874819 17.874819 
505.000000 40 2.000000 0.319362 3.659625 -2.722549 5.228034 34.744611 34.744611 
505.000000 41 2.000000 0.999999 14.458723 -3.696671 0.638586 14.073166 14.073166 
505.000000 42 2.000000 0.413836 3.131730 0.689726 4.175639 17.911684 17.911684 
505.000000 43 2.000000 0.638746 10.367213 2.129150 -0.807674 5.185618 5.185618 
505.000000 44 2.000000 0.743786 19.440279 -5.124252 -3.731469 40.181820 40.181820 
505.000000 45 2.000000 0.999999 10.811254 -4.952713 -1.445718 26.619471 26.619471 
505.000000 46 2.000000 0.838659 12.841309 4.193291 -2.121414 22.084087 22.084087 
505.000000 47 2.000000 0.411840 5.404862 -0.784851 -1.343500 2.420982 2.420982 
505.000000 48 2.000000 0.779554 11.235460 -1.469633 -1.989085 6.116278 6.116278 
505.000000 49 2.000000 0.847379 2.547161 0.344745 -4.284911 18.479313 18.479313 
505.000000 50 2.000000 0.174822 1.463627 -3.300709 0.317883 10.995728 10.995728 
505.000000 51 2.000000 0.999999 13.146129 -6.257689 3.067459 48.567984 48.567984 
505.000000 52 2.000000 0.931588 12.929640 0.784586 1.644222 3.319043 3.319043 
505.000000 53 2.000000 0.637210 0.449911 0.083539 -5.107480 26.093334 26.093334 
505.000000 54 2.000000 0.132054 19.005946 1.320525 0.077999 1.749871 1.749871 
505.000000 55 2.000000 0.090946 8.415021 1.818900 4.548659 23.998698 23.998698 
505.000000 56 2.000000 0.282049 6.957190 5.640958 1.556124 34.241925 34.241925 
505.000000 57 2.000000 0.178284 15.382096 0.713132 0.704461 1.004823 1.004823 
505.000000 58 2.000000 0.566392 13.760301 -1.734427 -2.465244 9.085665 9.085665 
505.000000 59 2.000000 0.373467 16.108430 -6.265320 0.517861 39.522409 39.522409 
505.000000 60 2.000000 0.261615 3.695091 5.232273 0.154882 27.400672 27.400672 
505.000000 61 2.000000 0.876814 18.847580 -2.463692 -1.718259 9.022194 9.022194 
505.000000 62 2.000000 0.395782 7.666661 -0.863167 0.622160 1.132141 1.132141 
505.000000 63 2.000000 0.848553 10.510578 -0.757228 -2.561669 7.135544 7.135544 
505.000000 64 2.000000 0.999999 2.477293 -4.318525 0.387233 18.799606 18.799606 
505.000000 65 2.000000 0.350274 2.336251 0.056712 4.247727 18.046403 18.046403 
505.000000 66 2.000000 0.055108 0.667279 -3.149638 -4.888192 33.814641 33.814641 
505.000000 67 2.000000 0.999999 8.153827 -4.127484 1.407753 19.017891 19.017891 
505.000000 68 2.000000 0.999999 19.744292 -3.807225 1.208525 15.955499 15.955499 
505.000000 69 2.000000 0.712731 4.712811 7.127301 0.082791 50.805281 50.805281 
505.000000 70 2.000000 0.490739 16.446070 -1.131690 0.524871 1.556211 1.556211 
505.000000 71 2.000000 0.174787 15.892346 -5.501413 0.352410 30.389737 30.389737 
505.000000 72 2.000000 0.270033 11.123414 -3.649831 -0.529165 13.601283 13.601283 
505.000000 73 2.000000 0.999999 18.124520 -5.715071 2.574330 39.289213 39.289213 
505.000000 74 2.000000 0.592048 0.428344 3.946977 -9.713364 109.928073 109.928073 
505.000000 75 2.000000 0.537700 1.431716 1.536283 1.507069 4.631421 4.631421 
505.000000 76 2.000000 0.476905 12.871280 -1.255934 -6.774095 47.465727 47.465727 
505.000000 77 2.000000 0.358200 7.101985 -4.278663 4.438740 38.009369 38.009369 
505.000000 78 2.000000 0.000001 2.402257 3.869529 -7.679183 73.943099 73.943099 
505.000000 79 2.000000 0.999999 5.278542 -3.407201 -7.242049 64.056288 64.056288 
505.000000 80 2.000000 0.366169 13.539680 7.323350 2.678534 60.806006 60.806006 
505.000000 81 2.000000 0.860154 4.078435 1.563914 -2.920104 10.972836 10.972836 
505.000000 82 2.000000 0.057260 4.393342 -4.713697 -6.002560 58.249672 58.249672 
505.000000 83 2.000000 0.217502 2.807059 4.350017 4.330373 37.674778 37.674778 
505.000000 84 2.000000 0.902396 9.003145 -0.076514 -8.185802 67.013210 67.013210 
505.000000 85 2.000000 0.704043 13.396107 7.040416 6.190646 87.891555 87.891555 
505.000000 86 2.000000 0.000001 15.547545 1.674228 -8.095372 68.338079 68.338079 
505.000000 87 2.000000 0.055917 12.625928 -0.126569 1.548181 2.412883 2.412883 
505.000000 88 2.000000 0.250986 0.000001 -1.847212 4.337508 22.226171 22.226171 
505.000000 89 2.000000 0.511582 0.000001 0.930147 5.875651 35.388445 35.388445 
505.000000 90 2.000000 0.457742 8.488283 -5.422570 -4.123121 46.404389 46.404389 
505.000000 91 2.000000 0.288254 5.484928 -4.744964 -0.369157 22.650963 22.650963 
505.000000 92 2.000000 0.999999 5.509667 -3.092493 -5.496816 39.778497 39.778497 
505.000000 93 2.000000 0.919031 11.275936 2.042288 3.461481 16.152791 16.152791 
505.000000 94 2.000000 0.573215 5.662416 -8.535680 3.060765 82.226110 82.226110 
505.000000 95 2.000000 0.628332 12.013268 2.513322 3.474050 18.385815 18.385815 
505.000000 96 2.000000 0.877564 6.343852 1.433451 3.012443 11.129593 11.129593 
505.000000 97 2.000000 0.176990 6.887388 3.539778 -1.419481 14.544959 14.544959 
505.000000 98 2.000000 0.492112 17.442333 0.894747 -2.325151 6.206899 6.206899 
505.000000 99 2.000000 0.447528 4.375387 -0.244033 -0.472033 0.282368 0.282368 
505.000000 100 2.000000 0.000001 12.630623 3.466244 -0.290241 12.099090 12.099090 
505.000000 101 2.000000 0.283399 18.478365 5.667951 -0.951021 33.030110 33.030110 
505.000000 102 2.000000 0.715580 0.155153 0.796547 3.103043 10.263364 10.263364 
505.000000 103 2.000000 0.617242 8.383845 -2.551714 0.934403 7.384354 7.384354 
505.000000 104 2.000000 0.461241 12.593559 1.537466 -2.227890 7.327294 7.327294 
505.000000 105 2.000000 0.258945 14.793288 -1.852635 -4.514847 23.816103 23.816103 
505.000000 106 2.000000 0.999999 2.445655 -10.938685 5.391319 148.721154 148.721154 
505.000000 107 2.000000 0.821639 9.227904 1.578209 3.634933 15.703479 15.703479 
505.000000 108 2.000000 0.521440 11.275724 -4.785589 5.782422 56.338268 56.338268 
505.000000 109 2.000000 0.800871 7.211338 4.004348 5.547182 46.806031 46.806031 
505.000000 110 2.000000 0.446686 7.174891 -2.487229 2.264715 11.315240 11.315240 
505.000000 111 2.000000 0.868129 5.444500 -0.659352 1.643961 3.137352 3.137352 
505.000000 112 2.000000 0.000001 1.307012 2.663611 6.535053 49.801746 49.801746 
505.000000 113 2.000000 0.411268 1.141602 1.467650 -4.261469 20.314113 20.314113 
505.000000 114 2.000000 0.459250 6.804561 -3.604990 -2.649174 20.014074 20.014074 
505.000000 115 2.000000 0.653142 13.215511 6.531412 0.018411 42.659683 42.659683 
505.000000 116 2.000000 0.650292 13.112528 1.625728 -1.804975 5.900926 5.900926 
505.000000 117 2.000000 0.779198 18.644717 -4.416025 0.847493 20.219520 20.219520 
505.000000 118 2.000000 0.427447 15.905600 -2.290209 0.001111 5.245057 5.245057 
505.000000 119 2.000000 0.942241 10.769644 -0.288788 3.919094 15.442699 15.442699 
505.000000 120 2.000000 0.327294 5.027246 0.935123 0.727443 1.403629 1.403629 
505.000000 121 2.000000 0.274268 17.405936 -7.257313 -0.798173 53.305674 53.305674 
505.000000 122 2.000000 0.653563 6.863189 0.233415 0.670660 0.504268 0.504268 
505.000000 123 2.000000 0.467387 12.858223 2.474221 3.163904 16.132056 16.132056 
505.000000 124 2.000000 0.728678 2.284827 3.643386 0.188388 13.309749 13.309749 
505.000000 125 2.000000 0.577681 13.388847 0.042487 2.549177 6.500108 6.500108 
505.000000 126 2.000000 0.839201 2.387164 2.397714 1.540105 8.120955 8.120955 
505.000000 127 2.000000 0.556033 5.851178 0.136769 1.099324 1.227220 1.227220 
505.000000 128 2.000000 0.980854 4.125117 3.269509 -4.538525 31.287897 31.287897 
505.000000 129 2.000000 0.893532 14.542491 2.233829 -4.366006 24.052002 24.052002 
505.000000 130 2.000000 0.940984 10.664210 6.273220 -4.672803 61.188385 61.188385 
505.000000 131 2.000000 0.000001 13.896471 2.002905 4.066295 20.546381 20.546381 
505.000000 132 2.000000 0.000001 8.025434 10.752653 4.158221 132.910345 132.910345 
505.000000 133 2.000000 0.999999 1.069671 -2.902855 -2.835760 16.468100 16.468100 
505.000000 134 2.000000 0.999999 16.820897 -6.616227 1.287239 45.431438 45.431438 
505.000000 135 2.000000 0.030245 13.692745 -4.848771 2.678187 30.683269 30.683269 
505.000000 136 2.000000 0.236645 8.261864 -2.544512 -1.370481 8.352762 8.352762 
505.000000 137 2.000000 0.603454 6.393533 -1.132985 0.137395 1.302533 1.302533 
505.000000 138 2.000000 0.789510 18.305548 -1.403261 2.314963 7.328194 7.328194 
505.000000 139 2.000000 0.970336 3.413782 -0.100061 -2.938000 8.641856 8.641856 
505.000000 140 2.000000 0.347986 1.956739 -4.346757 2.302045 24.193702 24.193702 
505.000000 141 2.000000 0.195697 2.904267 1.304637 -3.367071 13.039245 13.039245 
505.000000 142 2.000000 0.162433 13.450330 -3.180828 -3.808862 24.625097 24.625097 
505.000000 143 2.000000 0.801121 1.165180 1.669783 2.087930 7.147625 7.147625 
505.000000 144 2.000000 0.874283 16.172601 0.413145 3.783871 14.488368 14.488368 
505.000000 145 2.000000 0.591401 12.977289 -1.167424 -0.397867 1.521177 1.521177 
505.000000 146 2.000000 0.781919 13.782742 2.958235 -0.357025 8.878619 8.878619 
505.000000 147 2.000000 0.695858 3.831640 -6.082817 1.824590 40.329786 40.329786 
505.000000 148 2.000000 0.000001 13.931223 6.871015 -0.710305 47.715376 47.715376 
505.000000 149 2.000000 0.622177 10.154803 -0.228983 5.802744 33.724269 33.724269 
505.000000 150 2.000000 0.418361 8.105916 -6.536905 -1.339810 44.526219 44.526219 
505.000000 151 2.000000 0.999999 2.667847 -0.866285 5.928060 35.892347 35.892347 
505.000000 152 2.000000 0.512637 5.609300 2.563179 -0.748720 7.130467 7.130467 
505.000000 153 2.000000 0.999999 13.774941 -4.619605 -2.711517 28.693079 28.693079 
505.000000 154 2.000000 0.213798 19.806435 -1.572402 2.683405 9.673108 9.673108 
505.000000 155 2.000000 0.718269 7.654594 -5.634604 2.553915 38.271247 38.271247 
505.000000 156 2.000000 0.914827 7.966184 0.006713 -1.080179 1.166832 1.166832 
505.000000 157 2.000000 0.231103 0.330520 -1.922240 -2.798212 11.524997 11.524997 
505.000000 158 2.000000 0.999999 15.538501 -4.436513 0.887992 20.471176 20.471176 
505.000000 159 2.000000 0.000001 11.135684 3.208562 -0.159937 10.320447 10.320447 
505.000000 160 2.000000 0.889051 5.334063 -2.218957 -1.569924 7.388433 7.388433 
505.000000 161 2.000000 0.456821 12.443391 -0.775969 -1.589185 3.127636 3.127636 
505.000000 162 2.000000 0.779452 18.376757 0.224561 -8.116209 65.923276 65.923276 
505.000000 163 2.000000 0.398969 12.489786 -2.404118 0.852750 6.506968 6.506968 
505.000000 164 2.000000 0.191126 17.736766 3.822508 -1.692469 17.476017 17.476017 
505.000000 165 2.000000 0.099655 12.885986 1.993090 -0.306108 4.066109 4.066109 
505.000000 166 2.000000 0.768392 10.823592 1.536782 4.509830 22.700264 22.700264 
505.000000 167 2.000000 0.385147 12.060259 -1.229703 -2.701138 8.808315 8.808315 
505.000000 168 2.000000 0.009398 19.191513 -6.604008 1.214971 45.089077 45.089077 
505.000000 169 2.000000 0.338741 18.367279 3.387398 -3.074850 20.929163 20.929163 
505.000000 170 2.000000 0.232419 14.421757 2.324176 -4.462594 25.316539 25.316539 
505.000000 171 2.000000 0.667714 18.047876 4.451422 0.694962 20.298129 20.298129 
505.000000 172 2.000000 0.689531 8.207931 -1.552338 -0.664649 2.851512 2.851512 
505.000000 173 2.000000 0.000001 18.778059 3.874511 -4.887762 38.902056 38.902056 
505.000000 174 2.000000 0.261114 0.000001 0.456336 5.477639 30.212775 30.212775 
505.000000 175 2.000000 0.113941 10.981730 2.099428 0.213734 4.453279 4.453279 
505.000000 176 2.000000 0.339155 5.650601 -0.962951 -2.404621 6.709477 6.709477 
505.000000 177 2.000000 0.000001 1.738490 2.902775 6.953957 56.783622 56.783622 
505.000000 178 2.000000 0.999999 10.653003 -5.783161 0.983558 34.412338 34.412338 
505.000000 179 2.000000 0.344337 14.034786 -1.192113 3.364485 12.740896 12.740896 
505.000000 180 2.000000 0.238359 4.488211 -1.906992 -6.468521 45.478382 45.478382 
505.000000 181 2.000000 0.215112 2.726703 4.302222 7.790576 79.202185 79.202185 
505.000000 182 2.000000 0.231193 17.617136 2.311924 0.335402 5.457488 5.457488 
505.000000 183 2.000000 0.052769 11.479333 -6.314865 -6.422419 81.124987 81.124987 
505.000000 184 2.000000 0.669466 3.342331 0.582143 -0.867272 1.091052 1.091052 
505.000000 185 2.000000 0.122607 15.484462 -1.949760 1.829065 7.147043 7.147043 
505.000000 186 2.000000 0.283143 6.523778 -7.168559 -0.519277 51.657888 51.657888 
505.000000 187 2.000000 0.406919 13.282545 -0.119608 2.716648 7.394480 7.394480 
505.000000 188 2.000000 0.815040 4.708884 -3.699188 4.956719 38.253051 38.253051 
505.000000 189 2.000000 0.474296 8.985482 0.948590 -0.638253 1.307190 1.307190 
505.000000 190 2.000000 0.101188 15.362820 2.023734 2.809007 11.986022 11.986022 
505.000000 191 2.000000 0.170602 14.789820 1.137343 -1.073986 2.446994 2.446994 
505.000000 192 2.000000 0.999999 13.246348 -6.240659 -5.768406 72.220327 72.220327 
505.000000 193 2.000000 0.393694 5.568983 2.624619 1.056102 8.003978 8.003978 
505.000000 194 2.000000 0.654001 8.489676 -2.306651 5.854948 39.601057 39.601057 
505.000000 195 2.000000 0.173250 15.068762 3.464974 1.556236 14.427917 14.427917 
505.000000 196 2.000000 0.999999 7.977461 -5.303285 -0.221821 28.174036 28.174036 
505.000000 197 2.000000 0.955856 4.251630 -0.882861 5.314536 29.023740 29.023740 
505.000000 198 2.000000 0.128032 15.042734 2.560629 -1.441524 8.634810 8.634810 
505.000000 199 2.000000 0.831815 8.002167 3.158804 -2.345675 15.480232 15.480232 
505.000000 200 2.000000 0.668582 10.831832 2.674326 -0.167312 7.180011 7.180011 
505.000000 201 2.000000 0.000001 17.908112 8.888451 -0.207924 79.047791 79.047791 
505.000000 202 2.000000 0.068779 10.913316 -1.219529 3.123734 11.244964 11.244964 
505.000000 203 2.000000 0.785897 15.144869 5.239303 -1.124190 28.714103 28.714103 
505.000000 204 2.000000 0.070712 6.673324 -0.651949 0.647689 0.844539 0.844539 
505.000000 205 2.000000 0.897838 8.692536 -2.043216 5.608087 35.625370 35.625370 
505.000000 206 2.000000 0.790298 5.978830 1.128996 5.435299 30.817108 30.817108 
505.000000 207 2.000000 0.571929 5.138057 1.143856 -1.358731 3.154558 3.154558 
505.000000 208 2.000000 0.221832 8.624151 4.436611 0.623644 20.072446 20.072446 
505.000000 209 2.000000 0.537235 16.925401 -2.313821 4.243059 23.357319 23.357319 
505.000000 210 2.000000 0.999999 13.081981 -6.750503 3.133248 55.386533 55.386533 
505.000000 211 2.000000 0.153718 14.162448 -5.641872 4.362070 50.858377 50.858377 
505.000000 212 2.000000 0.067430 8.452631 -6.217124 -2.185748 43.430120 43.430120 
505.000000 213 2.000000 0.901316 19.208830 6.008766 -1.042813 37.192726 37.192726 
505.000000 214 2.000000 0.043119 5.819352 -6.379203 3.423148 52.412175 52.412175 
505.000000 215 2.000000 0.756841 17.461628 0.720800 -3.626245 13.669202 13.669202 
505.000000 216 2.000000 0.229080 8.173108 -0.415654 5.432926 29.689455 29.689455 
505.000000 217 2.000000 0.235688 7.430627 0.224464 2.738064 7.547378 7.547378 
505.000000 218 2.000000 0.624603 11.020735 6.246020 5.510367 69.376914 69.376914 
505.000000 219 2.000000 0.453857 3.406735 0.825192 4.370560 19.782733 19.782733 
505.000000 220 2.000000 0.153356 13.513837 -2.822145 -2.722671 15.377438 15.377438 
505.000000 221 2.000000 0.059289 5.434166 -1.881419 2.501040 9.794940 9.794940 
505.000000 222 2.000000 0.560394 18.531952 -2.198027 -0.057442 4.834624 4.834624 
505.000000 223 2.000000 0.161004 10.922124 -3.292460 -1.307441 12.549698 12.549698 
505.000000 224 2.000000 0.423698 11.953054 -2.305206 1.028567 6.371923 6.371923 
505.000000 225 2.000000 0.610510 12.277611 1.067491 3.554797 13.776118 13.776118 
505.000000 226 2.000000 0.712588 5.685040 2.850350 0.942466 9.012735 9.012735 
505.000000 227 2.000000 0.282642 16.176123 -4.782382 -3.641787 36.133793 36.133793 
505.000000 228 2.000000 0.040376 7.939706 -9.596234 -3.874356 107.098330 107.098330 
505.000000 229 2.000000 0.811725 7.561534 0.129890 -3.827220 14.664485 14.664485 
505.000000 230 2.000000 0.999999 14.995104 -4.988030 -0.349058 25.002283 25.002283 
505.000000 231 2.000000 0.345922 9.820290 3.459211 3.685080 25.545955 25.545955 
505.000000 232 2.000000 0.000001 3.748953 3.565090 -2.292480 17.965331 17.965331 
505.000000 233 2.000000 0.230255 5.702306 0.921014 -4.083795 17.525650 17.525650 
505.000000 234 2.000000 0.797651 12.931506 -1.348988 -0.513608 2.083562 2.083562 
505.000000 235 2.000000 0.169779 5.958708 -3.320878 -0.835591 11.726446 11.726446 
505.000000 236 2.000000 0.451366 2.563311 -1.828778 0.327932 3.451966 3.451966 
505.000000 237 2.000000 0.105658 13.384533 -0.420599 -1.475329 2.353500 2.353500 
505.000000 238 2.000000 0.437233 8.763812 2.914877 -2.613067 15.324626 15.324626 
505.000000 239 2.000000 0.553914 0.000001 -1.486950 5.866361 36.625206 36.625206 
505.000000 240 2.000000 0.999999 2.667628 -3.673560 -4.743677 35.997511 35.997511 
505.000000 241 2.000000 0.999701 12.690767 2.221555 -0.112959 4.948065 4.948065 
505.000000 242 2.000000 0.080410 2.049727 -0.023169 3.726774 13.889381 13.889381 
505.000000 243 2.000000 0.920276 0.344843 1.022527 -3.267261 11.720558 11.720558 
505.000000 244 2.000000 0.853934 15.189159 8.539327 0.170686 72.949242 72.949242 
505.000000 245 2.000000 0.741276 11.324949 -2.587229 -1.129959 7.970558 7.970558 
505.000000 246 2.000000 0.999999 13.970600 -1.157530 4.662123 23.075267 23.075267 
505.000000 247 2.000000 0.928878 15.291495 1.155010 1.396036 3.282966 3.282966 
505.000000 248 2.000000 0.764314 8.053529 -1.178425 -4.619647 22.729826 22.729826 
505.000000 249 2.000000 0.887742 10.335959 5.918273 0.594654 35.379571 35.379571 
505.000000 250 2.000000 0.000001 15.393243 0.633183 -1.426791 2.436654 2.436654 
505.000000 251 2.000000 0.743292 12.214206 -2.567068 -3.178426 16.692228 16.692228 
505.000000 252 2.000000 0.687358 9.549563 1.913435 -3.777720 17.932404 17.932404 
505.000000 253 2.000000 0.318581 17.502262 3.185798 1.128988 11.423920 11.423920 
505.000000 254 2.000000 0.721764 6.168338 5.878788 -4.912111 58.688987 58.688987 
505.000000 255 2.000000 0.153308 13.804392 3.066138 4.320652 28.069237 28.069237 
505.000000 256 2.000000 0.157473 1.738178 3.149444 3.862616 24.838799 24.838799 
505.000000 257 2.000000 0.965539 3.398945 0.429021 -3.780646 14.477341 14.477341 
505.000000 258 2.000000 0.059089 13.996206 1.181764 -1.905966 5.029272 5.029272 
505.000000 259 2.000000 0.000001 10.587649 3.480303 -1.545799 14.502003 14.502003 
505.000000 260 2.000000 0.294280 19.999999 -0.742862 -6.171174 38.635235 38.635235 
505.000000 261 2.000000 0.922444 10.013862 3.074809 -0.659721 9.889683 9.889683 
505.000000 262 2.000000 0.912216 5.058677 2.280538 0.819796 5.872919 5.872919 
505.000000 263 2.000000 0.912075 18.373353 1.824147 -5.422154 32.727271 32.727271 
505.000000 264 2.000000 0.177569 16.695469 0.591892 -1.436752 2.414593 2.414593 
505.000000 265 2.000000 0.000001 13.725300 2.438607 -2.852136 14.081481 14.081481 
505.000000 266 2.000000 0.042843 11.861117 -0.211374 3.122531 9.794878 9.794878 
505.000000 267 2.000000 0.553237 15.224510 -0.008318 4.092189 16.746079 16.746079 
505.000000 268 2.000000 0.168833 2.993835 -2.770555 -3.909463 22.959874 22.959874 
505.000000 269 2.000000 0.531300 8.068043 1.942533 0.330607 3.882737 3.882737 
505.000000 270 2.000000 0.704820 8.768056 4.698791 0.568330 22.401635 22.401635 
505.000000 271 2.000000 0.150595 11.277578 1.505942 2.886606 10.600356 10.600356 
505.000000 272 2.000000 0.453717 18.850688 -1.092563 -3.831038 15.870548 15.870548 
505.000000 273 2.000000 0.741429 2.928392 7.414279 -1.069783 56.115971 56.115971 
505.000000 274 2.000000 0.165732 5.117480 3.314627 -1.774648 14.136129 14.136129 
505.000000 275 2.000000 0.157140 9.787308 -0.212893 -4.413601 19.525196 19.525196 
505.000000 276 2.000000 0.999999 17.539022 -1.079888 3.131968 10.975381 10.975381 
505.000000 277 2.000000 0.891419 19.100218 0.293056 -4.498905 20.326025 20.326025 
505.000000 278 2.000000 0.963339 17.795487 3.853352 -2.622708 21.726920 21.726920 
505.000000 279 2.000000 0.999999 6.234442 -8.111084 9.591447 157.785544 157.785544 
505.000000 280 2.000000 0.896496 2.025141 1.792990 -7.139027 54.180518 54.180518 
505.000000 281 2.000000 0.142639 16.783184 0.713189 4.077777 17.136906 17.136906 
505.000000 282 2.000000 0.306552 16.887089 -2.311490 -4.150546 22.570020 22.570020 
505.000000 283 2.000000 0.709931 19.976118 7.099302 3.015312 59.492198 59.492198 
505.000000 284 2.000000 0.143511 7.453868 0.015274 -1.125728 1.267496 1.267496 
505.000000 285 2.000000 0.078909 14.138603 -3.070299 -7.815195 70.504014 70.504014 
505.000000 286 2.000000 0.382863 15.673031 -2.468545 3.071050 15.525063 15.525063 
505.000000 287 2.000000 0.907013 12.650635 1.295731 -4.082980 18.349647 18.349647 
505.000000 288 2.000000 0.593066 7.307757 -4.069334 0.669061 17.007120 17.007120 
505.000000 289 2.000000 0.999999 4.060367 -4.258751 0.646875 18.555404 18.555404 
505.000000 290 2.000000 0.273451 3.872866 -4.843656 1.103691 24.679142 24.679142 
505.000000 291 2.000000 0.463388 16.518713 -1.788703 -2.486633 9.382801 9.382801 
505.000000 292 2.000000 0.440580 17.850390 -2.797096 -0.171443 7.853136 7.853136 
505.000000 293 2.000000 0.843561 2.259425 -0.782188 4.557969 21.386895 21.386895 
505.000000 294 2.000000 0.463021 16.166882 -0.389316 -2.079556 4.476121 4.476121 
505.000000 295 2.000000 0.227874 5.647035 4.557465 -3.071874 30.206898 30.206898 
505.000000 296 2.000000 0.893459 11.477237 1.116822 4.990103 26.148415 26.148415 
505.000000 297 2.000000 0.588626 18.119501 -8.227453 0.974207 68.640067 68.640067 
505.000000 298 2.000000 0.441442 3.342055 4.414408 -2.192941 24.295985 24.295985 
505.000000 299 2.000000 0.245310 7.705099 2.453086 6.163686 44.008657 44.008657 
505.000000 300 2.000000 0.630972 12.326754 3.713191 -3.515114 26.143813 26.143813 
505.000000 301 2.000000 0.424082 5.044370 -4.464067 2.815935 27.857379 27.857379 
505.000000 302 2.000000 0.854836 4.992254 -2.903250 -1.625930 11.072510 11.072510 
505.000000 303 2.000000 0.199414 19.654074 0.498532 -0.628955 0.644119 0.644119 
505.000000 304 2.000000 0.841791 1.694865 3.367159 2.118580 15.826142 15.826142 
505.000000 305 2.000000 0.801203 2.023389 -1.987963 -4.115253 20.887305 20.887305 
505.000000 306 2.000000 0.844968 16.959586 1.126623 2.877560 9.549631 9.549631 
505.000000 307 2.000000 0.921301 14.252555 2.632286 -0.855914 7.661518 7.661518 
505.000000 308 2.000000 0.509637 18.645611 -1.225904 -0.043659 1.504746 1.504746 
505.000000 309 2.000000 0.320426 3.427416 0.712055 -1.173589 1.884333 1.884333 
505.000000 310 2.000000 0.393212 3.465650 -3.033933 2.888041 17.545530 17.545530 
505.000000 311 2.000000 0.415447 8.097063 1.412937 -1.530917 4.340095 4.340095 
505.000000 312 2.000000 0.899745 11.203444 8.997445 -2.149355 85.573743 85.573743 
505.000000 313 2.000000 0.000001 7.936274 10.283005 5.479786 135.768252 135.768252 
505.000000 314 2.000000 0.000001 9.153433 4.295499 2.607599 25.250887 25.250887 
505.000000 315 2.000000 0.702580 19.279926 -2.974192 -0.221599 8.894926 8.894926 
505.000000 316 2.000000 0.898058 14.214958 0.408208 -3.044758 9.437186 9.437186 
505.000000 317 2.000000 0.982140 11.112461 -0.178593 5.279618 27.906265 27.906265 
505.000000 318 2.000000 0.241318 12.361554 -4.279861 -2.501268 24.573554 24.573554 
505.000000 319 2.000000 0.462119 18.457462 0.543668 -3.856342 15.166945 15.166945 
505.000000 320 2.000000 0.839289 7.646371 -0.139748 -1.913276 3.680155 3.680155 
505.000000 321 2.000000 0.731457 9.401480 7.314561 0.136230 53.521356 53.521356 
505.000000 322 2.000000 0.684287 14.179472 -3.157117 5.156171 36.553492 36.553492 
505.000000 323 2.000000 0.996122 8.420932 2.213602 1.487592 7.112962 7.112962 
505.000000 324 2.000000 0.136011 8.927150 0.340025 3.246236 10.653665 10.653665 
505.000000 325 2.000000 0.065940 0.897566 0.146531 -0.166553 0.049211 0.049211 
505.000000 326 2.000000 0.489256 15.075251 -5.107430 -3.030530 35.269957 35.269957 
505.000000 327 2.000000 0.686792 11.493936 -6.264148 4.782704 62.113805 62.113805 
505.000000 328 2.000000 0.989562 3.911975 2.827317 -0.735424 8.534571 8.534571 
505.000000 329 2.000000 0.485161 5.551849 -1.716127 -5.427080 32.398291 32.398291 
505.000000 330 2.000000 0.676414 0.274456 3.382067 1.829700 14.786184 14.786184 
505.000000 331 2.000000 0.407043 0.709743 -1.482391 -0.125493 2.213230 2.213230 
505.000000 332 2.000000 0.804850 15.068695 2.299570 1.164258 6.643519 6.643519 
505.000000 333 2.000000 0.234867 1.139586 -7.651323 -2.790227 66.328109 66.328109 
505.000000 334 2.000000 0.089688 0.584108 1.793741 0.687185 3.689731 3.689731 
505.000000 335 2.000000 0.461217 4.770628 -3.954448 -2.886864 23.971644 23.971644 
505.000000 336 2.000000 0.351388 19.507384 3.513873 3.973985 28.139856 28.139856 
505.000000 337 2.000000 0.054941 6.122709 -0.329691 -4.128432 17.152644 17.152644 
505.000000 338 2.000000 0.673174 15.271714 -2.178832 -4.728285 27.103984 27.103984 
505.000000 339 2.000000 0.910038 8.741829 9.100373 0.547833 83.116913 83.116913 
505.000000 340 2.000000 0.000001 6.521063 3.006939 1.704975 11.948623 11.948623 
505.000000 341 2.000000 0.698816 14.204523 -6.023664 7.891049 98.553181 98.553181 
505.000000 342 2.000000 0.315248 3.558325 6.304931 2.097255 44.150628 44.150628 
505.000000 343 2.000000 0.317138 5.776236 -0.853576 -3.125932 10.500045 10.500045 
505.000000 344 2.000000 0.344881 4.222574 1.149601 -0.620678 1.706823 1.706823 
505.000000 345 2.000000 0.609066 14.721885 -3.909330 -0.153947 15.306561 15.306561 
505.000000 346 2.000000 0.457414 2.617927 1.143533 -2.321047 6.694927 6.694927 
505.000000 347 2.000000 0.000001 6.139375 3.729784 -0.350643 14.034238 14.034238 
505.000000 348 2.000000 0.754803 3.660990 -2.451958 0.052724 6.014880 6.014880 
505.000000 349 2.000000 0.644507 16.270858 -3.554919 -3.107617 22.294739 22.294739 
505.000000 350 2.000000 0.441359 12.307199 -1.778200 1.369715 5.038113 5.038113 
505.000000 351 2.000000 0.829253 12.486291 2.369291 3.974220 21.407965 21.407965 
505.000000 352 2.000000 0.152149 8.518636 3.042956 -3.810653 23.780663 23.780663 
505.000000 353 2.000000 0.903389 13.150153 -0.644064 1.842662 3.810220 3.810220 
505.000000 354 2.000000 0.770353 1.509793 1.400640 -2.835932 10.004304 10.004304 
505.000000 355 2.000000 0.780349 17.356090 3.901738 -2.193238 20.033853 20.033853 
505.000000 356 2.000000 0.608790 17.542196 -0.300930 1.517662 2.393857 2.393857 
505.000000 357 2.000000 0.576453 16.296431 -2.823641 4.201753 25.627673 25.627673 
505.000000 358 2.000000 0.028965 8.117521 -1.618391 2.396640 8.363072 8.363072 
505.000000 359 2.000000 0.972150 7.735907 1.944299 0.461462 3.993245 3.993245 
505.000000 360 2.000000 0.586631 7.991666 -1.872896 -2.805465 11.378373 11.378373 
505.000000 361 2.000000 0.000001 9.743673 3.041590 0.285787 9.332942 9.332942 
505.000000 362 2.000000 0.610309 18.027497 -1.948450 2.804910 11.663976 11.663976 
505.000000 363 2.000000 0.311173 10.921148 -1.530725 -4.056212 18.795973 18.795973 
505.000000 364 2.000000 0.000001 15.508852 1.189145 -1.050223 2.517033 2.517033 
505.000000 365 2.000000 0.457958 10.080269 -5.420411 1.819946 32.693062 32.693062 
505.000000 366 2.000000 0.220693 0.783758 -7.793060 0.922067 61.581987 61.581987 
505.000000 367 2.000000 0.679950 15.759624 -6.400988 -3.392011 52.478391 52.478391 
505.000000 368 2.000000 0.639861 13.038319 -1.800688 2.657315 10.303803 10.303803 
505.000000 369 2.000000 0.858487 3.136227 1.430811 -0.666517 2.491464 2.491464 
505.000000 370 2.000000 0.419143 12.572146 -5.808560 0.414472 33.911157 33.911157 
505.000000 371 2.000000 0.221452 17.684540 -5.190316 6.168800 64.993480 64.993480 
505.000000 372 2.000000 0.999999 15.217156 -4.782813 0.089550 22.883316 22.883316 
505.000000 373 2.000000 0.000001 3.325167 3.394216 6.031785 47.903133 47.903133 
505.000000 374 2.000000 0.295419 3.491861 1.437468 2.627137 8.968164 8.968164 
505.000000 375 2.000000 0.766152 1.042401 3.086956 0.812976 10.190229 10.190229 
505.000000 376 2.000000 0.000001 17.661884 1.681367 -3.451662 14.740966 14.740966 
505.000000 377 2.000000 0.772875 0.000001 -2.271235 3.983504 21.026815 21.026815 
505.000000 378 2.000000 0.249990 0.931274 -1.500018 6.208489 40.795393 40.795393 
505.000000 379 2.000000 0.000001 8.713003 3.023171 1.665016 11.911840 11.911840 
505.000000 380 2.000000 0.151057 14.093360 -3.395769 0.921524 12.380452 12.380452 
505.000000 381 2.000000 0.262940 5.276263 5.258785 -8.618923 101.940655 101.940655 
505.000000 382 2.000000 0.999999 19.198688 -6.707618 3.032922 54.190758 54.190758 
505.000000 383 2.000000 0.999999 10.923098 -4.454916 1.214146 21.320430 21.320430 
505.000000 384 2.000000 0.721113 6.165590 -4.238864 3.453350 29.893594 29.893594 
505.000000 385 2.000000 0.517993 16.094456 -4.820064 1.476949 25.414391 25.414391 
505.000000 386 2.000000 0.000001 3.848228 5.169756 4.275808 45.008903 45.008903 
505.000000 387 2.000000 0.999999 6.731711 -1.696091 1.784922 6.062673 6.062673 
505.000000 388 2.000000 0.663172 13.043221 4.216794 2.336692 23.241481 23.241481 
505.000000 389 2.000000 0.725942 15.231943 2.419803 1.417971 7.866090 7.866090 
505.000000 390 2.000000 0.000001 18.638333 4.607304 -5.446664 50.893396 50.893396 
505.000000 391 2.000000 0.317274 4.636075 -4.551502 4.859179 44.327790 44.327790 
505.000000 392 2.000000 0.641959 7.982401 1.834166 1.505472 5.630611 5.630611 
505.000000 393 2.000000 0.452247 16.386280 -2.738760 2.570446 14.107999 14.107999 
505.000000 394 2.000000 0.780523 9.162359 5.203483 -1.255961 28.653672 28.653672 
505.000000 395 2.000000 0.000001 11.762774 6.978420 2.466349 54.781218 54.781218 
505.000000 396 2.000000 0.598666 19.507168 1.995550 2.684680 11.189724 11.189724 
505.000000 397 2.000000 0.276156 4.166311 0.306839 -3.731205 14.016043 14.016043 
505.000000 398 2.000000 0.979739 4.515249 0.344965 6.020331 36.363389 36.363389 
505.000000 399 2.000000 0.815977 12.470908 2.331359 -0.597062 5.791719 5.791719 
505.000000 400 2.000000 0.910647 2.157882 0.304335 4.315762 18.718419 18.718419 
505.000000 401 2.000000 0.318005 1.260055 -2.727978 -3.910641 22.734973 22.734973 
505.000000 402 2.000000 0.345835 19.138661 -2.616658 0.605480 7.213503 7.213503 
505.000000 403 2.000000 0.521086 12.006083 3.473897 3.699184 25.751922 25.751922 
505.000000 404 2.000000 0.999999 3.134361 -6.785625 -0.137173 46.063527 46.063527 
505.000000 405 2.000000 0.361253 9.800409 3.612525 2.305978 18.367870 18.367870 
505.000000 406 2.000000 0.479527 6.021481 -1.487064 -0.408701 2.378397 2.378397 
505.000000 407 2.000000 0.586921 7.059717 0.652134 1.846365 3.834341 3.834341 
505.000000 408 2.000000 0.362784 16.634769 0.725566 1.393709 2.468872 2.468872 
505.000000 409 2.000000 0.628280 3.950654 1.396176 0.187536 1.984478 1.984478 
505.000000 410 2.000000 0.354956 3.567345 -2.580172 -3.745164 20.683537 20.683537 
505.000000 411 2.000000 0.468092 17.131204 3.120607 2.991803 18.689074 18.689074 
505.000000 412 2.000000 0.449035 7.515409 -2.176254 9.093014 87.418982 87.418982 
505.000000 413 2.000000 0.778330 16.680065 3.891643 -0.113604 15.157789 15.157789 
505.000000 414 2.000000 0.161345 3.479370 0.806722 2.577311 7.293330 7.293330 
505.000000 415 2.000000 0.991882 2.542106 6.612539 3.910932 59.021056 59.021056 
505.000000 416 2.000000 0.321486 8.581730 -1.546576 -8.250335 70.459930 70.459930 
505.000000 417 2.000000 0.517701 6.569988 1.035400 2.116780 5.552811 5.552811 
505.000000 418 2.000000 0.847426 12.719647 1.412375 3.854438 16.851496 16.851496 
505.000000 419 2.000000 0.999999 9.224405 -5.828475 -5.434167 63.501293 63.501293 
505.000000 420 2.000000 0.378129 14.408585 -2.487480 2.752237 13.762366 13.762366 
505.000000 421 2.000000 0.037916 1.271593 -3.206942 -7.959024 73.630535 73.630535 
505.000000 422 2.000000 0.999999 9.845602 -5.303262 2.536171 34.556758 34.556758 
505.000000 423 2.000000 0.179491 16.134606 -1.094011 0.243960 1.256375 1.256375 
505.000000 424 2.000000 0.000001 15.092325 9.224300 -5.103988 111.138410 111.138410 
505.000000 425 2.000000 0.643144 7.424920 -2.379035 0.692048 6.138735 6.138735 
505.000000 426 2.000000 0.179785 13.946994 1.797841 0.685114 3.701614 3.701614 
505.000000 427 2.000000 0.223952 12.781895 -2.516352 0.273828 6.407011 6.407011 
505.000000 428 2.000000 0.394577 11.913734 -3.138564 -3.467775 21.876046 21.876046 
505.000000 429 2.000000 0.295131 14.731105 -2.819473 1.142826 9.255482 9.255482 
505.000000 430 2.000000 0.300064 6.834082 -2.799740 0.591756 8.188722 8.188722 
505.000000 431 2.000000 0.744310 0.982673 2.954882 0.494958 8.976311 8.976311 
505.000000 432 2.000000 0.999999 16.249725 -4.531761 2.152406 25.169713 25.169713 
505.000000 433 2.000000 0.400450 11.785889 0.533932 3.194025 10.486881 10.486881 
505.000000 434 2.000000 0.031031 4.716437 -6.459788 5.105643 67.796459 67.796459 
505.000000 435 2.000000 0.168051 4.243606 1.680503 -3.152298 12.761075 12.761075 
505.000000 436 2.000000 0.096503 13.123168 -1.642720 5.243934 30.197372 30.197372 
505.000000 437 2.000000 0.817146 14.700231 1.668302 -3.745201 16.809758 16.809758 
505.000000 438 2.000000 0.323973 3.454299 1.659480 2.440066 8.707798 8.707798 
505.000000 439 2.000000 0.534529 15.530356 1.187839 0.168419 1.439327 1.439327 
505.000000 440 2.000000 0.456406 2.765226 4.564054 2.251955 25.901886 25.901886 
505.000000 441 2.000000 0.551798 17.592098 -2.988007 -1.447922 11.024665 11.024665 
505.000000 442 2.000000 0.000001 6.867003 4.340530 -5.736942 51.752702 51.752702 
505.000000 443 2.000000 0.319048 17.729453 -0.851189 -0.132258 0.742014 0.742014 
505.000000 444 2.000000 0.431037 19.459837 4.310358 -0.635485 18.983030 18.983030 
505.000000 445 2.000000 0.659067 4.775095 -0.852330 1.663556 3.493886 3.493886 
505.000000 446 2.000000 0.550641 14.365839 2.202561 1.517211 7.153207 7.153207 
505.000000 447 2.000000 0.399289 17.891061 -3.003551 0.839615 9.726270 9.726270 
505.000000 448 2.000000 0.702616 17.574399 3.133024 -4.076692 26.435264 26.435264 
505.000000 449 2.000000 0.116334 10.979982 2.506031 0.393768 6.435245 6.435245 
505.000000 450 2.000000 0.999999 13.055146 -3.746060 1.351996 15.860856 15.860856 
505.000000 451 2.000000 0.999999 14.837865 -3.095855 -5.914952 44.570981 44.570981 
505.000000 452 2.000000 0.144728 6.033963 2.894537 4.464269 28.308040 28.308040 
505.000000 453 2.000000 0.893363 5.653669 -2.132726 -0.878946 5.321066 5.321066 
505.000000 454 2.000000 0.544289 13.338142 -3.038070 2.239485 14.245160 14.245160 
505.000000 455 2.000000 0.478493 8.822341 -5.215057 -3.165711 37.218542 37.218542 
505.000000 456 2.000000 0.163337 2.526451 3.266714 0.842132 11.380604 11.380604 
505.000000 457 2.000000 0.837952 8.374882 -3.240931 -3.019097 19.618587 19.618587 
505.000000 458 2.000000 0.999999 12.445833 -6.860366 -5.701392 79.570492 79.570492 
505.000000 459 2.000000 0.000001 1.424911 2.228835 -3.744454 18.988636 18.988636 
505.000000 460 2.000000 0.135211 3.917945 -4.323942 -1.934709 22.439575 22.439575 
505.000000 461 2.000000 0.921107 6.739620 1.839954 1.168678 4.751238 4.751238 
505.000000 462 2.000000 0.351895 10.545616 0.995083 -2.072457 5.285267 5.285267 
505.000000 463 2.000000 0.288733 7.678967 2.887318 5.907275 43.232500 43.232500 
505.000000 464 2.000000 0.999999 10.768353 -2.037028 2.606139 10.941446 10.941446 
505.000000 465 2.000000 0.686806 18.550461 4.578700 -0.477832 21.192817 21.192817 
505.000000 466 2.000000 0.525239 7.463962 0.552883 0.985077 1.276056 1.276056 
505.000000 467 2.000000 0.448281 9.011396 -5.517183 -7.138505 81.397563 81.397563 
505.000000 468 2.000000 0.178828 16.606505 -0.924200 -1.251998 2.421644 2.421644 
505.000000 469 2.000000 0.333889 14.536627 -0.328202 -3.462045 12.093470 12.093470 
505.000000 470 2.000000 0.419281 11.190809 0.092112 -4.736216 22.440223 22.440223 
505.000000 471 2.000000 0.160291 10.318301 -0.452208 -5.561950 31.139781 31.139781 
505.000000 472 2.000000 0.119522 11.390201 -2.201193 -3.398400 16.394373 16.394373 
505.000000 473 2.000000 0.725492 10.491025 -5.490138 1.014745 31.171319 31.171319 
505.000000 474 2.000000 0.369349 16.391250 -1.801858 1.955525 7.070770 7.070770 
505.000000 475 2.000000 0.662347 1.093376 -2.251012 -0.361748 5.197918 5.197918 
505.000000 476 2.000000 0.418134 7.588284 -2.909326 0.442947 8.660380 8.660380 
505.000000 477 2.000000 0.447577 6.423586 4.475763 -4.379488 39.212375 39.212375 
505.000000 478 2.000000 0.303048 19.018835 -4.646339 2.790157 29.373445 29.373445 
505.000000 479 2.000000 0.107293 1.990912 -0.939691 2.095696 5.274961 5.274961 
505.000000 480 2.000000 0.774101 7.519770 5.160669 1.036402 27.706634 27.706634 
505.000000 481 2.000000 0.000001 2.895960 3.395266 0.511267 11.789228 11.789228 
505.000000 482 2.000000 0.383947 9.839474 -2.313828 0.175123 5.384469 5.384469 
505.000000 483 2.000000 0.000001 9.521836 2.916142 1.562493 10.945268 10.945268 
505.000000 484 2.000000 0.330872 10.674790 3.308710 -0.263557 11.017028 11.017028 
505.000000 485 2.000000 0.179899 11.369592 3.597963 0.899211 13.753917 13.753917 
505.000000 486 2.000000 0.635050 18.179481 -0.663543 -6.068394 37.265690 37.265690 
505.000000 487 2.000000 0.280723 0.146334 1.871481 -1.032888 4.569301 4.569301 
505.000000 488 2.000000 0.999999 18.374006 -5.007701 0.961443 26.001441 26.001441 
505.000000 489 2.000000 0.314722 11.561481 3.147209 -1.328338 11.669407 11.669407 
505.000000 490 2.000000 0.999999 0.820151 -6.472103 4.100748 58.704250 58.704250 
505.000000 491 2.000000 0.609023 3.415497 12.180438 -5.910210 183.293656 183.293656 
505.000000 492 2.000000 0.195608 10.894242 3.912138 -3.433587 27.094340 27.094340 
505.000000 493 2.000000 0.084524 18.124279 1.690458 -6.252400 41.950153 41.950153 
505.000000 494 2.000000 0.255768 11.036377 -3.721154 4.113326 30.766439 30.766439 
505.000000 495 2.000000 0.537036 0.597025 -4.629633 -3.021286 30.561664 30.561664 
505.000000 496 2.000000 0.923264 7.251934 2.637893 -1.416742 8.965640 8.965640 
505.000000 497 2.000000 0.846405 1.588927 0.906767 -3.657784 14.201608 14.201608 
505.000000 498 2.000000 0.435712 16.825855 0.580947 -12.696577 161.540560 161.540560 
505.000000 499 2.000000 0.543698 1.495362 3.624648 -0.593730 13.490586 13.490586 
505.000000 500 2.000000 0.426124 0.809202 -0.717344 -2.766453 8.167842 8.167842 
