173.500000 1 2.000000 3.727944 5.956121 -0.797142 -0.891675 1.430519 1.430519 
173.500000 2 2.000000 7.943775 19.821324 -2.180441 -0.397055 4.911975 4.911975 
173.500000 3 2.000000 10.097042 18.450881 1.207593 0.761637 2.038372 2.038372 
173.500000 4 2.000000 10.773419 16.625849 0.797244 1.135428 1.924795 1.924795 
173.500000 5 2.000000 3.209373 12.337382 0.350751 -0.678108 0.582856 0.582856 
173.500000 6 2.000000 7.088490 14.973953 -1.075129 0.653199 1.582573 1.582573 
173.500000 7 2.000000 11.525400 18.326309 1.536720 -0.321863 2.465104 2.465104 
173.500000 8 2.000000 5.525732 6.018317 0.491176 -0.808190 0.894425 0.894425 
173.500000 9 2.000000 3.177018 3.710557 0.543080 -0.909744 1.122569 1.122569 
173.500000 10 2.000000 8.944006 2.896519 -2.386944 -0.434650 5.886421 5.886421 
173.500000 11 2.000000 3.557585 6.039970 -1.445059 0.348125 2.209387 2.209387 
173.500000 12 2.000000 4.730062 2.270638 0.722147 0.366232 0.655622 0.655622 
173.500000 13 2.000000 0.867888 2.450184 1.335210 -0.234114 1.837596 1.837596 
173.500000 14 2.000000 11.069645 4.126944 -0.519929 -1.007813 1.286013 1.286013 
173.500000 15 2.000000 4.667736 6.193012 -1.137278 0.377610 1.435991 1.435991 
173.500000 16 2.000000 13.406999 16.709068 -1.410894 0.231225 2.044087 2.044087 
173.500000 17 2.000000 2.773918 11.024612 -0.672811 0.211967 0.497604 0.497604 
173.500000 18 2.000000 6.235559 10.071968 -0.365046 1.215596 1.610932 1.610932 
173.500000 19 2.000000 9.394697 4.364014 -0.324849 0.371158 0.243285 0.243285 
173.500000 20 2.000000 7.817125 15.022647 -0.687985 0.290293 0.557594 0.557594 
173.500000 21 2.000000 6.749991 8.781818 -0.984036 -0.457571 1.177698 1.177698 
173.500000 22 2.000000 8.340850 7.448358 0.483527 0.122855 0.248892 0.248892 
173.500000 23 2.000000 0.061646 6.277602 -0.220151 0.163497 0.075198 0.075198 
173.500000 24 2.000000 10.275266 0.988871 0.106441 -0.266540 0.082373 0.082373 
173.500000 25 2.000000 13.353134 8.338244 -0.576655 -0.600966 0.693691 0.693691 
173.500000 26 2.000000 5.033446 19.092164 -0.089598 0.204801 0.049971 0.049971 
173.500000 27 2.000000 7.627006 15.958955 -0.282190 0.553279 0.385749 0.385749 
173.500000 28 2.000000 1.972380 14.225211 1.643649 -1.121318 3.958937 3.958937 
173.500000 29 2.000000 0.333743 10.548390 -0.347331 -0.176337 0.151734 0.151734 
173.500000 30 2.000000 3.632913 15.784651 0.140093 -1.053837 1.130198 1.130198 
173.500000 31 2.000000 7.086174 10.148100 0.977403 -1.201451 2.398802 2.398802 
173.500000 32 2.000000 5.970125 10.124412 0.206189 0.695836 0.526701 0.526701 
173.500000 33 2.000000 9.498890 19.478048 -1.362783 1.498149 4.101628 4.101628 
173.500000 34 2.000000 10.210064 10.002982 0.174131 -0.081652 0.036989 0.036989 
173.500000 35 2.000000 9.343767 10.744295 -1.233068 0.747977 2.079927 2.079927 
173.500000 36 2.000000 5.354566 17.106500 -0.525104 0.039655 0.277306 0.277306 
173.500000 37 2.000000 10.149390 9.913894 0.998542 -0.233605 1.051657 1.051657 
173.500000 38 2.000000 5.713526 12.604769 -1.399677 0.041576 1.960823 1.960823 
173.500000 39 2.000000 13.406999 4.073831 -0.388989 -0.067522 0.155872 0.155872 
173.500000 40 2.000000 8.723980 8.800539 0.138461 -0.003684 0.019185 0.019185 
173.500000 41 2.000000 2.739284 5.210035 -0.085683 1.074234 1.161320 1.161320 
173.500000 42 2.000000 7.745847 17.833782 -0.818849 0.778768 1.276992 1.276992 
173.500000 43 2.000000 2.031792 16.536275 -0.364970 0.420668 0.310165 0.310165 
173.500000 44 2.000000 9.800298 14.260913 -0.682054 -0.062134 0.469058 0.469058 
173.500000 45 2.000000 4.820800 5.295236 1.819170 -1.231049 4.824859 4.824859 
173.500000 46 2.000000 3.036283 10.893124 -0.350181 -0.937204 1.000979 1.000979 
173.500000 47 2.000000 1.646381 11.167697 1.317104 -1.532611 4.083660 4.083660 
173.500000 48 2.000000 6.769419 0.026438 0.208839 0.528736 0.323175 0.323175 
173.500000 49 2.000000 5.970731 7.602003 -0.662641 -0.033660 0.440226 0.440226 
173.500000 50 2.000000 2.600954 0.489206 -1.077043 -0.574692 1.490292 1.490292 
173.500000 51 2.000000 2.536430 5.415703 -0.451067 -0.725587 0.729938 0.729938 
173.500000 52 2.000000 9.602325 9.054111 -1.265314 0.834480 2.297377 2.297377 
173.500000 53 2.000000 5.644666 6.232133 0.442719 0.652579 0.621860 0.621860 
173.500000 54 2.000000 13.406999 6.332902 -1.098124 0.031121 1.206844 1.206844 
173.500000 55 2.000000 11.559220 19.380389 1.122254 0.795909 1.892926 1.892926 
173.500000 56 2.000000 10.573685 18.039932 0.419373 -0.461192 0.388572 0.388572 
173.500000 57 2.000000 9.122106 3.577891 0.773060 0.622242 0.984806 0.984806 
173.500000 58 2.000000 1.106809 4.480609 -0.817519 -0.476333 0.895231 0.895231 
173.500000 59 2.000000 11.890040 5.926449 2.053182 0.759078 4.791756 4.791756 
173.500000 60 2.000000 1.444022 15.589142 -1.331295 0.435783 1.962252 1.962252 
173.500000 61 2.000000 4.167012 9.185309 0.486441 -0.161304 0.262644 0.262644 
173.500000 62 2.000000 9.802555 9.119846 -0.753978 -0.333419 0.679651 0.679651 
173.500000 63 2.000000 4.965934 4.142995 -0.591910 -0.034237 0.351530 0.351530 
173.500000 64 2.000000 12.683758 11.186132 -0.695492 1.264034 2.081491 2.081491 
173.500000 65 2.000000 6.778315 14.829501 0.105421 -0.888304 0.800198 0.800198 
173.500000 66 2.000000 2.988226 1.896806 0.756513 -0.845051 1.286423 1.286423 
173.500000 67 2.000000 6.074766 17.991843 -0.270044 0.758790 0.648686 0.648686 
173.500000 68 2.000000 10.761030 13.410994 -0.816226 -0.151419 0.689153 0.689153 
173.500000 69 2.000000 8.008229 8.981803 -0.113489 -0.807194 0.664442 0.664442 
173.500000 70 2.000000 7.019936 8.496524 -0.588609 1.392873 2.286554 2.286554 
173.500000 71 2.000000 11.044838 12.561061 -1.022234 1.213629 2.517857 2.517857 
173.500000 72 2.000000 11.837669 6.252023 -0.767921 -0.833211 1.283942 1.283942 
173.500000 73 2.000000 4.149180 17.362617 -0.297757 -1.076482 1.247474 1.247474 
173.500000 74 2.000000 0.102548 14.877301 -1.393773 0.695582 2.426436 2.426436 
173.500000 75 2.000000 5.104563 18.882247 0.718952 0.106441 0.528222 0.528222 
173.500000 76 2.000000 0.897444 8.068024 -0.305755 -0.427313 0.276082 0.276082 
173.500000 77 2.000000 0.662542 3.668699 1.019293 0.419280 1.214754 1.214754 
173.500000 78 2.000000 0.734024 18.146838 -1.159502 0.233963 1.399184 1.399184 
173.500000 79 2.000000 7.100594 15.169695 0.153842 -0.408050 0.190173 0.190173 
173.500000 80 2.000000 4.582440 9.940571 -1.147032 -0.321769 1.419217 1.419217 
173.500000 81 2.000000 10.106298 6.533302 1.135539 -0.159383 1.314852 1.314852 
173.500000 82 2.000000 13.263289 9.231487 -0.612840 0.512276 0.638000 0.638000 
173.500000 83 2.000000 5.548912 6.546724 -0.755633 0.259519 0.638332 0.638332 
173.500000 84 2.000000 10.075843 19.136906 0.221015 -0.088140 0.056616 0.056616 
173.500000 85 2.000000 7.659315 7.085150 -1.806518 1.115771 4.508453 4.508453 
173.500000 86 2.000000 1.432825 2.343568 -1.561492 -0.714829 2.949239 2.949239 
173.500000 87 2.000000 9.730799 3.824939 0.880615 0.023128 0.776018 0.776018 
173.500000 88 2.000000 6.394318 2.360061 -0.334496 0.944024 1.003069 1.003069 
173.500000 89 2.000000 5.288021 0.752015 0.492744 0.940018 1.126430 1.126430 
173.500000 90 2.000000 11.273412 16.152350 -1.509439 0.084315 2.285516 2.285516 
173.500000 91 2.000000 7.913394 3.660981 -0.875445 0.364409 0.899197 0.899197 
173.500000 92 2.000000 7.193434 17.502165 -1.694951 -0.330839 2.982312 2.982312 
173.500000 93 2.000000 11.559708 10.202109 1.725329 -0.554652 3.284401 3.284401 
173.500000 94 2.000000 0.826300 10.851863 1.502361 1.496809 4.497525 4.497525 
173.500000 95 2.000000 13.013951 11.778806 -0.087168 -0.749537 0.569404 0.569404 
173.500000 96 2.000000 6.295801 10.040270 0.134776 0.420959 0.195371 0.195371 
173.500000 97 2.000000 7.559407 0.776890 0.944926 0.129481 0.909650 0.909650 
173.500000 98 2.000000 10.221434 13.294801 0.798549 0.508405 0.896157 0.896157 
173.500000 99 2.000000 1.473715 13.444212 0.685448 -0.899774 1.279432 1.279432 
173.500000 100 2.000000 4.529227 18.679982 -0.658823 -0.825010 1.114690 1.114690 
173.500000 101 2.000000 4.069608 0.897238 -0.829810 -0.635047 1.091869 1.091869 
173.500000 102 2.000000 11.262039 14.553809 -1.903183 -0.999301 4.620707 4.620707 
173.500000 103 2.000000 13.168382 8.128068 -0.568261 0.697688 0.809689 0.809689 
173.500000 104 2.000000 7.805443 9.189606 -0.342432 0.627277 0.510736 0.510736 
173.500000 105 2.000000 10.864131 0.649566 0.444788 0.351116 0.321119 0.321119 
173.500000 106 2.000000 6.553967 5.780897 1.506659 -0.770683 2.863973 2.863973 
173.500000 107 2.000000 4.961453 17.120582 -0.668084 1.364108 2.307127 2.307127 
173.500000 108 2.000000 1.863519 1.644673 -0.750987 0.548224 0.864530 0.864530 
173.500000 109 2.000000 9.814405 9.968775 -0.375333 -1.096309 1.342767 1.342767 
173.500000 110 2.000000 9.036038 18.137569 0.539465 0.629876 0.687766 0.687766 
173.500000 111 2.000000 12.447589 6.462152 -0.750683 -0.687665 1.036408 1.036408 
173.500000 112 2.000000 10.576555 4.729452 0.550862 0.549936 0.605879 0.605879 
173.500000 113 2.000000 2.577209 3.386593 -1.358706 -0.997802 2.841692 2.841692 
173.500000 114 2.000000 0.247516 19.168406 0.225013 0.293248 0.136626 0.136626 
173.500000 115 2.000000 4.195602 10.606602 0.906317 0.185758 0.855917 0.855917 
173.500000 116 2.000000 8.315950 19.809156 0.978098 0.237176 1.012927 1.012927 
173.500000 117 2.000000 9.511284 6.941683 0.424138 0.126049 0.195781 0.195781 
173.500000 118 2.000000 7.076985 10.749451 1.199489 -1.128116 2.711418 2.711418 
173.500000 119 2.000000 0.781374 12.374713 1.041831 -0.360316 1.215240 1.215240 
173.500000 120 2.000000 10.605540 14.140483 0.584106 -1.183741 1.742422 1.742422 
173.500000 121 2.000000 9.106506 1.304407 -0.342395 -1.302374 1.813411 1.813411 
173.500000 122 2.000000 12.255767 9.360207 -0.628375 -0.770999 0.989296 0.989296 
173.500000 123 2.000000 12.862601 0.639753 -0.875536 1.599380 3.324581 3.324581 
173.500000 124 2.000000 12.447711 10.253879 -0.014623 2.304242 5.309746 5.309746 
173.500000 125 2.000000 0.201872 6.159893 1.345808 0.526487 2.088387 2.088387 
173.500000 126 2.000000 11.442388 5.889428 -0.210638 0.310809 0.140971 0.140971 
173.500000 127 2.000000 12.608173 4.802910 0.185121 0.492606 0.276930 0.276930 
173.500000 128 2.000000 5.238586 5.453330 -0.059116 0.442687 0.199466 0.199466 
173.500000 129 2.000000 5.916884 17.246481 0.550408 1.091549 1.494429 1.494429 
173.500000 130 2.000000 6.974602 12.373582 0.738053 0.773349 1.142791 1.142791 
173.500000 131 2.000000 7.963412 17.876783 -0.167455 -1.572752 2.501591 2.501591 
173.500000 132 2.000000 3.389723 6.838419 0.163561 -1.136849 1.319178 1.319178 
173.500000 133 2.000000 8.563498 6.569775 0.598605 0.116366 0.371869 0.371869 
173.500000 134 2.000000 6.919854 9.111372 -1.110255 -0.009584 1.232759 1.232759 
173.500000 135 2.000000 0.813695 14.874544 -0.120137 -0.352168 0.138455 0.138455 
173.500000 136 2.000000 8.977792 10.565005 0.058551 -0.894312 0.803223 0.803223 
173.500000 137 2.000000 10.090025 12.621578 0.368440 -0.589706 0.483501 0.483501 
173.500000 138 2.000000 5.622841 10.106860 0.386450 -1.423473 2.175619 2.175619 
173.500000 139 2.000000 11.596836 19.431414 1.770509 0.290858 3.219301 3.219301 
173.500000 140 2.000000 7.180756 8.759047 -0.592859 -0.090582 0.359687 0.359687 
173.500000 141 2.000000 1.574772 18.505109 -0.599038 -0.949780 1.260929 1.260929 
173.500000 142 2.000000 0.606664 4.519263 -0.064521 -0.184526 0.038213 0.038213 
173.500000 143 2.000000 1.643046 6.525800 -1.407662 -0.673793 2.435510 2.435510 
173.500000 144 2.000000 11.926497 15.853552 -0.566751 1.093348 1.516617 1.516617 
173.500000 145 2.000000 4.708906 4.097295 0.603706 0.113656 0.377378 0.377378 
173.500000 146 2.000000 6.429837 5.146800 0.066355 -1.401245 1.967891 1.967891 
173.500000 147 2.000000 1.268725 17.828463 0.845816 0.234970 0.770616 0.770616 
173.500000 148 2.000000 5.568320 2.486239 -0.965654 -0.087404 0.940128 0.940128 
173.500000 149 2.000000 11.724773 1.087580 -0.753841 -0.611617 0.942351 0.942351 
173.500000 150 2.000000 11.175717 1.097827 -0.512741 0.148355 0.284912 0.284912 
173.500000 151 2.000000 6.600286 17.317233 0.688277 -1.247798 2.030725 2.030725 
173.500000 152 2.000000 13.114146 11.244043 0.421177 0.396942 0.334953 0.334953 
173.500000 153 2.000000 7.139590 3.075557 0.806733 -0.469794 0.871525 0.871525 
173.500000 154 2.000000 0.604265 6.263062 -1.068925 0.242205 1.201265 1.201265 
173.500000 155 2.000000 11.253262 8.540675 -1.234521 -0.716208 2.036995 2.036995 
173.500000 156 2.000000 9.391982 5.731535 0.806179 -1.392045 2.587714 2.587714 
173.500000 157 2.000000 2.174367 15.319795 -1.336570 0.914615 2.622940 2.622940 
173.500000 158 2.000000 8.444370 16.176641 -0.491208 -1.092388 1.434597 1.434597 
173.500000 159 2.000000 12.880657 7.979129 -0.140202 -0.167609 0.047749 0.047749 
173.500000 160 2.000000 9.930757 14.025351 0.598238 -0.085365 0.365176 0.365176 
173.500000 161 2.000000 12.806121 7.010426 0.326504 0.103173 0.117249 0.117249 
173.500000 162 2.000000 12.537198 13.659818 -0.659287 -0.554819 0.742483 0.742483 
173.500000 163 2.000000 9.513607 1.012003 1.074984 -0.080299 1.162038 1.162038 
173.500000 164 2.000000 1.403744 1.860537 -0.099747 -0.002713 0.009957 0.009957 
173.500000 165 2.000000 2.158272 2.981150 0.899279 0.071107 0.813760 0.813760 
173.500000 166 2.000000 0.455738 12.947988 -0.124462 -0.569114 0.339381 0.339381 
173.500000 167 2.000000 1.796638 13.683740 -1.360540 0.576234 2.183115 2.183115 
173.500000 168 2.000000 8.591886 10.145505 0.502449 -0.860654 0.993182 0.993182 
173.500000 169 2.000000 0.460822 9.746629 1.316632 -0.847386 2.451584 2.451584 
173.500000 170 2.000000 9.637796 2.715785 0.593095 1.207015 1.808648 1.808648 
173.500000 171 2.000000 6.305629 0.612460 1.077885 -0.982099 2.126355 2.126355 
173.500000 172 2.000000 8.309191 17.058188 0.762132 -0.089563 0.588867 0.588867 
173.500000 173 2.000000 9.441821 8.476186 1.014992 -0.319828 1.132499 1.132499 
173.500000 174 2.000000 5.487808 13.787872 0.813008 -0.453440 0.866590 0.866590 
173.500000 175 2.000000 7.126117 9.985576 0.896367 1.225224 2.304647 2.304647 
173.500000 176 2.000000 5.377394 11.542649 0.960249 -1.626414 3.567299 3.567299 
173.500000 177 2.000000 7.791202 12.094055 -2.240273 -0.373804 5.158554 5.158554 
173.500000 178 2.000000 9.310934 7.388716 -1.145045 1.269672 2.923195 2.923195 
173.500000 179 2.000000 7.356124 18.369623 0.466549 -1.164554 1.573855 1.573855 
173.500000 180 2.000000 6.802617 14.404404 0.360414 -0.388111 0.280528 0.280528 
173.500000 181 2.000000 8.856026 15.332281 0.361350 -0.124499 0.146074 0.146074 
173.500000 182 2.000000 0.460010 7.847528 -1.636394 1.046337 3.772605 3.772605 
173.500000 183 2.000000 5.796063 10.231734 1.182870 0.671304 1.849830 1.849830 
173.500000 184 2.000000 9.138400 17.442194 -0.355368 1.287247 1.783290 1.783290 
173.500000 185 2.000000 4.784277 13.452271 -0.800950 -0.600709 1.002373 1.002373 
173.500000 186 2.000000 11.087640 1.592058 0.624656 0.884476 1.172493 1.172493 
173.500000 187 2.000000 10.553926 13.700235 -0.608615 -0.636340 0.775340 0.775340 
173.500000 188 2.000000 1.415196 5.279978 -0.038494 -1.132309 1.283606 1.283606 
173.500000 189 2.000000 4.253350 18.804644 -0.314992 -0.613002 0.474992 0.474992 
173.500000 190 2.000000 0.217349 10.931538 -1.922236 0.033834 3.696135 3.696135 
173.500000 191 2.000000 5.034565 1.498727 0.237907 1.229624 1.568574 1.568574 
173.500000 192 2.000000 12.126664 3.601696 0.560290 0.325945 0.420165 0.420165 
173.500000 193 2.000000 6.876495 6.690768 0.345299 -0.776276 0.721836 0.721836 
173.500000 194 2.000000 9.991958 3.114807 -0.823067 -0.704538 1.173812 1.173812 
173.500000 195 2.000000 1.574876 9.735304 1.657763 0.401481 2.909365 2.909365 
173.500000 196 2.000000 12.575023 13.178660 -0.384657 0.428670 0.331719 0.331719 
173.500000 197 2.000000 5.174047 5.304058 -1.370279 -2.029924 5.998256 5.998256 
173.500000 198 2.000000 0.389875 5.425546 1.113927 0.347791 1.361792 1.361792 
173.500000 199 2.000000 8.368438 13.911983 0.454806 -0.381694 0.352539 0.352539 
173.500000 200 2.000000 4.333919 11.298686 -0.449762 -0.629750 0.598871 0.598871 
173.500000 201 2.000000 4.727819 0.506262 -0.815447 0.375008 0.805586 0.805586 
173.500000 202 2.000000 9.288862 13.381521 -0.707616 -1.076175 1.658873 1.658873 
173.500000 203 2.000000 3.831700 6.896232 0.039423 0.285327 0.082966 0.082966 
173.500000 204 2.000000 2.444754 18.348050 0.857808 1.066747 1.873784 1.873784 
173.500000 205 2.000000 12.042751 7.345202 0.342610 -1.090931 1.307512 1.307512 
173.500000 206 2.000000 0.114957 13.383642 0.574781 0.281336 0.409523 0.409523 
173.500000 207 2.000000 2.330065 15.564441 0.685313 -1.529503 2.809033 2.809033 
173.500000 208 2.000000 9.166453 13.382983 0.376957 0.499185 0.391283 0.391283 
173.500000 209 2.000000 12.204726 6.665684 -0.042106 -0.223036 0.051518 0.051518 
173.500000 210 2.000000 4.697631 2.045137 0.058393 -0.558803 0.315670 0.315670 
173.500000 211 2.000000 5.947316 8.242362 1.071588 -0.768898 1.739506 1.739506 
173.500000 212 2.000000 2.105397 8.545648 -1.652515 -0.283410 2.811126 2.811126 
173.500000 213 2.000000 5.587165 14.715349 0.122031 -0.433762 0.203041 0.203041 
173.500000 214 2.000000 3.483338 17.179340 0.464445 -0.039239 0.217249 0.217249 
173.500000 215 2.000000 5.274403 13.182717 -0.366157 -0.552990 0.439868 0.439868 
173.500000 216 2.000000 1.502328 4.208329 0.763203 -1.522642 2.900918 2.900918 
173.500000 217 2.000000 4.225971 16.964129 1.837378 1.543293 5.757713 5.757713 
173.500000 218 2.000000 10.892258 14.661480 -0.352343 -0.153926 0.147839 0.147839 
173.500000 219 2.000000 7.430308 16.562287 1.322710 -0.611689 2.123725 2.123725 
173.500000 220 2.000000 9.246120 16.940743 0.839475 -0.253724 0.769094 0.769094 
173.500000 221 2.000000 5.910201 3.952196 -0.434185 -0.934217 1.061279 1.061279 
173.500000 222 2.000000 10.309610 19.394351 1.662840 0.747291 3.323481 3.323481 
173.500000 223 2.000000 4.907344 16.466654 0.145550 -0.651098 0.445113 0.445113 
173.500000 224 2.000000 12.512448 7.085450 -0.677455 0.136384 0.477546 0.477546 
173.500000 225 2.000000 9.084099 0.224399 -0.581761 0.747994 0.897941 0.897941 
173.500000 226 2.000000 13.033522 11.121892 -0.057995 -0.242276 0.062061 0.062061 
173.500000 227 2.000000 11.766996 11.765676 -0.949113 -1.261245 2.491553 2.491553 
173.500000 228 2.000000 0.879459 2.136924 -0.037058 0.527635 0.279772 0.279772 
173.500000 229 2.000000 2.498571 18.652658 0.647531 -0.773823 1.018098 1.018098 
173.500000 230 2.000000 10.573860 1.741954 0.646234 1.201347 1.860854 1.860854 
173.500000 231 2.000000 8.033294 14.070189 0.188540 -0.568257 0.358463 0.358463 
173.500000 232 2.000000 2.589787 14.906596 0.602276 -0.029424 0.363602 0.363602 
173.500000 233 2.000000 2.231487 13.446663 2.028624 0.740863 4.664192 4.664192 
173.500000 234 2.000000 12.100604 12.247711 0.040970 -0.418078 0.176468 0.176468 
173.500000 235 2.000000 9.727005 0.084581 -0.401349 0.140966 0.180952 0.180952 
173.500000 236 2.000000 11.282887 6.178977 -0.093135 0.229702 0.061437 0.061437 
173.500000 237 2.000000 6.312786 18.785170 -0.216998 -1.278767 1.682334 1.682334 
173.500000 238 2.000000 2.728462 18.778118 -1.124174 0.031512 1.264761 1.264761 
173.500000 239 2.000000 12.962801 6.395522 1.441281 0.524997 2.352914 2.352914 
173.500000 240 2.000000 6.952976 19.540724 -2.352106 1.518433 7.838043 7.838043 
173.500000 241 2.000000 3.249861 1.358854 1.226362 1.430372 3.549927 3.549927 
173.500000 242 2.000000 2.894682 11.107093 -0.756576 -0.359090 0.701353 0.701353 
173.500000 243 2.000000 8.315517 3.887411 0.811270 0.429548 0.842670 0.842670 
173.500000 244 2.000000 8.263606 1.236818 -0.860943 0.309204 0.836830 0.836830 
173.500000 245 2.000000 6.470787 6.594042 0.144842 -0.330856 0.130444 0.130444 
173.500000 246 2.000000 7.715777 13.302370 -0.887436 -0.672117 1.239284 1.239284 
173.500000 247 2.000000 11.856277 8.432683 -0.086485 0.410865 0.176289 0.176289 
173.500000 248 2.000000 12.146798 6.063301 -1.298201 0.925695 2.542236 2.542236 
173.500000 249 2.000000 5.685908 19.809076 1.197033 -0.046567 1.435056 1.435056 
173.500000 250 2.000000 3.145129 4.475775 -1.503981 -0.722057 2.783326 2.783326 
173.500000 251 2.000000 6.565806 9.980408 -0.649215 0.578801 0.756491 0.756491 
173.500000 252 2.000000 4.922227 7.171061 0.575699 -0.964116 1.260949 1.260949 
173.500000 253 2.000000 3.882169 19.427337 1.158856 1.027470 2.398643 2.398643 
173.500000 254 2.000000 6.669508 1.395699 0.099545 1.213651 1.482857 1.482857 
173.500000 255 2.000000 12.615854 4.168592 0.803807 0.463177 0.860638 0.860638 
173.500000 256 2.000000 4.749962 12.345909 -0.673980 -0.632827 0.854720 0.854720 
173.500000 257 2.000000 3.554082 13.510684 -0.799489 0.558704 0.951333 0.951333 
173.500000 258 2.000000 6.283821 0.363507 -1.434701 -0.441946 2.253684 2.253684 
173.500000 259 2.000000 5.051645 4.064422 -1.385638 -0.082057 1.926725 1.926725 
173.500000 260 2.000000 0.238037 10.030262 -0.458104 0.842879 0.920305 0.920305 
173.500000 261 2.000000 13.359117 18.333769 1.329265 0.007923 1.767009 1.767009 
173.500000 262 2.000000 5.371231 10.299918 0.085310 -1.267984 1.615062 1.615062 
173.500000 263 2.000000 8.098940 13.358874 -0.731864 1.964540 4.395043 4.395043 
173.500000 264 2.000000 1.625261 14.316941 0.839796 1.033069 1.772488 1.772488 
173.500000 265 2.000000 9.239546 1.213359 1.257081 0.397822 1.738515 1.738515 
173.500000 266 2.000000 2.301617 8.927660 -0.098489 0.321062 0.112781 0.112781 
173.500000 267 2.000000 10.786774 3.255187 -0.938186 -0.085083 0.887431 0.887431 
173.500000 268 2.000000 1.341754 1.866579 -1.197324 0.565224 1.753062 1.753062 
173.500000 269 2.000000 1.596474 17.536048 -1.427474 -1.146024 3.351051 3.351051 
173.500000 270 2.000000 11.555574 15.738452 0.337720 -0.364060 0.246594 0.246594 
173.500000 271 2.000000 10.973382 2.937479 0.152165 -0.539252 0.313947 0.313947 
173.500000 272 2.000000 1.478474 4.250388 -1.202746 0.231062 1.499989 1.499989 
173.500000 273 2.000000 0.062215 9.978375 1.244280 -0.117446 1.562026 1.562026 
173.500000 274 2.000000 10.392980 12.046067 1.562854 -0.234780 2.497634 2.497634 
173.500000 275 2.000000 12.344145 0.889693 0.234227 -0.176743 0.086100 0.086100 
173.500000 276 2.000000 0.577055 0.149625 -0.615501 -0.639638 0.787979 0.787979 
173.500000 277 2.000000 1.347923 4.032800 -0.700541 0.611030 0.864115 0.864115 
173.500000 278 2.000000 3.125740 14.751871 -0.947846 -0.323958 1.003361 1.003361 
173.500000 279 2.000000 8.734458 19.434641 -1.453921 0.256273 2.179564 2.179564 
173.500000 280 2.000000 3.146037 2.405902 0.507425 -1.478496 2.443429 2.443429 
173.500000 281 2.000000 4.795275 13.626625 -0.149919 -0.370545 0.159779 0.159779 
173.500000 282 2.000000 11.487642 14.894658 0.191838 -1.041906 1.122370 1.122370 
173.500000 283 2.000000 12.699741 1.595006 0.514976 0.911431 1.095907 1.095907 
173.500000 284 2.000000 11.718884 12.734137 -0.506921 -0.135374 0.275295 0.275295 
173.500000 285 2.000000 7.212705 9.733771 -0.802728 -1.682988 3.476821 3.476821 
173.500000 286 2.000000 4.938682 13.537778 -0.682842 -1.096732 1.669094 1.669094 
173.500000 287 2.000000 5.264266 9.758702 -0.140328 0.343012 0.137349 0.137349 
173.500000 288 2.000000 7.457285 17.790033 -0.011265 -1.299980 1.690076 1.690076 
173.500000 289 2.000000 3.291444 3.814599 -0.925329 0.324647 0.961630 0.961630 
173.500000 290 2.000000 0.692974 12.422865 0.554379 0.790250 0.931830 0.931830 
173.500000 291 2.000000 8.822548 11.110373 -0.954890 -0.142710 0.932182 0.932182 
173.500000 292 2.000000 8.376295 15.781104 0.237020 2.031619 4.183654 4.183654 
173.500000 293 2.000000 8.604425 2.390368 0.729189 -0.865338 1.280526 1.280526 
173.500000 294 2.000000 11.014849 19.504018 0.715012 0.902166 1.325146 1.325146 
173.500000 295 2.000000 0.034980 7.314383 0.699578 -0.458793 0.699901 0.699901 
173.500000 296 2.000000 8.798400 19.964826 -0.883615 0.814891 1.444822 1.444822 
173.500000 297 2.000000 9.083685 14.041908 0.992752 0.314441 1.084430 1.084430 
173.500000 298 2.000000 8.736956 4.949376 -1.283345 0.891779 2.442244 2.442244 
173.500000 299 2.000000 12.315092 8.878799 -0.103976 0.992044 0.994963 0.994963 
173.500000 300 2.000000 6.428854 18.550912 -0.047521 -0.452840 0.207322 0.207322 
173.500000 301 2.000000 1.764531 16.862564 0.705812 -0.794287 1.129063 1.129063 
173.500000 302 2.000000 12.834990 18.212478 0.858528 -0.940800 1.622175 1.622175 
173.500000 303 2.000000 0.890885 0.809072 0.848461 1.348452 2.538209 2.538209 
173.500000 304 2.000000 0.210237 4.841033 1.051179 -0.997300 2.099586 2.099586 
173.500000 305 2.000000 11.534347 11.463020 -0.614201 0.171681 0.406717 0.406717 
173.500000 306 2.000000 0.972179 10.232661 0.607611 -0.005870 0.369226 0.369226 
173.500000 307 2.000000 12.303840 15.754915 0.049654 1.400437 1.963689 1.963689 
173.500000 308 2.000000 5.803310 6.386878 0.921160 -0.549573 1.150566 1.150566 
173.500000 309 2.000000 0.171663 3.163472 0.858308 -0.981722 1.700470 1.700470 
173.500000 310 2.000000 6.973190 3.951081 0.236379 0.589713 0.403637 0.403637 
173.500000 311 2.000000 11.332012 3.997668 1.784569 -0.126586 3.200709 3.200709 
173.500000 312 2.000000 13.111124 5.822546 -0.777688 -0.315405 0.704279 0.704279 
173.500000 313 2.000000 3.637592 12.492765 -1.274634 -0.829529 2.312809 2.312809 
173.500000 314 2.000000 12.663531 6.282754 0.639572 -0.275811 0.485125 0.485125 
173.500000 315 2.000000 6.613695 13.011142 0.315689 0.061926 0.103495 0.103495 
173.500000 316 2.000000 5.548274 18.033534 -0.309459 -1.123694 1.358453 1.358453 
173.500000 317 2.000000 1.606642 11.884893 2.295202 0.024520 5.268553 5.268553 
173.500000 318 2.000000 2.335217 18.458123 0.486503 -1.233501 1.758210 1.758210 
173.500000 319 2.000000 4.656315 5.855810 2.450691 -0.639713 6.415122 6.415122 
173.500000 320 2.000000 2.348893 19.758636 -0.375961 0.339365 0.256515 0.256515 
173.500000 321 2.000000 10.179147 3.657613 0.492098 -1.715483 3.185043 3.185043 
173.500000 322 2.000000 2.993749 17.205840 -0.193746 0.958221 0.955725 0.955725 
173.500000 323 2.000000 8.460026 3.178416 -1.633798 0.190896 2.705736 2.705736 
173.500000 324 2.000000 0.146928 8.168009 -0.450412 0.695150 0.686104 0.686104 
173.500000 325 2.000000 2.169752 14.174792 -0.529693 0.638477 0.688228 0.688228 
173.500000 326 2.000000 9.199724 16.366752 0.268157 -0.484699 0.306841 0.306841 
173.500000 327 2.000000 6.122782 18.413658 1.103204 0.820207 1.889799 1.889799 
173.500000 328 2.000000 2.977766 3.975459 0.346252 -0.995313 1.110538 1.110538 
173.500000 329 2.000000 0.149796 18.669769 -0.341282 -0.369508 0.253010 0.253010 
173.500000 330 2.000000 10.684336 8.622544 -0.115569 0.361532 0.144062 0.144062 
173.500000 331 2.000000 2.394594 10.464284 -0.452740 -1.658385 2.955215 2.955215 
173.500000 332 2.000000 9.907756 5.357136 0.233074 -0.955154 0.966643 0.966643 
173.500000 333 2.000000 4.184328 5.361357 -1.235749 -0.552402 1.832224 1.832224 
173.500000 334 2.000000 4.285499 5.522641 0.348415 -0.472831 0.344962 0.344962 
173.500000 335 2.000000 0.254385 19.925488 -0.185454 -0.745112 0.589585 0.589585 
173.500000 336 2.000000 5.153589 6.027029 1.662448 -1.636869 5.443073 5.443073 
173.500000 337 2.000000 3.667198 6.212352 -0.497425 -1.264922 1.847458 1.847458 
173.500000 338 2.000000 3.406957 4.594855 -0.271472 0.431442 0.259839 0.259839 
173.500000 339 2.000000 3.576379 6.636315 0.993438 -1.343084 2.790794 2.790794 
173.500000 340 2.000000 0.266992 15.036402 -0.504227 0.843320 0.965433 0.965433 
173.500000 341 2.000000 7.575332 13.083090 -1.043460 -2.004901 5.108437 5.108437 
173.500000 342 2.000000 6.379003 15.133336 -1.339481 0.260554 1.862097 1.862097 
173.500000 343 2.000000 2.989863 8.213386 -0.019809 1.199034 1.438076 1.438076 
173.500000 344 2.000000 12.321079 3.445299 0.273540 0.717770 0.590019 0.590019 
173.500000 345 2.000000 12.770243 8.040977 -0.382193 -0.671855 0.597461 0.597461 
173.500000 346 2.000000 9.807851 8.073856 -1.712022 0.787693 3.551481 3.551481 
173.500000 347 2.000000 5.944036 5.172222 0.133849 -0.076912 0.023831 0.023831 
173.500000 348 2.000000 11.585076 14.579993 -0.120348 0.314291 0.113262 0.113262 
173.500000 349 2.000000 5.753885 18.657683 0.143825 0.741412 0.570377 0.570377 
173.500000 350 2.000000 9.865016 1.342482 -1.724659 0.547952 3.274699 3.274699 
173.500000 351 2.000000 4.439901 10.673359 0.061622 0.684190 0.471913 0.471913 
173.500000 352 2.000000 12.858018 2.292424 -0.460293 -0.156882 0.236482 0.236482 
173.500000 353 2.000000 5.966387 4.792271 -0.222172 0.209720 0.093343 0.093343 
173.500000 354 2.000000 2.991084 2.784813 0.664685 0.870254 1.199148 1.199148 
173.500000 355 2.000000 9.485228 3.775966 0.376104 0.490385 0.381932 0.381932 
173.500000 356 2.000000 12.234927 17.223088 0.829486 0.310326 0.784350 0.784350 
173.500000 357 2.000000 2.459541 11.097187 1.405452 -0.399803 2.135137 2.135137 
173.500000 358 2.000000 2.158265 19.868346 0.274938 0.492527 0.318173 0.318173 
173.500000 359 2.000000 4.686826 1.044753 2.717201 -0.391641 7.536565 7.536565 
173.500000 360 2.000000 5.108793 3.611084 0.217395 -0.480613 0.278250 0.278250 
173.500000 361 2.000000 4.042227 4.268729 -0.349871 -1.294755 1.798799 1.798799 
173.500000 362 2.000000 2.743193 13.539360 -1.469383 0.116611 2.172685 2.172685 
173.500000 363 2.000000 6.493820 1.297705 -0.085255 0.907969 0.831676 0.831676 
173.500000 364 2.000000 7.945272 10.235215 1.785454 -0.379198 3.331637 3.331637 
173.500000 365 2.000000 5.762978 14.153613 0.374219 0.535108 0.426381 0.426381 
173.500000 366 2.000000 1.913157 5.444644 2.250772 -0.132930 5.083645 5.083645 
173.500000 367 2.000000 3.768415 4.470565 0.828223 -0.279425 0.764031 0.764031 
173.500000 368 2.000000 10.504200 2.214548 -0.069648 0.671075 0.455192 0.455192 
173.500000 369 2.000000 4.916885 10.783578 0.292672 0.480337 0.316381 0.316381 
173.500000 370 2.000000 4.866851 10.503394 -0.357856 0.679831 0.590231 0.590231 
173.500000 371 2.000000 3.587177 3.217066 0.931734 1.313088 2.592328 2.592328 
173.500000 372 2.000000 1.856863 11.891361 0.618954 -0.116437 0.396662 0.396662 
173.500000 373 2.000000 11.889376 15.447607 -0.778304 -0.784895 1.221818 1.221818 
173.500000 374 2.000000 4.570973 8.422298 0.016407 -0.698448 0.488098 0.488098 
173.500000 375 2.000000 10.110363 14.397042 0.361730 -1.155249 1.465449 1.465449 
173.500000 376 2.000000 0.390992 13.986491 0.236964 -0.161561 0.082254 0.082254 
173.500000 377 2.000000 10.972452 16.913943 -1.247365 0.309195 1.651520 1.651520 
173.500000 378 2.000000 5.896916 19.612168 -0.584188 1.735590 3.353548 3.353548 
173.500000 379 2.000000 5.531827 0.386266 0.790261 -0.851240 1.349122 1.349122 
173.500000 380 2.000000 2.663286 10.334151 0.126744 0.050671 0.018632 0.018632 
173.500000 381 2.000000 1.025397 19.659779 0.759553 0.317862 0.677957 0.677957 
173.500000 382 2.000000 12.247430 11.052334 -0.965655 -0.665254 1.375053 1.375053 
173.500000 383 2.000000 13.406999 3.555283 -1.165796 -0.212932 1.404419 1.404419 
173.500000 384 2.000000 8.392579 8.446086 0.085069 -0.170790 0.036406 0.036406 
173.500000 385 2.000000 13.094417 15.850596 0.729494 -0.564545 0.850872 0.850872 
173.500000 386 2.000000 0.973424 11.365527 -0.316032 -0.388611 0.250895 0.250895 
173.500000 387 2.000000 6.913516 17.614370 0.117259 1.248118 1.571547 1.571547 
173.500000 388 2.000000 3.746434 8.921388 -0.404625 -0.967564 1.099902 1.099902 
173.500000 389 2.000000 6.174776 6.619162 1.843217 0.307154 3.491791 3.491791 
173.500000 390 2.000000 12.692102 16.765745 -0.228639 -0.874123 0.816366 0.816366 
173.500000 391 2.000000 11.995806 1.149746 0.559145 0.718590 0.829015 0.829015 
173.500000 392 2.000000 9.624879 9.054639 0.826170 -0.999576 1.681709 1.681709 
173.500000 393 2.000000 2.861988 7.964525 1.846443 1.084141 4.584714 4.584714 
173.500000 394 2.000000 8.316173 14.178568 -1.056165 0.619151 1.498833 1.498833 
173.500000 395 2.000000 1.048719 5.490892 -1.332061 -1.156104 3.110962 3.110962 
173.500000 396 2.000000 2.327026 17.140818 0.016297 -0.355178 0.126417 0.126417 
173.500000 397 2.000000 8.892176 11.773883 -0.660734 0.547732 0.736581 0.736581 
173.500000 398 2.000000 5.469887 0.903152 0.397810 1.505252 2.424037 2.424037 
173.500000 399 2.000000 1.498107 6.576608 1.070076 -0.023636 1.145620 1.145620 
173.500000 400 2.000000 12.370251 18.418129 0.893159 0.502541 1.050280 1.050280 
173.500000 401 2.000000 3.845217 14.524716 -1.271778 -0.458183 1.827351 1.827351 
173.500000 402 2.000000 6.678904 7.623322 -0.483569 -0.253082 0.297890 0.297890 
173.500000 403 2.000000 6.025274 6.314226 0.798049 1.640059 3.326675 3.326675 
173.500000 404 2.000000 1.117385 16.972779 1.176194 1.557136 3.808104 3.808104 
173.500000 405 2.000000 0.743725 9.360494 0.826360 0.021398 0.683329 0.683329 
173.500000 406 2.000000 11.065749 1.509430 -1.013521 -0.749762 1.589367 1.589367 
173.500000 407 2.000000 1.806707 2.248332 -1.427257 -0.426194 2.218703 2.218703 
173.500000 408 2.000000 0.620612 5.916076 1.128383 -0.071030 1.278294 1.278294 
173.500000 409 2.000000 9.061229 15.003886 1.632497 -1.816768 5.965693 5.965693 
173.500000 410 2.000000 2.223139 5.919905 2.117274 -0.246032 4.543380 4.543380 
173.500000 411 2.000000 3.889847 6.538015 -0.435762 0.934002 1.062248 1.062248 
173.500000 412 2.000000 3.502590 3.473313 1.843468 -1.393094 5.339085 5.339085 
173.500000 413 2.000000 4.681985 15.102232 -1.163808 -0.653036 1.780905 1.780905 
173.500000 414 2.000000 5.642331 17.626626 -1.437039 0.410085 2.233252 2.233252 
173.500000 415 2.000000 2.279539 15.779586 -0.744477 1.763082 3.662705 3.662705 
173.500000 416 2.000000 4.074751 16.923305 -0.533682 -0.539771 0.576169 0.576169 
173.500000 417 2.000000 0.197290 10.626238 0.789155 1.353661 2.455163 2.455163 
173.500000 418 2.000000 3.296473 1.874049 -0.143489 -1.498012 2.264630 2.264630 
173.500000 419 2.000000 3.869855 5.029040 0.681838 -1.985068 4.405397 4.405397 
173.500000 420 2.000000 8.465166 3.829848 0.635700 -1.550974 2.809635 2.809635 
173.500000 421 2.000000 13.344582 19.812034 0.120798 0.811702 0.673452 0.673452 
173.500000 422 2.000000 12.710638 4.340482 -1.109324 -1.273131 2.851464 2.851464 
173.500000 423 2.000000 0.642497 19.833264 0.802088 0.023331 0.643889 0.643889 
173.500000 424 2.000000 1.302004 8.521938 1.240003 -0.780750 2.147178 2.147178 
173.500000 425 2.000000 6.582362 2.895391 0.407416 -0.137163 0.184802 0.184802 
173.500000 426 2.000000 5.038532 10.229120 1.799475 -1.028514 4.295951 4.295951 
173.500000 427 2.000000 13.353315 19.329492 0.625204 -0.745008 0.945917 0.945917 
173.500000 428 2.000000 9.012034 11.985056 2.171574 0.232946 4.769998 4.769998 
173.500000 429 2.000000 8.483697 11.022048 0.642688 0.697718 0.899858 0.899858 
173.500000 430 2.000000 2.482145 11.892048 -0.050390 -1.385975 1.923465 1.923465 
173.500000 431 2.000000 11.090010 0.651990 -2.354989 1.003060 6.552104 6.552104 
173.500000 432 2.000000 5.223737 2.363062 -0.881635 -0.040472 0.778919 0.778919 
173.500000 433 2.000000 12.561107 0.906389 0.123167 0.625095 0.405914 0.405914 
173.500000 434 2.000000 1.327578 12.394086 -0.767874 1.073081 1.741134 1.741134 
173.500000 435 2.000000 2.789868 0.952300 1.073026 -0.179903 1.183749 1.183749 
173.500000 436 2.000000 10.714896 14.825862 1.283221 -0.335983 1.759541 1.759541 
173.500000 437 2.000000 11.617106 8.150546 -1.060796 -0.477179 1.352988 1.352988 
173.500000 438 2.000000 1.372514 14.879619 -0.769580 0.186167 0.626911 0.626911 
173.500000 439 2.000000 12.554910 7.699453 0.806543 -0.466565 0.868194 0.868194 
173.500000 440 2.000000 8.924563 18.745598 0.675933 -1.254401 2.030407 2.030407 
173.500000 441 2.000000 5.809971 9.989382 1.305611 -1.388992 3.633920 3.633920 
173.500000 442 2.000000 9.395099 5.430489 1.592389 0.429288 2.719992 2.719992 
173.500000 443 2.000000 11.313552 16.852777 1.940772 1.340684 5.564029 5.564029 
173.500000 444 2.000000 9.826968 17.897900 -0.833562 0.251166 0.757910 0.757910 
173.500000 445 2.000000 6.884587 5.959896 0.773549 -1.160339 1.944765 1.944765 
173.500000 446 2.000000 3.483836 3.160572 -0.215011 0.224018 0.096414 0.096414 
173.500000 447 2.000000 7.533494 16.516673 -0.486359 0.718116 0.752236 0.752236 
173.500000 448 2.000000 13.012544 9.394410 0.236897 -0.126033 0.072004 0.072004 
173.500000 449 2.000000 9.401211 4.524280 -0.347111 1.473807 2.292593 2.292593 
173.500000 450 2.000000 1.017172 12.364765 -0.779088 0.482357 0.839647 0.839647 
173.500000 451 2.000000 8.249709 8.581203 0.942824 1.225886 2.391713 2.391713 
173.500000 452 2.000000 1.436024 5.727390 0.305537 -1.534689 2.448624 2.448624 
173.500000 453 2.000000 10.610581 17.853920 -1.682952 0.680521 3.295436 3.295436 
173.500000 454 2.000000 12.702503 14.800598 -0.866819 -1.052434 1.858993 1.858993 
173.500000 455 2.000000 1.619431 5.088571 0.719746 -0.501224 0.769261 0.769261 
173.500000 456 2.000000 0.376236 7.033191 0.836078 0.210679 0.743412 0.743412 
173.500000 457 2.000000 12.744192 18.002062 -1.142678 -1.079966 2.472040 2.472040 
173.500000 458 2.000000 0.875086 17.836405 0.673142 0.849353 1.174521 1.174521 
173.500000 459 2.000000 10.489026 16.068429 1.477327 0.648381 2.602894 2.602894 
173.500000 460 2.000000 0.652759 17.185661 0.261103 -0.574355 0.398058 0.398058 
173.500000 461 2.000000 0.895446 5.149274 1.790890 -0.661931 3.645440 3.645440 
173.500000 462 2.000000 1.656557 4.657968 0.895435 -0.968710 1.740204 1.740204 
173.500000 463 2.000000 3.319472 14.555009 -0.851510 -1.122678 1.985477 1.985477 
173.500000 464 2.000000 4.150488 11.450440 -1.015739 -0.008594 1.031799 1.031799 
173.500000 465 2.000000 1.921410 13.314613 0.417698 -1.238034 1.707200 1.707200 
173.500000 466 2.000000 5.576138 13.865890 -1.902504 -0.244916 3.679506 3.679506 
173.500000 467 2.000000 0.549691 9.473560 0.305384 -1.422492 2.116742 2.116742 
173.500000 468 2.000000 11.185123 1.043857 -0.982788 -0.018014 0.966198 0.966198 
173.500000 469 2.000000 6.630029 0.416686 -0.605110 0.416685 0.539785 0.539785 
173.500000 470 2.000000 1.992792 16.721625 -0.069753 0.305771 0.098361 0.098361 
173.500000 471 2.000000 10.573829 6.544326 -0.035780 -0.962241 0.927189 0.927189 
173.500000 472 2.000000 10.356360 18.730566 0.972428 -1.208984 2.407258 2.407258 
173.500000 473 2.000000 0.858354 17.452415 -0.301826 0.847205 0.808854 0.808854 
173.500000 474 2.000000 1.449101 1.918249 -0.848705 0.639416 1.129153 1.129153 
173.500000 475 2.000000 4.501887 14.631092 0.989425 1.762782 4.086363 4.086363 
173.500000 476 2.000000 8.575847 11.726579 -1.309356 0.708555 2.216462 2.216462 
173.500000 477 2.000000 11.107811 19.360298 0.199422 0.435063 0.229049 0.229049 
173.500000 478 2.000000 8.071655 1.750288 -2.090055 -0.442941 4.564528 4.564528 
173.500000 479 2.000000 9.708798 16.685621 1.109400 0.609586 1.602364 1.602364 
173.500000 480 2.000000 6.297012 0.657190 -1.091452 -2.254423 6.273692 6.273692 
173.500000 481 2.000000 0.597535 2.575713 0.186729 0.074601 0.040433 0.040433 
173.500000 482 2.000000 4.884635 11.445130 0.642715 -0.235564 0.468573 0.468573 
173.500000 483 2.000000 3.650003 19.525273 -1.305142 0.698471 2.191259 2.191259 
173.500000 484 2.000000 2.753811 19.720893 -1.507405 0.139399 2.291702 2.291702 
173.500000 485 2.000000 4.260635 17.423295 0.789006 -0.122202 0.637464 0.637464 
173.500000 486 2.000000 13.255440 6.920374 1.084706 0.152440 1.199825 1.199825 
173.500000 487 2.000000 4.288917 7.846149 -0.487167 -0.942159 1.124995 1.124995 
173.500000 488 2.000000 5.720810 14.903862 -0.729398 -0.814820 1.195953 1.195953 
173.500000 489 2.000000 9.420514 9.217690 -0.692427 0.713646 0.988746 0.988746 
173.500000 490 2.000000 1.990418 3.207995 0.698392 -0.782844 1.100596 1.100596 
173.500000 491 2.000000 3.237898 10.408182 0.385464 -1.065757 1.284421 1.284421 
173.500000 492 2.000000 10.945700 18.110669 1.723732 0.674513 3.426220 3.426220 
173.500000 493 2.000000 4.406646 18.464626 1.082375 1.325523 2.928546 2.928546 
173.500000 494 2.000000 9.437838 12.591881 -1.082516 1.045532 2.264979 2.264979 
173.500000 495 2.000000 9.388310 3.076567 0.155871 -0.023923 0.024868 0.024868 
173.500000 496 2.000000 6.088368 5.665799 -0.221437 0.293547 0.135204 0.135204 
173.500000 497 2.000000 7.125335 8.517248 0.543919 -0.841227 1.003511 1.003511 
173.500000 498 2.000000 12.310485 17.035188 0.208800 -0.549039 0.345041 0.345041 
173.500000 499 2.000000 9.178830 7.678256 0.181324 0.088938 0.040788 0.040788 
173.500000 500 2.000000 7.571774 5.050217 1.305478 0.308156 1.799233 1.799233 
