445.500000 1 2.000000 2.730474 4.953194 -2.308167 -0.139002 5.346958 5.346958 
445.500000 2 2.000000 2.264133 12.823049 5.660330 -0.809094 32.693965 32.693965 
445.500000 3 2.000000 1.654869 13.029880 -2.870259 -0.015749 8.238637 8.238637 
445.500000 4 2.000000 1.193876 11.333259 -1.428461 1.201682 3.484541 3.484541 
445.500000 5 2.000000 1.068608 0.937263 -2.540989 3.124207 16.217292 16.217292 
445.500000 6 2.000000 1.609114 3.502271 1.019328 -0.342929 1.156630 1.156630 
445.500000 7 2.000000 0.486107 18.521345 -0.899631 -0.579864 1.145578 1.145578 
445.500000 8 2.000000 2.959098 16.807672 1.909095 3.809543 18.157258 18.157258 
445.500000 9 2.000000 2.866327 7.500748 1.508593 -2.747088 9.822345 9.822345 
445.500000 10 2.000000 2.990086 15.685386 2.300066 -2.397007 11.035944 11.035944 
445.500000 11 2.000000 0.729107 18.472822 -1.078841 -0.763588 1.746965 1.746965 
445.500000 12 2.000000 0.878752 6.243856 -2.960996 0.672945 9.220351 9.220351 
445.500000 13 2.000000 0.532218 19.089536 -0.223192 -4.552313 20.773371 20.773371 
445.500000 14 2.000000 2.343945 13.334635 0.582967 0.677701 0.799130 0.799130 
445.500000 15 2.000000 0.754501 11.228226 -4.249815 -1.993585 22.035304 22.035304 
445.500000 16 2.000000 1.637338 17.046790 0.340636 1.031271 1.179552 1.179552 
445.500000 17 2.000000 2.409932 12.780678 -1.690668 -1.730401 5.852648 5.852648 
445.500000 18 2.000000 1.154943 6.500181 2.887354 0.069001 8.341574 8.341574 
445.500000 19 2.000000 1.860873 8.496521 3.101454 1.317290 11.354267 11.354267 
445.500000 20 2.000000 0.839282 2.675901 2.397946 -1.852713 9.182688 9.182688 
445.500000 21 2.000000 1.692797 3.372949 -6.929008 4.497264 68.236527 68.236527 
445.500000 22 2.000000 0.318048 13.276207 -0.065147 2.766201 7.656110 7.656110 
445.500000 23 2.000000 3.045911 17.356428 0.010817 -4.067032 16.540863 16.540863 
445.500000 24 2.000000 1.023651 0.760921 0.204730 0.951150 0.946601 0.946601 
445.500000 25 2.000000 1.497896 18.103327 -2.135471 -1.896672 8.157599 8.157599 
445.500000 26 2.000000 1.415270 11.378249 -1.264466 2.390143 7.311658 7.311658 
445.500000 27 2.000000 0.179648 7.304428 -1.035018 -0.763542 1.654258 1.654258 
445.500000 28 2.000000 1.802270 19.560910 -1.729639 -0.878177 3.762845 3.762845 
445.500000 29 2.000000 0.668015 0.478040 1.908610 -0.596012 3.998024 3.998024 
445.500000 30 2.000000 1.519719 17.487382 0.279492 2.648423 7.092260 7.092260 
445.500000 31 2.000000 0.275053 17.311416 1.833682 -4.480971 23.441493 23.441493 
445.500000 32 2.000000 1.054393 15.832540 0.958538 1.341398 2.718144 2.718144 
445.500000 33 2.000000 1.088894 10.511128 0.604941 2.473206 6.482702 6.482702 
445.500000 34 2.000000 2.876775 11.353558 -0.099606 -0.510030 0.270052 0.270052 
445.500000 35 2.000000 1.287840 3.376891 2.861863 0.938025 9.070152 9.070152 
445.500000 36 2.000000 1.432807 19.818184 -1.030844 0.009715 1.062733 1.062733 
445.500000 37 2.000000 2.058731 19.218175 -0.736116 -1.954561 4.362174 4.362174 
445.500000 38 2.000000 0.120481 8.459556 0.015227 0.453354 0.205762 0.205762 
445.500000 39 2.000000 0.623832 4.051170 -0.133628 0.082820 0.024716 0.024716 
445.500000 40 2.000000 2.582909 12.514883 1.666392 0.188447 2.812376 2.812376 
445.500000 41 2.000000 1.181012 17.548171 3.374316 -0.300906 11.476554 11.476554 
445.500000 42 2.000000 0.534549 2.522666 1.187885 -1.251489 2.977295 2.977295 
445.500000 43 2.000000 2.571417 0.262043 -1.703272 -1.268490 4.510204 4.510204 
445.500000 44 2.000000 2.128016 10.404034 2.733468 -1.666029 10.247497 10.247497 
445.500000 45 2.000000 2.981406 9.139699 -0.132308 0.884124 0.799180 0.799180 
445.500000 46 2.000000 1.641638 16.561789 -0.771005 0.020011 0.594850 0.594850 
445.500000 47 2.000000 2.905215 14.725106 0.400704 -2.028805 4.276613 4.276613 
445.500000 48 2.000000 0.690199 1.937364 0.684249 -0.760244 1.046167 1.046167 
445.500000 49 2.000000 2.179195 19.654858 2.046381 -2.300941 9.482008 9.482008 
445.500000 50 2.000000 0.332890 8.411276 -0.292400 -2.516271 6.417118 6.417118 
445.500000 51 2.000000 1.569625 7.435685 -1.110410 1.126190 2.501314 2.501314 
445.500000 52 2.000000 0.826647 15.137715 0.551097 1.195998 1.734119 1.734119 
445.500000 53 2.000000 2.786473 13.058631 -2.883256 -1.757308 11.401295 11.401295 
445.500000 54 2.000000 2.595250 2.486425 2.076199 0.507434 4.568092 4.568092 
445.500000 55 2.000000 2.113031 0.765505 -1.315291 1.701120 4.623801 4.623801 
445.500000 56 2.000000 1.754011 8.631915 0.343924 -1.133973 1.404177 1.404177 
445.500000 57 2.000000 2.600258 4.914255 -4.745407 -4.908828 46.615479 46.615479 
445.500000 58 2.000000 1.241133 3.763400 -1.393456 -1.528057 4.276678 4.276678 
445.500000 59 2.000000 1.805806 11.027303 0.713440 0.848392 1.228766 1.228766 
445.500000 60 2.000000 2.064501 15.775963 -4.063991 0.431293 16.702033 16.702033 
445.500000 61 2.000000 0.367500 7.305798 -2.883789 -0.853276 9.044319 9.044319 
445.500000 62 2.000000 0.771472 11.634503 -2.895072 -2.080529 12.710045 12.710045 
445.500000 63 2.000000 1.010689 6.363904 4.042752 0.842901 17.054326 17.054326 
445.500000 64 2.000000 1.364968 4.019806 2.099950 -1.052658 5.517878 5.517878 
445.500000 65 2.000000 2.518769 17.268208 4.197947 0.894369 18.422656 18.422656 
445.500000 66 2.000000 0.670771 2.434951 0.298120 1.391400 2.024869 2.024869 
445.500000 67 2.000000 1.533545 6.967949 0.019914 -1.858356 3.453883 3.453883 
445.500000 68 2.000000 2.536092 14.754007 -0.524279 -1.264094 1.872804 1.872804 
445.500000 69 2.000000 1.625884 16.294330 0.049077 -0.065475 0.006695 0.006695 
445.500000 70 2.000000 1.488458 13.392893 -2.675568 -3.571408 19.913621 19.913621 
445.500000 71 2.000000 0.341885 16.204206 -1.166171 1.628901 4.013274 4.013274 
445.500000 72 2.000000 0.365284 15.070704 -2.886121 1.344045 10.136148 10.136148 
445.500000 73 2.000000 1.686862 7.057046 0.574401 -2.278028 5.519346 5.519346 
445.500000 74 2.000000 2.427736 1.867013 1.576898 -1.046067 3.580862 3.580862 
445.500000 75 2.000000 2.285249 9.919608 -3.966752 -0.644704 16.150765 16.150765 
445.500000 76 2.000000 0.809502 10.488803 -1.653355 -2.840408 10.801498 10.801498 
445.500000 77 2.000000 0.447603 17.941218 4.476021 -1.715651 22.978218 22.978218 
445.500000 78 2.000000 2.031860 15.717113 2.902656 -2.315074 13.784980 13.784980 
445.500000 79 2.000000 0.014419 17.899778 -0.576401 -0.485545 0.567992 0.567992 
445.500000 80 2.000000 0.091943 16.726648 -1.491198 -0.414348 2.395356 2.395356 
445.500000 81 2.000000 0.410423 8.163716 0.131173 1.311901 1.738292 1.738292 
445.500000 82 2.000000 2.463936 3.583463 0.545012 1.569489 2.760333 2.760333 
445.500000 83 2.000000 0.464223 7.517668 1.856889 -0.060698 3.451722 3.451722 
445.500000 84 2.000000 0.060586 2.818946 1.211708 -0.938800 2.349581 2.349581 
445.500000 85 2.000000 1.117744 3.547984 0.620968 -2.861220 8.572182 8.572182 
445.500000 86 2.000000 0.790192 12.273905 0.877990 -1.398372 2.726310 2.726310 
445.500000 87 2.000000 2.822055 3.737619 -2.527445 -0.349699 6.510266 6.510266 
445.500000 88 2.000000 1.510114 14.838187 2.373106 -1.745096 8.676991 8.676991 
445.500000 89 2.000000 2.309730 8.281633 1.539819 -2.228292 7.336328 7.336328 
445.500000 90 2.000000 0.144065 4.181670 -0.704932 0.476630 0.724105 0.724105 
445.500000 91 2.000000 0.000001 16.849500 4.240438 -0.136519 17.999950 17.999950 
445.500000 92 2.000000 0.951740 6.219029 -3.891199 1.446154 17.232790 17.232790 
445.500000 93 2.000000 2.473621 16.223908 0.504820 -0.656711 0.686114 0.686114 
445.500000 94 2.000000 2.042585 19.999999 -1.907844 -0.781504 4.250619 4.250619 
445.500000 95 2.000000 1.005106 4.824017 -0.449751 1.559552 2.634477 2.634477 
445.500000 96 2.000000 2.025251 0.149791 2.382648 -0.038929 5.678525 5.678525 
445.500000 97 2.000000 3.070999 16.987257 -2.677187 0.443092 7.363660 7.363660 
445.500000 98 2.000000 0.887513 15.602433 -1.008438 0.912498 1.849600 1.849600 
445.500000 99 2.000000 1.791684 4.395535 0.873992 -0.184759 0.797998 0.797998 
445.500000 100 2.000000 1.032229 12.940229 -0.753358 1.340956 2.365712 2.365712 
445.500000 101 2.000000 0.820526 2.440914 0.911694 -0.977544 1.786778 1.786778 
445.500000 102 2.000000 1.512398 6.551522 1.188183 0.460945 1.624249 1.624249 
445.500000 103 2.000000 2.746696 2.832605 0.722814 4.046577 16.897244 16.897244 
445.500000 104 2.000000 0.255422 0.761992 -1.783801 0.082191 3.188701 3.188701 
445.500000 105 2.000000 1.163666 8.677282 -1.735869 1.277616 4.645542 4.645542 
445.500000 106 2.000000 1.103834 4.883895 -1.130870 -2.114140 5.748456 5.748456 
445.500000 107 2.000000 1.982808 1.446244 0.522040 0.997648 1.267827 1.267827 
445.500000 108 2.000000 0.804755 9.042406 -0.328544 3.767669 14.303270 14.303270 
445.500000 109 2.000000 0.993200 0.231686 -2.346666 -1.856180 8.952243 8.952243 
445.500000 110 2.000000 2.969492 10.218782 2.028940 1.743543 7.156539 7.156539 
445.500000 111 2.000000 2.655917 4.661819 0.647784 -0.826001 1.101903 1.101903 
445.500000 112 2.000000 0.412954 15.948416 2.753017 -1.038867 8.658347 8.658347 
445.500000 113 2.000000 1.561791 6.539274 -1.245367 2.635603 8.497343 8.497343 
445.500000 114 2.000000 0.000001 17.378809 1.870318 -2.912433 11.980358 11.980358 
445.500000 115 2.000000 2.953623 19.483800 0.063838 2.530363 6.406815 6.406815 
445.500000 116 2.000000 1.031319 10.098466 -2.992884 -2.175307 13.689316 13.689316 
445.500000 117 2.000000 0.572193 16.822327 0.175376 -2.269766 5.182594 5.182594 
445.500000 118 2.000000 0.261372 2.190071 2.613715 -0.062401 6.835398 6.835398 
445.500000 119 2.000000 2.156169 4.896617 3.317182 1.544930 13.390503 13.390503 
445.500000 120 2.000000 0.000001 14.797642 3.244694 1.771797 13.667303 13.667303 
445.500000 121 2.000000 2.220112 6.183676 -1.928859 1.263114 5.315956 5.315956 
445.500000 122 2.000000 2.356320 18.714809 1.273686 -0.203605 1.663731 1.663731 
445.500000 123 2.000000 1.192215 10.490671 -2.721978 -0.964712 8.339832 8.339832 
445.500000 124 2.000000 2.736907 10.321945 0.690864 -0.290705 0.561803 0.561803 
445.500000 125 2.000000 1.927085 4.629230 -0.504904 -2.881743 8.559369 8.559369 
445.500000 126 2.000000 1.415173 1.839735 2.830345 0.714738 8.521700 8.521700 
445.500000 127 2.000000 0.537992 13.199911 2.151963 -2.344858 10.129303 10.129303 
445.500000 128 2.000000 1.723039 9.540146 -0.084759 4.240064 17.985329 17.985329 
445.500000 129 2.000000 2.971444 17.988014 -2.029100 1.158250 5.458791 5.458791 
445.500000 130 2.000000 0.389594 0.873633 -0.957717 -3.263686 11.568865 11.568865 
445.500000 131 2.000000 2.853049 14.488542 -1.127752 1.211074 2.738524 2.738524 
445.500000 132 2.000000 1.106046 7.023794 -1.441538 2.701459 9.375912 9.375912 
445.500000 133 2.000000 1.038982 10.167335 5.194907 1.830253 30.336882 30.336882 
445.500000 134 2.000000 2.367723 0.481005 -1.600836 3.206690 12.845540 12.845540 
445.500000 135 2.000000 3.042653 4.879731 -0.604922 0.447635 0.566308 0.566308 
445.500000 136 2.000000 1.387845 14.639900 -3.404308 -0.815077 12.253666 12.253666 
445.500000 137 2.000000 1.097654 14.303019 1.829421 -1.170398 4.716614 4.716614 
445.500000 138 2.000000 2.102229 7.521157 1.557206 -2.599759 9.183635 9.183635 
445.500000 139 2.000000 2.655398 6.802553 0.223300 0.315488 0.149396 0.149396 
445.500000 140 2.000000 1.028944 7.061571 -0.956334 -3.139806 10.772954 10.772954 
445.500000 141 2.000000 2.475168 3.620705 -0.782788 -0.911066 1.442799 1.442799 
445.500000 142 2.000000 0.163854 17.191674 -4.191064 2.604799 24.349995 24.349995 
445.500000 143 2.000000 1.995745 14.724152 1.814312 -1.884231 6.842056 6.842056 
445.500000 144 2.000000 2.008506 16.446893 1.030003 0.182056 1.094050 1.094050 
445.500000 145 2.000000 0.806189 13.314253 -3.812683 2.780211 22.266122 22.266122 
445.500000 146 2.000000 2.434372 2.376789 2.434371 1.131804 7.207141 7.207141 
445.500000 147 2.000000 1.912597 9.671559 -0.833696 1.283889 2.343421 2.343421 
445.500000 148 2.000000 0.982697 5.756165 -1.343189 0.785317 2.420879 2.420879 
445.500000 149 2.000000 0.774298 1.038712 1.298003 -1.207392 3.142608 3.142608 
445.500000 150 2.000000 2.730794 7.167050 0.827513 1.626814 3.331303 3.331303 
445.500000 151 2.000000 0.337981 12.514580 -3.027362 3.455027 21.102134 21.102134 
445.500000 152 2.000000 0.375832 16.082873 -0.750796 0.316304 0.663742 0.663742 
445.500000 153 2.000000 1.031796 4.246935 2.292878 -3.424579 16.985029 16.985029 
445.500000 154 2.000000 1.948111 4.924219 0.287520 0.190166 0.118831 0.118831 
445.500000 155 2.000000 1.986074 13.664153 1.203681 -3.424782 13.177978 13.177978 
445.500000 156 2.000000 0.039463 11.377665 -2.273185 0.890202 5.959827 5.959827 
445.500000 157 2.000000 1.425637 4.920981 -3.694359 -2.117987 18.134159 18.134159 
445.500000 158 2.000000 1.447059 1.793663 3.211679 0.957250 11.231213 11.231213 
445.500000 159 2.000000 2.165120 7.565597 2.271291 2.119132 9.649486 9.649486 
445.500000 160 2.000000 1.760976 2.814847 2.201219 0.384387 4.993118 4.993118 
445.500000 161 2.000000 2.370686 7.839014 3.647208 1.773645 16.447942 16.447942 
445.500000 162 2.000000 0.108448 2.666924 0.433788 -2.032826 4.320555 4.320555 
445.500000 163 2.000000 0.320087 3.241528 1.600431 0.804272 3.208234 3.208234 
445.500000 164 2.000000 2.180684 15.923424 3.634472 1.951636 17.018269 17.018269 
445.500000 165 2.000000 1.452717 14.837989 -2.735136 0.859219 8.219226 8.219226 
445.500000 166 2.000000 2.629375 6.027812 2.629374 1.113490 8.153466 8.153466 
445.500000 167 2.000000 2.733543 19.082127 1.401817 -3.059572 11.326070 11.326070 
445.500000 168 2.000000 0.128329 14.774909 -3.307634 -0.774087 11.539653 11.539653 
445.500000 169 2.000000 2.595762 1.785262 -2.414187 -2.629830 12.744302 12.744302 
445.500000 170 2.000000 1.286596 8.816740 1.608244 3.918551 17.941488 17.941488 
445.500000 171 2.000000 1.176273 11.624419 -1.905578 -1.922958 7.328992 7.328992 
445.500000 172 2.000000 1.679999 11.450499 2.099998 -2.110988 8.866260 8.866260 
445.500000 173 2.000000 2.017508 4.928181 -2.379091 -0.260172 5.727761 5.727761 
445.500000 174 2.000000 2.750304 17.463955 1.666850 2.951127 11.487543 11.487543 
445.500000 175 2.000000 2.628081 8.343735 1.946726 -1.340001 5.585345 5.585345 
445.500000 176 2.000000 1.378653 15.090789 0.984752 0.529997 1.250633 1.250633 
445.500000 177 2.000000 1.691205 19.859300 1.014686 1.053123 2.138657 2.138657 
445.500000 178 2.000000 0.876409 1.125419 -1.813051 0.385796 3.435993 3.435993 
445.500000 179 2.000000 2.552914 2.749887 3.191141 3.437358 21.998811 21.998811 
445.500000 180 2.000000 1.620173 13.484228 1.705445 -3.030591 12.093023 12.093023 
445.500000 181 2.000000 1.022902 8.485129 1.022901 0.190352 1.082559 1.082559 
445.500000 182 2.000000 2.168694 19.478066 -3.647222 3.835853 28.015991 28.015991 
445.500000 183 2.000000 0.201783 9.818546 1.345216 0.466937 2.027635 2.027635 
445.500000 184 2.000000 1.345352 7.103745 0.840844 -0.118220 0.720995 0.720995 
445.500000 185 2.000000 2.804868 14.381175 -1.368653 0.065226 1.877465 1.877465 
445.500000 186 2.000000 2.171038 15.857335 -2.287903 -1.274666 6.859274 6.859274 
445.500000 187 2.000000 2.668364 6.152306 3.335454 -1.405394 13.100386 13.100386 
445.500000 188 2.000000 1.557081 9.355394 1.557080 -1.466675 4.575633 4.575633 
445.500000 189 2.000000 3.048679 8.141420 0.332520 -0.875115 0.876395 0.876395 
445.500000 190 2.000000 2.446845 2.321647 -0.342466 2.110587 4.571862 4.571862 
445.500000 191 2.000000 1.134255 2.340699 2.038432 0.096116 4.164443 4.164443 
445.500000 192 2.000000 1.071253 18.739967 1.648080 -1.326350 4.475371 4.475371 
445.500000 193 2.000000 0.864576 4.511375 0.640426 3.222410 10.794072 10.794072 
445.500000 194 2.000000 0.147655 6.830949 2.953079 -0.910882 9.550378 9.550378 
445.500000 195 2.000000 1.294249 0.052031 -1.263345 1.040595 2.678878 2.678878 
445.500000 196 2.000000 0.325273 7.719454 -0.963392 0.969607 1.868261 1.868261 
445.500000 197 2.000000 0.943669 11.421405 0.410290 -2.680811 7.355084 7.355084 
445.500000 198 2.000000 0.196604 12.513890 1.966031 0.587617 4.210572 4.210572 
445.500000 199 2.000000 0.134386 0.124921 2.687703 -3.517713 19.598053 19.598053 
445.500000 200 2.000000 1.726500 17.149794 3.139089 -1.325677 11.611298 11.611298 
445.500000 201 2.000000 2.142487 5.388152 3.895430 0.921051 16.022708 16.022708 
445.500000 202 2.000000 2.417298 11.795644 -1.127502 -1.849068 4.690314 4.690314 
445.500000 203 2.000000 1.519125 6.752764 0.130486 1.607801 2.602050 2.602050 
445.500000 204 2.000000 1.306840 5.339054 5.227355 -3.086515 36.851814 36.851814 
445.500000 205 2.000000 0.700705 3.117675 1.274008 -2.101631 6.039948 6.039948 
445.500000 206 2.000000 2.403087 2.772387 3.432980 -0.794201 12.416105 12.416105 
445.500000 207 2.000000 0.501299 4.803685 0.257076 0.313411 0.164314 0.164314 
445.500000 208 2.000000 1.619477 12.141204 2.313538 -1.764081 8.464440 8.464440 
445.500000 209 2.000000 1.160599 18.913376 -0.180642 -1.811038 3.312491 3.312491 
445.500000 210 2.000000 0.765294 0.219500 3.826465 -0.611350 15.015586 15.015586 
445.500000 211 2.000000 2.582728 8.336798 -0.851785 -0.110193 0.737680 0.737680 
445.500000 212 2.000000 1.023500 14.396912 -0.535143 0.078070 0.292473 0.292473 
445.500000 213 2.000000 0.877257 0.681819 2.193140 -0.530358 5.091142 5.091142 
445.500000 214 2.000000 2.720518 16.474361 1.075996 1.966412 5.024546 5.024546 
445.500000 215 2.000000 2.970893 3.101063 -2.040123 -0.290382 4.246423 4.246423 
445.500000 216 2.000000 1.409593 9.650483 2.819184 -2.620131 14.812885 14.812885 
445.500000 217 2.000000 2.505087 12.170872 -1.295583 1.649837 4.400498 4.400498 
445.500000 218 2.000000 0.772261 8.558601 2.206457 -0.263019 4.937633 4.937633 
445.500000 219 2.000000 1.707300 8.979760 -2.765397 -2.621106 14.517619 14.517619 
445.500000 220 2.000000 1.555236 8.950744 2.827700 -1.841543 11.387164 11.387164 
445.500000 221 2.000000 0.850680 9.223589 1.131478 3.674817 14.784520 14.784520 
445.500000 222 2.000000 2.685473 10.501909 -1.580102 0.095441 2.505831 2.505831 
445.500000 223 2.000000 2.742179 0.512751 3.046865 -3.189513 19.456377 19.456377 
445.500000 224 2.000000 0.343742 11.638369 -6.856142 -2.785320 54.764692 54.764692 
445.500000 225 2.000000 1.421674 10.627496 -1.008191 1.541079 3.391374 3.391374 
445.500000 226 2.000000 2.170370 1.241186 -1.539048 1.034321 3.438489 3.438489 
445.500000 227 2.000000 0.148802 11.344132 2.976013 0.389025 9.007994 9.007994 
445.500000 228 2.000000 0.633897 5.754093 0.513826 -1.185615 1.669700 1.669700 
445.500000 229 2.000000 1.896197 14.003721 -1.274634 1.244019 3.172275 3.172275 
445.500000 230 2.000000 2.079636 9.472368 -1.690272 2.228792 7.824535 7.824535 
445.500000 231 2.000000 0.724778 19.329714 2.415924 0.782366 6.448786 6.448786 
445.500000 232 2.000000 2.824873 1.760789 -0.653315 -1.799139 3.663721 3.663721 
445.500000 233 2.000000 0.448429 6.957863 4.484281 -0.193378 20.146173 20.146173 
445.500000 234 2.000000 1.076661 6.997000 -1.021777 -0.896138 1.847092 1.847092 
445.500000 235 2.000000 1.277705 7.628224 0.499888 -0.490614 0.490591 0.490591 
445.500000 236 2.000000 1.957643 1.163503 3.559349 0.363594 12.801167 12.801167 
445.500000 237 2.000000 1.948516 12.981059 1.217822 1.405766 3.459267 3.459267 
445.500000 238 2.000000 0.368935 2.840770 0.092234 -0.541919 0.302183 0.302183 
445.500000 239 2.000000 0.368605 6.522527 2.457361 1.590860 8.569458 8.569458 
445.500000 240 2.000000 1.081639 12.039625 0.298140 1.500847 2.341431 2.341431 
445.500000 241 2.000000 0.553436 9.801825 -0.246272 -2.457391 6.099422 6.099422 
445.500000 242 2.000000 1.348093 10.017323 2.246820 -0.938329 5.928659 5.928659 
445.500000 243 2.000000 2.195271 8.541056 3.991400 -2.648348 22.945015 22.945015 
445.500000 244 2.000000 2.117425 0.446986 1.058712 -2.086312 5.473569 5.473569 
445.500000 245 2.000000 0.182728 6.025114 -1.482135 -0.335112 2.309026 2.309026 
445.500000 246 2.000000 3.047082 14.144103 1.965859 1.136144 5.155424 5.155424 
445.500000 247 2.000000 1.266458 3.502702 1.809224 -1.288851 4.934431 4.934431 
445.500000 248 2.000000 1.271502 11.829199 -0.704480 -1.702250 3.393948 3.393948 
445.500000 249 2.000000 1.878793 8.621037 -0.783129 3.380799 12.043089 12.043089 
445.500000 250 2.000000 3.070999 7.809056 -1.182991 -1.103814 2.617872 2.617872 
445.500000 251 2.000000 0.569781 1.190353 0.268541 -3.204533 10.341148 10.341148 
445.500000 252 2.000000 2.197131 0.304149 1.047703 -3.457872 13.054563 13.054563 
445.500000 253 2.000000 0.000001 1.588622 1.720572 -2.132465 7.507775 7.507775 
445.500000 254 2.000000 0.737035 11.167503 0.737034 -1.348473 2.361598 2.361598 
445.500000 255 2.000000 2.519063 19.099358 -0.727920 0.117909 0.543770 0.543770 
445.500000 256 2.000000 2.786354 17.166109 -5.730893 0.957897 33.760705 33.760705 
445.500000 257 2.000000 2.219113 7.385798 -0.210198 -1.509941 2.324104 2.324104 
445.500000 258 2.000000 2.569659 8.753422 0.577451 -0.996419 1.326302 1.326302 
445.500000 259 2.000000 1.173610 19.921168 -0.310764 0.410677 0.265230 0.265230 
445.500000 260 2.000000 2.767549 10.182501 -0.065190 0.527870 0.282896 0.282896 
445.500000 261 2.000000 0.147663 15.628202 2.953237 -1.220755 10.211854 10.211854 
445.500000 262 2.000000 2.576390 13.313613 -1.027218 -0.119428 1.069439 1.069439 
445.500000 263 2.000000 1.571061 8.326258 -0.240553 2.097397 4.456939 4.456939 
445.500000 264 2.000000 0.747996 12.323145 -0.204719 1.167395 1.404720 1.404720 
445.500000 265 2.000000 0.131065 3.925275 1.310636 -1.375822 3.610653 3.610653 
445.500000 266 2.000000 0.440814 18.443338 1.259465 -0.635372 1.989948 1.989948 
445.500000 267 2.000000 1.547181 15.971658 3.094360 -0.009465 9.575152 9.575152 
445.500000 268 2.000000 1.289017 19.828539 0.290352 0.229392 0.136925 0.136925 
445.500000 269 2.000000 2.491051 0.568621 -1.694994 -3.477224 14.964094 14.964094 
445.500000 270 2.000000 2.471931 3.934578 1.095741 -0.902194 2.014602 2.014602 
445.500000 271 2.000000 0.660529 14.450963 -0.384830 -1.206312 1.603283 1.603283 
445.500000 272 2.000000 0.753441 16.068409 -0.589799 -1.572636 2.821048 2.821048 
445.500000 273 2.000000 2.500191 17.508508 1.282149 -1.779636 4.811012 4.811012 
445.500000 274 2.000000 0.114445 11.912946 1.144437 0.909243 2.136459 2.136459 
445.500000 275 2.000000 0.903250 9.066576 1.642271 -0.227709 2.748904 2.748904 
445.500000 276 2.000000 2.211990 11.100176 0.386189 0.714109 0.659094 0.659094 
445.500000 277 2.000000 1.353148 2.309925 0.126983 -2.307612 5.341196 5.341196 
445.500000 278 2.000000 1.526631 4.336272 -3.467778 -0.946597 12.921530 12.921530 
445.500000 279 2.000000 1.733968 1.255072 0.343360 0.643626 0.532151 0.532151 
445.500000 280 2.000000 0.539108 2.690147 0.898512 -0.906537 1.629133 1.629133 
445.500000 281 2.000000 2.795423 13.431877 0.367648 -1.464320 2.279398 2.279398 
445.500000 282 2.000000 0.787958 7.032872 -0.786538 -1.979860 4.538487 4.538487 
445.500000 283 2.000000 0.203916 4.776498 -5.250879 0.013673 27.571918 27.571918 
445.500000 284 2.000000 0.752585 16.619899 1.254307 -2.253400 6.651099 6.651099 
445.500000 285 2.000000 2.993880 0.316418 0.817996 -1.243935 2.216493 2.216493 
445.500000 286 2.000000 0.570037 4.080382 -2.212749 -1.674690 7.700845 7.700845 
445.500000 287 2.000000 1.405063 8.971376 1.479012 -0.007980 2.187541 2.187541 
445.500000 288 2.000000 3.070999 1.225545 -0.911749 2.042574 5.003394 5.003394 
445.500000 289 2.000000 1.651102 13.229617 -1.532629 4.070651 18.919151 18.919151 
445.500000 290 2.000000 0.141967 4.540923 -1.030892 -0.497352 1.310097 1.310097 
445.500000 291 2.000000 1.394934 18.938552 -3.390129 1.496753 13.733245 13.733245 
445.500000 292 2.000000 1.747279 9.487861 -0.133960 1.164155 1.373201 1.373201 
445.500000 293 2.000000 1.597081 17.266909 -4.951060 0.473322 24.737033 24.737033 
445.500000 294 2.000000 1.446702 2.758463 -1.120865 -1.886301 4.814471 4.814471 
445.500000 295 2.000000 2.527159 0.411938 -0.167347 -0.071400 0.033103 0.033103 
445.500000 296 2.000000 2.126096 14.867969 -0.358306 1.262785 1.723008 1.723008 
445.500000 297 2.000000 2.431755 17.775951 1.034885 1.975995 4.975542 4.975542 
445.500000 298 2.000000 0.434208 11.431015 2.171035 4.572405 25.620283 25.620283 
445.500000 299 2.000000 1.267261 14.441388 0.974816 -2.397962 6.700489 6.700489 
445.500000 300 2.000000 1.454795 3.348079 5.819177 -0.880809 34.638650 34.638650 
445.500000 301 2.000000 1.173493 11.838757 -1.677840 2.632894 9.747277 9.747277 
445.500000 302 2.000000 1.235073 16.517147 0.457434 1.823826 3.535587 3.535587 
445.500000 303 2.000000 2.973884 17.197088 -1.980308 -0.487217 4.159001 4.159001 
445.500000 304 2.000000 0.607935 6.983698 0.868477 -2.384958 6.442278 6.442278 
445.500000 305 2.000000 0.919777 17.388723 2.043946 2.483021 10.343107 10.343107 
445.500000 306 2.000000 0.917907 4.786603 -3.626487 -0.575832 13.482989 13.482989 
445.500000 307 2.000000 2.737774 0.826385 -0.778500 -2.156779 5.257757 5.257757 
445.500000 308 2.000000 1.627230 14.887915 -0.747973 1.645021 3.265560 3.265560 
445.500000 309 2.000000 0.048734 8.735493 -0.748073 2.238154 5.568947 5.568947 
445.500000 310 2.000000 1.592321 12.001490 0.965043 1.481665 3.126640 3.126640 
445.500000 311 2.000000 1.611033 7.148193 -0.642997 -2.339920 5.888670 5.888670 
445.500000 312 2.000000 0.940575 15.774636 2.090165 -1.194837 5.796427 5.796427 
445.500000 313 2.000000 2.238034 17.349954 -1.889033 -0.955689 4.481786 4.481786 
445.500000 314 2.000000 1.560045 9.168139 -0.472243 0.807993 0.875866 0.875866 
445.500000 315 2.000000 0.772526 4.423959 -1.841528 -0.705459 3.888900 3.888900 
445.500000 316 2.000000 0.269771 19.705795 -2.473850 0.030575 6.120869 6.120869 
445.500000 317 2.000000 2.796436 10.094034 -0.537206 -2.110633 4.743363 4.743363 
445.500000 318 2.000000 1.673245 15.803757 -0.511815 -1.712752 3.195474 3.195474 
445.500000 319 2.000000 1.369816 10.315869 1.369815 2.106925 6.315527 6.315527 
445.500000 320 2.000000 0.204604 4.999498 -0.420323 3.124686 9.940334 9.940334 
445.500000 321 2.000000 1.607766 7.174296 3.215530 0.710519 10.844473 10.844473 
445.500000 322 2.000000 1.116833 12.052797 1.396040 3.090460 11.499872 11.499872 
445.500000 323 2.000000 2.552605 11.540003 3.403472 -0.724574 12.108632 12.108632 
445.500000 324 2.000000 1.506681 19.841775 2.333220 0.310625 5.540406 5.540406 
445.500000 325 2.000000 0.284039 0.787571 -1.630549 -2.479023 8.804245 8.804245 
445.500000 326 2.000000 0.971284 11.842616 1.168439 -1.018090 2.401758 2.401758 
445.500000 327 2.000000 2.454105 6.525368 -2.094315 3.625204 17.528256 17.528256 
445.500000 328 2.000000 0.042219 9.869524 0.844364 -1.468185 2.868517 2.868517 
445.500000 329 2.000000 2.564034 5.952481 -1.486471 0.870591 2.967523 2.967523 
445.500000 330 2.000000 1.461583 1.247107 -1.276012 -1.127178 2.898737 2.898737 
445.500000 331 2.000000 2.504458 2.660514 1.362371 -2.358614 7.419114 7.419114 
445.500000 332 2.000000 1.422754 12.270284 2.188850 3.112587 14.479260 14.479260 
445.500000 333 2.000000 1.712821 7.669372 -0.499207 -0.027980 0.249991 0.249991 
445.500000 334 2.000000 0.192891 4.118373 1.928900 0.336512 3.833894 3.833894 
445.500000 335 2.000000 0.615504 0.803042 -2.766328 4.015207 23.774453 23.774453 
445.500000 336 2.000000 0.963737 6.453694 -1.177060 2.115965 5.862779 5.862779 
445.500000 337 2.000000 1.867711 6.145787 0.155522 -0.777371 0.628493 0.628493 
445.500000 338 2.000000 1.358497 11.396329 -1.594820 -1.267024 4.148803 4.148803 
445.500000 339 2.000000 2.471283 3.590305 0.003415 1.304541 1.701838 1.701838 
445.500000 340 2.000000 1.191730 6.734779 0.014376 -3.580438 12.819742 12.819742 
445.500000 341 2.000000 0.711697 4.773705 2.372320 -1.977441 9.538172 9.538172 
445.500000 342 2.000000 1.574585 10.360040 -2.532023 -1.325794 8.168869 8.168869 
445.500000 343 2.000000 0.949236 7.803076 0.463041 -0.461725 0.427597 0.427597 
445.500000 344 2.000000 2.965464 11.882565 -1.093353 0.288330 1.278556 1.278556 
445.500000 345 2.000000 0.418897 14.980397 -1.398052 1.526726 4.285443 4.285443 
445.500000 346 2.000000 3.070999 6.427659 -3.573319 1.947775 16.562435 16.562435 
445.500000 347 2.000000 1.986241 4.065796 -3.137309 -0.764871 10.427735 10.427735 
445.500000 348 2.000000 2.339380 17.475348 -2.476730 -1.009860 7.154009 7.154009 
445.500000 349 2.000000 1.603487 2.238687 0.552926 -1.404979 2.279692 2.279692 
445.500000 350 2.000000 0.604841 11.744575 -2.386722 -0.735766 6.237791 6.237791 
445.500000 351 2.000000 1.094558 13.608448 -1.200612 -1.826157 4.776320 4.776320 
445.500000 352 2.000000 0.423659 9.768001 -1.036996 -2.352183 6.608128 6.608128 
445.500000 353 2.000000 2.744229 9.435465 1.663169 1.377440 4.663471 4.663471 
445.500000 354 2.000000 1.066607 2.664643 -0.890933 3.134872 10.621186 10.621186 
445.500000 355 2.000000 1.770516 1.363639 -0.629129 0.534760 0.681771 0.681771 
445.500000 356 2.000000 2.329142 17.181293 -1.892643 -0.924166 4.436181 4.436181 
445.500000 357 2.000000 1.459016 17.076848 -0.959133 0.791234 1.545987 1.545987 
445.500000 358 2.000000 2.189680 9.506155 2.576093 -0.452476 6.840989 6.840989 
445.500000 359 2.000000 2.859496 9.735019 -0.363389 -0.845377 0.846714 0.846714 
445.500000 360 2.000000 0.161759 4.859303 -0.824281 0.280830 0.758305 0.758305 
445.500000 361 2.000000 1.615147 17.537695 -4.197578 0.349308 17.741673 17.741673 
445.500000 362 2.000000 1.157586 17.721407 -1.701838 -0.329730 3.004973 3.004973 
445.500000 363 2.000000 2.114991 3.745528 -3.224695 0.998807 11.396270 11.396270 
445.500000 364 2.000000 0.625790 2.965314 2.503156 0.533856 6.550792 6.550792 
445.500000 365 2.000000 1.724092 8.563061 1.886345 0.558928 3.870698 3.870698 
445.500000 366 2.000000 2.050490 18.021959 -2.953740 2.158318 13.382918 13.382918 
445.500000 367 2.000000 0.175868 17.837924 -0.971913 2.813641 8.861190 8.861190 
445.500000 368 2.000000 1.989660 11.704833 0.765254 3.251342 11.156840 11.156840 
445.500000 369 2.000000 1.813700 14.566269 0.740285 1.320416 2.291520 2.291520 
445.500000 370 2.000000 0.299009 17.051433 -4.302600 1.665327 21.285679 21.285679 
445.500000 371 2.000000 2.906872 15.391573 -1.132181 3.621546 14.397432 14.397432 
445.500000 372 2.000000 2.868151 13.169917 -1.052241 2.633983 8.045079 8.045079 
445.500000 373 2.000000 2.305393 6.046227 2.561546 0.088437 6.569340 6.569340 
445.500000 374 2.000000 2.060472 4.973670 0.201022 3.208819 10.336927 10.336927 
445.500000 375 2.000000 0.000001 11.896872 2.919711 -0.090072 8.532827 8.532827 
445.500000 376 2.000000 1.544122 5.785070 3.431381 0.466863 11.992337 11.992337 
445.500000 377 2.000000 1.755976 9.279574 1.596341 -2.109121 6.996696 6.996696 
445.500000 378 2.000000 2.471754 16.582538 -2.434980 -2.628816 12.839802 12.839802 
445.500000 379 2.000000 2.644862 2.622192 -2.168683 -1.156652 6.041029 6.041029 
445.500000 380 2.000000 0.256819 8.017708 5.136369 -1.497786 28.625655 28.625655 
445.500000 381 2.000000 1.072440 5.520254 -2.389246 -0.432271 5.895356 5.895356 
445.500000 382 2.000000 1.661545 8.236696 2.769240 -1.755717 10.751233 10.751233 
445.500000 383 2.000000 3.024477 17.697124 -0.968448 0.108110 0.949580 0.949580 
445.500000 384 2.000000 0.915508 6.383557 0.217948 0.457160 0.256496 0.256496 
445.500000 385 2.000000 0.275776 6.989760 -1.435612 1.644649 4.765851 4.765851 
445.500000 386 2.000000 0.000001 17.551211 3.613904 0.857951 13.796384 13.796384 
445.500000 387 2.000000 0.692251 18.202917 -3.209664 0.065986 10.306297 10.306297 
445.500000 388 2.000000 3.016835 11.423576 0.771332 0.373502 0.734457 0.734457 
445.500000 389 2.000000 2.365776 15.255847 -0.338095 -0.260568 0.182204 0.182204 
445.500000 390 2.000000 1.513728 9.601992 -0.426731 -2.563558 6.753931 6.753931 
445.500000 391 2.000000 1.498154 14.656396 -1.693626 2.348376 8.383242 8.383242 
445.500000 392 2.000000 1.485657 5.342819 -0.212766 0.530455 0.326652 0.326652 
445.500000 393 2.000000 0.522874 13.215440 -1.925500 -0.710425 4.212255 4.212255 
445.500000 394 2.000000 2.513777 2.543374 -1.152445 -1.392112 3.266104 3.266104 
445.500000 395 2.000000 0.126241 2.054100 -1.318329 -1.921103 5.428629 5.428629 
445.500000 396 2.000000 2.320276 8.566135 -1.539447 -1.731773 5.368936 5.368936 
445.500000 397 2.000000 0.815058 13.596913 -2.857926 1.978324 12.081508 12.081508 
445.500000 398 2.000000 2.503438 4.138875 1.476465 2.985408 11.092607 11.092607 
445.500000 399 2.000000 1.470459 5.824255 -1.920989 0.309221 3.785815 3.785815 
445.500000 400 2.000000 3.056811 12.985279 -0.321764 -1.260179 1.691583 1.691583 
445.500000 401 2.000000 2.637930 1.232284 0.254848 0.573155 0.393454 0.393454 
445.500000 402 2.000000 0.511439 5.849275 -0.557317 -0.112661 0.323294 0.323294 
445.500000 403 2.000000 2.799237 10.953937 -0.119517 -2.292975 5.272019 5.272019 
445.500000 404 2.000000 0.700143 8.930834 -2.533638 1.116354 7.665568 7.665568 
445.500000 405 2.000000 0.764839 18.461596 -1.959800 -0.561318 4.155894 4.155894 
445.500000 406 2.000000 2.601453 16.526532 2.601452 1.664477 9.538037 9.538037 
445.500000 407 2.000000 2.767072 18.275696 5.031038 1.881882 28.852826 28.852826 
445.500000 408 2.000000 1.631457 7.855396 -2.917085 1.482537 10.707298 10.707298 
445.500000 409 2.000000 0.853460 0.047065 1.422431 -0.860040 2.762980 2.762980 
445.500000 410 2.000000 0.757910 7.498957 -1.965574 -0.468166 4.082662 4.082662 
445.500000 411 2.000000 1.272415 1.137837 3.635468 -0.311284 13.313527 13.313527 
445.500000 412 2.000000 1.943987 8.930241 0.793464 0.448715 0.830930 0.830930 
445.500000 413 2.000000 2.567623 11.453465 0.315199 -0.797481 0.735326 0.735326 
445.500000 414 2.000000 2.088909 13.102554 2.457539 -1.358281 7.884426 7.884426 
445.500000 415 2.000000 2.716630 0.581749 -0.098398 0.775664 0.611337 0.611337 
445.500000 416 2.000000 0.578008 19.198685 0.722509 1.105560 1.744281 1.744281 
445.500000 417 2.000000 1.099028 14.704133 -1.752757 -0.073698 3.077589 3.077589 
445.500000 418 2.000000 0.841126 7.670107 -0.012759 -0.360703 0.130269 0.130269 
445.500000 419 2.000000 0.000001 2.613628 2.148679 1.166022 5.976428 5.976428 
445.500000 420 2.000000 2.424175 3.751036 -0.418485 -4.166401 17.534025 17.534025 
445.500000 421 2.000000 1.767345 15.424590 2.918028 -0.561155 8.829780 8.829780 
445.500000 422 2.000000 1.397234 7.313175 -1.632062 -4.300618 21.158945 21.158945 
445.500000 423 2.000000 2.696508 16.015985 -0.120306 0.641888 0.426494 0.426494 
445.500000 424 2.000000 1.068098 19.154406 -0.385517 2.390131 5.861351 5.861351 
445.500000 425 2.000000 2.066892 15.131572 0.444493 2.827447 8.192033 8.192033 
445.500000 426 2.000000 1.996570 10.208327 -4.335715 0.225725 18.849380 18.849380 
445.500000 427 2.000000 0.555878 14.861487 0.083913 -0.745679 0.563079 0.563079 
445.500000 428 2.000000 1.200626 9.062016 4.002084 -5.468991 45.926540 45.926540 
445.500000 429 2.000000 2.081774 14.315952 1.435706 0.933667 2.932986 2.932986 
445.500000 430 2.000000 0.183902 0.531631 -0.778241 -3.185391 10.752373 10.752373 
445.500000 431 2.000000 2.980694 10.857834 -1.844102 -0.533356 3.685182 3.685182 
445.500000 432 2.000000 0.171539 8.972925 -2.185748 0.766917 5.365656 5.365656 
445.500000 433 2.000000 2.657879 15.733821 2.531313 -0.445477 6.605995 6.605995 
445.500000 434 2.000000 1.307359 5.039627 -0.115766 -1.660332 2.770102 2.770102 
445.500000 435 2.000000 0.684590 5.126768 -1.484308 0.843602 2.914837 2.914837 
445.500000 436 2.000000 1.248703 3.545209 0.179971 -1.501976 2.288321 2.288321 
445.500000 437 2.000000 1.659050 0.449945 2.370070 -0.346143 5.737045 5.737045 
445.500000 438 2.000000 1.142911 2.235118 1.428638 -0.702610 2.534666 2.534666 
445.500000 439 2.000000 2.951816 9.014491 1.904397 -0.310324 3.723027 3.723027 
445.500000 440 2.000000 2.164790 8.312535 -2.051797 3.614145 17.271919 17.271919 
445.500000 441 2.000000 1.266844 16.898159 -1.678141 1.798045 6.049122 6.049122 
445.500000 442 2.000000 0.869280 10.904631 1.337352 -3.432214 13.568607 13.568607 
445.500000 443 2.000000 0.181222 1.773668 -1.153147 -2.385138 7.018630 7.018630 
445.500000 444 2.000000 0.327812 13.241735 -1.997419 0.734231 4.528778 4.528778 
445.500000 445 2.000000 2.273436 19.853650 0.018478 1.233515 1.521901 1.521901 
445.500000 446 2.000000 0.456114 17.686050 0.456113 -1.080196 1.374863 1.374863 
445.500000 447 2.000000 0.546948 15.073364 0.124306 -2.737020 7.506728 7.506728 
445.500000 448 2.000000 1.302112 18.143987 -2.000117 4.839700 27.423164 27.423164 
445.500000 449 2.000000 2.203449 8.004105 -0.296970 0.014423 0.088399 0.088399 
445.500000 450 2.000000 2.316799 18.134980 0.858073 1.298798 2.423165 2.423165 
445.500000 451 2.000000 3.020665 9.554942 -0.541342 -1.805198 3.551791 3.551791 
445.500000 452 2.000000 0.114262 13.555804 -3.733921 2.151644 18.571740 18.571740 
445.500000 453 2.000000 2.538108 19.192982 3.625868 0.209217 13.190688 13.190688 
445.500000 454 2.000000 1.716505 18.790635 1.329615 -0.215127 1.814157 1.814157 
445.500000 455 2.000000 0.549912 17.932319 -1.438604 0.996288 3.062170 3.062170 
445.500000 456 2.000000 2.578543 15.977095 -2.007823 -0.002292 4.031359 4.031359 
445.500000 457 2.000000 1.731018 17.268062 -2.271302 -4.202980 22.823855 22.823855 
445.500000 458 2.000000 1.225445 19.898434 -2.209240 -2.031304 9.006938 9.006938 
445.500000 459 2.000000 2.591398 9.115309 2.497755 3.463239 18.232805 18.232805 
445.500000 460 2.000000 0.555669 13.784935 -4.611328 1.186536 22.672211 22.672211 
445.500000 461 2.000000 2.773097 5.591679 -0.534503 0.153872 0.309370 0.309370 
445.500000 462 2.000000 3.070999 18.818978 -2.345478 1.286360 7.155991 7.155991 
445.500000 463 2.000000 1.566839 19.923861 -2.544934 -1.522757 8.795477 8.795477 
445.500000 464 2.000000 2.579726 15.364741 1.146544 -0.882906 2.094087 2.094087 
445.500000 465 2.000000 0.501527 4.862883 2.006103 1.784893 7.210292 7.210292 
445.500000 466 2.000000 2.673446 16.438727 -1.363178 -1.207211 3.315613 3.315613 
445.500000 467 2.000000 2.308291 0.587645 2.885362 -1.298089 10.010353 10.010353 
445.500000 468 2.000000 2.644628 5.488546 -0.006884 -1.386121 1.921378 1.921378 
445.500000 469 2.000000 2.114408 17.987462 1.710017 -0.750894 3.487999 3.487999 
445.500000 470 2.000000 0.393340 7.389422 -0.847087 0.360595 0.847585 0.847585 
445.500000 471 2.000000 1.196863 3.254658 -0.818890 -1.242250 2.213766 2.213766 
445.500000 472 2.000000 1.155509 14.666319 4.622032 -1.545994 23.753278 23.753278 
445.500000 473 2.000000 2.617902 10.868781 -0.061094 -0.401395 0.164850 0.164850 
445.500000 474 2.000000 0.310888 11.312107 2.072582 -0.295423 4.382870 4.382870 
445.500000 475 2.000000 2.608661 16.222912 -2.349690 -2.697920 12.799815 12.799815 
445.500000 476 2.000000 2.751064 3.311947 -2.170899 1.439977 6.786335 6.786335 
445.500000 477 2.000000 0.403113 6.804597 0.123537 -0.421074 0.192565 0.192565 
445.500000 478 2.000000 2.988997 12.254071 -1.678034 -1.844268 6.217123 6.217123 
445.500000 479 2.000000 1.198009 18.645362 -4.200200 -0.552913 17.947393 17.947393 
445.500000 480 2.000000 0.318909 9.772711 3.189076 0.266670 10.241319 10.241319 
445.500000 481 2.000000 0.000001 12.107835 3.503621 -0.233493 12.329880 12.329880 
445.500000 482 2.000000 2.890237 2.879847 0.878581 2.741404 8.287198 8.287198 
445.500000 483 2.000000 1.927003 10.751748 -0.991330 -3.261655 11.621132 11.621132 
445.500000 484 2.000000 0.964087 2.361203 2.754532 0.143546 7.608053 7.608053 
445.500000 485 2.000000 3.063441 4.488714 1.976413 1.521598 6.221469 6.221469 
445.500000 486 2.000000 2.679515 10.840682 1.140219 0.440163 1.493842 1.493842 
445.500000 487 2.000000 0.201053 10.291775 -1.852905 -0.337332 3.547049 3.547049 
445.500000 488 2.000000 0.410496 10.721975 -0.292171 2.849772 8.206562 8.206562 
445.500000 489 2.000000 1.023615 13.268854 -0.799020 0.711945 1.145298 1.145298 
445.500000 490 2.000000 0.815002 6.207864 -2.186568 2.586609 11.471630 11.471630 
445.500000 491 2.000000 0.799325 4.543261 1.229729 -1.265776 3.114421 3.114421 
445.500000 492 2.000000 1.414367 5.112698 -1.544029 -0.689133 2.858930 2.858930 
445.500000 493 2.000000 1.394524 18.036411 0.498044 -1.006968 1.262033 1.262033 
445.500000 494 2.000000 1.610680 12.879431 -4.210341 1.840935 21.116009 21.116009 
445.500000 495 2.000000 2.003456 14.276243 -3.088124 2.359709 15.104739 15.104739 
445.500000 496 2.000000 2.897394 16.025001 -1.774048 -0.873619 3.910456 3.910456 
445.500000 497 2.000000 2.839901 4.458752 -4.659963 3.650834 35.043842 35.043842 
445.500000 498 2.000000 1.349583 7.633630 -2.686332 1.494592 9.450186 9.450186 
445.500000 499 2.000000 2.118422 18.462294 1.710046 0.263537 2.993708 2.993708 
445.500000 500 2.000000 1.369673 17.495780 1.369672 1.125759 3.143335 3.143335 
