280.000000 1 2.000000 8.407713 14.364087 -0.372136 0.046899 
280.000000 2 2.000000 1.302163 15.306156 0.162216 -0.854430 
280.000000 3 2.000000 0.503537 2.079135 -1.102926 0.958499 
280.000000 4 2.000000 4.453117 7.360179 0.576910 0.740700 
280.000000 5 2.000000 7.055980 17.546397 1.742217 -0.029391 
280.000000 6 2.000000 0.521374 16.981694 -1.185873 0.100560 
280.000000 7 2.000000 0.085710 19.048671 -0.500142 -0.223842 
280.000000 8 2.000000 4.957246 13.104911 -0.166652 1.627939 
280.000000 9 2.000000 9.015579 0.418619 -1.186066 0.261636 
280.000000 10 2.000000 7.116485 19.783520 1.176278 0.203372 
280.000000 11 2.000000 4.599734 10.338184 -2.360081 0.322660 
280.000000 12 2.000000 0.888055 19.751855 0.845766 -0.105593 
280.000000 13 2.000000 7.786542 16.831968 -2.004821 -0.239758 
280.000000 14 2.000000 4.120010 9.422886 2.060005 -1.031724 
280.000000 15 2.000000 0.567057 14.091846 -0.501138 -0.408401 
280.000000 16 2.000000 8.311086 2.914662 -1.086913 0.087310 
280.000000 17 2.000000 0.853167 17.754389 1.551211 0.246945 
280.000000 18 2.000000 1.659210 11.777788 0.423540 0.180987 
280.000000 19 2.000000 7.671450 6.109610 -1.717051 -0.653289 
280.000000 20 2.000000 9.098004 7.258398 0.602517 1.331816 
280.000000 21 2.000000 5.522724 4.330439 -0.602305 0.384928 
280.000000 22 2.000000 9.221596 13.494561 0.617435 1.758082 
280.000000 23 2.000000 7.519941 11.806714 1.503988 -1.092438 
280.000000 24 2.000000 6.409937 1.243103 0.538650 1.243102 
280.000000 25 2.000000 9.016997 13.355150 0.348600 0.624960 
280.000000 26 2.000000 1.503830 9.519151 0.771194 -2.096170 
280.000000 27 2.000000 7.880526 0.885526 0.501806 0.411872 
280.000000 28 2.000000 2.036875 2.555150 -0.928782 1.161431 
280.000000 29 2.000000 5.012014 8.786678 0.659475 0.507900 
280.000000 30 2.000000 8.983390 12.199729 0.323923 -0.578646 
280.000000 31 2.000000 1.667778 14.335309 0.926543 -0.615727 
280.000000 32 2.000000 1.226893 15.131269 0.766807 1.454930 
280.000000 33 2.000000 3.790304 19.021137 0.913326 0.827138 
280.000000 34 2.000000 8.922863 17.400774 3.094123 0.898917 
280.000000 35 2.000000 0.558668 19.112193 2.793335 0.724202 
280.000000 36 2.000000 8.997224 19.845757 0.073326 -0.237295 
280.000000 37 2.000000 6.242891 15.397204 0.507183 0.070213 
280.000000 38 2.000000 0.713603 0.347761 -2.283817 -0.747112 
280.000000 39 2.000000 1.447483 7.281301 0.083912 -0.750366 
280.000000 40 2.000000 7.109469 13.644143 0.615032 -0.630657 
280.000000 41 2.000000 5.301275 17.544013 -0.111887 -0.219284 
280.000000 42 2.000000 4.427388 5.558523 3.501922 -0.486012 
280.000000 43 2.000000 5.572180 9.819318 -1.440896 0.086033 
280.000000 44 2.000000 6.287223 13.262960 -0.752599 -1.403550 
280.000000 45 2.000000 8.208625 9.322256 1.101122 -1.198953 
280.000000 46 2.000000 3.348836 2.705302 0.410900 -1.072585 
280.000000 47 2.000000 5.053133 19.103302 -0.652213 1.423162 
280.000000 48 2.000000 4.233393 17.667447 1.459790 0.736144 
280.000000 49 2.000000 2.654065 0.000001 0.025267 1.567583 
280.000000 50 2.000000 5.152345 2.865323 2.642228 -2.347216 
280.000000 51 2.000000 7.808565 7.586292 -1.534145 1.311128 
280.000000 52 2.000000 3.037426 15.605436 -2.089735 -1.414942 
280.000000 53 2.000000 4.234440 17.738320 -1.170312 -1.966677 
280.000000 54 2.000000 5.927341 12.073189 -0.700889 -1.491004 
280.000000 55 2.000000 7.384457 7.143393 0.186241 -0.131257 
280.000000 56 2.000000 5.412337 8.485476 0.314131 -0.820619 
280.000000 57 2.000000 3.421308 5.356000 -2.017564 -0.273819 
280.000000 58 2.000000 7.949628 15.752015 3.117501 0.105992 
280.000000 59 2.000000 4.832945 5.998118 0.854741 0.704552 
280.000000 60 2.000000 7.576146 19.450099 -1.410195 -0.578842 
280.000000 61 2.000000 4.095029 17.778777 -0.469107 0.860613 
280.000000 62 2.000000 4.802654 10.250701 1.112898 -0.550732 
280.000000 63 2.000000 3.754728 13.675336 0.158646 -0.765664 
280.000000 64 2.000000 8.696043 3.807001 -1.935016 -0.471412 
280.000000 65 2.000000 6.604541 4.134053 -0.988158 -0.523712 
280.000000 66 2.000000 3.520626 3.087246 -0.569358 0.330110 
280.000000 67 2.000000 5.629181 13.884586 -0.692529 1.245240 
280.000000 68 2.000000 7.835708 11.304973 -0.624266 -0.166579 
280.000000 69 2.000000 4.221277 8.232669 1.110862 -0.495467 
280.000000 70 2.000000 1.076993 6.761972 -0.437203 0.945574 
280.000000 71 2.000000 0.196115 18.739152 -0.835473 -2.521693 
280.000000 72 2.000000 7.960488 10.312310 0.751033 -0.177653 
280.000000 73 2.000000 3.870539 2.885725 -0.800425 0.769526 
280.000000 74 2.000000 0.553434 8.752863 -0.114125 0.526623 
280.000000 75 2.000000 7.116784 11.289608 -1.013311 -0.148131 
280.000000 76 2.000000 5.295000 4.289035 -2.360856 -1.503442 
280.000000 77 2.000000 2.836629 12.152422 -0.462975 0.524657 
280.000000 78 2.000000 2.920949 17.160271 -2.563118 -0.399962 
280.000000 79 2.000000 8.893116 18.138199 0.533654 1.372212 
280.000000 80 2.000000 0.081913 10.920656 -0.215470 1.183504 
280.000000 81 2.000000 8.661128 2.487517 0.455849 -0.462280 
280.000000 82 2.000000 5.210398 8.043042 0.014117 -0.854068 
280.000000 83 2.000000 7.113247 18.457533 0.566792 -0.771233 
280.000000 84 2.000000 0.323114 3.764454 0.718029 -2.254937 
280.000000 85 2.000000 4.926358 13.535799 -1.045646 0.251178 
280.000000 86 2.000000 8.661030 14.984517 0.948491 -1.823812 
280.000000 87 2.000000 3.617493 13.784850 0.007796 1.548859 
280.000000 88 2.000000 4.673624 2.248564 -1.525738 -0.438130 
280.000000 89 2.000000 5.286453 1.548669 -0.221493 -0.158601 
280.000000 90 2.000000 2.476017 2.447336 -1.898536 0.051836 
280.000000 91 2.000000 1.083176 14.649631 1.140184 -1.163124 
280.000000 92 2.000000 4.254937 0.702641 0.414773 1.756599 
280.000000 93 2.000000 6.037725 17.947324 0.135258 0.572590 
280.000000 94 2.000000 0.645877 3.243541 0.403672 0.907916 
280.000000 95 2.000000 4.432887 1.357796 0.816496 0.271519 
280.000000 96 2.000000 9.024195 8.731337 -1.157347 0.933833 
280.000000 97 2.000000 7.156362 13.718755 0.898695 -1.149661 
280.000000 98 2.000000 0.393106 5.025570 -0.845828 0.523497 
280.000000 99 2.000000 0.334737 2.589392 -0.865517 0.747294 
280.000000 100 2.000000 7.673029 12.803794 2.192294 -1.020738 
280.000000 101 2.000000 4.597486 1.889498 0.938262 0.839776 
280.000000 102 2.000000 1.681676 6.746786 1.556087 -0.994277 
280.000000 103 2.000000 4.930957 13.320540 -0.320105 1.366209 
280.000000 104 2.000000 0.264377 3.646340 2.643759 -0.726829 
280.000000 105 2.000000 8.014836 2.884757 1.161570 -0.809231 
280.000000 106 2.000000 9.214724 2.224367 -0.164326 1.059222 
280.000000 107 2.000000 5.438771 4.927974 0.534155 -0.441274 
280.000000 108 2.000000 2.302049 3.305695 1.534699 -0.066131 
280.000000 109 2.000000 7.625312 16.970885 2.147975 -0.917913 
280.000000 110 2.000000 5.344852 1.505142 -0.857418 0.301028 
280.000000 111 2.000000 5.578068 10.223271 -0.289291 -0.236046 
280.000000 112 2.000000 5.207062 9.530942 -1.733076 0.620908 
280.000000 113 2.000000 0.757930 6.679767 0.947411 0.416588 
280.000000 114 2.000000 4.407051 12.457665 1.695019 1.528548 
280.000000 115 2.000000 8.177685 18.492041 1.112610 0.454909 
280.000000 116 2.000000 3.746201 10.212631 -2.007754 -0.236415 
280.000000 117 2.000000 7.927895 13.093239 -0.736587 -1.089539 
280.000000 118 2.000000 5.423522 3.985469 0.242157 1.048807 
280.000000 119 2.000000 4.645582 11.594745 -0.712974 0.320588 
280.000000 120 2.000000 5.892407 4.899822 -2.019481 -1.102235 
280.000000 121 2.000000 6.054480 11.868529 0.277051 -0.401565 
280.000000 122 2.000000 1.772111 1.333921 -0.920313 0.177856 
280.000000 123 2.000000 0.070858 18.104491 0.708572 -0.642545 
280.000000 124 2.000000 3.651359 13.372714 0.106407 -0.919798 
280.000000 125 2.000000 8.090721 17.691455 -0.526184 -1.099307 
280.000000 126 2.000000 5.650203 9.107791 -0.143196 1.050236 
280.000000 127 2.000000 9.197796 6.354558 -0.142648 -0.888802 
280.000000 128 2.000000 2.957146 17.843481 -0.446372 -0.191028 
280.000000 129 2.000000 4.839987 13.275766 -0.277719 0.833372 
280.000000 130 2.000000 3.969158 2.097713 2.835112 0.399564 
280.000000 131 2.000000 3.856186 10.029342 -0.552099 -0.495048 
280.000000 132 2.000000 9.257071 7.563758 -0.332081 -0.642700 
280.000000 133 2.000000 1.173819 0.695170 0.647202 -0.045498 
280.000000 134 2.000000 3.356992 2.159717 0.378018 -0.934943 
280.000000 135 2.000000 8.292742 16.647329 0.981389 -1.862594 
280.000000 136 2.000000 1.386615 3.898254 0.495219 -1.137933 
280.000000 137 2.000000 8.029143 6.999478 -2.457739 0.978948 
280.000000 138 2.000000 7.910064 5.473595 -0.477374 -1.403517 
280.000000 139 2.000000 7.036170 17.164894 3.432278 1.865260 
280.000000 140 2.000000 1.273295 10.483761 1.414771 -1.105185 
280.000000 141 2.000000 0.315913 0.367941 -1.232995 -0.353717 
280.000000 142 2.000000 2.309022 10.814334 -1.265974 -0.133793 
280.000000 143 2.000000 6.584309 4.752341 1.197147 -1.540167 
280.000000 144 2.000000 2.245818 18.458417 1.151701 0.330735 
280.000000 145 2.000000 7.491769 3.120794 2.827082 0.449806 
280.000000 146 2.000000 7.137125 19.725824 0.728278 -1.827835 
280.000000 147 2.000000 4.496026 2.130939 -0.455508 0.134019 
280.000000 148 2.000000 6.910519 5.785293 -0.780267 -0.362109 
280.000000 149 2.000000 5.062490 14.204282 0.231403 0.713436 
280.000000 150 2.000000 5.871893 1.404397 0.670332 0.413058 
280.000000 151 2.000000 8.587646 16.062368 -0.359814 -0.905203 
280.000000 152 2.000000 3.918431 9.778966 -0.937433 -0.442758 
280.000000 153 2.000000 9.034700 7.146975 0.082434 1.013755 
280.000000 154 2.000000 0.436738 2.193083 0.010384 0.197200 
280.000000 155 2.000000 3.287678 3.435157 -1.017407 0.013231 
280.000000 156 2.000000 2.559950 5.607813 -0.045672 0.975272 
280.000000 157 2.000000 7.814049 3.957245 -0.188410 -2.879684 
280.000000 158 2.000000 8.042808 18.687293 -0.124943 -2.625412 
280.000000 159 2.000000 1.924458 4.950638 -1.365775 -1.729812 
280.000000 160 2.000000 1.570939 2.759892 0.523646 -0.682056 
280.000000 161 2.000000 4.550849 9.904922 -0.021186 0.429715 
280.000000 162 2.000000 3.879761 15.673942 -0.345422 -0.459082 
280.000000 163 2.000000 6.270048 6.754638 0.319086 1.039175 
280.000000 164 2.000000 5.395787 13.617635 1.172997 1.215860 
280.000000 165 2.000000 5.583304 16.796765 -0.018845 1.122800 
280.000000 166 2.000000 4.027102 11.413206 0.485193 -0.572453 
280.000000 167 2.000000 5.494537 6.565361 0.879126 -0.112454 
280.000000 168 2.000000 7.890118 4.613417 1.421643 -1.379963 
280.000000 169 2.000000 8.854904 8.391207 1.670736 0.762837 
280.000000 170 2.000000 0.620312 17.917821 -0.754960 -0.238352 
280.000000 171 2.000000 7.057985 10.374513 0.311525 -1.336873 
280.000000 172 2.000000 5.345694 2.559077 -1.422243 -1.066723 
280.000000 173 2.000000 4.422527 1.433588 0.617820 1.575564 
280.000000 174 2.000000 3.600989 17.668278 1.074922 0.845477 
280.000000 175 2.000000 8.660207 3.890792 -0.158654 0.960689 
280.000000 176 2.000000 8.703370 1.065685 -1.679572 -0.302760 
280.000000 177 2.000000 1.870187 17.102291 1.335847 -1.053712 
280.000000 178 2.000000 3.938925 13.522028 -0.633592 1.545757 
280.000000 179 2.000000 1.226332 15.021919 0.791181 -1.659360 
280.000000 180 2.000000 4.754729 1.102854 0.166486 -2.324849 
280.000000 181 2.000000 2.903054 14.041350 0.763961 -1.103453 
280.000000 182 2.000000 6.879731 13.666759 0.153531 -0.847903 
280.000000 183 2.000000 0.517772 13.110522 -1.274675 -1.219376 
280.000000 184 2.000000 3.483901 6.644730 -0.499738 1.725904 
280.000000 185 2.000000 6.098075 4.921007 -1.342770 -1.225905 
280.000000 186 2.000000 8.333407 14.375992 1.736126 0.371088 
280.000000 187 2.000000 6.035982 11.315766 1.270733 1.047756 
280.000000 188 2.000000 4.102217 3.408424 -1.761863 2.272282 
280.000000 189 2.000000 7.780237 14.340911 0.500959 0.802323 
280.000000 190 2.000000 8.780663 5.962718 -0.719572 -0.795307 
280.000000 191 2.000000 0.854147 9.943105 -1.791784 0.008615 
280.000000 192 2.000000 3.694068 8.408688 0.112732 1.113733 
280.000000 193 2.000000 0.330219 6.391938 1.100725 1.682089 
280.000000 194 2.000000 0.287763 15.291976 0.287762 0.189470 
280.000000 195 2.000000 6.937154 3.189513 2.522601 0.559563 
280.000000 196 2.000000 5.034518 15.733385 -1.479827 -0.926931 
280.000000 197 2.000000 2.690996 2.056115 -0.423952 0.240481 
280.000000 198 2.000000 3.501142 6.863174 0.425162 0.636973 
280.000000 199 2.000000 1.771768 9.487485 -1.137139 -1.747274 
280.000000 200 2.000000 1.107019 4.266138 -2.501576 0.568818 
280.000000 201 2.000000 0.192660 12.524099 -0.523756 -0.577035 
280.000000 202 2.000000 2.017672 18.845243 0.402564 0.546757 
280.000000 203 2.000000 7.238071 17.691909 0.821133 2.039612 
280.000000 204 2.000000 0.403743 18.295597 0.807483 0.424438 
280.000000 205 2.000000 6.784131 0.537995 1.194739 -0.644377 
280.000000 206 2.000000 1.135459 3.442004 1.513943 -1.197300 
280.000000 207 2.000000 8.813883 16.193436 -0.550138 0.528681 
280.000000 208 2.000000 9.293753 16.889954 -0.302983 -1.777169 
280.000000 209 2.000000 0.252952 1.987977 -1.664258 0.278808 
280.000000 210 2.000000 2.961402 2.555085 -2.170866 1.087270 
280.000000 211 2.000000 4.430555 5.675241 0.354511 -0.291127 
280.000000 212 2.000000 0.735508 13.045100 -1.016480 1.567887 
280.000000 213 2.000000 8.895782 19.784838 0.262163 -0.358602 
280.000000 214 2.000000 0.091255 2.627832 -1.418801 -0.442506 
280.000000 215 2.000000 1.761475 8.650749 -2.209007 -0.691717 
280.000000 216 2.000000 7.420833 0.941002 1.484166 1.107059 
280.000000 217 2.000000 2.525802 1.403766 -2.140830 1.403765 
280.000000 218 2.000000 7.769324 16.283848 -0.335322 0.779131 
280.000000 219 2.000000 3.969538 9.262782 0.625124 -0.011037 
280.000000 220 2.000000 3.628412 9.404790 -1.195896 0.135647 
280.000000 221 2.000000 7.590500 5.693241 0.220789 0.634376 
280.000000 222 2.000000 5.642958 9.334438 0.079814 -2.176645 
280.000000 223 2.000000 4.830252 1.701829 0.432025 -0.162703 
280.000000 224 2.000000 7.047338 17.824016 -0.894541 0.191352 
280.000000 225 2.000000 5.029356 6.021940 -0.870816 0.605220 
280.000000 226 2.000000 5.482647 18.559322 0.977973 0.167936 
280.000000 227 2.000000 4.586183 14.460283 1.030603 -0.351143 
280.000000 228 2.000000 4.072295 9.170511 -0.064685 0.689512 
280.000000 229 2.000000 7.553527 1.318020 -2.045191 0.329505 
280.000000 230 2.000000 7.788012 12.818350 0.529797 -0.100470 
280.000000 231 2.000000 8.314330 13.547794 -1.432226 1.445590 
280.000000 232 2.000000 2.739244 11.173671 1.336216 1.960293 
280.000000 233 2.000000 5.911604 9.272628 -0.763978 0.220785 
280.000000 234 2.000000 5.447834 17.227545 0.463370 0.209460 
280.000000 235 2.000000 6.043594 18.036922 0.138782 1.501191 
280.000000 236 2.000000 3.225750 17.897798 0.411243 0.110051 
280.000000 237 2.000000 0.621134 12.886192 0.016216 -1.111532 
280.000000 238 2.000000 6.842967 3.138278 1.060925 0.667718 
280.000000 239 2.000000 3.096992 11.156047 0.661333 0.254619 
280.000000 240 2.000000 1.768864 11.623456 1.195448 -0.864496 
280.000000 241 2.000000 0.960541 10.515301 1.706022 0.292411 
280.000000 242 2.000000 1.479639 12.298943 -0.616434 -1.216786 
280.000000 243 2.000000 7.892646 13.930992 -0.901149 -0.836584 
280.000000 244 2.000000 6.909900 1.425383 1.306180 0.203744 
280.000000 245 2.000000 6.547181 6.620546 -1.913212 -1.198384 
280.000000 246 2.000000 7.660578 17.257563 -2.303895 0.022804 
280.000000 247 2.000000 2.267627 16.673575 1.360613 0.864318 
280.000000 248 2.000000 2.743046 5.672440 -0.605677 -0.302429 
280.000000 249 2.000000 6.715796 4.419522 0.458129 -1.202338 
280.000000 250 2.000000 4.017077 13.051356 1.746555 -0.530104 
280.000000 251 2.000000 4.265577 15.100105 0.034740 0.300781 
280.000000 252 2.000000 5.794567 11.326752 1.704284 -1.445541 
280.000000 253 2.000000 3.531163 18.554545 -1.752364 0.711904 
280.000000 254 2.000000 1.745700 2.966792 1.203930 -1.715663 
280.000000 255 2.000000 9.141135 16.518414 -0.039356 1.034949 
280.000000 256 2.000000 6.676557 10.854900 0.305563 -0.064392 
280.000000 257 2.000000 3.735490 14.722555 -0.890198 -0.339574 
280.000000 258 2.000000 8.012529 7.989852 0.940578 0.382279 
280.000000 259 2.000000 5.285092 9.975863 -1.547225 -0.829067 
280.000000 260 2.000000 1.468762 11.214220 -1.634578 0.521538 
280.000000 261 2.000000 0.067172 17.527259 -1.048090 -2.909106 
280.000000 262 2.000000 8.509991 17.858209 1.181943 -1.477096 
280.000000 263 2.000000 1.265547 0.577740 -0.847445 -1.088082 
280.000000 264 2.000000 8.816864 2.804071 0.360879 0.418518 
280.000000 265 2.000000 5.215372 13.596193 -0.540379 -1.455410 
280.000000 266 2.000000 5.874901 5.908906 -0.346416 1.114888 
280.000000 267 2.000000 7.499601 18.474773 1.003288 -0.829037 
280.000000 268 2.000000 2.662959 13.917533 1.183537 0.895018 
280.000000 269 2.000000 2.797668 0.348837 0.239521 -0.442713 
280.000000 270 2.000000 4.948449 10.340448 0.353026 -0.966673 
280.000000 271 2.000000 7.520855 4.336355 -1.224545 -0.271338 
280.000000 272 2.000000 7.675052 14.096281 0.089797 0.774521 
280.000000 273 2.000000 1.544330 11.671638 0.857961 -0.724205 
280.000000 274 2.000000 0.617390 8.129424 0.561263 -0.794018 
280.000000 275 2.000000 0.148692 11.427865 -0.006922 0.421713 
280.000000 276 2.000000 0.902299 1.298358 -0.423087 -0.237643 
280.000000 277 2.000000 8.842371 8.945117 1.329680 -0.048345 
280.000000 278 2.000000 7.827730 16.308589 -1.570269 1.547006 
280.000000 279 2.000000 4.210843 6.518488 0.868215 0.297298 
280.000000 280 2.000000 4.198176 17.935225 -0.149634 1.891547 
280.000000 281 2.000000 7.600965 9.001467 0.284666 0.584511 
280.000000 282 2.000000 4.371398 6.808724 -0.876420 1.107109 
280.000000 283 2.000000 4.422556 18.654023 -3.223447 0.380443 
280.000000 284 2.000000 5.992706 13.619440 -1.384917 0.724941 
280.000000 285 2.000000 2.836260 19.755823 -0.282831 1.531551 
280.000000 286 2.000000 3.547243 2.178139 -0.279074 -1.295044 
280.000000 287 2.000000 2.776806 1.999322 0.178230 -0.434500 
280.000000 288 2.000000 9.083520 13.458989 -0.540689 0.514996 
280.000000 289 2.000000 9.274988 17.878765 -1.738217 -1.631718 
280.000000 290 2.000000 6.104905 13.839717 0.040841 -2.078545 
280.000000 291 2.000000 0.142980 17.793404 1.429790 -1.521790 
280.000000 292 2.000000 0.739385 9.897382 -0.803514 -0.533766 
280.000000 293 2.000000 8.112324 19.072186 -0.098811 -0.148450 
280.000000 294 2.000000 3.231560 19.526346 -0.647795 1.021466 
280.000000 295 2.000000 0.051957 11.920179 -0.656475 1.331863 
280.000000 296 2.000000 5.451706 3.000211 -2.209274 -1.114740 
280.000000 297 2.000000 0.095592 13.081999 0.477956 0.659043 
280.000000 298 2.000000 1.169605 2.614012 1.231162 -0.300302 
280.000000 299 2.000000 1.301111 0.023543 0.727757 0.470845 
280.000000 300 2.000000 5.794698 5.290559 -0.839191 0.351532 
280.000000 301 2.000000 7.811174 5.747713 -0.013140 1.336677 
280.000000 302 2.000000 4.281397 8.655808 -1.154176 0.000812 
280.000000 303 2.000000 3.395899 11.880595 -0.215049 0.903467 
280.000000 304 2.000000 2.893136 7.218153 1.345644 0.518695 
280.000000 305 2.000000 8.171514 12.460914 -0.193873 -1.392119 
280.000000 306 2.000000 7.696616 14.539363 -1.317525 0.563256 
280.000000 307 2.000000 8.359088 18.134658 0.456781 -0.438904 
280.000000 308 2.000000 1.836575 14.190981 -0.639874 1.002896 
280.000000 309 2.000000 4.286251 3.484618 0.158457 -0.699804 
280.000000 310 2.000000 7.942855 18.378560 -1.218953 0.132089 
280.000000 311 2.000000 8.635216 14.250084 0.205153 -1.210509 
280.000000 312 2.000000 5.446445 9.241581 -0.321591 1.301631 
280.000000 313 2.000000 0.987477 9.072503 -0.363912 -0.317285 
280.000000 314 2.000000 5.371271 18.614653 0.576430 0.346047 
280.000000 315 2.000000 4.903814 9.871000 -0.070612 -0.225122 
280.000000 316 2.000000 3.271827 3.361736 0.527237 1.563598 
280.000000 317 2.000000 9.300994 12.496810 0.667052 1.110690 
280.000000 318 2.000000 3.556240 3.451919 0.287237 0.511395 
280.000000 319 2.000000 8.998824 7.567668 2.499673 -2.390833 
280.000000 320 2.000000 4.886962 19.543672 0.654176 -1.303792 
280.000000 321 2.000000 3.903537 16.505286 0.551995 -0.362552 
280.000000 322 2.000000 3.089941 7.974841 -0.005848 -0.052337 
280.000000 323 2.000000 1.493107 18.843350 -1.580528 -0.746225 
280.000000 324 2.000000 7.137416 7.774042 0.461969 -0.131626 
280.000000 325 2.000000 4.701000 2.168153 1.958750 -0.450207 
280.000000 326 2.000000 8.726840 7.338377 -0.671159 1.233340 
280.000000 327 2.000000 8.261541 15.462438 -0.561075 -0.113699 
280.000000 328 2.000000 9.167082 11.262207 -0.466705 -1.284969 
280.000000 329 2.000000 1.495085 18.335941 1.245904 0.960592 
280.000000 330 2.000000 8.430441 14.157929 0.562029 1.994074 
280.000000 331 2.000000 1.354062 18.830824 -0.368142 0.266396 
280.000000 332 2.000000 8.193389 12.889920 0.521872 -0.580415 
280.000000 333 2.000000 9.047609 7.758052 -0.518600 -1.883376 
280.000000 334 2.000000 6.461962 14.553120 -1.451676 0.068928 
280.000000 335 2.000000 3.561246 0.562026 -0.172621 -0.938566 
280.000000 336 2.000000 0.035976 9.782805 -1.256827 -0.105080 
280.000000 337 2.000000 2.360039 16.835611 -0.331541 -0.314864 
280.000000 338 2.000000 3.681969 19.284069 0.072119 -0.447456 
280.000000 339 2.000000 5.669552 7.925214 -0.886379 0.847616 
280.000000 340 2.000000 7.273938 19.192863 0.677579 0.170669 
280.000000 341 2.000000 0.078739 2.827261 1.574765 0.974917 
280.000000 342 2.000000 0.040964 17.310046 -1.129394 0.404852 
280.000000 343 2.000000 0.690732 15.707457 -0.543398 -0.172116 
280.000000 344 2.000000 2.419382 18.830078 -0.859375 -1.169921 
280.000000 345 2.000000 1.395784 7.960414 -2.526817 0.587484 
280.000000 346 2.000000 0.167015 10.556458 -0.096863 1.319557 
280.000000 347 2.000000 6.929128 11.719941 -2.063726 -1.427596 
280.000000 348 2.000000 0.227628 8.926555 0.569067 1.566062 
280.000000 349 2.000000 9.219752 16.869114 0.738722 1.678821 
280.000000 350 2.000000 6.001491 7.977092 0.594207 0.514651 
280.000000 351 2.000000 3.274087 0.975327 -0.747772 -1.498426 
280.000000 352 2.000000 6.489567 7.922760 0.756773 -0.786274 
280.000000 353 2.000000 3.459685 15.438744 -0.211350 0.683566 
280.000000 354 2.000000 7.214727 5.988757 -0.896109 -0.038279 
280.000000 355 2.000000 2.158765 12.990926 0.290940 0.302411 
280.000000 356 2.000000 1.023986 2.648988 -0.235952 -0.269627 
280.000000 357 2.000000 5.642646 14.423787 -1.467751 0.936609 
280.000000 358 2.000000 8.775302 1.462984 0.010645 0.022137 
280.000000 359 2.000000 4.724164 3.267150 1.061610 -1.377189 
280.000000 360 2.000000 0.598535 16.520750 0.386151 0.140669 
280.000000 361 2.000000 4.563030 7.382349 1.086435 0.433429 
280.000000 362 2.000000 7.941045 5.898144 1.868481 0.487450 
280.000000 363 2.000000 2.842900 0.497941 -1.571435 -1.203831 
280.000000 364 2.000000 0.083301 19.561163 -1.430275 -2.194181 
280.000000 365 2.000000 4.425116 18.360474 -0.161486 -1.490478 
280.000000 366 2.000000 5.632757 0.024437 -0.754777 -0.077576 
280.000000 367 2.000000 9.099931 5.582165 -0.781052 0.979327 
280.000000 368 2.000000 5.173522 19.430725 0.612251 0.763581 
280.000000 369 2.000000 9.179139 3.429816 1.079899 0.230189 
280.000000 370 2.000000 5.983361 2.660679 -0.257085 2.217231 
280.000000 371 2.000000 7.961775 18.932807 -0.437492 -2.371539 
280.000000 372 2.000000 6.192285 2.164057 1.105765 -0.737022 
280.000000 373 2.000000 2.714967 1.904787 1.024516 -1.218035 
280.000000 374 2.000000 5.191410 10.158488 2.414609 -1.014589 
280.000000 375 2.000000 5.356027 7.125601 1.575302 -0.500776 
280.000000 376 2.000000 3.671981 0.133559 0.193233 0.121416 
280.000000 377 2.000000 8.513143 3.314216 -0.325070 -0.109671 
280.000000 378 2.000000 4.358935 7.380800 0.593052 0.002584 
280.000000 379 2.000000 3.251000 3.295811 0.764941 0.775485 
280.000000 380 2.000000 1.082383 5.583173 1.352977 0.020985 
280.000000 381 2.000000 4.535589 14.192936 -1.214685 0.386598 
280.000000 382 2.000000 0.468687 6.512387 -1.218581 -0.878986 
280.000000 383 2.000000 8.892998 0.053854 1.654270 -0.162225 
280.000000 384 2.000000 0.483518 8.179216 0.312468 0.508271 
280.000000 385 2.000000 8.215172 12.494998 0.034873 -1.088120 
280.000000 386 2.000000 4.654114 0.462479 2.270299 0.840870 
280.000000 387 2.000000 9.011401 8.188766 -2.361986 -0.594743 
280.000000 388 2.000000 4.258874 5.780256 -2.410616 0.708708 
280.000000 389 2.000000 9.156967 14.965825 1.868769 0.287268 
280.000000 390 2.000000 1.299387 2.703596 1.181260 0.858284 
280.000000 391 2.000000 8.627861 3.514324 0.915398 -1.587565 
280.000000 392 2.000000 2.815077 1.693473 -0.325058 0.564491 
280.000000 393 2.000000 9.360000 2.436987 -0.006359 -0.692838 
280.000000 394 2.000000 7.984353 13.726303 0.755781 -1.872745 
280.000000 395 2.000000 2.910070 9.232171 1.940046 0.272335 
280.000000 396 2.000000 2.823890 14.889368 0.423587 -0.315061 
280.000000 397 2.000000 2.129326 3.083920 -1.513648 1.027973 
280.000000 398 2.000000 8.440232 9.224357 -0.252828 -1.898520 
280.000000 399 2.000000 4.716218 7.387267 1.407826 -0.366346 
280.000000 400 2.000000 1.404331 3.575098 0.906019 -0.677877 
280.000000 401 2.000000 0.736732 15.562739 0.052436 0.593297 
280.000000 402 2.000000 8.777686 4.440195 1.475241 -0.298872 
280.000000 403 2.000000 2.861718 19.097967 -1.178049 -1.640059 
280.000000 404 2.000000 4.760641 13.563593 -0.579101 -0.341132 
280.000000 405 2.000000 2.022498 6.302212 -2.525289 0.359100 
280.000000 406 2.000000 9.232383 10.474170 1.985459 -0.577323 
280.000000 407 2.000000 2.621607 16.802041 -1.035053 -0.181775 
280.000000 408 2.000000 0.731399 0.335418 -0.674797 -0.871885 
280.000000 409 2.000000 1.205462 19.331884 0.688835 -0.742350 
280.000000 410 2.000000 5.066487 11.622590 0.099843 0.557296 
280.000000 411 2.000000 6.793934 17.693965 -1.425062 -0.904327 
280.000000 412 2.000000 0.715980 14.759619 2.386598 -1.361138 
280.000000 413 2.000000 1.487195 13.555196 -0.775066 1.315663 
280.000000 414 2.000000 0.815994 17.591645 -1.450232 0.537149 
280.000000 415 2.000000 6.605436 5.274616 -0.836424 0.799184 
280.000000 416 2.000000 9.239988 14.829032 1.711109 -1.044640 
280.000000 417 2.000000 9.265084 3.057930 0.457329 -0.355258 
280.000000 418 2.000000 5.098571 15.300979 -1.153394 -0.389746 
280.000000 419 2.000000 1.007841 0.759992 1.007840 2.533302 
280.000000 420 2.000000 0.306967 2.996701 -0.435247 1.872937 
280.000000 421 2.000000 0.845806 4.797707 -0.534140 1.054441 
280.000000 422 2.000000 6.137020 11.140788 0.958909 0.618933 
280.000000 423 2.000000 4.185553 14.333770 1.636214 0.477504 
280.000000 424 2.000000 1.489480 16.207985 -0.900603 -0.077334 
280.000000 425 2.000000 2.188553 8.696382 -1.158538 2.415661 
280.000000 426 2.000000 1.397744 13.210093 -0.051530 -0.037398 
280.000000 427 2.000000 7.090759 8.584094 0.581210 -0.661792 
280.000000 428 2.000000 5.958432 19.119418 -3.130333 -0.880581 
280.000000 429 2.000000 3.503689 8.210936 0.620122 1.164672 
280.000000 430 2.000000 8.720630 17.466584 1.851938 1.324831 
280.000000 431 2.000000 7.646384 15.266446 1.911596 1.197368 
280.000000 432 2.000000 3.476298 7.683664 -0.158535 -0.515854 
280.000000 433 2.000000 8.664775 3.591539 -0.855910 0.259307 
280.000000 434 2.000000 3.907434 2.140530 -1.768973 -0.604405 
280.000000 435 2.000000 4.571849 11.789924 0.653795 0.957814 
280.000000 436 2.000000 1.458874 19.728314 0.767828 0.315916 
280.000000 437 2.000000 0.120789 15.561160 2.415753 1.130069 
280.000000 438 2.000000 2.044394 15.250542 -0.452992 1.125501 
280.000000 439 2.000000 5.748708 10.609529 -1.757663 0.126702 
280.000000 440 2.000000 0.978207 10.337379 1.630344 0.922980 
280.000000 441 2.000000 1.819731 18.451660 -0.398954 0.630678 
280.000000 442 2.000000 0.979235 13.624336 1.970298 -1.462978 
280.000000 443 2.000000 6.303696 10.188860 0.087459 1.023189 
280.000000 444 2.000000 3.944371 8.198835 0.204685 0.954844 
280.000000 445 2.000000 5.179411 13.169405 -0.169117 0.357826 
280.000000 446 2.000000 8.726721 8.898103 -0.783033 -0.134791 
280.000000 447 2.000000 7.185124 12.413934 -0.198507 -1.167087 
280.000000 448 2.000000 5.355928 12.850874 1.467377 -2.423432 
280.000000 449 2.000000 7.822561 12.546200 -1.319198 1.491272 
280.000000 450 2.000000 7.047992 0.583457 0.715532 -1.128104 
280.000000 451 2.000000 5.647096 18.062821 0.773575 -0.387436 
280.000000 452 2.000000 7.972829 8.161432 0.122939 1.515862 
280.000000 453 2.000000 4.283379 1.308755 -1.043271 0.233706 
280.000000 454 2.000000 6.224009 7.201658 -0.245317 -0.808779 
280.000000 455 2.000000 3.432056 19.586940 0.827001 -0.172108 
280.000000 456 2.000000 1.907511 19.627937 -1.658106 -0.572402 
280.000000 457 2.000000 4.051684 4.650159 0.010592 1.256799 
280.000000 458 2.000000 4.854284 2.077875 -0.864737 0.513055 
280.000000 459 2.000000 3.084254 19.212858 -1.075313 -1.210987 
280.000000 460 2.000000 8.315417 14.336848 0.039967 -0.706051 
280.000000 461 2.000000 8.412534 16.258998 -0.459095 -0.705849 
280.000000 462 2.000000 5.954726 18.415627 1.123533 -0.145355 
280.000000 463 2.000000 3.689079 8.261553 -1.473676 0.097801 
280.000000 464 2.000000 9.272103 16.841160 1.139923 -0.229744 
280.000000 465 2.000000 0.066519 12.754834 1.330366 -0.458555 
280.000000 466 2.000000 6.161682 13.498268 0.248622 0.081759 
280.000000 467 2.000000 3.594892 12.417607 -0.319490 -0.747034 
280.000000 468 2.000000 7.848757 12.304325 -0.775191 0.388149 
280.000000 469 2.000000 4.340293 9.798615 -0.612931 0.019542 
280.000000 470 2.000000 2.631035 5.501144 0.442191 -0.302247 
280.000000 471 2.000000 1.500084 5.754483 -1.692719 0.584211 
280.000000 472 2.000000 4.946538 5.249163 0.341141 -0.287063 
280.000000 473 2.000000 3.494928 7.996344 -1.929958 0.328392 
280.000000 474 2.000000 8.057704 15.217973 -0.116633 1.212415 
280.000000 475 2.000000 8.334387 13.022975 0.757671 0.065777 
280.000000 476 2.000000 6.889847 2.986127 2.401410 0.951032 
280.000000 477 2.000000 0.231506 14.864019 -0.157647 2.072261 
280.000000 478 2.000000 1.830529 17.417829 1.525440 0.060757 
280.000000 479 2.000000 0.724536 18.817440 -1.747993 -0.045711 
280.000000 480 2.000000 5.457146 3.800244 0.887341 -1.466041 
280.000000 481 2.000000 7.552173 13.474588 -1.681478 1.870255 
280.000000 482 2.000000 0.710861 1.363004 0.346761 -0.804721 
280.000000 483 2.000000 6.090504 10.337060 0.534255 1.082415 
280.000000 484 2.000000 1.050095 1.472890 -1.806065 -0.967362 
280.000000 485 2.000000 2.031696 19.053929 -2.609334 -1.576783 
280.000000 486 2.000000 6.944426 13.594899 2.204579 -0.195875 
280.000000 487 2.000000 5.096448 7.795098 0.391541 -0.723148 
280.000000 488 2.000000 3.899461 3.476350 -0.584054 -1.225430 
280.000000 489 2.000000 8.286436 7.027630 0.357945 1.693404 
280.000000 490 2.000000 0.628757 18.759140 0.006942 -1.772656 
280.000000 491 2.000000 3.009110 15.171015 -0.127077 -0.454857 
280.000000 492 2.000000 2.487141 3.178274 -0.049619 -1.361026 
280.000000 493 2.000000 7.694415 19.337252 0.245156 0.914339 
280.000000 494 2.000000 5.947623 4.757992 1.351732 0.346036 
280.000000 495 2.000000 7.405375 2.901979 -0.079607 -0.153009 
280.000000 496 2.000000 8.385732 4.701374 0.992394 -0.933612 
280.000000 497 2.000000 3.779649 6.771103 -0.392500 0.797463 
280.000000 498 2.000000 4.505813 6.964607 0.776864 0.934846 
280.000000 499 2.000000 1.022889 7.513812 -1.773533 -0.715809 
280.000000 500 2.000000 0.377465 5.191227 -0.462794 -0.443788 
