567.000000 1 2.000000 0.783638 5.654606 2.182183 0.286339 4.843914 4.843914 
567.000000 2 2.000000 0.406978 1.025555 -0.118645 4.102218 16.842269 16.842269 
567.000000 3 2.000000 0.878827 16.506600 1.597865 -2.054941 6.775954 6.775954 
567.000000 4 2.000000 0.962016 15.734872 1.924031 -1.586708 6.219535 6.219535 
567.000000 5 2.000000 0.952947 2.997366 2.722704 -0.225349 7.463900 7.463900 
567.000000 6 2.000000 0.152960 17.211367 0.611837 -2.145102 4.975805 4.975805 
567.000000 7 2.000000 0.254660 4.496877 1.018634 -3.078991 10.517798 10.517798 
567.000000 8 2.000000 0.228593 9.345258 -5.142704 -4.733453 48.852987 48.852987 
567.000000 9 2.000000 0.302266 3.829496 -0.118726 6.962719 48.493549 48.493549 
567.000000 10 2.000000 0.044865 15.196311 0.897283 -0.235790 0.860714 0.860714 
567.000000 11 2.000000 0.626997 15.802936 -7.460031 3.814689 70.203907 70.203907 
567.000000 12 2.000000 0.351013 8.004221 -3.244931 -2.997960 19.517344 19.517344 
567.000000 13 2.000000 0.722229 3.671440 2.888911 -5.535105 38.983189 38.983189 
567.000000 14 2.000000 0.562206 14.193492 0.828481 2.432523 6.603551 6.603551 
567.000000 15 2.000000 0.716819 18.544346 -0.377574 1.200241 1.583141 1.583141 
567.000000 16 2.000000 0.454194 6.017045 -1.123414 4.060792 17.752090 17.752090 
567.000000 17 2.000000 0.457874 1.613779 0.166284 1.344815 1.836178 1.836178 
567.000000 18 2.000000 0.113773 19.999999 2.275448 -7.249294 57.729932 57.729932 
567.000000 19 2.000000 0.999999 1.103394 -4.234810 1.225992 19.436677 19.436677 
567.000000 20 2.000000 0.500029 2.736013 5.000281 -0.683124 25.469472 25.469472 
567.000000 21 2.000000 0.903699 1.520756 3.614791 -3.455317 25.005933 25.005933 
567.000000 22 2.000000 0.742236 2.477202 1.649412 1.082167 3.891645 3.891645 
567.000000 23 2.000000 0.000001 10.320256 1.625655 3.127535 12.424232 12.424232 
567.000000 24 2.000000 0.000001 19.510685 5.042451 -3.262094 36.067568 36.067568 
567.000000 25 2.000000 0.163209 18.505091 3.264152 -0.957491 11.571479 11.571479 
567.000000 26 2.000000 0.737923 10.453069 -1.747175 1.016413 4.085716 4.085716 
567.000000 27 2.000000 0.271060 16.692157 -3.558058 -1.337153 14.447754 14.447754 
567.000000 28 2.000000 0.190549 15.876163 1.905483 0.917262 4.472235 4.472235 
567.000000 29 2.000000 0.000001 14.417132 5.278536 3.635706 41.081300 41.081300 
567.000000 30 2.000000 0.785765 1.434066 -4.284680 -1.408701 20.342924 20.342924 
567.000000 31 2.000000 0.170600 8.907673 -2.073497 -7.561946 61.482412 61.482412 
567.000000 32 2.000000 0.499244 15.856783 -5.007548 -4.361280 44.096302 44.096302 
567.000000 33 2.000000 0.386392 19.332347 3.863908 -0.580567 15.266847 15.266847 
567.000000 34 2.000000 0.577625 5.465285 -1.407914 -0.303107 2.074095 2.074095 
567.000000 35 2.000000 0.673140 19.033970 2.400637 0.877888 6.533746 6.533746 
567.000000 36 2.000000 0.092545 15.641150 1.850874 -1.662909 6.191002 6.191002 
567.000000 37 2.000000 0.836679 8.774645 5.577850 4.357897 50.103683 50.103683 
567.000000 38 2.000000 0.171752 15.795826 -8.282466 -2.055496 72.824316 72.824316 
567.000000 39 2.000000 0.281992 3.217446 5.639830 4.293652 50.243122 50.243122 
567.000000 40 2.000000 0.000001 9.400198 8.954010 -0.148182 80.196250 80.196250 
567.000000 41 2.000000 0.000001 10.257964 8.832319 -1.510127 80.290337 80.290337 
567.000000 42 2.000000 0.415189 18.769584 1.660751 -0.024215 2.758681 2.758681 
567.000000 43 2.000000 0.627119 4.598701 4.180789 1.171502 18.851411 18.851411 
567.000000 44 2.000000 0.490416 19.036906 2.452073 0.702923 6.506765 6.506765 
567.000000 45 2.000000 0.914790 17.117241 0.953289 -2.464106 6.980579 6.980579 
567.000000 46 2.000000 0.000001 10.554927 11.670863 -1.245944 137.761431 137.761431 
567.000000 47 2.000000 0.228769 4.258682 4.575351 8.517362 93.479293 93.479293 
567.000000 48 2.000000 0.627345 11.792023 -1.863271 1.706488 6.383880 6.383880 
567.000000 49 2.000000 0.934373 7.789349 -1.312523 0.450628 1.925783 1.925783 
567.000000 50 2.000000 0.403253 15.113109 -2.983728 -3.370269 20.261350 20.261350 
567.000000 51 2.000000 0.877562 12.281352 4.387805 -2.667863 26.370324 26.370324 
567.000000 52 2.000000 0.754125 16.864369 -0.702497 7.176327 51.993169 51.993169 
567.000000 53 2.000000 0.458131 10.437125 -2.709340 -3.186032 17.491323 17.491323 
567.000000 54 2.000000 0.881312 5.708761 -2.373732 -6.213582 44.243197 44.243197 
567.000000 55 2.000000 0.999999 19.014686 -4.003148 -3.304500 26.944912 26.944912 
567.000000 56 2.000000 0.819134 14.284237 -0.516758 0.073034 0.272373 0.272373 
567.000000 57 2.000000 0.637080 11.025356 4.247191 0.341012 18.154917 18.154917 
567.000000 58 2.000000 0.095047 15.896094 -2.262379 5.780398 38.531356 38.531356 
567.000000 59 2.000000 0.615508 7.550440 -1.922453 0.685006 4.165060 4.165060 
567.000000 60 2.000000 0.810192 7.509431 1.256928 -4.748917 24.132084 24.132084 
567.000000 61 2.000000 0.857059 15.937972 -2.858793 -6.721399 53.349898 53.349898 
567.000000 62 2.000000 0.114029 9.451907 -1.306402 0.161702 1.732833 1.732833 
567.000000 63 2.000000 0.891975 4.484504 8.919744 -6.528448 122.182472 122.182472 
567.000000 64 2.000000 0.921818 4.755140 4.609083 -2.912857 29.728386 29.728386 
567.000000 65 2.000000 0.000001 4.366038 0.807505 3.358490 11.931519 11.931519 
567.000000 66 2.000000 0.872141 5.504962 8.721403 1.239670 77.599660 77.599660 
567.000000 67 2.000000 0.000001 12.649530 3.341286 -3.294560 22.018319 22.018319 
567.000000 68 2.000000 0.582241 13.602464 -4.177579 1.430536 19.498595 19.498595 
567.000000 69 2.000000 0.323180 15.880681 6.463589 2.847077 49.883829 49.883829 
567.000000 70 2.000000 0.999999 10.298659 -4.701310 2.311555 27.445601 27.445601 
567.000000 71 2.000000 0.060202 14.059268 -6.265312 4.355313 58.222888 58.222888 
567.000000 72 2.000000 0.927942 3.675325 -0.102938 -2.326916 5.425136 5.425136 
567.000000 73 2.000000 0.707761 6.088724 -5.844768 1.977920 38.073475 38.073475 
567.000000 74 2.000000 0.691890 17.953740 0.294421 -0.410415 0.255124 0.255124 
567.000000 75 2.000000 0.999999 4.784506 -1.925215 3.565130 16.416607 16.416607 
567.000000 76 2.000000 0.744807 14.242274 2.128017 0.988534 5.505654 5.505654 
567.000000 77 2.000000 0.733609 16.857875 -2.663901 0.384864 7.244491 7.244491 
567.000000 78 2.000000 0.570643 16.911807 1.426604 -6.143118 39.773098 39.773098 
567.000000 79 2.000000 0.491456 11.276404 1.228638 -0.206719 1.552283 1.552283 
567.000000 80 2.000000 0.492405 18.944461 -1.095677 -0.974566 2.150287 2.150287 
567.000000 81 2.000000 0.048881 7.811165 -6.340784 -4.259654 58.350192 58.350192 
567.000000 82 2.000000 0.234426 9.835202 4.688505 2.220884 26.914408 26.914408 
567.000000 83 2.000000 0.594690 12.142798 1.699112 9.300130 89.379404 89.379404 
567.000000 84 2.000000 0.054403 17.731757 1.088049 7.802359 62.060653 62.060653 
567.000000 85 2.000000 0.000001 8.407043 1.757242 0.973410 4.035426 4.035426 
567.000000 86 2.000000 0.524704 6.985962 -0.371246 3.948037 15.724821 15.724821 
567.000000 87 2.000000 0.267749 18.318797 2.677484 -1.159450 8.513244 8.513244 
567.000000 88 2.000000 0.000001 1.448898 1.979807 3.219770 14.286554 14.286554 
567.000000 89 2.000000 0.574149 17.218959 -2.838999 1.306792 9.767620 9.767620 
567.000000 90 2.000000 0.674492 12.938333 0.758241 -4.003612 16.603837 16.603837 
567.000000 91 2.000000 0.898185 5.694761 5.598595 -6.015792 67.534018 67.534018 
567.000000 92 2.000000 0.363748 9.590683 -2.545003 -6.183670 44.714817 44.714817 
567.000000 93 2.000000 0.229122 15.227570 1.527477 4.914742 26.487875 26.487875 
567.000000 94 2.000000 0.667058 7.475997 -0.102911 2.937247 8.638009 8.638009 
567.000000 95 2.000000 0.111038 19.798026 2.220733 1.308151 6.642915 6.642915 
567.000000 96 2.000000 0.045208 17.969158 -1.193488 -0.417109 1.598395 1.598395 
567.000000 97 2.000000 0.315421 11.939897 6.308398 5.307260 67.962904 67.962904 
567.000000 98 2.000000 0.722897 16.747509 1.032709 -1.626245 3.711160 3.711160 
567.000000 99 2.000000 0.859378 9.517458 5.729182 5.768156 66.095141 66.095141 
567.000000 100 2.000000 0.505841 10.744439 1.598291 3.393742 14.072016 14.072016 
567.000000 101 2.000000 0.223858 4.463590 4.477150 4.463589 39.968499 39.968499 
567.000000 102 2.000000 0.344122 8.362316 -1.311754 0.206593 1.763378 1.763378 
567.000000 103 2.000000 0.641557 16.270987 1.166466 3.575688 14.146191 14.146191 
567.000000 104 2.000000 0.036515 1.998331 0.146055 0.102297 0.031797 0.031797 
567.000000 105 2.000000 0.257861 2.462295 -0.241335 3.538905 12.582092 12.582092 
567.000000 106 2.000000 0.254413 4.048720 -0.677805 -0.309908 0.555463 0.555463 
567.000000 107 2.000000 0.084512 12.182320 -4.577433 4.274498 39.224225 39.224225 
567.000000 108 2.000000 0.322196 14.514243 3.221954 2.685923 17.595169 17.595169 
567.000000 109 2.000000 0.000001 18.783984 8.089578 -6.080077 102.408617 102.408617 
567.000000 110 2.000000 0.651969 2.150908 -6.960609 -2.826726 56.440457 56.440457 
567.000000 111 2.000000 0.000001 10.864458 2.574316 0.281001 6.706062 6.706062 
567.000000 112 2.000000 0.148519 7.051072 -0.654985 4.406919 19.849943 19.849943 
567.000000 113 2.000000 0.808997 1.821612 1.348327 -1.719102 4.773299 4.773299 
567.000000 114 2.000000 0.448625 2.262308 -3.675827 -3.700879 27.208206 27.208206 
567.000000 115 2.000000 0.000001 12.539861 7.929415 -6.219219 101.554311 101.554311 
567.000000 116 2.000000 0.832717 4.185900 -3.345646 3.747027 25.233558 25.233558 
567.000000 117 2.000000 0.426914 6.286548 4.269131 -3.047434 27.512327 27.512327 
567.000000 118 2.000000 0.821722 2.736038 2.054302 6.840091 51.007009 51.007009 
567.000000 119 2.000000 0.757171 3.122433 -1.618850 -6.624120 46.499643 46.499643 
567.000000 120 2.000000 0.464382 2.560504 0.050330 2.327730 5.420861 5.420861 
567.000000 121 2.000000 0.239942 2.470559 0.286411 -2.731978 7.545736 7.545736 
567.000000 122 2.000000 0.216520 5.837340 2.165192 4.127447 21.723875 21.723875 
567.000000 123 2.000000 0.303699 18.374265 -3.481501 -0.206216 12.163371 12.163371 
567.000000 124 2.000000 0.840783 15.630671 1.994721 -4.799125 27.010513 27.010513 
567.000000 125 2.000000 0.999999 15.694309 -4.412239 -3.835063 34.175559 34.175559 
567.000000 126 2.000000 0.819653 17.953443 0.491349 1.263707 1.838379 1.838379 
567.000000 127 2.000000 0.686988 16.414891 3.434933 -2.221933 16.735752 16.735752 
567.000000 128 2.000000 0.982182 9.854215 1.789111 -0.242028 3.259496 3.259496 
567.000000 129 2.000000 0.505388 12.588327 5.053872 0.830776 26.231814 26.231814 
567.000000 130 2.000000 0.000001 2.470465 3.739856 -4.824085 37.258322 37.258322 
567.000000 131 2.000000 0.218507 4.057952 2.185059 -3.548151 17.363854 17.363854 
567.000000 132 2.000000 0.660045 1.884663 6.600445 -0.295969 43.653468 43.653468 
567.000000 133 2.000000 0.690357 7.355562 1.725891 1.139208 4.276495 4.276495 
567.000000 134 2.000000 0.311447 16.038869 6.228912 -4.951412 63.315824 63.315824 
567.000000 135 2.000000 0.418061 11.311564 -3.879588 -5.703524 47.581390 47.581390 
567.000000 136 2.000000 0.206665 18.884826 1.377763 -4.460694 21.796018 21.796018 
567.000000 137 2.000000 0.821072 14.330202 -3.578544 -2.163854 17.488242 17.488242 
567.000000 138 2.000000 0.817038 3.047533 -3.659213 -0.221383 13.438849 13.438849 
567.000000 139 2.000000 0.943562 10.189307 0.201472 -0.316930 0.141035 0.141035 
567.000000 140 2.000000 0.726861 5.499079 -0.780396 0.824075 1.288117 1.288117 
567.000000 141 2.000000 0.400434 4.472267 2.669551 -0.954479 8.037533 8.037533 
567.000000 142 2.000000 0.873717 15.172541 -2.525641 1.837111 9.753839 9.753839 
567.000000 143 2.000000 0.696546 17.675444 4.643632 -2.021352 25.649185 25.649185 
567.000000 144 2.000000 0.457826 16.669128 4.578253 -0.680668 21.423714 21.423714 
567.000000 145 2.000000 0.644976 13.325112 -7.100459 -2.461529 56.475638 56.475638 
567.000000 146 2.000000 0.451138 11.549648 3.007579 1.161463 10.394529 10.394529 
567.000000 147 2.000000 0.610734 10.681345 6.107333 3.931100 52.753055 52.753055 
567.000000 148 2.000000 0.432982 16.462631 2.886538 -7.074735 58.383979 58.383979 
567.000000 149 2.000000 0.999999 0.000001 -8.793879 2.884727 85.653952 85.653952 
567.000000 150 2.000000 0.413384 13.191542 0.220051 4.715828 22.287455 22.287455 
567.000000 151 2.000000 0.000001 17.327024 10.363906 2.811891 115.317287 115.317287 
567.000000 152 2.000000 0.515150 18.637362 -3.232325 1.098272 11.654124 11.654124 
567.000000 153 2.000000 0.842682 2.326557 2.407660 1.097865 7.002135 7.002135 
567.000000 154 2.000000 0.448164 17.761549 -1.576670 0.338717 2.600618 2.600618 
567.000000 155 2.000000 0.148226 15.824030 1.482253 -2.723845 9.616404 9.616404 
567.000000 156 2.000000 0.779004 15.581052 -4.419893 0.876558 20.303804 20.303804 
567.000000 157 2.000000 0.357143 2.549754 -3.214282 2.362665 15.913799 15.913799 
567.000000 158 2.000000 0.099534 5.308765 -6.003102 -2.800017 43.877326 43.877326 
567.000000 159 2.000000 0.261843 13.056723 -3.690778 -6.612644 57.348903 57.348903 
567.000000 160 2.000000 0.205773 13.207825 2.057715 -2.767783 11.894813 11.894813 
567.000000 161 2.000000 0.760637 2.233813 -0.957446 2.792265 8.713450 8.713450 
567.000000 162 2.000000 0.999999 5.665213 -6.305127 0.594458 40.108013 40.108013 
567.000000 163 2.000000 0.948098 3.879240 3.160322 -4.575452 30.922393 30.922393 
567.000000 164 2.000000 0.979707 11.158308 2.177124 0.771071 5.334419 5.334419 
567.000000 165 2.000000 0.594166 13.091719 -1.014582 -1.329151 2.796017 2.796017 
567.000000 166 2.000000 0.728507 8.731099 1.040723 -0.932129 1.951971 1.951971 
567.000000 167 2.000000 0.547068 16.096156 -4.529305 -1.146170 21.828311 21.828311 
567.000000 168 2.000000 0.701377 1.955100 -1.194488 6.516997 43.898049 43.898049 
567.000000 169 2.000000 0.000001 11.514139 2.973674 -5.303663 36.971576 36.971576 
567.000000 170 2.000000 0.845106 11.374595 -0.619573 2.585135 7.066793 7.066793 
567.000000 171 2.000000 0.788404 6.720207 3.942014 -5.565705 46.516550 46.516550 
567.000000 172 2.000000 0.627233 13.381979 -3.727662 -0.231716 13.949155 13.949155 
567.000000 173 2.000000 0.624991 7.382464 -3.280702 -2.435891 16.696568 16.696568 
567.000000 174 2.000000 0.568724 8.150821 -2.875164 -3.161436 18.261245 18.261245 
567.000000 175 2.000000 0.430822 10.216210 4.308212 -6.548266 61.440477 61.440477 
567.000000 176 2.000000 0.757268 4.739839 -4.854616 0.783487 24.181151 24.181151 
567.000000 177 2.000000 0.083326 5.048024 -4.718400 -1.627215 24.911126 24.911126 
567.000000 178 2.000000 0.300011 10.820340 -3.499938 -1.612844 14.850834 14.850834 
567.000000 179 2.000000 0.085993 14.405861 -2.031125 -7.458851 59.759931 59.759931 
567.000000 180 2.000000 0.211876 5.577314 1.412502 -0.329120 2.103481 2.103481 
567.000000 181 2.000000 0.826837 17.584948 0.552243 1.373823 2.192360 2.192360 
567.000000 182 2.000000 0.888083 2.737352 -0.746109 2.105654 4.990459 4.990459 
567.000000 183 2.000000 0.793957 14.704272 -2.060416 -6.473293 46.148836 46.148836 
567.000000 184 2.000000 0.433903 15.394613 0.886473 -0.837521 1.487276 1.487276 
567.000000 185 2.000000 0.000001 14.408440 4.130903 1.747523 20.118194 20.118194 
567.000000 186 2.000000 0.118431 7.212418 1.184300 -1.170920 2.773620 2.773620 
567.000000 187 2.000000 0.069252 1.858688 -4.653733 -7.365116 75.902164 75.902164 
567.000000 188 2.000000 0.501201 6.152888 -0.554220 3.076443 9.771663 9.771663 
567.000000 189 2.000000 0.355171 9.501850 -1.432952 -6.070056 38.898930 38.898930 
567.000000 190 2.000000 0.210587 5.511099 -3.157648 -2.635440 16.916284 16.916284 
567.000000 191 2.000000 0.736586 13.364786 1.841462 -0.940050 4.274675 4.274675 
567.000000 192 2.000000 0.999999 14.083003 -7.136994 6.131506 88.532049 88.532049 
567.000000 193 2.000000 0.371999 16.632160 -4.186669 3.292227 28.366953 28.366953 
567.000000 194 2.000000 0.218991 16.638058 2.189901 0.944934 5.688566 5.688566 
567.000000 195 2.000000 0.636895 16.413860 -3.631044 2.426345 19.071635 19.071635 
567.000000 196 2.000000 0.999999 3.841180 -1.909951 -3.788730 18.002389 18.002389 
567.000000 197 2.000000 0.564218 6.150395 5.642169 2.154247 36.474846 36.474846 
567.000000 198 2.000000 0.170308 2.045745 1.703073 -1.161230 4.248914 4.248914 
567.000000 199 2.000000 0.000001 10.554475 9.175993 -2.008039 88.231075 88.231075 
567.000000 200 2.000000 0.512463 18.430314 1.636260 -1.248033 4.234932 4.234932 
567.000000 201 2.000000 0.120445 8.477881 -0.799595 -0.907313 1.462569 1.462569 
567.000000 202 2.000000 0.496689 2.709586 1.560948 -3.280634 13.199121 13.199121 
567.000000 203 2.000000 0.493605 13.703467 -1.446839 -4.197688 19.713927 19.713927 
567.000000 204 2.000000 0.056361 1.725145 -1.451750 -0.592427 2.458548 2.458548 
567.000000 205 2.000000 0.429184 3.741017 -1.630900 4.401196 22.030359 22.030359 
567.000000 206 2.000000 0.075888 13.435526 -3.696444 -4.102795 30.496630 30.496630 
567.000000 207 2.000000 0.737011 11.200816 -5.259764 -1.087308 28.847354 28.847354 
567.000000 208 2.000000 0.467560 17.524427 -2.662195 3.797166 21.505751 21.505751 
567.000000 209 2.000000 0.713866 18.233090 -3.256132 1.430350 12.648296 12.648296 
567.000000 210 2.000000 0.456729 6.195216 -5.432696 3.540123 42.046652 42.046652 
567.000000 211 2.000000 0.999999 14.728389 -5.885493 1.684501 37.476575 37.476575 
567.000000 212 2.000000 0.596442 4.510838 -2.690379 2.505096 13.513641 13.513641 
567.000000 213 2.000000 0.184015 7.805131 -5.439895 -0.538695 29.882651 29.882651 
567.000000 214 2.000000 0.806517 17.954866 2.041461 -5.355559 32.849580 32.849580 
567.000000 215 2.000000 0.667262 15.441331 -3.327373 5.234349 38.469824 38.469824 
567.000000 216 2.000000 0.000001 18.759811 1.518108 4.341094 21.149746 21.149746 
567.000000 217 2.000000 0.000001 10.427382 4.133753 2.088985 21.451772 21.451772 
567.000000 218 2.000000 0.734213 19.008211 3.671061 -0.341219 13.593120 13.593120 
567.000000 219 2.000000 0.853709 3.297656 -1.462898 5.073316 27.878602 27.878602 
567.000000 220 2.000000 0.591493 3.414811 2.957458 4.542151 29.377691 29.377691 
567.000000 221 2.000000 0.394287 5.463259 -1.730606 -10.257748 108.216395 108.216395 
567.000000 222 2.000000 0.732667 8.779069 -0.534663 -3.699979 13.975707 13.975707 
567.000000 223 2.000000 0.679379 15.019628 -6.412401 -3.840805 55.870672 55.870672 
567.000000 224 2.000000 0.347962 0.136285 -4.663901 -0.260451 21.819804 21.819804 
567.000000 225 2.000000 0.196682 14.659016 -5.355445 -0.135621 28.699184 28.699184 
567.000000 226 2.000000 0.510998 16.012358 1.135550 6.908578 49.017924 49.017924 
567.000000 227 2.000000 0.425359 3.454325 1.701434 -4.473436 22.906511 22.906511 
567.000000 228 2.000000 0.817360 3.189003 -3.652775 1.875883 16.861703 16.861703 
567.000000 229 2.000000 0.999999 17.606546 -3.384356 5.070057 37.159345 37.159345 
567.000000 230 2.000000 0.662393 14.665139 1.655981 -0.431754 2.928684 2.928684 
567.000000 231 2.000000 0.311482 12.517352 2.076543 6.992012 53.200268 53.200268 
567.000000 232 2.000000 0.112216 1.532780 0.748102 3.065559 9.957306 9.957306 
567.000000 233 2.000000 0.072287 19.738409 0.722864 -5.231795 27.894206 27.894206 
567.000000 234 2.000000 0.486799 10.740965 3.545790 -0.701383 13.064567 13.064567 
567.000000 235 2.000000 0.238822 15.028166 -1.171041 -1.088407 2.555967 2.555967 
567.000000 236 2.000000 0.705354 1.623951 -1.964299 -1.527829 6.192734 6.192734 
567.000000 237 2.000000 0.621514 0.743188 -7.569707 2.123392 61.809261 61.809261 
567.000000 238 2.000000 0.000001 11.828252 2.663843 -0.250358 7.158737 7.158737 
567.000000 239 2.000000 0.465530 2.187032 -2.672344 1.749625 10.202611 10.202611 
567.000000 240 2.000000 0.667148 4.401773 -0.832128 -3.280786 11.455993 11.455993 
567.000000 241 2.000000 0.000001 4.014083 2.859420 -5.378820 37.107988 37.107988 
567.000000 242 2.000000 0.842118 7.496423 -3.157618 2.650866 16.997639 16.997639 
567.000000 243 2.000000 0.832915 19.904922 1.514390 -1.901530 5.909193 5.909193 
567.000000 244 2.000000 0.128500 6.479982 -1.340768 -0.628461 2.192621 2.192621 
567.000000 245 2.000000 0.743569 7.699411 -1.025719 -1.597479 3.604038 3.604038 
567.000000 246 2.000000 0.862162 5.311572 0.127584 -2.875844 8.286758 8.286758 
567.000000 247 2.000000 0.570405 7.386110 -2.147970 -2.541756 11.074296 11.074296 
567.000000 248 2.000000 0.475122 5.804656 3.167472 -4.335081 28.825808 28.825808 
567.000000 249 2.000000 0.576043 14.961725 1.244946 -1.140462 2.850545 2.850545 
567.000000 250 2.000000 0.873790 17.064474 -0.011077 -7.338812 53.858283 53.858283 
567.000000 251 2.000000 0.719293 5.213359 4.795278 -7.782027 83.554633 83.554633 
567.000000 252 2.000000 0.733595 17.828093 -0.532808 1.319057 2.023796 2.023796 
567.000000 253 2.000000 0.000001 17.896818 2.435555 -5.257951 33.577978 33.577978 
567.000000 254 2.000000 0.291290 9.301284 5.825778 2.772939 41.628887 41.628887 
567.000000 255 2.000000 0.573702 15.895565 -2.131484 1.282647 6.188405 6.188405 
567.000000 256 2.000000 0.554566 13.964230 1.848550 -2.277649 8.604820 8.604820 
567.000000 257 2.000000 0.111221 2.082252 0.741463 -3.107427 10.205868 10.205868 
567.000000 258 2.000000 0.772549 7.907942 2.575161 -1.100779 7.843171 7.843171 
567.000000 259 2.000000 0.999999 12.251494 -5.489443 0.937328 31.012572 31.012572 
567.000000 260 2.000000 0.261719 7.214674 2.617185 5.059675 32.449964 32.449964 
567.000000 261 2.000000 0.669756 11.144407 0.005842 -1.100846 1.211896 1.211896 
567.000000 262 2.000000 0.354768 15.433991 -1.613076 -4.150916 19.832122 19.832122 
567.000000 263 2.000000 0.908226 14.246356 -0.084031 -1.973487 3.901711 3.901711 
567.000000 264 2.000000 0.073074 7.790001 -2.059833 -4.047496 20.625132 20.625132 
567.000000 265 2.000000 0.790424 17.387172 5.269488 3.464598 39.770946 39.770946 
567.000000 266 2.000000 0.548174 0.729379 -0.375851 1.326143 1.899918 1.899918 
567.000000 267 2.000000 0.999999 10.701645 -7.632461 -2.139239 62.830803 62.830803 
567.000000 268 2.000000 0.686573 13.614743 -2.089510 0.973896 5.314526 5.314526 
567.000000 269 2.000000 0.711577 5.399320 -0.515407 0.798052 0.902531 0.902531 
567.000000 270 2.000000 0.268721 9.036688 1.343600 -4.557694 22.577837 22.577837 
567.000000 271 2.000000 0.833173 5.695579 -3.336523 -4.121724 28.120993 28.120993 
567.000000 272 2.000000 0.315128 1.303689 -1.712177 2.607376 9.729958 9.729958 
567.000000 273 2.000000 0.819779 13.766146 2.732594 -5.680781 39.738348 39.738348 
567.000000 274 2.000000 0.720871 0.936889 3.604351 1.471873 15.157759 15.157759 
567.000000 275 2.000000 0.897610 9.263921 -2.047783 1.959419 8.032742 8.032742 
567.000000 276 2.000000 0.313351 15.807241 -0.508628 5.645443 32.129729 32.129729 
567.000000 277 2.000000 0.120504 15.855229 -5.863297 0.236576 34.434219 34.434219 
567.000000 278 2.000000 0.485056 4.568608 4.850554 0.052479 23.530628 23.530628 
567.000000 279 2.000000 0.579217 10.573450 -0.364284 -3.357362 11.404586 11.404586 
567.000000 280 2.000000 0.999999 1.389102 -1.903494 -3.019651 12.741582 12.741582 
567.000000 281 2.000000 0.065583 12.281919 -0.940540 0.331925 0.994790 0.994790 
567.000000 282 2.000000 0.366060 10.964682 7.321182 -3.658459 66.984027 66.984027 
567.000000 283 2.000000 0.799133 9.568810 -0.090071 -0.732457 0.544606 0.544606 
567.000000 284 2.000000 0.112655 5.834282 2.253079 3.598529 18.025776 18.025776 
567.000000 285 2.000000 0.403869 7.966370 0.734305 0.197880 0.578360 0.578360 
567.000000 286 2.000000 0.230004 8.734431 0.973608 -2.817345 8.885345 8.885345 
567.000000 287 2.000000 0.000001 5.780673 1.733049 6.782239 49.002224 49.002224 
567.000000 288 2.000000 0.277910 15.094167 -7.220890 -0.658121 52.574375 52.574375 
567.000000 289 2.000000 0.805838 19.705723 2.014593 -2.942755 12.718392 12.718392 
567.000000 290 2.000000 0.143738 6.754959 -8.562614 -0.586451 73.662281 73.662281 
567.000000 291 2.000000 0.000001 14.266071 2.388597 2.758553 13.315012 13.315012 
567.000000 292 2.000000 0.856875 1.396623 3.427498 -0.400868 11.908437 11.908437 
567.000000 293 2.000000 0.587761 15.178973 -2.748257 -6.871640 54.772346 54.772346 
567.000000 294 2.000000 0.445030 9.484478 3.662399 0.197932 13.452344 13.452344 
567.000000 295 2.000000 0.659288 6.812452 -1.135702 3.464928 13.295544 13.295544 
567.000000 296 2.000000 0.095787 3.599755 -1.808424 0.889073 4.060847 4.060847 
567.000000 297 2.000000 0.760263 15.526364 2.907542 -4.597265 29.588644 29.588644 
567.000000 298 2.000000 0.999999 12.300459 -6.986248 6.162206 86.780454 86.780454 
567.000000 299 2.000000 0.422577 6.479861 0.868444 1.991237 4.719221 4.719221 
567.000000 300 2.000000 0.120049 18.794460 2.400962 -0.415958 5.937639 5.937639 
567.000000 301 2.000000 0.153500 19.096863 -0.068830 -2.139870 4.583781 4.583781 
567.000000 302 2.000000 0.708203 19.219230 7.082025 3.107688 59.812798 59.812798 
567.000000 303 2.000000 0.999999 9.717335 -5.735285 -4.548573 53.583018 53.583018 
567.000000 304 2.000000 0.997686 13.030938 2.579545 -2.179462 11.404111 11.404111 
567.000000 305 2.000000 0.000001 15.472034 1.305585 2.787754 9.476123 9.476123 
567.000000 306 2.000000 0.630673 2.853356 2.522688 1.545884 8.753711 8.753711 
567.000000 307 2.000000 0.855821 2.853299 -2.883563 0.056373 8.318116 8.318116 
567.000000 308 2.000000 0.550939 1.384410 5.509379 3.970002 46.114178 46.114178 
567.000000 309 2.000000 0.000001 12.969238 5.091599 1.563415 28.368648 28.368648 
567.000000 310 2.000000 0.000987 13.466479 -3.996050 4.563720 36.795955 36.795955 
567.000000 311 2.000000 0.914463 6.697623 4.572309 1.364734 22.768513 22.768513 
567.000000 312 2.000000 0.830767 2.633972 -0.846162 -2.375611 6.359517 6.359517 
567.000000 313 2.000000 0.450736 15.374619 3.004901 2.844660 17.121526 17.121526 
567.000000 314 2.000000 0.275135 17.252049 5.502689 -4.317425 48.919749 48.919749 
567.000000 315 2.000000 0.134844 16.546542 -1.235936 1.681596 4.355303 4.355303 
567.000000 316 2.000000 0.827763 12.180788 2.037055 2.908320 12.607920 12.607920 
567.000000 317 2.000000 0.551379 6.952286 3.675853 -0.630421 13.909329 13.909329 
567.000000 318 2.000000 0.771628 9.887827 3.858133 -6.741448 60.332305 60.332305 
567.000000 319 2.000000 0.357510 3.730200 -3.212446 2.019218 14.397054 14.397054 
567.000000 320 2.000000 0.790021 11.740405 1.975049 -0.567513 4.222889 4.222889 
567.000000 321 2.000000 0.891735 19.642076 -2.165272 -2.386151 10.382120 10.382120 
567.000000 322 2.000000 0.000001 17.245734 3.752548 0.959350 15.001973 15.001973 
567.000000 323 2.000000 0.458154 1.855250 2.290765 0.684066 5.715551 5.715551 
567.000000 324 2.000000 0.531567 19.490396 2.657830 -1.060998 8.189775 8.189775 
567.000000 325 2.000000 0.633683 8.933908 3.168409 -3.203746 20.302801 20.302801 
567.000000 326 2.000000 0.054337 17.680221 -1.364124 -0.206534 1.903491 1.903491 
567.000000 327 2.000000 0.229346 11.463091 4.586902 5.731545 53.890272 53.890272 
567.000000 328 2.000000 0.956321 7.461294 2.723495 -5.104996 33.478406 33.478406 
567.000000 329 2.000000 0.237311 7.989537 -0.693352 -2.165294 5.169234 5.169234 
567.000000 330 2.000000 0.687483 19.999999 -2.083440 -4.287450 22.722949 22.722949 
567.000000 331 2.000000 0.573791 14.121357 0.276673 -1.389792 2.008071 2.008071 
567.000000 332 2.000000 0.912967 4.883865 -0.290108 4.883864 23.936289 23.936289 
567.000000 333 2.000000 0.000001 19.474497 7.490913 -5.255023 83.729041 83.729041 
567.000000 334 2.000000 0.000001 14.189896 3.067156 -5.810103 43.164739 43.164739 
567.000000 335 2.000000 0.846279 14.369552 -3.074401 -1.348671 11.270855 11.270855 
567.000000 336 2.000000 0.639763 1.686267 1.827890 2.248354 8.396281 8.396281 
567.000000 337 2.000000 0.191951 1.904559 3.839002 -2.686461 21.955009 21.955009 
567.000000 338 2.000000 0.627127 8.124579 0.404597 0.094297 0.172591 0.172591 
567.000000 339 2.000000 0.291280 13.722170 -2.834878 -1.577080 10.523714 10.523714 
567.000000 340 2.000000 0.530677 0.483355 2.122703 4.833537 27.868948 27.868948 
567.000000 341 2.000000 0.856778 8.558030 -2.864429 -1.635398 10.879480 10.879480 
567.000000 342 2.000000 0.772178 14.410553 -4.556429 3.430036 32.526190 32.526190 
567.000000 343 2.000000 0.681781 11.981395 -0.301016 2.396663 5.834602 5.834602 
567.000000 344 2.000000 0.622041 15.334050 -3.779577 0.092949 14.293839 14.293839 
567.000000 345 2.000000 0.213557 8.731629 3.652552 3.363550 24.654607 24.654607 
567.000000 346 2.000000 0.743755 18.284681 -5.124878 -2.858863 34.437469 34.437469 
567.000000 347 2.000000 0.999999 8.777284 -2.645772 3.816210 21.563568 21.563568 
567.000000 348 2.000000 0.999698 12.719335 2.499243 -1.059113 7.367937 7.367937 
567.000000 349 2.000000 0.003041 1.688779 -0.783704 1.521730 2.929854 2.929854 
567.000000 350 2.000000 0.721942 0.053727 0.079275 -0.079913 0.012670 0.012670 
567.000000 351 2.000000 0.077565 6.297910 -0.980801 -0.848926 1.682647 1.682647 
567.000000 352 2.000000 0.309337 18.007418 -3.453308 -2.846544 20.028148 20.028148 
567.000000 353 2.000000 0.321398 14.676814 -4.524008 1.415750 22.470996 22.470996 
567.000000 354 2.000000 0.186724 0.248193 -1.626551 0.709119 3.148518 3.148518 
567.000000 355 2.000000 0.530809 1.396895 -0.853073 6.984468 49.510526 49.510526 
567.000000 356 2.000000 0.000001 19.380620 4.147619 4.419877 36.738056 36.738056 
567.000000 357 2.000000 0.566189 13.371822 3.774587 -8.835999 92.322379 92.322379 
567.000000 358 2.000000 0.995328 19.020245 4.565224 -0.321518 20.944642 20.944642 
567.000000 359 2.000000 0.830288 7.613528 0.923531 1.959349 4.691959 4.691959 
567.000000 360 2.000000 0.999999 14.102466 -5.090052 -3.190982 36.090996 36.090996 
567.000000 361 2.000000 0.999999 11.290819 -8.123664 2.335720 71.449505 71.449505 
567.000000 362 2.000000 0.236884 17.751315 -3.815577 3.118704 24.284946 24.284946 
567.000000 363 2.000000 0.999999 13.887771 -10.794661 -5.309311 144.713489 144.713489 
567.000000 364 2.000000 0.777127 12.607437 0.736494 3.517424 12.914693 12.914693 
567.000000 365 2.000000 0.675863 8.126846 -3.241356 -4.947147 34.980654 34.980654 
567.000000 366 2.000000 0.636706 5.019460 2.546822 10.466444 116.032742 116.032742 
567.000000 367 2.000000 0.823171 18.539112 1.829266 6.648834 47.553212 47.553212 
567.000000 368 2.000000 0.551564 14.360766 3.677088 -4.511387 33.873586 33.873586 
567.000000 369 2.000000 0.371187 9.767364 -0.661908 -2.876086 8.709992 8.709992 
567.000000 370 2.000000 0.701870 7.600466 -0.993762 5.428904 30.460561 30.460561 
567.000000 371 2.000000 0.795512 9.407521 -2.044867 0.998512 5.178507 5.178507 
567.000000 372 2.000000 0.577518 19.422373 2.887585 2.746596 15.881937 15.881937 
567.000000 373 2.000000 0.637844 18.510420 2.551372 -0.538497 6.799476 6.799476 
567.000000 374 2.000000 0.255652 10.822690 -0.875703 -3.036411 9.986645 9.986645 
567.000000 375 2.000000 0.703974 16.756339 -5.920508 0.533658 35.337203 35.337203 
567.000000 376 2.000000 0.524729 13.314223 -0.559141 -2.690127 7.549423 7.549423 
567.000000 377 2.000000 0.000001 14.088424 0.911766 -1.358983 2.678152 2.678152 
567.000000 378 2.000000 0.332263 16.581285 6.645243 -11.395714 174.021554 174.021554 
567.000000 379 2.000000 0.000001 13.494503 5.075659 0.675814 26.219043 26.219043 
567.000000 380 2.000000 0.284989 1.398765 -0.668465 0.019967 0.447244 0.447244 
567.000000 381 2.000000 0.143947 2.937924 -3.424208 1.247396 13.281199 13.281199 
567.000000 382 2.000000 0.410921 4.213985 0.031903 1.755827 3.083945 3.083945 
567.000000 383 2.000000 0.212395 7.240213 -3.150418 -2.082225 14.260793 14.260793 
567.000000 384 2.000000 0.829180 7.118538 -3.416375 4.187375 29.205729 29.205729 
567.000000 385 2.000000 0.694015 12.934627 0.770392 1.325012 2.349160 2.349160 
567.000000 386 2.000000 0.568260 0.968048 3.788394 -3.510684 26.676832 26.676832 
567.000000 387 2.000000 0.504084 10.752988 2.126951 0.018968 4.524280 4.524280 
567.000000 388 2.000000 0.999999 14.647747 -5.469943 -2.489420 36.117490 36.117490 
567.000000 389 2.000000 0.000001 9.036089 2.577780 0.033939 6.646100 6.646100 
567.000000 390 2.000000 0.545433 14.263994 -9.091315 -4.097147 99.438621 99.438621 
567.000000 391 2.000000 0.938672 9.559933 1.703347 -1.227681 4.408593 4.408593 
567.000000 392 2.000000 0.315798 0.756200 -1.052617 -5.171448 27.851881 27.851881 
567.000000 393 2.000000 0.805100 5.897112 4.025494 0.207868 16.247808 16.247808 
567.000000 394 2.000000 0.000001 8.209237 0.532798 -2.326917 5.698416 5.698416 
567.000000 395 2.000000 0.000001 11.439900 3.295022 -0.410649 11.025802 11.025802 
567.000000 396 2.000000 0.267801 6.689797 2.678000 -3.564443 19.876941 19.876941 
567.000000 397 2.000000 0.885555 3.212298 -0.035213 -5.788862 33.512167 33.512167 
567.000000 398 2.000000 0.518247 18.999808 -3.211682 4.139572 27.450960 27.450960 
567.000000 399 2.000000 0.999999 4.539714 -2.502845 -0.444310 6.461645 6.461645 
567.000000 400 2.000000 0.999999 0.222191 -2.243162 4.443800 24.779135 24.779135 
567.000000 401 2.000000 0.185215 9.656655 3.704283 3.638677 26.961678 26.961678 
567.000000 402 2.000000 0.355673 1.151258 1.069838 -4.943713 25.584857 25.584857 
567.000000 403 2.000000 0.547913 15.067443 1.012576 -0.100272 1.035366 1.035366 
567.000000 404 2.000000 0.753749 19.794540 -4.925004 -4.109170 41.140941 41.140941 
567.000000 405 2.000000 0.611943 19.068278 -7.761111 -5.153519 86.793598 86.793598 
567.000000 406 2.000000 0.726894 3.938844 3.634465 -2.219316 18.134699 18.134699 
567.000000 407 2.000000 0.405629 4.129544 -0.273303 0.770616 0.668544 0.668544 
567.000000 408 2.000000 0.425931 10.312078 0.946511 -3.087013 10.425533 10.425533 
567.000000 409 2.000000 0.383810 6.859415 1.919044 4.467569 23.641900 23.641900 
567.000000 410 2.000000 0.755505 9.704191 -4.889881 0.190390 23.947180 23.947180 
567.000000 411 2.000000 0.905690 18.271531 -0.000377 2.386488 5.695327 5.695327 
567.000000 412 2.000000 0.535596 18.183015 1.190211 -3.303606 12.330417 12.330417 
567.000000 413 2.000000 0.540926 16.559619 2.704625 -0.043075 7.316852 7.316852 
567.000000 414 2.000000 0.339707 0.149563 -4.002740 2.092676 20.401218 20.401218 
567.000000 415 2.000000 0.999999 10.639010 -7.106215 -1.646334 53.208713 53.208713 
567.000000 416 2.000000 0.915446 1.557104 2.615558 -2.648102 13.853588 13.853588 
567.000000 417 2.000000 0.453271 9.491414 0.578201 0.435803 0.524240 0.524240 
567.000000 418 2.000000 0.060755 16.505517 -1.872678 -0.368286 3.642556 3.642556 
567.000000 419 2.000000 0.793208 19.834329 3.966034 -3.313403 26.708067 26.708067 
567.000000 420 2.000000 0.308225 19.120954 0.610033 -2.093251 4.753841 4.753841 
567.000000 421 2.000000 0.669339 11.976894 -4.575935 -4.740505 43.411566 43.411566 
567.000000 422 2.000000 0.746120 8.602181 -5.077581 -2.923377 34.327967 34.327967 
567.000000 423 2.000000 0.592455 12.759038 -2.716962 3.103001 17.010497 17.010497 
567.000000 424 2.000000 0.578384 9.708140 2.891915 -2.527512 14.751489 14.751489 
567.000000 425 2.000000 0.475444 19.340084 -2.098219 2.268801 9.549978 9.549978 
567.000000 426 2.000000 0.841674 9.962671 -1.583248 -3.536072 15.010480 15.010480 
567.000000 427 2.000000 0.942413 3.435660 6.282746 -2.779872 47.200593 47.200593 
567.000000 428 2.000000 0.099979 16.909387 -6.000132 4.591932 57.087426 57.087426 
567.000000 429 2.000000 0.050854 2.968819 -3.796581 -2.991368 23.362307 23.362307 
567.000000 430 2.000000 0.515171 10.711358 -1.939311 -3.724840 17.635357 17.635357 
567.000000 431 2.000000 0.161231 4.290144 -4.193838 -1.414171 19.588160 19.588160 
567.000000 432 2.000000 0.727939 9.141645 -5.441207 -6.503865 71.906986 71.906986 
567.000000 433 2.000000 0.463419 8.824873 -1.073160 -0.993952 2.139613 2.139613 
567.000000 434 2.000000 0.247620 3.506058 1.650795 -0.048828 2.727510 2.727510 
567.000000 435 2.000000 0.162368 1.498655 -1.522965 4.281868 20.653814 20.653814 
567.000000 436 2.000000 0.457736 12.717992 4.577354 5.783149 54.396983 54.396983 
567.000000 437 2.000000 0.181023 7.632633 3.620430 0.029314 13.108374 13.108374 
567.000000 438 2.000000 0.591009 4.338125 -0.408990 -1.579536 2.662206 2.662206 
567.000000 439 2.000000 0.396894 14.638122 -4.020699 1.086515 17.346536 17.346536 
567.000000 440 2.000000 0.287543 15.678614 -0.016173 2.135558 4.560871 4.560871 
567.000000 441 2.000000 0.000001 2.128544 1.085109 2.240571 6.197620 6.197620 
567.000000 442 2.000000 0.215907 3.870048 4.318121 6.450079 60.249691 60.249691 
567.000000 443 2.000000 0.292557 2.255764 5.851126 -2.650052 41.258446 41.258446 
567.000000 444 2.000000 0.700378 12.983157 2.801508 -4.112080 24.757643 24.757643 
567.000000 445 2.000000 0.151338 13.612943 3.026749 -3.897805 24.354096 24.354096 
567.000000 446 2.000000 0.158399 0.707680 -1.530182 0.884599 3.123973 3.123973 
567.000000 447 2.000000 0.325985 10.942642 -3.478870 -1.075947 13.260197 13.260197 
567.000000 448 2.000000 0.297015 19.646867 -0.827040 -0.185859 0.718538 0.718538 
567.000000 449 2.000000 0.183091 1.518942 -0.472631 0.039000 0.224901 0.224901 
567.000000 450 2.000000 0.583367 15.789044 1.418321 2.183386 6.778811 6.778811 
567.000000 451 2.000000 0.999999 11.298179 -4.715478 -1.942012 26.007148 26.007148 
567.000000 452 2.000000 0.487210 14.710683 -2.051155 -2.996199 13.184446 13.184446 
567.000000 453 2.000000 0.954835 0.131068 0.124877 -0.674911 0.471098 0.471098 
567.000000 454 2.000000 0.577350 2.417945 5.773492 -1.596622 35.882415 35.882415 
567.000000 455 2.000000 0.094993 3.448720 -1.645466 -3.568901 15.444612 15.444612 
567.000000 456 2.000000 0.775660 6.429926 -1.495596 -1.556369 4.659089 4.659089 
567.000000 457 2.000000 0.296849 5.899488 2.968477 4.156888 26.091576 26.091576 
567.000000 458 2.000000 0.999999 9.104636 -2.949264 -4.351878 27.637000 27.637000 
567.000000 459 2.000000 0.566715 7.548276 -0.186346 -1.376808 1.930325 1.930325 
567.000000 460 2.000000 0.562920 7.812757 -2.185395 2.783273 12.522560 12.522560 
567.000000 461 2.000000 0.970013 6.864741 3.880050 -2.488063 21.245242 21.245242 
567.000000 462 2.000000 0.694957 18.233904 -2.655622 1.609427 9.642583 9.642583 
567.000000 463 2.000000 0.000001 19.792662 4.200522 -0.967904 18.581227 18.581227 
567.000000 464 2.000000 0.105364 11.889027 -2.982118 -2.108600 13.339221 13.339221 
567.000000 465 2.000000 0.494284 6.636274 0.988566 0.905730 1.797611 1.797611 
567.000000 466 2.000000 0.080813 0.217021 -1.531976 2.170203 7.056730 7.056730 
567.000000 467 2.000000 0.760599 19.163190 0.254069 4.858509 23.669657 23.669657 
567.000000 468 2.000000 0.001161 17.162043 -2.219639 0.502274 5.179077 5.179077 
567.000000 469 2.000000 0.372213 12.945886 -1.569464 -7.837903 63.895946 63.895946 
567.000000 470 2.000000 0.520459 16.091594 5.204580 -2.897209 35.481471 35.481471 
567.000000 471 2.000000 0.519712 14.638209 -0.407583 4.851923 23.707278 23.707278 
567.000000 472 2.000000 0.497525 17.506665 -0.502474 -8.311113 69.327086 69.327086 
567.000000 473 2.000000 0.304469 1.191275 0.870875 2.637751 7.716151 7.716151 
567.000000 474 2.000000 0.631269 12.560980 0.742668 2.311570 5.894913 5.894913 
567.000000 475 2.000000 0.360208 15.225866 -6.397909 -3.410095 52.561995 52.561995 
567.000000 476 2.000000 0.608468 19.123205 -3.915309 1.298727 17.016333 17.016333 
567.000000 477 2.000000 0.049360 10.856216 -0.371163 -3.670701 13.611805 13.611805 
567.000000 478 2.000000 0.298669 8.771906 -0.891667 0.557208 1.105550 1.105550 
567.000000 479 2.000000 0.430613 14.396667 8.612246 -2.412381 79.990363 79.990363 
567.000000 480 2.000000 0.875370 12.247463 0.140958 0.271891 0.093794 0.093794 
567.000000 481 2.000000 0.292953 17.338718 2.929524 0.771943 9.178007 9.178007 
567.000000 482 2.000000 0.118072 3.516318 -1.175903 0.622538 1.770300 1.770300 
567.000000 483 2.000000 0.628342 3.200003 3.141707 3.822393 24.481008 24.481008 
567.000000 484 2.000000 0.842702 11.605615 2.114025 -2.684434 11.675291 11.675291 
567.000000 485 2.000000 0.335454 0.165808 0.176009 5.206659 27.140282 27.140282 
567.000000 486 2.000000 0.542554 10.197501 5.425533 3.241974 39.946799 39.946799 
567.000000 487 2.000000 0.515944 19.804506 -0.744700 0.308079 0.649491 0.649491 
567.000000 488 2.000000 0.686798 17.748687 0.686797 5.235174 27.878741 27.878741 
567.000000 489 2.000000 0.361674 6.273314 -4.255501 1.283646 19.757036 19.757036 
567.000000 490 2.000000 0.631877 7.758501 -3.681219 0.219033 13.599351 13.599351 
567.000000 491 2.000000 0.000001 11.840846 3.376324 1.568182 13.858761 13.858761 
567.000000 492 2.000000 0.056692 19.330244 1.133821 -4.465036 21.222096 21.222096 
567.000000 493 2.000000 0.175819 15.245078 1.758184 -1.402171 5.057295 5.057295 
567.000000 494 2.000000 0.031314 10.213368 -3.228950 -7.450292 65.932967 65.932967 
567.000000 495 2.000000 0.529265 17.828008 5.292640 0.762876 28.594016 28.594016 
567.000000 496 2.000000 0.189247 3.263182 -5.405017 -2.610010 36.026355 36.026355 
567.000000 497 2.000000 0.523766 15.709577 -0.501298 2.554403 6.776272 6.776272 
567.000000 498 2.000000 0.999999 12.789989 -1.793234 1.064081 4.347957 4.347957 
567.000000 499 2.000000 0.000001 3.505782 1.440083 4.674375 23.923618 23.923618 
567.000000 500 2.000000 0.748770 5.225676 -5.024582 -5.575216 56.329462 56.329462 
