155.500000 1 2.000000 10.132041 17.995884 0.721142 0.891675 1.315129 1.315129 
155.500000 2 2.000000 9.432251 13.050441 2.028441 0.397055 4.272225 4.272225 
155.500000 3 2.000000 9.333364 4.727592 0.652683 0.762515 1.007423 1.007423 
155.500000 4 2.000000 8.658243 1.025049 -1.301432 -0.876441 2.461873 2.461873 
155.500000 5 2.000000 3.087764 15.469019 -0.350751 0.678108 0.582856 0.582856 
155.500000 6 2.000000 7.701675 11.943074 0.654583 0.787992 1.049411 1.049411 
155.500000 7 2.000000 12.210609 18.600542 -0.128187 -0.666408 0.460532 0.460532 
155.500000 8 2.000000 3.304729 19.466223 -0.491176 0.808190 0.894425 0.894425 
155.500000 9 2.000000 5.835773 18.425122 -0.466843 1.061967 1.345715 1.345715 
155.500000 10 2.000000 4.581635 10.720220 2.234944 -0.434650 5.183894 5.183894 
155.500000 11 2.000000 1.330863 0.224456 -1.369059 -0.348125 1.995514 1.995514 
155.500000 12 2.000000 8.247002 4.299823 -0.537819 -0.322945 0.393543 0.393543 
155.500000 13 2.000000 5.099803 6.664240 1.259210 -0.234114 1.640420 1.640420 
155.500000 14 2.000000 7.759301 17.751398 0.443929 1.007813 1.212760 1.212760 
155.500000 15 2.000000 3.788908 0.930153 0.647676 -0.568529 0.742710 0.742710 
155.500000 16 2.000000 10.589385 12.547027 -1.334894 0.231225 1.835407 1.835407 
155.500000 17 2.000000 13.314797 7.209214 0.596811 0.211967 0.401113 0.401113 
155.500000 18 2.000000 8.253560 2.409229 -1.983813 -0.545506 4.233091 4.233091 
155.500000 19 2.000000 4.595536 6.674922 0.718052 -0.615477 0.894411 0.894411 
155.500000 20 2.000000 7.986409 9.797379 0.611985 0.290293 0.458796 0.458796 
155.500000 21 2.000000 10.874533 10.489391 -2.182311 0.107685 4.774077 4.774077 
155.500000 22 2.000000 0.361814 5.236972 -0.483527 0.122855 0.248892 0.248892 
155.500000 23 2.000000 4.024370 3.334653 -0.220151 0.163497 0.075198 0.075198 
155.500000 24 2.000000 8.359334 5.786586 0.106441 -0.266540 0.082373 0.082373 
155.500000 25 2.000000 8.594343 12.124030 0.261143 -0.193824 0.105764 0.105764 
155.500000 26 2.000000 1.498608 3.791366 0.389249 1.285209 1.803275 1.803275 
155.500000 27 2.000000 12.219386 5.453354 -0.003880 0.865612 0.749298 0.749298 
155.500000 28 2.000000 0.627061 5.606591 1.567649 1.121318 3.714878 3.714878 
155.500000 29 2.000000 6.847964 13.545187 -0.382534 -0.152542 0.169601 0.169601 
155.500000 30 2.000000 1.111247 5.274343 0.140093 1.053837 1.130198 1.130198 
155.500000 31 2.000000 11.032965 8.185824 -1.312181 1.259357 3.307800 3.307800 
155.500000 32 2.000000 2.258728 2.396337 0.206189 -0.695836 0.526701 0.526701 
155.500000 33 2.000000 0.985048 4.985234 -0.596570 -0.671575 0.806909 0.806909 
155.500000 34 2.000000 7.075701 11.472725 0.174131 -0.081652 0.036989 0.036989 
155.500000 35 2.000000 6.202201 1.051515 0.220525 -0.599953 0.408576 0.408576 
155.500000 36 2.000000 10.990049 1.819178 -0.250544 -1.350113 1.885576 1.885576 
155.500000 37 2.000000 5.494730 17.628065 -0.787258 -0.554088 0.926788 0.926788 
155.500000 38 2.000000 2.712761 11.856395 -1.323677 0.041576 1.753848 1.753848 
155.500000 39 2.000000 7.777780 5.289234 0.312989 -0.067522 0.102521 0.102521 
155.500000 40 2.000000 6.231676 8.866855 0.138461 -0.003684 0.019185 0.019185 
155.500000 41 2.000000 4.281576 14.091713 -0.085683 -1.074234 1.161320 1.161320 
155.500000 42 2.000000 5.719935 3.815963 0.742849 0.778768 1.158303 1.158303 
155.500000 43 2.000000 7.271514 12.161949 0.014955 -0.492959 0.243232 0.243232 
155.500000 44 2.000000 6.122031 15.379332 0.606054 -0.062134 0.371162 0.371162 
155.500000 45 2.000000 3.130020 13.176879 0.754222 0.627470 0.962569 0.962569 
155.500000 46 2.000000 7.316867 13.279732 -0.068426 0.464326 0.220281 0.220281 
155.500000 47 2.000000 8.984524 0.094781 -0.617470 -0.772966 0.978747 0.978747 
155.500000 48 2.000000 6.535722 6.774463 -1.209361 -0.038751 1.464055 1.464055 
155.500000 49 2.000000 13.755173 10.656382 0.179841 0.202400 0.073309 0.073309 
155.500000 50 2.000000 6.206466 10.833662 1.001043 -0.574692 1.332358 1.332358 
155.500000 51 2.000000 10.655642 18.476267 -0.451067 -0.725587 0.729938 0.729938 
155.500000 52 2.000000 6.343985 5.272426 -0.828865 -0.706062 1.185540 1.185540 
155.500000 53 2.000000 2.313682 5.512740 -0.442719 -0.652579 0.621860 0.621860 
155.500000 54 2.000000 0.227629 8.223828 0.569069 -0.182019 0.356970 0.356970 
155.500000 55 2.000000 8.615515 5.054024 -1.122254 0.795909 1.892926 1.892926 
155.500000 56 2.000000 0.063026 19.304727 -1.933672 -0.080846 3.745623 3.745623 
155.500000 57 2.000000 4.777130 7.606477 -0.773060 -0.622242 0.984806 0.984806 
155.500000 58 2.000000 12.975900 7.572373 0.706942 1.571460 2.969253 2.969253 
155.500000 59 2.000000 3.001386 9.086089 -1.074412 0.472076 1.377218 1.377218 
155.500000 60 2.000000 2.783422 7.745052 1.255295 0.435783 1.765672 1.765672 
155.500000 61 2.000000 1.671391 13.241348 0.085139 1.103446 1.224841 1.224841 
155.500000 62 2.000000 6.181647 17.130935 0.388382 0.849491 0.872475 0.872475 
155.500000 63 2.000000 12.589823 1.756589 0.280714 0.462260 0.292485 0.292485 
155.500000 64 2.000000 6.906738 2.784308 0.078352 -0.334285 0.117886 0.117886 
155.500000 65 2.000000 6.144480 11.308182 0.019159 0.743959 0.553843 0.553843 
155.500000 66 2.000000 12.412964 16.887334 -0.970242 -0.819122 1.612331 1.612331 
155.500000 67 2.000000 4.425797 19.180487 1.383061 0.265342 1.983265 1.983265 
155.500000 68 2.000000 2.582744 15.683368 0.770968 -0.060785 0.598087 0.598087 
155.500000 69 2.000000 10.051023 16.527429 -0.113489 0.807194 0.664442 0.664442 
155.500000 70 2.000000 10.570666 16.569883 0.512609 -1.392873 2.202862 2.202862 
155.500000 71 2.000000 1.194077 9.259383 -0.946234 -1.213629 2.368254 2.368254 
155.500000 72 2.000000 2.525512 18.783242 0.691921 0.833211 1.172994 1.172994 
155.500000 73 2.000000 10.558508 6.070635 -0.581460 0.322366 0.442016 0.442016 
155.500000 74 2.000000 2.066043 4.395881 1.424857 0.470272 2.251373 2.251373 
155.500000 75 2.000000 7.832756 16.966304 -0.718952 0.106441 0.528222 0.528222 
155.500000 76 2.000000 2.046204 6.416245 -1.683737 0.359022 2.963866 2.963866 
155.500000 77 2.000000 10.405836 2.846350 0.981683 -0.065707 0.968018 0.968018 
155.500000 78 2.000000 6.609364 13.935507 1.083502 0.233963 1.228716 1.228716 
155.500000 79 2.000000 2.743541 18.741294 0.260051 -0.441651 0.262682 0.262682 
155.500000 80 2.000000 0.644628 6.871188 -1.358346 0.373229 1.984403 1.984403 
155.500000 81 2.000000 10.304489 9.402189 -1.135539 -0.159383 1.314852 1.314852 
155.500000 82 2.000000 0.550742 0.018180 -1.762873 -0.515733 3.373704 3.373704 
155.500000 83 2.000000 12.760110 2.983114 0.200204 -0.156933 0.064710 0.064710 
155.500000 84 2.000000 7.341316 18.335800 -0.539835 1.238905 1.826308 1.826308 
155.500000 85 2.000000 11.092310 11.781769 -1.344460 -0.920642 2.655154 2.655154 
155.500000 86 2.000000 2.528046 15.880144 0.526676 -1.248441 1.835993 1.835993 
155.500000 87 2.000000 6.086155 3.408643 -0.880615 0.023128 0.776018 0.776018 
155.500000 88 2.000000 12.415248 14.620684 -0.334496 -0.944024 1.003069 1.003069 
155.500000 89 2.000000 12.035850 12.889267 -0.993883 -0.748498 1.548053 1.548053 
155.500000 90 2.000000 7.523177 11.210555 -0.950197 0.706883 1.402559 1.402559 
155.500000 91 2.000000 0.380517 15.724717 0.951291 -1.096226 2.106666 2.106666 
155.500000 92 2.000000 7.203797 12.030921 -1.195513 1.183084 2.828939 2.828939 
155.500000 93 2.000000 11.043529 17.820794 0.728946 0.372820 0.670357 0.670357 
155.500000 94 2.000000 2.068225 16.033456 1.426361 -1.496809 4.274943 4.274943 
155.500000 95 2.000000 13.260069 16.359266 0.062818 0.504176 0.258139 0.258139 
155.500000 96 2.000000 4.219778 5.013126 -0.668749 0.253188 0.511329 0.511329 
155.500000 97 2.000000 9.420331 1.548887 -0.944926 -0.129481 0.909650 0.909650 
155.500000 98 2.000000 4.127801 4.143505 -0.798549 0.508405 0.896157 0.896157 
155.500000 99 2.000000 10.874897 6.653516 1.188513 0.773665 2.011121 2.011121 
155.500000 100 2.000000 11.853013 4.565158 0.564973 1.467226 2.471947 2.471947 
155.500000 101 2.000000 13.184979 12.986724 -1.431876 0.382568 2.196629 2.196629 
155.500000 102 2.000000 10.077647 15.659166 -0.524467 -0.501830 0.526899 0.526899 
155.500000 103 2.000000 4.792378 4.398767 0.492261 -0.697688 0.729089 0.729089 
155.500000 104 2.000000 13.969226 2.091246 -0.342432 -0.627277 0.510736 0.510736 
155.500000 105 2.000000 8.528023 15.152063 -0.425664 0.883502 0.961766 0.961766 
155.500000 106 2.000000 7.633502 19.653192 1.430659 -0.770683 2.640737 2.640737 
155.500000 107 2.000000 8.139848 18.486115 0.776252 0.345643 0.722037 0.722037 
155.500000 108 2.000000 12.226059 9.361923 0.889168 -0.949828 1.692793 1.692793 
155.500000 109 2.000000 11.614112 10.305302 0.299333 1.096309 1.291493 1.291493 
155.500000 110 2.000000 0.669843 6.799801 -0.539465 0.629876 0.687766 0.687766 
155.500000 111 2.000000 9.087413 15.206150 0.276739 -0.477000 0.304114 0.304114 
155.500000 112 2.000000 0.661036 5.143260 0.550862 -0.549936 0.605879 0.605879 
155.500000 113 2.000000 1.154437 18.683706 1.282706 0.997802 2.640944 2.640944 
155.500000 114 2.000000 7.515440 16.590506 -0.569246 0.043196 0.325907 0.325907 
155.500000 115 2.000000 2.514931 14.051850 1.093448 -0.309292 1.291290 1.291290 
155.500000 116 2.000000 2.136809 17.581479 -0.382401 0.336229 0.259280 0.259280 
155.500000 117 2.000000 3.307370 2.221689 -0.877193 0.339189 0.884517 0.884517 
155.500000 118 2.000000 13.706565 8.968520 1.123489 1.128116 2.534872 2.534872 
155.500000 119 2.000000 6.674576 15.214168 1.181341 -0.197354 1.434515 1.434515 
155.500000 120 2.000000 13.981895 15.987981 1.616404 -0.818779 3.283161 3.283161 
155.500000 121 2.000000 6.301267 7.940723 0.692447 -0.043286 0.481356 0.481356 
155.500000 122 2.000000 6.058703 16.856313 0.126238 0.744209 0.569783 0.569783 
155.500000 123 2.000000 0.604410 11.530062 0.711069 1.636411 3.183460 3.183460 
155.500000 124 2.000000 3.099657 2.926274 0.529856 -0.287043 0.363141 0.363141 
155.500000 125 2.000000 4.253857 3.299303 1.269808 -0.526487 1.889600 1.889600 
155.500000 126 2.000000 12.921716 3.612197 0.114195 -0.329260 0.121453 0.121453 
155.500000 127 2.000000 5.475872 5.039556 1.319487 -0.787362 2.360985 2.360985 
155.500000 128 2.000000 8.103966 1.281069 0.047329 -0.257613 0.068605 0.068605 
155.500000 129 2.000000 3.970947 2.371477 -0.550408 -1.091549 1.494429 1.494429 
155.500000 130 2.000000 6.280416 1.526002 -0.738053 -0.773349 1.142791 1.142791 
155.500000 131 2.000000 10.977604 6.081140 -0.167455 -1.572752 2.501591 2.501591 
155.500000 132 2.000000 5.487486 13.302741 1.799362 -0.248642 3.299528 3.299528 
155.500000 133 2.000000 3.124790 2.860455 -0.710861 0.308116 0.600259 0.600259 
155.500000 134 2.000000 1.292820 9.283888 1.034255 -0.009584 1.069776 1.069776 
155.500000 135 2.000000 7.359268 3.281067 0.758687 -1.714762 3.516016 3.516016 
155.500000 136 2.000000 7.923873 13.378534 0.058551 0.894312 0.803223 0.803223 
155.500000 137 2.000000 0.320445 19.908110 0.813499 0.143929 0.682495 0.682495 
155.500000 138 2.000000 1.321108 4.341595 -0.386450 1.423473 2.175619 2.175619 
155.500000 139 2.000000 7.964194 14.195978 1.694509 0.290858 2.955959 2.955959 
155.500000 140 2.000000 10.705070 8.933896 0.808015 0.667580 1.098551 1.098551 
155.500000 141 2.000000 7.884561 9.027219 -0.163788 0.398553 0.185671 0.185671 
155.500000 142 2.000000 1.768043 7.840729 -0.064521 -0.184526 0.038213 0.038213 
155.500000 143 2.000000 2.213452 12.293615 1.264829 -0.235141 1.655084 1.655084 
155.500000 144 2.000000 6.064304 2.308011 0.496413 -0.539952 0.537974 0.537974 
155.500000 145 2.000000 6.142833 2.051490 -0.603706 0.113656 0.377378 0.377378 
155.500000 146 2.000000 5.235440 9.668593 0.066355 1.401245 1.967891 1.967891 
155.500000 147 2.000000 13.929436 13.598998 -0.845816 0.234970 0.770616 0.770616 
155.500000 148 2.000000 5.248962 4.059516 0.889654 -0.087404 0.799124 0.799124 
155.500000 149 2.000000 1.309237 10.578053 -0.997370 -0.497862 1.242614 1.242614 
155.500000 150 2.000000 7.797279 1.565520 0.436741 -0.148355 0.212752 0.212752 
155.500000 151 2.000000 11.163938 7.060728 -0.394959 0.811578 0.814651 0.814651 
155.500000 152 2.000000 11.433076 8.297641 0.132972 0.161068 0.043625 0.043625 
155.500000 153 2.000000 7.372301 11.531854 -0.806733 -0.469794 0.871525 0.871525 
155.500000 154 2.000000 1.295120 4.893778 -1.608047 -0.674142 3.040282 3.040282 
155.500000 155 2.000000 5.221623 18.594311 -1.158521 0.716208 1.855124 1.855124 
155.500000 156 2.000000 5.103309 9.257102 -0.806179 1.392045 2.587714 2.587714 
155.500000 157 2.000000 1.953885 1.104839 1.260570 -0.914615 2.425557 2.425557 
155.500000 158 2.000000 8.672313 9.021007 1.609592 -0.087689 2.598475 2.598475 
155.500000 159 2.000000 12.490467 8.181852 0.238384 0.197876 0.095982 0.095982 
155.500000 160 2.000000 0.808459 15.561916 -0.598238 -0.085365 0.365176 0.365176 
155.500000 161 2.000000 6.929054 5.153307 0.326504 0.103173 0.117249 0.117249 
155.500000 162 2.000000 10.725819 13.701239 0.065104 0.682840 0.470509 0.470509 
155.500000 163 2.000000 2.720579 1.624513 -0.180896 0.025127 0.033355 0.033355 
155.500000 164 2.000000 3.199198 1.909373 -0.099747 -0.002713 0.009957 0.009957 
155.500000 165 2.000000 14.004871 1.701227 -0.899279 0.071107 0.813760 0.813760 
155.500000 166 2.000000 8.984631 17.368396 -0.910883 0.561982 1.145532 1.145532 
155.500000 167 2.000000 8.750056 16.938945 -0.745410 -1.654624 3.293416 3.293416 
155.500000 168 2.000000 0.431229 14.401156 -0.502449 0.860654 0.993182 0.993182 
155.500000 169 2.000000 4.962531 15.021481 1.240632 0.847386 2.257232 2.257232 
155.500000 170 2.000000 1.018510 18.974036 -0.593095 -1.207015 1.808648 1.808648 
155.500000 171 2.000000 8.066105 10.109082 2.304601 0.519032 5.580580 5.580580 
155.500000 172 2.000000 9.421403 15.537910 0.505704 -0.931877 1.124132 1.124132 
155.500000 173 2.000000 2.376216 9.630602 0.218001 0.464125 0.262937 0.262937 
155.500000 174 2.000000 9.145648 18.070370 -0.813008 0.453440 0.866590 0.866590 
155.500000 175 2.000000 8.983716 12.010015 -0.896367 -1.225224 2.304647 2.304647 
155.500000 176 2.000000 1.345067 5.426258 -0.174543 -2.034575 4.169961 4.169961 
155.500000 177 2.000000 8.353094 18.822518 2.088273 -0.373804 4.500615 4.500615 
155.500000 178 2.000000 9.801441 12.676289 -0.172258 -1.381832 1.939133 1.939133 
155.500000 179 2.000000 9.025906 15.709112 1.248461 -1.117786 2.808100 2.808100 
155.500000 180 2.000000 3.440630 19.984940 -0.213065 0.136755 0.064099 0.064099 
155.500000 181 2.000000 6.570707 16.225715 -0.778915 0.239704 0.664167 0.664167 
155.500000 182 2.000000 3.830483 10.497938 -0.147738 -0.896421 0.825397 0.825397 
155.500000 183 2.000000 11.927635 0.753738 1.325551 -0.380369 1.901767 1.901767 
155.500000 184 2.000000 12.661329 5.711560 0.279368 -1.287247 1.735051 1.735051 
155.500000 185 2.000000 9.234109 14.123837 0.687701 0.848080 1.192173 1.192173 
155.500000 186 2.000000 0.131172 14.314603 -0.624656 -0.884476 1.172493 1.172493 
155.500000 187 2.000000 6.684314 14.865526 0.532615 0.636340 0.688607 0.688607 
155.500000 188 2.000000 2.108094 14.380329 -0.038494 1.132309 1.283606 1.283606 
155.500000 189 2.000000 4.592644 0.170957 -0.292541 -1.739390 3.111057 3.111057 
155.500000 190 2.000000 6.496409 10.322518 -1.846236 0.033834 3.409731 3.409731 
155.500000 191 2.000000 12.550859 16.950228 1.595100 -1.739402 5.569863 5.569863 
155.500000 192 2.000000 2.041446 2.254853 0.560290 -0.325945 0.420165 0.420165 
155.500000 193 2.000000 8.777510 18.113631 -0.188674 -0.608506 0.405877 0.405877 
155.500000 194 2.000000 3.399155 15.796487 0.747067 -0.704538 1.054482 1.054482 
155.500000 195 2.000000 11.843073 13.811046 -1.286848 -0.967024 2.591113 2.591113 
155.500000 196 2.000000 8.690771 5.462604 0.308657 0.428670 0.279027 0.279027 
155.500000 197 2.000000 9.066937 5.130056 0.573859 -2.287683 5.562810 5.562810 
155.500000 198 2.000000 8.565125 0.823645 1.037927 -0.347791 1.198251 1.198251 
155.500000 199 2.000000 0.181924 19.231418 0.454806 0.381694 0.352539 0.352539 
155.500000 200 2.000000 12.451503 18.205005 -0.452365 0.531143 0.486746 0.486746 
155.500000 201 2.000000 13.021550 1.305713 0.132344 0.334798 0.129605 0.129605 
155.500000 202 2.000000 6.158255 7.264184 0.631616 1.076175 1.557092 1.557092 
155.500000 203 2.000000 3.881232 0.403755 -0.177478 0.672924 0.484325 0.484325 
155.500000 204 2.000000 12.984258 0.851889 -0.857808 -1.066747 1.873784 1.873784 
155.500000 205 2.000000 5.875767 13.036623 0.342610 1.090931 1.307512 1.307512 
155.500000 206 2.000000 12.384235 0.897865 -0.734638 -0.828726 1.226480 1.226480 
155.500000 207 2.000000 8.184318 2.856404 -0.471584 -1.503574 2.483125 2.483125 
155.500000 208 2.000000 1.456064 9.460948 -0.782241 -0.031829 0.612914 0.612914 
155.500000 209 2.000000 11.993519 8.641285 0.064978 0.002273 0.004227 0.004227 
155.500000 210 2.000000 0.960760 16.083850 0.533755 -1.263274 1.880755 1.880755 
155.500000 211 2.000000 11.264867 19.066023 -0.881621 0.663721 1.217782 1.217782 
155.500000 212 2.000000 3.552174 13.647030 -1.576515 -0.283410 2.565720 2.565720 
155.500000 213 2.000000 4.074556 13.259769 0.062557 0.371742 0.142106 0.142106 
155.500000 214 2.000000 4.856638 17.885634 -0.464445 -0.039239 0.217249 0.217249 
155.500000 215 2.000000 0.264689 0.338411 0.407212 0.966885 1.100689 1.100689 
155.500000 216 2.000000 11.602930 12.177397 -0.728625 -0.427516 0.713665 0.713665 
155.500000 217 2.000000 3.887758 10.717683 0.538336 -1.539836 2.660901 2.660901 
155.500000 218 2.000000 10.956964 17.432157 0.276343 -0.153926 0.100059 0.100059 
155.500000 219 2.000000 3.023311 16.161856 -0.225717 0.482100 0.283368 0.283368 
155.500000 220 2.000000 7.122257 16.380410 -0.925738 0.398069 1.015449 1.015449 
155.500000 221 2.000000 6.944614 19.200887 1.006466 -0.799112 1.651553 1.651553 
155.500000 222 2.000000 6.574187 7.063253 1.776807 0.642114 3.569353 3.569353 
155.500000 223 2.000000 12.136121 19.865819 -0.968894 0.389913 1.090788 1.090788 
155.500000 224 2.000000 3.323333 8.264514 -0.999399 -0.074281 1.004316 1.004316 
155.500000 225 2.000000 10.207525 9.673345 0.624313 -0.292308 0.475211 0.475211 
155.500000 226 2.000000 2.860773 11.284298 0.572154 -0.006402 0.327402 0.327402 
155.500000 227 2.000000 0.011576 19.858781 -0.775951 -0.172126 0.631728 0.631728 
155.500000 228 2.000000 1.882476 6.712467 -0.102296 -0.402146 0.172186 0.172186 
155.500000 229 2.000000 3.318876 15.580103 -0.309680 0.300774 0.186367 0.186367 
155.500000 230 2.000000 0.642470 17.002247 -0.554983 -0.536140 0.595452 0.595452 
155.500000 231 2.000000 7.542359 1.876376 0.811006 -0.969178 1.597037 1.597037 
155.500000 232 2.000000 4.080789 13.489696 -0.349118 0.120887 0.136497 0.136497 
155.500000 233 2.000000 5.858117 0.111130 -1.952624 0.740863 4.361617 4.361617 
155.500000 234 2.000000 12.031448 8.829074 -0.004186 0.321384 0.103305 0.103305 
155.500000 235 2.000000 3.989123 0.791964 -1.247806 -0.114163 1.570052 1.570052 
155.500000 236 2.000000 12.959321 2.044346 -0.093135 0.229702 0.061437 0.061437 
155.500000 237 2.000000 10.218744 1.734332 -0.216998 -1.278767 1.682334 1.682334 
155.500000 238 2.000000 4.998156 19.259364 1.063437 -0.032055 1.131926 1.131926 
155.500000 239 2.000000 11.817836 0.766325 -0.458956 0.232219 0.264567 0.264567 
155.500000 240 2.000000 10.834973 8.092926 -0.894849 -1.384543 2.717715 2.717715 
155.500000 241 2.000000 9.432970 15.662571 1.150362 1.430372 3.369296 3.369296 
155.500000 242 2.000000 11.136722 12.658960 0.710965 0.913253 1.339501 1.339501 
155.500000 243 2.000000 4.213718 4.501196 -1.206909 -0.557967 1.767956 1.767956 
155.500000 244 2.000000 4.434928 4.328452 0.784943 -0.309204 0.711743 0.711743 
155.500000 245 2.000000 8.385210 11.300852 -1.821059 0.212010 3.361204 3.361204 
155.500000 246 2.000000 4.671254 14.091006 0.793951 0.725410 1.156578 1.156578 
155.500000 247 2.000000 9.254884 0.723012 0.649465 0.466459 0.639389 0.639389 
155.500000 248 2.000000 7.222633 10.557913 -1.222201 -0.925695 2.350686 2.350686 
155.500000 249 2.000000 12.387415 19.353474 1.121033 0.046567 1.258883 1.258883 
155.500000 250 2.000000 1.998161 17.472800 -1.427981 -0.722057 2.560497 2.560497 
155.500000 251 2.000000 6.180013 4.383946 1.113516 -0.115542 1.253267 1.253267 
155.500000 252 2.000000 2.301758 14.164405 -0.002220 1.215473 1.477379 1.477379 
155.500000 253 2.000000 12.431454 0.650082 0.844039 1.083469 1.886306 1.886306 
155.500000 254 2.000000 4.877700 19.600461 0.099545 1.213651 1.482857 1.482857 
155.500000 255 2.000000 5.637980 3.281335 -1.068856 -1.399051 3.099798 3.099798 
155.500000 256 2.000000 1.589619 0.925410 0.474513 0.528805 0.504797 0.504797 
155.500000 257 2.000000 9.416304 4.599081 -0.062741 0.460629 0.216116 0.216116 
155.500000 258 2.000000 0.576609 11.972600 -1.066229 -0.768202 1.726980 1.726980 
155.500000 259 2.000000 1.744269 5.541440 -1.309638 -0.082057 1.721884 1.721884 
155.500000 260 2.000000 7.619047 5.049722 -0.112157 -0.815762 0.678047 0.678047 
155.500000 261 2.000000 10.504341 18.191151 -1.329265 0.007923 1.767009 1.767009 
155.500000 262 2.000000 3.835657 6.918012 0.085310 1.267984 1.615062 1.615062 
155.500000 263 2.000000 6.679782 18.482307 1.322729 0.865682 2.499017 2.499017 
155.500000 264 2.000000 8.070388 16.376904 -0.443604 -0.569486 0.521100 0.521100 
155.500000 265 2.000000 13.359550 5.936981 -1.257081 -0.397822 1.738515 1.738515 
155.500000 266 2.000000 4.730355 0.009407 -0.929490 -0.695325 1.347428 1.347428 
155.500000 267 2.000000 4.215170 8.483345 0.581403 -0.340729 0.454126 0.454126 
155.500000 268 2.000000 9.600042 19.094813 -2.283478 1.138462 6.510371 6.510371 
155.500000 269 2.000000 0.946032 1.890940 1.351474 1.146024 3.139851 3.139851 
155.500000 270 2.000000 0.267724 8.691080 0.764923 1.072973 1.736378 1.736378 
155.500000 271 2.000000 8.234413 12.644011 0.152165 -0.539252 0.313947 0.313947 
155.500000 272 2.000000 10.529734 19.580480 -0.772994 0.210558 0.641854 0.641854 
155.500000 273 2.000000 9.229626 9.616817 -0.727556 0.037278 0.530728 0.530728 
155.500000 274 2.000000 10.545008 16.272109 1.486854 -0.234780 2.265857 2.265857 
155.500000 275 2.000000 10.050149 7.735500 0.276636 -0.515901 0.342681 0.342681 
155.500000 276 2.000000 11.656078 11.663116 -0.615501 -0.639638 0.787979 0.787979 
155.500000 277 2.000000 5.612228 7.644817 -1.168492 -0.780635 1.974764 1.974764 
155.500000 278 2.000000 8.020984 19.423848 0.871846 0.323958 0.865064 0.865064 
155.500000 279 2.000000 5.198363 12.384799 -0.489403 0.640041 0.649168 0.649168 
155.500000 280 2.000000 5.971741 11.014793 -0.507425 1.478496 2.443429 2.443429 
155.500000 281 2.000000 7.493812 19.717292 -0.149919 0.370545 0.159779 0.159779 
155.500000 282 2.000000 8.034563 6.355629 0.191838 1.041906 1.122370 1.122370 
155.500000 283 2.000000 6.086378 13.133026 -1.418107 -0.754525 2.580335 2.580335 
155.500000 284 2.000000 7.346424 15.115645 0.435989 -0.074005 0.195564 0.195564 
155.500000 285 2.000000 6.534419 0.000001 0.726728 1.682988 3.360582 3.360582 
155.500000 286 2.000000 0.562762 19.176975 1.250580 -0.609647 1.935621 1.935621 
155.500000 287 2.000000 7.790167 3.584480 -0.140328 0.343012 0.137349 0.137349 
155.500000 288 2.000000 11.476443 17.070366 -0.285825 -0.010477 0.081806 0.081806 
155.500000 289 2.000000 8.238496 2.019668 0.849329 -0.324647 0.826756 0.826756 
155.500000 290 2.000000 2.865983 0.778492 0.855517 -0.569526 1.056269 1.056269 
155.500000 291 2.000000 2.197227 13.679154 0.878890 -0.142710 0.792814 0.792814 
155.500000 292 2.000000 4.512437 6.145002 1.556013 -0.639954 2.830716 2.830716 
155.500000 293 2.000000 4.518038 17.966454 -0.729189 -0.865338 1.280526 1.280526 
155.500000 294 2.000000 1.038072 14.103416 -0.458741 1.148836 1.530269 1.530269 
155.500000 295 2.000000 12.536290 15.572650 -0.699578 -0.458793 0.699901 0.699901 
155.500000 296 2.000000 3.513124 5.296791 0.807615 0.814891 1.316288 1.316288 
155.500000 297 2.000000 8.747933 8.381974 -0.992752 0.314441 1.084430 1.084430 
155.500000 298 2.000000 3.571818 11.066296 -1.207345 -0.891779 2.252952 2.252952 
155.500000 299 2.000000 13.996865 8.954736 0.027976 -0.992044 0.984935 0.984935 
155.500000 300 2.000000 8.503045 15.876650 -0.261518 0.021316 0.068846 0.068846 
155.500000 301 2.000000 3.778483 1.983156 -0.110115 1.367693 1.882710 1.882710 
155.500000 302 2.000000 2.580072 4.878143 -0.858528 0.940800 1.622175 1.622175 
155.500000 303 2.000000 13.815862 16.572964 0.772461 1.348452 2.415019 2.415019 
155.500000 304 2.000000 9.499552 17.233443 0.975179 0.997300 1.945583 1.945583 
155.500000 305 2.000000 5.602546 8.372756 0.538201 0.171681 0.319134 0.319134 
155.500000 306 2.000000 14.020684 7.661419 1.149236 -0.042028 1.322510 1.322510 
155.500000 307 2.000000 11.410074 9.426701 0.049654 -1.400437 1.963689 1.963689 
155.500000 308 2.000000 10.748745 15.788766 -0.917541 -0.462773 1.056039 1.056039 
155.500000 309 2.000000 12.947199 19.192660 0.782308 0.981722 1.575783 1.575783 
155.500000 310 2.000000 2.718363 6.642990 0.236379 -0.589713 0.403637 0.403637 
155.500000 311 2.000000 7.517703 6.276210 1.708569 -0.126586 2.935231 2.935231 
155.500000 312 2.000000 1.087617 11.499836 0.701688 -0.315405 0.591846 0.591846 
155.500000 313 2.000000 1.618157 12.608835 1.198634 0.829529 2.124841 2.124841 
155.500000 314 2.000000 1.151231 11.247360 0.639572 -0.275811 0.485125 0.485125 
155.500000 315 2.000000 0.931285 11.896471 0.315689 0.061926 0.103495 0.103495 
155.500000 316 2.000000 11.118528 1.741727 -0.309459 1.123694 1.358453 1.358453 
155.500000 317 2.000000 3.307245 17.972239 0.944927 -0.540736 1.185282 1.185282 
155.500000 318 2.000000 6.404363 0.592973 -0.486503 -1.233501 1.758210 1.758210 
155.500000 319 2.000000 11.102065 17.370649 -2.374691 -0.639713 6.048393 6.048393 
155.500000 320 2.000000 8.432244 17.103770 -0.316487 0.466140 0.317451 0.317451 
155.500000 321 2.000000 5.939060 5.715451 0.282926 1.329174 1.846752 1.846752 
155.500000 322 2.000000 6.457789 0.044428 -0.160334 -0.967104 0.960997 0.960997 
155.500000 323 2.000000 9.607596 0.255340 -1.557798 -0.190896 2.463175 2.463175 
155.500000 324 2.000000 8.272785 4.345151 -0.634740 -0.738436 0.948183 0.948183 
155.500000 325 2.000000 11.704234 2.682200 -0.529693 0.638477 0.688228 0.688228 
155.500000 326 2.000000 7.073383 19.629798 -0.144154 -0.077937 0.026855 0.026855 
155.500000 327 2.000000 13.718178 3.649924 -1.103204 0.820207 1.889799 1.889799 
155.500000 328 2.000000 3.239982 18.144129 -0.346252 0.995313 1.110538 1.110538 
155.500000 329 2.000000 6.478150 14.376878 -0.371166 0.419885 0.314068 0.314068 
155.500000 330 2.000000 12.764573 2.114964 -0.115569 0.361532 0.144062 0.144062 
155.500000 331 2.000000 3.838701 11.355212 -1.005198 1.135521 2.299831 2.299831 
155.500000 332 2.000000 4.284872 17.546076 0.659211 0.928364 1.296418 1.296418 
155.500000 333 2.000000 1.797613 15.304586 1.159749 -0.552402 1.650166 1.650166 
155.500000 334 2.000000 1.980181 14.033593 -0.348415 -0.472831 0.344962 0.344962 
155.500000 335 2.000000 2.944325 16.409134 -0.162607 0.218954 0.074382 0.074382 
155.500000 336 2.000000 0.726307 10.496772 -0.796482 1.044455 1.725269 1.725269 
155.500000 337 2.000000 12.620840 11.068066 -0.497425 1.264922 1.847458 1.847458 
155.500000 338 2.000000 8.447363 5.778083 -0.437430 -1.106632 1.415979 1.415979 
155.500000 339 2.000000 13.945063 9.200125 0.917438 1.343084 2.645567 2.645567 
155.500000 340 2.000000 10.038329 4.763525 -0.664053 -1.905453 4.071716 4.071716 
155.500000 341 2.000000 8.768644 3.755523 -0.524060 -1.082965 1.447452 1.447452 
155.500000 342 2.000000 2.217797 10.443365 -1.263481 0.260554 1.664272 1.664272 
155.500000 343 2.000000 3.602822 14.627338 -0.071089 -1.452071 2.113563 2.113563 
155.500000 344 2.000000 6.115211 1.110032 0.416001 0.209440 0.216922 0.216922 
155.500000 345 2.000000 8.545831 19.879417 0.306193 0.671855 0.545143 0.545143 
155.500000 346 2.000000 12.413076 6.097214 -1.636022 -0.787693 3.297029 3.297029 
155.500000 347 2.000000 3.534750 6.556640 0.133849 -0.076912 0.023831 0.023831 
155.500000 348 2.000000 10.736052 17.797927 0.845192 1.352644 2.543995 2.543995 
155.500000 349 2.000000 3.165037 5.312266 0.143825 0.741412 0.570377 0.570377 
155.500000 350 2.000000 13.483091 9.773764 1.785840 -0.677234 3.647870 3.647870 
155.500000 351 2.000000 3.330703 1.611397 0.061622 -0.684190 0.471913 0.471913 
155.500000 352 2.000000 5.049183 9.807113 0.534305 -0.757835 0.859796 0.859796 
155.500000 353 2.000000 9.434696 3.329200 -0.187480 0.058616 0.038585 0.038585 
155.500000 354 2.000000 8.952181 12.863919 -0.664685 -0.870254 1.199148 1.199148 
155.500000 355 2.000000 2.715351 5.031341 0.376104 -0.490385 0.381932 0.381932 
155.500000 356 2.000000 2.693593 11.637222 -0.829486 0.310326 0.784350 0.784350 
155.500000 357 2.000000 8.302902 19.185555 1.071342 -0.479084 1.377296 1.377296 
155.500000 358 2.000000 2.778542 11.002867 -0.274938 0.492527 0.318173 0.318173 
155.500000 359 2.000000 11.441096 18.904093 0.763601 1.312045 2.304548 2.304548 
155.500000 360 2.000000 1.195676 12.262124 0.217395 -0.480613 0.278250 0.278250 
155.500000 361 2.000000 4.109040 10.105666 0.733757 1.698431 3.423068 3.423068 
155.500000 362 2.000000 0.246998 14.587662 -1.315365 1.383208 3.643449 3.643449 
155.500000 363 2.000000 11.305842 19.297481 -0.982121 1.115461 2.208816 2.208816 
155.500000 364 2.000000 4.102691 17.060775 1.709454 -0.379198 3.066024 3.066024 
155.500000 365 2.000000 0.961636 4.521665 -0.374219 0.535108 0.426381 0.426381 
155.500000 366 2.000000 0.472223 14.662000 -1.559651 -0.564868 2.751586 2.751586 
155.500000 367 2.000000 4.204649 1.998291 0.056476 -1.200114 1.443463 1.443463 
155.500000 368 2.000000 11.667864 10.063540 0.130338 -1.168995 1.383538 1.383538 
155.500000 369 2.000000 0.345162 2.137503 -0.292672 0.480337 0.316381 0.316381 
155.500000 370 2.000000 11.308254 1.712538 -0.357856 -0.679831 0.590231 0.590231 
155.500000 371 2.000000 14.090999 19.181296 -1.039014 -1.169576 2.447459 2.447459 
155.500000 372 2.000000 9.269081 13.987222 -0.618954 -0.116437 0.396662 0.396662 
155.500000 373 2.000000 10.951721 17.228064 0.946706 0.644872 1.312112 1.312112 
155.500000 374 2.000000 12.226256 10.819611 -0.681015 0.194074 0.501446 0.501446 
155.500000 375 2.000000 3.599218 4.852046 0.361730 1.155249 1.465449 1.465449 
155.500000 376 2.000000 3.872889 16.894595 -0.236964 -0.161561 0.082254 0.082254 
155.500000 377 2.000000 4.545043 2.638026 0.207795 -1.471354 2.208060 2.208060 
155.500000 378 2.000000 11.761671 10.408652 -0.453951 -1.270377 1.819930 1.819930 
155.500000 379 2.000000 8.622460 15.729881 -0.769282 -0.862751 1.336134 1.336134 
155.500000 380 2.000000 5.404031 5.134554 1.202395 0.317324 1.546448 1.546448 
155.500000 381 2.000000 12.611816 13.938259 -0.759553 0.317862 0.677957 0.677957 
155.500000 382 2.000000 1.628476 17.055677 -1.512716 0.538228 2.578000 2.578000 
155.500000 383 2.000000 2.755024 5.076128 -0.127515 0.447618 0.216622 0.216622 
155.500000 384 2.000000 6.861344 11.520298 0.085069 -0.170790 0.036406 0.036406 
155.500000 385 2.000000 0.029967 14.007558 -0.729494 0.564545 0.850872 0.850872 
155.500000 386 2.000000 3.591288 7.876526 -0.717853 0.665058 0.957614 0.957614 
155.500000 387 2.000000 4.729841 3.094773 -1.666028 -0.504119 3.029784 3.029784 
155.500000 388 2.000000 11.029682 13.691036 -0.404625 0.967564 1.099902 1.099902 
155.500000 389 2.000000 1.237053 1.090396 1.767217 0.307154 3.217398 3.217398 
155.500000 390 2.000000 11.382624 7.517456 0.152639 0.874123 0.787389 0.787389 
155.500000 391 2.000000 1.931198 11.778767 0.559145 -0.718590 0.829015 0.829015 
155.500000 392 2.000000 7.487739 17.514860 -1.249607 0.147331 1.583225 1.583225 
155.500000 393 2.000000 3.240343 10.955407 1.322589 -0.791311 2.375413 2.375413 
155.500000 394 2.000000 0.882150 3.033843 0.980165 0.619151 1.344072 1.344072 
155.500000 395 2.000000 3.202956 13.743497 1.256061 1.156104 2.914265 2.914265 
155.500000 396 2.000000 2.033674 16.469478 0.016297 0.355178 0.126417 0.126417 
155.500000 397 2.000000 3.934474 1.280757 0.925758 0.609884 1.228987 1.228987 
155.500000 398 2.000000 1.675201 13.848321 -0.397810 1.505252 2.424037 2.424037 
155.500000 399 2.000000 10.953336 7.548634 0.715766 -0.335968 0.625195 0.625195 
155.500000 400 2.000000 3.700819 9.372391 -0.893159 0.502541 1.050280 1.050280 
155.500000 401 2.000000 5.979038 14.713258 0.649895 1.741214 3.454189 3.454189 
155.500000 402 2.000000 12.816640 12.178794 0.407569 -0.253082 0.230163 0.230163 
155.500000 403 2.000000 8.314624 16.810601 -0.798049 1.640059 3.326675 3.326675 
155.500000 404 2.000000 8.196446 11.046469 1.100194 -1.557136 3.635098 3.635098 
155.500000 405 2.000000 10.249662 9.814643 -0.537613 0.903804 1.105890 1.105890 
155.500000 406 2.000000 1.705870 12.827120 -0.976267 -0.607871 1.322605 1.322605 
155.500000 407 2.000000 0.863496 10.824963 1.328454 -0.544513 2.061284 2.061284 
155.500000 408 2.000000 8.699959 6.289475 1.029581 0.047289 1.062273 1.062273 
155.500000 409 2.000000 7.462522 15.945248 -0.456694 0.044594 0.210558 0.210558 
155.500000 410 2.000000 2.423289 9.888068 -1.090210 -0.231728 1.242255 1.242255 
155.500000 411 2.000000 11.145406 10.273296 0.740558 -0.997611 1.543654 1.543654 
155.500000 412 2.000000 2.910630 12.717713 -1.885995 1.296233 5.237197 5.237197 
155.500000 413 2.000000 3.025228 13.838953 -0.312274 0.296301 0.185309 0.185309 
155.500000 414 2.000000 2.875486 9.536559 -1.305290 0.522551 1.976841 1.976841 
155.500000 415 2.000000 7.066853 11.057788 1.356322 -0.583005 2.179506 2.179506 
155.500000 416 2.000000 12.357843 16.853671 -0.052525 -0.729529 0.534972 0.534972 
155.500000 417 2.000000 13.978326 13.679325 -0.789155 -1.353661 2.455163 2.455163 
155.500000 418 2.000000 5.879267 11.235094 -0.143489 1.498012 2.264630 2.264630 
155.500000 419 2.000000 10.886635 14.062527 -1.563888 0.185570 2.480180 2.480180 
155.500000 420 2.000000 3.147018 5.289959 -0.698855 0.671199 0.938907 0.938907 
155.500000 421 2.000000 11.170213 5.201398 0.120798 0.811702 0.673452 0.673452 
155.500000 422 2.000000 4.436353 12.794972 -1.033324 1.273131 2.688623 2.688623 
155.500000 423 2.000000 7.211487 2.508737 -0.428881 0.983818 1.151837 1.151837 
155.500000 424 2.000000 5.174739 18.256161 1.004803 0.738835 1.555507 1.555507 
155.500000 425 2.000000 1.066751 6.010590 -0.472654 -0.262652 0.292388 0.292388 
155.500000 426 2.000000 0.947912 11.265910 1.723475 1.028514 4.028207 4.028207 
155.500000 427 2.000000 9.835665 11.920799 0.862778 1.069130 1.887424 1.887424 
155.500000 428 2.000000 1.745554 7.792034 -2.095574 0.232946 4.445695 4.445695 
155.500000 429 2.000000 13.637330 19.466832 0.474342 0.804414 0.872083 0.872083 
155.500000 430 2.000000 3.389173 3.187743 -0.050390 1.385975 1.923465 1.923465 
155.500000 431 2.000000 3.849555 9.209515 2.080840 0.246637 4.390725 4.390725 
155.500000 432 2.000000 6.959266 0.799582 0.823582 0.246025 0.738815 0.738815 
155.500000 433 2.000000 10.344099 10.342277 0.123167 -0.625095 0.405914 0.405914 
155.500000 434 2.000000 13.041834 6.908411 0.691874 -1.073081 1.630193 1.630193 
155.500000 435 2.000000 11.715054 4.190556 0.997026 -0.179903 1.026426 1.026426 
155.500000 436 2.000000 12.347690 19.129729 -1.283221 0.335983 1.759541 1.759541 
155.500000 437 2.000000 2.880092 19.600164 -1.076047 -1.142387 2.462924 2.462924 
155.500000 438 2.000000 12.982226 11.528614 0.693580 0.186167 0.515711 0.515711 
155.500000 439 2.000000 4.304267 0.321961 1.103658 0.804901 1.865926 1.865926 
155.500000 440 2.000000 11.153219 8.905712 -1.373355 0.361879 2.017059 2.017059 
155.500000 441 2.000000 11.106401 10.692852 -0.708696 0.872886 1.264180 1.264180 
155.500000 442 2.000000 9.022518 2.281868 1.516389 -0.429288 2.483725 2.483725 
155.500000 443 2.000000 6.218680 7.776839 -0.571717 -1.373389 2.213056 2.213056 
155.500000 444 2.000000 0.088642 13.064102 1.772814 1.176946 4.528072 4.528072 
155.500000 445 2.000000 2.497122 17.609028 -1.077810 0.633418 1.562892 1.562892 
155.500000 446 2.000000 0.444797 7.679711 1.270846 -1.699350 4.502841 4.502841 
155.500000 447 2.000000 11.900417 3.590582 0.410359 0.718116 0.684086 0.684086 
155.500000 448 2.000000 7.492688 19.113239 0.419309 -1.266800 1.780602 1.780602 
155.500000 449 2.000000 6.825753 15.603756 0.238504 -0.715182 0.568370 0.568370 
155.500000 450 2.000000 11.962208 3.965134 0.941906 0.426358 1.068968 1.068968 
155.500000 451 2.000000 8.707297 13.441509 -0.942824 -1.225886 2.391713 2.391713 
155.500000 452 2.000000 3.282864 10.385652 0.404113 0.608056 0.533039 0.533039 
155.500000 453 2.000000 14.090999 1.542848 -1.537408 1.542847 4.744002 4.744002 
155.500000 454 2.000000 3.440970 5.787906 -1.559433 0.260131 2.499498 2.499498 
155.500000 455 2.000000 11.329926 14.110611 -0.719746 -0.501224 0.769261 0.769261 
155.500000 456 2.000000 13.543215 3.240965 0.760078 0.210679 0.622104 0.622104 
155.500000 457 2.000000 5.096366 2.591919 -1.066678 1.079966 2.304129 2.304129 
155.500000 458 2.000000 11.232858 2.548059 -0.673142 0.849353 1.174521 1.174521 
155.500000 459 2.000000 12.213574 4.397574 1.401327 0.648381 2.384116 2.384116 
155.500000 460 2.000000 4.035562 12.492217 -0.261103 0.574355 0.398058 0.398058 
155.500000 461 2.000000 2.965554 17.064031 -1.714890 -0.661931 3.379001 3.379001 
155.500000 462 2.000000 0.858581 13.763984 -0.973089 -0.007732 0.946963 0.946963 
155.500000 463 2.000000 9.550848 5.276590 0.775510 1.122678 1.861823 1.861823 
155.500000 464 2.000000 2.864888 15.039449 0.987892 -0.387543 1.126121 1.126121 
155.500000 465 2.000000 8.790939 11.283568 1.564435 0.632417 2.847409 2.847409 
155.500000 466 2.000000 11.587879 18.246443 -1.825943 -0.242906 3.393072 3.393072 
155.500000 467 2.000000 10.601855 8.026231 -1.462140 0.790762 2.763158 2.763158 
155.500000 468 2.000000 9.315979 13.177685 0.319926 -0.710658 0.607387 0.607387 
155.500000 469 2.000000 10.688032 7.074004 0.529110 -0.416685 0.453584 0.453584 
155.500000 470 2.000000 3.248348 11.217750 -0.069753 0.305771 0.098361 0.098361 
155.500000 471 2.000000 12.250665 15.742804 1.426005 0.371341 2.171383 2.171383 
155.500000 472 2.000000 7.129510 0.474912 -0.972428 -1.208984 2.407258 2.407258 
155.500000 473 2.000000 6.291218 2.202733 -0.301826 0.847205 0.808854 0.808854 
155.500000 474 2.000000 11.474669 9.577519 0.772705 -0.639416 1.005926 1.005926 
155.500000 475 2.000000 13.173669 13.619730 -0.955330 -0.768707 1.503566 1.503566 
155.500000 476 2.000000 3.930475 1.005856 -1.233356 -0.708555 2.023216 2.023216 
155.500000 477 2.000000 7.518213 11.529167 0.199422 0.435063 0.229049 0.229049 
155.500000 478 2.000000 10.949841 9.499167 1.738070 0.054979 3.023909 3.023909 
155.500000 479 2.000000 1.340129 11.508628 0.336031 0.910289 0.941543 0.941543 
155.500000 480 2.000000 12.984830 4.376326 1.828849 -0.125505 3.360441 3.360441 
155.500000 481 2.000000 10.236194 1.916091 -1.139373 -0.009595 1.298263 1.298263 
155.500000 482 2.000000 6.659802 15.685276 -0.642715 -0.235564 0.468573 0.468573 
155.500000 483 2.000000 10.530018 4.846629 -0.043489 0.981177 0.964600 0.964600 
155.500000 484 2.000000 1.329606 17.160908 -0.808344 0.266424 0.724403 0.724403 
155.500000 485 2.000000 9.911187 19.622928 -0.789006 -0.122202 0.637464 0.637464 
155.500000 486 2.000000 5.491902 5.903915 -0.995723 -0.054441 0.994429 0.994429 
155.500000 487 2.000000 13.057916 15.215867 -0.487167 0.942159 1.124995 1.124995 
155.500000 488 2.000000 1.586700 8.296592 -0.076223 1.058619 1.126484 1.126484 
155.500000 489 2.000000 6.886103 12.679865 0.577301 -1.343144 2.137312 2.137312 
155.500000 490 2.000000 10.557903 17.299187 -0.698392 -0.782844 1.100596 1.100596 
155.500000 491 2.000000 3.696521 10.444424 -0.385464 1.065757 1.284421 1.284421 
155.500000 492 2.000000 8.156275 5.969439 1.647732 0.674513 3.169989 3.169989 
155.500000 493 2.000000 2.356056 11.466458 -0.259305 -1.723948 3.039235 3.039235 
155.500000 494 2.000000 8.127943 1.715767 0.023692 0.119150 0.014758 0.014758 
155.500000 495 2.000000 6.582630 3.507179 0.155871 -0.023923 0.024868 0.024868 
155.500000 496 2.000000 1.389249 4.707112 -1.083412 -0.872107 1.934351 1.934351 
155.500000 497 2.000000 2.643539 16.376945 -0.543919 0.841227 1.003511 1.003511 
155.500000 498 2.000000 8.552088 13.087040 0.208800 0.549039 0.345041 0.345041 
155.500000 499 2.000000 5.914999 6.077367 0.181324 0.088938 0.040788 0.040788 
155.500000 500 2.000000 13.102056 1.583685 1.010797 -0.599091 1.380620 1.380620 
