975.000000 1 2.000000 0.966142 5.988305 0.287853 -7.287253 
975.000000 2 2.000000 0.565862 12.702881 5.658610 -2.772239 
975.000000 3 2.000000 0.222118 8.508509 0.634620 -4.714360 
975.000000 4 2.000000 0.961000 5.648232 0.274571 4.344793 
975.000000 5 2.000000 0.332462 6.247975 -2.670146 -0.525226 
975.000000 6 2.000000 0.634991 0.259026 4.233266 5.180494 
975.000000 7 2.000000 0.788851 8.556592 -2.111482 0.097133 
975.000000 8 2.000000 0.097591 11.229630 1.951806 -1.885051 
975.000000 9 2.000000 0.408325 9.440991 -1.923751 10.757140 
975.000000 10 2.000000 0.169709 19.042079 -8.302900 1.899270 
975.000000 11 2.000000 0.743190 13.327747 -0.642024 0.958171 
975.000000 12 2.000000 0.267640 19.908539 1.338194 4.158804 
975.000000 13 2.000000 0.496080 14.913244 0.620099 1.554518 
975.000000 14 2.000000 0.517376 0.565280 -4.826232 1.413197 
975.000000 15 2.000000 0.968200 14.324665 1.351640 6.661045 
975.000000 16 2.000000 0.445219 1.334125 -3.696875 1.834644 
975.000000 17 2.000000 0.505915 9.734725 -1.411668 0.952931 
975.000000 18 2.000000 0.291701 15.767953 -3.541490 7.333931 
975.000000 19 2.000000 0.648041 1.696495 -7.039155 -0.550784 
975.000000 20 2.000000 0.586921 16.478799 2.934599 1.897076 
975.000000 21 2.000000 0.900267 15.704878 -0.249329 0.890565 
975.000000 22 2.000000 0.000001 13.629008 5.834280 3.495314 
975.000000 23 2.000000 0.000001 1.350631 5.522861 5.402521 
975.000000 24 2.000000 0.347934 3.722740 0.085539 -0.823256 
975.000000 25 2.000000 0.636034 19.150285 -3.639652 4.073906 
975.000000 26 2.000000 0.411866 5.422410 4.118652 -2.879991 
975.000000 27 2.000000 0.000001 9.813447 2.744960 -5.820887 
975.000000 28 2.000000 0.450349 8.692806 1.286709 -5.495943 
975.000000 29 2.000000 0.768441 13.024545 3.073761 -6.341322 
975.000000 30 2.000000 0.229739 15.899263 -1.400473 0.736134 
975.000000 31 2.000000 0.000001 10.574784 2.339952 -1.237678 
975.000000 32 2.000000 0.735896 8.256591 -1.320513 -4.712036 
975.000000 33 2.000000 0.756228 16.296575 -0.812570 2.030906 
975.000000 34 2.000000 0.130886 18.079200 -0.347645 -2.561065 
975.000000 35 2.000000 0.376841 10.780416 -0.070142 8.431504 
975.000000 36 2.000000 0.999999 17.313714 -4.799385 1.713464 
975.000000 37 2.000000 0.465901 14.860141 -0.890163 -7.342654 
975.000000 38 2.000000 0.999999 14.074779 -2.942090 1.002960 
975.000000 39 2.000000 0.458751 8.788573 0.655358 7.989611 
975.000000 40 2.000000 0.892943 8.304161 5.952948 3.075615 
975.000000 41 2.000000 0.999999 6.451462 -6.327946 -0.366074 
975.000000 42 2.000000 0.097408 8.136980 -1.731165 0.785739 
975.000000 43 2.000000 0.000001 11.629762 5.249918 1.381484 
975.000000 44 2.000000 0.987950 19.429944 3.293163 0.359185 
975.000000 45 2.000000 0.278527 2.384284 5.570512 5.298407 
975.000000 46 2.000000 0.569155 7.191909 5.691543 -1.970380 
975.000000 47 2.000000 0.442660 17.734918 -0.251857 2.784020 
975.000000 48 2.000000 0.954028 8.258672 6.360177 0.797597 
975.000000 49 2.000000 0.753839 12.291402 5.025588 2.574482 
975.000000 50 2.000000 0.612422 15.322475 -0.310989 0.133623 
975.000000 51 2.000000 0.468839 6.232530 -5.311599 -4.721797 
975.000000 52 2.000000 0.259460 9.473491 5.189185 5.977866 
975.000000 53 2.000000 0.634597 19.416461 1.813131 1.035492 
975.000000 54 2.000000 0.592067 3.176604 -2.039658 -2.730726 
975.000000 55 2.000000 0.868587 15.558089 5.790573 2.316835 
975.000000 56 2.000000 0.777010 7.273412 3.960652 5.746695 
975.000000 57 2.000000 0.009272 15.828969 -0.440777 -1.069271 
975.000000 58 2.000000 0.999999 0.085002 -3.840402 -1.117783 
975.000000 59 2.000000 0.364352 8.538618 -0.908068 -2.854237 
975.000000 60 2.000000 0.347469 12.178094 -1.450067 2.387861 
975.000000 61 2.000000 0.984328 0.824813 2.460778 -2.713049 
975.000000 62 2.000000 0.890572 6.823982 2.174715 -5.049089 
975.000000 63 2.000000 0.999999 7.442326 -5.879606 1.677614 
975.000000 64 2.000000 0.999999 15.843804 -3.338073 -3.614083 
975.000000 65 2.000000 0.000001 16.863565 9.112662 3.832587 
975.000000 66 2.000000 0.300891 16.687663 -1.553573 0.740785 
975.000000 67 2.000000 0.129281 0.994985 -3.482873 9.949839 
975.000000 68 2.000000 0.999999 1.517854 -3.650739 -5.297475 
975.000000 69 2.000000 0.398314 10.680415 -3.008427 -4.558703 
975.000000 70 2.000000 0.679518 0.829953 1.132528 -4.979233 
975.000000 71 2.000000 0.029720 4.707492 -3.234264 -4.749605 
975.000000 72 2.000000 0.999999 5.101561 -3.308883 3.719857 
975.000000 73 2.000000 0.622146 3.168836 4.147632 3.961044 
975.000000 74 2.000000 0.642324 8.443238 1.835209 -3.072383 
975.000000 75 2.000000 0.507855 0.299419 0.923372 5.988351 
975.000000 76 2.000000 0.666085 19.872480 0.082586 0.792069 
975.000000 77 2.000000 0.845209 13.462642 1.126943 4.615258 
975.000000 78 2.000000 0.687016 8.572453 0.055131 -3.924086 
975.000000 79 2.000000 0.388615 10.388361 7.016037 2.860663 
975.000000 80 2.000000 0.410494 3.493998 1.641972 -7.677210 
975.000000 81 2.000000 0.145169 5.933653 -2.442372 0.699235 
975.000000 82 2.000000 0.483393 4.203463 0.805653 4.945250 
975.000000 83 2.000000 0.563706 16.172985 -2.908619 -1.481583 
975.000000 84 2.000000 0.299645 11.110504 -2.434721 -1.494291 
975.000000 85 2.000000 0.073087 6.269333 1.461716 -3.568288 
975.000000 86 2.000000 0.822859 14.353304 -3.542806 -0.746927 
975.000000 87 2.000000 0.999999 19.999999 -4.554762 -7.456406 
975.000000 88 2.000000 0.000001 5.324036 9.406074 -0.060082 
975.000000 89 2.000000 0.610762 6.006111 -1.556946 0.946869 
975.000000 90 2.000000 0.058460 18.333347 -3.766156 7.971020 
975.000000 91 2.000000 0.393973 9.709697 0.875493 -1.525863 
975.000000 92 2.000000 0.696162 18.705526 0.656102 -1.647491 
975.000000 93 2.000000 0.701182 0.756398 2.804723 -4.028548 
975.000000 94 2.000000 0.688550 14.021064 -0.214793 -0.780024 
975.000000 95 2.000000 0.105705 17.416064 2.114083 6.110899 
975.000000 96 2.000000 0.581610 0.162440 -0.697316 3.248790 
975.000000 97 2.000000 0.445365 12.350839 -0.069855 -0.688908 
975.000000 98 2.000000 0.659218 19.503662 2.636869 -1.102970 
975.000000 99 2.000000 0.192312 18.781917 3.846229 -1.218082 
975.000000 100 2.000000 0.511817 12.296745 5.118162 4.288460 
975.000000 101 2.000000 0.615998 12.766236 -3.840014 -2.893505 
975.000000 102 2.000000 0.755767 15.531703 7.557662 -0.290083 
975.000000 103 2.000000 0.693585 19.623820 2.774334 1.956293 
975.000000 104 2.000000 0.114237 11.037713 -1.771524 -3.973676 
975.000000 105 2.000000 0.999999 11.936738 -7.500802 3.409202 
975.000000 106 2.000000 0.254410 1.849702 -2.982357 -3.237028 
975.000000 107 2.000000 0.000001 19.999999 2.226931 -3.490835 
975.000000 108 2.000000 0.812666 17.785144 -0.624443 -2.460950 
975.000000 109 2.000000 0.999999 16.663889 -2.503027 -1.710826 
975.000000 110 2.000000 0.349985 4.300489 -0.990496 3.639640 
975.000000 111 2.000000 0.869589 0.126874 5.797252 -4.154406 
975.000000 112 2.000000 0.153634 18.241019 1.024220 -5.863265 
975.000000 113 2.000000 0.410218 12.191628 -3.931874 -4.004293 
975.000000 114 2.000000 0.806347 8.592742 2.303847 -0.938276 
975.000000 115 2.000000 0.648032 18.738631 -2.346444 -1.392544 
975.000000 116 2.000000 0.361469 16.442260 -3.192652 -0.149947 
975.000000 117 2.000000 0.682404 4.471661 0.302327 -8.694518 
975.000000 118 2.000000 0.999999 10.881689 -5.431336 -4.017962 
975.000000 119 2.000000 0.926339 19.749652 2.315846 -1.001388 
975.000000 120 2.000000 0.273536 4.100235 -3.632316 -3.420267 
975.000000 121 2.000000 0.085728 3.859202 -1.406570 -4.337238 
975.000000 122 2.000000 0.486647 18.536353 4.866461 -5.854585 
975.000000 123 2.000000 0.661819 7.142116 2.647272 0.379113 
975.000000 124 2.000000 0.344506 2.300360 0.574175 -0.536207 
975.000000 125 2.000000 0.400594 6.737677 4.005927 0.591341 
975.000000 126 2.000000 0.985742 8.574843 2.816402 -2.523575 
975.000000 127 2.000000 0.932881 7.229747 0.888457 0.362942 
975.000000 128 2.000000 0.614810 18.304509 0.202481 -0.040392 
975.000000 129 2.000000 0.339281 16.372869 6.785605 -6.594782 
975.000000 130 2.000000 0.181227 15.785451 3.624518 -9.365662 
975.000000 131 2.000000 0.868921 17.060879 2.482629 -0.549787 
975.000000 132 2.000000 0.895826 12.028149 0.739207 -1.146547 
975.000000 133 2.000000 0.167795 19.511039 0.671176 2.971745 
975.000000 134 2.000000 0.717804 19.663356 -1.881302 -3.366428 
975.000000 135 2.000000 0.228743 0.851607 0.269108 -3.172638 
975.000000 136 2.000000 0.999999 16.670950 -5.065530 -0.053948 
975.000000 137 2.000000 0.331358 4.721774 -0.040949 8.249518 
975.000000 138 2.000000 0.839412 15.852452 5.596071 -3.456289 
975.000000 139 2.000000 0.179791 2.512597 1.797898 -2.923520 
975.000000 140 2.000000 0.796927 6.757602 -4.061446 -6.155684 
975.000000 141 2.000000 0.704858 7.000337 -2.951408 -4.729593 
975.000000 142 2.000000 0.901890 8.393202 -2.302636 2.937536 
975.000000 143 2.000000 0.184516 12.067840 0.051570 -1.079797 
975.000000 144 2.000000 0.999999 18.425887 -1.336963 7.086879 
975.000000 145 2.000000 0.817141 0.617570 8.171400 -0.389430 
975.000000 146 2.000000 0.942880 2.344453 -1.142370 -0.270045 
975.000000 147 2.000000 0.401866 6.391948 -3.987551 -3.729791 
975.000000 148 2.000000 0.000001 6.858531 2.609989 3.003037 
975.000000 149 2.000000 0.460983 14.706598 3.073210 4.815822 
975.000000 150 2.000000 0.000001 12.092189 3.681800 1.333284 
975.000000 151 2.000000 0.852979 12.355684 1.027100 -0.828577 
975.000000 152 2.000000 0.604675 8.517169 -7.906482 -1.392193 
975.000000 153 2.000000 0.999999 3.363826 -2.200811 1.483284 
975.000000 154 2.000000 0.214949 13.918822 -1.427364 -2.966428 
975.000000 155 2.000000 0.437375 15.978484 2.186868 1.469898 
975.000000 156 2.000000 0.715222 19.999999 3.576106 -6.896633 
975.000000 157 2.000000 0.923914 13.020261 2.499171 -0.919464 
975.000000 158 2.000000 0.999999 17.442320 -2.252074 -1.189618 
975.000000 159 2.000000 0.623206 3.260535 6.232050 2.328953 
975.000000 160 2.000000 0.000001 0.660887 2.507492 0.020799 
975.000000 161 2.000000 0.604073 10.481477 4.027148 -0.897503 
975.000000 162 2.000000 0.000001 1.652229 1.809032 -0.083640 
975.000000 163 2.000000 0.661457 2.093308 0.629958 1.903006 
975.000000 164 2.000000 0.858794 14.455362 0.464212 3.440222 
975.000000 165 2.000000 0.702372 8.070495 -2.976271 -2.033297 
975.000000 166 2.000000 0.502980 1.497104 -4.970187 4.990345 
975.000000 167 2.000000 0.330735 14.856502 -1.912184 -0.192651 
975.000000 168 2.000000 0.950805 13.416212 3.169346 -3.951833 
975.000000 169 2.000000 0.937343 15.172680 2.837409 0.017915 
975.000000 170 2.000000 0.561102 12.049798 0.660118 -3.057770 
975.000000 171 2.000000 0.473328 9.828172 -0.182845 -4.702023 
975.000000 172 2.000000 0.459337 7.001227 4.593360 -0.284436 
975.000000 173 2.000000 0.244035 8.910725 -1.114814 0.520701 
975.000000 174 2.000000 0.929416 19.776146 -1.411661 -2.238528 
975.000000 175 2.000000 0.763224 7.266966 0.118740 4.326924 
975.000000 176 2.000000 0.821792 4.100823 1.173988 -0.060252 
975.000000 177 2.000000 0.932986 5.359615 0.456743 -0.713187 
975.000000 178 2.000000 0.589370 0.263949 5.424785 5.278970 
975.000000 179 2.000000 0.688243 19.391538 3.441210 0.869574 
975.000000 180 2.000000 0.999999 17.320232 -0.990741 2.296782 
975.000000 181 2.000000 0.880173 10.102483 1.955938 0.929232 
975.000000 182 2.000000 0.300607 4.464182 -4.662613 3.720151 
975.000000 183 2.000000 0.160310 13.438275 0.641238 -1.720459 
975.000000 184 2.000000 0.230740 19.834481 -3.030015 0.021751 
975.000000 185 2.000000 0.336027 2.965886 8.341198 -2.726925 
975.000000 186 2.000000 0.731312 3.394014 4.875409 1.414172 
975.000000 187 2.000000 0.694516 6.552333 1.543367 6.552332 
975.000000 188 2.000000 0.681935 15.854469 6.681955 -1.697159 
975.000000 189 2.000000 0.642112 9.706497 2.568445 2.397854 
975.000000 190 2.000000 0.022945 17.111444 -0.208274 -3.203075 
975.000000 191 2.000000 0.999999 6.743875 -1.106324 -1.798414 
975.000000 192 2.000000 0.119951 5.126408 2.399003 -0.910421 
975.000000 193 2.000000 0.760512 13.422761 0.631816 0.224451 
975.000000 194 2.000000 0.472436 0.005261 -0.959205 -2.240272 
975.000000 195 2.000000 0.282238 3.287645 5.644747 -3.273515 
975.000000 196 2.000000 0.440896 12.217207 -1.118206 1.575842 
975.000000 197 2.000000 0.260442 13.690424 -1.137780 0.158785 
975.000000 198 2.000000 0.000001 11.439837 7.613371 2.201235 
975.000000 199 2.000000 0.710910 10.440302 1.292561 -2.402203 
975.000000 200 2.000000 0.550683 14.017175 -1.455341 8.012378 
975.000000 201 2.000000 0.000001 8.675598 3.459642 -3.622369 
975.000000 202 2.000000 0.141120 7.911971 -1.600096 -4.429319 
975.000000 203 2.000000 0.220073 3.660518 1.325933 0.937094 
975.000000 204 2.000000 0.698898 13.595850 6.988975 0.383664 
975.000000 205 2.000000 0.642833 15.180087 1.836664 -6.426549 
975.000000 206 2.000000 0.187313 5.762178 -5.417905 1.907277 
975.000000 207 2.000000 0.419914 13.685283 4.199128 2.953802 
975.000000 208 2.000000 0.877129 3.658662 4.385638 0.970265 
975.000000 209 2.000000 0.337646 14.134470 6.752902 -2.213407 
975.000000 210 2.000000 0.589847 8.670052 -0.820304 -2.525291 
975.000000 211 2.000000 0.530678 16.101983 0.168933 -0.772062 
975.000000 212 2.000000 0.999999 0.298942 -10.871463 5.978825 
975.000000 213 2.000000 0.884256 9.953608 1.473759 -1.846414 
975.000000 214 2.000000 0.383913 11.908032 0.288972 -1.837015 
975.000000 215 2.000000 0.735836 16.360776 -5.283251 3.207995 
975.000000 216 2.000000 0.383876 10.291326 -6.161230 -4.585176 
975.000000 217 2.000000 0.851811 5.721486 3.407240 4.219952 
975.000000 218 2.000000 0.566069 8.843004 -4.339299 -1.148055 
975.000000 219 2.000000 0.361857 6.279344 -3.294461 0.138036 
975.000000 220 2.000000 0.178135 13.348316 -0.657491 5.536991 
975.000000 221 2.000000 0.664065 16.567651 -6.718677 -1.301881 
975.000000 222 2.000000 0.011717 8.222446 -5.756601 -1.506376 
975.000000 223 2.000000 0.338284 15.580332 -3.308576 4.683029 
975.000000 224 2.000000 0.330877 7.312025 1.005501 -0.910364 
975.000000 225 2.000000 0.531488 14.399134 -3.123404 -2.170747 
975.000000 226 2.000000 0.851432 5.187021 3.405725 2.630404 
975.000000 227 2.000000 0.952382 9.213288 3.809526 1.121501 
975.000000 228 2.000000 0.807310 15.152541 -3.853788 -2.551294 
975.000000 229 2.000000 0.100476 1.727797 -1.383882 -3.020199 
975.000000 230 2.000000 0.936809 18.240344 0.693932 8.106819 
975.000000 231 2.000000 0.707805 0.223242 -5.843882 -3.004585 
975.000000 232 2.000000 0.773767 16.356515 -4.524641 -4.048316 
975.000000 233 2.000000 0.062935 15.832842 -1.703753 4.552194 
975.000000 234 2.000000 0.999999 7.117011 -6.067293 -5.258362 
975.000000 235 2.000000 0.102793 2.239699 2.055843 0.731253 
975.000000 236 2.000000 0.562832 6.801372 -8.743339 4.868783 
975.000000 237 2.000000 0.298894 17.791824 1.992617 -2.007432 
975.000000 238 2.000000 0.000001 4.795278 5.540740 2.798545 
975.000000 239 2.000000 0.238550 1.784494 1.590326 0.437816 
975.000000 240 2.000000 0.400494 12.736379 1.601971 4.245424 
975.000000 241 2.000000 0.999999 12.127642 -1.822847 -4.659167 
975.000000 242 2.000000 0.736877 3.142776 0.640762 2.993119 
975.000000 243 2.000000 0.000001 17.672617 3.153211 -4.653544 
975.000000 244 2.000000 0.688231 4.754775 -1.247072 -5.763079 
975.000000 245 2.000000 0.349780 12.522628 -1.444930 -4.824110 
975.000000 246 2.000000 0.541473 2.717441 1.113885 -6.012820 
975.000000 247 2.000000 0.632933 19.496225 1.606585 6.914329 
975.000000 248 2.000000 0.483739 17.057706 -0.645325 -0.647386 
975.000000 249 2.000000 0.376550 2.417518 -0.367584 -0.782663 
975.000000 250 2.000000 0.778391 16.413086 5.189268 -8.967281 
975.000000 251 2.000000 0.932833 1.741974 3.731326 11.613152 
975.000000 252 2.000000 0.000001 17.052732 5.747211 6.336153 
975.000000 253 2.000000 0.359715 7.693066 3.597145 -0.501911 
975.000000 254 2.000000 0.500104 5.095486 5.001027 -0.336185 
975.000000 255 2.000000 0.154759 17.538425 -4.226198 -1.618160 
975.000000 256 2.000000 0.104108 4.213369 -1.548626 -0.325986 
975.000000 257 2.000000 0.814752 6.058111 -3.704941 -1.431209 
975.000000 258 2.000000 0.334062 7.457832 6.681212 -3.787483 
975.000000 259 2.000000 0.866631 2.353500 -0.154577 -0.575262 
975.000000 260 2.000000 0.718883 0.112996 -5.622327 -1.156630 
975.000000 261 2.000000 0.186609 3.173833 0.852376 -0.212818 
975.000000 262 2.000000 0.486485 8.604064 0.083059 3.511862 
975.000000 263 2.000000 0.987077 0.186657 4.874406 -2.632598 
975.000000 264 2.000000 0.737961 10.194691 0.878545 -3.328957 
975.000000 265 2.000000 0.000001 9.019310 7.722486 -0.020199 
975.000000 266 2.000000 0.185398 19.303743 3.707939 -4.641705 
975.000000 267 2.000000 0.838358 9.075940 2.091780 0.697815 
975.000000 268 2.000000 0.641872 11.153758 -3.581271 -0.412120 
975.000000 269 2.000000 0.125013 8.964078 -0.011287 -2.575850 
975.000000 270 2.000000 0.952449 7.472660 3.174828 -6.771535 
975.000000 271 2.000000 0.590230 12.215590 0.007422 1.182180 
975.000000 272 2.000000 0.893276 8.405379 -0.074610 0.144545 
975.000000 273 2.000000 0.744345 16.921144 -4.608626 6.175908 
975.000000 274 2.000000 0.576394 6.214256 -0.605150 2.180440 
975.000000 275 2.000000 0.822558 4.839851 5.483710 2.079865 
975.000000 276 2.000000 0.457878 2.368043 4.578766 1.989757 
975.000000 277 2.000000 0.576205 1.381770 -0.913428 0.960471 
975.000000 278 2.000000 0.023821 16.846833 -1.301571 -6.306333 
975.000000 279 2.000000 0.035529 18.476103 0.710555 -1.904870 
975.000000 280 2.000000 0.467709 2.985186 2.338540 -0.848938 
975.000000 281 2.000000 0.609332 0.955380 -1.953337 1.592298 
975.000000 282 2.000000 0.925595 13.035794 -0.163502 4.797413 
975.000000 283 2.000000 0.189626 11.325253 1.896245 3.939922 
975.000000 284 2.000000 0.275657 19.653923 -0.499546 -0.187068 
975.000000 285 2.000000 0.999999 18.385068 -2.262023 -3.588735 
975.000000 286 2.000000 0.052638 2.455196 -1.114542 -1.374333 
975.000000 287 2.000000 0.370566 10.055306 -2.517733 -1.636335 
975.000000 288 2.000000 0.000001 5.939644 2.004672 -2.839915 
975.000000 289 2.000000 0.860850 11.503858 -0.695747 4.015184 
975.000000 290 2.000000 0.110303 7.631718 2.206048 8.033386 
975.000000 291 2.000000 0.404831 19.960279 0.582743 2.402540 
975.000000 292 2.000000 0.193840 8.603497 -3.725689 -7.959053 
975.000000 293 2.000000 0.999999 8.076251 -5.848721 0.227333 
975.000000 294 2.000000 0.999999 10.334995 -11.745188 -0.999338 
975.000000 295 2.000000 0.835354 5.943860 4.166745 0.500355 
975.000000 296 2.000000 0.496959 8.732441 -1.676802 1.343025 
975.000000 297 2.000000 0.151025 5.728819 0.137294 0.173259 
975.000000 298 2.000000 0.457480 4.812503 3.049859 4.010419 
975.000000 299 2.000000 0.028576 3.406524 -0.522721 -1.672450 
975.000000 300 2.000000 0.690426 18.708770 -0.399381 -7.397599 
975.000000 301 2.000000 0.819436 18.642311 2.341243 -6.788441 
975.000000 302 2.000000 0.935294 10.752806 3.741174 -2.583464 
975.000000 303 2.000000 0.702989 19.209624 1.004268 0.250054 
975.000000 304 2.000000 0.714400 12.188609 1.946157 -0.454260 
975.000000 305 2.000000 0.999999 1.757334 -5.493132 -2.858459 
975.000000 306 2.000000 0.772027 18.667210 -2.279716 -1.750310 
975.000000 307 2.000000 0.999999 2.940582 -3.760713 -6.937269 
975.000000 308 2.000000 0.879403 9.269242 5.862680 2.827247 
975.000000 309 2.000000 0.383652 4.912204 1.918254 4.093503 
975.000000 310 2.000000 0.801563 6.851831 1.141689 4.024352 
975.000000 311 2.000000 0.459487 0.748657 -1.081024 -6.433969 
975.000000 312 2.000000 0.317807 0.487232 3.178062 0.885875 
975.000000 313 2.000000 0.117807 11.670341 -3.528767 -1.934443 
975.000000 314 2.000000 0.898858 13.647435 -2.022822 7.798533 
975.000000 315 2.000000 0.895071 11.802720 -2.098561 4.628517 
975.000000 316 2.000000 0.980844 5.862090 0.065549 -2.109406 
975.000000 317 2.000000 0.999999 15.796862 -4.747460 3.472112 
975.000000 318 2.000000 0.856480 14.853157 2.141198 -2.362692 
975.000000 319 2.000000 0.606831 16.768042 -1.965839 0.568420 
975.000000 320 2.000000 0.484050 17.914505 -10.318983 0.557852 
975.000000 321 2.000000 0.268267 15.907785 5.365315 0.991372 
975.000000 322 2.000000 0.000001 3.287371 5.599163 0.842915 
975.000000 323 2.000000 0.191237 1.144651 3.824726 -0.210612 
975.000000 324 2.000000 0.249850 11.119244 -5.000995 -1.433568 
975.000000 325 2.000000 0.242768 3.527877 0.971068 -0.481248 
975.000000 326 2.000000 0.384558 17.899118 7.691138 -10.504406 
975.000000 327 2.000000 0.999999 5.224944 -7.129588 -0.832217 
975.000000 328 2.000000 0.605201 16.112319 2.420801 -2.429800 
975.000000 329 2.000000 0.460224 18.332461 2.301116 2.240394 
975.000000 330 2.000000 0.647789 17.957797 -1.378447 2.686987 
975.000000 331 2.000000 0.416202 12.579518 -3.891979 2.834549 
975.000000 332 2.000000 0.515199 2.881181 0.858664 0.422987 
975.000000 333 2.000000 0.265224 7.573798 -0.018533 5.409855 
975.000000 334 2.000000 0.000001 3.851123 7.113104 -2.160867 
975.000000 335 2.000000 0.208832 6.608549 4.176617 3.253771 
975.000000 336 2.000000 0.746945 7.120508 -5.061090 7.878075 
975.000000 337 2.000000 0.629536 18.506908 -3.704634 6.221766 
975.000000 338 2.000000 0.971441 14.233837 1.363741 -2.484017 
975.000000 339 2.000000 0.494452 9.429566 4.944513 0.377575 
975.000000 340 2.000000 0.386478 9.296654 1.545910 -0.011082 
975.000000 341 2.000000 0.609081 18.001514 2.436319 -2.725056 
975.000000 342 2.000000 0.716523 9.529902 -1.889840 0.926169 
975.000000 343 2.000000 0.999999 18.911738 -1.532287 -0.572769 
975.000000 344 2.000000 0.554649 2.730782 -5.376153 -4.417590 
975.000000 345 2.000000 0.736703 16.922908 -0.980005 4.096860 
975.000000 346 2.000000 0.621518 13.197203 -0.946203 -5.857411 
975.000000 347 2.000000 0.941095 6.018826 2.178007 0.520582 
975.000000 348 2.000000 0.299031 3.234911 2.990302 4.313214 
975.000000 349 2.000000 0.453314 13.539158 -3.644570 1.912387 
975.000000 350 2.000000 0.684636 3.876567 2.738538 1.278723 
975.000000 351 2.000000 0.010606 10.159430 -1.319190 4.955819 
975.000000 352 2.000000 0.514403 3.314767 0.464363 -4.751277 
975.000000 353 2.000000 0.118875 18.630760 1.188745 3.443366 
975.000000 354 2.000000 0.377891 4.273422 -6.221082 1.987638 
975.000000 355 2.000000 0.501612 17.264219 -3.322579 2.678843 
975.000000 356 2.000000 0.999999 2.600074 -5.051728 -3.878142 
975.000000 357 2.000000 0.000001 15.166485 6.139373 0.509788 
975.000000 358 2.000000 0.618127 19.494390 -5.857280 -6.165422 
975.000000 359 2.000000 0.935666 3.489624 -0.321664 5.816039 
975.000000 360 2.000000 0.965083 9.657580 9.650818 -0.004006 
975.000000 361 2.000000 0.792567 12.054689 2.641888 -6.111777 
975.000000 362 2.000000 0.697724 2.331623 -0.336056 0.516575 
975.000000 363 2.000000 0.360606 6.046757 0.720953 3.352797 
975.000000 364 2.000000 0.362361 18.984083 7.247202 3.061949 
975.000000 365 2.000000 0.683208 6.684706 -0.888792 0.700927 
975.000000 366 2.000000 0.396015 11.965917 3.960144 6.202873 
975.000000 367 2.000000 0.880082 19.772327 0.733401 3.355597 
975.000000 368 2.000000 0.231252 2.122554 -2.562491 4.245106 
975.000000 369 2.000000 0.999999 2.085931 -5.679803 4.635399 
975.000000 370 2.000000 0.938797 7.432696 1.564660 -3.262562 
975.000000 371 2.000000 0.704486 4.050579 4.696565 -8.860789 
975.000000 372 2.000000 0.356503 0.590141 -2.573986 -3.292412 
975.000000 373 2.000000 0.424960 14.425714 1.699836 0.691324 
975.000000 374 2.000000 0.452445 15.930501 0.351611 0.922400 
975.000000 375 2.000000 0.962639 6.763984 0.848472 2.606721 
975.000000 376 2.000000 0.244198 1.120649 4.883946 -0.280834 
975.000000 377 2.000000 0.776607 18.694938 1.725792 -3.728746 
975.000000 378 2.000000 0.593320 2.330671 1.977728 -2.783624 
975.000000 379 2.000000 0.706723 14.113399 -0.733190 2.330987 
975.000000 380 2.000000 0.534079 17.697027 0.821659 -6.579920 
975.000000 381 2.000000 0.710841 1.797117 7.108396 -6.142311 
975.000000 382 2.000000 0.864579 19.799734 2.881927 1.385507 
975.000000 383 2.000000 0.804878 16.651738 5.365849 1.583272 
975.000000 384 2.000000 0.359091 3.491928 7.181797 0.791592 
975.000000 385 2.000000 0.343905 3.058014 1.719522 -1.934076 
975.000000 386 2.000000 0.677393 3.940460 -6.452123 -5.945661 
975.000000 387 2.000000 0.540453 17.677229 0.772075 3.580969 
975.000000 388 2.000000 0.977800 1.821981 4.888995 -1.063174 
975.000000 389 2.000000 0.052431 18.748030 -2.346633 2.575520 
975.000000 390 2.000000 0.310184 8.908348 -1.434057 -2.196319 
975.000000 391 2.000000 0.124402 2.272188 2.488019 6.491962 
975.000000 392 2.000000 0.726037 5.549884 -5.479232 -1.302939 
975.000000 393 2.000000 0.999999 17.607073 -7.206397 -5.982316 
975.000000 394 2.000000 0.270753 10.081244 -0.540182 -2.339159 
975.000000 395 2.000000 0.380384 18.510322 -12.392310 -1.354252 
975.000000 396 2.000000 0.110944 12.045614 2.218853 -0.611367 
975.000000 397 2.000000 0.078635 7.652141 1.572671 -5.448092 
975.000000 398 2.000000 0.278742 12.746280 5.574824 -0.733500 
975.000000 399 2.000000 0.187634 3.801339 -0.383411 -0.208658 
975.000000 400 2.000000 0.000001 11.733794 7.977570 -3.639530 
975.000000 401 2.000000 0.455444 10.960381 -2.722776 3.508162 
975.000000 402 2.000000 0.324010 7.478409 1.620043 0.758287 
975.000000 403 2.000000 0.499303 14.033010 1.997207 -3.849670 
975.000000 404 2.000000 0.524105 1.389942 -1.845052 1.504152 
975.000000 405 2.000000 0.313125 8.407263 6.262474 -2.466540 
975.000000 406 2.000000 0.731567 15.089819 2.090189 7.871884 
975.000000 407 2.000000 0.394418 19.323330 -4.037206 0.723559 
975.000000 408 2.000000 0.002180 5.418822 -0.338939 -5.328357 
975.000000 409 2.000000 0.234380 13.720084 0.669655 -0.333740 
975.000000 410 2.000000 0.235702 19.063315 -5.095313 4.512450 
975.000000 411 2.000000 0.711190 0.660787 0.228940 2.202620 
975.000000 412 2.000000 0.646657 14.050555 -3.533423 -2.202091 
975.000000 413 2.000000 0.760729 17.482208 -1.196348 1.810345 
975.000000 414 2.000000 0.980690 6.765316 2.820425 1.798291 
975.000000 415 2.000000 0.437996 0.640792 4.379950 1.165075 
975.000000 416 2.000000 0.195114 7.662978 1.951134 -4.378374 
975.000000 417 2.000000 0.961152 17.839967 1.922301 4.515861 
975.000000 418 2.000000 0.393467 6.795093 -3.032662 2.716451 
975.000000 419 2.000000 0.208699 18.592207 1.391319 2.294731 
975.000000 420 2.000000 0.169447 19.956299 3.388921 1.312534 
975.000000 421 2.000000 0.851934 15.811792 2.129833 3.627566 
975.000000 422 2.000000 0.999999 17.260893 -5.184370 -2.520165 
975.000000 423 2.000000 0.462701 17.537544 2.313498 -1.857337 
975.000000 424 2.000000 0.679421 19.448530 3.397099 4.227941 
975.000000 425 2.000000 0.852368 5.086207 0.378830 1.907493 
975.000000 426 2.000000 0.368095 6.074306 3.680935 -1.010662 
975.000000 427 2.000000 0.977763 0.625424 0.407401 6.254235 
975.000000 428 2.000000 0.147860 18.909034 2.957172 -1.212183 
975.000000 429 2.000000 0.387552 5.150727 0.968877 -0.945979 
975.000000 430 2.000000 0.846214 2.152827 4.231067 -3.046017 
975.000000 431 2.000000 0.317166 4.078163 -0.650317 0.092157 
975.000000 432 2.000000 0.000001 5.145827 4.391339 6.058778 
975.000000 433 2.000000 0.999999 2.816209 -3.372142 0.619232 
975.000000 434 2.000000 0.979735 17.578008 1.632890 6.043230 
975.000000 435 2.000000 0.999999 5.831798 -2.775931 0.236745 
975.000000 436 2.000000 0.274164 19.991245 -2.903340 0.153172 
975.000000 437 2.000000 0.000001 12.926223 7.164101 -0.439408 
975.000000 438 2.000000 0.609338 7.574223 -1.562643 1.923856 
975.000000 439 2.000000 0.999999 1.972832 -2.789661 -2.032883 
975.000000 440 2.000000 0.000001 3.398772 5.244146 0.381463 
975.000000 441 2.000000 0.877647 19.940266 2.194116 0.472388 
975.000000 442 2.000000 0.951139 2.154279 0.875856 -2.515810 
975.000000 443 2.000000 0.457791 4.673706 -3.614717 2.485546 
975.000000 444 2.000000 0.000001 3.972786 3.724332 0.671250 
975.000000 445 2.000000 0.398515 7.412523 2.206506 1.342835 
975.000000 446 2.000000 0.741368 1.719323 2.965466 2.865536 
975.000000 447 2.000000 0.109253 16.301346 -3.562982 -3.522527 
975.000000 448 2.000000 0.163337 8.087629 3.266718 -0.340676 
975.000000 449 2.000000 0.738907 15.683132 2.955624 1.749724 
975.000000 450 2.000000 0.957176 11.338785 0.709018 2.667949 
975.000000 451 2.000000 0.279959 8.227656 -2.400135 -0.622487 
975.000000 452 2.000000 0.637734 11.470184 2.125778 4.987036 
975.000000 453 2.000000 0.661049 0.872321 -2.259666 1.453866 
975.000000 454 2.000000 0.156869 9.349846 1.568678 -2.762185 
975.000000 455 2.000000 0.409291 7.524208 -2.953538 -1.903550 
975.000000 456 2.000000 0.999999 18.577370 -4.516019 0.814592 
975.000000 457 2.000000 0.922351 16.641636 2.553461 -0.211157 
975.000000 458 2.000000 0.999627 10.729221 2.856075 -2.227933 
975.000000 459 2.000000 0.349041 2.958447 -0.520324 -0.818824 
975.000000 460 2.000000 0.561390 10.942621 3.742596 4.449025 
975.000000 461 2.000000 0.000001 3.445412 4.982084 5.110857 
975.000000 462 2.000000 0.695283 18.197016 -3.047164 1.248178 
975.000000 463 2.000000 0.685582 15.854750 2.122239 -4.313500 
975.000000 464 2.000000 0.555801 0.000001 4.436258 4.137531 
975.000000 465 2.000000 0.594470 9.219414 -0.569603 -0.193819 
975.000000 466 2.000000 0.000001 18.163022 1.707380 -4.592442 
975.000000 467 2.000000 0.823979 11.202823 -0.352039 1.648186 
975.000000 468 2.000000 0.380039 10.389281 4.470857 8.647179 
975.000000 469 2.000000 0.629207 12.025866 6.292056 6.560773 
975.000000 470 2.000000 0.000001 16.507137 4.476929 -6.350658 
975.000000 471 2.000000 0.352137 1.693097 2.347570 -1.371653 
975.000000 472 2.000000 0.285135 8.263350 0.814668 2.665596 
975.000000 473 2.000000 0.528205 4.568929 -1.048430 -4.571220 
975.000000 474 2.000000 0.410711 14.113371 0.133872 -1.847864 
975.000000 475 2.000000 0.598028 1.575287 0.854325 2.423517 
975.000000 476 2.000000 0.962355 2.119620 0.155992 1.670370 
975.000000 477 2.000000 0.797718 17.630464 1.772705 -1.974613 
975.000000 478 2.000000 0.842147 18.363992 1.203066 -2.516934 
975.000000 479 2.000000 0.842546 14.422691 2.407273 -2.764932 
975.000000 480 2.000000 0.565602 10.334381 -2.895979 8.015605 
975.000000 481 2.000000 0.018157 9.500719 -4.909209 0.882262 
975.000000 482 2.000000 0.397952 15.405195 7.959015 1.404455 
975.000000 483 2.000000 0.728506 9.359107 7.285052 4.565418 
975.000000 484 2.000000 0.794008 7.290260 -4.119818 -6.016319 
975.000000 485 2.000000 0.999999 8.106639 -6.892615 4.913114 
975.000000 486 2.000000 0.650882 10.255268 2.169603 2.337780 
975.000000 487 2.000000 0.940554 1.403093 1.137809 2.543377 
975.000000 488 2.000000 0.460101 1.357061 9.202008 3.015689 
975.000000 489 2.000000 0.710687 9.877230 -2.893121 0.064179 
975.000000 490 2.000000 0.351286 14.024532 -12.974266 -2.213136 
975.000000 491 2.000000 0.999999 13.437818 -4.265736 -6.562181 
975.000000 492 2.000000 0.274644 4.983369 2.746426 -7.700836 
975.000000 493 2.000000 0.105743 0.928228 -5.961703 -0.333154 
975.000000 494 2.000000 0.044787 5.852741 -3.820847 -1.201739 
975.000000 495 2.000000 0.532130 5.694968 2.144548 -1.131337 
975.000000 496 2.000000 0.730970 15.364953 -0.661551 -0.446544 
975.000000 497 2.000000 0.000001 7.145479 4.235899 -7.221633 
975.000000 498 2.000000 0.428166 7.549319 -3.812219 6.039455 
975.000000 499 2.000000 0.681661 10.338547 0.426038 -0.329992 
975.000000 500 2.000000 0.100719 15.154928 -1.798559 0.670041 
