528.500000 1 2.000000 0.889554 17.100128 -2.208905 4.724761 27.202629 27.202629 
528.500000 2 2.000000 0.580921 0.995294 -1.396928 -0.020282 1.951819 1.951819 
528.500000 3 2.000000 0.713785 19.879875 4.758560 1.291002 24.310580 24.310580 
528.500000 4 2.000000 0.964565 4.829875 0.714492 -7.779551 61.031908 61.031908 
528.500000 5 2.000000 0.725734 11.547599 0.334500 0.166161 0.139500 0.139500 
528.500000 6 2.000000 0.644235 10.778644 6.442337 -3.616218 54.580734 54.580734 
528.500000 7 2.000000 0.614098 14.142833 -2.572672 2.641682 13.597125 13.597125 
528.500000 8 2.000000 0.785060 2.853531 0.872288 2.182622 5.524724 5.524724 
528.500000 9 2.000000 0.721343 7.420411 2.885366 2.792648 16.124219 16.124219 
528.500000 10 2.000000 0.114603 18.927723 2.292046 -7.148509 56.354652 56.354652 
528.500000 11 2.000000 0.000001 3.010356 1.849413 -4.901455 27.444591 27.444591 
528.500000 12 2.000000 0.245722 10.841914 -0.797430 0.026575 0.636601 0.636601 
528.500000 13 2.000000 0.619937 7.318368 2.409845 2.758248 13.415286 13.415286 
528.500000 14 2.000000 0.888083 11.521414 -2.238326 -0.431613 5.196394 5.196394 
528.500000 15 2.000000 0.918354 1.499420 -0.816449 -5.781431 34.091532 34.091532 
528.500000 16 2.000000 0.654295 14.020529 -1.382814 2.017662 5.983136 5.983136 
528.500000 17 2.000000 0.429593 1.946429 -2.852031 4.866070 31.812720 31.812720 
528.500000 18 2.000000 0.000001 5.134699 8.749998 -3.977391 92.382107 92.382107 
528.500000 19 2.000000 0.820125 10.142280 0.328276 -2.061366 4.356996 4.356996 
528.500000 20 2.000000 0.133421 9.999745 2.668396 -4.366207 26.184101 26.184101 
528.500000 21 2.000000 0.185840 6.947993 0.337889 -1.896294 3.710099 3.710099 
528.500000 22 2.000000 0.882248 8.120351 -1.018632 8.048981 65.823712 65.823712 
528.500000 23 2.000000 0.935795 10.778940 -0.116734 -1.120975 1.270213 1.270213 
528.500000 24 2.000000 0.899299 11.368166 0.072695 1.751032 3.071399 3.071399 
528.500000 25 2.000000 0.989496 3.895873 -0.105032 1.834129 3.375061 3.375061 
528.500000 26 2.000000 0.485781 14.387594 -0.934942 -7.015506 50.091438 50.091438 
528.500000 27 2.000000 0.227898 19.999999 1.139484 -6.816454 47.762468 47.762468 
528.500000 28 2.000000 0.739788 11.006175 0.528392 -7.711444 59.745560 59.745560 
528.500000 29 2.000000 0.999999 15.045698 -2.245286 7.909900 67.607830 67.607830 
528.500000 30 2.000000 0.140750 3.733852 2.814988 1.863055 11.395128 11.395128 
528.500000 31 2.000000 0.580449 9.808362 -0.061931 0.691661 0.482231 0.482231 
528.500000 32 2.000000 0.291366 12.917529 2.913647 -0.925545 9.345971 9.345971 
528.500000 33 2.000000 0.431720 7.104642 0.414078 -6.002822 36.205338 36.205338 
528.500000 34 2.000000 0.120821 7.068879 -0.090017 -1.778640 3.171663 3.171663 
528.500000 35 2.000000 0.848051 6.484538 4.240249 -0.750742 18.543324 18.543324 
528.500000 36 2.000000 0.000001 5.856475 2.989225 1.872972 12.443489 12.443489 
528.500000 37 2.000000 0.392559 17.248132 -2.429762 5.645805 37.778862 37.778862 
528.500000 38 2.000000 0.621035 9.741573 0.070723 3.969657 15.763176 15.763176 
528.500000 39 2.000000 0.227482 19.659596 4.549620 -6.808052 67.048614 67.048614 
528.500000 40 2.000000 0.237010 3.795006 1.580058 2.713878 9.861716 9.861716 
528.500000 41 2.000000 0.999999 15.454600 -2.613093 4.193254 24.411634 24.411634 
528.500000 42 2.000000 0.525459 8.601672 -0.949080 0.559116 1.213364 1.213364 
528.500000 43 2.000000 0.976269 13.114058 2.169483 -2.299019 9.992148 9.992148 
528.500000 44 2.000000 0.824026 7.404965 -3.519467 -1.318768 14.125797 14.125797 
528.500000 45 2.000000 0.035966 11.897014 -3.213444 2.181543 15.085352 15.085352 
528.500000 46 2.000000 0.999999 14.208298 -5.596892 4.950841 55.836026 55.836026 
528.500000 47 2.000000 0.754554 11.497982 3.772763 -1.138242 15.529335 15.529335 
528.500000 48 2.000000 0.499626 7.954481 -1.724136 -0.489011 3.211779 3.211779 
528.500000 49 2.000000 0.679718 3.436553 0.009030 2.021501 4.086548 4.086548 
528.500000 50 2.000000 0.416711 19.038908 0.396867 -3.844365 14.936644 14.936644 
528.500000 51 2.000000 0.102963 3.238376 -0.389076 1.356933 1.992646 1.992646 
528.500000 52 2.000000 0.674659 12.210757 0.749621 -4.007348 16.620771 16.620771 
528.500000 53 2.000000 0.720246 15.683950 -5.595055 -1.918244 34.984300 34.984300 
528.500000 54 2.000000 0.999999 8.231005 -5.542463 -0.822437 31.395301 31.395301 
528.500000 55 2.000000 0.374207 14.073125 2.494709 4.864242 29.884428 29.884428 
528.500000 56 2.000000 0.999999 13.488903 -3.210768 0.530416 10.590374 10.590374 
528.500000 57 2.000000 0.881293 8.745824 0.607787 3.734129 14.313123 14.313123 
528.500000 58 2.000000 0.404450 7.010404 -5.955490 -2.941259 44.118864 44.118864 
528.500000 59 2.000000 0.374137 0.000001 -0.597648 5.328055 28.745357 28.745357 
528.500000 60 2.000000 0.999999 17.786744 -5.573137 -1.639448 33.747651 33.747651 
528.500000 61 2.000000 0.179388 3.853784 -2.735369 -0.105586 7.493393 7.493393 
528.500000 62 2.000000 0.380144 16.988879 3.801429 -5.018533 39.636530 39.636530 
528.500000 63 2.000000 0.777941 17.724358 -4.441152 -2.844552 27.815310 27.815310 
528.500000 64 2.000000 0.296940 13.739359 -0.220298 6.344761 40.304529 40.304529 
528.500000 65 2.000000 0.477098 9.542424 -3.102287 -0.080635 9.630686 9.630686 
528.500000 66 2.000000 0.817638 4.577569 0.160196 2.525592 6.404277 6.404277 
528.500000 67 2.000000 0.315700 2.253329 0.024284 0.834566 0.697090 0.697090 
528.500000 68 2.000000 0.288827 15.074523 -2.370573 5.580758 36.764474 36.764474 
528.500000 69 2.000000 0.858160 13.215256 5.721058 -7.141835 83.736312 83.736312 
528.500000 70 2.000000 0.237642 15.032762 2.376413 1.959693 9.487736 9.487736 
528.500000 71 2.000000 0.795284 5.750942 3.181131 -0.344069 10.237978 10.237978 
528.500000 72 2.000000 0.536418 0.698603 -4.635813 -1.072674 22.641394 22.641394 
528.500000 73 2.000000 0.969503 10.674714 2.423756 -5.051430 31.391542 31.391542 
528.500000 74 2.000000 0.151308 7.453436 -0.893359 1.301108 2.490972 2.490972 
528.500000 75 2.000000 0.019706 2.649873 -1.153286 0.457561 1.539430 1.539430 
528.500000 76 2.000000 0.515407 17.536361 5.154059 -3.079548 36.047943 36.047943 
528.500000 77 2.000000 0.999999 5.183089 -3.904774 -2.493997 21.467278 21.467278 
528.500000 78 2.000000 0.400135 18.403011 8.002677 6.271229 103.371153 103.371153 
528.500000 79 2.000000 0.954741 8.386476 1.839742 2.079638 7.709546 7.709546 
528.500000 80 2.000000 0.215075 17.665309 -2.242639 4.360704 24.045170 24.045170 
528.500000 81 2.000000 0.449149 12.754438 -3.672331 -0.504779 13.740814 13.740814 
528.500000 82 2.000000 0.000001 18.324101 6.137784 7.047731 87.342908 87.342908 
528.500000 83 2.000000 0.691373 19.893273 2.072707 0.226184 4.347272 4.347272 
528.500000 84 2.000000 0.042858 10.416128 -6.380942 -2.885291 49.041331 49.041331 
528.500000 85 2.000000 0.610607 4.438774 -7.787847 1.429259 62.693348 62.693348 
528.500000 86 2.000000 0.708007 19.171355 -5.839844 -8.286442 102.768904 102.768904 
528.500000 87 2.000000 0.374943 14.013243 0.349123 0.460821 0.334242 0.334242 
528.500000 88 2.000000 0.655769 17.534803 -2.294867 3.426137 17.004828 17.004828 
528.500000 89 2.000000 0.706108 15.063910 -0.839690 -2.525479 7.083122 7.083122 
528.500000 90 2.000000 0.210904 3.593892 -2.254557 -3.046348 14.363263 14.363263 
528.500000 91 2.000000 0.999999 13.630400 -4.683813 0.120828 21.952708 21.952708 
528.500000 92 2.000000 0.646674 16.081883 -3.533251 6.442015 53.983420 53.983420 
528.500000 93 2.000000 0.608796 15.742595 -1.956015 4.939694 28.226569 28.226569 
528.500000 94 2.000000 0.695019 15.655622 3.475088 0.644535 12.491665 12.491665 
528.500000 95 2.000000 0.845633 1.793109 -0.617464 3.260196 11.010137 11.010137 
528.500000 96 2.000000 0.999999 14.888915 -3.797080 3.593818 27.333349 27.333349 
528.500000 97 2.000000 0.599067 19.626273 0.272303 0.653134 0.500733 0.500733 
528.500000 98 2.000000 0.999999 5.912126 -2.229890 -0.376144 5.113895 5.113895 
528.500000 99 2.000000 0.307453 8.420555 -1.385093 6.014681 38.094871 38.094871 
528.500000 100 2.000000 0.255394 6.797359 0.505418 0.108013 0.267114 0.267114 
528.500000 101 2.000000 0.551446 0.822471 3.676303 2.741566 21.031387 21.031387 
528.500000 102 2.000000 0.356041 7.689305 -1.839879 9.046240 85.219608 85.219608 
528.500000 103 2.000000 0.403712 12.281003 4.037111 -8.236995 84.146358 84.146358 
528.500000 104 2.000000 0.603002 15.343774 1.722861 0.318946 3.069975 3.069975 
528.500000 105 2.000000 0.354631 5.168754 -6.453683 -5.585819 72.851403 72.851403 
528.500000 106 2.000000 0.614344 2.055750 -2.571036 -0.422732 6.788930 6.788930 
528.500000 107 2.000000 0.659023 9.474342 1.647555 -0.073767 2.719879 2.719879 
528.500000 108 2.000000 0.867104 16.692825 1.422254 -5.361142 30.764654 30.764654 
528.500000 109 2.000000 0.827320 2.219831 2.363768 -2.933289 14.191582 14.191582 
528.500000 110 2.000000 0.313870 2.288282 6.277373 2.564341 45.981259 45.981259 
528.500000 111 2.000000 0.377682 0.096435 -0.829757 -1.322021 2.436236 2.436236 
528.500000 112 2.000000 0.000001 8.056196 7.940654 -1.770925 66.190167 66.190167 
528.500000 113 2.000000 0.817890 14.505029 -1.214060 -4.865221 25.144318 25.144318 
528.500000 114 2.000000 0.319411 8.530629 2.129401 0.283762 4.614870 4.614870 
528.500000 115 2.000000 0.234230 10.293170 -2.187911 2.033277 8.921168 8.921168 
528.500000 116 2.000000 0.325552 18.584164 1.302203 -5.663339 33.769140 33.769140 
528.500000 117 2.000000 0.221229 16.309224 1.106139 2.280893 6.426015 6.426015 
528.500000 118 2.000000 0.999139 13.778029 0.174907 -7.319965 53.612473 53.612473 
528.500000 119 2.000000 0.260485 15.652287 -3.697572 -3.952465 29.294023 29.294023 
528.500000 120 2.000000 0.243002 5.366581 4.860012 1.792858 26.834054 26.834054 
528.500000 121 2.000000 0.863590 2.912405 0.749732 0.233390 0.616569 0.616569 
528.500000 122 2.000000 0.520167 0.057152 -1.370948 1.143029 3.186014 3.186014 
528.500000 123 2.000000 0.462852 3.608865 -2.685735 3.371076 18.577327 18.577327 
528.500000 124 2.000000 0.981015 9.288673 6.540093 1.641994 45.468963 45.468963 
528.500000 125 2.000000 0.466670 0.569897 9.333389 -2.411628 92.928103 92.928103 
528.500000 126 2.000000 0.000001 2.191936 4.195748 -0.798673 18.242182 18.242182 
528.500000 127 2.000000 0.000001 2.949777 3.534557 1.003311 13.499726 13.499726 
528.500000 128 2.000000 0.575973 13.326536 -2.120130 0.820887 5.168807 5.168807 
528.500000 129 2.000000 0.189148 13.395745 -2.316717 -1.109432 6.598016 6.598016 
528.500000 130 2.000000 0.432105 12.309595 2.880694 -1.790327 11.503666 11.503666 
528.500000 131 2.000000 0.898674 16.677756 -2.026500 5.354147 32.773595 32.773595 
528.500000 132 2.000000 0.821321 7.897973 1.368866 3.216720 12.221085 12.221085 
528.500000 133 2.000000 0.635221 7.134483 -7.295559 -0.775063 53.825903 53.825903 
528.500000 134 2.000000 0.812940 11.201232 -3.741174 -3.354628 25.249909 25.249909 
528.500000 135 2.000000 0.426459 1.685951 -0.095760 0.481700 0.241205 0.241205 
528.500000 136 2.000000 0.000001 14.090424 3.067473 3.157731 19.380656 19.380656 
528.500000 137 2.000000 0.453972 10.442545 1.815885 2.188880 8.088635 8.088635 
528.500000 138 2.000000 0.634990 15.395805 -7.300185 -1.831166 56.645875 56.645875 
528.500000 139 2.000000 0.805014 16.243380 -3.899702 3.039202 24.444422 24.444422 
528.500000 140 2.000000 0.243516 15.552539 4.870300 2.834351 31.753366 31.753366 
528.500000 141 2.000000 0.341500 9.443347 -1.646247 -2.778066 10.427782 10.427782 
528.500000 142 2.000000 0.217875 6.980850 -1.955311 1.364942 5.686307 5.686307 
528.500000 143 2.000000 0.319486 18.273292 -4.536751 0.643212 20.995833 20.995833 
528.500000 144 2.000000 0.643823 16.050554 -1.780881 -0.443971 3.368646 3.368646 
528.500000 145 2.000000 0.137544 9.232946 -4.312273 0.094686 18.604662 18.604662 
528.500000 146 2.000000 0.797348 10.065314 0.970828 1.965393 4.805277 4.805277 
528.500000 147 2.000000 0.890971 15.962872 2.969900 -4.203410 26.488956 26.488956 
528.500000 148 2.000000 0.891713 0.654326 2.005982 -2.519516 10.371924 10.371924 
528.500000 149 2.000000 0.999999 7.034688 -1.033423 2.609075 7.875237 7.875237 
528.500000 150 2.000000 0.948873 1.279555 1.815885 1.548494 5.695273 5.695273 
528.500000 151 2.000000 0.908318 18.627982 0.804499 -2.925697 9.206922 9.206922 
528.500000 152 2.000000 0.000001 8.681907 4.432121 -2.904552 28.080122 28.080122 
528.500000 153 2.000000 0.049292 5.892355 -0.679077 -7.414464 55.435423 55.435423 
528.500000 154 2.000000 0.153434 15.388389 -0.231936 7.891481 62.329264 62.329264 
528.500000 155 2.000000 0.248209 18.633359 2.482079 6.990499 55.027789 55.027789 
528.500000 156 2.000000 0.010404 7.671291 -3.298650 2.388479 16.585922 16.585922 
528.500000 157 2.000000 0.092066 18.444155 -3.026444 -7.779219 69.675604 69.675604 
528.500000 158 2.000000 0.031355 17.814434 0.627088 0.745438 0.948918 0.948918 
528.500000 159 2.000000 0.999999 0.990090 -2.706555 1.164811 8.682223 8.682223 
528.500000 160 2.000000 0.775289 1.406798 -4.494205 3.488514 32.367605 32.367605 
528.500000 161 2.000000 0.490794 15.046685 9.815855 0.323208 96.455476 96.455476 
528.500000 162 2.000000 0.999999 1.444417 -6.081456 0.047472 36.986363 36.986363 
528.500000 163 2.000000 0.695539 6.522333 -3.044596 -3.472984 21.331181 21.331181 
528.500000 164 2.000000 0.614468 8.031641 -3.954994 0.769206 16.233659 16.233659 
528.500000 165 2.000000 0.000001 4.625067 1.444932 2.581953 8.754307 8.754307 
528.500000 166 2.000000 0.999999 15.625958 -3.922349 -7.952802 78.631882 78.631882 
528.500000 167 2.000000 0.457383 10.374466 3.049215 -4.026675 25.511822 25.511822 
528.500000 168 2.000000 0.859729 8.944068 -1.402703 0.827689 2.652646 2.652646 
528.500000 169 2.000000 0.999999 5.522480 -7.770901 -2.960849 69.153527 69.153527 
528.500000 170 2.000000 0.086627 15.577196 -6.089150 -4.209978 54.801660 54.801660 
528.500000 171 2.000000 0.586025 0.111701 0.731197 2.234006 5.525434 5.525434 
528.500000 172 2.000000 0.191847 7.712162 -2.020380 5.712712 36.717013 36.717013 
528.500000 173 2.000000 0.325820 15.941805 1.629096 1.686723 5.498989 5.498989 
528.500000 174 2.000000 0.370465 1.902443 -0.434161 1.729493 3.179641 3.179641 
528.500000 175 2.000000 0.243448 12.252644 -2.521836 2.597953 13.109012 13.109012 
528.500000 176 2.000000 0.502541 6.021929 -1.243646 -0.751228 2.110999 2.110999 
528.500000 177 2.000000 0.553103 1.367826 5.531021 1.160373 31.938654 31.938654 
528.500000 178 2.000000 0.178844 8.984118 -1.476523 0.676703 2.638048 2.638048 
528.500000 179 2.000000 0.682022 17.805354 -6.359543 -7.315483 93.960082 93.960082 
528.500000 180 2.000000 0.230790 18.434762 0.230789 4.726862 22.396486 22.396486 
528.500000 181 2.000000 0.134519 5.330287 0.672589 -1.472805 2.621530 2.621530 
528.500000 182 2.000000 0.999999 4.365433 -4.084688 2.238683 21.696376 21.696376 
528.500000 183 2.000000 0.396309 8.189055 -3.018448 -7.667094 67.895354 67.895354 
528.500000 184 2.000000 0.789824 19.891525 2.256636 0.815404 5.757290 5.757290 
528.500000 185 2.000000 0.527341 14.501504 -2.363292 3.221440 15.962822 15.962822 
528.500000 186 2.000000 0.637117 4.807515 2.123718 -1.386901 6.433673 6.433673 
528.500000 187 2.000000 0.819336 6.661735 1.489699 4.171913 19.624059 19.624059 
528.500000 188 2.000000 0.130256 17.903257 -2.484981 0.513138 6.438442 6.438442 
528.500000 189 2.000000 0.975340 8.819400 1.773343 3.527760 15.589832 15.589832 
528.500000 190 2.000000 0.425469 19.771600 -5.745300 -4.567974 53.874859 53.874859 
528.500000 191 2.000000 0.282532 1.785610 -3.587337 1.152006 14.196106 14.196106 
528.500000 192 2.000000 0.654923 2.739092 -2.300504 -3.779957 19.580395 19.580395 
528.500000 193 2.000000 0.978411 8.512851 4.892050 3.072957 33.375218 33.375218 
528.500000 194 2.000000 0.054041 5.941147 -0.652385 0.940540 1.310221 1.310221 
528.500000 195 2.000000 0.256874 2.813886 -0.572921 -0.622392 0.715610 0.715610 
528.500000 196 2.000000 0.090793 6.961408 -1.136508 0.534975 1.577848 1.577848 
528.500000 197 2.000000 0.709945 11.764391 1.774861 0.655277 3.579520 3.579520 
528.500000 198 2.000000 0.656020 18.918552 1.874339 -3.604823 16.507896 16.507896 
528.500000 199 2.000000 0.309539 16.011974 6.190766 2.392836 44.051250 44.051250 
528.500000 200 2.000000 0.000001 2.350432 2.868417 0.458751 8.438268 8.438268 
528.500000 201 2.000000 0.381371 10.419381 -4.124190 0.959740 17.930042 17.930042 
528.500000 202 2.000000 0.162890 1.953887 -3.302291 3.666712 24.349906 24.349906 
528.500000 203 2.000000 0.959724 1.286555 1.486915 0.640750 2.621477 2.621477 
528.500000 204 2.000000 0.000001 4.540338 7.287745 0.001188 53.111234 53.111234 
528.500000 205 2.000000 0.434443 3.738254 -2.827781 0.817174 8.664120 8.664120 
528.500000 206 2.000000 0.503315 9.880595 5.033139 -3.021699 34.463150 34.463150 
528.500000 207 2.000000 0.105726 0.177004 -1.788545 -0.586279 3.542618 3.542618 
528.500000 208 2.000000 0.000001 3.979258 4.447030 -2.325037 25.181869 25.181869 
528.500000 209 2.000000 0.911279 12.010795 3.645110 2.709443 20.627912 20.627912 
528.500000 210 2.000000 0.835526 0.196585 -3.289459 -1.867093 14.306575 14.306575 
528.500000 211 2.000000 0.285747 13.679680 0.083537 -4.860660 23.632990 23.632990 
528.500000 212 2.000000 0.658243 15.213553 4.388282 2.667759 26.373955 26.373955 
528.500000 213 2.000000 0.839524 7.022639 8.395233 4.256144 88.594694 88.594694 
528.500000 214 2.000000 0.624890 1.630452 -7.338050 4.534028 74.404390 74.404390 
528.500000 215 2.000000 0.066229 0.629458 -3.106550 3.147287 19.556069 19.556069 
528.500000 216 2.000000 0.553237 1.647961 0.840625 0.834889 1.403690 1.403690 
528.500000 217 2.000000 0.779580 16.862779 -1.469459 -1.280498 3.798984 3.798984 
528.500000 218 2.000000 0.710724 0.219995 -2.892755 -0.968769 9.306543 9.306543 
528.500000 219 2.000000 0.000001 14.479881 4.192344 -3.066732 26.980593 26.980593 
528.500000 220 2.000000 0.000001 12.846786 5.091551 -5.703420 58.452889 58.452889 
528.500000 221 2.000000 0.040124 14.718569 -0.201167 -2.155686 4.687449 4.687449 
528.500000 222 2.000000 0.082235 9.303972 0.822337 -3.018737 9.789011 9.789011 
528.500000 223 2.000000 0.957264 5.247619 -0.854703 -2.321165 6.118322 6.118322 
528.500000 224 2.000000 0.977513 13.540294 1.777295 4.441844 22.888758 22.888758 
528.500000 225 2.000000 0.614843 6.908587 2.049475 -3.120346 13.936904 13.936904 
528.500000 226 2.000000 0.360547 0.446808 7.210910 -3.522207 64.403169 64.403169 
528.500000 227 2.000000 0.289957 19.353141 0.362444 0.619352 0.514963 0.514963 
528.500000 228 2.000000 0.620537 6.623596 -0.542088 2.937849 8.924816 8.924816 
528.500000 229 2.000000 0.999999 12.299955 -3.443547 -6.160035 49.804053 49.804053 
528.500000 230 2.000000 0.269427 14.331103 2.694261 0.567783 7.581418 7.581418 
528.500000 231 2.000000 0.555669 2.912870 2.778342 -2.923710 16.267265 16.267265 
528.500000 232 2.000000 0.257020 15.285071 1.713457 -1.530578 5.278605 5.278605 
528.500000 233 2.000000 0.816323 16.475590 -1.836758 -3.916010 18.708817 18.708817 
528.500000 234 2.000000 0.117666 4.039210 -2.633695 -2.921431 15.471111 15.471111 
528.500000 235 2.000000 0.136258 12.048002 -5.758273 3.492174 45.352983 45.352983 
528.500000 236 2.000000 0.276263 0.000001 -2.885654 2.538204 14.769475 14.769475 
528.500000 237 2.000000 0.151419 5.360092 -0.123090 0.213252 0.060628 0.060628 
528.500000 238 2.000000 0.247732 1.819115 0.503392 -1.726649 3.234721 3.234721 
528.500000 239 2.000000 0.288342 6.455642 -3.558287 -0.274001 12.736483 12.736483 
528.500000 240 2.000000 0.182910 4.395115 3.658178 -0.599674 13.741876 13.741876 
528.500000 241 2.000000 0.737110 4.474350 7.371089 7.457248 109.943495 109.943495 
528.500000 242 2.000000 0.705111 3.930813 -5.897767 -3.824766 49.412498 49.412498 
528.500000 243 2.000000 0.930468 15.074966 3.524241 4.289852 30.823102 30.823102 
528.500000 244 2.000000 0.000001 9.872782 1.560969 -6.464984 44.232644 44.232644 
528.500000 245 2.000000 0.284886 14.651985 -0.526752 3.688538 13.882778 13.882778 
528.500000 246 2.000000 0.763156 16.117501 -4.736860 -5.983251 58.237130 58.237130 
528.500000 247 2.000000 0.144028 3.088109 -5.706475 1.065840 33.699867 33.699867 
528.500000 248 2.000000 0.601335 1.955887 -0.419646 1.150521 1.499802 1.499802 
528.500000 249 2.000000 0.369662 6.383843 0.616102 -0.092796 0.388193 0.388193 
528.500000 250 2.000000 0.936395 4.145339 -0.181727 1.184382 1.435786 1.435786 
528.500000 251 2.000000 0.451872 5.594910 -3.654178 3.796164 27.763879 27.763879 
528.500000 252 2.000000 0.755796 16.969400 0.278580 -8.425632 71.068876 71.068876 
528.500000 253 2.000000 0.924400 18.749261 -1.511990 2.454410 8.310241 8.310241 
528.500000 254 2.000000 0.304818 5.299120 0.870906 2.464706 6.833254 6.833254 
528.500000 255 2.000000 0.123864 8.777760 0.825755 1.529333 3.020732 3.020732 
528.500000 256 2.000000 0.344419 8.938132 0.189810 0.284969 0.117235 0.117235 
528.500000 257 2.000000 0.213440 5.588390 -2.247310 3.524938 17.475591 17.475591 
528.500000 258 2.000000 0.437878 1.828381 -3.747476 0.098221 14.053226 14.053226 
528.500000 259 2.000000 0.575689 18.240321 1.830919 -9.238294 88.698333 88.698333 
528.500000 260 2.000000 0.155174 1.614743 0.775863 1.641394 3.296137 3.296137 
528.500000 261 2.000000 0.345916 1.318714 -0.594621 -2.316223 5.718463 5.718463 
528.500000 262 2.000000 0.374937 16.621218 1.874679 0.991752 4.497996 4.497996 
528.500000 263 2.000000 0.113505 19.413446 1.135038 3.168805 11.329638 11.329638 
528.500000 264 2.000000 0.000001 4.792355 1.471478 1.375328 4.056777 4.056777 
528.500000 265 2.000000 0.673711 10.399416 -0.438786 -5.721099 32.923502 32.923502 
528.500000 266 2.000000 0.392282 14.518035 2.615203 -1.367713 8.709929 8.709929 
528.500000 267 2.000000 0.132396 4.968534 -5.784017 6.210667 72.027233 72.027233 
528.500000 268 2.000000 0.562172 6.200164 -0.702347 -1.229157 2.004119 2.004119 
528.500000 269 2.000000 0.577416 17.950557 0.254940 3.804404 14.538483 14.538483 
528.500000 270 2.000000 0.999999 5.939872 -6.956503 -5.091979 74.321186 74.321186 
528.500000 271 2.000000 0.637756 3.260979 -1.811215 -0.491524 3.522096 3.522096 
528.500000 272 2.000000 0.221825 13.979885 0.887297 7.766602 61.107404 61.107404 
528.500000 273 2.000000 0.959785 13.656182 0.302191 2.479879 6.241121 6.241121 
528.500000 274 2.000000 0.395379 14.607657 -4.030799 4.830579 39.581836 39.581836 
528.500000 275 2.000000 0.522127 17.913365 -3.185812 -2.695268 17.413872 17.413872 
528.500000 276 2.000000 0.858375 13.692125 -2.832489 0.305914 8.116580 8.116580 
528.500000 277 2.000000 0.735581 1.278308 0.817311 -3.284507 11.455985 11.455985 
528.500000 278 2.000000 0.500998 4.508225 2.504985 -6.708678 51.281305 51.281305 
528.500000 279 2.000000 0.708180 10.895760 0.354089 -2.182241 4.887557 4.887557 
528.500000 280 2.000000 0.265767 19.780239 -2.936927 -4.395201 27.943329 27.943329 
528.500000 281 2.000000 0.345531 10.057184 -4.596389 -2.876857 29.403093 29.403093 
528.500000 282 2.000000 0.999999 5.319361 -5.833740 3.027060 43.195610 43.195610 
528.500000 283 2.000000 0.319429 7.617058 -0.100636 -0.488616 0.248873 0.248873 
528.500000 284 2.000000 0.832075 14.633995 -0.839620 -7.154672 51.894288 51.894288 
528.500000 285 2.000000 0.937120 6.187561 3.748476 -0.982215 15.015815 15.015815 
528.500000 286 2.000000 0.779884 2.802097 2.599611 -0.842628 7.467999 7.467999 
528.500000 287 2.000000 0.405659 11.242344 2.028292 1.189535 5.528961 5.528961 
528.500000 288 2.000000 0.463466 12.523414 -0.670666 1.670183 3.239305 3.239305 
528.500000 289 2.000000 0.455831 4.563737 -3.627784 -1.500500 15.412321 15.412321 
528.500000 290 2.000000 0.546870 9.307044 2.734346 -0.582317 7.815740 7.815740 
528.500000 291 2.000000 0.392444 1.133334 -2.025182 -0.072848 4.106668 4.106668 
528.500000 292 2.000000 0.474780 6.723754 -1.750728 -2.054090 7.284337 7.284337 
528.500000 293 2.000000 0.824972 1.189162 -0.700107 -1.810669 3.768671 3.768671 
528.500000 294 2.000000 0.000001 8.033085 7.333555 -0.690691 54.258079 54.258079 
528.500000 295 2.000000 0.226502 4.204641 -0.594626 0.155753 0.377839 0.377839 
528.500000 296 2.000000 0.936833 8.935029 1.873663 3.395644 15.041010 15.041010 
528.500000 297 2.000000 0.357969 7.992123 -4.819568 0.463697 23.443256 23.443256 
528.500000 298 2.000000 0.037371 6.577579 -1.480965 2.386705 7.889618 7.889618 
528.500000 299 2.000000 0.339549 0.614913 -2.583637 6.149121 44.486868 44.486868 
528.500000 300 2.000000 0.260831 8.480375 -0.287382 1.334073 1.862338 1.862338 
528.500000 301 2.000000 0.143946 0.462560 0.719723 -1.243895 2.065276 2.065276 
528.500000 302 2.000000 0.560542 2.682462 -4.394572 -3.426637 31.054100 31.054100 
528.500000 303 2.000000 0.349718 0.494044 -3.251405 4.940427 34.979459 34.979459 
528.500000 304 2.000000 0.832425 5.469133 -3.351484 4.801436 34.286227 34.286227 
528.500000 305 2.000000 0.133464 1.777379 0.667313 -1.814610 3.738116 3.738116 
528.500000 306 2.000000 0.345199 10.705572 -1.091334 -4.224740 19.039433 19.039433 
528.500000 307 2.000000 0.668114 0.370378 -3.318855 7.407537 65.886405 65.886405 
528.500000 308 2.000000 0.999999 7.478449 -4.075003 -5.470866 46.536030 46.536030 
528.500000 309 2.000000 0.422003 19.596397 4.220022 -0.110253 17.820739 17.820739 
528.500000 310 2.000000 0.711911 7.169307 7.119104 1.911815 54.336673 54.336673 
528.500000 311 2.000000 0.255153 9.609918 -2.106066 1.010988 5.457612 5.457612 
528.500000 312 2.000000 0.593152 19.050786 3.954337 -2.373031 21.268058 21.268058 
528.500000 313 2.000000 0.322478 7.174178 0.474689 -4.024008 16.417973 16.417973 
528.500000 314 2.000000 0.418367 9.266993 2.091828 -2.650397 11.400350 11.400350 
528.500000 315 2.000000 0.578627 19.999999 2.314504 -2.745235 12.893242 12.893242 
528.500000 316 2.000000 0.754399 14.893798 -2.455995 -1.441824 8.110768 8.110768 
528.500000 317 2.000000 0.433241 9.738854 0.075783 -4.282903 18.349005 18.349005 
528.500000 318 2.000000 0.505933 16.759648 -0.445333 -2.856360 8.357111 8.357111 
528.500000 319 2.000000 0.780517 5.364733 0.900181 -0.567657 1.132561 1.132561 
528.500000 320 2.000000 0.584290 4.568604 3.895261 2.687413 22.395249 22.395249 
528.500000 321 2.000000 0.999999 2.401323 -2.896866 4.802643 31.457215 31.457215 
528.500000 322 2.000000 0.412692 7.312082 -3.915382 2.560170 21.884691 21.884691 
528.500000 323 2.000000 0.587902 9.974548 -4.120972 -0.946045 17.877413 17.877413 
528.500000 324 2.000000 0.418658 4.635456 -0.894372 2.204829 5.661173 5.661173 
528.500000 325 2.000000 0.999999 19.999999 -6.413988 -8.319416 110.351912 110.351912 
528.500000 326 2.000000 0.000001 2.406104 4.730642 0.699339 22.868046 22.868046 
528.500000 327 2.000000 0.000001 7.964483 2.807802 -0.019153 7.884119 7.884119 
528.500000 328 2.000000 0.300953 5.809575 0.407725 1.738128 3.187329 3.187329 
528.500000 329 2.000000 0.189692 1.361147 -5.402047 -5.245390 56.696233 56.696233 
528.500000 330 2.000000 0.832889 8.806727 -0.278516 4.398220 19.421912 19.421912 
528.500000 331 2.000000 0.437101 3.068401 2.914003 -1.217508 9.973740 9.973740 
528.500000 332 2.000000 0.000001 12.890965 4.334235 -0.037753 18.787020 18.787020 
528.500000 333 2.000000 0.132285 5.762272 -0.125478 -0.008130 0.015811 0.015811 
528.500000 334 2.000000 0.068956 18.134159 -4.655217 1.525849 23.999264 23.999264 
528.500000 335 2.000000 0.209425 13.279177 -3.162296 3.007362 19.044343 19.044343 
528.500000 336 2.000000 0.687175 2.053377 1.374348 0.278243 1.966251 1.966251 
528.500000 337 2.000000 0.602270 16.752729 -3.977294 1.692648 18.683922 18.683922 
528.500000 338 2.000000 0.147326 16.451069 2.946503 1.699145 11.568974 11.568974 
528.500000 339 2.000000 0.166296 14.696134 3.325909 -2.586512 17.751713 17.751713 
528.500000 340 2.000000 0.526383 10.463608 1.052763 1.218546 2.593164 2.593164 
528.500000 341 2.000000 0.351528 5.083206 3.515271 0.275270 12.432906 12.432906 
528.500000 342 2.000000 0.703420 7.206035 -5.931589 -3.046295 44.463660 44.463660 
528.500000 343 2.000000 0.042523 15.757278 -0.630899 3.977673 16.219916 16.219916 
528.500000 344 2.000000 0.597460 10.795458 -8.050780 -0.262566 64.883996 64.883996 
528.500000 345 2.000000 0.264806 15.009970 -7.351930 -1.227405 55.557395 55.557395 
528.500000 346 2.000000 0.999999 15.669564 -6.559113 1.227672 44.529143 44.529143 
528.500000 347 2.000000 0.351602 13.233944 3.516005 -1.282179 14.006275 14.006275 
528.500000 348 2.000000 0.647000 1.796480 3.552447 -2.259616 17.725745 17.725745 
528.500000 349 2.000000 0.911596 18.947914 0.049808 -0.251798 0.065883 0.065883 
528.500000 350 2.000000 0.970937 11.942852 3.236454 4.360312 29.486958 29.486958 
528.500000 351 2.000000 0.163498 3.584999 0.817485 6.518178 43.154931 43.154931 
528.500000 352 2.000000 0.999999 12.070548 -2.943084 -1.413620 10.660063 10.660063 
528.500000 353 2.000000 0.678037 19.865144 2.712143 1.499459 9.604099 9.604099 
528.500000 354 2.000000 0.858911 6.030523 2.147275 5.400053 33.771357 33.771357 
528.500000 355 2.000000 0.665271 6.103899 -6.694570 2.774499 52.515109 52.515109 
528.500000 356 2.000000 0.000001 10.132610 1.643679 0.932885 3.571955 3.571955 
528.500000 357 2.000000 0.643235 15.886098 4.288227 0.035839 18.390174 18.390174 
528.500000 358 2.000000 0.176769 2.609128 0.883839 -5.345115 29.351424 29.351424 
528.500000 359 2.000000 0.999999 10.934862 -3.873760 5.173776 41.773978 41.773978 
528.500000 360 2.000000 0.552827 3.261733 3.685504 -2.110304 18.036320 18.036320 
528.500000 361 2.000000 0.000001 12.610025 2.416192 1.734941 8.848006 8.848006 
528.500000 362 2.000000 0.000001 6.728884 3.729373 0.003072 13.908231 13.908231 
528.500000 363 2.000000 0.563499 11.417973 -0.292712 -0.707115 0.585691 0.585691 
528.500000 364 2.000000 0.000001 16.284736 2.137835 1.147018 5.885990 5.885990 
528.500000 365 2.000000 0.536408 19.369975 -3.229694 4.696441 32.487479 32.487479 
528.500000 366 2.000000 0.036283 18.489687 -6.424772 -0.865989 42.027637 42.027637 
528.500000 367 2.000000 0.000001 6.022218 1.944214 -1.983901 7.715833 7.715833 
528.500000 368 2.000000 0.151858 19.796222 -2.030825 -2.037771 8.276759 8.276759 
528.500000 369 2.000000 0.165662 18.953699 -2.781122 -0.871164 8.493566 8.493566 
528.500000 370 2.000000 0.388107 8.767860 -4.079279 1.438061 18.708537 18.708537 
528.500000 371 2.000000 0.818588 14.256026 -3.628223 -2.639758 20.132324 20.132324 
528.500000 372 2.000000 0.466564 11.820854 1.555210 -3.558408 15.080941 15.080941 
528.500000 373 2.000000 0.255955 16.861934 5.119084 -0.849924 26.927397 26.927397 
528.500000 374 2.000000 0.999999 2.146251 -3.025110 1.539474 11.521268 11.521268 
528.500000 375 2.000000 0.667019 6.306267 6.670180 2.525219 50.868029 50.868029 
528.500000 376 2.000000 0.344846 7.295655 1.724223 4.706873 25.127600 25.127600 
528.500000 377 2.000000 0.294836 12.204778 0.804556 -5.280095 28.526710 28.526710 
528.500000 378 2.000000 0.377033 12.705212 0.856261 0.193754 0.770723 0.770723 
528.500000 379 2.000000 0.691515 11.554423 -0.107967 2.815839 7.940606 7.940606 
528.500000 380 2.000000 0.000001 6.913825 5.575246 3.407527 42.694607 42.694607 
528.500000 381 2.000000 0.902926 4.348994 -0.040862 -2.017441 4.071738 4.071738 
528.500000 382 2.000000 0.715398 3.879442 1.210381 -0.231419 1.518577 1.518577 
528.500000 383 2.000000 0.311231 8.904914 1.244922 -1.791588 4.759617 4.759617 
528.500000 384 2.000000 0.799112 1.928596 1.331852 -1.204531 3.224725 3.224725 
528.500000 385 2.000000 0.709513 1.556509 -5.809726 -1.042148 34.838982 34.838982 
528.500000 386 2.000000 0.566824 4.733449 -8.663502 3.286697 85.858638 85.858638 
528.500000 387 2.000000 0.210242 0.598089 0.840963 0.498407 0.955628 0.955628 
528.500000 388 2.000000 0.531217 4.968979 -3.125211 0.024788 9.767556 9.767556 
528.500000 389 2.000000 0.000001 19.230351 3.200921 -3.848241 25.054851 25.054851 
528.500000 390 2.000000 0.572459 13.998032 -2.137699 -5.716159 37.244236 37.244236 
528.500000 391 2.000000 0.394802 17.657821 2.632007 1.446174 9.018883 9.018883 
528.500000 392 2.000000 0.616324 5.897412 -0.077510 -6.410267 41.097526 41.097526 
528.500000 393 2.000000 0.999999 1.216729 -2.925282 -3.732359 22.487782 22.487782 
528.500000 394 2.000000 0.626767 4.036472 0.631531 0.918886 1.243183 1.243183 
528.500000 395 2.000000 0.161434 12.569138 -2.395899 -7.077010 55.824408 55.824408 
528.500000 396 2.000000 0.948162 17.166092 2.370403 -3.865453 20.560533 20.560533 
528.500000 397 2.000000 0.294212 0.701693 2.942114 -3.800578 23.100425 23.100425 
528.500000 398 2.000000 0.041289 11.443824 0.825761 3.134069 10.504270 10.504270 
528.500000 399 2.000000 0.059739 0.000001 -4.701301 5.129079 48.409681 48.409681 
528.500000 400 2.000000 0.583066 11.723320 5.830651 0.809239 34.651361 34.651361 
528.500000 401 2.000000 0.836538 4.282666 -1.634610 0.821512 3.346831 3.346831 
528.500000 402 2.000000 0.726858 5.954180 4.845714 3.841406 38.237347 38.237347 
528.500000 403 2.000000 0.673690 19.719451 2.598710 0.670634 7.203046 7.203046 
528.500000 404 2.000000 0.999999 6.239254 -2.748450 6.239253 46.482254 46.482254 
528.500000 405 2.000000 0.349721 0.525944 -6.502781 5.259427 69.947729 69.947729 
528.500000 406 2.000000 0.835406 8.509635 0.632759 3.348297 11.611475 11.611475 
528.500000 407 2.000000 0.977411 10.014048 1.303214 2.029120 5.815696 5.815696 
528.500000 408 2.000000 0.000001 15.223907 6.545876 -1.226149 44.351930 44.351930 
528.500000 409 2.000000 0.285154 10.607643 0.438696 -3.130785 9.994271 9.994271 
528.500000 410 2.000000 0.172314 14.225817 3.446252 -1.021402 12.919916 12.919916 
528.500000 411 2.000000 0.613838 13.419779 -7.723220 0.098544 59.657845 59.657845 
528.500000 412 2.000000 0.000001 8.682784 9.212565 -6.269611 124.179379 124.179379 
528.500000 413 2.000000 0.999999 1.144958 -2.479515 1.205218 7.600543 7.600543 
528.500000 414 2.000000 0.999999 12.410408 -9.595090 -8.435463 163.222798 163.222798 
528.500000 415 2.000000 0.279315 15.496565 -1.310334 -1.554376 4.133060 4.133060 
528.500000 416 2.000000 0.038691 19.999999 -6.408719 -4.737331 63.513991 63.513991 
528.500000 417 2.000000 0.316116 5.618571 -0.193264 2.041709 4.205927 4.205927 
528.500000 418 2.000000 0.634754 8.599936 -7.304891 -0.478678 53.590561 53.590561 
528.500000 419 2.000000 0.612539 12.670422 2.190692 -2.256903 9.892741 9.892741 
528.500000 420 2.000000 0.002066 19.750155 -3.991733 1.729681 18.925728 18.925728 
528.500000 421 2.000000 0.786684 18.011965 -1.422099 -3.614607 15.087752 15.087752 
528.500000 422 2.000000 0.677931 6.405693 0.069325 2.469300 6.102246 6.102246 
528.500000 423 2.000000 0.628648 15.127976 -3.713506 -2.118271 18.277201 18.277201 
528.500000 424 2.000000 0.779886 11.356731 1.178267 -0.970392 2.329976 2.329976 
528.500000 425 2.000000 0.716117 1.524179 1.929018 -3.079319 13.203318 13.203318 
528.500000 426 2.000000 0.511231 0.436409 -3.258455 -2.817688 18.556893 18.556893 
528.500000 427 2.000000 0.000001 9.453970 4.678160 -5.023689 47.122632 47.122632 
528.500000 428 2.000000 0.670456 1.261029 1.915587 1.940044 7.433243 7.433243 
528.500000 429 2.000000 0.819065 0.800101 -3.618676 -0.666464 13.538990 13.538990 
528.500000 430 2.000000 0.321073 19.909798 0.458674 -0.060067 0.213990 0.213990 
528.500000 431 2.000000 0.877883 1.266624 -2.442314 0.912868 6.798223 6.798223 
528.500000 432 2.000000 0.000001 10.600845 2.135946 -7.230118 56.836876 56.836876 
528.500000 433 2.000000 0.812363 10.982796 2.783176 2.186222 12.525634 12.525634 
528.500000 434 2.000000 0.893779 0.798048 1.484084 2.660158 9.278942 9.278942 
528.500000 435 2.000000 0.696817 11.529940 1.742040 -1.398761 4.991235 4.991235 
528.500000 436 2.000000 0.222996 1.787637 -2.220009 -2.992388 13.882823 13.882823 
528.500000 437 2.000000 0.202444 4.350543 -1.450100 2.502943 8.367517 8.367517 
528.500000 438 2.000000 0.867404 1.298152 -0.883969 -3.019346 9.897853 9.897853 
528.500000 439 2.000000 0.516728 0.496981 -1.380774 -6.189423 40.215494 40.215494 
528.500000 440 2.000000 0.257639 10.044347 -4.949068 0.045667 24.495363 24.495363 
528.500000 441 2.000000 0.273162 18.202792 2.731606 3.979846 23.300842 23.300842 
528.500000 442 2.000000 0.324255 16.597913 -3.378720 -0.371425 11.553702 11.553702 
528.500000 443 2.000000 0.510102 8.564464 0.227203 -5.793581 33.617207 33.617207 
528.500000 444 2.000000 0.101660 2.968085 1.016588 4.240119 19.012064 19.012064 
528.500000 445 2.000000 0.999999 13.257354 -6.682143 3.809160 59.160738 59.160738 
528.500000 446 2.000000 0.269585 10.949677 5.391677 -1.352876 30.900449 30.900449 
528.500000 447 2.000000 0.000001 11.524621 1.813906 -2.537733 9.730345 9.730345 
528.500000 448 2.000000 0.209700 13.660019 -5.268659 -0.280570 27.837490 27.837490 
528.500000 449 2.000000 0.318657 1.421557 6.373114 -5.234098 68.012358 68.012358 
528.500000 450 2.000000 0.298029 1.943548 -4.679798 7.726445 81.598471 81.598471 
528.500000 451 2.000000 0.387475 0.904601 -2.450097 0.506108 6.259120 6.259120 
528.500000 452 2.000000 0.201590 4.946102 2.015892 -3.280549 14.825820 14.825820 
528.500000 453 2.000000 0.795389 1.248816 -4.092196 -1.042332 17.832527 17.832527 
528.500000 454 2.000000 0.692333 1.517977 -6.153320 -1.887834 41.427263 41.427263 
528.500000 455 2.000000 0.630825 10.762536 -7.383470 3.694771 68.166962 68.166962 
528.500000 456 2.000000 0.529016 0.274423 -0.941965 -2.870907 9.129404 9.129404 
528.500000 457 2.000000 0.356173 16.781352 -6.438263 -6.113683 78.828356 78.828356 
528.500000 458 2.000000 0.632651 7.866450 -3.573798 -2.854156 20.918237 20.918237 
528.500000 459 2.000000 0.064425 1.197286 -3.124597 5.986423 45.600375 45.600375 
528.500000 460 2.000000 0.999999 10.314918 -6.052105 -0.442342 36.823645 36.823645 
528.500000 461 2.000000 0.536050 10.316960 5.360492 4.699690 50.821969 50.821969 
528.500000 462 2.000000 0.573664 6.491225 2.294651 2.767940 12.926913 12.926913 
528.500000 463 2.000000 0.532752 1.231589 0.785945 -2.126311 5.138907 5.138907 
528.500000 464 2.000000 0.999999 19.231090 -6.579586 2.047461 47.483054 47.483054 
528.500000 465 2.000000 0.312927 19.127174 2.086174 -2.803798 12.213409 12.213409 
528.500000 466 2.000000 0.604170 0.753094 1.726197 2.151693 7.609541 7.609541 
528.500000 467 2.000000 0.000001 13.150868 6.436806 4.231969 59.342038 59.342038 
528.500000 468 2.000000 0.558173 9.670495 1.212119 4.297117 19.934444 19.934444 
528.500000 469 2.000000 0.233915 2.821323 0.151375 0.068813 0.027650 0.027650 
528.500000 470 2.000000 0.337141 8.690557 -3.314290 -9.047554 92.842746 92.842746 
528.500000 471 2.000000 0.148611 15.625525 2.972192 0.151050 8.856739 8.856739 
528.500000 472 2.000000 0.258011 7.484709 5.160205 0.023476 26.628262 26.628262 
528.500000 473 2.000000 0.544290 11.064662 -4.557093 -2.791916 28.561893 28.561893 
528.500000 474 2.000000 0.098132 17.307916 -1.503111 -2.981599 11.149274 11.149274 
528.500000 475 2.000000 0.893533 9.513862 0.802110 12.685148 161.556365 161.556365 
528.500000 476 2.000000 0.644271 2.081677 1.610674 5.947647 37.968774 37.968774 
528.500000 477 2.000000 0.527882 2.371594 2.639406 5.270207 34.741543 34.741543 
528.500000 478 2.000000 0.000001 11.770709 6.693769 2.121613 49.307792 49.307792 
528.500000 479 2.000000 0.237149 2.998059 -0.751619 2.832396 8.587400 8.587400 
528.500000 480 2.000000 0.539125 14.058243 -1.024164 1.912429 4.706297 4.706297 
528.500000 481 2.000000 0.168338 19.987611 0.093213 3.030047 9.189872 9.189872 
528.500000 482 2.000000 0.999999 1.596033 -1.940381 -4.325970 22.479099 22.479099 
528.500000 483 2.000000 0.000001 13.025727 6.443173 -1.766128 44.633683 44.633683 
528.500000 484 2.000000 0.020729 10.747622 -3.264232 6.142794 48.389134 48.389134 
528.500000 485 2.000000 0.999999 1.832945 -4.734305 -5.887343 57.074443 57.074443 
528.500000 486 2.000000 0.875807 11.993101 -2.483837 0.778750 6.775899 6.775899 
528.500000 487 2.000000 0.186732 11.336444 3.734616 -2.931731 22.542401 22.542401 
528.500000 488 2.000000 0.421986 3.981808 -2.890064 -0.945547 9.246528 9.246528 
528.500000 489 2.000000 0.513252 18.198066 1.710836 -3.276242 13.660721 13.660721 
528.500000 490 2.000000 0.999999 17.482750 -4.871253 3.530613 36.194332 36.194332 
528.500000 491 2.000000 0.056886 11.317932 1.137695 -2.974587 10.142516 10.142516 
528.500000 492 2.000000 0.948517 3.673423 1.121890 -2.825470 9.241919 9.241919 
528.500000 493 2.000000 0.576351 18.333676 -2.118238 4.498395 24.722491 24.722491 
528.500000 494 2.000000 0.724438 3.703021 2.069821 -3.002859 13.301323 13.301323 
528.500000 495 2.000000 0.604532 2.822670 -2.636450 1.070195 8.096183 8.096183 
528.500000 496 2.000000 0.838459 12.044689 4.192291 -0.423761 17.754879 17.754879 
528.500000 497 2.000000 0.144853 14.389712 -4.275729 3.195595 28.493688 28.493688 
528.500000 498 2.000000 0.824984 2.061701 8.249828 -1.615573 70.669731 70.669731 
528.500000 499 2.000000 0.062820 8.543387 1.256379 1.349209 3.398854 3.398854 
528.500000 500 2.000000 0.144536 6.694031 -2.851543 -3.273871 18.849526 18.849526 
