271.000000 1 2.000000 9.169579 19.999999 0.804349 -0.346870 0.767296 0.767296 
271.000000 2 2.000000 9.045849 10.596922 0.023700 -0.245310 0.060739 0.060739 
271.000000 3 2.000000 4.309764 15.742541 0.331520 -0.445807 0.308650 0.308650 
271.000000 4 2.000000 1.507859 0.209558 0.558466 -1.649203 3.031756 3.031756 
271.000000 5 2.000000 9.596871 18.048074 -0.738855 0.776261 1.148488 1.148488 
271.000000 6 2.000000 8.191112 6.592949 0.644969 0.602096 0.778505 0.778505 
271.000000 7 2.000000 3.953944 9.673699 -0.292196 -1.930150 3.810856 3.810856 
271.000000 8 2.000000 1.894487 9.952929 -0.918485 -1.561815 3.282881 3.282881 
271.000000 9 2.000000 6.314604 18.796802 -0.116962 -0.270381 0.086786 0.086786 
271.000000 10 2.000000 2.589242 14.287162 0.102651 -0.018203 0.010869 0.010869 
271.000000 11 2.000000 7.129695 11.239640 0.188829 0.146064 0.056991 0.056991 
271.000000 12 2.000000 0.260389 8.727960 0.867960 0.685176 1.222821 1.222821 
271.000000 13 2.000000 8.712050 7.869564 -0.799499 -1.586813 3.157176 3.157176 
271.000000 14 2.000000 1.535617 1.902503 0.085550 -0.594656 0.360934 0.360934 
271.000000 15 2.000000 6.481868 9.403299 0.531643 -0.734833 0.822624 0.822624 
271.000000 16 2.000000 3.787451 0.138967 1.183578 -1.533670 3.753002 3.753002 
271.000000 17 2.000000 4.250399 3.352221 1.491368 0.228042 2.276181 2.276181 
271.000000 18 2.000000 0.028633 10.435007 0.286318 0.621131 0.467782 0.467782 
271.000000 19 2.000000 1.933573 3.323326 -0.204641 1.889397 3.611699 3.611699 
271.000000 20 2.000000 4.373931 7.065086 0.095742 1.371861 1.891169 1.891169 
271.000000 21 2.000000 1.218208 16.222219 -0.865687 0.036344 0.750735 0.750735 
271.000000 22 2.000000 7.672267 6.378221 0.333550 -0.823215 0.788938 0.788938 
271.000000 23 2.000000 7.683139 14.991108 -0.948590 -0.067245 0.904344 0.904344 
271.000000 24 2.000000 6.000230 14.443291 -1.143006 -0.264605 1.376478 1.376478 
271.000000 25 2.000000 2.761933 6.462818 -0.735494 1.133828 1.826516 1.826516 
271.000000 26 2.000000 9.311652 7.860422 0.653449 0.258967 0.494060 0.494060 
271.000000 27 2.000000 1.005443 18.355835 -1.390910 -2.192219 6.740452 6.740452 
271.000000 28 2.000000 2.366148 10.259275 -0.542182 0.387964 0.444477 0.444477 
271.000000 29 2.000000 5.319351 6.639089 -0.499331 0.176337 0.280427 0.280427 
271.000000 30 2.000000 1.000675 3.194972 -0.247624 2.282122 5.269400 5.269400 
271.000000 31 2.000000 8.853200 11.102595 -0.690922 -1.012304 1.502132 1.502132 
271.000000 32 2.000000 9.483699 10.147939 0.220602 -1.106973 1.274054 1.274054 
271.000000 33 2.000000 6.252377 0.464553 -0.510551 -0.272577 0.334961 0.334961 
271.000000 34 2.000000 9.110280 7.437835 -0.152897 -0.029692 0.024259 0.024259 
271.000000 35 2.000000 4.563260 17.764461 2.028115 -0.519893 4.383539 4.383539 
271.000000 36 2.000000 6.212217 3.999368 -0.624518 -1.649550 3.111037 3.111037 
271.000000 37 2.000000 2.940172 0.974201 -1.102855 0.304438 1.308971 1.308971 
271.000000 38 2.000000 4.262960 0.741065 1.814025 -1.702428 6.188949 6.188949 
271.000000 39 2.000000 7.537176 4.694400 0.515457 -1.216350 1.745203 1.745203 
271.000000 40 2.000000 8.907363 14.100927 -0.567758 0.674685 0.777549 0.777549 
271.000000 41 2.000000 0.703418 17.682006 1.004881 0.459904 1.221297 1.221297 
271.000000 42 2.000000 0.372282 14.250712 3.722811 -0.487810 14.097281 14.097281 
271.000000 43 2.000000 4.774346 11.911165 -3.436381 0.335932 11.921567 11.921567 
271.000000 44 2.000000 4.973102 3.478723 1.471222 0.546171 2.462798 2.462798 
271.000000 45 2.000000 4.410359 7.854184 1.176096 -0.842047 2.092244 2.092244 
271.000000 46 2.000000 8.571959 4.052729 -0.380436 1.529331 2.483587 2.483587 
271.000000 47 2.000000 9.499068 19.116450 1.696262 1.554183 5.292789 5.292789 
271.000000 48 2.000000 7.699832 18.989117 -0.021776 -0.518401 0.269214 0.269214 
271.000000 49 2.000000 9.383594 7.283827 0.507923 -0.132113 0.275439 0.275439 
271.000000 50 2.000000 0.180693 7.255685 1.806921 0.912665 4.097919 4.097919 
271.000000 51 2.000000 2.391705 4.953844 -0.372567 1.010988 1.160904 1.160904 
271.000000 52 2.000000 5.786177 17.592057 1.081528 -0.230102 1.222650 1.222650 
271.000000 53 2.000000 4.354762 8.851308 -0.691524 -0.684965 0.947383 0.947383 
271.000000 54 2.000000 4.798492 11.265416 -0.691801 0.236668 0.534600 0.534600 
271.000000 55 2.000000 1.984281 14.471912 -1.185103 0.665769 1.847717 1.847717 
271.000000 56 2.000000 6.805725 7.128640 -1.354488 -0.563088 2.151707 2.151707 
271.000000 57 2.000000 1.594182 9.726864 -1.295026 1.039576 2.757810 2.757810 
271.000000 58 2.000000 5.179312 4.584407 -0.907748 -0.741276 1.373496 1.373496 
271.000000 59 2.000000 5.731841 3.954228 -1.974662 -1.162737 5.251249 5.251249 
271.000000 60 2.000000 3.138414 5.804731 -1.210069 -1.679913 4.286375 4.286375 
271.000000 61 2.000000 8.188212 6.214756 0.673927 0.572788 0.782264 0.782264 
271.000000 62 2.000000 0.010257 11.257554 -1.473814 -1.214229 3.646477 3.646477 
271.000000 63 2.000000 4.186755 1.245077 -0.011136 -0.011373 0.000253 0.000253 
271.000000 64 2.000000 7.709292 4.268881 -0.097808 -0.269129 0.081997 0.081997 
271.000000 65 2.000000 8.191195 15.960748 2.022517 0.919646 4.936324 4.936324 
271.000000 66 2.000000 2.864160 10.273106 -0.757551 -0.726672 1.101936 1.101936 
271.000000 67 2.000000 8.150148 1.399581 -1.515953 -1.097419 3.502442 3.502442 
271.000000 68 2.000000 1.484392 17.348682 0.242442 -0.273355 0.133501 0.133501 
271.000000 69 2.000000 0.959194 11.617632 -0.293913 -0.527357 0.364490 0.364490 
271.000000 70 2.000000 1.303188 12.810670 0.190246 -0.135927 0.054670 0.054670 
271.000000 71 2.000000 0.000001 17.439364 1.598925 -0.479427 2.786412 2.786412 
271.000000 72 2.000000 2.231077 9.891521 1.394422 -0.516654 2.211345 2.211345 
271.000000 73 2.000000 7.149177 13.404876 -1.253630 0.718760 2.088203 2.088203 
271.000000 74 2.000000 2.333130 8.177940 0.405762 -0.687329 0.637064 0.637064 
271.000000 75 2.000000 8.965121 17.356852 -0.292096 1.527276 2.417892 2.417892 
271.000000 76 2.000000 1.402443 2.245394 0.876526 0.888737 1.558152 1.558152 
271.000000 77 2.000000 6.862326 1.404304 1.614665 0.610566 2.979933 2.979933 
271.000000 78 2.000000 2.974042 11.126388 -0.613531 -0.187686 0.411647 0.411647 
271.000000 79 2.000000 5.732781 11.974263 0.026567 -0.316770 0.101049 0.101049 
271.000000 80 2.000000 3.705327 13.042832 1.347391 -2.108232 6.260107 6.260107 
271.000000 81 2.000000 0.926260 7.012958 -0.189636 0.189172 0.071748 0.071748 
271.000000 82 2.000000 9.255323 8.665801 0.384203 0.968246 1.085112 1.085112 
271.000000 83 2.000000 0.000001 7.518432 2.728638 -0.320214 7.548005 7.548005 
271.000000 84 2.000000 8.124441 9.330007 0.462386 0.683517 0.680997 0.680997 
271.000000 85 2.000000 1.300298 0.560172 -0.421639 -0.483432 0.411487 0.411487 
271.000000 86 2.000000 3.041163 9.984730 0.779785 -0.535706 0.895045 0.895045 
271.000000 87 2.000000 7.113899 6.811374 -0.290498 -0.656150 0.514922 0.514922 
271.000000 88 2.000000 1.295130 13.899062 -0.029748 -1.794393 3.220732 3.220732 
271.000000 89 2.000000 7.228216 7.757809 -0.049198 -1.901863 3.619503 3.619503 
271.000000 90 2.000000 9.635947 13.484213 -1.359034 -0.506480 2.103494 2.103494 
271.000000 91 2.000000 7.322172 4.592892 1.084766 -0.693018 1.656992 1.656992 
271.000000 92 2.000000 6.945000 14.117887 1.845977 2.601631 10.176111 10.176111 
271.000000 93 2.000000 0.380885 6.653744 -1.667587 0.251995 2.844348 2.844348 
271.000000 94 2.000000 2.716195 8.292241 1.108650 0.198006 1.268312 1.268312 
271.000000 95 2.000000 3.247813 4.054552 -0.935673 -0.256957 0.941510 0.941510 
271.000000 96 2.000000 1.730222 9.277998 1.384177 1.638263 4.599853 4.599853 
271.000000 97 2.000000 0.258725 10.315862 -1.189619 0.578351 1.749683 1.749683 
271.000000 98 2.000000 3.986739 14.591767 -0.482767 1.057374 1.351105 1.351105 
271.000000 99 2.000000 5.027442 0.035003 -1.301394 -1.327420 3.455670 3.455670 
271.000000 100 2.000000 4.656924 8.887328 -1.146808 2.019847 5.394950 5.394950 
271.000000 101 2.000000 9.028157 15.778574 0.683823 -0.753079 1.034741 1.034741 
271.000000 102 2.000000 1.280959 10.031518 0.618305 -1.029301 1.441762 1.441762 
271.000000 103 2.000000 2.546452 19.100035 -0.143856 0.017071 0.020986 0.020986 
271.000000 104 2.000000 8.408440 1.323968 -0.436003 -0.016953 0.190386 0.190386 
271.000000 105 2.000000 2.935108 11.463942 0.762366 -0.267698 0.652863 0.652863 
271.000000 106 2.000000 4.530731 19.152614 0.138530 -0.996924 1.013048 1.013048 
271.000000 107 2.000000 3.380832 14.725790 1.827476 -0.781364 3.950199 3.950199 
271.000000 108 2.000000 8.474720 7.897061 -0.393733 0.346362 0.274993 0.274993 
271.000000 109 2.000000 0.239516 19.357291 0.126060 0.927084 0.875376 0.875376 
271.000000 110 2.000000 5.807460 4.610433 0.600180 2.195444 5.180189 5.180189 
271.000000 111 2.000000 9.449290 8.500006 -1.048836 1.020159 2.140781 2.140781 
271.000000 112 2.000000 0.581805 15.026221 1.939346 0.349137 3.882959 3.882959 
271.000000 113 2.000000 6.411289 12.604865 0.986352 0.171877 1.002432 1.002432 
271.000000 114 2.000000 2.492553 16.095495 0.407713 -0.130190 0.183179 0.183179 
271.000000 115 2.000000 7.230855 11.832232 0.730389 -0.116741 0.547097 0.547097 
271.000000 116 2.000000 3.638379 0.656194 -0.355467 -0.063270 0.130360 0.130360 
271.000000 117 2.000000 8.662015 1.807876 -2.117969 -0.456784 4.694443 4.694443 
271.000000 118 2.000000 7.191813 15.902668 0.826645 1.639450 3.371139 3.371139 
271.000000 119 2.000000 4.101920 15.518651 0.226870 -0.092390 0.060006 0.060006 
271.000000 120 2.000000 4.852913 15.082227 -0.152359 1.346627 1.836618 1.836618 
271.000000 121 2.000000 0.555830 13.477840 -0.061524 1.219199 1.490231 1.490231 
271.000000 122 2.000000 5.355480 1.770293 -0.606172 -0.715399 0.879240 0.879240 
271.000000 123 2.000000 5.690821 7.932902 -1.152052 1.851156 4.754003 4.754003 
271.000000 124 2.000000 3.453880 10.310359 -0.991911 0.128801 1.000478 1.000478 
271.000000 125 2.000000 4.305198 11.710485 1.089923 0.100973 1.198128 1.198128 
271.000000 126 2.000000 7.008291 14.218569 1.061862 1.231045 2.643023 2.643023 
271.000000 127 2.000000 2.397465 15.068732 -1.066808 1.055495 2.252149 2.252149 
271.000000 128 2.000000 2.706914 2.329425 1.933509 0.831937 4.430577 4.430577 
271.000000 129 2.000000 8.110251 16.749257 0.525083 -1.101947 1.489999 1.489999 
271.000000 130 2.000000 6.792477 3.155339 -1.041283 0.259699 1.151714 1.151714 
271.000000 131 2.000000 7.001939 17.417663 0.055667 -0.406667 0.168477 0.168477 
271.000000 132 2.000000 9.269948 1.121093 0.335739 -0.783137 0.726025 0.726025 
271.000000 133 2.000000 1.423790 1.618991 0.222805 0.809495 0.704924 0.704924 
271.000000 134 2.000000 0.095696 0.590571 -0.103834 -0.114752 0.023949 0.023949 
271.000000 135 2.000000 8.749253 19.688044 -0.945377 -0.059991 0.897336 0.897336 
271.000000 136 2.000000 3.153831 14.566637 0.432031 -1.194145 1.612635 1.612635 
271.000000 137 2.000000 9.528472 8.038018 2.241993 -0.057893 5.029886 5.029886 
271.000000 138 2.000000 3.733945 6.477698 0.525908 1.393053 2.217176 2.217176 
271.000000 139 2.000000 7.151186 6.634507 -1.313406 -0.341871 1.841912 1.841912 
271.000000 140 2.000000 5.522805 2.392005 0.584424 0.736001 0.883249 0.883249 
271.000000 141 2.000000 0.916434 9.761177 1.409898 -0.563111 2.304905 2.304905 
271.000000 142 2.000000 0.117510 6.132440 -0.040179 0.175463 0.032402 0.032402 
271.000000 143 2.000000 9.304691 10.343253 -0.760378 0.623215 0.966571 0.966571 
271.000000 144 2.000000 2.604284 2.280572 0.813838 0.068521 0.667028 0.667028 
271.000000 145 2.000000 0.543140 10.654426 -0.486964 0.587021 0.581727 0.581727 
271.000000 146 2.000000 3.929439 8.908681 2.910694 -0.497368 8.719518 8.719518 
271.000000 147 2.000000 7.773306 17.193217 1.205164 0.980691 2.414175 2.414175 
271.000000 148 2.000000 7.835071 13.585438 1.865493 0.556013 3.789214 3.789214 
271.000000 149 2.000000 9.024550 3.117636 2.027988 -0.317715 4.213680 4.213680 
271.000000 150 2.000000 3.105030 6.974205 -0.485252 -1.648835 2.954126 2.954126 
271.000000 151 2.000000 7.390934 19.907567 0.557212 -1.848632 3.727926 3.727926 
271.000000 152 2.000000 6.291647 4.819356 1.143936 1.083001 2.481480 2.481480 
271.000000 153 2.000000 4.272485 18.398748 2.655681 2.346412 12.558292 12.558292 
271.000000 154 2.000000 6.377820 16.787029 -0.279758 0.945748 0.972704 0.972704 
271.000000 155 2.000000 0.727011 19.416299 0.807789 1.249887 2.214742 2.214742 
271.000000 156 2.000000 3.006306 7.699314 -0.312692 0.485451 0.333439 0.333439 
271.000000 157 2.000000 6.246059 19.967719 -1.229703 0.941873 2.399296 2.399296 
271.000000 158 2.000000 1.792068 3.677250 0.000019 -0.537327 0.288720 0.288720 
271.000000 159 2.000000 7.424537 7.636198 -0.391095 0.985316 1.123802 1.123802 
271.000000 160 2.000000 6.701418 11.550054 0.650623 1.269237 2.034272 2.034272 
271.000000 161 2.000000 7.470721 3.919202 1.075438 0.975278 2.107736 2.107736 
271.000000 162 2.000000 8.654074 3.609567 1.102430 -0.240704 1.273290 1.273290 
271.000000 163 2.000000 0.201618 4.390388 -1.233016 -0.281113 1.599354 1.599354 
271.000000 164 2.000000 8.292838 18.876981 0.231499 -0.748679 0.614111 0.614111 
271.000000 165 2.000000 4.455076 19.063358 -1.816618 0.945015 4.193154 4.193154 
271.000000 166 2.000000 2.122918 12.355780 -0.889582 -0.410980 0.960261 0.960261 
271.000000 167 2.000000 1.652920 11.142756 0.541941 -0.256138 0.359306 0.359306 
271.000000 168 2.000000 7.872660 19.295912 -0.415183 -1.760217 3.270739 3.270739 
271.000000 169 2.000000 4.175313 9.243639 -2.494305 2.464970 12.297636 12.297636 
271.000000 170 2.000000 3.742950 17.512092 -0.431337 1.716872 3.133700 3.133700 
271.000000 171 2.000000 2.712616 11.321806 -0.541277 -1.422655 2.316927 2.316927 
271.000000 172 2.000000 4.916369 6.774410 0.112328 -0.640884 0.423349 0.423349 
271.000000 173 2.000000 0.875499 12.016791 -2.489806 -0.985581 7.170502 7.170502 
271.000000 174 2.000000 4.992768 16.793690 0.378291 0.018282 0.143439 0.143439 
271.000000 175 2.000000 2.314896 16.804772 -1.333983 0.847668 2.498052 2.498052 
271.000000 176 2.000000 2.896254 2.414495 0.665805 -2.329206 5.868496 5.868496 
271.000000 177 2.000000 6.680455 6.961235 -1.869238 -1.560615 5.929573 5.929573 
271.000000 178 2.000000 0.056312 11.561345 -1.645614 0.487768 2.945964 2.945964 
271.000000 179 2.000000 2.934225 17.704625 1.956150 -0.489885 4.066508 4.066508 
271.000000 180 2.000000 0.686712 5.464911 0.467658 1.189395 1.633365 1.633365 
271.000000 181 2.000000 5.690768 8.828974 0.843077 -0.253975 0.775281 0.775281 
271.000000 182 2.000000 2.024388 13.297917 -0.182432 -0.469851 0.254041 0.254041 
271.000000 183 2.000000 7.557677 11.359679 -2.080211 1.557645 6.753536 6.753536 
271.000000 184 2.000000 9.025232 8.901139 -0.022209 -1.450831 2.105405 2.105405 
271.000000 185 2.000000 0.349346 0.760011 1.746723 -0.962041 3.976565 3.976565 
271.000000 186 2.000000 1.491927 3.925462 -0.295045 -0.381491 0.232587 0.232587 
271.000000 187 2.000000 0.759994 2.140956 0.947784 0.913114 1.732070 1.732070 
271.000000 188 2.000000 9.360644 8.889533 -2.313699 -1.552681 7.764023 7.764023 
271.000000 189 2.000000 3.679254 16.390595 1.415097 -0.190156 2.038659 2.038659 
271.000000 190 2.000000 2.300831 13.387697 0.793390 -0.565154 0.948866 0.948866 
271.000000 191 2.000000 2.141752 15.997162 -0.145751 1.447707 2.117098 2.117098 
271.000000 192 2.000000 7.905799 12.763440 0.798565 1.690522 3.495570 3.495570 
271.000000 193 2.000000 3.505516 17.465712 1.095474 0.887346 1.987444 1.987444 
271.000000 194 2.000000 8.428852 12.170670 -1.452607 -0.867775 2.863102 2.863102 
271.000000 195 2.000000 9.210626 1.779188 0.873637 -0.614351 1.140670 1.140670 
271.000000 196 2.000000 9.198046 6.001443 -0.630886 -0.321892 0.501632 0.501632 
271.000000 197 2.000000 9.646410 10.151782 -1.149782 0.439616 1.515260 1.515260 
271.000000 198 2.000000 8.973057 7.826205 -0.402471 -0.419333 0.337823 0.337823 
271.000000 199 2.000000 6.209947 19.080846 -0.329349 0.639582 0.517537 0.517537 
271.000000 200 2.000000 8.703340 15.273928 -0.662162 0.438027 0.630327 0.630327 
271.000000 201 2.000000 1.673605 11.077475 -0.116530 -0.658313 0.446955 0.446955 
271.000000 202 2.000000 8.430977 0.495600 0.547584 -2.451001 6.307252 6.307252 
271.000000 203 2.000000 2.850221 12.763282 -0.583958 -0.695838 0.825198 0.825198 
271.000000 204 2.000000 6.832709 0.671943 -0.749047 -0.316207 0.661058 0.661058 
271.000000 205 2.000000 6.920487 3.379936 -0.286349 0.188823 0.117650 0.117650 
271.000000 206 2.000000 4.520531 17.882954 0.152194 0.731740 0.558607 0.558607 
271.000000 207 2.000000 7.936480 8.167348 -0.490591 -1.169842 1.609209 1.609209 
271.000000 208 2.000000 0.714672 12.981509 0.621453 1.351221 2.212002 2.212002 
271.000000 209 2.000000 2.986275 4.890688 -1.437109 -0.243693 2.124669 2.124669 
271.000000 210 2.000000 0.419280 4.544514 -0.130889 0.710080 0.521346 0.521346 
271.000000 211 2.000000 4.789730 5.110154 1.640476 1.479257 4.879363 4.879363 
271.000000 212 2.000000 0.571433 1.117794 1.142863 -0.100339 1.316204 1.316204 
271.000000 213 2.000000 1.889355 0.686315 -0.536298 0.097145 0.297052 0.297052 
271.000000 214 2.000000 9.583988 1.112115 1.338777 0.347536 1.913105 1.913105 
271.000000 215 2.000000 0.835516 6.437169 0.261099 0.313549 0.166486 0.166486 
271.000000 216 2.000000 7.125150 18.574570 -0.543264 -0.220997 0.343976 0.343976 
271.000000 217 2.000000 7.675333 4.008918 -0.443834 -0.141825 0.217103 0.217103 
271.000000 218 2.000000 5.218253 16.584105 -0.717355 1.461155 2.649571 2.649571 
271.000000 219 2.000000 5.902754 9.677334 0.531780 0.724894 0.808261 0.808261 
271.000000 220 2.000000 1.462495 12.358925 1.329540 0.442139 1.963164 1.963164 
271.000000 221 2.000000 8.887197 10.770101 0.381935 -1.337666 1.935226 1.935226 
271.000000 222 2.000000 0.459377 16.350573 0.262500 -0.259746 0.136374 0.136374 
271.000000 223 2.000000 4.368689 19.354415 -0.052032 0.722128 0.524177 0.524177 
271.000000 224 2.000000 6.831249 6.348170 1.088804 -0.937815 2.064991 2.064991 
271.000000 225 2.000000 1.255001 14.881434 -0.851575 1.280934 2.365973 2.365973 
271.000000 226 2.000000 4.071277 1.395275 3.877405 2.536863 21.469945 21.469945 
271.000000 227 2.000000 6.024905 3.543110 0.345864 1.968394 3.994196 3.994196 
271.000000 228 2.000000 7.859495 6.542631 -1.977478 2.077025 8.224454 8.224454 
271.000000 229 2.000000 1.316110 2.141506 -1.034358 0.309061 1.165416 1.165416 
271.000000 230 2.000000 6.769227 12.216225 2.148961 -2.192612 9.425580 9.425580 
271.000000 231 2.000000 3.265988 8.995878 1.209625 1.052149 2.570211 2.570211 
271.000000 232 2.000000 1.412278 13.878391 -0.862479 1.722154 3.709684 3.709684 
271.000000 233 2.000000 9.443386 0.941541 -1.762085 -0.629601 3.501342 3.501342 
271.000000 234 2.000000 2.382711 6.223746 -1.604256 0.346171 2.693473 2.693473 
271.000000 235 2.000000 9.444325 13.828803 -0.553349 0.140966 0.326066 0.326066 
271.000000 236 2.000000 6.176054 6.073950 1.133221 -0.107721 1.295793 1.295793 
271.000000 237 2.000000 1.077079 17.506069 -0.559143 -0.683268 0.779497 0.779497 
271.000000 238 2.000000 2.604253 5.217363 -0.210816 -0.498440 0.292886 0.292886 
271.000000 239 2.000000 4.920727 16.870519 -0.336005 0.570773 0.438682 0.438682 
271.000000 240 2.000000 0.658545 10.260705 0.598677 -1.533747 2.710794 2.710794 
271.000000 241 2.000000 0.578733 18.916525 -2.438860 0.659897 6.383501 6.383501 
271.000000 242 2.000000 9.494350 19.726628 -0.730164 0.595971 0.888321 0.888321 
271.000000 243 2.000000 5.361609 11.720238 1.046314 0.405128 1.258902 1.258902 
271.000000 244 2.000000 2.303785 6.042103 -0.587972 0.619703 0.729743 0.729743 
271.000000 245 2.000000 4.890888 16.067929 2.794793 -0.925193 8.666848 8.666848 
271.000000 246 2.000000 7.012579 16.152854 -1.076137 -0.438679 1.350510 1.350510 
271.000000 247 2.000000 2.079698 15.134171 -1.967697 0.561507 4.187120 4.187120 
271.000000 248 2.000000 8.640927 18.636031 0.662584 -0.101112 0.449242 0.449242 
271.000000 249 2.000000 3.852959 1.892509 0.958110 -0.166844 0.945811 0.945811 
271.000000 250 2.000000 7.219360 12.536669 0.134430 0.624889 0.408558 0.408558 
271.000000 251 2.000000 6.585684 10.429379 1.568020 0.249817 2.521095 2.521095 
271.000000 252 2.000000 7.945824 14.042609 -1.126523 0.951753 2.174888 2.174888 
271.000000 253 2.000000 2.602174 4.484073 -0.522332 0.565697 0.592844 0.592844 
271.000000 254 2.000000 4.054610 6.423583 0.891123 -2.340761 6.273264 6.273264 
271.000000 255 2.000000 8.979008 1.742972 -1.845477 0.645545 3.822514 3.822514 
271.000000 256 2.000000 6.021859 0.121512 0.955851 0.486043 1.149888 1.149888 
271.000000 257 2.000000 2.705897 1.441381 -2.275352 -0.025947 5.177902 5.177902 
271.000000 258 2.000000 9.549812 1.204202 -1.052583 -1.026895 2.162444 2.162444 
271.000000 259 2.000000 3.612513 15.357320 0.415864 0.815248 0.837572 0.837572 
271.000000 260 2.000000 5.818560 6.082803 0.445578 0.326254 0.304982 0.304982 
271.000000 261 2.000000 6.892062 12.618461 0.765785 0.816729 1.253472 1.253472 
271.000000 262 2.000000 4.145350 0.106087 -0.387686 -1.396079 2.099338 2.099338 
271.000000 263 2.000000 2.420470 14.125655 2.200426 0.424340 5.021940 5.021940 
271.000000 264 2.000000 7.216430 8.190617 -0.566845 -0.479896 0.551613 0.551613 
271.000000 265 2.000000 4.110348 0.252719 -0.993226 1.230244 2.499998 2.499998 
271.000000 266 2.000000 8.183531 12.133737 -1.252774 -1.055874 2.684313 2.684313 
271.000000 267 2.000000 1.412966 9.262547 -0.445971 -0.066882 0.203364 0.203364 
271.000000 268 2.000000 3.230449 11.902691 0.885054 0.664955 1.225486 1.225486 
271.000000 269 2.000000 3.619482 18.383664 1.723562 0.794136 3.601319 3.601319 
271.000000 270 2.000000 6.812429 0.142602 -0.694720 1.426007 2.516132 2.516132 
271.000000 271 2.000000 5.927889 8.243584 -2.134728 0.542341 4.851197 4.851197 
271.000000 272 2.000000 3.243497 12.063460 1.872848 0.276479 3.584002 3.584002 
271.000000 273 2.000000 5.078220 3.987002 -2.927862 -0.066131 8.576749 8.576749 
271.000000 274 2.000000 7.065478 7.115371 -1.184314 1.293704 3.076268 3.076268 
271.000000 275 2.000000 9.448126 14.133667 0.389301 0.039527 0.153118 0.153118 
271.000000 276 2.000000 1.054378 17.857210 0.843501 -0.639638 1.120632 1.120632 
271.000000 277 2.000000 2.847713 16.040458 1.837234 0.824702 4.055561 4.055561 
271.000000 278 2.000000 6.587643 4.388885 -0.123125 -1.785928 3.204698 3.204698 
271.000000 279 2.000000 7.022062 8.595936 0.205926 0.792252 0.670069 0.670069 
271.000000 280 2.000000 1.345247 19.093196 -1.343743 -0.863621 2.551486 2.551486 
271.000000 281 2.000000 2.339875 7.215658 2.034673 -0.838317 4.842672 4.842672 
271.000000 282 2.000000 5.102832 17.155963 0.185258 -0.980702 0.996097 0.996097 
271.000000 283 2.000000 3.129158 5.456322 -1.723344 -0.106868 2.981335 2.981335 
271.000000 284 2.000000 4.550523 2.618055 -0.054324 -0.815170 0.667453 0.667453 
271.000000 285 2.000000 5.524685 3.346581 0.883949 -0.795660 1.414441 1.414441 
271.000000 286 2.000000 4.419828 7.215748 0.940389 0.747402 1.442940 1.442940 
271.000000 287 2.000000 8.422340 3.972727 0.696861 0.749571 1.047471 1.047471 
271.000000 288 2.000000 8.086915 11.585420 0.054689 -1.284669 1.653364 1.653364 
271.000000 289 2.000000 1.661699 16.748325 -0.138705 1.700337 2.910386 2.910386 
271.000000 290 2.000000 7.545619 13.155031 -1.385737 0.457166 2.129269 2.129269 
271.000000 291 2.000000 6.246149 14.501897 -1.171066 -1.409770 3.358845 3.358845 
271.000000 292 2.000000 4.199166 3.868351 0.249123 0.963253 0.989919 0.989919 
271.000000 293 2.000000 2.422821 13.921951 -0.416990 1.843967 3.574095 3.574095 
271.000000 294 2.000000 1.957321 1.011519 1.030169 -1.898848 4.666871 4.666871 
271.000000 295 2.000000 6.640453 16.548551 -1.398687 -0.726621 2.484303 2.484303 
271.000000 296 2.000000 3.564313 4.256136 -1.591844 -1.132652 3.816869 3.816869 
271.000000 297 2.000000 6.659176 16.512784 -0.482208 1.550496 2.636562 2.636562 
271.000000 298 2.000000 9.120363 17.809135 -1.699818 0.646447 3.307276 3.307276 
271.000000 299 2.000000 9.218479 6.120060 1.646157 -0.249194 2.771930 2.771930 
271.000000 300 2.000000 4.585532 9.400407 -0.774182 0.282114 0.678947 0.678947 
271.000000 301 2.000000 2.514716 15.360047 0.263321 0.074610 0.074905 0.074905 
271.000000 302 2.000000 0.016023 4.310492 0.320438 -0.113569 0.115579 0.115579 
271.000000 303 2.000000 0.666536 3.032649 1.481189 1.010883 3.215805 3.215805 
271.000000 304 2.000000 6.893600 2.579941 1.313066 -1.733339 4.728608 4.728608 
271.000000 305 2.000000 4.698814 4.829224 -0.323082 -0.667978 0.550576 0.550576 
271.000000 306 2.000000 8.809079 15.837655 -1.661491 0.114610 2.773689 2.773689 
271.000000 307 2.000000 6.161395 1.724077 -0.074209 1.112307 1.242734 1.242734 
271.000000 308 2.000000 0.375974 1.721638 0.000245 -0.141699 0.020079 0.020079 
271.000000 309 2.000000 0.593157 10.184170 0.175919 -0.699005 0.519555 0.519555 
271.000000 310 2.000000 3.296977 14.495009 0.433813 -0.974335 1.137521 1.137521 
271.000000 311 2.000000 8.387703 13.088517 0.791293 0.482181 0.858642 0.858642 
271.000000 312 2.000000 6.251794 2.918903 0.527577 1.081075 1.447061 1.447061 
271.000000 313 2.000000 4.661381 9.322445 -0.125368 -0.802824 0.660243 0.660243 
271.000000 314 2.000000 6.982697 16.872792 0.079971 -0.612361 0.381381 0.381381 
271.000000 315 2.000000 5.027420 19.805611 -0.601202 -0.777553 0.966033 0.966033 
271.000000 316 2.000000 6.551994 3.121080 1.795067 1.223953 4.720325 4.720325 
271.000000 317 2.000000 5.476131 0.065162 -1.632667 1.303221 4.363989 4.363989 
271.000000 318 2.000000 1.673032 18.148350 -1.446591 -1.949105 5.891634 5.891634 
271.000000 319 2.000000 3.438348 13.732372 -0.194273 -0.295411 0.125009 0.125009 
271.000000 320 2.000000 3.217236 19.448154 0.554696 -1.003354 1.314407 1.314407 
271.000000 321 2.000000 6.295708 16.994271 0.322857 -0.910827 0.933842 0.933842 
271.000000 322 2.000000 5.604489 19.555901 1.018998 -0.296066 1.126011 1.126011 
271.000000 323 2.000000 7.133236 4.038438 -1.065505 -1.266791 2.740060 2.740060 
271.000000 324 2.000000 4.403525 9.141265 -0.622384 -0.386739 0.536929 0.536929 
271.000000 325 2.000000 0.435103 1.885603 2.175512 -1.132150 6.014614 6.014614 
271.000000 326 2.000000 9.701999 13.169841 -2.267755 -0.270390 5.215825 5.215825 
271.000000 327 2.000000 6.361110 2.355045 0.632946 -1.095960 1.601749 1.601749 
271.000000 328 2.000000 3.447837 16.701078 -0.964543 0.011879 0.930484 0.930484 
271.000000 329 2.000000 6.723642 4.107133 0.334895 2.738088 7.609279 7.609279 
271.000000 330 2.000000 5.308357 0.545035 0.347965 0.495486 0.366586 0.366586 
271.000000 331 2.000000 0.336302 3.622750 -0.612583 0.966066 1.308542 1.308542 
271.000000 332 2.000000 1.746082 5.857351 -1.493829 0.273334 2.306237 2.306237 
271.000000 333 2.000000 5.646741 13.407138 -0.957220 -0.540997 1.208947 1.208947 
271.000000 334 2.000000 0.407105 14.702471 1.163154 0.355412 1.479245 1.479245 
271.000000 335 2.000000 5.873073 19.224901 0.783076 -0.070463 0.618173 0.618173 
271.000000 336 2.000000 1.197006 1.107070 -0.052610 -2.117241 4.485477 4.485477 
271.000000 337 2.000000 5.638243 19.847811 0.435386 0.016331 0.189827 0.189827 
271.000000 338 2.000000 3.194682 10.860303 0.376887 -0.974833 1.092343 1.092343 
271.000000 339 2.000000 8.232512 3.508470 -0.117941 1.705918 2.924067 2.924067 
271.000000 340 2.000000 3.567579 15.729612 -0.222944 0.680936 0.513377 0.513377 
271.000000 341 2.000000 6.973947 11.033370 -0.109027 -0.430617 0.197318 0.197318 
271.000000 342 2.000000 3.288290 0.834240 0.521951 1.191770 1.692749 1.692749 
271.000000 343 2.000000 6.627658 10.563607 -0.477192 -1.182514 1.626052 1.626052 
271.000000 344 2.000000 7.745576 16.826611 0.841910 0.000213 0.708813 0.708813 
271.000000 345 2.000000 4.690645 19.659701 0.493752 0.377517 0.386310 0.386310 
271.000000 346 2.000000 0.101712 8.056752 0.101711 0.237338 0.066675 0.066675 
271.000000 347 2.000000 2.520456 2.501381 -0.586209 1.020971 1.386024 1.386024 
271.000000 348 2.000000 2.405788 13.744175 0.250603 0.967900 0.999631 0.999631 
271.000000 349 2.000000 5.387267 2.429711 0.472567 -0.505620 0.478971 0.478971 
271.000000 350 2.000000 4.588983 7.993253 1.031232 -0.588566 1.409849 1.409849 
271.000000 351 2.000000 3.230667 10.884341 1.227167 -0.243597 1.565278 1.565278 
271.000000 352 2.000000 1.949731 9.459720 -1.078573 -0.853464 1.891720 1.891720 
271.000000 353 2.000000 7.955162 14.138380 -0.290087 -0.521645 0.356264 0.356264 
271.000000 354 2.000000 7.324937 8.737958 0.540724 1.058439 1.412676 1.412676 
271.000000 355 2.000000 1.495305 12.023766 0.439795 -0.213848 0.239151 0.239151 
271.000000 356 2.000000 2.826933 18.995133 0.048913 1.890063 3.574730 3.574730 
271.000000 357 2.000000 4.381450 5.637808 2.333138 -1.439216 7.514875 7.514875 
271.000000 358 2.000000 1.470102 0.226352 -1.684379 -0.998669 3.834474 3.834474 
271.000000 359 2.000000 9.001599 4.626258 0.141665 0.872879 0.781986 0.781986 
271.000000 360 2.000000 6.660607 18.264760 -1.185695 -0.255182 1.470991 1.470991 
271.000000 361 2.000000 6.389122 3.773123 -0.250949 -1.709663 2.985925 2.985925 
271.000000 362 2.000000 6.429868 12.522022 0.451219 -0.964900 1.134631 1.134631 
271.000000 363 2.000000 3.155636 11.468305 2.176300 0.200287 4.776395 4.776395 
271.000000 364 2.000000 2.433080 0.165022 -1.768695 -0.001277 3.128284 3.128284 
271.000000 365 2.000000 2.443705 9.885203 -1.018851 -0.318468 1.139478 1.139478 
271.000000 366 2.000000 7.450632 7.656700 -1.211863 1.279073 3.104640 3.104640 
271.000000 367 2.000000 0.825007 1.219749 1.375010 1.524684 4.215316 4.215316 
271.000000 368 2.000000 0.784980 7.721271 0.923504 0.060118 0.856474 0.856474 
271.000000 369 2.000000 4.742075 17.203257 -1.020163 -1.928787 4.760953 4.760953 
271.000000 370 2.000000 1.155491 0.278135 -0.220247 0.927113 0.908048 0.908048 
271.000000 371 2.000000 1.095895 19.131697 1.153573 1.550644 3.735227 3.735227 
271.000000 372 2.000000 4.136493 15.513640 -0.539397 -1.150349 1.614251 1.614251 
271.000000 373 2.000000 6.297397 16.796093 -0.128410 0.687966 0.489786 0.489786 
271.000000 374 2.000000 2.647477 10.865295 -0.473025 -1.051258 1.328896 1.328896 
271.000000 375 2.000000 1.165914 5.785066 -0.297402 0.499428 0.337876 0.337876 
271.000000 376 2.000000 3.890673 8.408650 1.235134 -0.411562 1.694939 1.694939 
271.000000 377 2.000000 5.899497 14.791009 0.737437 -0.612822 0.919365 0.919365 
271.000000 378 2.000000 3.921352 8.297177 -1.108490 1.522418 3.546506 3.546506 
271.000000 379 2.000000 2.587447 16.495047 0.389090 0.963495 1.079713 1.079713 
271.000000 380 2.000000 6.004374 12.856021 0.790049 0.987013 1.598372 1.598372 
271.000000 381 2.000000 8.973953 14.755107 1.212696 -0.962365 2.396779 2.396779 
271.000000 382 2.000000 8.212692 7.030663 -0.058624 0.321634 0.106885 0.106885 
271.000000 383 2.000000 8.758966 13.999292 1.338431 -0.822008 2.467094 2.467094 
271.000000 384 2.000000 0.105858 15.185395 -1.314952 0.472531 1.952383 1.952383 
271.000000 385 2.000000 5.895532 6.803535 0.583716 -0.134192 0.358732 0.358732 
271.000000 386 2.000000 2.273893 8.908047 -0.220842 0.197162 0.087644 0.087644 
271.000000 387 2.000000 1.464344 8.172085 0.714314 -0.199373 0.549994 0.549994 
271.000000 388 2.000000 8.785726 4.493364 0.255842 -1.056711 1.182093 1.182093 
271.000000 389 2.000000 9.093370 12.628207 0.444416 0.022657 0.198019 0.198019 
271.000000 390 2.000000 6.861585 17.568002 0.579037 2.091429 4.709357 4.709357 
271.000000 391 2.000000 0.215709 0.355763 -0.641341 -1.226675 1.916050 1.916050 
271.000000 392 2.000000 1.919814 1.714638 -0.418845 -0.407315 0.341337 0.341337 
271.000000 393 2.000000 2.211816 5.324106 0.961659 0.619082 1.308050 1.308050 
271.000000 394 2.000000 7.345716 13.906332 -2.086942 -0.284743 4.436404 4.436404 
271.000000 395 2.000000 2.181194 8.364234 0.860730 -0.183935 0.774688 0.774688 
271.000000 396 2.000000 1.864372 6.567497 1.096689 -2.420271 7.060436 7.060436 
271.000000 397 2.000000 1.025681 11.216108 0.976838 -0.147843 0.976070 0.976070 
271.000000 398 2.000000 4.870708 9.724313 -1.480176 1.004188 3.199315 3.199315 
271.000000 399 2.000000 6.146166 1.994186 -0.080378 -0.482778 0.239536 0.239536 
271.000000 400 2.000000 2.355600 14.540846 -0.787633 -0.661716 1.058232 1.058232 
271.000000 401 2.000000 9.176004 2.901944 -2.141980 -1.124681 5.852988 5.852988 
271.000000 402 2.000000 0.656605 19.547679 0.691162 -1.507733 2.750963 2.750963 
271.000000 403 2.000000 3.002655 19.850193 0.549117 -0.998704 1.298940 1.298940 
271.000000 404 2.000000 3.336222 7.793034 -0.515007 0.140388 0.284941 0.284941 
271.000000 405 2.000000 5.355931 5.893543 -0.028260 -0.260520 0.068669 0.068669 
271.000000 406 2.000000 2.310849 13.807539 -0.235285 1.086127 1.235031 1.235031 
271.000000 407 2.000000 8.387649 16.804303 -0.365433 1.427813 2.172191 2.172191 
271.000000 408 2.000000 8.831640 7.785341 -0.866913 -0.272127 0.825591 0.825591 
271.000000 409 2.000000 1.680349 17.341332 -0.066821 -0.673080 0.457502 0.457502 
271.000000 410 2.000000 2.006776 19.661029 1.294693 -0.847426 2.394362 2.394362 
271.000000 411 2.000000 8.288193 15.920743 -0.652698 -0.429489 0.610475 0.610475 
271.000000 412 2.000000 6.581973 2.862384 1.179124 1.192660 2.812771 2.812771 
271.000000 413 2.000000 5.142531 19.562769 -1.826027 0.509892 3.594364 3.594364 
271.000000 414 2.000000 3.720602 7.406569 -0.428976 -0.418093 0.358822 0.358822 
271.000000 415 2.000000 1.299061 18.366133 0.038491 0.200357 0.041624 0.041624 
271.000000 416 2.000000 4.898750 4.152347 0.541298 -1.298988 1.980373 1.980373 
271.000000 417 2.000000 2.697882 18.916773 1.860607 0.235854 3.517487 3.517487 
271.000000 418 2.000000 4.177962 9.747039 2.457624 -2.771070 13.718747 13.718747 
271.000000 419 2.000000 5.275998 9.784809 -1.043909 0.059857 1.093329 1.093329 
271.000000 420 2.000000 4.853091 13.397124 0.369881 0.218962 0.184756 0.184756 
271.000000 421 2.000000 1.273982 10.518737 -0.501721 -0.483987 0.485968 0.485968 
271.000000 422 2.000000 2.822246 9.554484 0.066892 -0.957092 0.920500 0.920500 
271.000000 423 2.000000 7.346842 17.120570 1.348044 0.021848 1.817701 1.817701 
271.000000 424 2.000000 5.282905 1.325880 0.553184 0.662940 0.745501 0.745501 
271.000000 425 2.000000 0.087961 9.110629 -0.109079 -0.073363 0.017280 0.017280 
271.000000 426 2.000000 0.501066 15.405947 0.400852 0.267570 0.232276 0.232276 
271.000000 427 2.000000 1.977171 18.123347 1.040616 1.169248 2.450023 2.450023 
271.000000 428 2.000000 5.886620 8.311517 -0.190488 -2.226378 4.993042 4.993042 
271.000000 429 2.000000 8.310126 10.979850 0.128566 -0.314756 0.115601 0.115601 
271.000000 430 2.000000 9.626975 1.912887 2.500513 -1.137554 7.546593 7.546593 
271.000000 431 2.000000 0.433701 14.217843 0.963778 2.060557 5.174763 5.174763 
271.000000 432 2.000000 5.584210 1.634890 -0.338569 -0.606109 0.481997 0.481997 
271.000000 433 2.000000 7.424486 16.207246 -0.008929 -0.001969 0.000084 0.000084 
271.000000 434 2.000000 4.844424 18.035585 -1.117461 -0.413561 1.419752 1.419752 
271.000000 435 2.000000 4.003344 3.977559 0.564807 0.552731 0.624518 0.624518 
271.000000 436 2.000000 3.554100 12.622592 2.733923 1.941937 11.245452 11.245452 
271.000000 437 2.000000 0.870302 2.548019 1.087876 -0.311986 1.280810 1.280810 
271.000000 438 2.000000 9.701999 15.559781 -3.073795 -1.614625 12.055229 12.055229 
271.000000 439 2.000000 1.398037 13.758655 -0.668146 -0.885297 1.230171 1.230171 
271.000000 440 2.000000 7.491323 12.533273 -2.248676 -1.696983 7.936295 7.936295 
271.000000 441 2.000000 4.978926 17.166246 -0.781791 -0.429356 0.795544 0.795544 
271.000000 442 2.000000 0.671416 18.746511 1.220755 -1.928443 5.209136 5.209136 
271.000000 443 2.000000 4.564299 16.404184 2.173475 -0.004037 4.724012 4.724012 
271.000000 444 2.000000 1.945446 9.903373 -1.079148 1.535407 3.522034 3.522034 
271.000000 445 2.000000 6.581904 18.530667 0.075885 -1.224443 1.505020 1.505020 
271.000000 446 2.000000 6.322792 11.883931 1.160145 -0.041470 1.347657 1.347657 
271.000000 447 2.000000 5.042320 11.314053 0.310297 -0.592897 0.447811 0.447811 
271.000000 448 2.000000 4.903451 1.083384 -0.759586 0.114644 0.590114 0.590114 
271.000000 449 2.000000 5.173560 2.123714 -0.991356 -0.634000 1.384742 1.384742 
271.000000 450 2.000000 8.665127 9.625914 -0.071311 0.656098 0.435550 0.435550 
271.000000 451 2.000000 8.871374 9.767620 -1.699250 -0.781098 3.497563 3.497563 
271.000000 452 2.000000 0.830619 9.627618 0.166756 0.458404 0.237941 0.237941 
271.000000 453 2.000000 8.566921 16.764921 0.455687 0.926239 1.065569 1.065569 
271.000000 454 2.000000 3.017443 10.869250 -0.335001 0.760924 0.691231 0.691231 
271.000000 455 2.000000 1.133185 16.635185 2.060334 -0.841203 4.952599 4.952599 
271.000000 456 2.000000 2.216841 8.724158 -1.683090 -0.360066 2.962438 2.962438 
271.000000 457 2.000000 5.922135 15.934015 -0.106632 0.374623 0.151713 0.151713 
271.000000 458 2.000000 4.278859 6.512747 -1.656848 0.834967 3.442315 3.442315 
271.000000 459 2.000000 1.328630 1.031788 -2.430962 -0.077658 5.915608 5.915608 
271.000000 460 2.000000 5.511495 5.369713 -0.385760 0.097277 0.158273 0.158273 
271.000000 461 2.000000 1.222631 6.693353 0.679239 0.408051 0.627871 0.627871 
271.000000 462 2.000000 8.289632 9.299889 1.821897 1.044931 4.411190 4.411190 
271.000000 463 2.000000 4.661168 1.994828 -0.210637 -0.182307 0.077604 0.077604 
271.000000 464 2.000000 3.577947 2.248356 0.786362 -1.291029 2.285120 2.285120 
271.000000 465 2.000000 0.620355 6.355824 1.772441 -1.120163 4.396312 4.396312 
271.000000 466 2.000000 3.599643 15.382301 -1.544754 0.019261 2.386637 2.386637 
271.000000 467 2.000000 0.299950 16.367062 0.999829 0.732132 1.535676 1.535676 
271.000000 468 2.000000 0.999302 9.284351 -0.366967 0.695457 0.618325 0.618325 
271.000000 469 2.000000 2.374031 5.562268 -0.378193 -0.442890 0.339182 0.339182 
271.000000 470 2.000000 3.273426 0.308578 0.935264 -0.029456 0.875587 0.875587 
271.000000 471 2.000000 2.500253 4.521044 -0.833773 0.793165 1.324289 1.324289 
271.000000 472 2.000000 3.347754 16.699067 0.202706 -0.754512 0.610378 0.610378 
271.000000 473 2.000000 6.319368 17.130528 0.198153 -0.253902 0.103731 0.103731 
271.000000 474 2.000000 4.325160 18.704316 0.079712 0.781317 0.616811 0.616811 
271.000000 475 2.000000 2.163423 18.974555 -1.107302 0.175083 1.256771 1.256771 
271.000000 476 2.000000 1.451857 4.245315 0.708222 -0.225772 0.552552 0.552552 
271.000000 477 2.000000 2.474811 13.330117 -1.626393 -0.166705 2.672945 2.672945 
271.000000 478 2.000000 5.471386 12.159257 0.588321 0.243456 0.405393 0.405393 
271.000000 479 2.000000 4.681567 19.062859 0.611969 -2.677542 7.543739 7.543739 
271.000000 480 2.000000 8.530136 2.037565 0.274811 -0.136265 0.094089 0.094089 
271.000000 481 2.000000 6.968746 19.754594 0.282276 -0.701157 0.571300 0.571300 
271.000000 482 2.000000 3.436243 3.319708 -0.270544 -1.603874 2.645606 2.645606 
271.000000 483 2.000000 0.574671 17.634005 1.641914 1.572882 5.169838 5.169838 
271.000000 484 2.000000 4.127697 0.982203 1.684774 0.892911 3.635753 3.635753 
271.000000 485 2.000000 2.595228 11.856097 0.480598 -1.303024 1.928846 1.928846 
271.000000 486 2.000000 4.409470 5.827329 -1.684576 -1.966570 6.705195 6.705195 
271.000000 487 2.000000 1.576135 13.331593 0.643320 0.367261 0.548742 0.548742 
271.000000 488 2.000000 5.129721 9.862063 -0.114021 0.519056 0.282420 0.282420 
271.000000 489 2.000000 0.526804 19.026312 0.351202 0.780634 0.732733 0.732733 
271.000000 490 2.000000 7.399114 2.989857 -0.704481 0.454985 0.703304 0.703304 
271.000000 491 2.000000 4.020565 17.078155 -0.674572 0.519602 0.725033 0.725033 
271.000000 492 2.000000 3.623027 8.054844 0.232367 -0.439408 0.247074 0.247074 
271.000000 493 2.000000 6.010884 9.253389 -0.092258 0.407888 0.174884 0.174884 
271.000000 494 2.000000 3.029233 1.433651 1.195799 0.507052 1.687036 1.687036 
271.000000 495 2.000000 4.674048 9.032910 -0.766688 -0.299492 0.677507 0.677507 
271.000000 496 2.000000 3.811495 3.977239 0.556422 -0.439503 0.502769 0.502769 
271.000000 497 2.000000 1.177831 3.700140 -0.098710 -2.017810 4.081301 4.081301 
271.000000 498 2.000000 1.355178 15.532427 -1.643158 -0.144644 2.720890 2.720890 
271.000000 499 2.000000 7.293483 18.880696 -1.890705 0.376007 3.716146 3.716146 
271.000000 500 2.000000 0.155924 4.669938 -0.942841 0.179268 0.921087 0.921087 
