467.000000 1 2.000000 2.213390 3.171448 2.603987 -3.388052 18.259642 18.259642 
467.000000 2 2.000000 1.556958 18.100311 -2.029546 -1.461299 6.254452 6.254452 
467.000000 3 2.000000 0.671474 2.524637 0.671473 -2.822405 8.416847 8.416847 
467.000000 4 2.000000 0.433151 3.532145 -0.884906 4.415179 20.276868 20.276868 
467.000000 5 2.000000 0.004265 5.306440 -3.251905 0.964807 11.505740 11.505740 
467.000000 6 2.000000 2.155327 0.965399 -2.011432 -0.129281 4.062574 4.062574 
467.000000 7 2.000000 1.623488 8.254547 -1.522965 2.521852 8.679159 8.679159 
467.000000 8 2.000000 1.707762 2.690588 3.795026 6.726467 59.647573 59.647573 
467.000000 9 2.000000 1.919399 9.153064 -1.153332 -1.954403 5.149866 5.149866 
467.000000 10 2.000000 2.130022 14.459054 -0.864515 -0.441605 0.942400 0.942400 
467.000000 11 2.000000 2.011182 10.149109 0.706627 1.031123 1.562536 1.562536 
467.000000 12 2.000000 0.493536 10.064854 0.329023 -0.990139 1.088632 1.088632 
467.000000 13 2.000000 1.277818 6.157944 2.277487 -1.026075 6.239776 6.239776 
467.000000 14 2.000000 2.032794 5.931617 0.302565 0.141034 0.111436 0.111436 
467.000000 15 2.000000 0.695034 3.393119 0.216949 0.542835 0.341737 0.341737 
467.000000 16 2.000000 0.792295 9.253401 5.281960 -1.622650 30.532098 30.532098 
467.000000 17 2.000000 0.306301 12.627470 -1.661081 -2.949012 11.455862 11.455862 
467.000000 18 2.000000 0.745560 10.741466 2.982238 -0.471446 9.116005 9.116005 
467.000000 19 2.000000 0.679914 18.835583 3.399567 1.830856 14.909089 14.909089 
467.000000 20 2.000000 1.026189 10.986579 -3.343842 -2.110465 15.635338 15.635338 
467.000000 21 2.000000 1.450278 4.482906 4.143648 -5.747072 50.198646 50.198646 
467.000000 22 2.000000 1.695515 0.171791 -2.199189 1.717898 7.787606 7.787606 
467.000000 23 2.000000 0.577705 11.111116 -4.228735 -0.055717 17.885304 17.885304 
467.000000 24 2.000000 0.655985 10.121848 -0.023892 -2.457768 6.041195 6.041195 
467.000000 25 2.000000 0.330045 4.771480 -1.031129 2.883928 9.380270 9.380270 
467.000000 26 2.000000 0.628076 0.469009 1.046791 -0.635960 1.500218 1.500218 
467.000000 27 2.000000 0.065073 13.844927 1.301443 1.311899 3.414834 3.414834 
467.000000 28 2.000000 0.724570 8.821754 -3.861573 2.454052 20.934118 20.934118 
467.000000 29 2.000000 1.430895 10.636940 -2.389725 1.662022 8.473101 8.473101 
467.000000 30 2.000000 0.818820 12.327964 3.275276 -2.474850 16.852319 16.852319 
467.000000 31 2.000000 2.213629 0.529904 4.427256 -2.469661 25.699826 25.699826 
467.000000 32 2.000000 0.179462 3.567010 3.589227 1.585338 15.395844 15.395844 
467.000000 33 2.000000 0.181310 1.594094 -1.518492 1.062728 3.435211 3.435211 
467.000000 34 2.000000 0.161432 11.333864 3.228626 0.891739 11.219225 11.219225 
467.000000 35 2.000000 1.375472 10.887676 -1.190730 -0.799045 2.056311 2.056311 
467.000000 36 2.000000 1.936703 6.034780 1.760638 -2.774426 10.797287 10.797287 
467.000000 37 2.000000 0.036804 19.798885 0.245355 -2.011137 4.104870 4.104870 
467.000000 38 2.000000 0.435900 19.602480 -1.951788 0.589342 4.156803 4.156803 
467.000000 39 2.000000 2.008178 9.567366 -0.208409 0.411547 0.212805 0.212805 
467.000000 40 2.000000 0.330866 12.468403 0.945329 -0.321409 0.996950 0.996950 
467.000000 41 2.000000 1.587614 9.286597 -1.170743 -0.197896 1.409801 1.409801 
467.000000 42 2.000000 0.204838 9.829478 4.096740 -4.947357 41.259619 41.259619 
467.000000 43 2.000000 1.199912 4.620871 -2.673218 -3.498216 19.383612 19.383612 
467.000000 44 2.000000 0.047405 0.697331 -4.941543 0.122339 24.433815 24.433815 
467.000000 45 2.000000 1.237295 11.223023 1.649725 -0.948862 3.621933 3.621933 
467.000000 46 2.000000 0.147455 4.440558 0.226852 -2.854943 8.202163 8.202163 
467.000000 47 2.000000 2.253999 2.180844 -4.813348 -0.699373 23.657438 23.657438 
467.000000 48 2.000000 0.904893 18.146232 -1.724383 1.922111 6.668007 6.668007 
467.000000 49 2.000000 0.401905 11.484956 -1.232899 -5.160632 28.152165 28.152165 
467.000000 50 2.000000 1.060136 10.907226 -0.188308 -2.457506 6.074796 6.074796 
467.000000 51 2.000000 0.742426 11.955821 -1.927467 -6.994937 52.644276 52.644276 
467.000000 52 2.000000 0.711759 14.829885 -2.842072 -0.074833 8.082974 8.082974 
467.000000 53 2.000000 0.491009 9.952292 3.273383 -1.154796 12.048594 12.048594 
467.000000 54 2.000000 1.947057 14.372123 -0.805356 0.425231 0.829420 0.829420 
467.000000 55 2.000000 1.857370 2.804619 -1.029573 -0.763251 1.642573 1.642573 
467.000000 56 2.000000 0.268498 9.382328 0.173224 0.695035 0.513080 0.513080 
467.000000 57 2.000000 0.113015 16.435064 2.260274 0.796263 5.742875 5.742875 
467.000000 58 2.000000 2.253999 16.720042 -2.796905 2.266020 12.957522 12.957522 
467.000000 59 2.000000 0.844943 17.256622 -0.211958 3.255966 10.646242 10.646242 
467.000000 60 2.000000 0.804857 16.311594 -3.231539 1.931147 14.172175 14.172175 
467.000000 61 2.000000 1.759002 17.679224 -0.076937 -0.935285 0.880676 0.880676 
467.000000 62 2.000000 0.270315 19.970892 -5.705668 2.391723 38.274987 38.274987 
467.000000 63 2.000000 1.356757 1.864374 3.391890 1.553644 13.918726 13.918726 
467.000000 64 2.000000 1.584185 12.624165 2.437206 4.763836 28.634101 28.634101 
467.000000 65 2.000000 0.383799 17.191514 -1.377208 -3.510606 14.221057 14.221057 
467.000000 66 2.000000 1.917534 13.700175 2.018427 1.489917 6.293900 6.293900 
467.000000 67 2.000000 1.911412 2.779875 -1.179956 0.916668 2.232576 2.232576 
467.000000 68 2.000000 1.457754 3.438868 1.822191 1.432861 5.373472 5.373472 
467.000000 69 2.000000 1.744473 1.546889 3.876603 -3.457624 26.983216 26.983216 
467.000000 70 2.000000 1.074315 0.007578 -1.110440 -2.518619 7.576521 7.576521 
467.000000 71 2.000000 0.291034 2.127386 -1.151515 -1.381562 3.234699 3.234699 
467.000000 72 2.000000 1.857822 9.898643 -1.358591 -3.078044 11.320127 11.320127 
467.000000 73 2.000000 0.366184 19.149629 -1.296543 0.004464 1.681044 1.681044 
467.000000 74 2.000000 0.397987 2.092061 0.442206 -0.319689 0.297748 0.297748 
467.000000 75 2.000000 1.521470 17.854328 -1.164967 2.952354 10.073546 10.073546 
467.000000 76 2.000000 1.722460 4.306424 1.111264 0.070812 1.239922 1.239922 
467.000000 77 2.000000 1.199205 15.752908 5.996021 1.790103 39.156731 39.156731 
467.000000 78 2.000000 1.662134 7.189570 -2.010884 3.423604 15.764724 15.764724 
467.000000 79 2.000000 1.511966 11.366115 -1.771556 1.260631 4.727602 4.727602 
467.000000 80 2.000000 2.253999 12.158938 -4.402314 -1.539809 21.751378 21.751378 
467.000000 81 2.000000 0.930479 2.787029 0.845889 1.238679 2.249855 2.249855 
467.000000 82 2.000000 1.770368 16.869611 2.212959 -1.124035 6.160644 6.160644 
467.000000 83 2.000000 0.568766 17.507015 -2.445476 3.212296 16.299199 16.299199 
467.000000 84 2.000000 0.466621 15.105487 1.166551 -0.218737 1.408687 1.408687 
467.000000 85 2.000000 1.357595 15.677947 -1.667826 1.247544 4.338011 4.338011 
467.000000 86 2.000000 0.046988 17.385023 -2.634484 1.573305 9.415795 9.415795 
467.000000 87 2.000000 1.849644 0.000001 -0.543443 1.780581 3.465801 3.465801 
467.000000 88 2.000000 0.398995 9.669337 3.989941 -0.546302 16.218074 16.218074 
467.000000 89 2.000000 0.109938 5.231871 -2.560424 -0.162568 6.582200 6.582200 
467.000000 90 2.000000 0.080585 5.556808 -0.161000 -1.556293 2.447969 2.447969 
467.000000 91 2.000000 0.153593 12.440059 3.071833 -1.044802 10.527768 10.527768 
467.000000 92 2.000000 1.606908 14.122379 -0.368391 -0.030727 0.136656 0.136656 
467.000000 93 2.000000 2.024241 3.289300 -1.569718 -2.552586 8.979711 8.979711 
467.000000 94 2.000000 1.995665 13.092686 4.434808 -1.096399 20.869612 20.869612 
467.000000 95 2.000000 0.921498 8.477999 3.071658 1.843043 12.831889 12.831889 
467.000000 96 2.000000 1.351398 12.132338 -3.648405 0.509353 13.570303 13.570303 
467.000000 97 2.000000 0.223918 11.377453 -0.242448 -0.057896 0.062133 0.062133 
467.000000 98 2.000000 1.518317 11.614283 -0.885799 1.019179 1.823365 1.823365 
467.000000 99 2.000000 0.000001 4.527891 1.882433 -1.075055 4.699296 4.699296 
467.000000 100 2.000000 1.974545 14.840527 -1.808323 2.013856 7.325649 7.325649 
467.000000 101 2.000000 0.795697 0.210879 -0.805527 -2.189854 5.444333 5.444333 
467.000000 102 2.000000 0.461236 14.533671 -2.029959 0.326348 4.227237 4.227237 
467.000000 103 2.000000 2.106072 18.668648 0.780026 1.229781 2.120803 2.120803 
467.000000 104 2.000000 1.099027 3.957437 -1.577963 1.684015 5.325876 5.325876 
467.000000 105 2.000000 0.863163 0.441187 -3.128747 -2.567692 16.382102 16.382102 
467.000000 106 2.000000 0.669544 16.949873 0.204704 1.933458 3.780165 3.780165 
467.000000 107 2.000000 0.339362 13.049314 2.262409 -1.072310 6.268342 6.268342 
467.000000 108 2.000000 1.450826 9.577045 2.147950 -1.112079 5.850410 5.850410 
467.000000 109 2.000000 0.517744 1.660035 2.070972 0.199078 4.328555 4.328555 
467.000000 110 2.000000 0.248846 2.725813 0.125353 -1.446068 2.106826 2.106826 
467.000000 111 2.000000 0.000001 3.264967 2.644818 0.989384 7.973940 7.973940 
467.000000 112 2.000000 2.096774 3.214230 1.647543 -0.164141 2.741340 2.741340 
467.000000 113 2.000000 0.434718 17.245245 2.898117 -0.585944 8.742410 8.742410 
467.000000 114 2.000000 0.131268 16.445836 2.625341 2.425847 12.777146 12.777146 
467.000000 115 2.000000 2.219098 1.497702 4.260840 1.772931 21.298044 21.298044 
467.000000 116 2.000000 1.426245 12.313172 -0.479855 3.588043 13.104313 13.104313 
467.000000 117 2.000000 1.293224 18.140288 1.521439 0.497748 2.562529 2.562529 
467.000000 118 2.000000 1.081887 7.711372 -5.898560 0.543447 35.088350 35.088350 
467.000000 119 2.000000 1.433553 12.770525 -0.550779 -0.148191 0.325318 0.325318 
467.000000 120 2.000000 0.000001 14.428201 0.692192 -0.373980 0.618991 0.618991 
467.000000 121 2.000000 1.653381 9.156381 -0.479818 -3.089393 9.774574 9.774574 
467.000000 122 2.000000 0.737240 5.553953 -0.145541 -3.852279 14.861236 14.861236 
467.000000 123 2.000000 1.738249 19.800797 -0.562465 -0.454798 0.523208 0.523208 
467.000000 124 2.000000 0.060295 13.676353 -0.634728 1.437715 2.469905 2.469905 
467.000000 125 2.000000 1.290293 7.348606 3.686548 1.358637 15.436531 15.436531 
467.000000 126 2.000000 0.228849 9.000132 4.576969 -0.994942 21.938554 21.938554 
467.000000 127 2.000000 1.674905 5.562143 0.267061 -0.000114 0.071322 0.071322 
467.000000 128 2.000000 2.052884 19.838402 -4.060296 -0.229408 16.538633 16.538633 
467.000000 129 2.000000 1.514916 17.255600 -0.609053 0.139331 0.390359 0.390359 
467.000000 130 2.000000 0.850719 14.016717 -7.054400 -5.698364 82.235914 82.235914 
467.000000 131 2.000000 1.558874 14.547974 4.453923 -1.397955 21.791711 21.791711 
467.000000 132 2.000000 2.253999 19.649404 -1.749809 2.325373 8.469191 8.469191 
467.000000 133 2.000000 0.341754 1.116467 -1.859185 0.587613 3.801860 3.801860 
467.000000 134 2.000000 1.530171 11.423960 -3.657140 1.316549 15.107976 15.107976 
467.000000 135 2.000000 0.363234 4.075671 3.632328 0.196081 13.232257 13.232257 
467.000000 136 2.000000 0.010240 17.173122 -1.833007 -0.250325 3.422579 3.422579 
467.000000 137 2.000000 2.019081 13.880542 1.442200 -0.908250 2.904860 2.904860 
467.000000 138 2.000000 2.174743 0.688712 -1.623120 4.591410 23.715565 23.715565 
467.000000 139 2.000000 1.406898 5.189872 0.493648 -1.943487 4.020831 4.020831 
467.000000 140 2.000000 1.120201 1.347122 -0.667888 -0.645035 0.862144 0.862144 
467.000000 141 2.000000 0.298090 13.001494 -0.135450 -1.999573 4.016638 4.016638 
467.000000 142 2.000000 0.449983 14.675392 0.125032 1.601472 2.580347 2.580347 
467.000000 143 2.000000 0.035698 12.143127 0.178483 -2.806026 7.905637 7.905637 
467.000000 144 2.000000 0.136289 9.554030 -2.083642 1.662185 7.104420 7.104420 
467.000000 145 2.000000 1.151495 3.379214 -0.262990 -0.616615 0.449378 0.449378 
467.000000 146 2.000000 1.526635 0.783429 -0.730728 1.958571 4.369963 4.369963 
467.000000 147 2.000000 1.592893 18.950666 0.861023 1.984715 4.680452 4.680452 
467.000000 148 2.000000 1.071961 16.014592 -0.330520 -1.944101 3.888772 3.888772 
467.000000 149 2.000000 0.679344 13.767544 0.040497 -1.412687 1.997325 1.997325 
467.000000 150 2.000000 2.167349 12.977836 0.479875 -1.110022 1.462428 1.462428 
467.000000 151 2.000000 1.042639 0.910592 2.085275 -0.229348 4.400974 4.400974 
467.000000 152 2.000000 1.292396 11.933351 3.692557 -1.698242 16.518998 16.518998 
467.000000 153 2.000000 0.349301 12.449490 -3.286893 4.403525 30.194701 30.194701 
467.000000 154 2.000000 1.209535 12.162952 1.422982 -1.368617 3.897989 3.897989 
467.000000 155 2.000000 1.988741 9.452407 1.283058 -0.958872 2.565674 2.565674 
467.000000 156 2.000000 0.481093 3.753890 1.924368 4.692361 25.721445 25.721445 
467.000000 157 2.000000 1.943398 13.562695 1.439554 1.968025 5.945438 5.945438 
467.000000 158 2.000000 1.233840 18.877940 -5.138793 1.715651 29.350657 29.350657 
467.000000 159 2.000000 1.473118 13.067385 1.178494 0.817735 2.057539 2.057539 
467.000000 160 2.000000 0.286402 14.518263 -1.349731 -2.491698 8.030335 8.030335 
467.000000 161 2.000000 2.253999 1.512212 -5.028643 -1.445378 27.376366 27.376366 
467.000000 162 2.000000 2.253999 4.780783 -0.585444 -4.468983 20.314553 20.314553 
467.000000 163 2.000000 1.179510 12.671702 0.637572 0.634321 0.808862 0.808862 
467.000000 164 2.000000 1.176071 3.412559 -0.777624 1.770863 3.740654 3.740654 
467.000000 165 2.000000 1.754991 6.725063 2.507128 -0.859219 7.023948 7.023948 
467.000000 166 2.000000 0.921885 17.189520 0.768236 2.994561 9.557580 9.557580 
467.000000 167 2.000000 2.075149 2.899020 -3.615008 1.898784 16.673661 16.673661 
467.000000 168 2.000000 2.253999 9.465542 -2.321296 2.005819 9.411723 9.411723 
467.000000 169 2.000000 0.152295 18.890209 1.522942 -0.715994 2.831998 2.831998 
467.000000 170 2.000000 1.062577 4.808224 -0.712364 -3.473265 12.571030 12.571030 
467.000000 171 2.000000 2.033769 16.601361 3.128874 -2.517509 16.127705 16.127705 
467.000000 172 2.000000 1.777769 16.184478 -4.800302 0.046869 23.045092 23.045092 
467.000000 173 2.000000 0.000001 10.728774 4.611702 -1.962923 25.120858 25.120858 
467.000000 174 2.000000 1.759128 7.185647 0.658064 -0.464179 0.648510 0.648510 
467.000000 175 2.000000 0.994576 3.023243 -0.231541 -4.938406 24.441467 24.441467 
467.000000 176 2.000000 0.698611 0.362044 -5.222628 0.556989 27.586082 27.586082 
467.000000 177 2.000000 1.781261 7.453798 -3.189587 1.908726 13.816696 13.816696 
467.000000 178 2.000000 1.567599 15.876733 -1.285999 0.315067 1.753061 1.753061 
467.000000 179 2.000000 1.601291 19.707046 3.558422 0.124172 12.677783 12.677783 
467.000000 180 2.000000 2.052851 18.863154 -1.043742 -1.407642 3.070855 3.070855 
467.000000 181 2.000000 0.896287 3.995403 -0.422037 -1.052357 1.285570 1.285570 
467.000000 182 2.000000 0.596687 2.571889 0.276417 1.361963 1.931349 1.931349 
467.000000 183 2.000000 0.883976 11.092364 -0.502415 1.650339 2.976040 2.976040 
467.000000 184 2.000000 1.490676 15.519334 -0.536467 2.790232 8.073190 8.073190 
467.000000 185 2.000000 0.254295 16.714325 -0.686265 -1.266980 2.076198 2.076198 
467.000000 186 2.000000 2.028215 19.759421 0.195050 -0.962313 0.964092 0.964092 
467.000000 187 2.000000 1.163844 17.945125 -3.671849 0.681741 13.947247 13.947247 
467.000000 188 2.000000 0.162160 5.628351 1.621588 3.310794 13.590908 13.590908 
467.000000 189 2.000000 0.592808 10.551313 2.964033 -0.040690 8.787147 8.787147 
467.000000 190 2.000000 1.132979 15.538129 0.298659 -1.913117 3.749214 3.749214 
467.000000 191 2.000000 1.509371 19.813123 2.744309 0.780233 8.139993 8.139993 
467.000000 192 2.000000 0.352050 5.813823 -0.332876 -0.521945 0.383232 0.383232 
467.000000 193 2.000000 1.128561 19.076086 -2.288876 1.088061 6.422830 6.422830 
467.000000 194 2.000000 1.922880 10.633120 -2.245459 1.987499 8.992237 8.992237 
467.000000 195 2.000000 2.108237 17.865093 3.243440 -1.581412 13.020767 13.020767 
467.000000 196 2.000000 1.019775 1.781669 -4.974896 0.522090 25.022173 25.022173 
467.000000 197 2.000000 0.000001 17.941351 0.999992 -3.742996 15.010000 15.010000 
467.000000 198 2.000000 1.094809 7.367231 -0.190525 -0.662115 0.474696 0.474696 
467.000000 199 2.000000 0.589632 18.573041 -1.181500 -0.949252 2.297021 2.297021 
467.000000 200 2.000000 0.244856 10.318509 4.897095 1.163008 25.334131 25.334131 
467.000000 201 2.000000 0.280600 12.810893 -0.453725 6.044014 36.735968 36.735968 
467.000000 202 2.000000 0.474595 13.462599 4.745940 -0.301213 22.614673 22.614673 
467.000000 203 2.000000 1.547918 18.708950 -1.607069 4.797166 25.595476 25.595476 
467.000000 204 2.000000 0.000001 15.124106 0.967420 -0.660489 1.372146 1.372146 
467.000000 205 2.000000 2.098760 14.135204 -1.590387 -1.303288 4.227890 4.227890 
467.000000 206 2.000000 0.538563 14.936531 2.692812 1.950324 11.054999 11.054999 
467.000000 207 2.000000 2.145445 18.868559 0.731137 2.869268 8.767259 8.767259 
467.000000 208 2.000000 1.222706 6.352300 -1.413057 -2.052286 6.208607 6.208607 
467.000000 209 2.000000 0.003270 6.579771 -0.720039 -0.957994 1.436210 1.436210 
467.000000 210 2.000000 0.555427 7.906506 -1.925303 -2.748521 11.261159 11.261159 
467.000000 211 2.000000 2.169610 6.479793 2.543932 1.323670 8.223695 8.223695 
467.000000 212 2.000000 1.145648 11.823786 2.505591 1.082728 7.450286 7.450286 
467.000000 213 2.000000 1.102864 1.529281 -2.915838 1.609768 11.093465 11.093465 
467.000000 214 2.000000 0.085737 17.325675 -3.980294 -1.528185 18.178094 18.178094 
467.000000 215 2.000000 0.566696 12.068871 -1.038661 0.461228 1.291548 1.291548 
467.000000 216 2.000000 1.801408 2.105162 -3.055274 1.315725 11.065833 11.065833 
467.000000 217 2.000000 2.189935 5.809466 0.221578 0.624336 0.438892 0.438892 
467.000000 218 2.000000 1.773318 7.145611 -0.370128 3.819549 14.725946 14.725946 
467.000000 219 2.000000 1.706205 16.886485 -2.229175 -0.798337 5.606562 5.606562 
467.000000 220 2.000000 1.303942 13.979245 -0.801441 -4.467377 20.599764 20.599764 
467.000000 221 2.000000 2.253999 18.212586 -0.518329 0.544315 0.564944 0.564944 
467.000000 222 2.000000 0.849192 2.713676 -3.550018 -0.141780 12.622728 12.622728 
467.000000 223 2.000000 1.604803 0.631969 -0.373718 -2.125920 4.659203 4.659203 
467.000000 224 2.000000 0.127583 9.543397 -0.679301 3.335519 11.587138 11.587138 
467.000000 225 2.000000 0.670331 8.313699 0.017771 -0.267094 0.071655 0.071655 
467.000000 226 2.000000 1.632217 16.547976 4.663476 -4.931461 46.067313 46.067313 
467.000000 227 2.000000 1.550196 8.874285 0.413385 3.480111 12.282063 12.282063 
467.000000 228 2.000000 0.000001 8.881002 2.497390 1.526711 8.567801 8.567801 
467.000000 229 2.000000 1.313055 13.691816 3.282634 3.184143 20.914452 20.914452 
467.000000 230 2.000000 1.269008 6.226226 -2.500477 0.348298 6.373699 6.373699 
467.000000 231 2.000000 0.845823 17.658169 0.106749 0.787237 0.631137 0.631137 
467.000000 232 2.000000 2.068449 7.909075 -0.244167 -0.670814 0.509609 0.509609 
467.000000 233 2.000000 1.332622 4.117868 2.961381 0.560321 9.083736 9.083736 
467.000000 234 2.000000 1.256331 13.103375 1.142118 0.511275 1.565835 1.565835 
467.000000 235 2.000000 0.891434 18.437480 0.891433 1.492913 3.023442 3.023442 
467.000000 236 2.000000 0.471739 18.463552 1.572461 2.625511 9.365942 9.365942 
467.000000 237 2.000000 1.587456 0.087723 -3.461649 0.877217 12.752526 12.752526 
467.000000 238 2.000000 2.253999 12.221138 -4.943711 3.352746 35.681189 35.681189 
467.000000 239 2.000000 1.053050 13.110705 1.914635 -1.448990 5.765400 5.765400 
467.000000 240 2.000000 0.643212 11.762843 -0.569597 0.249978 0.386930 0.386930 
467.000000 241 2.000000 1.141627 13.402810 0.780999 1.876144 4.129877 4.129877 
467.000000 242 2.000000 1.257327 5.571572 1.676434 0.066277 2.814824 2.814824 
467.000000 243 2.000000 1.453845 1.184606 -2.038386 1.579473 6.649752 6.649752 
467.000000 244 2.000000 0.126749 0.401911 -3.494555 -1.588620 14.735632 14.735632 
467.000000 245 2.000000 0.937265 18.108331 0.669474 3.625707 13.593944 13.593944 
467.000000 246 2.000000 0.987231 17.030638 -2.853040 -0.114851 8.153027 8.153027 
467.000000 247 2.000000 0.933508 16.537160 3.111690 2.019853 13.762421 13.762421 
467.000000 248 2.000000 1.008401 12.171429 2.082150 2.108795 8.782366 8.782366 
467.000000 249 2.000000 1.700403 7.294567 2.803654 2.477081 13.996408 13.996408 
467.000000 250 2.000000 1.683193 11.121999 5.610641 1.780332 34.648874 34.648874 
467.000000 251 2.000000 1.373036 19.833297 -0.965330 1.695444 3.806392 3.806392 
467.000000 252 2.000000 0.096164 18.489190 -0.605851 2.341340 5.848927 5.848927 
467.000000 253 2.000000 1.827596 18.314154 5.221699 2.025484 31.368724 31.368724 
467.000000 254 2.000000 2.141825 1.772600 -0.358498 -3.013997 9.212699 9.212699 
467.000000 255 2.000000 0.849825 5.576362 -1.442174 -2.750135 9.643109 9.643109 
467.000000 256 2.000000 0.751973 8.971235 -0.159516 -2.478374 6.167783 6.167783 
467.000000 257 2.000000 1.064774 11.571453 0.386249 5.045480 25.606058 25.606058 
467.000000 258 2.000000 1.286798 12.617616 2.144662 -1.025331 5.650879 5.650879 
467.000000 259 2.000000 2.036939 10.147718 0.516239 -1.786173 3.456917 3.456917 
467.000000 260 2.000000 1.314316 4.496993 -0.485468 -3.333980 11.351101 11.351101 
467.000000 261 2.000000 0.416260 1.915958 -1.636034 -2.782160 10.417023 10.417023 
467.000000 262 2.000000 0.141553 5.389304 -1.563130 2.616899 9.291533 9.291533 
467.000000 263 2.000000 1.194888 4.396968 -1.046677 -0.229809 1.148346 1.148346 
467.000000 264 2.000000 0.149210 18.355320 1.492087 3.611696 15.270672 15.270672 
467.000000 265 2.000000 1.152599 8.980501 2.881496 -0.923452 9.155784 9.155784 
467.000000 266 2.000000 0.467254 10.484392 -5.142985 -1.700186 29.340923 29.340923 
467.000000 267 2.000000 0.759046 2.992768 0.182902 -0.855208 0.764834 0.764834 
467.000000 268 2.000000 2.105009 13.730394 5.262520 -0.870778 28.452372 28.452372 
467.000000 269 2.000000 0.767684 7.842557 5.117890 5.809301 59.940770 59.940770 
467.000000 270 2.000000 1.055678 15.239078 -0.366307 3.362139 11.438162 11.438162 
467.000000 271 2.000000 2.136746 13.608137 4.273490 1.608341 20.849480 20.849480 
467.000000 272 2.000000 1.700888 14.573307 -1.304153 -2.455971 7.732606 7.732606 
467.000000 273 2.000000 0.675885 2.230504 3.379421 -0.498903 11.669388 11.669388 
467.000000 274 2.000000 1.860597 16.751432 2.657994 0.412732 7.235278 7.235278 
467.000000 275 2.000000 1.470614 18.635541 -1.575722 1.957328 6.314034 6.314034 
467.000000 276 2.000000 2.177695 2.331711 0.518969 2.743188 7.794407 7.794407 
467.000000 277 2.000000 0.973895 9.006864 -1.744805 0.452314 3.248932 3.248932 
467.000000 278 2.000000 1.991390 1.490297 -0.202848 1.579462 2.535849 2.535849 
467.000000 279 2.000000 2.253999 11.343580 -0.680510 0.508628 0.721796 0.721796 
467.000000 280 2.000000 2.168429 9.680374 -1.749400 -0.833763 3.755563 3.755563 
467.000000 281 2.000000 1.550640 6.031239 2.215199 1.358065 6.751447 6.751447 
467.000000 282 2.000000 0.654488 19.507069 -3.237021 -4.929301 34.776312 34.776312 
467.000000 283 2.000000 1.813864 8.595716 -0.624847 -3.509010 12.703585 12.703585 
467.000000 284 2.000000 1.788445 4.489447 -0.153850 0.185902 0.058229 0.058229 
467.000000 285 2.000000 2.253999 13.655929 -1.197996 -1.243935 2.982569 2.982569 
467.000000 286 2.000000 0.388348 19.788836 3.883469 -1.407754 17.063106 17.063106 
467.000000 287 2.000000 1.229956 5.305169 -3.126747 -1.686298 12.620150 12.620150 
467.000000 288 2.000000 1.386944 4.054129 -3.506221 -0.443196 12.490010 12.490010 
467.000000 289 2.000000 0.334572 18.124794 2.230476 2.396458 10.718034 10.718034 
467.000000 290 2.000000 1.174419 4.182281 -0.860589 0.787038 1.360043 1.360043 
467.000000 291 2.000000 0.519506 0.403974 3.463368 -0.651589 12.419486 12.419486 
467.000000 292 2.000000 1.038642 6.171900 -0.115256 2.438212 5.958162 5.958162 
467.000000 293 2.000000 0.490606 15.840754 2.453025 -0.207313 6.060309 6.060309 
467.000000 294 2.000000 1.353273 4.350219 0.314714 -0.779196 0.706192 0.706192 
467.000000 295 2.000000 1.689054 18.813400 -2.862727 3.359606 19.482157 19.482157 
467.000000 296 2.000000 0.119433 19.051451 -1.978515 -0.451689 4.118545 4.118545 
467.000000 297 2.000000 1.338581 4.507453 -1.868836 1.175595 4.874571 4.874571 
467.000000 298 2.000000 2.253999 16.074305 -4.068761 0.477044 16.782385 16.782385 
467.000000 299 2.000000 1.598540 3.665078 1.102440 3.054231 10.543701 10.543701 
467.000000 300 2.000000 1.993379 11.671118 -0.906732 1.374914 2.712552 2.712552 
467.000000 301 2.000000 0.000001 15.013374 2.284223 -2.415242 11.051066 11.051066 
467.000000 302 2.000000 1.642465 2.471917 0.676591 -0.269370 0.530336 0.530336 
467.000000 303 2.000000 1.205592 0.423675 1.348658 1.694695 4.690867 4.690867 
467.000000 304 2.000000 0.858027 13.692378 5.720170 -0.672485 33.172584 33.172584 
467.000000 305 2.000000 1.823212 11.848890 -2.191935 -0.476096 5.031248 5.031248 
467.000000 306 2.000000 1.144249 15.637929 -4.477002 0.346869 20.163864 20.163864 
467.000000 307 2.000000 1.779485 7.134109 -1.057979 -1.695929 3.995495 3.995495 
467.000000 308 2.000000 0.444512 2.955303 0.167740 2.814573 7.949958 7.949958 
467.000000 309 2.000000 1.891937 13.958202 1.304783 -0.750534 2.265760 2.265760 
467.000000 310 2.000000 0.817403 3.661333 -3.629491 -0.993375 14.159997 14.159997 
467.000000 311 2.000000 0.050442 19.480349 1.008826 1.797743 4.249608 4.249608 
467.000000 312 2.000000 0.633789 3.456772 -1.326290 -1.174235 3.137873 3.137873 
467.000000 313 2.000000 0.611233 0.858315 2.444929 0.137675 5.996633 5.996633 
467.000000 314 2.000000 0.401843 3.016054 -2.095951 -1.866368 7.876338 7.876338 
467.000000 315 2.000000 1.323604 3.059188 -0.331998 -3.060204 9.475070 9.475070 
467.000000 316 2.000000 0.980121 4.832467 -0.549357 1.888210 3.867131 3.867131 
467.000000 317 2.000000 0.368360 7.476371 -0.575204 3.238417 10.818204 10.818204 
467.000000 318 2.000000 0.724626 2.797156 1.610279 3.989841 18.511825 18.511825 
467.000000 319 2.000000 1.139738 2.842568 -0.756878 1.722768 3.540793 3.540793 
467.000000 320 2.000000 0.687278 19.872063 -1.256708 -2.558718 8.126355 8.126355 
467.000000 321 2.000000 1.638502 15.364015 -2.089656 1.122621 5.626941 5.626941 
467.000000 322 2.000000 2.177847 18.506596 2.419829 -4.266865 24.061712 24.061712 
467.000000 323 2.000000 0.999305 1.985755 -0.319954 -0.206792 0.145133 0.145133 
467.000000 324 2.000000 1.841028 17.848578 3.412881 -0.603500 12.011970 12.011970 
467.000000 325 2.000000 0.509439 3.897260 0.128972 1.998594 4.011013 4.011013 
467.000000 326 2.000000 0.312704 19.852733 -1.591036 0.788762 3.153540 3.153540 
467.000000 327 2.000000 2.121992 6.330568 -0.918045 -2.872350 9.093203 9.093203 
467.000000 328 2.000000 0.230702 0.850197 4.614025 1.416994 23.297098 23.297098 
467.000000 329 2.000000 1.998771 10.144427 -0.367259 1.759297 3.230006 3.230006 
467.000000 330 2.000000 0.997061 15.778362 -2.831196 -1.481288 10.209885 10.209885 
467.000000 331 2.000000 1.557023 12.748991 -0.013028 -1.133056 1.283986 1.283986 
467.000000 332 2.000000 2.253999 8.308087 -2.807140 1.018885 8.918159 8.918159 
467.000000 333 2.000000 1.808131 9.992986 -1.806901 -2.103864 7.691136 7.691136 
467.000000 334 2.000000 1.417677 11.487061 1.390344 -2.375861 7.577773 7.577773 
467.000000 335 2.000000 0.718738 9.533667 -3.876151 2.804019 22.887074 22.887074 
467.000000 336 2.000000 0.426563 17.353483 2.132810 -1.058606 5.669526 5.669526 
467.000000 337 2.000000 0.589625 17.903800 3.930829 1.144013 16.760178 16.760178 
467.000000 338 2.000000 0.634861 3.053087 -2.736564 0.447168 7.688742 7.688742 
467.000000 339 2.000000 1.541909 11.043412 -1.631108 -0.079483 2.666831 2.666831 
467.000000 340 2.000000 0.258408 8.332807 -6.689970 -1.648900 47.474563 47.474563 
467.000000 341 2.000000 1.656878 0.641625 -4.018804 3.208122 26.442834 26.442834 
467.000000 342 2.000000 0.995601 6.912724 -3.633422 -2.838657 21.259730 21.259730 
467.000000 343 2.000000 1.305397 3.145502 1.835074 -4.000358 19.370359 19.370359 
467.000000 344 2.000000 1.248066 11.623761 -1.295416 -2.720399 9.078672 9.078672 
467.000000 345 2.000000 0.510114 15.932729 -0.633202 3.488200 12.568482 12.568482 
467.000000 346 2.000000 0.425619 6.721771 -1.089307 0.210228 1.230786 1.230786 
467.000000 347 2.000000 0.585924 5.186750 -3.070863 -0.495125 9.675351 9.675351 
467.000000 348 2.000000 1.884873 0.076438 -1.514504 -1.073506 3.446139 3.446139 
467.000000 349 2.000000 1.055420 16.659752 1.110968 0.698194 1.721724 1.721724 
467.000000 350 2.000000 1.190632 5.024229 2.645846 -1.666022 9.776131 9.776131 
467.000000 351 2.000000 1.068050 14.552365 -1.355721 2.705044 9.155241 9.155241 
467.000000 352 2.000000 2.151349 0.822425 -2.090996 3.289697 15.194371 15.194371 
467.000000 353 2.000000 1.549489 7.825081 1.822927 4.347267 22.221789 22.221789 
467.000000 354 2.000000 1.038548 0.423835 5.192737 1.695338 29.838690 29.838690 
467.000000 355 2.000000 0.924181 2.088679 0.216875 1.527062 2.378952 2.378952 
467.000000 356 2.000000 2.002673 17.499292 1.112596 0.708900 1.740408 1.740408 
467.000000 357 2.000000 1.783574 14.557573 3.963495 1.963837 19.565947 19.565947 
467.000000 358 2.000000 1.667433 13.720523 -2.970830 -2.985314 17.737935 17.737935 
467.000000 359 2.000000 1.076383 3.059060 1.957059 -0.113001 3.842848 3.842848 
467.000000 360 2.000000 1.460191 14.467911 -2.958920 -3.276287 19.489267 19.489267 
467.000000 361 2.000000 0.789542 7.479026 -0.252636 2.932951 8.666027 8.666027 
467.000000 362 2.000000 0.987936 6.085474 0.083458 -3.696861 13.673745 13.673745 
467.000000 363 2.000000 0.766108 7.270726 -3.757728 2.649874 21.142349 21.142349 
467.000000 364 2.000000 1.364712 3.506732 -0.402259 -2.030074 4.283014 4.283014 
467.000000 365 2.000000 2.075930 0.649652 -3.599382 2.598605 19.708298 19.708298 
467.000000 366 2.000000 0.481176 6.805745 2.405876 0.846262 6.504396 6.504396 
467.000000 367 2.000000 0.915300 7.129250 1.307570 -4.516052 22.104468 22.104468 
467.000000 368 2.000000 2.210713 1.175598 -0.081286 -1.403994 1.977806 1.977806 
467.000000 369 2.000000 0.247715 3.226861 -1.782594 -1.185206 4.582355 4.582355 
467.000000 370 2.000000 1.219735 0.000001 4.878936 4.026795 40.019094 40.019094 
467.000000 371 2.000000 0.435870 17.964946 0.035262 -0.847939 0.720244 0.720244 
467.000000 372 2.000000 0.208875 13.271175 4.177480 -2.170588 22.162798 22.162798 
467.000000 373 2.000000 0.170449 19.678047 3.408965 -1.073172 12.772737 12.772737 
467.000000 374 2.000000 1.617121 15.283838 3.593599 3.598380 25.862298 25.862298 
467.000000 375 2.000000 1.155496 17.580213 -1.136503 -0.442282 1.487252 1.487252 
467.000000 376 2.000000 2.242817 7.207199 -0.261646 -0.858257 0.805063 0.805063 
467.000000 377 2.000000 2.039915 4.476958 1.699928 -1.655602 5.630774 5.630774 
467.000000 378 2.000000 1.896931 10.289173 1.580775 -2.207006 7.369724 7.369724 
467.000000 379 2.000000 1.282949 9.850553 0.801842 0.804127 1.289571 1.289571 
467.000000 380 2.000000 0.979197 2.132801 0.390224 -0.179585 0.184526 0.184526 
467.000000 381 2.000000 0.106857 0.270651 0.427424 -4.935061 24.537516 24.537516 
467.000000 382 2.000000 0.992804 12.344746 -0.255447 -1.780291 3.234691 3.234691 
467.000000 383 2.000000 0.887709 6.432262 2.536309 -1.405983 8.409651 8.409651 
467.000000 384 2.000000 1.000376 19.070292 0.741018 -0.563459 0.866594 0.866594 
467.000000 385 2.000000 0.624180 7.834751 6.241786 0.771882 39.555688 39.555688 
467.000000 386 2.000000 1.765358 12.202128 -2.481207 1.444039 8.241636 8.241636 
467.000000 387 2.000000 1.279253 12.312089 -3.287153 -3.496017 23.027512 23.027512 
467.000000 388 2.000000 1.627826 11.516871 -1.290347 0.643767 2.079430 2.079430 
467.000000 389 2.000000 0.991530 11.468769 -1.523257 -0.729000 2.851754 2.851754 
467.000000 390 2.000000 0.415565 11.720663 -0.873652 -0.029702 0.764150 0.764150 
467.000000 391 2.000000 1.523606 12.547761 0.982971 4.735004 23.386491 23.386491 
467.000000 392 2.000000 0.357820 19.536040 -2.033978 0.190969 4.173535 4.173535 
467.000000 393 2.000000 2.130976 2.921945 2.889177 1.292102 10.016870 10.016870 
467.000000 394 2.000000 1.513299 12.716505 -0.689517 -1.063160 1.605743 1.605743 
467.000000 395 2.000000 0.504278 8.186646 -0.321596 0.991492 1.086480 1.086480 
467.000000 396 2.000000 1.166062 18.662767 -2.488104 2.037185 10.340783 10.340783 
467.000000 397 2.000000 0.157245 5.012763 -3.532590 0.367350 12.614135 12.614135 
467.000000 398 2.000000 1.693527 16.173112 1.992383 -0.607442 4.338577 4.338577 
467.000000 399 2.000000 1.434493 7.776968 -2.379445 2.934705 14.274251 14.274251 
467.000000 400 2.000000 0.606167 14.832396 0.153460 0.023743 0.024114 0.024114 
467.000000 401 2.000000 0.497694 0.883578 2.488463 1.178102 7.580375 7.580375 
467.000000 402 2.000000 0.925685 18.440018 -0.387556 -0.283633 0.230648 0.230648 
467.000000 403 2.000000 0.128316 0.409459 1.700779 -0.568793 3.216174 3.216174 
467.000000 404 2.000000 2.170880 14.072229 0.697369 -0.732898 1.023464 1.023464 
467.000000 405 2.000000 0.186644 15.603178 -1.254091 -1.758729 4.665870 4.665870 
467.000000 406 2.000000 0.104917 4.817059 2.098330 2.240492 9.422791 9.422791 
467.000000 407 2.000000 1.166067 15.020792 -4.389729 3.708837 33.025193 33.025193 
467.000000 408 2.000000 1.152922 16.643981 -1.506103 -2.918277 10.784686 10.784686 
467.000000 409 2.000000 1.200548 0.052907 -0.981188 -0.756804 1.535484 1.535484 
467.000000 410 2.000000 0.000001 13.392263 2.702727 2.819424 15.253883 15.253883 
467.000000 411 2.000000 1.895804 9.513989 -3.619955 -1.160403 14.450606 14.450606 
467.000000 412 2.000000 0.314006 15.944922 -3.565259 2.371851 18.336749 18.336749 
467.000000 413 2.000000 0.435745 11.104937 0.871487 -3.294467 11.613005 11.613005 
467.000000 414 2.000000 1.811831 5.425180 -0.922336 0.075675 0.856431 0.856431 
467.000000 415 2.000000 1.851156 11.442598 1.156972 2.201833 6.186652 6.186652 
467.000000 416 2.000000 1.773188 15.374735 2.216484 2.871514 13.158398 13.158398 
467.000000 417 2.000000 1.997678 7.662195 0.975897 -1.318107 2.689782 2.689782 
467.000000 418 2.000000 1.490891 3.410566 1.251247 0.468285 1.784911 1.784911 
467.000000 419 2.000000 1.886673 6.786493 -0.331861 1.231746 1.627329 1.627329 
467.000000 420 2.000000 1.028163 3.732764 0.110829 4.977017 24.782984 24.782984 
467.000000 421 2.000000 0.554869 4.469450 1.849561 -0.591484 3.770729 3.770729 
467.000000 422 2.000000 0.474502 8.451943 -0.329499 1.774166 3.256236 3.256236 
467.000000 423 2.000000 1.799948 15.859154 -3.065008 -1.386076 11.315481 11.315481 
467.000000 424 2.000000 2.074581 3.447129 -1.832181 -3.867585 18.315103 18.315103 
467.000000 425 2.000000 0.819576 12.535871 -2.646041 1.576409 9.486599 9.486599 
467.000000 426 2.000000 0.845963 18.947695 1.409936 0.523966 2.262462 2.262462 
467.000000 427 2.000000 1.506110 18.562703 2.317091 2.706295 12.692941 12.692941 
467.000000 428 2.000000 2.181083 6.709253 0.030968 -1.396609 1.951475 1.951475 
467.000000 429 2.000000 2.180357 15.549791 -0.774424 -0.991951 1.583698 1.583698 
467.000000 430 2.000000 0.103826 18.998221 -4.816163 0.677871 23.654936 23.654936 
467.000000 431 2.000000 1.995109 6.333616 -0.927221 -1.294692 2.535965 2.535965 
467.000000 432 2.000000 1.184813 11.943762 2.154203 -1.611247 7.236709 7.236709 
467.000000 433 2.000000 2.253999 11.143286 -3.696499 -2.916537 22.170292 22.170292 
467.000000 434 2.000000 1.733652 2.441125 -0.146569 -0.349852 0.143879 0.143879 
467.000000 435 2.000000 1.983080 3.628881 1.322053 0.016494 1.748095 1.748095 
467.000000 436 2.000000 1.673497 17.122971 0.760680 4.963180 25.211786 25.211786 
467.000000 437 2.000000 2.253999 13.245555 -3.434249 -0.512110 12.056319 12.056319 
467.000000 438 2.000000 0.815473 12.756512 5.436481 1.708616 32.474695 32.474695 
467.000000 439 2.000000 0.246319 18.776680 -2.868306 -0.023638 8.227741 8.227741 
467.000000 440 2.000000 1.418962 9.140211 -1.708074 1.333587 4.695973 4.695973 
467.000000 441 2.000000 1.361297 4.912565 -0.675644 -2.939727 9.098491 9.098491 
467.000000 442 2.000000 0.232690 8.491228 -1.963056 -2.807017 11.732934 11.732934 
467.000000 443 2.000000 1.735988 1.566519 -2.628056 -1.326586 8.666512 8.666512 
467.000000 444 2.000000 1.486671 7.152780 0.999181 0.124992 1.013987 1.013987 
467.000000 445 2.000000 1.052329 7.113207 -3.042175 -2.118083 13.741105 13.741105 
467.000000 446 2.000000 2.012482 10.157685 1.569785 -1.129522 3.740045 3.740045 
467.000000 447 2.000000 0.552016 14.988965 -1.010562 0.326209 1.127648 1.127648 
467.000000 448 2.000000 0.606014 18.870587 -2.573362 0.477925 6.850604 6.850604 
467.000000 449 2.000000 0.026211 2.513258 -3.220555 -0.761691 10.952146 10.952146 
467.000000 450 2.000000 1.665750 0.759342 2.776248 -2.830904 15.721572 15.721572 
467.000000 451 2.000000 0.866129 7.322368 -2.351116 -0.934975 6.401926 6.401926 
467.000000 452 2.000000 0.440990 12.070189 -0.302673 -2.265660 5.224826 5.224826 
467.000000 453 2.000000 2.253999 3.356347 -6.530439 -2.750674 50.212843 50.212843 
467.000000 454 2.000000 0.291679 11.498752 -3.581980 -0.560246 13.144457 13.144457 
467.000000 455 2.000000 2.000875 17.286549 0.627186 -1.665575 3.167503 3.167503 
467.000000 456 2.000000 1.183814 3.007883 -1.010896 -0.650728 1.445357 1.445357 
467.000000 457 2.000000 1.559046 0.593697 3.464543 3.957973 27.668612 27.668612 
467.000000 458 2.000000 1.650077 4.330424 1.178625 -2.773376 9.080773 9.080773 
467.000000 459 2.000000 0.209540 11.288417 -0.368017 4.670968 21.953381 21.953381 
467.000000 460 2.000000 1.641654 17.811606 -1.398766 6.984943 50.745977 50.745977 
467.000000 461 2.000000 0.705299 7.473324 3.526492 -0.623295 12.824640 12.824640 
467.000000 462 2.000000 1.718487 3.013456 -2.028016 -2.075716 8.421446 8.421446 
467.000000 463 2.000000 0.989863 12.545192 -0.143444 0.420250 0.197187 0.197187 
467.000000 464 2.000000 0.706152 16.042032 -3.504435 1.258459 13.864785 13.864785 
467.000000 465 2.000000 0.703380 10.826243 -1.107392 0.291925 1.311538 1.311538 
467.000000 466 2.000000 1.230722 14.866210 -0.475784 0.660035 0.662017 0.662017 
467.000000 467 2.000000 1.012857 13.175284 -0.524722 -0.807411 0.927245 0.927245 
467.000000 468 2.000000 1.881961 5.895782 -2.518255 2.068695 10.621106 10.621106 
467.000000 469 2.000000 1.938323 18.054472 4.569079 1.384517 22.793368 22.793368 
467.000000 470 2.000000 2.043241 15.681602 2.724320 -5.080467 33.233063 33.233063 
467.000000 471 2.000000 0.360478 5.484637 -0.088755 -1.381771 1.917167 1.917167 
467.000000 472 2.000000 1.876029 14.145022 5.360079 -0.465416 28.947063 28.947063 
467.000000 473 2.000000 1.400241 8.625345 3.500600 2.777746 19.970077 19.970077 
467.000000 474 2.000000 0.390490 15.709111 3.904891 -1.682701 18.079660 18.079660 
467.000000 475 2.000000 1.909648 12.917635 -0.106452 -2.928567 8.587837 8.587837 
467.000000 476 2.000000 0.355676 19.423203 0.071471 -0.961327 0.929257 0.929257 
467.000000 477 2.000000 2.040595 7.108792 1.043451 0.837662 1.790468 1.790468 
467.000000 478 2.000000 2.144927 3.207959 1.715941 -1.684040 5.780443 5.780443 
467.000000 479 2.000000 1.314124 5.550941 -2.387689 -2.744344 13.232481 13.232481 
467.000000 480 2.000000 1.299840 6.743313 -1.628265 -1.352723 4.481106 4.481106 
467.000000 481 2.000000 0.352498 8.733111 7.049933 -2.698830 56.985245 56.985245 
467.000000 482 2.000000 0.999234 11.424559 -2.319391 -0.873420 6.142436 6.142436 
467.000000 483 2.000000 1.829268 8.344222 2.613239 3.034262 16.035766 16.035766 
467.000000 484 2.000000 2.246577 9.166222 1.953544 0.685766 4.286609 4.286609 
467.000000 485 2.000000 0.589116 14.107011 -2.812806 -1.571464 10.381374 10.381374 
467.000000 486 2.000000 2.081415 9.207394 -0.900922 -1.948444 4.608094 4.608094 
467.000000 487 2.000000 2.253999 13.752311 -4.092855 0.825768 17.433358 17.433358 
467.000000 488 2.000000 0.371037 9.748163 -1.920962 0.337796 3.804200 3.804200 
467.000000 489 2.000000 0.485497 13.717110 0.388397 -2.564444 6.727227 6.727227 
467.000000 490 2.000000 2.198936 1.662752 3.664892 3.695003 27.084476 27.084476 
467.000000 491 2.000000 0.732144 11.421879 0.256892 0.786347 0.684334 0.684334 
467.000000 492 2.000000 0.228648 19.009741 -6.789170 0.288963 46.176327 46.176327 
467.000000 493 2.000000 1.513671 17.996906 3.027339 -1.741820 12.198720 12.198720 
467.000000 494 2.000000 1.077877 17.044398 -0.750801 -1.257703 2.145519 2.145519 
467.000000 495 2.000000 1.317213 0.649112 -3.785144 -0.168183 14.355598 14.355598 
467.000000 496 2.000000 1.789882 7.831148 -0.043306 -1.173087 1.378010 1.378010 
467.000000 497 2.000000 0.767265 18.872180 1.705031 0.652473 3.332852 3.332852 
467.000000 498 2.000000 2.070485 7.387018 5.915668 -0.772949 35.592580 35.592580 
467.000000 499 2.000000 0.523731 4.823930 1.309326 -3.683726 15.284171 15.284171 
467.000000 500 2.000000 1.519287 6.327228 -1.670693 -1.899509 6.399351 6.399351 
