702.500000 1 2.000000 0.224084 17.269540 4.481665 1.155878 21.421378 21.421378 
702.500000 2 2.000000 0.594612 9.401926 -8.107748 -0.351905 65.859413 65.859413 
702.500000 3 2.000000 0.999999 13.270615 -5.959485 1.590839 38.046229 38.046229 
702.500000 4 2.000000 0.097920 1.164437 -0.953403 0.463823 1.124109 1.124109 
702.500000 5 2.000000 0.999999 5.835440 -6.784851 -1.548683 48.432627 48.432627 
702.500000 6 2.000000 0.563761 15.554964 -2.181188 -8.081881 70.074389 70.074389 
702.500000 7 2.000000 0.886554 3.332536 3.546212 -2.297731 17.855188 17.855188 
702.500000 8 2.000000 0.328356 13.218945 0.589301 -1.218906 1.833008 1.833008 
702.500000 9 2.000000 0.472471 6.479893 -3.516850 3.599940 25.327806 25.327806 
702.500000 10 2.000000 0.316838 13.145697 6.336737 1.685100 42.993801 42.993801 
702.500000 11 2.000000 0.999999 5.366017 -1.025622 -3.254441 11.643288 11.643288 
702.500000 12 2.000000 0.000001 0.706529 1.437858 -6.325728 42.082268 42.082268 
702.500000 13 2.000000 0.745165 11.885652 -0.728098 -2.402928 6.304189 6.304189 
702.500000 14 2.000000 0.915789 8.409340 1.144736 -1.351808 3.137805 3.137805 
702.500000 15 2.000000 0.000001 5.273415 2.100802 3.515609 16.772878 16.772878 
702.500000 16 2.000000 0.002985 9.481756 -6.646759 -0.867783 44.932447 44.932447 
702.500000 17 2.000000 0.180086 14.378857 3.601703 1.715371 15.914764 15.914764 
702.500000 18 2.000000 0.276506 17.659615 5.530105 -2.628370 37.490392 37.490392 
702.500000 19 2.000000 0.725087 10.635846 7.250856 4.013526 68.683310 68.683310 
702.500000 20 2.000000 0.770431 16.233911 2.201228 -1.044302 5.935972 5.935972 
702.500000 21 2.000000 0.000001 14.206828 4.263797 3.736427 32.140850 32.140850 
702.500000 22 2.000000 0.372100 19.316524 -0.433034 2.087904 4.546860 4.546860 
702.500000 23 2.000000 0.158597 9.580143 0.634385 -3.771378 14.625737 14.625737 
702.500000 24 2.000000 0.848436 16.817069 -3.031256 2.395118 14.925101 14.925101 
702.500000 25 2.000000 0.999999 7.159454 -4.449944 2.083445 24.142740 24.142740 
702.500000 26 2.000000 0.151674 15.948702 3.033465 -0.031452 9.202899 9.202899 
702.500000 27 2.000000 0.999999 11.699782 -3.675337 -0.821013 14.182162 14.182162 
702.500000 28 2.000000 0.217123 0.000001 -1.204424 8.199999 68.690626 68.690626 
702.500000 29 2.000000 0.883194 19.721583 0.290962 1.954273 3.903843 3.903843 
702.500000 30 2.000000 0.466041 9.351331 1.864162 2.892080 11.839228 11.839228 
702.500000 31 2.000000 0.935205 15.792908 0.743542 4.092572 17.301997 17.301997 
702.500000 32 2.000000 0.234523 17.080948 -1.020634 -2.919051 9.562554 9.562554 
702.500000 33 2.000000 0.673088 16.860763 -1.634554 1.742284 5.707320 5.707320 
702.500000 34 2.000000 0.945424 1.823504 -0.218298 -6.097131 37.222665 37.222665 
702.500000 35 2.000000 0.390820 8.861379 7.816383 -3.213362 71.421541 71.421541 
702.500000 36 2.000000 0.000001 4.593532 4.018038 5.103923 42.194663 42.194663 
702.500000 37 2.000000 0.814270 19.282748 -0.619096 3.013185 9.462564 9.462564 
702.500000 38 2.000000 0.341234 8.072747 -4.391769 -1.451666 21.394966 21.394966 
702.500000 39 2.000000 0.857214 13.111801 0.553040 -0.612639 0.681181 0.681181 
702.500000 40 2.000000 0.741809 6.801512 -5.163790 -5.382957 55.640956 55.640956 
702.500000 41 2.000000 0.820776 12.108017 0.512984 6.209239 38.817801 38.817801 
702.500000 42 2.000000 0.749280 19.409186 0.119885 1.113051 1.253254 1.253254 
702.500000 43 2.000000 0.576903 7.376031 -4.230959 -7.002893 66.941521 66.941521 
702.500000 44 2.000000 0.999999 18.536891 -0.563543 -7.315540 53.834711 53.834711 
702.500000 45 2.000000 0.759184 15.885711 3.036733 -0.408908 9.388956 9.388956 
702.500000 46 2.000000 0.388972 7.624746 -2.444110 -5.563161 36.922429 36.922429 
702.500000 47 2.000000 0.721032 10.160116 0.436989 -0.435947 0.381009 0.381009 
702.500000 48 2.000000 0.761347 4.616379 -2.386524 2.815083 13.620192 13.620192 
702.500000 49 2.000000 0.768873 3.244145 -4.622527 -2.234235 26.359562 26.359562 
702.500000 50 2.000000 0.659944 12.521687 0.388202 5.112196 26.285250 26.285250 
702.500000 51 2.000000 0.848904 14.748494 4.244514 2.918316 26.532468 26.532468 
702.500000 52 2.000000 0.858682 7.901396 -2.826335 1.948296 11.784025 11.784025 
702.500000 53 2.000000 0.129207 19.535930 -1.088490 -4.640692 22.720833 22.720833 
702.500000 54 2.000000 0.406281 13.819518 0.902844 4.258084 18.946409 18.946409 
702.500000 55 2.000000 0.765773 10.100876 1.276287 3.246582 12.169201 12.169201 
702.500000 56 2.000000 0.000001 4.444392 3.811060 -1.645715 17.232555 17.232555 
702.500000 57 2.000000 0.805956 9.004723 0.204039 -2.199055 4.877476 4.877476 
702.500000 58 2.000000 0.000001 17.252603 3.464548 1.204206 13.453202 13.453202 
702.500000 59 2.000000 0.036103 1.122792 -6.425975 0.919291 42.138253 42.138253 
702.500000 60 2.000000 0.582353 19.250527 -4.176461 0.216448 17.489677 17.489677 
702.500000 61 2.000000 0.999999 1.927269 -2.069971 -2.926642 12.850012 12.850012 
702.500000 62 2.000000 0.494666 11.281386 -5.053335 -3.059162 34.894666 34.894666 
702.500000 63 2.000000 0.935396 19.136080 -0.323014 0.898495 0.911631 0.911631 
702.500000 64 2.000000 0.999999 0.655125 -3.230725 4.367491 29.512561 29.512561 
702.500000 65 2.000000 0.713778 7.790399 -0.954070 0.486595 1.147023 1.147023 
702.500000 66 2.000000 0.999999 6.058424 -3.193910 -0.090146 10.209189 10.209189 
702.500000 67 2.000000 0.262359 7.328771 5.247150 -3.122243 37.280984 37.280984 
702.500000 68 2.000000 0.125976 2.459934 -0.971137 0.629152 1.338939 1.338939 
702.500000 69 2.000000 0.419062 10.774987 2.793740 2.622829 14.684219 14.684219 
702.500000 70 2.000000 0.655271 4.645358 -1.723638 -0.519915 3.241238 3.241238 
702.500000 71 2.000000 0.000001 2.538842 2.686046 -5.491191 37.368015 37.368015 
702.500000 72 2.000000 0.947305 0.127359 3.157680 -1.405812 11.947250 11.947250 
702.500000 73 2.000000 0.052790 14.016800 -4.736047 2.727672 29.870338 29.870338 
702.500000 74 2.000000 0.532802 14.371961 4.178948 -1.825618 20.796490 20.796490 
702.500000 75 2.000000 0.169826 2.779184 -4.150867 -5.044711 42.678803 42.678803 
702.500000 76 2.000000 0.614527 17.061908 -3.854725 9.393214 103.091372 103.091372 
702.500000 77 2.000000 0.239250 15.678243 4.784983 0.016452 22.896334 22.896334 
702.500000 78 2.000000 0.177023 0.825384 -0.136365 2.063458 4.276455 4.276455 
702.500000 79 2.000000 0.435292 3.591871 -4.241708 1.893382 21.576980 21.576980 
702.500000 80 2.000000 0.687547 4.024935 -3.124519 2.149378 14.382443 14.382443 
702.500000 81 2.000000 0.385388 12.638051 -4.097407 -2.453983 22.810780 22.810780 
702.500000 82 2.000000 0.534364 4.076604 5.343631 0.581881 28.892977 28.892977 
702.500000 83 2.000000 0.373273 2.789757 -6.267265 5.072283 65.006662 65.006662 
702.500000 84 2.000000 0.871703 5.001483 0.251479 4.167902 17.434646 17.434646 
702.500000 85 2.000000 0.815788 17.585215 -3.684220 1.475275 15.749915 15.749915 
702.500000 86 2.000000 0.766201 10.977247 7.662000 0.165210 58.733537 58.733537 
702.500000 87 2.000000 0.281298 16.254516 -2.874804 -1.052910 9.373119 9.373119 
702.500000 88 2.000000 0.537259 11.128266 -0.518743 -1.384567 2.186119 2.186119 
702.500000 89 2.000000 0.251538 15.488508 -0.997948 -0.670800 1.445874 1.445874 
702.500000 90 2.000000 0.309713 6.475140 0.884892 -1.159280 2.126964 2.126964 
702.500000 91 2.000000 0.999999 2.580296 -7.359560 2.888819 62.508390 62.508390 
702.500000 92 2.000000 0.751643 17.913300 5.010947 -4.637109 46.612374 46.612374 
702.500000 93 2.000000 0.058486 6.782211 -3.328766 0.806651 11.731368 11.731368 
702.500000 94 2.000000 0.268059 14.935919 -1.463880 4.020589 18.308080 18.308080 
702.500000 95 2.000000 0.688987 2.831953 -1.193429 2.540400 7.877906 7.877906 
702.500000 96 2.000000 0.999999 7.886451 -5.426619 -2.271572 34.608234 34.608234 
702.500000 97 2.000000 0.720704 5.454290 4.804685 4.040214 39.408324 39.408324 
702.500000 98 2.000000 0.172304 4.596353 -1.403160 4.383106 21.180475 21.180475 
702.500000 99 2.000000 0.869642 16.758377 -0.869045 -0.714425 1.265642 1.265642 
702.500000 100 2.000000 0.999999 16.949089 -6.693363 -3.813638 59.344934 59.344934 
702.500000 101 2.000000 0.975381 2.864034 3.901519 4.773389 38.007087 38.007087 
702.500000 102 2.000000 0.622922 11.659802 2.076405 3.104088 13.946817 13.946817 
702.500000 103 2.000000 0.714942 14.245762 -2.850573 0.422570 8.304334 8.304334 
702.500000 104 2.000000 0.345975 4.043436 -1.453386 5.054293 27.658213 27.658213 
702.500000 105 2.000000 0.000001 13.969658 3.596896 -0.957656 13.854768 13.854768 
702.500000 106 2.000000 0.797164 6.536725 5.314422 -2.890080 36.595638 36.595638 
702.500000 107 2.000000 0.567223 8.758791 0.630246 2.046280 4.584474 4.584474 
702.500000 108 2.000000 0.862650 18.254575 -0.686747 2.621641 7.344622 7.344622 
702.500000 109 2.000000 0.999999 12.212912 -4.829915 -4.283293 41.674673 41.674673 
702.500000 110 2.000000 0.805759 9.419031 1.611515 -5.290484 30.586204 30.586204 
702.500000 111 2.000000 0.555095 13.803641 -4.914085 5.493337 54.324983 54.324983 
702.500000 112 2.000000 0.489735 7.024267 1.944775 -1.529193 6.120584 6.120584 
702.500000 113 2.000000 0.493762 1.570471 -2.428365 -0.838941 6.600780 6.600780 
702.500000 114 2.000000 0.331897 18.437108 -1.214731 -2.841620 9.550377 9.550377 
702.500000 115 2.000000 0.734230 3.322531 -2.657686 -3.444255 18.926190 18.926190 
702.500000 116 2.000000 0.950999 10.114003 1.606421 -5.950807 37.992697 37.992697 
702.500000 117 2.000000 0.272139 14.344709 1.814253 -0.103003 3.302124 3.302124 
702.500000 118 2.000000 0.110053 3.750504 -1.369147 2.344065 7.369204 7.369204 
702.500000 119 2.000000 0.682325 4.282993 0.450912 1.778724 3.367181 3.367181 
702.500000 120 2.000000 0.999999 18.723548 -2.551007 3.182954 16.638834 16.638834 
702.500000 121 2.000000 0.000001 14.389968 2.127299 -1.758786 7.618728 7.618728 
702.500000 122 2.000000 0.307197 18.988237 -3.464008 -3.372540 23.373376 23.373376 
702.500000 123 2.000000 0.730313 18.432171 1.460625 -1.652466 4.864069 4.864069 
702.500000 124 2.000000 0.706021 10.880752 7.060197 -1.307455 51.555816 51.555816 
702.500000 125 2.000000 0.000001 0.555012 8.783058 1.850036 80.564739 80.564739 
702.500000 126 2.000000 0.869521 11.548005 5.796799 -3.675090 47.109166 47.109166 
702.500000 127 2.000000 0.000001 14.127022 4.365423 4.282054 37.392908 37.392908 
702.500000 128 2.000000 0.767402 9.501053 0.500393 2.207830 5.124906 5.124906 
702.500000 129 2.000000 0.180168 18.810596 3.603336 -3.964678 28.702698 28.702698 
702.500000 130 2.000000 0.914027 14.612434 -0.065773 5.079309 25.803702 25.803702 
702.500000 131 2.000000 0.999999 4.402973 -2.534897 -0.831870 7.117712 7.117712 
702.500000 132 2.000000 0.410083 3.809440 -0.983193 0.648507 1.387229 1.387229 
702.500000 133 2.000000 0.593684 18.915289 0.698451 -0.723140 1.010765 1.010765 
702.500000 134 2.000000 0.083566 16.165735 -2.618380 1.373836 8.743337 8.743337 
702.500000 135 2.000000 0.464397 10.072874 1.160989 4.425558 20.933463 20.933463 
702.500000 136 2.000000 0.067417 8.175929 -6.217213 3.832164 53.339220 53.339220 
702.500000 137 2.000000 0.925781 11.929524 1.598071 1.299599 4.242789 4.242789 
702.500000 138 2.000000 0.293314 1.622047 0.488855 0.437034 0.429978 0.429978 
702.500000 139 2.000000 0.370891 12.566336 3.708904 -3.218000 24.111494 24.111494 
702.500000 140 2.000000 0.729434 12.021268 -2.705648 -1.878320 10.848615 10.848615 
702.500000 141 2.000000 0.748307 5.716147 1.247176 3.455747 13.497636 13.497636 
702.500000 142 2.000000 0.236543 17.736752 0.004908 3.820381 14.595338 14.595338 
702.500000 143 2.000000 0.796766 0.983707 -1.016164 3.934825 16.515437 16.515437 
702.500000 144 2.000000 0.623666 15.002794 1.197207 -2.238437 6.443904 6.443904 
702.500000 145 2.000000 0.414187 2.467059 -1.464529 -2.173927 6.870805 6.870805 
702.500000 146 2.000000 0.524569 2.161319 -4.754300 0.646981 23.021957 23.021957 
702.500000 147 2.000000 0.693562 10.426490 6.935606 9.066512 130.304263 130.304263 
702.500000 148 2.000000 0.242861 18.643136 -3.028551 3.710833 22.942408 22.942408 
702.500000 149 2.000000 0.880308 8.097881 3.521226 4.789920 35.342365 35.342365 
702.500000 150 2.000000 0.563647 16.739195 -2.909011 1.448717 10.561122 10.561122 
702.500000 151 2.000000 0.504114 1.907271 5.041126 -0.670285 25.862231 25.862231 
702.500000 152 2.000000 0.260501 14.122488 0.651250 6.107326 37.723563 37.723563 
702.500000 153 2.000000 0.511878 7.996488 3.412511 -0.923564 12.498199 12.498199 
702.500000 154 2.000000 0.971718 13.776163 1.943434 0.166393 3.804621 3.804621 
702.500000 155 2.000000 0.676020 15.797629 -6.479577 1.442475 44.065650 44.065650 
702.500000 156 2.000000 0.877445 13.764876 -0.817027 -0.481192 0.899079 0.899079 
702.500000 157 2.000000 0.504820 17.890879 1.648285 2.917591 11.229178 11.229178 
702.500000 158 2.000000 0.061579 19.834738 1.231552 2.137355 6.085006 6.085006 
702.500000 159 2.000000 0.246354 19.322165 0.547451 -0.847292 1.017607 1.017607 
702.500000 160 2.000000 0.512211 12.677697 -0.584282 2.316400 5.707095 5.707095 
702.500000 161 2.000000 0.828450 0.278697 2.366996 -7.530866 62.316608 62.316608 
702.500000 162 2.000000 0.702768 14.291884 -1.188923 -2.982256 10.307386 10.307386 
702.500000 163 2.000000 0.835988 2.791998 2.388535 0.777537 6.309664 6.309664 
702.500000 164 2.000000 0.518847 6.334290 -1.374719 2.833783 9.920179 9.920179 
702.500000 165 2.000000 0.999999 0.941892 -5.339504 -5.037091 53.882582 53.882582 
702.500000 166 2.000000 0.160858 11.335852 -5.594274 -6.931317 79.339062 79.339062 
702.500000 167 2.000000 0.317446 10.394650 -1.950151 3.712375 17.584816 17.584816 
702.500000 168 2.000000 0.114172 1.276189 0.141194 -3.568670 12.755340 12.755340 
702.500000 169 2.000000 0.396337 17.640412 -2.414648 -1.104244 7.049880 7.049880 
702.500000 170 2.000000 0.417904 17.620569 -5.820953 0.925385 34.739826 34.739826 
702.500000 171 2.000000 0.999999 10.285815 -4.787853 1.312954 24.647382 24.647382 
702.500000 172 2.000000 0.538144 18.442822 -1.539516 -5.190592 29.312352 29.312352 
702.500000 173 2.000000 0.616610 1.899430 -7.667780 -2.397803 64.544314 64.544314 
702.500000 174 2.000000 0.459504 15.382245 -0.831531 -0.757793 1.265695 1.265695 
702.500000 175 2.000000 0.722556 13.664042 -1.849623 -4.693302 25.448187 25.448187 
702.500000 176 2.000000 0.000001 1.978926 1.362794 0.139198 1.876583 1.876583 
702.500000 177 2.000000 0.458458 17.200957 0.279459 5.773115 33.406954 33.406954 
702.500000 178 2.000000 0.767280 9.426323 -0.664910 4.287977 18.828850 18.828850 
702.500000 179 2.000000 0.999999 15.085610 -2.357776 7.542805 62.453008 62.453008 
702.500000 180 2.000000 0.477255 0.763876 -0.522744 2.182501 5.036572 5.036572 
702.500000 181 2.000000 0.357399 19.670338 -6.426000 1.642864 43.992474 43.992474 
702.500000 182 2.000000 0.801595 0.000001 4.007968 8.803778 93.570323 93.570323 
702.500000 183 2.000000 0.334675 3.324952 0.608497 6.649901 44.591453 44.591453 
702.500000 184 2.000000 0.433264 6.320349 2.166316 -1.884075 8.242663 8.242663 
702.500000 185 2.000000 0.660783 11.940351 -3.392160 -2.211616 16.397993 16.397993 
702.500000 186 2.000000 0.999999 1.091607 -3.360504 2.183213 16.059408 16.059408 
702.500000 187 2.000000 0.751013 6.423004 1.234535 -1.482372 3.721503 3.721503 
702.500000 188 2.000000 0.292249 12.265928 -4.718332 1.587196 24.781851 24.781851 
702.500000 189 2.000000 0.180354 10.069493 0.901765 -4.413702 20.293947 20.293947 
702.500000 190 2.000000 0.883723 1.964273 -0.387587 0.537875 0.439534 0.439534 
702.500000 191 2.000000 0.372467 4.108712 2.483107 -4.271625 24.412599 24.412599 
702.500000 192 2.000000 0.929827 12.429239 3.099421 3.144522 19.494424 19.494424 
702.500000 193 2.000000 0.270843 15.518529 -7.291560 -0.525565 53.443063 53.443063 
702.500000 194 2.000000 0.011429 14.071039 -3.954279 4.048157 32.023898 32.023898 
702.500000 195 2.000000 0.590015 3.557579 -1.171384 -2.855458 9.525780 9.525780 
702.500000 196 2.000000 0.189928 11.476940 -0.275769 2.043778 4.253075 4.253075 
702.500000 197 2.000000 0.999999 7.016968 -3.644694 -2.810080 21.180345 21.180345 
702.500000 198 2.000000 0.829719 12.744300 -1.702797 5.221475 30.163321 30.163321 
702.500000 199 2.000000 0.368249 17.166097 1.472993 3.388462 13.651379 13.651379 
702.500000 200 2.000000 0.828354 10.000799 1.183362 0.292738 1.486040 1.486040 
702.500000 201 2.000000 0.999999 6.971802 -5.029561 -1.271379 26.912889 26.912889 
702.500000 202 2.000000 0.999999 3.013193 -4.575739 7.532980 77.683167 77.683167 
702.500000 203 2.000000 0.789194 4.431231 -0.191641 -0.738919 0.582728 0.582728 
702.500000 204 2.000000 0.000001 0.751758 4.192885 2.505858 23.859609 23.859609 
702.500000 205 2.000000 0.891154 4.891013 -2.176893 -6.057172 41.428191 41.428191 
702.500000 206 2.000000 0.745272 7.931248 3.735206 4.492073 34.130484 34.130484 
702.500000 207 2.000000 0.704328 18.405224 -0.985571 10.826602 118.186656 118.186656 
702.500000 208 2.000000 0.122425 18.813836 0.222588 2.018640 4.124451 4.124451 
702.500000 209 2.000000 0.466792 3.544232 -2.666034 -6.737866 52.506579 52.506579 
702.500000 210 2.000000 0.633817 2.564270 -7.323636 -2.551284 60.144694 60.144694 
702.500000 211 2.000000 0.000001 8.878301 1.548621 -3.565099 15.108160 15.108160 
702.500000 212 2.000000 0.094541 12.083012 1.890799 0.480566 3.806063 3.806063 
702.500000 213 2.000000 0.124623 18.606581 0.830812 -2.533487 7.108806 7.108806 
702.500000 214 2.000000 0.897482 9.287978 1.282115 0.513231 1.907225 1.907225 
702.500000 215 2.000000 0.081968 19.999999 1.639333 -1.963325 6.542058 6.542058 
702.500000 216 2.000000 0.404035 18.205520 0.098634 -2.254416 5.092121 5.092121 
702.500000 217 2.000000 0.717521 12.785871 -1.412388 2.367404 7.599443 7.599443 
702.500000 218 2.000000 0.250658 9.835045 2.506566 2.882028 14.588957 14.588957 
702.500000 219 2.000000 0.999999 17.159994 -0.897828 1.854269 4.244407 4.244407 
702.500000 220 2.000000 0.000001 13.753514 1.122649 5.001277 26.273115 26.273115 
702.500000 221 2.000000 0.221810 11.698253 -3.890944 0.510600 15.400154 15.400154 
702.500000 222 2.000000 0.999999 6.115270 -3.849932 2.096151 19.215824 19.215824 
702.500000 223 2.000000 0.791904 19.199754 -4.161905 -1.778322 20.483880 20.483880 
702.500000 224 2.000000 0.622501 19.999253 -0.629163 6.194049 38.762095 38.762095 
702.500000 225 2.000000 0.713290 5.585816 2.037968 -0.776945 4.756958 4.756958 
702.500000 226 2.000000 0.000001 19.280739 4.318198 8.976972 99.232853 99.232853 
702.500000 227 2.000000 0.296662 15.204437 -2.813349 -3.093911 17.487217 17.487217 
702.500000 228 2.000000 0.954220 12.416403 -0.915577 -2.410125 6.646986 6.646986 
702.500000 229 2.000000 0.520886 6.607540 -0.003272 -5.822808 33.905105 33.905105 
702.500000 230 2.000000 0.223540 17.291181 4.470783 -0.043450 19.989784 19.989784 
702.500000 231 2.000000 0.459518 3.300982 0.919034 -1.069772 1.989035 1.989035 
702.500000 232 2.000000 0.817392 13.998422 0.361923 -0.451946 0.335243 0.335243 
702.500000 233 2.000000 0.950870 14.806775 -0.982590 7.073885 51.005325 51.005325 
702.500000 234 2.000000 0.462945 19.449452 -3.580358 3.377819 24.228623 24.228623 
702.500000 235 2.000000 0.999999 14.094147 -5.947732 -3.595410 48.302498 48.302498 
702.500000 236 2.000000 0.116197 15.023569 -1.964004 -4.976430 28.622169 28.622169 
702.500000 237 2.000000 0.532195 0.006365 -0.623739 -0.053132 0.391874 0.391874 
702.500000 238 2.000000 0.633160 7.062063 0.844212 0.807657 1.365003 1.365003 
702.500000 239 2.000000 0.680813 4.305252 -6.383720 0.755943 41.323328 41.323328 
702.500000 240 2.000000 0.569731 1.742371 -1.195669 -4.064306 17.948207 17.948207 
702.500000 241 2.000000 0.065210 6.720117 -6.231927 -1.087684 40.019968 40.019968 
702.500000 242 2.000000 0.294619 3.391127 5.892359 0.912273 35.552132 35.552132 
702.500000 243 2.000000 0.476638 13.936560 -0.275453 7.533275 56.826109 56.826109 
702.500000 244 2.000000 0.242051 3.934896 -3.789742 -1.169063 15.728857 15.728857 
702.500000 245 2.000000 0.685597 8.960596 3.427980 3.736927 25.715671 25.715671 
702.500000 246 2.000000 0.879402 11.790250 4.397003 5.477117 49.332445 49.332445 
702.500000 247 2.000000 0.514722 5.037468 1.470631 -0.689893 2.638709 2.638709 
702.500000 248 2.000000 0.624244 16.012319 -0.835012 -0.281693 0.776596 0.776596 
702.500000 249 2.000000 0.531116 14.365669 1.438862 3.504461 14.351570 14.351570 
702.500000 250 2.000000 0.635244 2.424864 1.411652 -1.587422 4.512671 4.512671 
702.500000 251 2.000000 0.393579 9.748950 2.623855 -2.322230 12.277369 12.277369 
702.500000 252 2.000000 0.999999 1.253267 -3.250849 -0.730598 11.101790 11.101790 
702.500000 253 2.000000 0.563690 5.438787 3.757924 2.473255 20.238983 20.238983 
702.500000 254 2.000000 0.999999 17.326612 -5.226313 0.542102 27.608224 27.608224 
702.500000 255 2.000000 0.491427 6.264946 1.404075 -0.419535 2.147435 2.147435 
702.500000 256 2.000000 0.874838 8.898083 -0.834409 0.002533 0.696245 0.696245 
702.500000 257 2.000000 0.999999 19.789143 -4.947099 8.213807 91.940410 91.940410 
702.500000 258 2.000000 0.629612 8.979633 -1.851936 -1.816446 6.729141 6.729141 
702.500000 259 2.000000 0.334916 6.252483 2.232767 -1.812852 8.271681 8.271681 
702.500000 260 2.000000 0.755311 14.136099 2.517700 0.016811 6.339097 6.339097 
702.500000 261 2.000000 0.560835 10.621286 -4.391640 -0.254261 19.351153 19.351153 
702.500000 262 2.000000 0.071892 10.789054 -0.194617 6.538820 42.794040 42.794040 
702.500000 263 2.000000 0.815900 4.648225 5.439327 2.993909 38.549770 38.549770 
702.500000 264 2.000000 0.555386 3.226434 5.553852 3.584926 43.696971 43.696971 
702.500000 265 2.000000 0.256530 12.119393 5.130577 2.560454 32.878744 32.878744 
702.500000 266 2.000000 0.720467 18.055585 4.803104 -1.340975 24.868027 24.868027 
702.500000 267 2.000000 0.562982 15.455986 2.814903 -6.925326 55.883820 55.883820 
702.500000 268 2.000000 0.699066 16.022883 4.660434 0.082298 21.726416 21.726416 
702.500000 269 2.000000 0.812316 13.916096 3.953402 1.375640 17.521775 17.521775 
702.500000 270 2.000000 0.389929 6.513881 -4.067132 -2.722089 23.951333 23.951333 
702.500000 271 2.000000 0.000001 10.258845 3.056074 0.670507 9.789167 9.789167 
702.500000 272 2.000000 0.191260 8.425133 -4.043694 -3.291552 27.185773 27.185773 
702.500000 273 2.000000 0.430646 8.219080 -0.813362 -0.337117 0.775205 0.775205 
702.500000 274 2.000000 0.791989 2.489349 1.227993 4.427785 21.113245 21.113245 
702.500000 275 2.000000 0.071006 8.522656 -2.875659 -1.811080 11.549424 11.549424 
702.500000 276 2.000000 0.949086 3.042698 3.163618 -3.868702 24.975339 24.975339 
702.500000 277 2.000000 0.732393 10.068033 -5.352122 1.326129 30.403825 30.403825 
702.500000 278 2.000000 0.912073 1.208557 -0.351704 -5.510397 30.488173 30.488173 
702.500000 279 2.000000 0.353932 7.685002 -1.845905 -1.073821 4.560457 4.560457 
702.500000 280 2.000000 0.305904 16.840308 3.059030 3.537505 21.871605 21.871605 
702.500000 281 2.000000 0.235921 10.782889 0.224686 -0.360937 0.180759 0.180759 
702.500000 282 2.000000 0.514992 3.751982 0.007749 0.999284 0.998629 0.998629 
702.500000 283 2.000000 0.550208 11.137875 2.279359 -2.029934 9.316110 9.316110 
702.500000 284 2.000000 0.124280 2.364044 0.583316 -2.383532 6.021484 6.021484 
702.500000 285 2.000000 0.026911 10.024942 0.538200 -1.139403 1.587899 1.587899 
702.500000 286 2.000000 0.725250 8.864688 0.137682 -5.364771 28.799726 28.799726 
702.500000 287 2.000000 0.489672 14.413888 2.448356 -2.733152 13.464568 13.464568 
702.500000 288 2.000000 0.551873 2.580450 -4.481261 -4.971708 44.799581 44.799581 
702.500000 289 2.000000 0.999999 11.450461 -3.990892 3.500046 28.177538 28.177538 
702.500000 290 2.000000 0.307118 7.217304 3.071166 -4.536124 30.008480 30.008480 
702.500000 291 2.000000 0.605503 6.181679 -7.889926 2.936670 70.874969 70.874969 
702.500000 292 2.000000 0.700105 6.404436 0.771192 -1.389360 2.525058 2.525058 
702.500000 293 2.000000 0.558709 13.794595 3.387952 1.002819 12.483865 12.483865 
702.500000 294 2.000000 0.509687 1.275554 -4.903115 4.251845 42.118721 42.118721 
702.500000 295 2.000000 0.079618 2.172910 -0.500913 -6.345660 40.518310 40.518310 
702.500000 296 2.000000 0.424668 18.074164 0.943706 -2.407294 6.685646 6.685646 
702.500000 297 2.000000 0.966938 2.206230 6.446248 1.297782 43.238355 43.238355 
702.500000 298 2.000000 0.948760 10.597690 2.498150 -3.976265 22.051434 22.051434 
702.500000 299 2.000000 0.465933 10.161785 -0.762951 -2.319353 5.961491 5.961491 
702.500000 300 2.000000 0.519060 13.625877 -1.196605 1.818887 4.740211 4.740211 
702.500000 301 2.000000 0.479556 10.611679 0.266419 -1.243486 1.617237 1.617237 
702.500000 302 2.000000 0.467266 12.691595 -0.710310 5.602956 31.897652 31.897652 
702.500000 303 2.000000 0.635849 4.652877 0.908354 1.473065 2.995029 2.995029 
702.500000 304 2.000000 0.040453 16.703616 -3.838186 1.617947 17.349421 17.349421 
702.500000 305 2.000000 0.770337 14.206687 3.851678 3.049210 24.133100 24.133100 
702.500000 306 2.000000 0.241578 5.297371 -1.378948 -1.072360 3.051454 3.051454 
702.500000 307 2.000000 0.227694 15.892919 4.553868 -1.224832 22.237927 22.237927 
702.500000 308 2.000000 0.999999 19.667057 -5.671683 0.182964 32.201464 32.201464 
702.500000 309 2.000000 0.568467 10.729680 0.220208 -2.329819 5.476549 5.476549 
702.500000 310 2.000000 0.280037 0.890913 -2.879848 1.962588 12.145280 12.145280 
702.500000 311 2.000000 0.000001 10.517354 3.027061 4.634149 30.638433 30.638433 
702.500000 312 2.000000 0.674754 12.303817 1.499452 0.943735 3.138992 3.138992 
702.500000 313 2.000000 0.094740 1.715194 -3.017530 1.319380 10.846251 10.846251 
702.500000 314 2.000000 0.688049 0.730309 0.032146 -4.752401 22.586346 22.586346 
702.500000 315 2.000000 0.627274 2.149139 3.136366 2.262251 14.954573 14.954573 
702.500000 316 2.000000 0.000001 14.188256 9.768454 3.719600 109.258106 109.258106 
702.500000 317 2.000000 0.351216 13.094847 0.780478 -0.074184 0.614648 0.614648 
702.500000 318 2.000000 0.999999 12.112253 -1.946357 -3.668719 17.247805 17.247805 
702.500000 319 2.000000 0.144035 19.797163 -3.423856 -4.056713 28.179713 28.179713 
702.500000 320 2.000000 0.583949 2.307245 -4.160500 -0.978122 18.266486 18.266486 
702.500000 321 2.000000 0.882747 18.061027 0.971436 3.646065 14.237475 14.237475 
702.500000 322 2.000000 0.656816 19.098411 4.378764 -3.606351 32.179341 32.179341 
702.500000 323 2.000000 0.498472 2.063216 4.984713 -4.118305 41.807796 41.807796 
702.500000 324 2.000000 0.383528 2.083260 -1.761345 4.166519 20.462214 20.462214 
702.500000 325 2.000000 0.153578 12.287368 -0.855726 -4.406853 20.152624 20.152624 
702.500000 326 2.000000 0.378056 18.337577 3.780550 -3.694272 27.940203 27.940203 
702.500000 327 2.000000 0.824754 3.875707 4.123765 -3.349718 28.226049 28.226049 
702.500000 328 2.000000 0.260302 3.127090 -0.704474 -2.238130 5.505507 5.505507 
702.500000 329 2.000000 0.506442 13.512573 -3.290380 -0.475794 11.052978 11.052978 
702.500000 330 2.000000 0.486162 1.832192 2.430803 -0.981329 6.871811 6.871811 
702.500000 331 2.000000 0.500474 9.078633 -1.248811 3.843544 16.332363 16.332363 
702.500000 332 2.000000 0.380122 0.282883 2.534141 -1.678055 9.237738 9.237738 
702.500000 333 2.000000 0.119847 17.618858 1.198461 0.655405 1.865863 1.865863 
702.500000 334 2.000000 0.240288 0.324203 2.444782 -0.507980 6.235005 6.235005 
702.500000 335 2.000000 0.999999 14.939307 -7.610914 -7.784141 118.518864 118.518864 
702.500000 336 2.000000 0.672188 13.787150 -0.546351 -1.011898 1.322437 1.322437 
702.500000 337 2.000000 0.552927 2.054035 5.529257 1.053351 31.682228 31.682228 
702.500000 338 2.000000 0.148084 14.840180 0.069912 4.890217 23.919111 23.919111 
702.500000 339 2.000000 0.748382 9.302506 -5.032348 -1.981936 29.252592 29.252592 
702.500000 340 2.000000 0.459237 15.686089 0.114487 1.633048 2.679953 2.679953 
702.500000 341 2.000000 0.999999 0.552168 -4.281933 5.521665 48.823732 48.823732 
702.500000 342 2.000000 0.544813 3.153763 -0.291712 1.620203 2.710155 2.710155 
702.500000 343 2.000000 0.521745 1.510274 -1.380456 4.040375 18.230290 18.230290 
702.500000 344 2.000000 0.563315 7.581780 2.253256 2.239316 10.091702 10.091702 
702.500000 345 2.000000 0.932008 6.459542 0.235763 2.623312 6.937350 6.937350 
702.500000 346 2.000000 0.475228 2.295682 -5.247707 -2.126058 32.058551 32.058551 
702.500000 347 2.000000 0.031786 0.402574 -1.760388 0.087496 3.106621 3.106621 
702.500000 348 2.000000 0.704895 11.912601 1.323641 2.519465 8.099732 8.099732 
702.500000 349 2.000000 0.792172 16.441843 -4.156546 0.136472 17.295501 17.295501 
702.500000 350 2.000000 0.537160 15.358236 2.148637 1.152305 5.944448 5.944448 
702.500000 351 2.000000 0.131157 3.974441 -2.172106 -7.341531 58.616122 58.616122 
702.500000 352 2.000000 0.076233 8.445289 -0.873045 0.637151 1.168170 1.168170 
702.500000 353 2.000000 0.009512 7.917381 -1.704153 4.074854 19.508574 19.508574 
702.500000 354 2.000000 0.735957 12.701282 0.566851 -0.340224 0.437072 0.437072 
702.500000 355 2.000000 0.976999 15.949948 3.907992 -3.521783 27.675355 27.675355 
702.500000 356 2.000000 0.384478 3.312299 -2.051735 4.140373 21.352307 21.352307 
702.500000 357 2.000000 0.000001 16.065643 8.054865 1.128422 66.154192 66.154192 
702.500000 358 2.000000 0.104877 8.052322 -2.983739 -8.850131 87.227520 87.227520 
702.500000 359 2.000000 0.249474 0.340131 3.345637 -4.825760 34.481240 34.481240 
702.500000 360 2.000000 0.854263 13.461034 2.426379 -2.006405 9.912972 9.912972 
702.500000 361 2.000000 0.934864 18.520164 1.438251 -4.932782 26.400907 26.400907 
702.500000 362 2.000000 0.082639 2.494145 -1.146701 -2.702159 8.616587 8.616587 
702.500000 363 2.000000 0.044902 8.455570 -3.183657 2.572601 16.753947 16.753947 
702.500000 364 2.000000 0.457169 3.869831 2.285838 4.552742 25.952509 25.952509 
702.500000 365 2.000000 0.842867 19.346086 -1.571318 2.926850 11.035489 11.035489 
702.500000 366 2.000000 0.318531 8.022044 -2.725873 1.527956 9.765034 9.765034 
702.500000 367 2.000000 0.526714 1.880994 5.267132 1.148401 29.061505 29.061505 
702.500000 368 2.000000 0.966081 10.346885 0.121323 -0.235520 0.070189 0.070189 
702.500000 369 2.000000 0.132986 1.422534 -8.670130 -1.189736 76.586626 76.586626 
702.500000 370 2.000000 0.884494 9.651691 4.422467 -6.889914 67.029126 67.029126 
702.500000 371 2.000000 0.999999 14.484106 -1.543050 -1.186213 3.788106 3.788106 
702.500000 372 2.000000 0.219243 17.398131 -1.735013 4.714882 25.240382 25.240382 
702.500000 373 2.000000 0.644054 15.776172 0.536711 4.336295 19.091510 19.091510 
702.500000 374 2.000000 0.714635 2.913325 3.573168 4.873274 36.516324 36.516324 
702.500000 375 2.000000 0.508958 19.550286 5.089569 10.721780 140.860287 140.860287 
702.500000 376 2.000000 0.340759 17.148603 3.407580 0.938516 12.492410 12.492410 
702.500000 377 2.000000 0.999999 2.938372 -3.047671 -4.778377 32.121184 32.121184 
702.500000 378 2.000000 0.987121 19.999999 1.161318 -9.158420 85.225309 85.225309 
702.500000 379 2.000000 0.611166 0.000001 -0.555476 2.986196 9.225923 9.225923 
702.500000 380 2.000000 0.889278 9.770285 1.381689 -2.241830 6.934866 6.934866 
702.500000 381 2.000000 0.434974 13.566972 -0.452020 -2.218285 5.125112 5.125112 
702.500000 382 2.000000 0.240197 19.362705 -0.844224 3.056549 10.055208 10.055208 
702.500000 383 2.000000 0.818374 7.953298 -0.145300 -7.772065 60.426111 60.426111 
702.500000 384 2.000000 0.000001 7.718221 7.235464 0.475527 52.578060 52.578060 
702.500000 385 2.000000 0.959162 7.386375 6.394406 -0.622840 41.276362 41.276362 
702.500000 386 2.000000 0.000001 9.707022 6.087594 5.213765 64.242145 64.242145 
702.500000 387 2.000000 0.748361 4.194907 -2.516378 4.001620 22.345120 22.345120 
702.500000 388 2.000000 0.932886 11.550840 -0.447419 0.299446 0.289852 0.289852 
702.500000 389 2.000000 0.526728 8.376267 -9.465413 -3.963988 105.307241 105.307241 
702.500000 390 2.000000 0.434058 0.815838 2.893714 1.781968 11.548993 11.548993 
702.500000 391 2.000000 0.108551 11.926891 2.171007 -0.002644 4.713277 4.713277 
702.500000 392 2.000000 0.562496 19.150959 -2.916683 0.249556 8.569321 8.569321 
702.500000 393 2.000000 0.524353 2.274980 0.582614 3.791632 14.715911 14.715911 
702.500000 394 2.000000 0.801715 0.242987 5.344759 2.429857 34.470660 34.470660 
702.500000 395 2.000000 0.389815 7.528182 1.559256 -2.650878 9.458433 9.458433 
702.500000 396 2.000000 0.426311 3.607671 -10.055578 -4.712353 123.320921 123.320921 
702.500000 397 2.000000 0.226875 1.992135 -0.119797 -1.104797 1.234928 1.234928 
702.500000 398 2.000000 0.000001 9.022773 8.416776 -0.150898 70.864894 70.864894 
702.500000 399 2.000000 0.768405 13.566877 -4.631872 -0.999270 22.452774 22.452774 
702.500000 400 2.000000 0.382458 1.791894 3.824569 -5.785881 48.103744 48.103744 
702.500000 401 2.000000 0.210855 2.429043 -5.260957 4.178375 45.136483 45.136483 
702.500000 402 2.000000 0.296174 2.972531 2.961726 -0.231879 8.825589 8.825589 
702.500000 403 2.000000 0.642312 8.696799 -1.788434 6.689844 47.952513 47.952513 
702.500000 404 2.000000 0.267603 0.433840 -0.135774 -0.643259 0.432217 0.432217 
702.500000 405 2.000000 0.794965 9.885957 -0.410067 1.415868 2.172839 2.172839 
702.500000 406 2.000000 0.120520 7.091363 0.602593 1.309461 2.077807 2.077807 
702.500000 407 2.000000 0.490275 3.975416 0.363166 -2.264319 5.259029 5.259029 
702.500000 408 2.000000 0.693011 14.455509 -6.139762 2.994558 46.664050 46.664050 
702.500000 409 2.000000 0.696320 9.601853 -6.073587 -6.994699 85.814277 85.814277 
702.500000 410 2.000000 0.769594 1.394917 -0.768018 -0.619962 0.974205 0.974205 
702.500000 411 2.000000 0.225714 13.610492 4.514267 -0.549311 20.680347 20.680347 
702.500000 412 2.000000 0.593790 17.671846 -1.624835 -3.325933 13.701919 13.701919 
702.500000 413 2.000000 0.599576 7.943155 -0.251241 -2.182186 4.825059 4.825059 
702.500000 414 2.000000 0.999999 8.158695 -5.611483 1.666005 34.264319 34.264319 
702.500000 415 2.000000 0.999999 5.666694 -5.921128 -3.151239 44.990069 44.990069 
702.500000 416 2.000000 0.635569 3.567278 -1.822151 -4.455137 23.168480 23.168480 
702.500000 417 2.000000 0.877524 16.397797 -2.449505 8.560578 79.283563 79.283563 
702.500000 418 2.000000 0.371456 16.919932 -2.514173 -3.691382 19.947369 19.947369 
702.500000 419 2.000000 0.153453 6.739209 3.069033 4.896362 33.393325 33.393325 
702.500000 420 2.000000 0.020336 9.670511 -0.007248 -2.052134 4.211307 4.211307 
702.500000 421 2.000000 0.495486 10.649971 -0.831998 -3.112444 10.379531 10.379531 
702.500000 422 2.000000 0.999999 9.876287 -5.657426 -0.232189 32.060382 32.060382 
702.500000 423 2.000000 0.999999 14.357646 -1.833153 -1.335767 5.144726 5.144726 
702.500000 424 2.000000 0.086753 18.446917 -3.044155 -1.075079 10.422673 10.422673 
702.500000 425 2.000000 0.814462 10.039734 0.336283 -3.929969 15.557743 15.557743 
702.500000 426 2.000000 0.144881 14.744732 0.965867 0.934272 1.805763 1.805763 
702.500000 427 2.000000 0.188589 5.497529 3.771752 -0.118999 14.240273 14.240273 
702.500000 428 2.000000 0.000001 4.621731 6.157451 2.640988 44.889020 44.889020 
702.500000 429 2.000000 0.478983 15.960206 1.915928 -3.107533 13.327543 13.327543 
702.500000 430 2.000000 0.154324 5.044365 1.028821 1.514517 3.352234 3.352234 
702.500000 431 2.000000 0.000001 3.325830 3.971083 1.357488 17.612271 17.612271 
702.500000 432 2.000000 0.306351 2.509705 1.531748 2.281549 7.551716 7.551716 
702.500000 433 2.000000 0.476207 14.824945 0.366313 1.850562 3.558763 3.558763 
702.500000 434 2.000000 0.286997 15.570259 1.434978 -1.040846 3.142523 3.142523 
702.500000 435 2.000000 0.159789 8.442539 0.532625 2.290192 5.528668 5.528668 
702.500000 436 2.000000 0.199240 15.868142 -0.417821 2.611899 6.996589 6.996589 
702.500000 437 2.000000 0.892071 10.358823 3.568278 -3.715689 26.538956 26.538956 
702.500000 438 2.000000 0.299782 10.270369 -0.451753 1.367703 2.074692 2.074692 
702.500000 439 2.000000 0.173827 7.537491 -4.130862 -5.934528 52.282636 52.282636 
702.500000 440 2.000000 0.999999 9.814369 -4.780062 0.077874 22.855058 22.855058 
702.500000 441 2.000000 0.999999 14.940307 -3.017040 0.478044 9.331055 9.331055 
702.500000 442 2.000000 0.197469 10.604029 -0.697852 -4.796748 23.495790 23.495790 
702.500000 443 2.000000 0.383909 3.178901 1.919541 -2.022170 7.773812 7.773812 
702.500000 444 2.000000 0.000001 9.813042 11.140999 -4.419902 143.657399 143.657399 
702.500000 445 2.000000 0.487674 15.017387 -3.415499 0.630022 12.062559 12.062559 
702.500000 446 2.000000 0.611702 19.478300 6.117015 3.982115 53.275108 53.275108 
702.500000 447 2.000000 0.704782 13.313683 -5.904344 2.151258 39.489192 39.489192 
702.500000 448 2.000000 0.490468 11.628202 -0.091016 -1.783858 3.190433 3.190433 
702.500000 449 2.000000 0.000001 14.292252 6.820019 2.299321 51.799544 51.799544 
702.500000 450 2.000000 0.367529 19.079370 2.450188 6.034687 42.420865 42.420865 
702.500000 451 2.000000 0.000001 13.435715 6.745228 4.887374 69.384520 69.384520 
702.500000 452 2.000000 0.838138 12.034530 -3.237220 -7.965469 73.928295 73.928295 
702.500000 453 2.000000 0.187756 5.845332 -2.320695 -1.579991 7.881999 7.881999 
702.500000 454 2.000000 0.753059 0.998536 0.105087 -2.930519 8.598983 8.598983 
702.500000 455 2.000000 0.454907 11.741457 -0.838603 -8.693202 76.275019 76.275019 
702.500000 456 2.000000 0.403130 6.462883 8.062571 -2.264961 70.135095 70.135095 
702.500000 457 2.000000 0.984815 19.680968 0.729492 1.612504 3.132329 3.132329 
702.500000 458 2.000000 0.153200 18.343745 -4.233995 1.213092 19.398305 19.398305 
702.500000 459 2.000000 0.742559 7.731243 -2.574403 -5.942252 41.937916 41.937916 
702.500000 460 2.000000 0.563333 16.037306 -4.366655 9.433709 108.062539 108.062539 
702.500000 461 2.000000 0.698324 16.400929 -3.016755 -0.277930 9.178053 9.178053 
702.500000 462 2.000000 0.688749 1.992860 -1.185798 1.877198 4.929987 4.929987 
702.500000 463 2.000000 0.052989 8.114208 -2.104466 -6.812309 50.836328 50.836328 
702.500000 464 2.000000 0.139481 5.444964 -0.637421 -1.513607 2.697312 2.697312 
702.500000 465 2.000000 0.662243 19.291865 4.414949 -0.648682 19.912560 19.912560 
702.500000 466 2.000000 0.119651 15.895816 -2.054728 -0.325082 4.327584 4.327584 
702.500000 467 2.000000 0.979511 9.322385 5.277628 2.972447 36.688798 36.688798 
702.500000 468 2.000000 0.895612 3.262887 -2.087740 -6.045888 40.911416 40.911416 
702.500000 469 2.000000 0.999999 5.332257 -2.495264 -4.201876 23.882109 23.882109 
702.500000 470 2.000000 0.346527 14.468954 6.930514 -0.488196 48.270363 48.270363 
702.500000 471 2.000000 0.603830 18.039241 -0.344495 0.827087 0.802749 0.802749 
702.500000 472 2.000000 0.892592 15.822546 2.975302 3.787272 23.195856 23.195856 
702.500000 473 2.000000 0.925332 6.557557 3.084436 -2.804674 17.379940 17.379940 
702.500000 474 2.000000 0.217422 17.018042 0.286232 -1.383715 1.996596 1.996596 
702.500000 475 2.000000 0.614528 3.041447 -0.770941 1.382475 2.505589 2.505589 
702.500000 476 2.000000 0.092795 17.960108 -0.118704 0.108451 0.025852 0.025852 
702.500000 477 2.000000 0.724331 1.275470 -0.787622 5.101876 26.649482 26.649482 
702.500000 478 2.000000 0.688609 5.274160 -0.013125 1.406984 1.979776 1.979776 
702.500000 479 2.000000 0.629498 2.959970 6.294973 3.889106 54.751823 54.751823 
702.500000 480 2.000000 0.766837 0.658664 5.112239 4.391083 45.416596 45.416596 
702.500000 481 2.000000 0.181071 7.589410 3.621394 -1.717740 16.065124 16.065124 
702.500000 482 2.000000 0.075362 8.943878 -0.275546 3.093691 9.646851 9.646851 
702.500000 483 2.000000 0.229789 16.311932 1.531917 -5.673949 34.540462 34.540462 
702.500000 484 2.000000 0.311752 9.272505 -1.455172 2.292254 7.371953 7.371953 
702.500000 485 2.000000 0.894534 19.158001 8.945329 1.536236 82.378935 82.378935 
702.500000 486 2.000000 0.977409 12.606347 4.887042 -3.662719 37.298688 37.298688 
702.500000 487 2.000000 0.000001 10.893201 1.724301 -3.327193 14.043426 14.043426 
702.500000 488 2.000000 0.235939 16.465534 -5.093733 1.009688 26.965587 26.965587 
702.500000 489 2.000000 0.557292 13.196138 3.715271 3.652299 27.142527 27.142527 
702.500000 490 2.000000 0.129824 1.626114 0.288496 2.501712 6.341791 6.341791 
702.500000 491 2.000000 0.322968 18.638564 2.153112 -1.089148 5.822134 5.822134 
702.500000 492 2.000000 0.999999 6.858177 -6.171275 -1.727760 41.069793 41.069793 
702.500000 493 2.000000 0.562768 3.247950 0.205174 -1.001868 1.045835 1.045835 
702.500000 494 2.000000 0.133238 15.138040 2.664740 7.374734 61.487546 61.487546 
702.500000 495 2.000000 0.318553 12.581963 -4.542973 -1.250611 22.202629 22.202629 
702.500000 496 2.000000 0.519687 15.737393 5.196863 5.821151 60.893185 60.893185 
702.500000 497 2.000000 0.363459 6.132711 -4.243599 -2.710755 25.356327 25.356327 
702.500000 498 2.000000 0.176057 14.512201 -4.119708 2.554035 23.495089 23.495089 
702.500000 499 2.000000 0.288031 2.534523 2.880298 2.896451 16.685544 16.685544 
702.500000 500 2.000000 0.764854 1.182714 5.099022 -3.749204 40.056554 40.056554 
