393.000000 1 2.000000 4.588960 0.078449 -1.299934 -1.330622 3.460383 3.460383 
393.000000 2 2.000000 1.154925 14.040736 0.200856 0.597478 0.397323 0.397323 
393.000000 3 2.000000 2.031713 18.862832 0.572313 -0.421173 0.504929 0.504929 
393.000000 4 2.000000 3.294846 18.924678 -1.724812 -0.500149 3.225126 3.225126 
393.000000 5 2.000000 1.961458 14.155142 -0.409959 -1.375986 2.061403 2.061403 
393.000000 6 2.000000 4.097729 5.370345 0.496694 0.547994 0.547003 0.547003 
393.000000 7 2.000000 2.696119 19.391627 0.817005 -3.041859 9.920401 9.920401 
393.000000 8 2.000000 0.507960 12.761151 -2.800448 -4.021582 24.015633 24.015633 
393.000000 9 2.000000 2.481355 13.686672 -0.412072 -0.527928 0.448512 0.448512 
393.000000 10 2.000000 4.871216 11.967603 0.077166 0.961253 0.929962 0.929962 
393.000000 11 2.000000 0.050142 3.691850 -0.428339 0.498898 0.432374 0.432374 
393.000000 12 2.000000 1.019533 11.351262 0.926847 -0.210840 0.903499 0.903499 
393.000000 13 2.000000 0.200814 8.024381 -1.370927 -0.976650 2.833288 2.833288 
393.000000 14 2.000000 4.074841 1.660392 -0.398421 -0.022133 0.159229 0.159229 
393.000000 15 2.000000 3.804528 6.683019 0.964337 0.147949 0.951835 0.951835 
393.000000 16 2.000000 1.794318 9.799045 -0.153573 -0.093612 0.032348 0.032348 
393.000000 17 2.000000 4.775994 15.150474 1.425669 2.211748 6.924362 6.924362 
393.000000 18 2.000000 1.789126 18.483866 1.084318 0.050244 1.178271 1.178271 
393.000000 19 2.000000 2.212935 14.135478 -0.351523 -1.066277 1.260514 1.260514 
393.000000 20 2.000000 4.317375 9.253399 -1.399134 0.139633 1.977075 1.977075 
393.000000 21 2.000000 3.044968 8.789208 -0.255315 -0.150742 0.087909 0.087909 
393.000000 22 2.000000 2.240857 9.678250 -1.322156 0.000717 1.748096 1.748096 
393.000000 23 2.000000 4.068636 11.516890 -0.905272 -1.869267 4.313675 4.313675 
393.000000 24 2.000000 1.121773 15.666880 -1.752881 0.653251 3.499328 3.499328 
393.000000 25 2.000000 0.093122 5.783601 0.291831 0.974555 1.034923 1.034923 
393.000000 26 2.000000 1.122050 2.926273 -1.374932 -1.751151 4.956969 4.956969 
393.000000 27 2.000000 1.781840 9.342233 1.619853 -0.979487 3.583320 3.583320 
393.000000 28 2.000000 2.290771 16.828875 -2.560934 1.839221 9.941120 9.941120 
393.000000 29 2.000000 2.593890 6.870857 1.788889 2.369261 8.813520 8.813520 
393.000000 30 2.000000 0.623440 9.712070 -0.591580 0.139519 0.369433 0.369433 
393.000000 31 2.000000 0.575688 8.991624 -1.107446 -1.311896 2.947507 2.947507 
393.000000 32 2.000000 2.286338 11.847636 2.078488 -0.166735 4.347913 4.347913 
393.000000 33 2.000000 3.040824 6.496229 2.537119 -1.395544 8.384514 8.384514 
393.000000 34 2.000000 3.089992 18.984793 -0.033088 -0.676804 0.459158 0.459158 
393.000000 35 2.000000 4.978557 0.970909 0.621872 0.206953 0.429554 0.429554 
393.000000 36 2.000000 4.536315 9.974755 1.230109 0.969898 2.453870 2.453870 
393.000000 37 2.000000 0.762300 16.326535 0.635249 0.516615 0.670432 0.670432 
393.000000 38 2.000000 1.209955 3.367289 0.465367 1.464038 2.359975 2.359975 
393.000000 39 2.000000 4.245502 12.797517 -1.300303 0.485577 1.926574 1.926574 
393.000000 40 2.000000 1.278153 11.585363 -2.843812 -0.441713 8.282376 8.282376 
393.000000 41 2.000000 2.253305 17.356904 -2.594994 -3.109523 16.403130 16.403130 
393.000000 42 2.000000 2.907587 0.546055 2.422988 -0.548513 6.171738 6.171738 
393.000000 43 2.000000 4.726921 1.109316 -3.428776 1.232572 13.275736 13.275736 
393.000000 44 2.000000 4.848167 7.362017 1.065531 0.494825 1.380208 1.380208 
393.000000 45 2.000000 2.657345 11.434140 3.126287 0.869373 10.529478 10.529478 
393.000000 46 2.000000 2.191947 12.764975 3.372225 -1.066486 12.509294 12.509294 
393.000000 47 2.000000 0.733410 1.339469 -0.876708 -1.539679 3.139228 3.139228 
393.000000 48 2.000000 4.854939 12.312294 0.208815 -2.606002 6.834849 6.834849 
393.000000 49 2.000000 2.570022 15.135694 0.626834 -0.944525 1.285049 1.285049 
393.000000 50 2.000000 1.864629 5.889351 -1.181346 -2.075095 5.701600 5.701600 
393.000000 51 2.000000 4.154065 4.709195 0.663808 2.854057 8.586281 8.586281 
393.000000 52 2.000000 4.584145 11.361223 -0.408657 0.656642 0.598179 0.598179 
393.000000 53 2.000000 0.256834 18.919173 1.027332 0.028294 1.056211 1.056211 
393.000000 54 2.000000 4.406754 16.514467 0.242129 -0.179667 0.090907 0.090907 
393.000000 55 2.000000 4.320137 10.843882 -2.169035 -0.263970 4.774391 4.774391 
393.000000 56 2.000000 1.528355 2.286970 -2.320351 -0.701068 5.875525 5.875525 
393.000000 57 2.000000 4.847951 17.988030 1.150382 1.224336 2.822378 2.822378 
393.000000 58 2.000000 1.163108 13.143092 -1.539112 -0.788150 2.990046 2.990046 
393.000000 59 2.000000 2.778516 10.634058 0.616950 1.569543 2.844093 2.844093 
393.000000 60 2.000000 2.980461 0.575709 -2.024226 0.250308 4.160146 4.160146 
393.000000 61 2.000000 0.193921 11.689416 3.878394 2.959346 23.799668 23.799668 
393.000000 62 2.000000 1.661078 1.993600 0.481472 -3.565624 12.945486 12.945486 
393.000000 63 2.000000 2.394410 12.575436 -0.247536 -0.593965 0.414069 0.414069 
393.000000 64 2.000000 1.072311 6.356733 2.382912 0.521222 5.949941 5.949941 
393.000000 65 2.000000 1.684392 11.360450 -0.759504 0.664405 1.018280 1.018280 
393.000000 66 2.000000 2.655869 7.812044 2.414426 0.565650 6.149411 6.149411 
393.000000 67 2.000000 0.974895 18.694897 -2.517457 0.508096 6.595751 6.595751 
393.000000 68 2.000000 2.505368 13.059129 0.334049 1.718306 3.064165 3.064165 
393.000000 69 2.000000 4.301673 15.696881 0.632412 0.188308 0.435404 0.435404 
393.000000 70 2.000000 1.586169 15.153097 0.480657 0.202620 0.272086 0.272086 
393.000000 71 2.000000 1.973349 0.117392 -2.243846 -1.643791 7.736891 7.736891 
393.000000 72 2.000000 1.383129 19.756669 -0.925439 -0.442417 1.052170 1.052170 
393.000000 73 2.000000 0.931432 15.795363 1.330615 -0.227709 1.822388 1.822388 
393.000000 74 2.000000 1.441423 10.281587 -2.626983 -0.609305 7.272291 7.272291 
393.000000 75 2.000000 4.625134 0.993736 2.983957 1.528823 11.241298 11.241298 
393.000000 76 2.000000 2.554036 15.371430 -1.970279 -0.077900 3.888069 3.888069 
393.000000 77 2.000000 0.977466 1.790437 0.173701 -0.592730 0.381501 0.381501 
393.000000 78 2.000000 4.112146 12.713858 -2.157674 2.154891 9.299111 9.299111 
393.000000 79 2.000000 1.880506 3.244373 -2.586394 0.454061 6.895607 6.895607 
393.000000 80 2.000000 3.721478 7.565645 0.279131 -0.201626 0.118567 0.118567 
393.000000 81 2.000000 3.171516 4.208201 -1.760257 -2.265287 8.230033 8.230033 
393.000000 82 2.000000 0.587775 10.005110 -0.264976 0.500540 0.320753 0.320753 
393.000000 83 2.000000 2.155587 18.834394 -3.271791 1.541105 13.079620 13.079620 
393.000000 84 2.000000 3.424948 11.713676 -0.585017 -1.841405 3.733018 3.733018 
393.000000 85 2.000000 0.845641 15.612520 -0.335161 0.886410 0.898056 0.898056 
393.000000 86 2.000000 0.565440 4.814564 0.838589 -0.858676 1.440556 1.440556 
393.000000 87 2.000000 1.208705 5.487156 -0.009792 -1.014884 1.030086 1.030086 
393.000000 88 2.000000 0.827945 5.912402 2.759814 0.543686 7.912167 7.912167 
393.000000 89 2.000000 0.702876 12.689811 0.195030 0.384240 0.185677 0.185677 
393.000000 90 2.000000 2.666233 9.885617 -0.895059 2.907534 9.254886 9.254886 
393.000000 91 2.000000 1.482305 13.728654 0.050483 -1.172214 1.376634 1.376634 
393.000000 92 2.000000 1.150856 9.216726 -0.543180 -2.223355 5.238352 5.238352 
393.000000 93 2.000000 1.284270 18.926861 -1.928864 -1.129619 4.996557 4.996557 
393.000000 94 2.000000 2.821236 11.965679 0.460660 -1.078294 1.374927 1.374927 
393.000000 95 2.000000 2.807444 5.360689 0.306824 -0.428557 0.277802 0.277802 
393.000000 96 2.000000 2.845562 4.992302 0.477362 -0.543300 0.523049 0.523049 
393.000000 97 2.000000 3.214105 3.769137 -1.889894 0.158644 3.596866 3.596866 
393.000000 98 2.000000 1.378587 9.061430 0.950749 1.029708 1.964222 1.964222 
393.000000 99 2.000000 0.000001 18.315510 1.660495 -0.802138 3.400670 3.400670 
393.000000 100 2.000000 0.699438 13.988077 -4.889735 -2.732692 31.377111 31.377111 
393.000000 101 2.000000 2.983523 10.260011 2.386818 -0.740683 6.245511 6.245511 
393.000000 102 2.000000 4.770633 6.300540 -2.991661 -3.113513 18.643999 18.643999 
393.000000 103 2.000000 1.411419 12.108297 0.688496 1.513537 2.764822 2.764822 
393.000000 104 2.000000 4.686017 6.658211 -1.557927 0.121208 2.441829 2.441829 
393.000000 105 2.000000 3.492713 9.562473 -1.611286 -3.677719 16.121862 16.121862 
393.000000 106 2.000000 2.073518 14.116005 2.303907 -0.346467 5.428028 5.428028 
393.000000 107 2.000000 0.781434 0.932941 1.420787 1.243919 3.565970 3.565970 
393.000000 108 2.000000 3.993429 11.370310 -3.102484 0.002356 9.625416 9.625416 
393.000000 109 2.000000 0.877080 14.629327 -1.389264 2.589261 8.634329 8.634329 
393.000000 110 2.000000 1.074964 8.449860 -0.604104 -0.978431 1.322270 1.322270 
393.000000 111 2.000000 4.842918 9.408073 -0.186721 -2.983641 8.936980 8.936980 
393.000000 112 2.000000 2.352848 19.582070 -0.597339 0.949060 1.257530 1.257530 
393.000000 113 2.000000 3.393022 19.743281 -1.896863 -1.026874 4.652559 4.652559 
393.000000 114 2.000000 0.003800 16.855723 -0.097699 0.579587 0.345466 0.345466 
393.000000 115 2.000000 1.568005 19.629171 -2.836395 0.755401 8.615767 8.615767 
393.000000 116 2.000000 4.441755 17.252233 -0.998375 0.344166 1.115203 1.115203 
393.000000 117 2.000000 4.129677 15.146365 -0.889202 1.047167 1.887237 1.887237 
393.000000 118 2.000000 0.161383 4.367234 -0.848680 0.919418 1.565587 1.565587 
393.000000 119 2.000000 3.647242 9.505441 -0.343109 0.810503 0.774639 0.774639 
393.000000 120 2.000000 4.621636 12.803019 4.864879 -0.271207 23.740605 23.740605 
393.000000 121 2.000000 4.435887 6.102790 -0.070741 -0.450326 0.207798 0.207798 
393.000000 122 2.000000 4.139630 11.971416 2.759753 -0.939016 8.497985 8.497985 
393.000000 123 2.000000 2.183964 10.107003 -2.269791 -1.612479 7.752038 7.752038 
393.000000 124 2.000000 2.713279 7.246471 -2.278685 2.734517 12.669989 12.669989 
393.000000 125 2.000000 3.684392 17.156668 -0.081808 0.080473 0.013168 0.013168 
393.000000 126 2.000000 2.040561 15.657987 -3.399598 1.061368 12.683767 12.683767 
393.000000 127 2.000000 2.137964 0.260440 1.375683 1.361442 3.746030 3.746030 
393.000000 128 2.000000 3.175608 3.871561 -2.946293 -2.223859 13.626192 13.626192 
393.000000 129 2.000000 3.721481 4.050503 3.544267 -2.265928 17.696256 17.696256 
393.000000 130 2.000000 2.058584 19.866495 -1.040472 -2.670081 8.211916 8.211916 
393.000000 131 2.000000 0.595353 6.009924 2.381409 2.731783 13.133746 13.133746 
393.000000 132 2.000000 0.980183 16.727705 -0.528535 -1.117626 1.528438 1.528438 
393.000000 133 2.000000 0.351808 14.957752 0.037816 -0.761972 0.582031 0.582031 
393.000000 134 2.000000 1.828267 8.324130 1.741206 -0.562101 3.347755 3.347755 
393.000000 135 2.000000 1.146408 1.899140 0.204716 3.165232 10.060600 10.060600 
393.000000 136 2.000000 1.536441 7.954123 2.363754 -1.129727 6.863616 6.863616 
393.000000 137 2.000000 1.162811 18.221817 -0.180982 1.035475 1.104964 1.104964 
393.000000 138 2.000000 2.626173 14.147962 -1.562891 1.107579 3.669361 3.669361 
393.000000 139 2.000000 0.558383 4.911715 2.791908 -0.799686 8.434247 8.434247 
393.000000 140 2.000000 0.196230 19.239286 -0.032550 -1.086733 1.182049 1.182049 
393.000000 141 2.000000 4.704351 10.678151 0.243029 -0.119537 0.073352 0.073352 
393.000000 142 2.000000 0.588267 8.681152 2.941332 0.491850 8.893352 8.893352 
393.000000 143 2.000000 4.164640 7.336828 -1.840719 1.202759 4.834874 4.834874 
393.000000 144 2.000000 0.832759 8.269737 -0.002074 1.453482 2.112614 2.112614 
393.000000 145 2.000000 2.255350 7.681671 0.902139 -0.262854 0.882948 0.882948 
393.000000 146 2.000000 4.737480 4.690171 0.957066 -1.611866 3.514088 3.514088 
393.000000 147 2.000000 1.540187 7.117566 0.754881 -1.820728 3.884897 3.884897 
393.000000 148 2.000000 1.324790 4.982580 -4.194899 1.294176 19.272069 19.272069 
393.000000 149 2.000000 2.245312 6.812161 0.376435 -0.064841 0.145908 0.145908 
393.000000 150 2.000000 3.149685 9.241033 -0.165117 0.541812 0.320824 0.320824 
393.000000 151 2.000000 4.991546 1.593412 -1.527063 0.838637 3.035234 3.035234 
393.000000 152 2.000000 1.160722 14.869756 -1.875594 -2.042061 7.687867 7.687867 
393.000000 153 2.000000 4.204214 9.417816 3.503511 1.104910 13.495418 13.495418 
393.000000 154 2.000000 2.663498 16.659008 -0.999000 -0.805058 1.646120 1.646120 
393.000000 155 2.000000 2.765316 10.633787 -2.203410 0.870162 5.612196 5.612196 
393.000000 156 2.000000 2.659584 13.143693 -2.869076 1.904883 11.860177 11.860177 
393.000000 157 2.000000 3.082857 0.840620 -0.153010 -1.516112 2.322008 2.322008 
393.000000 158 2.000000 1.439167 18.610191 1.439166 0.265605 2.141745 2.141745 
393.000000 159 2.000000 0.197612 16.945121 1.317407 0.653196 2.162227 2.162227 
393.000000 160 2.000000 2.740361 0.009393 -2.502817 -0.643397 6.678051 6.678051 
393.000000 161 2.000000 3.086283 16.059155 -0.495972 1.974209 4.143490 4.143490 
393.000000 162 2.000000 1.658529 11.270159 -0.289087 1.094806 1.282172 1.282172 
393.000000 163 2.000000 1.387733 13.794446 -2.336916 -0.130664 5.478251 5.478251 
393.000000 164 2.000000 3.118893 8.872151 -0.116693 -1.429410 2.056830 2.056830 
393.000000 165 2.000000 4.355456 15.967090 0.188084 1.441642 2.113707 2.113707 
393.000000 166 2.000000 0.356815 16.631802 1.427255 1.491349 4.261177 4.261177 
393.000000 167 2.000000 4.133833 19.737812 -0.814805 0.414011 0.835312 0.835312 
393.000000 168 2.000000 2.700745 6.012709 1.742415 -0.624546 3.426069 3.426069 
393.000000 169 2.000000 2.323273 4.448261 -0.683347 -0.162394 0.493335 0.493335 
393.000000 170 2.000000 2.539782 8.433080 -0.452134 -1.058864 1.325619 1.325619 
393.000000 171 2.000000 1.353199 7.105100 1.933139 -0.537276 4.025693 4.025693 
393.000000 172 2.000000 1.569807 13.346271 2.242580 -1.684488 7.866666 7.866666 
393.000000 173 2.000000 2.407542 11.710550 -0.202922 0.471109 0.263121 0.263121 
393.000000 174 2.000000 4.192674 15.432830 -0.911325 0.364737 0.963547 0.963547 
393.000000 175 2.000000 0.665105 18.457579 -0.334356 -0.244829 0.171735 0.171735 
393.000000 176 2.000000 1.955108 1.605785 -1.519377 -1.447805 4.404646 4.404646 
393.000000 177 2.000000 4.050952 14.936422 1.653450 -1.947529 6.526766 6.526766 
393.000000 178 2.000000 3.295874 9.214117 0.387750 0.256004 0.215888 0.215888 
393.000000 179 2.000000 3.887208 17.089349 -0.206399 -0.240550 0.100465 0.100465 
393.000000 180 2.000000 1.176906 6.786331 -1.426962 -2.202278 6.886248 6.886248 
393.000000 181 2.000000 1.974570 19.732489 1.645474 -0.486382 2.944152 2.944152 
393.000000 182 2.000000 3.671546 3.962189 2.159732 -0.773934 5.263416 5.263416 
393.000000 183 2.000000 1.748416 2.681631 0.215547 -0.530511 0.327902 0.327902 
393.000000 184 2.000000 0.182189 18.660203 -1.846818 2.267652 8.552985 8.552985 
393.000000 185 2.000000 4.890896 10.431480 -0.029929 -3.189506 10.173847 10.173847 
393.000000 186 2.000000 0.550009 13.413031 -0.613285 -0.535526 0.662907 0.662907 
393.000000 187 2.000000 1.081038 15.008126 -3.503184 -0.372528 12.411074 12.411074 
393.000000 188 2.000000 2.794025 0.000001 -0.316770 2.373512 5.733904 5.733904 
393.000000 189 2.000000 1.872761 7.127061 1.373235 2.872842 10.138994 10.138994 
393.000000 190 2.000000 0.629305 5.205431 -0.498057 0.078243 0.254183 0.254183 
393.000000 191 2.000000 3.164735 17.248396 2.637278 -1.528668 9.292064 9.292064 
393.000000 192 2.000000 1.413882 0.949086 0.912181 -0.704285 1.328092 1.328092 
393.000000 193 2.000000 1.834449 5.873190 1.467558 -0.544925 2.450671 2.450671 
393.000000 194 2.000000 2.952213 19.085800 1.230088 0.213540 1.558716 1.558716 
393.000000 195 2.000000 4.794530 13.601376 1.423107 1.921938 5.719079 5.719079 
393.000000 196 2.000000 5.030881 14.189004 1.765221 -1.509349 5.394141 5.394141 
393.000000 197 2.000000 2.457929 7.583932 -1.245131 -0.744507 2.104642 2.104642 
393.000000 198 2.000000 4.838001 0.048975 1.612667 0.979476 3.560067 3.560067 
393.000000 199 2.000000 3.763790 15.548874 -1.340209 1.041157 2.880167 2.880167 
393.000000 200 2.000000 2.263825 4.518057 0.158345 -0.397169 0.182816 0.182816 
393.000000 201 2.000000 2.714614 5.499264 2.169038 -2.547568 11.194833 11.194833 
393.000000 202 2.000000 1.544077 7.444140 1.816560 -1.977301 7.209609 7.209609 
393.000000 203 2.000000 3.557668 16.568453 -0.196441 0.018288 0.038923 0.038923 
393.000000 204 2.000000 3.546857 19.172001 0.762765 -0.788569 1.203652 1.203652 
393.000000 205 2.000000 1.529096 3.557725 0.106187 1.581211 2.511503 2.511503 
393.000000 206 2.000000 2.241607 4.420416 0.339637 2.389413 5.824650 5.824650 
393.000000 207 2.000000 2.517484 0.173671 0.012261 -1.835771 3.370206 3.370206 
393.000000 208 2.000000 4.007699 9.005434 -0.068787 -0.886406 0.790447 0.790447 
393.000000 209 2.000000 0.934249 5.304875 1.557080 -2.744620 9.957437 9.957437 
393.000000 210 2.000000 3.989964 9.846155 0.985176 0.434709 1.159544 1.159544 
393.000000 211 2.000000 3.419396 8.188055 -1.469829 1.396664 4.111065 4.111065 
393.000000 212 2.000000 0.000001 2.958777 1.366597 -0.563137 2.184710 2.184710 
393.000000 213 2.000000 1.369716 1.133284 0.547886 -1.159492 1.644601 1.644601 
393.000000 214 2.000000 1.277342 3.110579 -0.702677 1.637146 3.174003 3.174003 
393.000000 215 2.000000 1.695125 3.401723 -0.001767 0.883564 0.780689 0.780689 
393.000000 216 2.000000 4.820399 7.755116 1.155985 0.901653 2.149280 2.149280 
393.000000 217 2.000000 0.858194 9.448488 -3.863278 0.512395 15.187463 15.187463 
393.000000 218 2.000000 2.889532 16.841101 1.099339 0.001382 1.208549 1.208549 
393.000000 219 2.000000 4.653961 5.024686 1.082316 -0.427896 1.354503 1.354503 
393.000000 220 2.000000 3.041510 0.000001 -1.292085 0.646409 2.087328 2.087328 
393.000000 221 2.000000 1.380793 0.330531 -0.575986 -0.519482 0.601621 0.601621 
393.000000 222 2.000000 0.386659 12.177715 2.096284 1.190992 5.812869 5.812869 
393.000000 223 2.000000 3.335513 17.250983 0.386620 -0.999642 1.148760 1.148760 
393.000000 224 2.000000 4.139995 1.681619 -1.462621 -1.980365 6.061108 6.061108 
393.000000 225 2.000000 0.142677 7.637148 -1.224343 0.492180 1.741256 1.741256 
393.000000 226 2.000000 3.051507 18.147252 0.361125 1.182258 1.528145 1.528145 
393.000000 227 2.000000 4.178975 15.762047 0.264436 1.400817 2.032215 2.032215 
393.000000 228 2.000000 0.403819 12.168589 -0.383724 -0.111304 0.159633 0.159633 
393.000000 229 2.000000 0.101897 5.797608 -0.267868 -0.176168 0.102788 0.102788 
393.000000 230 2.000000 0.844887 2.293951 -2.097079 -1.380071 6.302337 6.302337 
393.000000 231 2.000000 3.568613 3.293305 -2.046564 -0.328513 4.296344 4.296344 
393.000000 232 2.000000 2.862960 11.774180 -1.112653 -1.394207 3.181809 3.181809 
393.000000 233 2.000000 3.465079 17.762188 1.066178 0.749142 1.697948 1.697948 
393.000000 234 2.000000 0.521068 16.570229 -1.283186 -0.770735 2.240600 2.240600 
393.000000 235 2.000000 3.587102 19.999999 1.328556 -0.694073 2.246798 2.246798 
393.000000 236 2.000000 0.894952 16.082400 -2.182205 -0.627486 5.155757 5.155757 
393.000000 237 2.000000 1.294002 18.834093 -2.133554 0.804667 5.199542 5.199542 
393.000000 238 2.000000 4.660210 17.382986 -0.849579 0.858341 1.458534 1.458534 
393.000000 239 2.000000 0.788669 19.764772 -1.111109 -1.176137 2.617861 2.617861 
393.000000 240 2.000000 4.731074 4.270497 -0.707849 -2.027721 4.612701 4.612701 
393.000000 241 2.000000 1.318499 4.576192 0.585999 -1.233905 1.865916 1.865916 
393.000000 242 2.000000 1.866703 3.700654 2.196120 0.725618 5.349464 5.349464 
393.000000 243 2.000000 3.161116 17.561773 0.387867 -0.727829 0.680175 0.680175 
393.000000 244 2.000000 1.566238 2.451644 -1.832749 -0.908957 4.185173 4.185173 
393.000000 245 2.000000 0.252318 10.245087 -0.524230 -1.466904 2.426625 2.426625 
393.000000 246 2.000000 3.133632 11.212562 -0.234011 1.941303 3.823419 3.823419 
393.000000 247 2.000000 4.013892 4.590158 -1.541010 2.961392 11.144552 11.144552 
393.000000 248 2.000000 5.065999 16.244805 -2.493549 1.846000 9.625503 9.625503 
393.000000 249 2.000000 4.882938 2.234913 -0.648204 -0.136485 0.438797 0.438797 
393.000000 250 2.000000 0.038424 17.448593 0.256156 -1.759590 3.161774 3.161774 
393.000000 251 2.000000 4.762996 15.175708 -2.058017 0.966606 5.169760 5.169760 
393.000000 252 2.000000 3.387700 8.457799 -1.636380 2.349388 8.197365 8.197365 
393.000000 253 2.000000 4.694070 3.238764 -0.025382 -0.792707 0.629028 0.629028 
393.000000 254 2.000000 2.582008 12.249522 -0.615672 -1.347909 2.195911 2.195911 
393.000000 255 2.000000 2.567199 17.284330 2.852442 0.355334 8.262687 8.262687 
393.000000 256 2.000000 4.227948 5.390986 0.909236 -2.518795 7.171040 7.171040 
393.000000 257 2.000000 2.908666 13.846408 2.529274 0.312523 6.494898 6.494898 
393.000000 258 2.000000 4.095914 11.433183 0.284438 0.440585 0.275020 0.275020 
393.000000 259 2.000000 1.622957 17.093111 0.044415 -1.614938 2.609997 2.609997 
393.000000 260 2.000000 1.929918 14.684492 2.573222 2.694402 13.881274 13.881274 
393.000000 261 2.000000 0.177707 16.464604 0.888528 -1.309406 2.504026 2.504026 
393.000000 262 2.000000 0.929223 5.789299 -1.918353 0.360356 3.809935 3.809935 
393.000000 263 2.000000 0.000001 11.068355 1.589498 -0.935914 3.402440 3.402440 
393.000000 264 2.000000 1.332867 6.373198 0.467672 -0.976832 1.172917 1.172917 
393.000000 265 2.000000 2.204059 7.297501 0.286058 0.506645 0.338519 0.338519 
393.000000 266 2.000000 4.128094 5.252103 1.684936 -0.832550 3.532150 3.532150 
393.000000 267 2.000000 1.546648 19.669929 1.819585 3.386780 14.781166 14.781166 
393.000000 268 2.000000 0.209205 9.681358 4.184076 -1.206859 18.963003 18.963003 
393.000000 269 2.000000 4.392133 0.985107 1.514528 -1.325080 4.049632 4.049632 
393.000000 270 2.000000 3.714858 6.314313 1.370711 -2.113849 6.347206 6.347206 
393.000000 271 2.000000 0.727860 19.111907 1.455718 0.298504 2.208219 2.208219 
393.000000 272 2.000000 1.800822 19.726957 2.770494 -0.237428 7.732007 7.732007 
393.000000 273 2.000000 1.160639 15.756509 -1.122822 -1.664114 4.030004 4.030004 
393.000000 274 2.000000 0.538261 5.295404 2.691298 -1.771638 10.381784 10.381784 
393.000000 275 2.000000 4.428722 2.358160 -0.644930 2.620177 7.281262 7.281262 
393.000000 276 2.000000 3.446663 12.862504 0.999032 0.967106 1.933359 1.933359 
393.000000 277 2.000000 4.876269 4.899296 1.161032 -0.783950 1.962573 1.962573 
393.000000 278 2.000000 4.421901 1.988738 -1.209087 0.391742 1.615353 1.615353 
393.000000 279 2.000000 3.212645 19.098058 -1.463657 -0.949411 3.043672 3.043672 
393.000000 280 2.000000 0.499535 2.543646 3.330226 -0.153080 11.113841 11.113841 
393.000000 281 2.000000 0.300607 7.400474 1.002019 0.267212 1.075444 1.075444 
393.000000 282 2.000000 1.089644 10.697778 0.871714 1.893412 4.344894 4.344894 
393.000000 283 2.000000 3.931687 2.007260 1.014775 1.486859 3.240516 3.240516 
393.000000 284 2.000000 1.379106 4.699855 -3.110411 2.540462 16.128600 16.128600 
393.000000 285 2.000000 0.870240 9.668228 -0.770255 1.411917 2.586801 2.586801 
393.000000 286 2.000000 0.496212 1.551207 -1.020750 -1.104718 2.262332 2.262332 
393.000000 287 2.000000 4.155129 13.571174 0.419296 1.831856 3.531507 3.531507 
393.000000 288 2.000000 0.500758 4.760816 0.556396 1.220722 1.799739 1.799739 
393.000000 289 2.000000 3.963621 9.122861 -0.582901 3.665917 13.778721 13.778721 
393.000000 290 2.000000 0.199037 8.082625 0.995178 0.293519 1.076532 1.076532 
393.000000 291 2.000000 1.890294 12.363090 0.022419 -1.697091 2.880620 2.880620 
393.000000 292 2.000000 1.921796 18.438495 -3.531559 -1.000071 13.472052 13.472052 
393.000000 293 2.000000 1.714336 0.674581 -0.956264 -0.072509 0.919698 0.919698 
393.000000 294 2.000000 3.860342 1.698370 2.031758 0.103947 4.138846 4.138846 
393.000000 295 2.000000 1.687525 3.140367 1.776342 -0.570948 3.481372 3.481372 
393.000000 296 2.000000 3.287808 3.266816 2.435413 -0.752422 6.497373 6.497373 
393.000000 297 2.000000 4.309974 5.161493 -1.928064 -0.232591 3.771527 3.771527 
393.000000 298 2.000000 3.070290 18.352343 -1.773399 -1.432745 5.197700 5.197700 
393.000000 299 2.000000 3.566611 5.372198 -1.912235 -0.312246 3.754139 3.754139 
393.000000 300 2.000000 1.009453 19.275030 3.364839 1.828788 14.666606 14.666606 
393.000000 301 2.000000 3.461007 9.645376 0.690810 -0.703966 0.972787 0.972787 
393.000000 302 2.000000 3.300343 7.059274 1.375143 1.645288 4.597991 4.597991 
393.000000 303 2.000000 1.992814 10.895122 -0.020867 0.112924 0.013187 0.013187 
393.000000 304 2.000000 3.500375 7.293961 0.263186 1.823490 3.394383 3.394383 
393.000000 305 2.000000 0.143156 12.773785 -2.225930 -1.953031 8.769095 8.769095 
393.000000 306 2.000000 1.146493 18.598061 -1.997753 -2.336563 9.450543 9.450543 
393.000000 307 2.000000 5.007111 19.658469 1.342556 -0.569216 2.126464 2.126464 
393.000000 308 2.000000 3.366181 0.634139 -2.304424 0.975598 6.262159 6.262159 
393.000000 309 2.000000 0.237955 16.078549 2.379544 1.659823 8.417242 8.417242 
393.000000 310 2.000000 4.988316 14.690303 -0.555887 -2.953430 9.031758 9.031758 
393.000000 311 2.000000 4.836814 3.940062 1.666695 1.677732 5.592658 5.592658 
393.000000 312 2.000000 4.591336 0.793701 2.354531 -0.408373 5.710583 5.710583 
393.000000 313 2.000000 0.177512 10.657706 -1.444475 0.142620 2.106850 2.106850 
393.000000 314 2.000000 3.807340 8.244230 -3.184648 0.500660 10.392641 10.392641 
393.000000 315 2.000000 1.316824 6.269216 0.286127 -0.034111 0.083032 0.083032 
393.000000 316 2.000000 4.840554 19.140377 -0.303229 -0.058677 0.095391 0.095391 
393.000000 317 2.000000 0.824712 7.127210 -2.532874 -0.526244 6.692386 6.692386 
393.000000 318 2.000000 1.514191 8.553330 -2.011227 -0.834611 4.741609 4.741609 
393.000000 319 2.000000 2.177373 3.243127 -1.381547 -0.227188 1.960286 1.960286 
393.000000 320 2.000000 4.943792 7.377118 -0.852716 2.499262 6.973438 6.973438 
393.000000 321 2.000000 1.895225 11.878544 -1.359156 1.077918 3.009211 3.009211 
393.000000 322 2.000000 0.000001 12.491161 1.080210 0.560142 1.480612 1.480612 
393.000000 323 2.000000 5.009493 8.093311 -0.132176 -0.400716 0.178044 0.178044 
393.000000 324 2.000000 1.200050 16.725297 -2.704172 -0.153498 7.336107 7.336107 
393.000000 325 2.000000 4.503528 19.239023 0.692336 1.055517 1.593445 1.593445 
393.000000 326 2.000000 3.332127 16.270002 -1.689306 0.360398 2.983643 2.983643 
393.000000 327 2.000000 3.928457 5.327654 1.265125 -0.072876 1.605851 1.605851 
393.000000 328 2.000000 4.599514 0.223992 -1.006701 1.783908 4.195777 4.195777 
393.000000 329 2.000000 1.544876 9.501079 -1.211708 -2.307455 6.792583 6.792583 
393.000000 330 2.000000 2.252973 8.730465 -0.103787 -1.191109 1.429513 1.429513 
393.000000 331 2.000000 3.367697 7.826464 -1.133679 2.484591 7.458422 7.458422 
393.000000 332 2.000000 1.218635 18.470492 -1.827472 -0.221668 3.388789 3.388789 
393.000000 333 2.000000 3.424753 4.731590 -2.072832 -4.085704 20.989612 20.989612 
393.000000 334 2.000000 3.723203 13.360060 2.567725 -0.040153 6.594825 6.594825 
393.000000 335 2.000000 1.755465 2.663077 0.675730 -2.804385 8.321185 8.321185 
393.000000 336 2.000000 1.924815 13.555457 -0.978260 -0.557425 1.267715 1.267715 
393.000000 337 2.000000 2.845514 16.041066 0.592237 2.675500 7.509044 7.509044 
393.000000 338 2.000000 0.330006 16.268437 3.300046 3.952371 26.511535 26.511535 
393.000000 339 2.000000 0.796699 18.104487 -0.036507 1.336124 1.786561 1.786561 
393.000000 340 2.000000 1.393411 5.407625 -1.072532 1.423059 3.175421 3.175421 
393.000000 341 2.000000 0.743544 16.811584 2.974172 1.769785 11.977839 11.977839 
393.000000 342 2.000000 1.928237 9.887554 -1.053823 -0.616365 1.490449 1.490449 
393.000000 343 2.000000 3.026148 5.270596 -1.312907 0.000015 1.723724 1.723724 
393.000000 344 2.000000 1.575867 4.040280 -0.624577 -2.127962 4.918321 4.918321 
393.000000 345 2.000000 0.919564 4.800981 -1.492889 0.301660 2.319717 2.319717 
393.000000 346 2.000000 1.467141 8.928268 1.011821 -0.481948 1.256055 1.256055 
393.000000 347 2.000000 4.509885 19.060268 0.644269 0.782802 1.027862 1.027862 
393.000000 348 2.000000 3.139272 13.186431 0.896250 -1.086458 1.983655 1.983655 
393.000000 349 2.000000 1.714467 5.991293 0.404354 -0.141354 0.183483 0.183483 
393.000000 350 2.000000 5.003431 7.091516 3.032382 -0.312314 9.292878 9.292878 
393.000000 351 2.000000 4.709620 8.888548 -3.601786 -0.020735 12.973291 12.973291 
393.000000 352 2.000000 3.616596 15.391779 -0.682179 -1.675716 3.273393 3.273393 
393.000000 353 2.000000 0.505222 7.917184 0.918583 -0.510781 1.104693 1.104693 
393.000000 354 2.000000 3.522713 6.590652 1.601233 1.464589 4.708967 4.708967 
393.000000 355 2.000000 3.132462 9.311072 0.113921 0.191231 0.049547 0.049547 
393.000000 356 2.000000 0.787218 17.017652 -0.686300 0.666371 0.915058 0.915058 
393.000000 357 2.000000 1.282467 0.448572 -0.602706 2.990470 9.306166 9.306166 
393.000000 358 2.000000 0.118835 6.814402 -2.016866 -0.573438 4.396579 4.396579 
393.000000 359 2.000000 2.757624 12.230231 0.666288 0.513201 0.707314 0.707314 
393.000000 360 2.000000 1.932753 11.129675 -0.436309 -2.058768 4.428889 4.428889 
393.000000 361 2.000000 3.313438 19.079792 0.006426 0.230921 0.053366 0.053366 
393.000000 362 2.000000 4.500691 8.419577 0.017015 -0.332873 0.111094 0.111094 
393.000000 363 2.000000 3.308018 17.862929 -1.566679 1.508773 4.730878 4.730878 
393.000000 364 2.000000 0.908891 4.655147 -0.194695 -0.666417 0.482018 0.482018 
393.000000 365 2.000000 0.598497 14.241379 -0.690190 -1.199712 1.915672 1.915672 
393.000000 366 2.000000 3.762919 1.550930 -0.841760 -0.222715 0.758161 0.758161 
393.000000 367 2.000000 2.499622 3.457478 -1.006444 -1.827903 4.354158 4.354158 
393.000000 368 2.000000 2.121867 9.781982 0.236775 0.804386 0.703099 0.703099 
393.000000 369 2.000000 0.037187 3.370354 0.743717 -1.614529 3.159818 3.159818 
393.000000 370 2.000000 3.694088 3.031927 -1.093316 -0.132476 1.212891 1.212891 
393.000000 371 2.000000 1.155795 1.768664 -0.827940 1.219768 2.173318 2.173318 
393.000000 372 2.000000 4.590267 3.624294 1.582850 0.188318 2.540879 2.540879 
393.000000 373 2.000000 5.063934 18.662885 0.976215 -0.430748 1.138539 1.138539 
393.000000 374 2.000000 1.860265 9.804389 -0.291716 2.761800 7.712635 7.712635 
393.000000 375 2.000000 2.660462 5.313336 0.106204 1.041830 1.096690 1.096690 
393.000000 376 2.000000 4.241149 16.048890 -1.412750 2.395357 7.733597 7.733597 
393.000000 377 2.000000 2.966895 19.477753 -0.039967 0.051111 0.004210 0.004210 
393.000000 378 2.000000 4.605565 16.182995 -0.958869 1.973536 4.814273 4.814273 
393.000000 379 2.000000 4.978484 15.972384 1.199634 -0.813660 2.101164 2.101164 
393.000000 380 2.000000 3.880010 1.495337 0.307329 -0.968575 1.032589 1.032589 
393.000000 381 2.000000 0.508266 5.690868 -0.472070 1.835763 3.592877 3.592877 
393.000000 382 2.000000 3.084174 5.192082 -0.076061 -0.385693 0.154544 0.154544 
393.000000 383 2.000000 1.627319 15.727712 -2.585170 1.238402 8.216746 8.216746 
393.000000 384 2.000000 4.548511 3.307796 -2.107952 -0.332406 4.553957 4.553957 
393.000000 385 2.000000 0.293181 0.071355 -4.015349 -0.626915 16.516047 16.516047 
393.000000 386 2.000000 3.565285 15.284911 -0.075014 0.946434 0.901365 0.901365 
393.000000 387 2.000000 0.886851 6.311082 -0.334928 -1.654085 2.848173 2.848173 
393.000000 388 2.000000 0.405064 2.171114 0.012108 -1.832452 3.358027 3.358027 
393.000000 389 2.000000 3.793899 14.170689 1.059004 -1.226241 2.625158 2.625158 
393.000000 390 2.000000 3.399200 13.700508 -1.228571 1.712563 4.442260 4.442260 
393.000000 391 2.000000 3.222559 4.833232 2.894242 1.577138 10.864000 10.864000 
393.000000 392 2.000000 3.394818 3.619836 1.013378 -0.801245 1.668930 1.668930 
393.000000 393 2.000000 4.865673 16.316160 -1.373504 1.319615 3.627898 3.627898 
393.000000 394 2.000000 2.824356 0.607268 1.933766 -0.481736 3.971522 3.971522 
393.000000 395 2.000000 0.646776 15.505584 1.293550 0.205541 1.715518 1.715518 
393.000000 396 2.000000 0.000001 0.502445 3.461549 0.913534 12.816868 12.816868 
393.000000 397 2.000000 0.404272 12.799256 1.347570 -0.554533 2.123453 2.123453 
393.000000 398 2.000000 0.666171 3.486745 -0.524169 0.520409 0.545579 0.545579 
393.000000 399 2.000000 3.019476 1.960755 -1.612248 0.603309 2.963327 2.963327 
393.000000 400 2.000000 0.672792 0.728237 0.747545 -0.365604 0.692490 0.692490 
393.000000 401 2.000000 0.278800 8.508678 -0.169869 -0.446821 0.228505 0.228505 
393.000000 402 2.000000 0.873332 10.130863 0.831744 -0.899714 1.501283 1.501283 
393.000000 403 2.000000 4.231211 0.610245 1.839657 -0.777625 3.989036 3.989036 
393.000000 404 2.000000 2.367948 10.293786 0.149125 0.070273 0.027177 0.027177 
393.000000 405 2.000000 2.340763 1.972504 0.955413 0.896592 1.716692 1.716692 
393.000000 406 2.000000 0.146904 6.961064 2.938063 -0.485621 8.868043 8.868043 
393.000000 407 2.000000 0.549488 19.416880 0.784982 -0.897107 1.420997 1.420997 
393.000000 408 2.000000 2.865547 15.609548 -0.511216 1.660590 3.018901 3.018901 
393.000000 409 2.000000 1.111774 12.061238 -0.527644 0.114067 0.291419 0.291419 
393.000000 410 2.000000 3.976294 6.940428 -0.816361 2.071769 4.958672 4.958672 
393.000000 411 2.000000 5.065999 12.152496 -1.608453 -0.552641 2.892532 2.892532 
393.000000 412 2.000000 2.166580 19.233114 -1.418675 -0.639071 2.421051 2.421051 
393.000000 413 2.000000 4.543527 9.655752 -2.650358 0.178602 7.056294 7.056294 
393.000000 414 2.000000 2.758736 3.550486 -2.023695 -2.042304 8.266344 8.266344 
393.000000 415 2.000000 1.099882 10.803124 1.466508 0.241789 2.209108 2.209108 
393.000000 416 2.000000 0.578506 15.901850 2.892526 -0.368062 8.502179 8.502179 
393.000000 417 2.000000 0.381790 6.025504 -1.321345 2.317501 7.116765 7.116765 
393.000000 418 2.000000 3.178183 4.980791 -3.470393 -0.318907 12.145329 12.145329 
393.000000 419 2.000000 0.484341 1.447222 0.880619 0.723611 1.299101 1.299101 
393.000000 420 2.000000 4.485849 8.043398 -0.930539 -1.374322 2.754664 2.754664 
393.000000 421 2.000000 3.606031 16.047664 3.005025 -0.204508 9.071997 9.071997 
393.000000 422 2.000000 5.065999 16.925424 -4.098018 0.472977 17.017457 17.017457 
393.000000 423 2.000000 1.024215 5.733281 3.414045 -1.761323 14.757966 14.757966 
393.000000 424 2.000000 3.155616 4.165980 -0.483826 0.370568 0.371408 0.371408 
393.000000 425 2.000000 3.247214 18.129816 -0.989141 -1.781126 4.150810 4.150810 
393.000000 426 2.000000 1.824965 2.642058 2.281205 1.887183 8.765355 8.765355 
393.000000 427 2.000000 0.945298 0.513794 -0.380508 0.513793 0.408770 0.408770 
393.000000 428 2.000000 2.522291 7.596479 0.049577 1.298543 1.688673 1.688673 
393.000000 429 2.000000 0.673514 10.999723 0.841891 1.128177 1.981563 1.981563 
393.000000 430 2.000000 1.959337 0.538271 0.450422 1.537914 2.568059 2.568059 
393.000000 431 2.000000 2.630776 14.421401 -1.777445 0.129554 3.176094 3.176094 
393.000000 432 2.000000 2.321735 1.789862 -1.205772 1.376817 3.349509 3.349509 
393.000000 433 2.000000 4.521557 11.782836 -2.215766 0.175843 4.940540 4.940540 
393.000000 434 2.000000 3.345905 10.888990 1.194966 -1.239593 2.964534 2.964534 
393.000000 435 2.000000 0.575512 14.365063 0.319728 0.272016 0.176219 0.176219 
393.000000 436 2.000000 4.495380 7.639725 -0.608619 1.688624 3.221868 3.221868 
393.000000 437 2.000000 0.433439 2.790627 0.433438 1.550348 2.591446 2.591446 
393.000000 438 2.000000 4.963835 13.418077 -2.081287 0.948795 5.231966 5.231966 
393.000000 439 2.000000 1.624722 7.726237 0.038714 -1.981568 3.928110 3.928110 
393.000000 440 2.000000 0.952591 3.220202 -0.563754 -0.806336 0.967996 0.967996 
393.000000 441 2.000000 1.236672 4.237277 1.177782 0.125611 1.402948 1.402948 
393.000000 442 2.000000 2.986206 8.758219 0.427704 0.571543 0.509592 0.509592 
393.000000 443 2.000000 2.300771 0.642135 -1.420614 -1.257004 3.598204 3.598204 
393.000000 444 2.000000 0.280727 19.924259 1.871509 0.860714 4.243373 4.243373 
393.000000 445 2.000000 1.560772 12.315696 2.108355 -0.621986 4.832029 4.832029 
393.000000 446 2.000000 4.070087 3.593220 0.144397 -2.448773 6.017339 6.017339 
393.000000 447 2.000000 4.270869 8.946532 1.856899 2.087937 7.807556 7.807556 
393.000000 448 2.000000 1.938774 4.284497 0.574245 0.580395 0.666616 0.666616 
393.000000 449 2.000000 4.369031 15.065494 0.580205 -3.289670 11.158568 11.158568 
393.000000 450 2.000000 1.166854 0.798114 0.702829 1.596227 3.041909 3.041909 
393.000000 451 2.000000 4.935984 10.664448 0.809497 -2.745750 8.194430 8.194430 
393.000000 452 2.000000 4.002974 9.143011 -1.809709 2.949358 11.973760 11.973760 
393.000000 453 2.000000 1.976340 8.338639 0.342665 -2.195819 4.939041 4.939041 
393.000000 454 2.000000 2.421633 19.171818 1.383790 -0.591558 2.264814 2.264814 
393.000000 455 2.000000 3.784742 4.001703 0.788488 0.447117 0.821627 0.821627 
393.000000 456 2.000000 1.015261 9.966310 -1.725807 -0.404863 3.142325 3.142325 
393.000000 457 2.000000 2.267153 19.141443 -1.403291 -2.146390 6.576213 6.576213 
393.000000 458 2.000000 2.477002 16.656773 2.251819 -0.825488 5.752119 5.752119 
393.000000 459 2.000000 2.347218 13.575802 0.391203 0.543068 0.447962 0.447962 
393.000000 460 2.000000 0.736712 7.880718 1.637136 0.792032 3.307528 3.307528 
393.000000 461 2.000000 1.338308 3.406210 0.245561 -0.186634 0.095132 0.095132 
393.000000 462 2.000000 4.565635 17.117883 0.493595 -1.646924 2.955993 2.955993 
393.000000 463 2.000000 3.574419 1.288771 0.856990 1.718361 3.687196 3.687196 
393.000000 464 2.000000 1.148762 11.335817 3.282175 -0.077595 10.778694 10.778694 
393.000000 465 2.000000 3.274092 0.354962 -1.416390 -0.894318 2.805967 2.805967 
393.000000 466 2.000000 3.587148 7.519041 -1.681168 -0.566384 3.147117 3.147117 
393.000000 467 2.000000 4.007142 15.743374 1.512129 -3.040446 11.530845 11.530845 
393.000000 468 2.000000 1.812698 10.905942 -1.587191 -0.749184 3.080451 3.080451 
393.000000 469 2.000000 1.302049 11.723909 0.551170 -1.381350 2.211916 2.211916 
393.000000 470 2.000000 1.563202 5.933116 -0.300811 2.165681 4.780662 4.780662 
393.000000 471 2.000000 4.947359 11.196869 -0.376972 0.183324 0.175716 0.175716 
393.000000 472 2.000000 1.955653 5.879323 -0.071497 -0.798733 0.643086 0.643086 
393.000000 473 2.000000 3.503368 1.874360 -1.600631 -0.320762 2.664907 2.664907 
393.000000 474 2.000000 4.124932 9.890583 -0.323124 0.291020 0.189102 0.189102 
393.000000 475 2.000000 0.196012 9.911582 0.980055 0.353954 1.085791 1.085791 
393.000000 476 2.000000 3.421460 19.533969 -1.005376 -0.133151 1.028510 1.028510 
393.000000 477 2.000000 3.490280 14.320542 -0.469704 2.273102 5.387613 5.387613 
393.000000 478 2.000000 2.364472 4.702412 -1.627134 -2.008659 6.682275 6.682275 
393.000000 479 2.000000 3.951950 4.393079 0.214463 -1.152997 1.375397 1.375397 
393.000000 480 2.000000 4.388703 0.380430 -1.543103 -1.053092 3.490170 3.490170 
393.000000 481 2.000000 0.098168 6.169204 0.981672 -1.369106 2.838130 2.838130 
393.000000 482 2.000000 0.443183 18.535635 -3.736253 0.185580 13.994024 13.994024 
393.000000 483 2.000000 1.302714 15.197952 -0.439751 -0.265585 0.263916 0.263916 
393.000000 484 2.000000 3.930517 6.670120 -0.135466 -1.069698 1.162604 1.162604 
393.000000 485 2.000000 4.421726 10.393447 -1.878780 0.127193 3.545992 3.545992 
393.000000 486 2.000000 1.352012 10.263295 -2.106792 -0.018913 4.438931 4.438931 
393.000000 487 2.000000 3.988702 5.948224 -1.115297 -0.846983 1.961268 1.961268 
393.000000 488 2.000000 3.360481 0.164452 1.139146 -2.319273 6.676682 6.676682 
393.000000 489 2.000000 1.843861 6.713344 -1.231385 -0.117251 1.530056 1.530056 
393.000000 490 2.000000 2.499796 14.284092 0.173238 -0.920018 0.876445 0.876445 
393.000000 491 2.000000 3.768121 3.015938 -2.201129 0.376992 4.987094 4.987094 
393.000000 492 2.000000 2.043336 11.468835 -1.628875 -0.889596 3.444616 3.444616 
393.000000 493 2.000000 2.061310 5.169536 -1.056539 -0.139042 1.135607 1.135607 
393.000000 494 2.000000 4.047281 17.871156 -2.075437 0.045939 4.309547 4.309547 
393.000000 495 2.000000 4.186287 10.412998 -2.970373 3.394223 20.343862 20.343862 
393.000000 496 2.000000 2.908517 19.730798 -4.832404 -0.897337 24.157341 24.157341 
393.000000 497 2.000000 3.089127 6.281957 -2.862103 -0.023025 8.192163 8.192163 
393.000000 498 2.000000 4.515038 18.124724 -1.139922 -0.426199 1.481069 1.481069 
393.000000 499 2.000000 0.816866 13.410630 -1.345426 1.157152 3.149170 3.149170 
393.000000 500 2.000000 3.496301 9.314209 1.626186 -0.661374 3.081897 3.081897 
