268.000000 1 2.000000 6.756532 18.964889 0.804349 0.346870 0.767296 0.767296 
268.000000 2 2.000000 8.974748 11.332851 0.023700 -0.245310 0.060739 0.060739 
268.000000 3 2.000000 3.315204 17.079962 0.331520 -0.445807 0.308650 0.308650 
268.000000 4 2.000000 0.161356 5.157168 -0.558466 -1.649203 3.031756 3.031756 
268.000000 5 2.000000 7.821686 15.719290 0.662855 0.776261 1.041958 1.041958 
268.000000 6 2.000000 6.256204 4.786662 0.644969 0.602096 0.778505 0.778505 
268.000000 7 2.000000 4.830531 15.464148 -0.292196 -1.930150 3.810856 3.810856 
268.000000 8 2.000000 4.649943 14.638374 -0.918485 -1.561815 3.282881 3.282881 
268.000000 9 2.000000 6.665489 19.607946 -0.116962 -0.270381 0.086786 0.086786 
268.000000 10 2.000000 2.281289 14.341771 0.102651 -0.018203 0.010869 0.010869 
268.000000 11 2.000000 6.563208 10.801449 0.188829 0.146064 0.056991 0.056991 
268.000000 12 2.000000 0.352098 11.255120 0.414232 -2.271397 5.330833 5.330833 
268.000000 13 2.000000 8.551611 12.630004 0.723499 -1.586813 3.041428 3.041428 
268.000000 14 2.000000 1.278968 3.686470 0.085550 -0.594656 0.360934 0.360934 
268.000000 15 2.000000 4.886938 11.607798 0.531643 -0.734833 0.822624 0.822624 
268.000000 16 2.000000 0.236717 4.739979 1.183578 -1.533670 3.753002 3.753002 
268.000000 17 2.000000 0.151103 2.668094 -1.491368 0.228042 2.276181 2.276181 
268.000000 18 2.000000 0.826878 8.571613 -0.286318 0.621131 0.467782 0.467782 
268.000000 19 2.000000 5.761757 0.000001 -1.923694 0.583395 4.040948 4.040948 
268.000000 20 2.000000 4.086706 2.949502 0.095742 1.371861 1.891169 1.891169 
268.000000 21 2.000000 3.815269 16.113188 -0.865687 0.036344 0.750735 0.750735 
268.000000 22 2.000000 6.671616 8.847864 0.333550 -0.823215 0.788938 0.788938 
268.000000 23 2.000000 9.796126 12.412072 0.491230 1.477627 2.424690 2.424690 
268.000000 24 2.000000 9.429247 15.237106 -1.143006 -0.264605 1.376478 1.376478 
268.000000 25 2.000000 4.968415 3.061335 -0.735494 1.133828 1.826516 1.826516 
268.000000 26 2.000000 7.351304 7.083521 0.653449 0.258967 0.494060 0.494060 
268.000000 27 2.000000 4.168312 16.927823 -0.044431 -0.217885 0.049448 0.049448 
268.000000 28 2.000000 3.992694 9.095385 -0.542182 0.387964 0.444477 0.444477 
268.000000 29 2.000000 6.817345 6.110078 -0.499331 0.176337 0.280427 0.280427 
268.000000 30 2.000000 1.743548 3.568719 -0.247624 -2.282122 5.269400 5.269400 
268.000000 31 2.000000 9.742072 14.613633 -0.062302 -1.328388 1.768496 1.768496 
268.000000 32 2.000000 8.821893 13.468858 0.220602 -1.106973 1.274054 1.274054 
268.000000 33 2.000000 7.784030 1.282284 -0.510551 -0.272577 0.334961 0.334961 
268.000000 34 2.000000 9.568971 7.526910 -0.152897 -0.029692 0.024259 0.024259 
268.000000 35 2.000000 1.426459 19.324139 -2.028115 -0.519893 4.383539 4.383539 
268.000000 36 2.000000 8.085771 8.948017 -0.624518 -1.649550 3.111037 3.111037 
268.000000 37 2.000000 6.248736 0.060889 -1.102855 0.304438 1.308971 1.308971 
268.000000 38 2.000000 1.103314 5.848350 -1.814025 -1.702428 6.188949 6.188949 
268.000000 39 2.000000 5.990807 8.343450 0.515457 -1.216350 1.745203 1.745203 
268.000000 40 2.000000 9.027351 12.076871 0.491758 0.674685 0.697026 0.697026 
268.000000 41 2.000000 2.304018 16.302295 -1.004881 0.459904 1.221297 1.221297 
268.000000 42 2.000000 8.934688 15.714143 3.646811 -0.487810 13.537190 13.537190 
268.000000 43 2.000000 4.674263 10.903369 3.360381 0.335932 11.405013 11.405013 
268.000000 44 2.000000 0.413432 2.135084 1.653725 0.177579 2.766341 2.766341 
268.000000 45 2.000000 0.882073 10.380325 1.176096 -0.842047 2.092244 2.092244 
268.000000 46 2.000000 9.713268 0.531875 -0.380436 -1.529331 2.483587 2.483587 
268.000000 47 2.000000 4.410282 14.453901 1.696262 1.554183 5.292789 5.292789 
268.000000 48 2.000000 7.765158 19.478329 -0.021776 0.518401 0.269214 0.269214 
268.000000 49 2.000000 7.859825 7.680166 0.507923 -0.132113 0.275439 0.275439 
268.000000 50 2.000000 5.216805 4.517691 -1.806921 0.912665 4.097919 4.097919 
268.000000 51 2.000000 3.509407 1.920879 -0.372567 1.010988 1.160904 1.160904 
268.000000 52 2.000000 2.541592 18.282362 1.081528 -0.230102 1.222650 1.222650 
268.000000 53 2.000000 6.514478 10.872779 -0.733057 -0.668661 0.984480 0.984480 
268.000000 54 2.000000 6.873895 10.555413 -0.691801 0.236668 0.534600 0.534600 
268.000000 55 2.000000 5.539589 12.474604 -1.185103 0.665769 1.847717 1.847717 
268.000000 56 2.000000 8.804833 8.817905 1.278488 -0.563088 1.951601 1.951601 
268.000000 57 2.000000 5.479259 6.608137 -1.295026 1.039576 2.757810 2.757810 
268.000000 58 2.000000 7.902554 6.808235 -0.907748 -0.741276 1.373496 1.373496 
268.000000 59 2.000000 8.069316 7.442439 1.898662 -1.162737 4.956877 4.956877 
268.000000 60 2.000000 6.768620 10.844471 -1.210069 -1.679913 4.286375 4.286375 
268.000000 61 2.000000 6.166431 4.496390 0.673927 0.572788 0.782264 0.782264 
268.000000 62 2.000000 4.431698 14.900239 -1.473814 -1.214229 3.646477 3.646477 
268.000000 63 2.000000 4.220164 1.279196 -0.011136 -0.011373 0.000253 0.000253 
268.000000 64 2.000000 8.002717 5.076267 -0.097808 -0.269129 0.081997 0.081997 
268.000000 65 2.000000 2.123644 13.201809 2.022517 0.919646 4.936324 4.936324 
268.000000 66 2.000000 4.313983 12.510932 -0.441078 -0.748907 0.755411 0.755411 
268.000000 67 2.000000 6.972518 4.691838 1.439953 -1.097419 3.277793 3.277793 
268.000000 68 2.000000 0.757066 18.168748 0.242442 -0.273355 0.133501 0.133501 
268.000000 69 2.000000 1.840935 13.199702 -0.293913 -0.527357 0.364490 0.364490 
268.000000 70 2.000000 0.732449 13.218450 0.190246 -0.135927 0.054670 0.054670 
268.000000 71 2.000000 4.718598 18.877646 -1.598925 -0.479427 2.786412 2.786412 
268.000000 72 2.000000 1.891295 11.441483 -1.394422 -0.516654 2.211345 2.211345 
268.000000 73 2.000000 8.773341 11.248596 1.177630 0.718760 1.903427 1.903427 
268.000000 74 2.000000 1.115845 10.239927 0.405762 -0.687329 0.637064 0.637064 
268.000000 75 2.000000 9.802321 12.775024 0.216096 1.527276 2.379269 2.379269 
268.000000 76 2.000000 0.106323 0.608017 0.425287 -0.321656 0.284332 0.284332 
268.000000 77 2.000000 2.018332 0.406852 1.614665 -0.610566 2.979933 2.979933 
268.000000 78 2.000000 4.814635 11.689448 -0.613531 -0.187686 0.411647 0.411647 
268.000000 79 2.000000 5.653079 12.924574 0.026567 -0.316770 0.101049 0.101049 
268.000000 80 2.000000 0.322912 19.367529 -1.347391 -2.108232 6.260107 6.260107 
268.000000 81 2.000000 1.496581 6.444222 -0.217870 0.213572 0.093080 0.093080 
268.000000 82 2.000000 8.102714 5.761064 0.384203 0.968246 1.085112 1.085112 
268.000000 83 2.000000 8.094135 8.479072 -2.728638 -0.320214 7.548005 7.548005 
268.000000 84 2.000000 6.737281 7.279456 0.462386 0.683517 0.680997 0.680997 
268.000000 85 2.000000 2.565216 2.010469 -0.421639 -0.483432 0.411487 0.411487 
268.000000 86 2.000000 0.701808 11.591847 0.779785 -0.535706 0.895045 0.895045 
268.000000 87 2.000000 7.985392 8.779826 -0.290498 -0.656150 0.514922 0.514922 
268.000000 88 2.000000 1.384374 19.282242 -0.029748 -1.794393 3.220732 3.220732 
268.000000 89 2.000000 7.375811 13.463398 -0.049198 -1.901863 3.619503 3.619503 
268.000000 90 2.000000 5.994239 14.653328 1.235925 -0.201849 1.568255 1.568255 
268.000000 91 2.000000 4.067874 6.671948 1.084766 -0.693018 1.656992 1.656992 
268.000000 92 2.000000 1.405659 6.314215 1.874210 2.577230 10.154778 10.154778 
268.000000 93 2.000000 5.484025 6.164778 -1.736813 0.067844 3.021124 3.021124 
268.000000 94 2.000000 0.605938 7.698222 -1.108650 0.198006 1.268312 1.268312 
268.000000 95 2.000000 6.684220 2.511089 -1.197918 0.707349 1.935350 1.935350 
268.000000 96 2.000000 2.381148 4.363208 -1.384177 1.638263 4.599853 4.599853 
268.000000 97 2.000000 3.827581 8.580808 -1.189619 0.578351 1.749683 1.749683 
268.000000 98 2.000000 5.435041 11.419644 -0.482767 1.057374 1.351105 1.351105 
268.000000 99 2.000000 8.931623 4.017263 -1.301394 -1.327420 3.455670 3.455670 
268.000000 100 2.000000 8.097347 2.827787 -1.146808 2.019847 5.394950 5.394950 
268.000000 101 2.000000 7.694289 19.127599 0.295930 -1.342154 1.888952 1.888952 
268.000000 102 2.000000 2.738882 12.133863 -2.150572 -0.349606 4.747185 4.747185 
268.000000 103 2.000000 2.978020 19.048822 -0.143856 0.017071 0.020986 0.020986 
268.000000 104 2.000000 9.716449 1.374827 -0.436003 -0.016953 0.190386 0.190386 
268.000000 105 2.000000 0.648012 12.267035 0.762366 -0.267698 0.652863 0.652863 
268.000000 106 2.000000 4.115142 17.879655 0.138530 0.996924 1.013048 1.013048 
268.000000 107 2.000000 2.031778 17.069883 -1.827476 -0.781364 3.950199 3.950199 
268.000000 108 2.000000 9.655919 6.857974 -0.393733 0.346362 0.274993 0.274993 
268.000000 109 2.000000 0.132793 16.576039 -0.126060 0.927084 0.875376 0.875376 
268.000000 110 2.000000 3.711744 1.687880 1.021862 -1.812452 4.329184 4.329184 
268.000000 111 2.000000 7.086673 5.439529 0.972836 1.020159 1.987134 1.987134 
268.000000 112 2.000000 5.017554 14.278904 -1.848734 0.182418 3.451093 3.451093 
268.000000 113 2.000000 3.452233 12.089235 0.986352 0.171877 1.002432 1.002432 
268.000000 114 2.000000 1.269415 16.486064 0.407713 -0.130190 0.183179 0.183179 
268.000000 115 2.000000 5.039687 12.182456 0.730389 -0.116741 0.547097 0.547097 
268.000000 116 2.000000 4.704780 0.846005 -0.355467 -0.063270 0.130360 0.130360 
268.000000 117 2.000000 4.696529 3.178229 2.041969 -0.456784 4.378288 4.378288 
268.000000 118 2.000000 4.711878 10.984317 0.826645 1.639450 3.371139 3.371139 
268.000000 119 2.000000 3.421310 15.795822 0.226870 -0.092390 0.060006 0.060006 
268.000000 120 2.000000 5.309990 11.042345 -0.152359 1.346627 1.836618 1.836618 
268.000000 121 2.000000 0.740401 9.820244 -0.061524 1.219199 1.490231 1.490231 
268.000000 122 2.000000 7.173997 3.916489 -0.606172 -0.715399 0.879240 0.879240 
268.000000 123 2.000000 9.146979 2.379434 -1.152052 1.851156 4.754003 4.754003 
268.000000 124 2.000000 6.429614 9.923955 -0.991911 0.128801 1.000478 1.000478 
268.000000 125 2.000000 1.035428 11.407566 1.089923 0.100973 1.198128 1.198128 
268.000000 126 2.000000 3.822705 10.525435 1.061862 1.231045 2.643023 2.643023 
268.000000 127 2.000000 5.597888 11.902246 -1.066808 1.055495 2.252149 2.252149 
268.000000 128 2.000000 3.086942 0.161836 -1.933509 -0.831937 4.430577 4.430577 
268.000000 129 2.000000 6.535001 19.966434 0.525083 1.101947 1.489999 1.489999 
268.000000 130 2.000000 9.749363 2.376243 0.965283 0.259699 0.999215 0.999215 
268.000000 131 2.000000 6.834938 18.637664 0.055667 -0.406667 0.168477 0.168477 
268.000000 132 2.000000 8.262731 3.470505 0.335739 -0.783137 0.726025 0.726025 
268.000000 133 2.000000 0.755374 0.808271 0.222805 -0.809495 0.704924 0.704924 
268.000000 134 2.000000 0.407198 0.934827 -0.103834 -0.114752 0.023949 0.023949 
268.000000 135 2.000000 8.085205 19.868018 0.869377 -0.059991 0.759415 0.759415 
268.000000 136 2.000000 1.857736 18.149073 0.432031 -1.194145 1.612635 1.612635 
268.000000 137 2.000000 2.802493 8.211698 2.241993 -0.057893 5.029886 5.029886 
268.000000 138 2.000000 2.156222 2.298539 0.525908 1.393053 2.217176 2.217176 
268.000000 139 2.000000 8.599975 7.660120 1.237406 -0.341871 1.648050 1.648050 
268.000000 140 2.000000 3.769534 0.184001 0.584424 0.736001 0.883249 0.883249 
268.000000 141 2.000000 3.267756 11.450510 -1.409898 -0.563111 2.304905 2.304905 
268.000000 142 2.000000 0.238047 5.606050 -0.040179 0.175463 0.032402 0.032402 
268.000000 143 2.000000 8.075317 8.473610 0.684378 0.623215 0.856770 0.856770 
268.000000 144 2.000000 0.162769 2.075008 0.813838 0.068521 0.667028 0.667028 
268.000000 145 2.000000 2.004031 8.893364 -0.486964 0.587021 0.581727 0.581727 
268.000000 146 2.000000 4.788784 10.400787 -2.910694 -0.497368 8.719518 8.719518 
268.000000 147 2.000000 4.157815 14.251143 1.205164 0.980691 2.414175 2.414175 
268.000000 148 2.000000 2.238592 11.917399 1.865493 0.556013 3.789214 3.789214 
268.000000 149 2.000000 2.940584 4.070780 2.027988 -0.317715 4.213680 4.213680 
268.000000 150 2.000000 4.560787 11.920709 -0.485252 -1.648835 2.954126 2.954126 
268.000000 151 2.000000 5.719298 14.612765 0.557212 1.848632 3.727926 3.727926 
268.000000 152 2.000000 2.859840 1.570353 1.143936 1.083001 2.481480 2.481480 
268.000000 153 2.000000 0.795518 16.021317 0.089924 -0.317477 0.108878 0.108878 
268.000000 154 2.000000 7.217095 13.949785 -0.279758 0.945748 0.972704 0.972704 
268.000000 155 2.000000 1.656232 15.666637 -0.807789 1.249887 2.214742 2.214742 
268.000000 156 2.000000 3.944381 6.242962 -0.312692 0.485451 0.333439 0.333439 
268.000000 157 2.000000 9.748795 17.142098 1.153703 0.941873 2.218157 2.218157 
268.000000 158 2.000000 1.792012 5.289230 0.000019 -0.537327 0.288720 0.288720 
268.000000 159 2.000000 8.597822 4.680251 -0.391095 0.985316 1.123802 1.123802 
268.000000 160 2.000000 4.749549 7.742344 0.650623 1.269237 2.034272 2.034272 
268.000000 161 2.000000 4.244405 0.993367 1.075438 0.975278 2.107736 2.107736 
268.000000 162 2.000000 5.346785 4.331679 1.102430 -0.240704 1.273290 1.273290 
268.000000 163 2.000000 3.900668 5.233726 -1.233016 -0.281113 1.599354 1.599354 
268.000000 164 2.000000 7.598340 18.891299 0.231499 0.748679 0.614111 0.614111 
268.000000 165 2.000000 9.747461 16.228314 1.740618 0.945015 3.922804 3.922804 
268.000000 166 2.000000 4.791664 13.588718 -0.889582 -0.410980 0.960261 0.960261 
268.000000 167 2.000000 0.027098 11.911168 0.541941 -0.256138 0.359306 0.359306 
268.000000 168 2.000000 9.118210 15.495624 -0.415183 1.760217 3.270739 3.270739 
268.000000 169 2.000000 7.980407 1.848729 2.418305 2.464970 11.924277 11.924277 
268.000000 170 2.000000 5.036960 12.361477 -0.431337 1.716872 3.133700 3.133700 
268.000000 171 2.000000 4.336448 15.589770 -0.541277 -1.422655 2.316927 2.316927 
268.000000 172 2.000000 4.579386 8.697061 0.112328 -0.640884 0.423349 0.423349 
268.000000 173 2.000000 8.344916 14.973535 -2.489806 -0.985581 7.170502 7.170502 
268.000000 174 2.000000 4.867752 14.931266 -0.968187 2.428386 6.834443 6.834443 
268.000000 175 2.000000 6.316845 14.261768 -1.333983 0.847668 2.498052 2.498052 
268.000000 176 2.000000 0.898838 9.402113 0.665805 -2.329206 5.868496 5.868496 
268.000000 177 2.000000 7.352279 11.643081 1.793238 -1.560615 5.651224 5.651224 
268.000000 178 2.000000 4.993156 10.098043 -1.645614 0.487768 2.945964 2.945964 
268.000000 179 2.000000 2.389144 18.562543 -1.553685 -0.036747 2.415286 2.415286 
268.000000 180 2.000000 0.381516 4.782843 -0.312728 -0.184947 0.132004 0.132004 
268.000000 181 2.000000 3.161538 9.590898 0.843077 -0.253975 0.775281 0.775281 
268.000000 182 2.000000 2.571684 14.707469 -0.182432 -0.469851 0.254041 0.254041 
268.000000 183 2.000000 5.912425 6.686746 2.004211 1.557645 6.443120 6.443120 
268.000000 184 2.000000 9.091860 13.253633 -0.022209 -1.450831 2.105405 2.105405 
268.000000 185 2.000000 4.245576 2.727305 -0.667426 0.665196 0.887944 0.887944 
268.000000 186 2.000000 2.377063 5.069936 -0.295045 -0.381491 0.232587 0.232587 
268.000000 187 2.000000 1.255505 1.021327 -0.634798 -1.076188 1.561149 1.561149 
268.000000 188 2.000000 3.347165 13.547576 2.237699 -1.552681 7.418117 7.418117 
268.000000 189 2.000000 0.511449 16.961063 -1.415097 -0.190156 2.038659 2.038659 
268.000000 190 2.000000 0.048571 15.083159 -0.793390 -0.565154 0.948866 0.948866 
268.000000 191 2.000000 2.579005 11.654041 -0.145751 1.447707 2.117098 2.117098 
268.000000 192 2.000000 5.510102 7.691875 0.798565 1.690522 3.495570 3.495570 
268.000000 193 2.000000 0.219096 14.803675 1.095474 0.887346 1.987444 1.987444 
268.000000 194 2.000000 6.884887 14.773996 1.376607 -0.867775 2.648082 2.648082 
268.000000 195 2.000000 7.010589 1.208323 0.646137 0.690470 0.894242 0.894242 
268.000000 196 2.000000 8.562931 6.967119 0.554886 -0.321892 0.411513 0.411513 
268.000000 197 2.000000 6.550071 8.832935 1.073782 0.439616 1.346270 1.346270 
268.000000 198 2.000000 9.467229 9.084206 0.326471 -0.419333 0.282424 0.282424 
268.000000 199 2.000000 7.197995 17.162098 -0.329349 0.639582 0.517537 0.517537 
268.000000 200 2.000000 8.968281 13.959846 0.586162 0.438027 0.535454 0.535454 
268.000000 201 2.000000 2.023196 13.052414 -0.116530 -0.658313 0.446955 0.446955 
268.000000 202 2.000000 6.788226 7.848602 0.547584 -2.451001 6.307252 6.307252 
268.000000 203 2.000000 4.602096 14.850797 -0.583958 -0.695838 0.825198 0.825198 
268.000000 204 2.000000 9.114222 1.705294 -0.863620 -0.598640 1.104210 1.104210 
268.000000 205 2.000000 7.779535 2.813466 -0.286349 0.188823 0.117650 0.117650 
268.000000 206 2.000000 4.063949 15.687734 0.152194 0.731740 0.558607 0.558607 
268.000000 207 2.000000 9.403554 11.687083 -0.396647 -1.374036 2.045303 2.045303 
268.000000 208 2.000000 1.123373 8.927846 -0.621453 1.351221 2.212002 2.212002 
268.000000 209 2.000000 7.297603 5.621766 -1.437109 -0.243693 2.124669 2.124669 
268.000000 210 2.000000 0.811946 2.414273 -0.130889 0.710080 0.521346 0.521346 
268.000000 211 2.000000 0.678864 2.986717 -1.902721 0.514951 3.885524 3.885524 
268.000000 212 2.000000 2.800423 1.418812 -1.142863 -0.100339 1.316204 1.316204 
268.000000 213 2.000000 3.498248 0.394880 -0.536298 0.097145 0.297052 0.297052 
268.000000 214 2.000000 5.567657 0.069508 1.338777 0.347536 1.913105 1.913105 
268.000000 215 2.000000 0.052221 5.496520 0.261099 0.313549 0.166486 0.166486 
268.000000 216 2.000000 8.754944 19.237560 -0.543264 -0.220997 0.343976 0.343976 
268.000000 217 2.000000 9.006836 4.434393 -0.443834 -0.141825 0.217103 0.217103 
268.000000 218 2.000000 7.370319 12.200641 -0.717355 1.461155 2.649571 2.649571 
268.000000 219 2.000000 4.307415 7.502652 0.531780 0.724894 0.808261 0.808261 
268.000000 220 2.000000 2.518796 11.032509 -1.329540 0.442139 1.963164 1.963164 
268.000000 221 2.000000 7.741391 14.783100 0.381935 -1.337666 1.935226 1.935226 
268.000000 222 2.000000 0.322639 17.129810 -0.262500 -0.259746 0.136374 0.136374 
268.000000 223 2.000000 4.524785 17.188031 -0.052032 0.722128 0.524177 0.524177 
268.000000 224 2.000000 3.638928 8.511900 1.010813 -0.253905 1.086211 1.086211 
268.000000 225 2.000000 3.809726 11.038631 -0.851575 1.280934 2.365973 2.365973 
268.000000 226 2.000000 7.512356 6.174098 -3.877405 -2.536863 21.469945 21.469945 
268.000000 227 2.000000 4.987312 2.306844 0.345864 -1.968394 3.994196 3.994196 
268.000000 228 2.000000 5.894583 0.311555 1.901478 2.077025 7.929653 7.929653 
268.000000 229 2.000000 1.500103 0.839533 0.263011 -1.232070 1.587173 1.587173 
268.000000 230 2.000000 0.322345 18.794062 2.148961 -2.192612 9.425580 9.425580 
268.000000 231 2.000000 0.325837 5.839430 -1.209625 1.052149 2.570211 2.570211 
268.000000 232 2.000000 3.999715 8.711929 -0.862479 1.722154 3.709684 3.709684 
268.000000 233 2.000000 4.932295 2.830345 1.686085 -0.629601 3.239281 3.239281 
268.000000 234 2.000000 7.195480 5.185233 -1.604256 0.346171 2.693473 2.693473 
268.000000 235 2.000000 8.544545 13.405904 0.477349 0.140966 0.247733 0.247733 
268.000000 236 2.000000 2.776392 6.397114 1.133221 -0.107721 1.295793 1.295793 
268.000000 237 2.000000 2.754509 19.555874 -0.559143 -0.683268 0.779497 0.779497 
268.000000 238 2.000000 3.236700 6.712683 -0.210816 -0.498440 0.292886 0.292886 
268.000000 239 2.000000 5.928742 15.158199 -0.336005 0.570773 0.438682 0.438682 
268.000000 240 2.000000 1.130474 14.861946 -0.598677 -1.533747 2.710794 2.710794 
268.000000 241 2.000000 7.895311 16.936832 -2.438860 0.659897 6.383501 6.383501 
268.000000 242 2.000000 7.980805 17.938716 0.654164 0.595971 0.783112 0.783112 
268.000000 243 2.000000 2.222667 10.504855 1.046314 0.405128 1.258902 1.258902 
268.000000 244 2.000000 4.067702 4.182995 -0.587972 0.619703 0.729743 0.729743 
268.000000 245 2.000000 3.475376 18.843508 -2.794793 -0.925193 8.666848 8.666848 
268.000000 246 2.000000 9.523389 16.379102 -0.688244 0.150397 0.496300 0.496300 
268.000000 247 2.000000 7.982787 13.449649 -1.967697 0.561507 4.187120 4.187120 
268.000000 248 2.000000 6.653173 18.939366 0.662584 -0.101112 0.449242 0.449242 
268.000000 249 2.000000 1.124631 2.098170 0.775607 0.201747 0.642268 0.642268 
268.000000 250 2.000000 6.816068 10.662001 0.134430 0.624889 0.408558 0.408558 
268.000000 251 2.000000 1.881625 9.679928 1.568020 0.249817 2.521095 2.521095 
268.000000 252 2.000000 9.332477 10.713224 0.373299 1.267837 1.746763 1.746763 
268.000000 253 2.000000 4.770059 3.663224 -1.614856 -1.027470 3.663456 3.663456 
268.000000 254 2.000000 1.381241 13.445867 0.891123 -2.340761 6.273264 6.273264 
268.000000 255 2.000000 5.131485 0.181771 1.769477 -0.645545 3.547778 3.547778 
268.000000 256 2.000000 3.154308 1.335956 0.955851 -0.486043 1.149888 1.149888 
268.000000 257 2.000000 9.497582 1.434491 -2.160779 0.256486 4.734750 4.734750 
268.000000 258 2.000000 6.933740 4.284887 0.976583 -1.026895 2.008228 2.008228 
268.000000 259 2.000000 2.364921 12.911576 0.415864 0.815248 0.837572 0.837572 
268.000000 260 2.000000 4.481826 5.104040 0.445578 0.326254 0.304982 0.304982 
268.000000 261 2.000000 4.594708 10.168275 0.765785 0.816729 1.253472 1.253472 
268.000000 262 2.000000 7.646017 3.231868 -1.180096 -1.172597 2.767609 2.767609 
268.000000 263 2.000000 4.085570 12.852633 -2.200426 0.424340 5.021940 5.021940 
268.000000 264 2.000000 8.916963 9.630305 -0.566845 -0.479896 0.551613 0.551613 
268.000000 265 2.000000 4.752417 4.139581 -0.200816 -1.338432 1.831727 1.831727 
268.000000 266 2.000000 7.707872 15.301359 1.176774 -1.055874 2.499668 2.499668 
268.000000 267 2.000000 2.750880 9.463194 -0.445971 -0.066882 0.203364 0.203364 
268.000000 268 2.000000 0.575286 9.907827 0.885054 0.664955 1.225486 1.225486 
268.000000 269 2.000000 1.472465 16.001256 -1.723562 0.794136 3.601319 3.601319 
268.000000 270 2.000000 8.896590 4.100024 -0.694720 -1.426007 2.516132 2.516132 
268.000000 271 2.000000 7.308485 6.616561 2.058728 0.542341 4.532495 4.532495 
268.000000 272 2.000000 0.144973 12.253947 -0.368633 -0.632331 0.535733 0.535733 
268.000000 273 2.000000 5.846318 4.185396 2.851862 -0.066131 8.137490 8.137490 
268.000000 274 2.000000 9.032757 3.234260 1.108314 1.293704 2.902028 2.902028 
268.000000 275 2.000000 8.280222 14.015086 0.389301 0.039527 0.153118 0.153118 
268.000000 276 2.000000 1.438785 19.776126 -0.843501 -0.639638 1.120632 1.120632 
268.000000 277 2.000000 2.619065 13.566351 -1.837234 0.824702 4.055561 4.055561 
268.000000 278 2.000000 6.957017 9.746668 -0.123125 -1.785928 3.204698 3.204698 
268.000000 279 2.000000 6.404285 6.219180 0.205926 0.792252 0.670069 0.670069 
268.000000 280 2.000000 5.376474 18.350935 -1.343743 0.863621 2.551486 2.551486 
268.000000 281 2.000000 3.726145 9.730611 -2.034673 -0.838317 4.842672 4.842672 
268.000000 282 2.000000 4.547057 19.924512 0.185258 0.980702 0.996097 0.996097 
268.000000 283 2.000000 8.299189 5.776927 -1.723344 -0.106868 2.981335 2.981335 
268.000000 284 2.000000 4.713495 5.063565 -0.054324 -0.815170 0.667453 0.667453 
268.000000 285 2.000000 2.872837 5.733560 0.883949 -0.795660 1.414441 1.414441 
268.000000 286 2.000000 1.598662 4.973543 0.940389 0.747402 1.442940 1.442940 
268.000000 287 2.000000 6.331758 1.724014 0.696861 0.749571 1.047471 1.047471 
268.000000 288 2.000000 7.922848 15.439426 0.054689 -1.284669 1.653364 1.653364 
268.000000 289 2.000000 2.077813 11.647313 -0.138705 1.700337 2.910386 2.910386 
268.000000 290 2.000000 7.948415 11.783531 1.309737 0.457166 1.924413 1.924413 
268.000000 291 2.000000 9.759346 18.731206 -1.171066 -1.409770 3.358845 3.358845 
268.000000 292 2.000000 3.451798 0.978592 0.249123 0.963253 0.989919 0.989919 
268.000000 293 2.000000 3.673791 8.390051 -0.416990 1.843967 3.574095 3.574095 
268.000000 294 2.000000 1.084915 6.708063 -1.030169 -1.898848 4.666871 4.666871 
268.000000 295 2.000000 8.795870 18.728413 1.322687 -0.726621 2.277479 2.277479 
268.000000 296 2.000000 8.339847 7.654092 -1.591844 -1.132652 3.816869 3.816869 
268.000000 297 2.000000 8.105799 11.861296 -0.482208 1.550496 2.636562 2.636562 
268.000000 298 2.000000 5.425321 15.869793 1.623818 0.646447 3.054680 3.054680 
268.000000 299 2.000000 4.280009 6.867642 1.646157 -0.249194 2.771930 2.771930 
268.000000 300 2.000000 6.908079 8.554065 -0.774182 0.282114 0.678947 0.678947 
268.000000 301 2.000000 1.724753 15.136217 0.263321 0.074610 0.074905 0.074905 
268.000000 302 2.000000 0.615442 1.765082 -0.165507 1.260772 1.616940 1.616940 
268.000000 303 2.000000 3.754605 0.000001 -1.481189 1.010883 3.215805 3.215805 
268.000000 304 2.000000 2.954401 7.779959 1.313066 -1.733339 4.728608 4.728608 
268.000000 305 2.000000 5.668060 6.833157 -0.323082 -0.667978 0.550576 0.550576 
268.000000 306 2.000000 5.866319 15.493825 1.585491 0.114610 2.526918 2.526918 
268.000000 307 2.000000 6.384024 1.591314 -0.074209 -1.112307 1.242734 1.242734 
268.000000 308 2.000000 0.430901 2.570729 -0.313230 -0.304773 0.191000 0.191000 
268.000000 309 2.000000 0.061192 12.246817 0.203971 -0.469890 0.262401 0.262401 
268.000000 310 2.000000 1.995539 17.418013 0.433813 -0.974335 1.137521 1.137521 
268.000000 311 2.000000 6.013825 11.641974 0.791293 0.482181 0.858642 0.858642 
268.000000 312 2.000000 4.669062 0.270385 0.527577 -1.081075 1.447061 1.447061 
268.000000 313 2.000000 5.037485 11.730916 -0.125368 -0.802824 0.660243 0.660243 
268.000000 314 2.000000 6.742783 18.709875 0.079971 -0.612361 0.381381 0.381381 
268.000000 315 2.000000 6.831027 17.866589 -0.601202 0.777553 0.966033 0.966033 
268.000000 316 2.000000 1.166794 0.539150 1.795067 -1.223953 4.720325 4.720325 
268.000000 317 2.000000 9.262171 3.840054 1.556667 -1.303221 4.121599 4.121599 
268.000000 318 2.000000 6.012804 16.080114 -1.446591 1.949105 5.891634 5.891634 
268.000000 319 2.000000 4.021166 14.618604 -0.194273 -0.295411 0.125009 0.125009 
268.000000 320 2.000000 1.553149 17.581875 0.554696 1.003354 1.314407 1.314407 
268.000000 321 2.000000 5.327137 19.726751 0.322857 -0.910827 0.933842 0.933842 
268.000000 322 2.000000 2.547496 19.559644 1.018998 0.296066 1.126011 1.126011 
268.000000 323 2.000000 9.350827 7.838810 0.989505 -1.266791 2.583879 2.583879 
268.000000 324 2.000000 6.185534 10.334906 -0.580851 -0.403044 0.499832 0.499832 
268.000000 325 2.000000 6.075353 5.282052 -2.175512 -1.132150 6.014614 6.014614 
268.000000 326 2.000000 3.178046 13.981011 2.191755 -0.270390 4.876903 4.876903 
268.000000 327 2.000000 4.462271 5.642925 0.632946 -1.095960 1.601749 1.601749 
268.000000 328 2.000000 6.341464 16.665443 -0.964543 0.011879 0.930484 0.930484 
268.000000 329 2.000000 5.237379 2.101985 0.793542 -0.868836 1.384584 1.384584 
268.000000 330 2.000000 4.264462 0.919189 0.347965 -0.495486 0.366586 0.366586 
268.000000 331 2.000000 2.174050 0.724551 -0.612583 0.966066 1.308542 1.308542 
268.000000 332 2.000000 6.227569 5.037348 -1.493829 0.273334 2.306237 2.306237 
268.000000 333 2.000000 8.464226 15.380454 -0.910112 -0.845628 1.543389 1.543389 
268.000000 334 2.000000 3.030002 13.636233 -1.163154 0.355412 1.479245 1.479245 
268.000000 335 2.000000 3.523844 19.436291 0.783076 -0.070463 0.618173 0.618173 
268.000000 336 2.000000 1.354836 7.458792 -0.052610 -2.117241 4.485477 4.485477 
268.000000 337 2.000000 4.332087 19.798818 0.435386 0.016331 0.189827 0.189827 
268.000000 338 2.000000 0.643752 11.060431 0.858334 -0.051317 0.739371 0.739371 
268.000000 339 2.000000 7.072132 1.341571 0.570333 -1.587951 2.846869 2.846869 
268.000000 340 2.000000 4.236413 13.686806 -0.222944 0.680936 0.513377 0.513377 
268.000000 341 2.000000 7.301029 12.325220 -0.109027 -0.430617 0.197318 0.197318 
268.000000 342 2.000000 1.722438 2.719331 0.521951 -1.191770 1.692749 1.692749 
268.000000 343 2.000000 8.059233 14.111151 -0.477192 -1.182514 1.626052 1.626052 
268.000000 344 2.000000 5.219845 16.825970 0.841910 0.000213 0.708813 0.708813 
268.000000 345 2.000000 3.209389 18.527149 0.493752 0.377517 0.386310 0.386310 
268.000000 346 2.000000 0.200633 7.344736 -0.101711 0.237338 0.066675 0.066675 
268.000000 347 2.000000 4.279084 0.550493 -0.586209 -1.020971 1.386024 1.386024 
268.000000 348 2.000000 1.653980 10.840476 0.250603 0.967900 0.999631 0.999631 
268.000000 349 2.000000 3.969566 3.946571 0.472567 -0.505620 0.478971 0.478971 
268.000000 350 2.000000 1.495287 9.758951 1.031232 -0.588566 1.409849 1.409849 
268.000000 351 2.000000 0.969436 14.339503 0.745720 -1.167113 1.918249 1.918249 
268.000000 352 2.000000 5.185450 12.020112 -1.078573 -0.853464 1.891720 1.891720 
268.000000 353 2.000000 6.535449 18.133067 0.625903 -1.493546 2.622433 2.622433 
268.000000 354 2.000000 5.702766 5.562641 0.540724 1.058439 1.412676 1.412676 
268.000000 355 2.000000 0.175919 12.665309 0.439795 -0.213848 0.239151 0.239151 
268.000000 356 2.000000 2.680193 13.324945 0.048913 1.890063 3.574730 3.574730 
268.000000 357 2.000000 0.592404 5.372766 -1.050946 1.517358 3.406863 3.406863 
268.000000 358 2.000000 6.523240 3.222359 -1.684379 -0.998669 3.834474 3.834474 
268.000000 359 2.000000 8.576604 2.007622 0.141665 0.872879 0.781986 0.781986 
268.000000 360 2.000000 9.432408 19.030306 1.109695 -0.255182 1.296541 1.296541 
268.000000 361 2.000000 7.141969 8.902113 -0.250949 -1.709663 2.985925 2.985925 
268.000000 362 2.000000 5.076212 15.416723 0.451219 -0.964900 1.134631 1.134631 
268.000000 363 2.000000 3.279669 10.867444 -2.176300 0.200287 4.776395 4.776395 
268.000000 364 2.000000 7.739165 0.168854 -1.768695 -0.001277 3.128284 3.128284 
268.000000 365 2.000000 5.500257 10.840606 -1.018851 -0.318468 1.139478 1.139478 
268.000000 366 2.000000 7.981626 4.742256 0.109241 0.886403 0.797644 0.797644 
268.000000 367 2.000000 3.117787 3.469736 -1.037733 -1.758539 4.169348 4.169348 
268.000000 368 2.000000 1.979286 7.540917 -0.923504 0.060118 0.856474 0.856474 
268.000000 369 2.000000 7.802565 17.069769 -1.020163 1.928787 4.760953 4.760953 
268.000000 370 2.000000 1.816233 2.457227 -0.220247 -0.927113 0.908048 0.908048 
268.000000 371 2.000000 2.319117 14.479765 -1.153573 1.550644 3.735227 3.735227 
268.000000 372 2.000000 5.754684 18.964685 -0.539397 -1.150349 1.614251 1.614251 
268.000000 373 2.000000 6.682628 14.732196 -0.128410 0.687966 0.489786 0.489786 
268.000000 374 2.000000 4.066553 14.019068 -0.473025 -1.051258 1.328896 1.328896 
268.000000 375 2.000000 2.058120 4.286782 -0.297402 0.499428 0.337876 0.337876 
268.000000 376 2.000000 0.185271 9.643336 1.235134 -0.411562 1.694939 1.694939 
268.000000 377 2.000000 3.687186 16.629476 0.737437 -0.612822 0.919365 0.919365 
268.000000 378 2.000000 7.246823 3.729924 -1.108490 1.522418 3.546506 3.546506 
268.000000 379 2.000000 1.420178 13.604563 0.389090 0.963495 1.079713 1.079713 
268.000000 380 2.000000 3.634227 9.894982 0.790049 0.987013 1.598372 1.598372 
268.000000 381 2.000000 5.335864 17.642204 1.212696 -0.962365 2.396779 2.396779 
268.000000 382 2.000000 8.148306 5.142987 1.303729 0.714304 2.209939 2.209939 
268.000000 383 2.000000 7.033647 14.035564 0.422441 0.149893 0.200924 0.200924 
268.000000 384 2.000000 4.549797 13.302561 -1.965535 0.914496 4.699632 4.699632 
268.000000 385 2.000000 4.144384 7.206110 0.583716 -0.134192 0.358732 0.358732 
268.000000 386 2.000000 2.936419 8.316562 -0.220842 0.197162 0.087644 0.087644 
268.000000 387 2.000000 0.530439 8.651733 -0.999019 -0.030131 0.998946 0.998946 
268.000000 388 2.000000 8.018200 7.663496 0.255842 -1.056711 1.182093 1.182093 
268.000000 389 2.000000 7.760122 12.560236 0.444416 0.022657 0.198019 0.198019 
268.000000 390 2.000000 5.124475 11.293716 0.579037 2.091429 4.709357 4.709357 
268.000000 391 2.000000 2.139732 4.035787 -0.641341 -1.226675 1.916050 1.916050 
268.000000 392 2.000000 3.159817 2.979169 -0.405618 -0.441385 0.359347 0.359347 
268.000000 393 2.000000 0.671779 3.466860 -0.961659 0.619082 1.308050 1.308050 
268.000000 394 2.000000 6.032826 14.760560 2.010942 -0.284743 4.124965 4.124965 
268.000000 395 2.000000 0.683213 8.568517 -0.742960 0.090624 0.560202 0.560202 
268.000000 396 2.000000 1.417389 13.828309 -1.096689 -2.420271 7.060436 7.060436 
268.000000 397 2.000000 1.882815 11.659636 -0.976838 -0.147843 0.976070 0.976070 
268.000000 398 2.000000 9.311237 6.711750 -1.480176 1.004188 3.199315 3.199315 
268.000000 399 2.000000 6.387300 3.442521 -0.080378 -0.482778 0.239536 0.239536 
268.000000 400 2.000000 4.718498 16.525993 -0.787633 -0.661716 1.058232 1.058232 
268.000000 401 2.000000 4.131962 6.275988 2.065980 -1.124681 5.533183 5.533183 
268.000000 402 2.000000 1.392098 15.984208 -0.691162 1.507733 2.750963 2.750963 
268.000000 403 2.000000 1.355304 17.160486 0.549117 0.998704 1.298940 1.298940 
268.000000 404 2.000000 4.881242 7.371869 -0.515007 0.140388 0.284941 0.284941 
268.000000 405 2.000000 5.440712 6.675104 -0.028260 -0.260520 0.068669 0.068669 
268.000000 406 2.000000 3.016703 10.549158 -0.235285 1.086127 1.235031 1.235031 
268.000000 407 2.000000 9.492591 15.301635 0.670793 -0.117059 0.463666 0.463666 
268.000000 408 2.000000 8.225495 8.601722 0.790913 -0.272127 0.699596 0.699596 
268.000000 409 2.000000 1.880812 19.360573 -0.066821 -0.673080 0.457502 0.457502 
268.000000 410 2.000000 1.835996 17.813718 -1.294693 0.847426 2.394362 2.394362 
268.000000 411 2.000000 9.414327 17.209209 0.576698 -0.429489 0.517041 0.517041 
268.000000 412 2.000000 3.044600 0.687649 1.179124 -1.192660 2.812771 2.812771 
268.000000 413 2.000000 9.012639 18.033092 1.750027 0.509892 3.322584 3.322584 
268.000000 414 2.000000 4.933438 9.310564 -0.350985 -1.102004 1.337602 1.337602 
268.000000 415 2.000000 1.183589 17.765063 0.038491 0.200357 0.041624 0.041624 
268.000000 416 2.000000 3.274855 8.049311 0.541298 -1.298988 1.980373 1.980373 
268.000000 417 2.000000 3.176588 19.177751 -1.530003 -1.644496 5.045276 5.045276 
268.000000 418 2.000000 3.162033 18.060250 -2.457624 -2.771070 13.718747 13.718747 
268.000000 419 2.000000 8.407726 9.605237 -1.043909 0.059857 1.093329 1.093329 
268.000000 420 2.000000 3.743447 12.740240 0.369881 0.218962 0.184756 0.184756 
268.000000 421 2.000000 2.779145 11.970699 -0.501721 -0.483987 0.485968 0.485968 
268.000000 422 2.000000 2.621571 12.425760 0.066892 -0.957092 0.920500 0.920500 
268.000000 423 2.000000 3.302709 17.055026 1.348044 0.021848 1.817701 1.817701 
268.000000 424 2.000000 3.623354 0.652893 0.553184 -0.662940 0.745501 0.745501 
268.000000 425 2.000000 0.415196 9.330717 -0.109079 -0.073363 0.017280 0.017280 
268.000000 426 2.000000 0.692965 14.603237 -0.400852 0.267570 0.232276 0.232276 
268.000000 427 2.000000 1.093239 14.615602 -1.040616 1.169248 2.450023 2.450023 
268.000000 428 2.000000 6.458084 14.990650 -0.190488 -2.226378 4.993042 4.993042 
268.000000 429 2.000000 7.924427 11.924117 0.128566 -0.314756 0.115601 0.115601 
268.000000 430 2.000000 2.125437 5.325550 2.500513 -1.137554 7.546593 7.546593 
268.000000 431 2.000000 2.426097 8.036173 -0.963778 2.060557 5.174763 5.174763 
268.000000 432 2.000000 6.599916 3.453217 -0.338569 -0.606109 0.481997 0.481997 
268.000000 433 2.000000 7.451274 16.213152 -0.008929 -0.001969 0.000084 0.000084 
268.000000 434 2.000000 8.196807 19.276268 -1.117461 -0.413561 1.419752 1.419752 
268.000000 435 2.000000 2.477561 2.202439 0.227530 0.786585 0.670486 0.670486 
268.000000 436 2.000000 4.558950 6.796781 -2.733923 1.941937 11.245452 11.245452 
268.000000 437 2.000000 2.361878 3.483976 -1.087876 -0.311986 1.280810 1.280810 
268.000000 438 2.000000 0.749450 19.617690 2.997795 1.614625 11.593788 11.593788 
268.000000 439 2.000000 3.402476 16.414546 -0.668146 -0.885297 1.230171 1.230171 
268.000000 440 2.000000 5.431691 17.624223 2.172676 -1.696983 7.600272 7.600272 
268.000000 441 2.000000 7.324299 18.454316 -0.781791 -0.429356 0.795544 0.795544 
268.000000 442 2.000000 2.966369 15.529212 -1.220755 1.928443 5.209136 5.209136 
268.000000 443 2.000000 1.914740 16.416294 -2.173475 -0.004037 4.724012 4.724012 
268.000000 444 2.000000 5.182890 5.297153 -1.079148 1.535407 3.522034 3.522034 
268.000000 445 2.000000 6.354248 17.815650 0.075885 1.224443 1.505020 1.505020 
268.000000 446 2.000000 2.842357 12.008341 1.160145 -0.041470 1.347657 1.347657 
268.000000 447 2.000000 4.111430 13.092745 0.310297 -0.592897 0.447811 0.447811 
268.000000 448 2.000000 7.182209 0.739453 -0.759586 0.114644 0.590114 0.590114 
268.000000 449 2.000000 8.147627 4.025715 -0.991356 -0.634000 1.384742 1.384742 
268.000000 450 2.000000 8.879059 7.657619 -0.071311 0.656098 0.435550 0.435550 
268.000000 451 2.000000 5.681375 12.110913 1.623250 -0.781098 3.245053 3.245053 
268.000000 452 2.000000 0.445477 8.718399 0.057112 0.014602 0.003475 0.003475 
268.000000 453 2.000000 7.199860 13.986205 0.455687 0.926239 1.065569 1.065569 
268.000000 454 2.000000 4.845277 8.528668 -0.651474 0.783158 1.037756 1.037756 
268.000000 455 2.000000 4.962398 19.158796 -2.060334 -0.841203 4.952599 4.952599 
268.000000 456 2.000000 7.266110 9.804355 -1.683090 -0.360066 2.962438 2.962438 
268.000000 457 2.000000 6.242030 14.810145 -0.106632 0.374623 0.151713 0.151713 
268.000000 458 2.000000 9.249402 4.007844 -1.656848 0.834967 3.442315 3.442315 
268.000000 459 2.000000 9.103097 3.227475 -2.889610 -1.946910 12.140302 12.140302 
268.000000 460 2.000000 6.668774 5.077881 -0.385760 0.097277 0.158273 0.158273 
268.000000 461 2.000000 0.807168 5.469201 -0.679239 0.408051 0.627871 0.627871 
268.000000 462 2.000000 2.823941 6.165095 1.821897 1.044931 4.411190 4.411190 
268.000000 463 2.000000 5.293079 2.541750 -0.210637 -0.182307 0.077604 0.077604 
268.000000 464 2.000000 1.218862 6.121442 0.786362 -1.291029 2.285120 2.285120 
268.000000 465 2.000000 4.642152 9.716313 -1.772441 -1.120163 4.396312 4.396312 
268.000000 466 2.000000 8.233907 15.324517 -1.544754 0.019261 2.386637 2.386637 
268.000000 467 2.000000 1.794377 9.508860 -1.565928 3.396021 13.985090 13.985090 
268.000000 468 2.000000 2.100203 7.197980 -0.366967 0.695457 0.618325 0.618325 
268.000000 469 2.000000 3.408232 6.623918 -0.308967 -0.258739 0.162406 0.162406 
268.000000 470 2.000000 0.467633 0.396947 0.935264 -0.029456 0.875587 0.875587 
268.000000 471 2.000000 5.001572 2.141548 -0.833773 0.793165 1.324289 1.324289 
268.000000 472 2.000000 2.922904 18.605800 -0.530364 0.672700 0.733811 0.733811 
268.000000 473 2.000000 5.724910 17.892234 0.198153 -0.253902 0.103731 0.103731 
268.000000 474 2.000000 4.086025 16.360364 0.079712 0.781317 0.616811 0.616811 
268.000000 475 2.000000 5.485328 18.449306 -1.107302 0.175083 1.256771 1.256771 
268.000000 476 2.000000 0.669972 4.922632 -0.708222 -0.225772 0.552552 0.552552 
268.000000 477 2.000000 7.353990 13.830234 -1.626393 -0.166705 2.672945 2.672945 
268.000000 478 2.000000 3.706423 11.428888 0.588321 0.243456 0.405393 0.405393 
268.000000 479 2.000000 2.845659 12.986081 0.611969 2.677542 7.543739 7.543739 
268.000000 480 2.000000 9.219907 2.186832 -0.413463 -0.018298 0.171287 0.171287 
268.000000 481 2.000000 6.121919 18.157569 0.282276 0.701157 0.571300 0.571300 
268.000000 482 2.000000 4.247875 8.131330 -0.270544 -1.603874 2.645606 2.645606 
268.000000 483 2.000000 4.003714 13.080507 -1.081942 1.297635 2.854455 2.854455 
268.000000 484 2.000000 0.923420 1.687309 -1.684774 -0.892911 3.635753 3.635753 
268.000000 485 2.000000 1.153435 15.765170 0.480598 -1.303024 1.928846 1.928846 
268.000000 486 2.000000 9.467895 11.716830 -1.778519 -1.762376 6.269100 6.269100 
268.000000 487 2.000000 0.342738 12.229808 -0.643320 0.367261 0.548742 0.548742 
268.000000 488 2.000000 5.471784 8.304896 -0.114021 0.519056 0.282420 0.282420 
268.000000 489 2.000000 0.517374 16.684409 -0.351202 0.780634 0.732733 0.732733 
268.000000 490 2.000000 9.091681 4.038823 -0.476981 -0.849837 0.949733 0.949733 
268.000000 491 2.000000 6.044281 15.519349 -0.674572 0.519602 0.725033 0.725033 
268.000000 492 2.000000 2.925927 9.373068 0.232367 -0.439408 0.247074 0.247074 
268.000000 493 2.000000 6.287657 8.029724 -0.092258 0.407888 0.174884 0.174884 
268.000000 494 2.000000 0.548379 1.108106 -0.106015 -1.717445 2.960856 2.960856 
268.000000 495 2.000000 6.974114 9.931386 -0.766688 -0.299492 0.677507 0.677507 
268.000000 496 2.000000 2.142228 5.295748 0.556422 -0.439503 0.502769 0.502769 
268.000000 497 2.000000 1.473962 9.753570 -0.098710 -2.017810 4.081301 4.081301 
268.000000 498 2.000000 6.284651 15.966361 -1.643158 -0.144644 2.720890 2.720890 
268.000000 499 2.000000 6.714409 17.752673 1.814705 0.376007 3.434535 3.434535 
268.000000 500 2.000000 2.984448 4.132133 -0.942841 0.179268 0.921087 0.921087 
