820.500000 1 2.000000 0.538219 16.904659 -4.617805 -4.111251 38.226506 38.226506 
820.500000 2 2.000000 0.264945 6.771233 -0.668230 -2.381309 6.117162 6.117162 
820.500000 3 2.000000 0.999999 18.509994 -2.215487 3.299470 15.794885 15.794885 
820.500000 4 2.000000 0.732047 10.933354 4.880310 -4.044109 40.172238 40.172238 
820.500000 5 2.000000 0.000001 16.102276 6.699684 -3.055194 54.219980 54.219980 
820.500000 6 2.000000 0.542424 9.315875 -1.074826 -1.469017 3.313262 3.313262 
820.500000 7 2.000000 0.999999 5.482815 -10.135439 8.132192 168.859672 168.859672 
820.500000 8 2.000000 0.779199 0.000001 -2.208004 7.762785 65.136118 65.136118 
820.500000 9 2.000000 0.809199 1.589370 1.244920 -1.087514 2.732512 2.732512 
820.500000 10 2.000000 0.955026 1.760097 3.183418 7.040384 59.701153 59.701153 
820.500000 11 2.000000 0.673291 0.826734 -3.267084 -4.365283 29.729531 29.729531 
820.500000 12 2.000000 0.774870 12.629882 1.937172 3.663889 17.176721 17.176721 
820.500000 13 2.000000 0.339930 16.606480 -1.885911 2.849623 11.677010 11.677010 
820.500000 14 2.000000 0.233274 3.536132 0.933094 0.918475 1.714261 1.714261 
820.500000 15 2.000000 0.830629 9.240731 1.569152 -1.505072 4.727480 4.727480 
820.500000 16 2.000000 0.827377 15.781806 -3.452438 5.260602 39.593257 39.593257 
820.500000 17 2.000000 0.000001 2.538066 2.623547 7.251615 59.468918 59.468918 
820.500000 18 2.000000 0.515202 8.806559 -0.027731 1.792685 3.214488 3.214488 
820.500000 19 2.000000 0.000001 0.171040 3.628311 -0.120249 13.179101 13.179101 
820.500000 20 2.000000 0.600492 6.403589 6.004915 -3.992179 51.996493 51.996493 
820.500000 21 2.000000 0.818685 8.150778 -3.626284 -1.511994 15.436060 15.436060 
820.500000 22 2.000000 0.812688 6.257121 -0.624370 -0.494354 0.634224 0.634224 
820.500000 23 2.000000 0.205995 8.649651 -1.058672 -1.772095 4.261106 4.261106 
820.500000 24 2.000000 0.394712 12.550107 3.947115 -1.165429 16.937941 16.937941 
820.500000 25 2.000000 0.154522 19.817820 1.545206 -0.546306 2.686112 2.686112 
820.500000 26 2.000000 0.085186 15.659166 -0.849166 -2.836703 8.767969 8.767969 
820.500000 27 2.000000 0.387107 0.000001 -2.451567 8.057056 70.926339 70.926339 
820.500000 28 2.000000 0.000001 14.792032 3.814612 -1.915368 18.219904 18.219904 
820.500000 29 2.000000 0.518235 4.537489 -3.211760 -4.615675 31.619851 31.619851 
820.500000 30 2.000000 0.327699 9.982292 3.276981 -4.088860 27.457382 27.457382 
820.500000 31 2.000000 0.173760 7.883364 -1.271137 -1.629242 4.270219 4.270219 
820.500000 32 2.000000 0.919163 19.398154 2.193370 -0.426289 4.992592 4.992592 
820.500000 33 2.000000 0.400774 6.947677 1.603093 -1.641331 5.263874 5.263874 
820.500000 34 2.000000 0.581552 9.563885 2.907755 -0.997781 9.450606 9.450606 
820.500000 35 2.000000 0.169233 16.119180 -4.153829 -3.280639 28.016889 28.016889 
820.500000 36 2.000000 0.000001 17.430437 -0.006751 0.602414 0.362948 0.362948 
820.500000 37 2.000000 0.312029 5.415415 -1.500030 -2.621516 9.122437 9.122437 
820.500000 38 2.000000 0.324830 11.208537 0.928082 1.649893 3.583482 3.583482 
820.500000 39 2.000000 0.074817 4.472043 -3.700726 2.978984 22.569721 22.569721 
820.500000 40 2.000000 0.000001 8.275757 0.868618 0.454122 0.960723 0.960723 
820.500000 41 2.000000 0.912250 11.118710 1.658634 2.329671 8.178433 8.178433 
820.500000 42 2.000000 0.000001 18.707126 0.229968 0.261230 0.121127 0.121127 
820.500000 43 2.000000 0.100221 18.590191 -2.999261 -0.805605 9.644568 9.644568 
820.500000 44 2.000000 0.056259 7.054374 -6.291599 -9.355810 127.115399 127.115399 
820.500000 45 2.000000 0.817546 11.009316 -1.824526 -5.308685 31.511033 31.511033 
820.500000 46 2.000000 0.231603 2.032416 -7.683960 -2.329797 64.471192 64.471192 
820.500000 47 2.000000 0.903017 18.541085 2.006703 0.036634 4.028199 4.028199 
820.500000 48 2.000000 0.000001 10.685794 4.552931 -0.826298 21.411949 21.411949 
820.500000 49 2.000000 0.420144 19.999999 1.400477 -3.997300 17.939742 17.939742 
820.500000 50 2.000000 0.520665 16.616355 -0.592005 0.545629 0.648181 0.648181 
820.500000 51 2.000000 0.214538 15.382927 4.290749 -0.498370 18.658900 18.658900 
820.500000 52 2.000000 0.765335 4.518599 -2.346645 5.648248 37.409442 37.409442 
820.500000 53 2.000000 0.000001 17.310152 8.338125 1.462939 71.664523 71.664523 
820.500000 54 2.000000 0.000001 2.670564 8.467356 0.476258 71.922936 71.922936 
820.500000 55 2.000000 0.974894 12.527233 0.974893 2.316182 6.315114 6.315114 
820.500000 56 2.000000 0.870636 12.449515 1.328989 0.881128 2.542599 2.542599 
820.500000 57 2.000000 0.383591 6.883475 7.671794 -1.897729 62.457794 62.457794 
820.500000 58 2.000000 0.292184 0.459438 -2.359385 0.828455 6.253034 6.253034 
820.500000 59 2.000000 0.876053 6.592531 -0.275435 0.222848 0.125526 0.125526 
820.500000 60 2.000000 0.049018 19.467274 -3.169937 -1.522072 12.365207 12.365207 
820.500000 61 2.000000 0.162426 16.926778 3.248506 -1.463439 12.694447 12.694447 
820.500000 62 2.000000 0.851218 6.819502 0.224625 -9.414641 88.685913 88.685913 
820.500000 63 2.000000 0.000001 5.798617 4.900737 3.408356 35.634112 35.634112 
820.500000 64 2.000000 0.488366 16.118206 -2.046533 -1.554680 6.605329 6.605329 
820.500000 65 2.000000 0.136357 14.403421 -5.757610 -0.834149 33.845880 33.845880 
820.500000 66 2.000000 0.999999 13.805805 -6.523205 -2.938068 51.184455 51.184455 
820.500000 67 2.000000 0.539258 14.234255 2.323192 4.158252 22.688277 22.688277 
820.500000 68 2.000000 0.530648 18.795449 2.122589 -3.441573 16.349806 16.349806 
820.500000 69 2.000000 0.448150 13.151074 -0.848998 2.990735 9.665293 9.665293 
820.500000 70 2.000000 0.207185 16.327913 -7.928143 4.558963 83.639606 83.639606 
820.500000 71 2.000000 0.988857 11.354495 4.944280 0.807700 25.098288 25.098288 
820.500000 72 2.000000 0.375218 9.129918 -1.388402 -4.741912 24.413391 24.413391 
820.500000 73 2.000000 0.811377 1.543498 -3.772433 5.238527 41.673419 41.673419 
820.500000 74 2.000000 0.957236 16.458618 -0.855253 -2.951151 9.440750 9.440750 
820.500000 75 2.000000 0.786359 4.371276 1.572717 0.048941 2.475834 2.475834 
820.500000 76 2.000000 0.395767 11.765324 2.638437 -4.677084 28.836466 28.836466 
820.500000 77 2.000000 0.000001 10.385096 10.179883 -2.203456 108.485242 108.485242 
820.500000 78 2.000000 0.999999 1.672041 -4.478019 0.423301 20.231838 20.231838 
820.500000 79 2.000000 0.920649 19.595780 -1.587004 4.553920 23.256774 23.256774 
820.500000 80 2.000000 0.384699 0.211904 -1.025501 -5.125858 27.326070 27.326070 
820.500000 81 2.000000 0.400515 18.029538 4.005138 -0.486219 16.277538 16.277538 
820.500000 82 2.000000 0.401629 13.627461 2.540795 3.973445 22.243903 22.243903 
820.500000 83 2.000000 0.447975 8.605653 4.479742 4.899310 44.071328 44.071328 
820.500000 84 2.000000 0.292520 6.510245 -1.088430 -4.731413 23.570946 23.570946 
820.500000 85 2.000000 0.720317 12.891023 -2.796822 2.323636 13.221495 13.221495 
820.500000 86 2.000000 0.343093 17.417743 6.861843 -2.393378 52.813150 52.813150 
820.500000 87 2.000000 0.856404 3.499228 -2.871904 -4.875086 32.014303 32.014303 
820.500000 88 2.000000 0.312441 5.644653 -0.763954 -3.033309 9.784586 9.784586 
820.500000 89 2.000000 0.999999 14.488812 -5.361745 -3.441176 40.589995 40.589995 
820.500000 90 2.000000 0.999999 9.554018 -4.185611 -3.809504 32.031659 32.031659 
820.500000 91 2.000000 0.180367 4.209699 -1.366054 -3.199362 12.102018 12.102018 
820.500000 92 2.000000 0.600935 16.182241 -2.660429 0.573564 7.406857 7.406857 
820.500000 93 2.000000 0.343151 9.453117 -0.875797 4.022603 16.948352 16.948352 
820.500000 94 2.000000 0.999999 8.255577 -2.359423 3.662056 18.977527 18.977527 
820.500000 95 2.000000 0.999999 5.238119 -3.240834 2.060792 14.749872 14.749872 
820.500000 96 2.000000 0.361022 3.975955 -4.259847 -3.052199 27.462219 27.462219 
820.500000 97 2.000000 0.933639 0.593098 3.734551 -2.684206 21.151836 21.151836 
820.500000 98 2.000000 0.860268 10.872647 2.457905 1.149479 7.362602 7.362602 
820.500000 99 2.000000 0.999999 9.206666 -3.212402 -1.192562 11.741731 11.741731 
820.500000 100 2.000000 0.101834 6.538183 -3.592660 1.104012 14.126047 14.126047 
820.500000 101 2.000000 0.653978 9.502436 0.435985 2.281415 5.394938 5.394938 
820.500000 102 2.000000 0.628063 15.281290 2.093541 -4.494008 24.579024 24.579024 
820.500000 103 2.000000 0.999999 9.823333 -10.072627 4.372743 120.578688 120.578688 
820.500000 104 2.000000 0.000001 17.354988 0.856515 2.399815 6.492731 6.492731 
820.500000 105 2.000000 0.201349 13.231194 -0.949302 -5.794892 34.481948 34.481948 
820.500000 106 2.000000 0.000001 11.031898 1.055923 -0.406375 1.280113 1.280113 
820.500000 107 2.000000 0.604219 5.987295 2.014061 1.360749 5.908077 5.908077 
820.500000 108 2.000000 0.768267 17.950067 3.841329 2.371237 20.378572 20.378572 
820.500000 109 2.000000 0.802709 19.570371 1.459469 2.468051 8.221327 8.221327 
820.500000 110 2.000000 0.281480 4.572829 2.814791 -0.526851 8.200621 8.200621 
820.500000 111 2.000000 0.711667 2.682113 0.055616 -1.152943 1.332370 1.332370 
820.500000 112 2.000000 0.504013 1.456481 -3.306571 -1.938928 14.692853 14.692853 
820.500000 113 2.000000 0.523776 6.068455 -4.762226 -1.958157 26.513170 26.513170 
820.500000 114 2.000000 0.885278 11.729360 0.465935 -6.126399 37.749863 37.749863 
820.500000 115 2.000000 0.899878 15.329233 4.499387 -5.495018 50.439708 50.439708 
820.500000 116 2.000000 0.630706 0.667747 1.401567 0.284147 2.045130 2.045130 
820.500000 117 2.000000 0.290568 11.669704 2.905670 0.347912 8.563962 8.563962 
820.500000 118 2.000000 0.126654 8.130119 -0.970383 -2.549659 7.442401 7.442401 
820.500000 119 2.000000 0.173379 17.013346 -8.266204 -4.266648 86.534416 86.534416 
820.500000 120 2.000000 0.880066 17.022622 -1.199334 -2.589023 8.141443 8.141443 
820.500000 121 2.000000 0.681854 5.172211 6.818530 -1.002705 47.497775 47.497775 
820.500000 122 2.000000 0.241223 9.885998 -2.167930 1.670653 7.491003 7.491003 
820.500000 123 2.000000 0.356526 11.010455 -7.057216 -1.454914 51.921065 51.921065 
820.500000 124 2.000000 0.432743 1.793105 -5.672555 1.992338 36.147293 36.147293 
820.500000 125 2.000000 0.820161 0.170046 2.733867 3.400900 19.040151 19.040151 
820.500000 126 2.000000 0.015403 3.011753 -0.135848 7.503466 56.320451 56.320451 
820.500000 127 2.000000 0.820676 8.881564 -1.793234 -4.276321 21.502610 21.502610 
820.500000 128 2.000000 0.459252 9.807737 -3.604980 -4.944515 37.444109 37.444109 
820.500000 129 2.000000 0.979104 19.536327 4.895513 3.777892 38.238514 38.238514 
820.500000 130 2.000000 0.999999 11.678016 -4.225939 -5.944273 53.192948 53.192948 
820.500000 131 2.000000 0.889424 17.215214 2.964742 -0.413917 8.961024 8.961024 
820.500000 132 2.000000 0.677853 19.486525 1.506338 -1.141053 3.571058 3.571058 
820.500000 133 2.000000 0.251593 9.107024 2.515919 0.386967 6.479591 6.479591 
820.500000 134 2.000000 0.291678 0.369693 -4.722138 -0.691762 22.777120 22.777120 
820.500000 135 2.000000 0.128799 18.615795 0.858657 -3.076009 10.199121 10.199121 
820.500000 136 2.000000 0.777071 11.687158 3.885349 -2.854242 23.242637 23.242637 
820.500000 137 2.000000 0.217398 18.685955 4.347930 -6.570221 62.072306 62.072306 
820.500000 138 2.000000 0.311818 2.817340 6.236340 4.695565 60.940267 60.940267 
820.500000 139 2.000000 0.807205 8.951151 2.968357 5.100668 34.827961 34.827961 
820.500000 140 2.000000 0.041610 8.217464 -0.709918 -3.282162 11.276568 11.276568 
820.500000 141 2.000000 0.084726 7.200502 -2.615065 1.537871 9.203612 9.203612 
820.500000 142 2.000000 0.648686 0.246073 2.195693 4.921445 29.041690 29.041690 
820.500000 143 2.000000 0.596350 12.610687 2.981743 -4.126588 25.919515 25.919515 
820.500000 144 2.000000 0.006618 17.432299 3.293284 3.814358 25.395045 25.395045 
820.500000 145 2.000000 0.393630 5.793385 -8.334936 -2.211389 74.361392 74.361392 
820.500000 146 2.000000 0.149443 9.565668 1.494417 2.034610 6.372918 6.372918 
820.500000 147 2.000000 0.885751 10.374970 5.905002 4.840319 58.297745 58.297745 
820.500000 148 2.000000 0.537177 1.109988 0.537176 1.585696 2.802991 2.802991 
820.500000 149 2.000000 0.999999 4.920851 -7.509132 -3.744383 70.407472 70.407472 
820.500000 150 2.000000 0.661126 7.316563 -1.129577 2.157999 5.932903 5.932903 
820.500000 151 2.000000 0.878513 17.071914 2.928374 3.234993 19.040559 19.040559 
820.500000 152 2.000000 0.477792 18.164085 -1.742181 -0.316366 3.135282 3.135282 
820.500000 153 2.000000 0.219612 12.674167 2.196113 1.067597 5.962677 5.962677 
820.500000 154 2.000000 0.838184 6.267129 3.352730 -3.204897 21.512165 21.512165 
820.500000 155 2.000000 0.131174 17.280734 -5.792165 -3.884664 48.639792 48.639792 
820.500000 156 2.000000 0.294725 18.096906 0.982413 4.031969 17.221907 17.221907 
820.500000 157 2.000000 0.779175 10.310296 -1.104118 -3.044572 10.488496 10.488496 
820.500000 158 2.000000 0.622889 11.611728 -3.771104 0.477131 14.448878 14.448878 
820.500000 159 2.000000 0.197865 8.767096 -0.468890 -2.229024 5.188406 5.188406 
820.500000 160 2.000000 0.607312 18.649227 -7.853735 2.324424 67.084102 67.084102 
820.500000 161 2.000000 0.385453 15.292406 -6.145461 -1.709360 40.688597 40.688597 
820.500000 162 2.000000 0.542120 7.157408 0.417015 2.706726 7.500266 7.500266 
820.500000 163 2.000000 0.125681 13.228853 2.513604 3.029962 15.498874 15.498874 
820.500000 164 2.000000 0.467212 9.481109 9.344216 2.531463 93.722676 93.722676 
820.500000 165 2.000000 0.217025 15.066444 -0.823987 -4.482987 20.776131 20.776131 
820.500000 166 2.000000 0.558516 14.076447 -2.207414 -4.634983 26.355739 26.355739 
820.500000 167 2.000000 0.405156 8.190779 0.900345 2.482054 6.971213 6.971213 
820.500000 168 2.000000 0.315375 13.209248 -6.846241 4.015931 62.998711 62.998711 
820.500000 169 2.000000 0.277356 14.645927 1.849033 -4.826231 26.711431 26.711431 
820.500000 170 2.000000 0.134026 18.706052 -3.691646 -1.275836 15.256009 15.256009 
820.500000 171 2.000000 0.880478 8.841966 -0.398405 2.257187 5.253621 5.253621 
820.500000 172 2.000000 0.456705 0.145308 -1.844391 2.906145 11.847457 11.847457 
820.500000 173 2.000000 0.981034 3.109559 0.853072 5.653742 32.692527 32.692527 
820.500000 174 2.000000 0.325423 1.103355 -3.372879 -2.396763 17.120780 17.120780 
820.500000 175 2.000000 0.243931 2.278803 -1.699820 -5.121527 29.119423 29.119423 
820.500000 176 2.000000 0.289447 1.262956 -2.030149 -2.287048 9.352091 9.352091 
820.500000 177 2.000000 0.193211 19.493408 -0.558174 0.615806 0.690776 0.690776 
820.500000 178 2.000000 0.473232 10.980371 3.154871 3.992862 25.896153 25.896153 
820.500000 179 2.000000 0.860078 3.884229 -2.798418 -0.557860 8.142353 8.142353 
820.500000 180 2.000000 0.159888 14.467809 3.197744 -1.449939 12.327889 12.327889 
820.500000 181 2.000000 0.631870 18.684191 -0.309708 1.357041 1.937480 1.937480 
820.500000 182 2.000000 0.205547 19.225031 4.110926 5.550472 47.707456 47.707456 
820.500000 183 2.000000 0.953180 6.928795 2.723367 1.277106 9.047728 9.047728 
820.500000 184 2.000000 0.421503 6.755113 -2.892478 0.262822 8.435505 8.435505 
820.500000 185 2.000000 0.523594 2.744122 -4.764048 -4.399668 42.053226 42.053226 
820.500000 186 2.000000 0.313843 18.409542 -2.287187 1.827785 8.572023 8.572023 
820.500000 187 2.000000 0.230577 5.207977 0.461152 0.569370 0.536843 0.536843 
820.500000 188 2.000000 0.938014 9.486745 4.257499 -0.814523 18.789741 18.789741 
820.500000 189 2.000000 0.143591 9.108888 -4.282039 6.506348 60.668415 60.668415 
820.500000 190 2.000000 0.000001 0.886834 4.445309 -1.622823 22.394329 22.394329 
820.500000 191 2.000000 0.901473 9.423974 0.600982 2.647228 7.368994 7.368994 
820.500000 192 2.000000 0.762236 2.088784 1.635472 -4.445787 22.439795 22.439795 
820.500000 193 2.000000 0.323886 5.974808 3.238845 2.214170 15.392667 15.392667 
820.500000 194 2.000000 0.102393 0.930839 2.047835 4.654191 25.855118 25.855118 
820.500000 195 2.000000 0.319806 7.037281 -2.290345 -0.817774 5.914434 5.914434 
820.500000 196 2.000000 0.166795 1.901106 -5.554695 -5.132269 57.194816 57.194816 
820.500000 197 2.000000 0.825598 5.935979 0.527239 0.948682 1.177978 1.177978 
820.500000 198 2.000000 0.310319 2.559949 -0.348860 2.526048 6.502622 6.502622 
820.500000 199 2.000000 0.935348 16.502490 1.438995 -0.477970 2.299163 2.299163 
820.500000 200 2.000000 0.738066 6.884798 4.920434 0.289048 24.294215 24.294215 
820.500000 201 2.000000 0.231739 3.709919 0.594930 1.037871 1.431119 1.431119 
820.500000 202 2.000000 0.781485 10.759425 3.907422 3.097806 24.864350 24.864350 
820.500000 203 2.000000 0.749390 9.540821 4.995926 -0.501993 25.211273 25.211273 
820.500000 204 2.000000 0.607561 11.942232 -3.924376 2.545731 21.881473 21.881473 
820.500000 205 2.000000 0.511399 9.699457 -3.257333 7.051785 60.337896 60.337896 
820.500000 206 2.000000 0.620271 7.344872 2.481081 2.209666 11.038391 11.038391 
820.500000 207 2.000000 0.793363 4.730766 0.585585 -4.460291 20.237106 20.237106 
820.500000 208 2.000000 0.390417 16.915225 -2.438327 8.037608 70.548578 70.548578 
820.500000 209 2.000000 0.500740 14.837960 -2.496297 -2.299477 11.519093 11.519093 
820.500000 210 2.000000 0.482268 3.779147 1.377906 -2.762783 9.531598 9.531598 
820.500000 211 2.000000 0.347357 14.710178 6.947113 4.528119 68.766240 68.766240 
820.500000 212 2.000000 0.352558 7.012741 -6.474413 0.125543 41.933780 41.933780 
820.500000 213 2.000000 0.870991 9.902595 0.967767 -6.349289 41.250047 41.250047 
820.500000 214 2.000000 0.300179 9.274978 -1.166367 -0.618331 1.742746 1.742746 
820.500000 215 2.000000 0.415597 14.790182 4.155963 -2.770302 24.946604 24.946604 
820.500000 216 2.000000 0.738903 1.755709 2.111147 -2.234025 9.447811 9.447811 
820.500000 217 2.000000 0.000001 14.713146 4.412818 -2.702556 26.776769 26.776769 
820.500000 218 2.000000 0.725114 11.768699 2.417044 -3.158485 15.818127 15.818127 
820.500000 219 2.000000 0.181980 5.904785 -2.045047 -1.824920 7.512553 7.512553 
820.500000 220 2.000000 0.942391 16.387227 6.282597 -4.250320 57.536245 57.536245 
820.500000 221 2.000000 0.944677 4.043818 0.127623 4.256649 18.135350 18.135350 
820.500000 222 2.000000 0.475096 2.203229 0.791825 -1.195111 2.055278 2.055278 
820.500000 223 2.000000 0.081366 19.848250 1.627306 1.163068 4.000854 4.000854 
820.500000 224 2.000000 0.667752 13.247278 1.214093 -2.077760 5.791109 5.791109 
820.500000 225 2.000000 0.939197 0.202074 4.695979 0.046508 22.054378 22.054378 
820.500000 226 2.000000 0.104859 6.718586 2.097164 1.100494 5.609183 5.609183 
820.500000 227 2.000000 0.609458 17.122309 2.283460 2.365859 10.811479 10.811479 
820.500000 228 2.000000 0.207174 5.918712 -1.132607 -4.795606 24.280632 24.280632 
820.500000 229 2.000000 0.726691 5.929193 -2.733082 -2.355445 13.017860 13.017860 
820.500000 230 2.000000 0.884186 8.121323 -0.772090 3.064650 9.988200 9.988200 
820.500000 231 2.000000 0.952747 6.110629 -0.945032 2.882706 9.203080 9.203080 
820.500000 232 2.000000 0.616879 15.126965 -8.777416 1.858221 80.496016 80.496016 
820.500000 233 2.000000 0.557884 6.656929 3.719217 2.658175 20.898475 20.898475 
820.500000 234 2.000000 0.164510 3.219665 -5.569930 0.903621 31.840649 31.840649 
820.500000 235 2.000000 0.658308 5.740779 -3.416910 1.259510 13.261640 13.261640 
820.500000 236 2.000000 0.017769 13.621399 -3.928920 -1.581851 17.938664 17.938664 
820.500000 237 2.000000 0.447437 12.686756 0.745726 -1.660456 3.313221 3.313221 
820.500000 238 2.000000 0.037099 7.817465 0.741959 0.887429 1.338033 1.338033 
820.500000 239 2.000000 0.999999 7.238482 -5.436065 4.992056 54.471421 54.471421 
820.500000 240 2.000000 0.999999 0.809113 -3.162068 -1.115223 11.242396 11.242396 
820.500000 241 2.000000 0.255403 2.186999 -1.489191 0.107612 2.229271 2.229271 
820.500000 242 2.000000 0.872714 2.660929 0.933505 -3.120124 10.606602 10.606602 
820.500000 243 2.000000 0.211493 14.165572 -5.256708 -0.857820 28.368830 28.368830 
820.500000 244 2.000000 0.375655 2.050827 7.513073 -4.741499 78.928076 78.928076 
820.500000 245 2.000000 0.999999 16.969258 -5.291569 -6.734979 73.360651 73.360651 
820.500000 246 2.000000 0.132339 6.977388 -0.502885 3.738800 14.231519 14.231519 
820.500000 247 2.000000 0.785986 13.353410 -4.280266 -0.929033 19.183777 19.183777 
820.500000 248 2.000000 0.068118 13.261917 -3.106270 1.268736 11.258603 11.258603 
820.500000 249 2.000000 0.546753 11.935655 3.645014 2.023647 17.381272 17.381272 
820.500000 250 2.000000 0.176417 11.516304 3.528318 -2.523957 18.819387 18.819387 
820.500000 251 2.000000 0.618843 15.113603 5.240630 -3.829963 42.132824 42.132824 
820.500000 252 2.000000 0.402722 12.610875 1.435247 -5.562836 33.005079 33.005079 
820.500000 253 2.000000 0.193763 6.112222 3.875250 6.433917 56.412851 56.412851 
820.500000 254 2.000000 0.835382 16.787578 4.176907 -3.365572 28.773630 28.773630 
820.500000 255 2.000000 0.382346 7.758130 -4.117687 -0.739695 17.502494 17.502494 
820.500000 256 2.000000 0.261598 0.000001 -0.234413 3.998700 16.044551 16.044551 
820.500000 257 2.000000 0.535259 12.059397 10.705154 4.594746 135.712009 135.712009 
820.500000 258 2.000000 0.275483 6.536396 -4.830106 -2.088083 27.690016 27.690016 
820.500000 259 2.000000 0.781796 9.218945 -0.675808 6.887671 47.896735 47.896735 
820.500000 260 2.000000 0.608159 3.999998 -3.918401 2.009397 19.391542 19.391542 
820.500000 261 2.000000 0.108164 16.885473 -1.621519 4.262947 20.802041 20.802041 
820.500000 262 2.000000 0.923928 18.614104 6.159514 4.344642 56.815530 56.815530 
820.500000 263 2.000000 0.224870 13.252155 -1.814125 7.027641 52.678783 52.678783 
820.500000 264 2.000000 0.630974 5.168247 -3.690251 -2.727767 21.058667 21.058667 
820.500000 265 2.000000 0.782783 7.103981 -2.136355 9.295821 90.976295 90.976295 
820.500000 266 2.000000 0.471044 1.812431 -2.115820 -1.346965 6.291008 6.291008 
820.500000 267 2.000000 0.795859 10.996098 -4.082802 -0.416860 16.843047 16.843047 
820.500000 268 2.000000 0.414713 2.506890 -0.731607 -3.202007 10.788095 10.788095 
820.500000 269 2.000000 0.000001 18.848340 6.324961 0.014031 40.005326 40.005326 
820.500000 270 2.000000 0.047935 3.194287 -1.396104 0.222332 1.998538 1.998538 
820.500000 271 2.000000 0.736984 7.177494 -2.630153 9.569991 98.502439 98.502439 
820.500000 272 2.000000 0.287847 4.802836 -0.569722 -3.752386 14.404982 14.404982 
820.500000 273 2.000000 0.736500 8.827252 -1.317497 3.171508 11.794262 11.794262 
820.500000 274 2.000000 0.809321 12.676000 2.312343 0.715083 5.858272 5.858272 
820.500000 275 2.000000 0.547465 13.818199 0.273732 0.846864 0.792108 0.792108 
820.500000 276 2.000000 0.418332 15.585834 1.673324 -1.547321 5.194217 5.194217 
820.500000 277 2.000000 0.534192 15.412804 3.561273 3.436464 24.491949 24.491949 
820.500000 278 2.000000 0.118814 5.295239 -0.959880 -0.108299 0.933098 0.933098 
820.500000 279 2.000000 0.200575 13.344307 2.005744 -0.673217 4.476230 4.476230 
820.500000 280 2.000000 0.933970 4.147601 -1.320584 -3.574835 14.523384 14.523384 
820.500000 281 2.000000 0.036548 15.990453 0.091368 -0.977938 0.964711 0.964711 
820.500000 282 2.000000 0.442022 5.475689 -5.579771 0.240735 31.191803 31.191803 
820.500000 283 2.000000 0.538845 10.150848 -0.059229 2.160988 4.673377 4.673377 
820.500000 284 2.000000 0.694849 1.005051 -0.211873 -2.547812 6.536237 6.536237 
820.500000 285 2.000000 0.000001 10.278228 4.754059 7.968580 86.099349 86.099349 
820.500000 286 2.000000 0.451379 0.423556 4.513785 2.117776 24.859226 24.859226 
820.500000 287 2.000000 0.495255 0.520254 -3.364957 5.202535 38.389307 38.389307 
820.500000 288 2.000000 0.846765 18.711562 -3.064678 2.875426 17.660325 17.660325 
820.500000 289 2.000000 0.000001 15.042226 2.613149 4.065466 23.356563 23.356563 
820.500000 290 2.000000 0.725415 7.277411 4.449088 -2.598355 26.545837 26.545837 
820.500000 291 2.000000 0.194246 3.259328 0.400154 8.174230 66.978162 66.978162 
820.500000 292 2.000000 0.559039 18.368765 0.465865 0.688462 0.691010 0.691010 
820.500000 293 2.000000 0.537623 14.802377 -4.623757 -1.551529 23.786371 23.786371 
820.500000 294 2.000000 0.269105 0.533859 1.794028 -1.246749 4.772920 4.772920 
820.500000 295 2.000000 0.999999 5.674866 -2.070304 0.683988 4.753997 4.753997 
820.500000 296 2.000000 0.000001 10.526272 5.657554 1.465803 34.156496 34.156496 
820.500000 297 2.000000 0.041247 18.826824 -1.278336 -0.130204 1.651096 1.651096 
820.500000 298 2.000000 0.069058 16.101564 1.381136 -1.320160 3.650357 3.650357 
820.500000 299 2.000000 0.000001 16.910485 2.893073 1.883407 11.917092 11.917092 
820.500000 300 2.000000 0.604428 11.166895 -3.955709 -2.173804 20.373057 20.373057 
820.500000 301 2.000000 0.712876 5.689175 0.838676 -1.851268 4.130572 4.130572 
820.500000 302 2.000000 0.363288 2.826964 -1.591778 -0.506459 2.790259 2.790259 
820.500000 303 2.000000 0.554738 9.614401 -0.807027 1.392394 2.590055 2.590055 
820.500000 304 2.000000 0.959072 12.927456 1.065635 -2.466677 7.220071 7.220071 
820.500000 305 2.000000 0.489802 5.397055 2.449007 -1.018103 7.034169 7.034169 
820.500000 306 2.000000 0.424990 17.421100 2.833258 2.435893 13.960925 13.960925 
820.500000 307 2.000000 0.397245 2.091100 0.220691 0.871291 0.807853 0.807853 
820.500000 308 2.000000 0.392619 18.439418 0.785235 1.775804 3.770074 3.770074 
820.500000 309 2.000000 0.999999 15.017579 -1.660593 -4.109544 19.645919 19.645919 
820.500000 310 2.000000 0.177013 15.765517 -1.684448 -1.191576 4.257218 4.257218 
820.500000 311 2.000000 0.386259 15.373237 -3.068702 -3.427231 21.162844 21.162844 
820.500000 312 2.000000 0.648583 14.870394 -1.757078 3.700138 16.778347 16.778347 
820.500000 313 2.000000 0.221970 14.744962 4.439375 8.364983 89.680992 89.680992 
820.500000 314 2.000000 0.135514 15.303979 -1.571790 -0.083522 2.477501 2.477501 
820.500000 315 2.000000 0.582884 7.409577 1.758094 -0.030469 3.091824 3.091824 
820.500000 316 2.000000 0.240850 19.880704 4.816982 4.491371 43.375734 43.375734 
820.500000 317 2.000000 0.328314 19.325973 1.641566 -1.925790 6.403403 6.403403 
820.500000 318 2.000000 0.748962 12.219412 -5.020746 1.440512 27.282968 27.282968 
820.500000 319 2.000000 0.270406 17.411504 4.932786 4.033146 40.598643 40.598643 
820.500000 320 2.000000 0.517171 18.344169 2.068681 2.834493 12.313789 12.313789 
820.500000 321 2.000000 0.895349 10.977866 -2.093009 -0.581364 4.718670 4.718670 
820.500000 322 2.000000 0.882846 7.667422 -2.343058 -6.490830 47.620795 47.620795 
820.500000 323 2.000000 0.159786 10.321778 3.195697 -4.364373 29.260227 29.260227 
820.500000 324 2.000000 0.143068 3.112072 2.861349 4.149428 25.405075 25.405075 
820.500000 325 2.000000 0.730826 11.257758 1.218042 3.455898 13.426855 13.426855 
820.500000 326 2.000000 0.137467 8.689584 -4.312661 2.077661 22.915723 22.915723 
820.500000 327 2.000000 0.377625 19.515218 -0.561413 8.197261 67.510277 67.510277 
820.500000 328 2.000000 0.549006 13.941236 0.645888 0.656753 0.848496 0.848496 
820.500000 329 2.000000 0.895489 17.418951 1.989974 1.060277 5.084184 5.084184 
820.500000 330 2.000000 0.825292 15.138023 -3.494134 -2.739868 19.715852 19.715852 
820.500000 331 2.000000 0.164683 3.611725 -0.772291 -1.194680 2.023692 2.023692 
820.500000 332 2.000000 0.000001 0.495837 2.391995 -5.904601 40.585959 40.585959 
820.500000 333 2.000000 0.636610 15.555834 -0.146948 1.318022 1.758774 1.758774 
820.500000 334 2.000000 0.389606 3.565703 -1.336761 -1.924711 5.491440 5.491440 
820.500000 335 2.000000 0.855246 8.784517 -0.965018 -2.689279 8.163480 8.163480 
820.500000 336 2.000000 0.622185 7.111163 -7.556288 4.430269 76.724764 76.724764 
820.500000 337 2.000000 0.294272 9.465497 5.885421 -3.696316 48.300934 48.300934 
820.500000 338 2.000000 0.945385 17.001885 1.890769 -0.112228 3.587601 3.587601 
820.500000 339 2.000000 0.581864 4.057541 -1.034110 1.619325 3.691596 3.691596 
820.500000 340 2.000000 0.643854 17.795861 -7.122906 5.831089 84.737385 84.737385 
820.500000 341 2.000000 0.590321 13.784689 -0.227599 -1.284465 1.701653 1.701653 
820.500000 342 2.000000 0.597249 18.579898 -0.092353 6.956763 48.405078 48.405078 
820.500000 343 2.000000 0.089789 13.519283 -3.513312 1.860250 15.803890 15.803890 
820.500000 344 2.000000 0.979149 6.900054 0.942738 1.559987 3.322315 3.322315 
820.500000 345 2.000000 0.000001 12.138367 0.672559 5.394829 29.556519 29.556519 
820.500000 346 2.000000 0.661432 19.139377 -3.385672 -3.442489 23.313504 23.313504 
820.500000 347 2.000000 0.940760 6.655043 4.703796 6.338135 62.297650 62.297650 
820.500000 348 2.000000 0.764778 2.212395 -4.704424 0.867605 22.884341 22.884341 
820.500000 349 2.000000 0.887445 9.439739 3.549777 4.719869 34.878085 34.878085 
820.500000 350 2.000000 0.542577 4.867130 5.425764 -3.863946 44.368991 44.368991 
820.500000 351 2.000000 0.732192 9.410483 0.260801 0.584943 0.410176 0.410176 
820.500000 352 2.000000 0.570607 9.485431 -4.293922 0.960051 19.359461 19.359461 
820.500000 353 2.000000 0.999999 10.210557 -6.384716 -0.932637 41.634405 41.634405 
820.500000 354 2.000000 0.777708 12.111975 1.026877 -0.276186 1.130755 1.130755 
820.500000 355 2.000000 0.202349 1.181303 4.046956 -0.917719 17.220060 17.220060 
820.500000 356 2.000000 0.626517 16.092391 -3.734824 2.282831 19.160230 19.160230 
820.500000 357 2.000000 0.790927 11.459042 0.953204 1.806466 4.171918 4.171918 
820.500000 358 2.000000 0.840642 5.236756 1.139846 -4.442758 21.037345 21.037345 
820.500000 359 2.000000 0.331802 8.856464 -6.681970 3.221449 55.026459 55.026459 
820.500000 360 2.000000 0.501407 9.923147 5.014060 -0.741827 25.691105 25.691105 
820.500000 361 2.000000 0.411444 4.516872 0.484050 -8.852011 78.592400 78.592400 
820.500000 362 2.000000 0.818287 2.087207 1.667905 0.573971 3.111349 3.111349 
820.500000 363 2.000000 0.797931 9.376984 5.319531 -3.865434 43.238987 43.238987 
820.500000 364 2.000000 0.999999 13.138462 -2.596893 -1.433666 8.799253 8.799253 
820.500000 365 2.000000 0.551414 7.238101 -1.495282 -6.660085 46.592601 46.592601 
820.500000 366 2.000000 0.999999 16.682714 -0.928648 0.439295 1.055367 1.055367 
820.500000 367 2.000000 0.165161 11.897300 -0.436909 -2.150707 4.816430 4.816430 
820.500000 368 2.000000 0.316942 6.984290 0.905545 -3.102911 10.448070 10.448070 
820.500000 369 2.000000 0.814005 0.438953 5.426695 1.463173 31.589894 31.589894 
820.500000 370 2.000000 0.517249 8.013366 1.293121 -2.046781 5.861473 5.861473 
820.500000 371 2.000000 0.715179 16.378292 1.021682 0.247324 1.105004 1.105004 
820.500000 372 2.000000 0.647721 12.858610 -3.522780 0.942948 13.299131 13.299131 
820.500000 373 2.000000 0.050687 16.282477 0.506857 -3.379566 11.678369 11.678369 
820.500000 374 2.000000 0.885674 1.692752 3.542694 0.705313 13.048145 13.048145 
820.500000 375 2.000000 0.499549 4.836219 -3.336335 0.059850 11.134714 11.134714 
820.500000 376 2.000000 0.927810 16.568037 -0.288754 -1.961121 3.929375 3.929375 
820.500000 377 2.000000 0.710697 16.950711 3.553481 -0.956447 13.542016 13.542016 
820.500000 378 2.000000 0.586598 5.592838 2.932987 0.763968 9.186061 9.186061 
820.500000 379 2.000000 0.264970 17.420951 -6.874983 -3.860258 62.166987 62.166987 
820.500000 380 2.000000 0.551816 14.367008 -1.280522 -1.075834 2.797156 2.797156 
820.500000 381 2.000000 0.068502 0.255639 1.370017 -3.233873 12.334881 12.334881 
820.500000 382 2.000000 0.316032 15.614776 -1.709918 -2.370391 8.542572 8.542572 
820.500000 383 2.000000 0.370818 3.047530 -6.291809 0.760575 40.165333 40.165333 
820.500000 384 2.000000 0.447382 10.131916 -1.037472 -11.341195 129.699052 129.699052 
820.500000 385 2.000000 0.151595 6.291502 3.031875 -10.162416 112.466959 112.466959 
820.500000 386 2.000000 0.000001 16.459612 3.605906 3.739693 26.987864 26.987864 
820.500000 387 2.000000 0.883369 1.159232 -2.332609 7.728208 65.166267 65.166267 
820.500000 388 2.000000 0.387588 9.056290 7.751746 -5.481396 90.135272 90.135272 
820.500000 389 2.000000 0.790747 8.955193 3.326936 1.951214 14.875734 14.875734 
820.500000 390 2.000000 0.444899 13.641833 1.482992 -0.404224 2.362663 2.362663 
820.500000 391 2.000000 0.871482 12.051843 -2.570341 -1.210369 8.071647 8.071647 
820.500000 392 2.000000 0.501955 5.439879 2.509770 -1.750862 9.364461 9.364461 
820.500000 393 2.000000 0.100128 5.191350 -3.599483 3.570013 25.701270 25.701270 
820.500000 394 2.000000 0.235466 11.073945 -0.955667 4.178847 18.376061 18.376061 
820.500000 395 2.000000 0.624496 16.252603 6.244948 0.622514 39.386898 39.386898 
820.500000 396 2.000000 0.804718 13.528014 -3.905620 -2.605887 22.044516 22.044516 
820.500000 397 2.000000 0.686804 9.123108 -3.131951 -1.361219 11.662036 11.662036 
820.500000 398 2.000000 0.998554 12.612667 1.051109 -0.799297 1.743705 1.743705 
820.500000 399 2.000000 0.762527 15.098045 -4.749441 0.701941 23.049910 23.049910 
820.500000 400 2.000000 0.465780 0.551727 2.328894 -0.467225 5.642044 5.642044 
820.500000 401 2.000000 0.759183 12.060892 5.061212 -3.870341 40.595406 40.595406 
820.500000 402 2.000000 0.067987 5.786902 -2.410927 -2.700854 13.107181 13.107181 
820.500000 403 2.000000 0.642221 17.603194 -1.324379 -4.608711 22.994201 22.994201 
820.500000 404 2.000000 0.396042 0.564641 7.920826 5.646398 94.621294 94.621294 
820.500000 405 2.000000 0.339575 14.856122 2.263828 1.062829 6.254524 6.254524 
820.500000 406 2.000000 0.999999 12.854204 -7.311365 -7.521890 110.034889 110.034889 
820.500000 407 2.000000 0.341762 5.499159 0.204303 -5.584342 31.226616 31.226616 
820.500000 408 2.000000 0.652867 8.697749 0.416719 3.843961 14.949690 14.949690 
820.500000 409 2.000000 0.999999 18.265340 -10.570444 -2.312879 117.083700 117.083700 
820.500000 410 2.000000 0.000001 16.086010 4.734272 0.073553 22.418742 22.418742 
820.500000 411 2.000000 0.999999 2.877461 -9.727856 -2.566385 101.217514 101.217514 
820.500000 412 2.000000 0.750769 1.248373 2.502558 4.993490 31.197737 31.197737 
820.500000 413 2.000000 0.767948 11.777593 1.859950 4.942273 27.885474 27.885474 
820.500000 414 2.000000 0.544085 1.256330 -1.013142 3.589512 13.911052 13.911052 
820.500000 415 2.000000 0.726348 10.098832 4.842312 0.950952 24.352296 24.352296 
820.500000 416 2.000000 0.867149 18.344758 -2.657003 -3.667482 20.510089 20.510089 
820.500000 417 2.000000 0.640830 5.986476 4.272191 -1.933726 21.990914 21.990914 
820.500000 418 2.000000 0.553440 18.971951 -4.465586 -2.066585 24.212232 24.212232 
820.500000 419 2.000000 0.382142 6.081756 1.910705 0.864242 4.397708 4.397708 
820.500000 420 2.000000 0.659267 1.281625 0.299667 0.692770 0.569730 0.569730 
820.500000 421 2.000000 0.356761 9.307941 -2.144126 2.820588 12.552994 12.552994 
820.500000 422 2.000000 0.610681 11.081396 -1.817635 -0.094597 3.312747 3.312747 
820.500000 423 2.000000 0.171782 6.948094 -0.876009 3.551775 13.382498 13.382498 
820.500000 424 2.000000 0.213634 15.766583 -1.747477 -0.627832 3.447850 3.447850 
820.500000 425 2.000000 0.320373 9.367438 -3.398129 1.316811 13.281273 13.281273 
820.500000 426 2.000000 0.000001 19.307030 7.963140 -0.725703 63.938249 63.938249 
820.500000 427 2.000000 0.000001 18.811707 5.500557 0.861257 30.997886 30.997886 
820.500000 428 2.000000 0.710420 16.770747 3.552094 -0.478430 12.846269 12.846269 
820.500000 429 2.000000 0.576028 5.258913 -0.471079 -2.344694 5.719508 5.719508 
820.500000 430 2.000000 0.228622 8.161660 -2.571256 -1.308634 8.323883 8.323883 
820.500000 431 2.000000 0.256503 3.681016 -2.973983 -4.242813 26.846039 26.846039 
820.500000 432 2.000000 0.546002 14.959044 -4.539967 -4.582687 41.612314 41.612314 
820.500000 433 2.000000 0.615769 12.668740 4.105123 1.614677 19.459220 19.459220 
820.500000 434 2.000000 0.506851 16.813644 5.068501 3.871202 40.675905 40.675905 
820.500000 435 2.000000 0.551583 15.274548 -0.434816 2.711776 7.542791 7.542791 
820.500000 436 2.000000 0.977389 5.775750 2.701282 -2.751985 14.870349 14.870349 
820.500000 437 2.000000 0.979034 4.821751 3.263442 7.397551 65.373823 65.373823 
820.500000 438 2.000000 0.684613 3.208529 6.846122 2.557459 53.409987 53.409987 
820.500000 439 2.000000 0.441359 8.328738 -5.586405 1.337465 32.996730 32.996730 
820.500000 440 2.000000 0.273217 1.995168 0.237579 -1.942665 3.830390 3.830390 
820.500000 441 2.000000 0.999999 8.834530 -4.296300 0.384022 18.605669 18.605669 
820.500000 442 2.000000 0.808430 13.762073 2.694763 -3.669369 20.726012 20.726012 
820.500000 443 2.000000 0.000001 19.294765 2.578361 -1.259944 8.235407 8.235407 
820.500000 444 2.000000 0.731108 19.174653 7.311067 -2.309973 58.787675 58.787675 
820.500000 445 2.000000 0.056626 10.442109 -1.257831 -8.688991 77.080698 77.080698 
820.500000 446 2.000000 0.620912 16.949769 2.285079 -1.008684 6.239031 6.239031 
820.500000 447 2.000000 0.712481 5.638386 3.562401 0.676605 13.148496 13.148496 
820.500000 448 2.000000 0.171533 10.000442 1.715316 -4.545253 23.601633 23.601633 
820.500000 449 2.000000 0.233846 7.787590 -5.107684 3.374144 37.473291 37.473291 
820.500000 450 2.000000 0.343541 10.959290 1.717700 -0.304161 3.043009 3.043009 
820.500000 451 2.000000 0.468226 6.381223 3.121501 0.854628 10.474154 10.474154 
820.500000 452 2.000000 0.999999 7.169915 -2.078327 -4.927699 28.601666 28.601666 
820.500000 453 2.000000 0.046892 12.306201 -1.191383 -4.525764 21.901932 21.901932 
820.500000 454 2.000000 0.247239 19.999999 2.472381 -1.820825 9.428070 9.428070 
820.500000 455 2.000000 0.968416 18.185533 -0.631659 4.181463 17.883630 17.883630 
820.500000 456 2.000000 0.000001 8.842718 4.871914 -3.984743 39.613728 39.613728 
820.500000 457 2.000000 0.130890 10.178072 2.617780 -3.277860 17.597141 17.597141 
820.500000 458 2.000000 0.515583 19.705200 -4.844156 0.536481 23.753656 23.753656 
820.500000 459 2.000000 0.156764 7.164158 3.135263 -3.366707 21.164586 21.164586 
820.500000 460 2.000000 0.000001 15.183861 2.030483 1.737393 7.141394 7.141394 
820.500000 461 2.000000 0.145710 16.518733 1.457086 1.808785 5.394804 5.394804 
820.500000 462 2.000000 0.320828 11.729159 -1.208409 4.591152 22.538928 22.538928 
820.500000 463 2.000000 0.095493 9.017607 -1.571231 0.298663 2.557967 2.557967 
820.500000 464 2.000000 0.481732 6.901698 3.211540 2.188568 15.103822 15.103822 
820.500000 465 2.000000 0.768820 5.721034 3.844095 -1.208625 16.237843 16.237843 
820.500000 466 2.000000 0.236582 12.433329 -1.940596 -2.097467 8.165284 8.165284 
820.500000 467 2.000000 0.114276 8.469084 -2.952408 -2.369487 14.331182 14.331182 
820.500000 468 2.000000 0.040415 6.735192 -3.198612 1.253190 11.801601 11.801601 
820.500000 469 2.000000 0.716341 2.444023 -0.540050 -3.219196 10.654879 10.654879 
820.500000 470 2.000000 0.564428 17.759563 1.612649 -2.987249 11.524290 11.524290 
820.500000 471 2.000000 0.342122 17.673775 -3.289383 -1.135107 12.108509 12.108509 
820.500000 472 2.000000 0.710920 14.138491 -5.781589 -2.859272 41.602205 41.602205 
820.500000 473 2.000000 0.611677 19.091635 -0.862938 -2.595325 7.480375 7.480375 
820.500000 474 2.000000 0.748703 0.009381 -0.514915 -0.572605 0.593014 0.593014 
820.500000 475 2.000000 0.527842 10.250538 3.518941 -4.869348 36.093501 36.093501 
820.500000 476 2.000000 0.000001 11.107586 3.346160 -2.667606 18.312912 18.312912 
820.500000 477 2.000000 0.999999 13.335577 -3.620983 0.825625 13.793173 13.793173 
820.500000 478 2.000000 0.232434 13.690552 4.648666 -2.056176 25.837958 25.837958 
820.500000 479 2.000000 0.670834 13.911546 0.745370 1.324829 2.310749 2.310749 
820.500000 480 2.000000 0.827348 4.363139 4.136735 10.907846 136.093684 136.093684 
820.500000 481 2.000000 0.638912 12.521808 0.491470 1.528676 2.578394 2.578394 
820.500000 482 2.000000 0.197158 2.558850 3.943144 -4.484121 35.655727 35.655727 
820.500000 483 2.000000 0.275198 11.125519 -2.416004 0.627425 6.230737 6.230737 
820.500000 484 2.000000 0.244883 1.144508 2.448819 4.578027 26.955049 26.955049 
820.500000 485 2.000000 0.718025 5.330198 -5.639471 -3.065996 41.203966 41.203966 
820.500000 486 2.000000 0.563060 6.464201 1.251243 1.431516 3.614846 3.614846 
820.500000 487 2.000000 0.000001 14.811464 4.508251 -2.767919 27.985704 27.985704 
820.500000 488 2.000000 0.136312 8.149558 2.726218 -1.185057 8.836624 8.836624 
820.500000 489 2.000000 0.999999 18.085025 -1.851082 -0.725487 3.952836 3.952836 
820.500000 490 2.000000 0.489348 10.167560 -5.106508 -0.082243 26.083190 26.083190 
820.500000 491 2.000000 0.999999 9.087045 -7.976294 4.297907 82.093265 82.093265 
820.500000 492 2.000000 0.845386 10.789502 -0.409664 0.004397 0.167844 0.167844 
820.500000 493 2.000000 0.878276 8.212454 4.391373 -0.977777 20.240203 20.240203 
820.500000 494 2.000000 0.212795 15.006258 -0.749718 -3.570719 13.312112 13.312112 
820.500000 495 2.000000 0.794459 0.397402 -4.110807 2.649337 23.917718 23.917718 
820.500000 496 2.000000 0.575637 0.898570 -4.243619 1.633762 20.677483 20.677483 
820.500000 497 2.000000 0.289265 12.977335 2.892644 1.827000 11.705320 11.705320 
820.500000 498 2.000000 0.933255 6.472069 3.110847 1.857402 13.127308 13.127308 
820.500000 499 2.000000 0.929137 15.847230 0.194855 1.480622 2.230209 2.230209 
820.500000 500 2.000000 0.847991 14.003034 4.239952 -0.576226 18.309233 18.309233 
