51.000000 1 2.000000 5.916996 11.075046 -1.025399 -0.434304 1.240063 1.240063 
51.000000 2 2.000000 10.185523 13.962612 0.050189 -0.943342 0.892413 0.892413 
51.000000 3 2.000000 13.450760 5.094533 0.500683 0.762515 0.832112 0.832112 
51.000000 4 2.000000 1.632420 6.386637 -0.551898 -0.334443 0.416443 0.416443 
51.000000 5 2.000000 14.331900 1.853013 -1.222158 -0.541195 1.786563 1.786563 
51.000000 6 2.000000 9.688367 15.306863 -0.928500 0.624439 1.252036 1.252036 
51.000000 7 2.000000 15.101492 6.002946 -0.459002 0.365328 0.344147 0.344147 
51.000000 8 2.000000 12.806530 11.267755 -0.878875 0.445605 0.970985 0.970985 
51.000000 9 2.000000 2.981514 3.011913 -0.245155 0.762509 0.641522 0.641522 
51.000000 10 2.000000 5.613915 7.021035 -0.830872 0.811680 1.349172 1.349172 
51.000000 11 2.000000 16.202011 4.513611 -1.016941 -1.182167 2.431688 2.431688 
51.000000 12 2.000000 8.884483 5.590846 -0.448627 1.045018 1.293329 1.293329 
51.000000 13 2.000000 14.711105 18.606900 0.810529 -0.299591 0.746712 0.746712 
51.000000 14 2.000000 9.116498 2.832227 -0.537144 0.172794 0.318381 0.318381 
51.000000 15 2.000000 2.213434 10.140917 -1.059955 0.322959 1.227807 1.227807 
51.000000 16 2.000000 14.023544 2.444561 0.435685 1.222280 1.683790 1.683790 
51.000000 17 2.000000 2.041111 5.435246 0.995664 0.090278 0.999496 0.999496 
51.000000 18 2.000000 0.050944 12.877222 1.018865 0.333175 1.149091 1.149091 
51.000000 19 2.000000 17.008129 15.981415 0.409527 -0.837205 0.868624 0.868624 
51.000000 20 2.000000 3.368438 17.274119 0.673687 -0.801729 1.096624 1.096624 
51.000000 21 2.000000 12.224873 14.404651 -1.682261 0.303961 2.922394 2.922394 
51.000000 22 2.000000 8.968793 17.908151 0.593960 0.365407 0.486311 0.486311 
51.000000 23 2.000000 0.935609 17.241805 0.231014 -0.297999 0.142171 0.142171 
51.000000 24 2.000000 10.391502 7.691799 -1.118352 -0.257225 1.316875 1.316875 
51.000000 25 2.000000 10.057771 16.503568 0.624251 0.093787 0.398485 0.398485 
51.000000 26 2.000000 2.073610 3.166162 -1.343175 -0.021055 1.804561 1.804561 
51.000000 27 2.000000 10.897667 13.349074 0.891819 0.007524 0.795398 0.795398 
51.000000 28 2.000000 2.865670 5.786975 -0.164392 -1.018855 1.065090 1.065090 
51.000000 29 2.000000 13.537367 17.918881 -0.295081 -1.124929 1.352538 1.352538 
51.000000 30 2.000000 1.786660 18.690863 -0.217492 0.151837 0.070357 0.070357 
51.000000 31 2.000000 0.422575 13.896869 0.845148 -0.639071 1.122686 1.122686 
51.000000 32 2.000000 12.073144 1.031024 0.503048 0.229116 0.305551 0.305551 
51.000000 33 2.000000 15.606452 5.902100 -0.729703 0.690304 1.008986 1.008986 
51.000000 34 2.000000 7.341150 5.493575 -0.233520 -0.653092 0.481060 0.481060 
51.000000 35 2.000000 15.670684 3.463280 -1.404465 0.393554 2.127408 2.127408 
51.000000 36 2.000000 15.796799 17.672848 0.926498 0.525978 1.135052 1.135052 
51.000000 37 2.000000 0.653403 13.484621 0.261361 -0.965241 1.000000 1.000000 
51.000000 38 2.000000 9.125826 19.161800 0.917168 -0.540773 1.133634 1.133634 
51.000000 39 2.000000 11.524539 10.960106 0.207408 0.060738 0.046707 0.046707 
51.000000 40 2.000000 9.473402 9.868567 0.350253 -1.374754 2.012626 2.012626 
51.000000 41 2.000000 12.052213 13.165825 0.071913 0.997411 1.000000 1.000000 
51.000000 42 2.000000 15.768337 2.030234 0.478172 0.700080 0.718761 0.718761 
51.000000 43 2.000000 7.026298 13.165429 -0.007434 1.230414 1.513974 1.513974 
51.000000 44 2.000000 7.481322 13.765644 -1.151755 0.022114 1.327030 1.327030 
51.000000 45 2.000000 17.585793 2.320278 0.879460 -0.628513 1.168478 1.168478 
51.000000 46 2.000000 0.974303 12.769499 -0.084175 0.686171 0.477917 0.477917 
51.000000 47 2.000000 15.608249 18.006007 -1.000255 0.529588 1.280973 1.280973 
51.000000 48 2.000000 12.611562 16.241240 0.885348 0.373278 0.923177 0.923177 
51.000000 49 2.000000 3.866013 0.842617 -1.606617 0.317968 2.682323 2.682323 
51.000000 50 2.000000 1.374769 15.398251 0.319714 0.808307 0.755577 0.755577 
51.000000 51 2.000000 13.047043 4.918751 -1.140188 1.014175 2.328581 2.328581 
51.000000 52 2.000000 7.965076 18.266979 0.665892 -1.019424 1.482636 1.482636 
51.000000 53 2.000000 6.533135 12.591880 0.907380 -0.926015 1.680841 1.680841 
51.000000 54 2.000000 9.346863 12.717694 -1.088016 -0.537440 1.472621 1.472621 
51.000000 55 2.000000 2.413738 5.528666 -0.897426 0.547393 1.105013 1.105013 
51.000000 56 2.000000 16.406609 16.987703 -0.320973 1.125013 1.368679 1.368679 
51.000000 57 2.000000 13.608555 4.036979 -1.225585 0.414049 1.673495 1.673495 
51.000000 58 2.000000 16.982986 1.029601 0.838666 1.144000 2.012097 2.012097 
51.000000 59 2.000000 3.104487 6.113371 -0.784011 0.393143 0.769234 0.769234 
51.000000 60 2.000000 5.035406 19.948442 -0.602076 0.158556 0.387636 0.387636 
51.000000 61 2.000000 6.976641 15.665847 -0.082289 1.132544 1.289428 1.289428 
51.000000 62 2.000000 17.594541 18.959152 0.034622 1.019309 1.040190 1.040190 
51.000000 63 2.000000 5.897553 12.706442 -0.150264 0.711845 0.529303 0.529303 
51.000000 64 2.000000 1.233551 2.090997 -0.044393 0.491999 0.244034 0.244034 
51.000000 65 2.000000 5.650467 15.138254 -0.521880 1.093015 1.467040 1.467040 
51.000000 66 2.000000 16.269836 11.361284 0.351043 -0.140765 0.143046 0.143046 
51.000000 67 2.000000 4.436467 12.265416 -0.888434 -0.556281 1.098763 1.098763 
51.000000 68 2.000000 15.722068 14.209393 0.998226 0.386650 1.145954 1.145954 
51.000000 69 2.000000 0.343686 7.740706 0.039516 -0.031126 0.002530 0.002530 
51.000000 70 2.000000 10.157916 17.956895 -0.332849 0.290645 0.195263 0.195263 
51.000000 71 2.000000 9.837330 10.416804 0.726002 0.315769 0.626789 0.626789 
51.000000 72 2.000000 0.130601 13.497981 0.870668 0.182885 0.791509 0.791509 
51.000000 73 2.000000 6.520253 6.189769 0.918345 0.967151 1.778740 1.778740 
51.000000 74 2.000000 13.863434 11.788332 1.195123 -0.005183 1.428347 1.428347 
51.000000 75 2.000000 5.428318 7.606766 -0.687590 0.451115 0.676285 0.676285 
51.000000 76 2.000000 13.903923 10.961175 -1.118020 0.300223 1.340102 1.340102 
51.000000 77 2.000000 8.189803 9.863503 -0.698348 -0.782741 1.100373 1.100373 
51.000000 78 2.000000 12.318925 3.833048 0.507997 0.861359 1.000000 1.000000 
51.000000 79 2.000000 12.225709 17.137110 0.500268 0.158821 0.275492 0.275492 
51.000000 80 2.000000 15.664012 17.222200 0.571868 0.544477 0.623488 0.623488 
51.000000 81 2.000000 8.044549 16.979862 0.048661 0.998815 1.000000 1.000000 
51.000000 82 2.000000 0.417051 13.502367 0.595785 0.233375 0.409424 0.409424 
51.000000 83 2.000000 0.441635 5.056680 0.552042 0.879422 1.078134 1.078134 
51.000000 84 2.000000 13.426321 11.753368 0.777139 -1.286213 2.258288 2.258288 
51.000000 85 2.000000 15.378886 3.395436 -0.282839 -1.378932 1.981452 1.981452 
51.000000 86 2.000000 10.889411 19.289318 0.548585 -0.836095 1.000000 1.000000 
51.000000 87 2.000000 3.623994 12.967506 0.873251 -0.603647 1.126958 1.126958 
51.000000 88 2.000000 13.411083 9.478620 -1.060179 0.843425 1.835347 1.835347 
51.000000 89 2.000000 7.425858 11.024221 -0.765883 -0.748498 1.146826 1.146826 
51.000000 90 2.000000 6.616889 1.965635 0.221263 0.623140 0.437260 0.437260 
51.000000 91 2.000000 17.851539 5.042240 -1.441063 -0.579764 2.412790 2.412790 
51.000000 92 2.000000 0.754199 12.520949 1.005597 -0.350884 1.134346 1.134346 
51.000000 93 2.000000 4.275441 12.795505 0.673298 0.589372 0.800689 0.800689 
51.000000 94 2.000000 0.094488 10.201978 -1.391343 -0.666572 2.380154 2.380154 
51.000000 95 2.000000 12.326232 18.318663 -1.151741 -0.022754 1.327025 1.327025 
51.000000 96 2.000000 0.057889 9.204455 0.385919 0.165921 0.176463 0.176463 
51.000000 97 2.000000 0.250925 15.079703 0.716926 -0.129481 0.530748 0.530748 
51.000000 98 2.000000 14.559640 9.321341 -0.680581 -1.119678 1.716870 1.716870 
51.000000 99 2.000000 4.534453 1.198965 0.285186 0.705273 0.578741 0.578741 
51.000000 100 2.000000 3.992948 9.137648 -0.892202 0.031899 0.797043 0.797043 
51.000000 101 2.000000 17.939486 4.069591 0.481538 1.057036 1.349204 1.349204 
51.000000 102 2.000000 0.341297 0.370557 0.853240 -1.029601 1.788097 1.788097 
51.000000 103 2.000000 2.048386 11.019234 -0.232869 0.101684 0.064567 0.064567 
51.000000 104 2.000000 15.105253 14.398900 0.280252 0.959927 1.000000 1.000000 
51.000000 105 2.000000 8.042993 11.348072 0.386418 -0.054307 0.152268 0.152268 
51.000000 106 2.000000 11.150856 10.900092 -0.004525 -0.999990 1.000000 1.000000 
51.000000 107 2.000000 9.090663 17.110948 -0.236234 0.974983 1.006398 1.006398 
51.000000 108 2.000000 16.244197 12.764511 -1.210776 -0.395382 1.622304 1.622304 
51.000000 109 2.000000 18.004588 19.119323 -1.186213 0.379321 1.550986 1.550986 
51.000000 110 2.000000 16.351651 12.917735 -0.872316 -1.089579 1.948118 1.948118 
51.000000 111 2.000000 17.792203 19.514326 -0.712490 -0.249063 0.569675 0.569675 
51.000000 112 2.000000 10.225208 9.464198 0.614127 -0.842864 1.087571 1.087571 
51.000000 113 2.000000 16.777719 6.406370 -0.394744 0.085582 0.163147 0.163147 
51.000000 114 2.000000 6.988176 7.610899 0.844194 -0.689882 1.188602 1.188602 
51.000000 115 2.000000 17.961507 15.112597 0.378410 1.062678 1.272479 1.272479 
51.000000 116 2.000000 10.078532 16.860193 0.191403 -0.713592 0.545849 0.545849 
51.000000 117 2.000000 15.225700 14.463397 -1.128884 -0.213768 1.320077 1.320077 
51.000000 118 2.000000 17.227281 6.508259 -0.131789 -0.643997 0.432101 0.432101 
51.000000 119 2.000000 8.222086 4.164167 -0.953341 0.197354 0.947807 0.947807 
51.000000 120 2.000000 10.124486 14.150079 -0.765645 -0.169697 0.615010 0.615010 
51.000000 121 2.000000 0.286782 5.739717 0.168695 1.650313 2.751990 2.751990 
51.000000 122 2.000000 15.835925 6.308965 0.565569 0.824701 1.000000 1.000000 
51.000000 123 2.000000 8.985318 2.342111 0.081874 0.996643 1.000000 1.000000 
51.000000 124 2.000000 15.469826 2.321282 -1.096030 -0.176592 1.232466 1.232466 
51.000000 125 2.000000 17.866332 13.537114 -0.298889 0.449553 0.291433 0.291433 
51.000000 126 2.000000 11.330150 17.467690 1.020734 0.327838 1.149376 1.149376 
51.000000 127 2.000000 11.268547 3.125025 -0.784533 0.113431 0.628359 0.628359 
51.000000 128 2.000000 8.510461 14.348887 -0.118822 -0.431383 0.200210 0.200210 
51.000000 129 2.000000 15.305151 3.943052 -1.236630 0.164637 1.556358 1.556358 
51.000000 130 2.000000 10.358332 1.927132 0.572283 0.820056 1.000000 1.000000 
51.000000 131 2.000000 6.218751 11.277349 0.472909 0.887980 1.012151 1.012151 
51.000000 132 2.000000 14.332314 10.055755 -0.895399 0.221981 0.851015 0.851015 
51.000000 133 2.000000 11.067066 18.424143 -0.116291 0.993215 1.000000 1.000000 
51.000000 134 2.000000 15.677926 2.380051 0.777395 -0.136071 0.622859 0.622859 
51.000000 135 2.000000 6.362765 5.060951 0.429917 -0.281681 0.264172 0.264172 
51.000000 136 2.000000 17.144125 17.084825 -1.450114 -0.988195 3.079360 3.079360 
51.000000 137 2.000000 11.500669 14.111653 0.432356 0.901703 1.000000 1.000000 
51.000000 138 2.000000 10.785945 8.252157 -1.027939 0.611271 1.430311 1.430311 
51.000000 139 2.000000 12.549476 19.844157 -0.629306 -0.111315 0.408417 0.408417 
51.000000 140 2.000000 17.594231 3.112312 0.134594 1.092039 1.210664 1.210664 
51.000000 141 2.000000 5.356765 0.835766 -0.642751 0.539203 0.703869 0.703869 
51.000000 142 2.000000 12.409105 11.801786 -1.565809 -0.026476 2.452459 2.452459 
51.000000 143 2.000000 10.828526 4.299289 -0.925543 0.527520 1.134906 1.134906 
51.000000 144 2.000000 13.970651 1.825629 0.594883 0.264584 0.423891 0.423891 
51.000000 145 2.000000 15.911796 1.348622 -0.568914 0.870078 1.080699 1.080699 
51.000000 146 2.000000 1.697533 16.496886 -0.066355 -1.401245 1.967891 1.967891 
51.000000 147 2.000000 10.010835 19.238604 0.817211 0.175311 0.698568 0.698568 
51.000000 148 2.000000 11.400154 18.027445 -0.762114 -0.789021 1.203372 1.203372 
51.000000 149 2.000000 3.985716 10.705432 0.895666 0.079146 0.808482 0.808482 
51.000000 150 2.000000 9.791331 5.110460 1.075970 0.007705 1.157771 1.157771 
51.000000 151 2.000000 2.696534 15.402506 -0.813839 0.508342 0.920746 0.920746 
51.000000 152 2.000000 12.391106 6.634632 -1.438221 0.069520 2.073311 2.073311 
51.000000 153 2.000000 9.638220 3.119131 0.841766 0.643120 1.122172 1.122172 
51.000000 154 2.000000 8.675028 7.321923 0.516371 0.856365 1.000000 1.000000 
51.000000 155 2.000000 12.558718 15.467607 -0.296978 -1.394582 2.033055 2.033055 
51.000000 156 2.000000 5.135002 3.289136 -0.750593 -0.101060 0.573603 0.573603 
51.000000 157 2.000000 14.554368 7.885401 -0.753843 0.436510 0.758821 0.758821 
51.000000 158 2.000000 12.563026 10.148840 1.073763 0.066854 1.157436 1.157436 
51.000000 159 2.000000 15.235168 4.750024 0.871144 0.486203 0.995286 0.995286 
51.000000 160 2.000000 5.009859 9.088768 -1.045887 -0.243554 1.153199 1.153199 
51.000000 161 2.000000 7.668889 4.211492 0.210395 -0.977617 1.000000 1.000000 
51.000000 162 2.000000 13.062352 8.681181 0.953882 0.170241 0.938872 0.938872 
51.000000 163 2.000000 8.818367 10.851405 0.340477 1.043404 1.204617 1.204617 
51.000000 164 2.000000 17.535187 14.875913 -0.657779 -0.813347 1.094206 1.094206 
51.000000 165 2.000000 5.029188 16.556661 0.210855 0.098040 0.054072 0.054072 
51.000000 166 2.000000 12.946418 1.148546 -1.021766 -0.159374 1.069405 1.069405 
51.000000 167 2.000000 2.876458 15.136700 -1.037034 -0.913400 1.909739 1.909739 
51.000000 168 2.000000 1.911329 14.056569 -0.963540 -0.460731 1.140682 1.140682 
51.000000 169 2.000000 3.554398 17.499069 0.273415 -0.961896 1.000000 1.000000 
51.000000 170 2.000000 11.508547 8.591736 0.924381 -0.529386 1.134730 1.134730 
51.000000 171 2.000000 17.047300 4.822967 0.878727 -0.596347 1.127790 1.127790 
51.000000 172 2.000000 14.591256 10.564832 1.053520 -0.210842 1.154359 1.154359 
51.000000 173 2.000000 14.290477 4.581731 0.407199 0.925602 1.022550 1.022550 
51.000000 174 2.000000 16.925438 17.751060 0.815684 -0.624705 1.055597 1.055597 
51.000000 175 2.000000 0.270447 2.431209 0.200330 -0.461578 0.253186 0.253186 
51.000000 176 2.000000 12.265035 18.201105 0.362255 -0.220723 0.179947 0.179947 
51.000000 177 2.000000 3.477427 11.691029 -0.405370 -0.944201 1.055840 1.055840 
51.000000 178 2.000000 8.324056 3.178215 0.096258 1.381832 1.918726 1.918726 
51.000000 179 2.000000 14.279832 0.624049 1.073672 0.068202 1.157422 1.157422 
51.000000 180 2.000000 5.018400 3.631764 -0.083263 -0.890453 0.799839 0.799839 
51.000000 181 2.000000 15.365391 2.218034 -0.984178 0.554508 1.276086 1.276086 
51.000000 182 2.000000 16.856954 16.001112 0.071738 0.896421 0.808717 0.808717 
51.000000 183 2.000000 17.832148 7.517983 -0.279949 -0.978982 1.036776 1.036776 
51.000000 184 2.000000 11.652426 6.949623 -0.698781 -1.078543 1.651550 1.651550 
51.000000 185 2.000000 6.855914 4.888048 0.514898 -0.408855 0.432282 0.432282 
51.000000 186 2.000000 4.173071 4.334709 -0.948749 -0.272970 0.974638 0.974638 
51.000000 187 2.000000 8.373056 19.709659 -0.032089 -0.276514 0.077490 0.077490 
51.000000 188 2.000000 7.596764 1.446724 0.926434 0.526081 1.135042 1.135042 
51.000000 189 2.000000 15.331928 6.808765 0.976556 -0.438976 1.146361 1.146361 
51.000000 190 2.000000 17.643197 0.706857 0.990911 0.642596 1.394834 1.394834 
51.000000 191 2.000000 4.267504 10.128948 0.627574 -0.009373 0.393937 0.393937 
51.000000 192 2.000000 11.974545 5.029423 0.723537 0.762034 1.104202 1.104202 
51.000000 193 2.000000 16.056235 7.406456 0.061732 1.148288 1.322375 1.322375 
51.000000 194 2.000000 17.476921 19.774754 0.232197 0.342488 0.171213 0.171213 
51.000000 195 2.000000 10.080984 2.241947 -1.123852 -0.235591 1.318547 1.318547 
51.000000 196 2.000000 5.700798 6.393918 1.055703 0.864043 1.861079 1.861079 
51.000000 197 2.000000 13.710880 18.188920 0.952144 -1.293628 2.580052 2.580052 
51.000000 198 2.000000 11.137282 3.595620 -0.618334 -0.016704 0.382617 0.382617 
51.000000 199 2.000000 16.087102 12.106205 1.237469 0.285328 1.612742 1.612742 
51.000000 200 2.000000 1.972898 11.270596 0.170520 0.570877 0.354978 0.354978 
51.000000 201 2.000000 8.297140 0.770952 -1.302352 0.497388 1.943514 1.943514 
51.000000 202 2.000000 0.169494 2.634979 -1.072249 0.086535 1.157206 1.157206 
51.000000 203 2.000000 8.524057 5.653896 0.823580 -0.664171 1.119408 1.119408 
51.000000 204 2.000000 2.985660 11.568066 -0.971519 -0.459506 1.154996 1.154996 
51.000000 205 2.000000 5.980666 16.276233 -1.172397 0.288830 1.457939 1.457939 
51.000000 206 2.000000 9.760476 13.666137 -0.950255 0.387087 1.052821 1.052821 
51.000000 207 2.000000 0.952972 8.883298 0.297804 -0.926866 0.947768 0.947768 
51.000000 208 2.000000 2.173632 0.067452 -1.401808 1.349011 3.784897 3.784897 
51.000000 209 2.000000 9.263171 10.654987 -0.989225 0.407456 1.144586 1.144586 
51.000000 210 2.000000 11.950402 19.016064 -1.129357 -0.211599 1.320220 1.320220 
51.000000 211 2.000000 8.158678 18.892385 0.495968 -0.738410 0.791233 0.791233 
51.000000 212 2.000000 14.818327 6.134041 1.337744 1.291377 3.457213 3.457213 
51.000000 213 2.000000 0.545309 0.480159 -0.424464 -1.209823 1.643840 1.643840 
51.000000 214 2.000000 0.381449 6.076577 0.953619 0.299339 0.998994 0.998994 
51.000000 215 2.000000 6.142919 19.386046 -0.331212 0.966885 1.044568 1.044568 
51.000000 216 2.000000 15.049886 13.061712 0.207161 0.577094 0.375953 0.375953 
51.000000 217 2.000000 4.385993 10.556503 1.056866 0.194686 1.154868 1.154868 
51.000000 218 2.000000 12.285668 5.229143 -1.127874 0.218336 1.319770 1.319770 
51.000000 219 2.000000 6.141728 10.883104 0.529459 -0.682913 0.746698 0.746698 
51.000000 220 2.000000 15.975130 14.708200 -1.055985 0.427564 1.297915 1.297915 
51.000000 221 2.000000 10.302820 17.363471 0.778466 0.799112 1.244589 1.244589 
51.000000 222 2.000000 14.690520 15.719362 -0.740391 -0.690425 1.024866 1.024866 
51.000000 223 2.000000 1.127496 12.736866 1.073805 -0.066220 1.157442 1.157442 
51.000000 224 2.000000 11.077400 9.371734 -1.088316 0.286770 1.266668 1.266668 
51.000000 225 2.000000 3.559560 18.518680 0.949216 0.487334 1.138505 1.138505 
51.000000 226 2.000000 15.374761 11.953279 0.420154 -0.006402 0.176571 0.176571 
51.000000 227 2.000000 17.556984 13.877939 1.259197 0.777104 2.189469 2.189469 
51.000000 228 2.000000 9.868769 18.335916 0.347376 -0.756401 0.692813 0.692813 
51.000000 229 2.000000 16.937471 18.434618 -0.573490 -0.193257 0.366239 0.366239 
51.000000 230 2.000000 15.697415 13.367690 -0.144233 -0.467965 0.239795 0.239795 
51.000000 231 2.000000 17.255600 6.188366 -0.258931 -1.233182 1.587782 1.587782 
51.000000 232 2.000000 6.226667 6.437716 -0.428021 0.379941 0.327557 0.327557 
51.000000 233 2.000000 0.580505 9.517863 0.109529 1.294947 1.688885 1.688885 
51.000000 234 2.000000 17.543940 3.616179 -0.044409 -0.999013 1.000000 1.000000 
51.000000 235 2.000000 5.376172 1.768589 -0.373120 0.803904 0.785480 0.785480 
51.000000 236 2.000000 7.914471 10.654872 -1.106161 -0.244414 1.283330 1.283330 
51.000000 237 2.000000 11.698833 18.316752 0.067209 -0.765112 0.589914 0.589914 
51.000000 238 2.000000 0.165066 4.148965 -0.479486 -1.214639 1.705254 1.705254 
51.000000 239 2.000000 2.046231 3.454370 -0.546437 -0.882434 1.077282 1.077282 
51.000000 240 2.000000 13.621970 19.213690 0.336041 -0.582451 0.452173 0.452173 
51.000000 241 2.000000 13.040167 3.775714 -0.029244 -0.867461 0.753345 0.753345 
51.000000 242 2.000000 8.726383 12.548081 -1.063892 0.440283 1.325715 1.325715 
51.000000 243 2.000000 7.019125 1.552855 -0.675162 0.913443 1.290223 1.290223 
51.000000 244 2.000000 3.561821 3.379163 -0.962097 -0.894053 1.724961 1.724961 
51.000000 245 2.000000 10.473252 2.678337 -0.712555 0.557987 0.819084 0.819084 
51.000000 246 2.000000 14.607783 7.856616 -1.084732 0.240796 1.234626 1.234626 
51.000000 247 2.000000 4.570139 14.228941 0.550619 0.810766 0.960523 0.960523 
51.000000 248 2.000000 10.871036 8.074416 0.324841 0.951500 1.010873 1.010873 
51.000000 249 2.000000 4.274993 5.187429 0.678570 0.798066 1.097367 1.097367 
51.000000 250 2.000000 5.728870 4.035174 -0.115736 -0.296246 0.101156 0.101156 
51.000000 251 2.000000 9.794623 7.527019 -1.016388 -0.317336 1.133746 1.133746 
51.000000 252 2.000000 17.412895 13.374989 1.061762 -0.168147 1.155612 1.155612 
51.000000 253 2.000000 17.191099 3.427734 0.053451 -0.406792 0.168336 0.168336 
51.000000 254 2.000000 9.419021 3.635102 -0.164599 -0.909161 0.853666 0.853666 
51.000000 255 2.000000 0.878613 1.506951 0.488118 -1.573454 2.714015 2.714015 
51.000000 256 2.000000 1.148649 0.840599 0.433452 -0.415367 0.360411 0.360411 
51.000000 257 2.000000 7.476137 8.248920 -0.484308 1.384779 2.152166 2.152166 
51.000000 258 2.000000 7.369299 1.129267 0.789841 -0.117316 0.637612 0.637612 
51.000000 259 2.000000 2.376293 12.524845 1.056130 0.198357 1.154756 1.154756 
51.000000 260 2.000000 14.281770 13.978251 -0.364573 0.891326 0.927376 0.927376 
51.000000 261 2.000000 12.390393 8.126263 0.218992 -0.298335 0.136961 0.136961 
51.000000 262 2.000000 3.300900 7.664233 -1.056654 -0.041868 1.118270 1.118270 
51.000000 263 2.000000 11.116035 1.412829 1.058670 -0.561184 1.435709 1.435709 
51.000000 264 2.000000 2.061784 9.611232 0.396497 -1.023524 1.204811 1.204811 
51.000000 265 2.000000 9.321845 3.976750 -1.137390 0.170310 1.322663 1.322663 
51.000000 266 2.000000 0.490859 5.134721 0.981716 -1.486528 3.173531 3.173531 
51.000000 267 2.000000 8.674594 11.476804 0.471007 0.843883 0.933985 0.933985 
51.000000 268 2.000000 8.451003 16.366093 -0.487653 0.452772 0.442807 0.442807 
51.000000 269 2.000000 7.952545 19.325839 -1.286314 0.795557 2.287516 2.287516 
51.000000 270 2.000000 0.340916 12.147867 -0.877442 -0.008777 0.769982 0.769982 
51.000000 271 2.000000 6.273119 5.917097 1.394026 -0.296919 2.031470 2.031470 
51.000000 272 2.000000 8.125928 0.401391 0.249599 -0.849249 0.783523 0.783523 
51.000000 273 2.000000 2.774421 5.140088 -0.459991 1.181629 1.607839 1.607839 
51.000000 274 2.000000 1.061059 4.100677 -1.355902 0.621315 2.224503 2.224503 
51.000000 275 2.000000 5.669405 15.953358 -0.938249 0.419226 1.056062 1.056062 
51.000000 276 2.000000 1.893528 3.079155 -0.695255 -0.785190 1.099903 1.099903 
51.000000 277 2.000000 1.437390 14.673266 -0.503138 0.726399 0.780804 0.780804 
51.000000 278 2.000000 16.696226 14.230700 -0.117593 0.329501 0.122399 0.122399 
51.000000 279 2.000000 9.357105 7.468250 0.495183 -0.378641 0.388575 0.388575 
51.000000 280 2.000000 6.262197 10.501110 0.185456 0.583283 0.374613 0.374613 
51.000000 281 2.000000 4.049813 17.271348 -1.007701 0.363225 1.147395 1.147395 
51.000000 282 2.000000 15.316043 6.517917 0.387332 0.682504 0.615838 0.615838 
51.000000 283 2.000000 14.190787 2.990852 -0.550743 0.261210 0.371549 0.371549 
51.000000 284 2.000000 6.273822 2.758470 0.605008 -0.973885 1.314487 1.314487 
51.000000 285 2.000000 14.846194 1.631929 1.133915 -0.364649 1.418731 1.418731 
51.000000 286 2.000000 8.411575 8.253550 -0.571173 0.868795 1.081042 1.081042 
51.000000 287 2.000000 17.338353 1.098927 -1.071780 -0.222281 1.198121 1.198121 
51.000000 288 2.000000 3.753432 3.808336 -0.020827 -0.067595 0.005003 0.005003 
51.000000 289 2.000000 9.284302 0.729128 -0.715537 0.486084 0.748272 0.748272 
51.000000 290 2.000000 16.247111 10.528711 -0.968712 -1.162121 2.288929 2.288929 
51.000000 291 2.000000 17.476366 7.223660 -0.654456 -1.091995 1.620765 1.620765 
51.000000 292 2.000000 6.590457 14.326286 -0.586878 -0.859653 1.083429 1.083429 
51.000000 293 2.000000 8.410525 11.768600 -0.577189 0.865338 1.081957 1.081957 
51.000000 294 2.000000 3.076699 6.403759 -0.810438 -0.317363 0.757530 0.757530 
51.000000 295 2.000000 7.022850 4.756753 -1.064898 0.669965 1.582860 1.582860 
51.000000 296 2.000000 8.550735 0.162979 -0.655615 0.814891 1.093877 1.093877 
51.000000 297 2.000000 12.374467 19.008683 -0.844742 -0.639559 1.122625 1.122625 
51.000000 298 2.000000 16.171773 16.193836 0.491543 1.068900 1.384162 1.384162 
51.000000 299 2.000000 7.829955 4.047808 0.543747 -0.946718 1.191935 1.191935 
51.000000 300 2.000000 8.081326 7.819618 1.099500 -0.358774 1.337619 1.337619 
51.000000 301 2.000000 1.942815 7.013594 -0.948688 -0.249287 0.962154 0.962154 
51.000000 302 2.000000 7.896644 6.575791 0.088627 -0.828532 0.694321 0.694321 
51.000000 303 2.000000 6.604340 17.769521 0.874747 0.628010 1.159579 1.159579 
51.000000 304 2.000000 1.572948 13.287239 -1.248323 -0.146033 1.579636 1.579636 
51.000000 305 2.000000 8.449886 3.242563 -0.962242 0.463223 1.140485 1.140485 
51.000000 306 2.000000 2.441277 12.053341 0.921236 -0.042028 0.850443 0.850443 
51.000000 307 2.000000 14.880391 4.971114 -1.048034 -0.443985 1.295498 1.295498 
51.000000 308 2.000000 8.630968 14.894167 -0.732896 0.802583 1.181277 1.181277 
51.000000 309 2.000000 9.661856 7.730998 -0.794770 0.546360 0.930168 0.930168 
51.000000 310 2.000000 11.990092 18.527182 0.173270 0.699139 0.518818 0.518818 
51.000000 311 2.000000 15.338644 0.937330 0.938143 0.506665 1.136822 1.136822 
51.000000 312 2.000000 3.849201 11.865350 -0.862008 0.207066 0.785935 0.785935 
51.000000 313 2.000000 13.231814 4.205138 0.426833 0.904331 1.000000 1.000000 
51.000000 314 2.000000 7.300843 15.564799 -0.258729 -0.482087 0.299348 0.299348 
51.000000 315 2.000000 0.763687 9.255654 -0.265429 0.964131 1.000000 1.000000 
51.000000 316 2.000000 12.920021 10.727000 -0.573623 0.090299 0.337197 0.337197 
51.000000 317 2.000000 5.872335 19.699840 -0.839952 0.402357 0.867410 0.867410 
51.000000 318 2.000000 3.347696 5.898483 0.984616 -1.242424 2.513087 2.513087 
51.000000 319 2.000000 0.058676 13.453803 -0.082658 0.996578 1.000000 1.000000 
51.000000 320 2.000000 5.290996 7.232482 -0.239596 0.478972 0.286821 0.286821 
51.000000 321 2.000000 6.872784 10.963166 0.865553 -0.323060 0.853549 0.853549 
51.000000 322 2.000000 0.891794 7.962499 -0.185453 -0.982653 1.000000 1.000000 
51.000000 323 2.000000 5.023060 7.628249 -0.907263 -0.403425 0.985877 0.985877 
51.000000 324 2.000000 0.482788 15.875948 -1.473038 0.224644 2.220305 2.220305 
51.000000 325 2.000000 11.996654 1.579497 1.012376 0.350999 1.148105 1.148105 
51.000000 326 2.000000 10.333625 12.337876 -0.172937 -0.108107 0.041594 0.041594 
51.000000 327 2.000000 0.588820 1.587366 0.981366 0.086036 0.970481 0.970481 
51.000000 328 2.000000 6.492365 10.196025 0.646414 -0.028141 0.418643 0.418643 
51.000000 329 2.000000 2.956231 15.792306 -0.817634 -0.001611 0.668528 0.668528 
51.000000 330 2.000000 10.167902 11.874884 0.010417 -0.667908 0.446210 0.446210 
51.000000 331 2.000000 3.918821 15.784850 -1.481181 -0.250157 2.256477 2.256477 
51.000000 332 2.000000 15.622009 14.577800 0.034811 0.911112 0.831338 0.831338 
51.000000 333 2.000000 11.861210 17.377495 -0.738654 0.521830 0.817917 0.817917 
51.000000 334 2.000000 7.231774 5.700339 1.008239 0.252612 1.080359 1.080359 
51.000000 335 2.000000 5.156248 15.307606 0.026753 0.496112 0.246843 0.246843 
51.000000 336 2.000000 11.632065 6.119991 -0.633364 -1.005798 1.412779 1.412779 
51.000000 337 2.000000 17.304992 1.246448 0.217593 0.040856 0.049016 0.049016 
51.000000 338 2.000000 16.341023 19.153812 -0.513786 0.440453 0.457975 0.457975 
51.000000 339 2.000000 3.789808 7.911786 -0.395699 0.947519 1.054370 1.054370 
51.000000 340 2.000000 4.711648 5.869306 0.923852 -0.530232 1.134650 1.134650 
51.000000 341 2.000000 12.080269 5.660878 1.015149 0.477711 1.258735 1.258735 
51.000000 342 2.000000 0.296418 6.839963 0.846904 0.169372 0.745934 0.745934 
51.000000 343 2.000000 3.038172 7.074748 -0.368357 1.032810 1.202383 1.202383 
51.000000 344 2.000000 8.200968 9.057121 -1.145981 0.109552 1.325274 1.325274 
51.000000 345 2.000000 13.983447 12.045320 -0.361695 -1.046668 1.226337 1.226337 
51.000000 346 2.000000 1.070111 18.945870 -1.230413 -0.658830 1.947974 1.947974 
51.000000 347 2.000000 6.141622 4.217011 -0.676088 0.664096 0.898119 0.898119 
51.000000 348 2.000000 16.362051 18.501332 -0.746312 0.635698 0.961093 0.961093 
51.000000 349 2.000000 2.560753 16.694019 -0.977469 0.401846 1.116927 1.116927 
51.000000 350 2.000000 3.688687 6.583323 1.024635 0.262807 1.118944 1.118944 
51.000000 351 2.000000 3.831165 7.342095 -0.483608 0.972463 1.179561 1.179561 
51.000000 352 2.000000 10.111901 5.837847 0.774858 -0.715260 1.112002 1.112002 
51.000000 353 2.000000 15.212997 7.114151 0.841928 0.268632 0.781006 0.781006 
51.000000 354 2.000000 12.755868 2.246521 -0.587858 -0.340687 0.461645 0.461645 
51.000000 355 2.000000 7.898360 6.359519 0.037341 -0.999303 1.000000 1.000000 
51.000000 356 2.000000 1.665914 10.674567 1.189938 0.790709 2.041172 2.041172 
51.000000 357 2.000000 5.514996 17.765661 0.602732 0.850032 1.085839 1.085839 
51.000000 358 2.000000 5.124663 9.503311 0.674298 -0.801274 1.096717 1.096717 
51.000000 359 2.000000 13.068524 12.983563 -1.111866 -0.935525 2.111452 2.111452 
51.000000 360 2.000000 6.812065 5.349931 -1.203796 0.578371 1.783638 1.783638 
51.000000 361 2.000000 16.803882 11.421809 0.012256 -1.234272 1.523577 1.523577 
51.000000 362 2.000000 3.442972 15.767727 0.740424 0.786420 1.166684 1.166684 
51.000000 363 2.000000 17.018029 11.565856 1.202687 1.014549 2.475766 2.475766 
51.000000 364 2.000000 0.521292 19.355415 -0.813393 0.795773 1.294864 1.294864 
51.000000 365 2.000000 2.805490 15.897007 -0.771667 0.697779 1.082366 1.082366 
51.000000 366 2.000000 17.340869 6.383005 1.179651 0.564868 1.710652 1.710652 
51.000000 367 2.000000 1.695086 7.158781 -0.056476 -1.200114 1.443463 1.443463 
51.000000 368 2.000000 0.709493 8.773241 -0.064247 -0.997934 1.000000 1.000000 
51.000000 369 2.000000 14.481458 5.984886 0.280208 -0.959939 1.000000 1.000000 
51.000000 370 2.000000 16.972112 15.817269 -0.909910 0.532866 1.111882 1.111882 
51.000000 371 2.000000 7.843099 3.462948 0.709783 -0.276288 0.580126 0.580126 
51.000000 372 2.000000 9.969469 6.674432 0.758813 -0.931745 1.443946 1.443946 
51.000000 373 2.000000 14.175328 4.176412 -0.782013 -0.375990 0.752913 0.752913 
51.000000 374 2.000000 11.065040 9.455870 -0.529015 -0.194074 0.317521 0.317521 
51.000000 375 2.000000 17.478380 13.294962 -0.136399 0.222937 0.068306 0.068306 
51.000000 376 2.000000 4.389151 1.039365 -0.629577 0.533007 0.680464 0.680464 
51.000000 377 2.000000 14.592246 16.817064 -0.031473 -1.157431 1.340637 1.340637 
51.000000 378 2.000000 1.695570 7.856660 0.175707 -0.959948 0.952372 0.952372 
51.000000 379 2.000000 13.297876 12.508879 -1.172315 0.191260 1.410903 1.410903 
51.000000 380 2.000000 17.989898 0.272131 0.099441 0.907100 0.832720 0.832720 
51.000000 381 2.000000 14.121315 15.707842 0.579833 0.421635 0.513982 0.513982 
51.000000 382 2.000000 1.397523 11.526416 0.195458 0.520380 0.308999 0.308999 
51.000000 383 2.000000 2.956361 11.153714 1.137062 0.537078 1.581361 1.581361 
51.000000 384 2.000000 6.509283 13.754246 -1.216849 0.062640 1.484644 1.484644 
51.000000 385 2.000000 15.800489 0.196088 0.395955 0.490218 0.397095 0.397095 
51.000000 386 2.000000 7.678500 12.853182 0.298438 0.440799 0.283369 0.283369 
51.000000 387 2.000000 13.630757 18.430927 -0.573349 -1.255257 1.904400 1.904400 
51.000000 388 2.000000 17.175593 7.276528 -0.328625 -0.967564 1.044175 1.044175 
51.000000 389 2.000000 16.131831 18.084519 -0.907790 -1.474059 2.996932 2.996932 
51.000000 390 2.000000 6.346404 16.031521 1.075662 -0.026016 1.157725 1.157725 
51.000000 391 2.000000 9.024558 4.256698 -1.282224 -1.212918 3.115270 3.115270 
51.000000 392 2.000000 16.374809 4.622389 -0.493997 0.486567 0.480781 0.480781 
51.000000 393 2.000000 6.974829 8.701928 -0.854563 0.083827 0.737305 0.737305 
51.000000 394 2.000000 15.036144 16.321884 0.463153 -0.429898 0.399322 0.399322 
51.000000 395 2.000000 4.144736 7.505177 -1.350949 0.495391 2.070477 2.070477 
51.000000 396 2.000000 4.451180 3.756880 -0.275728 0.683069 0.542609 0.542609 
51.000000 397 2.000000 15.895402 11.426331 -1.121298 1.304224 2.958309 2.958309 
51.000000 398 2.000000 0.363039 12.181814 1.452153 0.457480 2.318036 2.318036 
51.000000 399 2.000000 6.909271 12.561773 0.770040 0.790660 1.218104 1.218104 
51.000000 400 2.000000 16.968644 10.785296 0.024794 1.609746 2.591895 2.591895 
51.000000 401 2.000000 6.833652 2.170906 0.828321 -0.706525 1.185293 1.185293 
51.000000 402 2.000000 2.405819 1.495663 -0.204196 1.246385 1.595172 1.595172 
51.000000 403 2.000000 8.297423 2.860962 -0.428550 -0.469446 0.404035 0.404035 
51.000000 404 2.000000 13.653712 15.808005 -0.199476 -0.986352 1.012680 1.012680 
51.000000 405 2.000000 10.772699 11.848977 1.174671 0.352935 1.504414 1.504414 
51.000000 406 2.000000 7.784128 12.297956 -0.179070 0.983836 1.000000 1.000000 
51.000000 407 2.000000 6.469007 8.077482 1.035041 0.041293 1.073015 1.073015 
51.000000 408 2.000000 9.597360 10.934796 -0.699300 0.736350 1.031231 1.031231 
51.000000 409 2.000000 10.187587 1.352530 -0.134048 -0.510246 0.278320 0.278320 
51.000000 410 2.000000 1.767571 15.562312 0.135170 -1.344754 1.826633 1.826633 
51.000000 411 2.000000 13.088619 17.758841 -0.705568 0.263344 0.567176 0.567176 
51.000000 412 2.000000 12.215770 2.045126 1.437149 -0.062561 2.069312 2.069312 
51.000000 413 2.000000 2.307689 0.845404 0.734959 0.309942 0.636228 0.636228 
51.000000 414 2.000000 5.406965 5.024400 1.001290 -0.522551 1.275641 1.275641 
51.000000 415 2.000000 7.944987 7.098069 -0.547673 -0.607150 0.668577 0.668577 
51.000000 416 2.000000 11.295500 11.128022 0.986506 0.803467 1.618754 1.618754 
51.000000 417 2.000000 5.440326 16.501036 1.121717 0.407433 1.424250 1.424250 
51.000000 418 2.000000 5.053680 14.669793 1.031363 0.341976 1.180657 1.180657 
51.000000 419 2.000000 0.552994 5.441536 -0.250620 0.552440 0.368001 0.368001 
51.000000 420 2.000000 15.047647 16.469116 0.395272 1.009818 1.175973 1.175973 
51.000000 421 2.000000 13.180634 10.668929 -1.110828 0.265727 1.304548 1.304548 
51.000000 422 2.000000 14.925540 19.987432 0.447338 -0.251338 0.263282 0.263282 
51.000000 423 2.000000 13.641980 1.822582 1.019413 -0.749886 1.601532 1.601532 
51.000000 424 2.000000 1.389427 11.046285 -0.829898 0.977547 1.644330 1.644330 
51.000000 425 2.000000 17.878243 13.621093 -0.446347 -1.020281 1.240198 1.240198 
51.000000 426 2.000000 8.671944 19.645486 0.837869 -0.373172 0.841281 0.841281 
51.000000 427 2.000000 10.151426 7.356041 -0.446501 1.565115 2.648948 2.648948 
51.000000 428 2.000000 9.908627 14.014136 1.446515 -0.208089 2.135706 2.135706 
51.000000 429 2.000000 1.355684 1.588522 0.321069 0.756438 0.675285 0.675285 
51.000000 430 2.000000 17.539507 0.331601 1.144612 0.170051 1.339054 1.339054 
51.000000 431 2.000000 17.728563 14.973770 -0.803630 0.333682 0.757165 0.757165 
51.000000 432 2.000000 4.608534 2.155683 0.781107 0.898201 1.416893 1.416893 
51.000000 433 2.000000 16.359277 1.154950 0.696139 -0.717907 1.000000 1.000000 
51.000000 434 2.000000 7.469939 0.934048 0.624376 -1.103422 1.607386 1.607386 
51.000000 435 2.000000 15.365171 4.383883 1.643334 -0.788693 3.322582 3.322582 
51.000000 436 2.000000 10.316561 15.051432 0.176924 1.213825 1.504674 1.504674 
51.000000 437 2.000000 9.068313 6.883274 -0.035287 -0.061732 0.005056 0.005056 
51.000000 438 2.000000 7.592702 10.355441 0.898545 0.981558 1.770839 1.770839 
51.000000 439 2.000000 2.100507 9.047031 -0.299323 -0.776926 0.693208 0.693208 
51.000000 440 2.000000 3.961881 2.954662 -0.814463 1.313183 2.387800 2.387800 
51.000000 441 2.000000 13.991464 6.607186 -0.592142 -1.005500 1.361664 1.361664 
51.000000 442 2.000000 14.163110 17.310649 -1.151968 -0.007977 1.327094 1.327094 
51.000000 443 2.000000 16.978459 10.066183 -0.266114 0.444659 0.268539 0.268539 
51.000000 444 2.000000 1.269548 3.678585 0.551977 -0.792302 0.932421 0.932421 
51.000000 445 2.000000 6.615483 8.535129 -0.849810 -0.633418 1.123395 1.123395 
51.000000 446 2.000000 10.179768 13.581603 0.862692 0.617346 1.125353 1.125353 
51.000000 447 2.000000 1.930923 15.667485 -0.575600 0.813895 0.993741 0.993741 
51.000000 448 2.000000 9.675402 16.908536 -0.528162 -0.279354 0.356994 0.356994 
51.000000 449 2.000000 17.908590 4.695359 0.727728 -0.171370 0.558956 0.558956 
51.000000 450 2.000000 3.148805 9.554628 0.886987 -0.264370 0.856638 0.856638 
51.000000 451 2.000000 4.094877 7.283527 0.810866 -0.678212 1.117476 1.117476 
51.000000 452 2.000000 6.572659 16.679479 -1.019995 0.329960 1.149263 1.149263 
51.000000 453 2.000000 13.705355 17.547829 -1.199772 -0.681158 1.903429 1.903429 
51.000000 454 2.000000 15.014235 16.095177 0.030799 1.196667 1.432961 1.432961 
51.000000 455 2.000000 6.255207 17.803500 -0.208426 0.431077 0.229269 0.229269 
51.000000 456 2.000000 0.033038 5.006643 -0.548208 -0.580550 0.637571 0.637571 
51.000000 457 2.000000 8.813697 19.183563 0.699500 0.755258 1.059715 1.059715 
51.000000 458 2.000000 13.963519 17.818273 -0.234334 -1.283369 1.701947 1.701947 
51.000000 459 2.000000 4.743061 13.720263 -0.551115 -0.878285 1.075112 1.075112 
51.000000 460 2.000000 8.560004 18.629360 0.575650 0.789725 0.955039 0.955039 
51.000000 461 2.000000 0.764084 12.628705 -0.578389 0.973938 1.283089 1.283089 
51.000000 462 2.000000 0.320352 13.343246 1.067837 0.127513 1.156535 1.156535 
51.000000 463 2.000000 1.927239 19.474302 0.727260 0.321721 0.632411 0.632411 
51.000000 464 2.000000 17.694974 14.668381 -1.086642 -0.498282 1.429076 1.429076 
51.000000 465 2.000000 2.597381 16.272017 0.371694 -0.997483 1.133129 1.133129 
51.000000 466 2.000000 10.413827 10.435760 -1.031269 0.259278 1.130741 1.130741 
51.000000 467 2.000000 18.051193 4.435634 1.040415 -0.264395 1.152367 1.152367 
51.000000 468 2.000000 9.217104 6.121159 -1.142113 0.112705 1.317125 1.317125 
51.000000 469 2.000000 6.984536 8.567120 -0.440741 -0.869420 0.950145 0.950145 
51.000000 470 2.000000 1.163939 6.925219 -0.316298 0.948660 1.000000 1.000000 
51.000000 471 2.000000 1.349655 17.027074 1.173612 0.575423 1.708478 1.708478 
51.000000 472 2.000000 6.719787 16.653929 0.914257 -0.329662 0.944542 0.944542 
51.000000 473 2.000000 12.418416 19.144647 -1.060500 -0.130107 1.141589 1.141589 
51.000000 474 2.000000 14.393144 15.616687 -0.611259 -0.130740 0.390730 0.390730 
51.000000 475 2.000000 4.387504 15.818358 0.145501 0.568595 0.344471 0.344471 
51.000000 476 2.000000 15.788071 9.030878 -0.896086 -0.412373 0.973022 0.973022 
51.000000 477 2.000000 7.819928 12.751827 1.002555 0.376160 1.146612 1.146612 
51.000000 478 2.000000 7.387246 5.248356 0.364086 -1.139123 1.430160 1.430160 
51.000000 479 2.000000 4.021845 14.244223 0.105598 1.104203 1.230416 1.230416 
51.000000 480 2.000000 2.764553 15.455955 -1.164079 -0.674197 1.809621 1.809621 
51.000000 481 2.000000 15.945625 4.363737 0.386919 -1.182365 1.547694 1.547694 
51.000000 482 2.000000 2.861302 19.356700 0.070151 -0.221827 0.054129 0.054129 
51.000000 483 2.000000 1.787695 13.180223 -0.811329 -0.278834 0.736004 0.736004 
51.000000 484 2.000000 10.683623 3.087894 -0.299755 1.029298 1.149306 1.149306 
51.000000 485 2.000000 11.325808 10.945690 0.917158 -0.867621 1.593945 1.593945 
51.000000 486 2.000000 6.305681 5.767395 -0.808906 -1.196017 2.084786 2.084786 
51.000000 487 2.000000 8.312132 3.135355 0.335167 -0.942159 1.000000 1.000000 
51.000000 488 2.000000 15.972239 4.446503 -0.289778 0.766638 0.671706 0.671706 
51.000000 489 2.000000 3.233194 0.505707 1.469633 -0.251383 2.223016 2.223016 
51.000000 490 2.000000 10.443860 4.118849 0.953777 -0.479069 1.139198 1.139198 
51.000000 491 2.000000 4.609870 5.575453 0.242353 -1.101509 1.272057 1.272057 
51.000000 492 2.000000 1.846124 19.339388 -1.222981 -0.600556 1.856349 1.856349 
51.000000 493 2.000000 2.083676 0.552054 -0.366457 1.226785 1.639292 1.639292 
51.000000 494 2.000000 5.652086 10.733792 0.023692 -0.119150 0.014758 0.014758 
51.000000 495 2.000000 4.513015 9.498203 0.791757 0.317666 0.727790 0.727790 
51.000000 496 2.000000 14.314413 16.945575 0.223666 1.122223 1.309412 1.309412 
51.000000 497 2.000000 16.614940 3.194829 0.741738 -0.792697 1.178544 1.178544 
51.000000 498 2.000000 4.661619 5.779315 -1.258508 -0.162215 1.610155 1.610155 
51.000000 499 2.000000 4.242468 14.555534 -0.673381 0.801958 1.096578 1.096578 
51.000000 500 2.000000 16.925828 12.135609 -0.911977 -0.649950 1.254137 1.254137 
